#      distance             U_x             U_y             U_z wallShearStr... wallShearStr... wallShearStr...               p
  3.0219182e-06     0.001628915    8.388396e-10  -6.6156349e-24               0               0               0   3.5699654e-05
  5.0865428e-06     0.002742853   2.1288551e-09  -2.8099396e-24               0               0               0   3.5699722e-05
  7.2269684e-06    0.0038976655   4.1937871e-09  -7.2419724e-24               0               0               0   3.5699791e-05
  9.4750924e-06    0.0051105619   7.1497845e-09  -1.0861797e-23               0               0               0   3.5699862e-05
  1.1864417e-05     0.006399617   1.1161607e-08  -4.6699748e-24               0               0               0   3.5699936e-05
  1.4430548e-05    0.0077840405   1.6468198e-08   1.4984951e-23               0               0               0   3.5700016e-05
  1.7211727e-05    0.0092844633   2.3387923e-08   2.4574986e-23               0               0               0   3.5700103e-05
  2.0249401e-05     0.010923245   3.2335033e-08   4.9125933e-24               0               0               0   3.5700197e-05
  2.3588836e-05     0.012724806   4.3844639e-08   -7.254583e-24               0               0               0   3.5700301e-05
  2.7279799e-05     0.014715993    5.860504e-08  -3.6272915e-24               0               0               0   3.5700416e-05
  3.1377293e-05     0.016926479   7.7498947e-08               0               0               0               0   3.5700544e-05
  3.5942381e-05     0.019389203    1.016562e-07   1.9640818e-23               0               0               0   3.5700686e-05
  4.1043091e-05     0.022140861   1.3252129e-07   2.9458075e-23               0               0               0   3.5700845e-05
  4.6755437e-05     0.025222455    1.719396e-07   4.0927937e-23               0               0               0   3.5701023e-05
  5.3164546e-05     0.028679898   2.2226768e-07   4.6661027e-23               0               0               0   3.5701223e-05
  6.0365928e-05     0.032564703   2.8651392e-07  -1.0579607e-22               0               0               0   3.5701447e-05
    6.84669e-05      0.03693474   3.6851808e-07  -2.2045495e-22               0               0               0   3.5701699e-05
  7.7588184e-05     0.041855097   4.7318037e-07  -1.2668916e-22               0               0               0   3.5701983e-05
   8.786571e-05     0.047399043   6.0675351e-07   5.2178629e-23               0               0               0   3.5702302e-05
  9.9452634e-05     0.053649104   7.7721517e-07   2.3830458e-22               0               0               0   3.5702662e-05
  0.00011252163     0.060698273   9.9474259e-07   3.7197085e-23               0               0               0   3.5703067e-05
  0.00012726745     0.068651356    1.272317e-06  -1.4227034e-22               0               0               0   3.5703524e-05
  0.00014390985     0.077626481   1.6264934e-06  -2.0922102e-23               0               0               0   3.5704039e-05
  0.00016269684     0.087756762   2.0783785e-06   1.4904962e-22               0               0               0   3.5704618e-05
  0.00018390838     0.099192126    2.654874e-06   1.1677783e-21               0               0               0    3.570527e-05
  0.00020786057       0.1121013   3.3902513e-06   1.4534287e-21               0               0               0   3.5706002e-05
  0.00023491035      0.12667392   4.3281433e-06   4.3470003e-22               0               0               0   3.5706822e-05
  0.00026546084       0.1431227   5.5240512e-06               0               0               0               0   3.5707739e-05
   0.0002999673       0.1616855   7.0484856e-06               0               0               0               0   3.5708759e-05
  0.00033894396      0.18262719   8.9908651e-06   -9.406501e-22               0               0               0   3.5709886e-05
  0.00038297165      0.20624073   1.1464304e-05  -1.8813002e-21               0               0               0   3.5711118e-05
  0.00043270649      0.23284699   1.4611403e-05   4.6014585e-21               0               0               0   3.5712446e-05
  0.00048888965      0.26279225   1.8611048e-05   8.8087718e-21               0               0               0   3.5713842e-05
  0.00055235838      0.29644161   2.3685793e-05   3.2666631e-21               0               0               0   3.5715248e-05
   0.0006240585      0.33416576   3.0108303e-05               0               0               0               0   3.5716557e-05
  0.00070505852      0.37631716    3.820504e-05   2.2384704e-21               0               0               0   3.5717588e-05
  0.00079656552      0.42318974   4.8375494e-05   4.4769408e-21               0               0               0   3.5718053e-05
  0.00089994316      0.47495413   6.1066698e-05   2.2384704e-21               0               0               0   3.5717473e-05
    0.001016732      0.53155898   7.6732015e-05               0               0               0               0   3.5715084e-05
   0.0011486725      0.59258974   9.5796606e-05   8.4310811e-21               0               0               0   3.5709697e-05
   0.0012977308      0.65708494    0.0001185389  -5.2042071e-21               0               0               0   3.5699527e-05
   0.0014661282      0.72333394   0.00014489913  -2.6566326e-20               0               0               0   3.5682035e-05
   0.0016563743      0.78872945    0.0001742329  -2.1009709e-20               0               0               0   3.5653849e-05
   0.0018713042      0.84981996    0.0002050826   -1.214818e-20               0               0               0   3.5610965e-05
   0.0021141207      0.90275814   0.00023519479  -4.0695084e-21               0               0               0   3.5549243e-05
   0.0023884425      0.94425363   0.00026120855  -2.0376524e-21               0               0               0   3.5463332e-05
   0.0026983575      0.97279125   0.00028089815   3.3508808e-21               0               0               0    3.534498e-05
   0.0030484842      0.98940457   0.00029322042  -1.2387623e-20               0               0               0   3.5188373e-05
   0.0034440402      0.99723666   0.00029909148  -2.8769057e-20               0               0               0   3.4997479e-05
   0.0038909203        1.000066   0.00030099889  -1.0992901e-20               0               0               0    3.478101e-05
    0.004395784       1.0008303   0.00030145859   7.5393276e-21               0               0               0   3.4543039e-05
   0.0049661549       1.0010224   0.00030123873  -4.9563776e-21               0               0               0   3.4282938e-05
   0.0056105328        1.001109   0.00030085182  -2.3407075e-20               0               0               0   3.3998969e-05
   0.0063385204       1.0011817   0.00030041044   3.3543888e-21               0               0               0   3.3689509e-05
   0.0071609664       1.0012466   0.00029996585    2.267527e-20               0               0               0   3.3353352e-05
   0.0080901272       1.0012967   0.00029940915   2.4932585e-20               0               0               0   3.2989946e-05
   0.0091398493       1.0013291   0.00029887247   2.4303991e-20               0               0               0   3.2599343e-05
    0.010325776       1.0013455   0.00029823561   9.9904458e-21               0               0               0   3.2182062e-05
     0.01166558        1.001351   0.00029753615   2.2095304e-21               0               0               0   3.1737594e-05
    0.013179228       1.0013516   0.00029683265   6.0810446e-21               0               0               0    3.126343e-05
    0.014889277       1.0013511   0.00029597044   8.2211306e-21               0               0               0   3.0756935e-05
    0.016821209       1.0013506   0.00029519188   1.3004635e-20               0               0               0   3.0218626e-05
    0.019003816       1.0013501   0.00029427405   1.6570837e-20               0               0               0   2.9649985e-05
    0.021469624       1.0013496   0.00029338636   9.8054371e-21               0               0               0   2.9051063e-05
    0.024255377       1.0013491   0.00029235475    5.803503e-21               0               0               0   2.8420603e-05
    0.027402591       1.0013487   0.00029142654   1.7043462e-21               0               0               0   2.7760132e-05
    0.030958166       1.0013482   0.00029026178               0               0               0               0   2.7078304e-05
    0.034975088       1.0013475   0.00028909668               0               0               0               0   2.6383994e-05
    0.039513219       1.0013463   0.00028778069   7.8931785e-22               0               0               0   2.5680271e-05
    0.044640187       1.0013445    0.0002863217    1.183853e-21               0               0               0   2.4971168e-05
    0.050432395       1.0013421   0.00028477013   3.9453374e-22               0               0               0    2.427069e-05
    0.056976161       1.0013393   0.00028311453               0               0               0               0   2.3596124e-05
    0.064369002       1.0013357   0.00028134291               0               0               0               0   2.2957057e-05
    0.072721087       1.0013313   0.00027942449               0               0               0               0   2.2356635e-05
    0.082156882       1.0013255    0.0002773824               0               0               0               0   2.1805826e-05
    0.092817002       1.0013182   0.00027512214               0               0               0               0   2.1318957e-05
