/*--------------------------------*- C++ -*----------------------------------*\
  =========                 |
  \\      /  F ield         | OpenFOAM: The Open Source CFD Toolbox
   \\    /   O peration     | Website:  https://openfoam.org
    \\  /    A nd           | Version:  12
     \\/     M anipulation  |
\*---------------------------------------------------------------------------*/
FoamFile
{
    format      ascii;
    class       volScalarField;
    location    "400";
    object      epsilon;
}
// * * * * * * * * * * * * * * * * * * * * * * * * * * * * * * * * * * * * * //

dimensions      [0 2 -3 0 0 0 0];

internalField   nonuniform List<scalar> 
1752
(
7.2579055e-05
7.0633795e-05
6.8713528e-05
6.683412e-05
6.5000698e-05
6.3214794e-05
6.1465745e-05
5.9747218e-05
5.805488e-05
5.6387001e-05
5.4743387e-05
5.31239e-05
5.1529377e-05
4.9960503e-05
4.8417077e-05
4.6898771e-05
4.5405533e-05
4.3937487e-05
4.2494816e-05
4.1077699e-05
3.9686262e-05
3.8320562e-05
3.6980628e-05
3.5666512e-05
3.4378319e-05
3.3116202e-05
3.1880326e-05
3.0670838e-05
2.9487853e-05
2.833146e-05
2.7201737e-05
2.6098755e-05
2.5022584e-05
2.3973288e-05
2.2950914e-05
2.1955506e-05
2.0987034e-05
2.0045543e-05
7.4487858e-05
7.2552635e-05
7.0631249e-05
6.8742532e-05
6.6908568e-05
6.5119134e-05
6.3363733e-05
6.1635725e-05
5.9931516e-05
5.8249668e-05
5.6590173e-05
5.4953087e-05
5.333918e-05
5.1749351e-05
5.0183688e-05
4.8641919e-05
4.7123979e-05
4.5630036e-05
4.4160356e-05
4.2715201e-05
4.1294775e-05
3.9899211e-05
3.8528612e-05
3.7183094e-05
3.5862829e-05
3.4568033e-05
3.3298938e-05
3.2055761e-05
3.0838686e-05
2.9647873e-05
2.8483465e-05
2.7345603e-05
2.6234425e-05
2.5150062e-05
2.409263e-05
2.306223e-05
2.2058914e-05
2.1082746e-05
7.6381346e-05
7.4459799e-05
7.2537955e-05
7.0650015e-05
6.8818094e-05
6.7026431e-05
6.526495e-05
6.3527957e-05
6.1812538e-05
6.0117564e-05
5.8443181e-05
5.6789624e-05
5.5157576e-05
5.3548006e-05
5.1961269e-05
5.0397207e-05
4.8855742e-05
4.7337046e-05
4.5841442e-05
4.4369264e-05
4.2920794e-05
4.1496242e-05
4.0095779e-05
3.8719592e-05
3.7367913e-05
3.604102e-05
3.4739211e-05
3.3462771e-05
3.2211957e-05
3.0986999e-05
2.978811e-05
2.86155e-05
2.7469377e-05
2.6349942e-05
2.5257382e-05
2.419186e-05
2.3153501e-05
2.2142422e-05
7.8254119e-05
7.6347378e-05
7.4427686e-05
7.2551396e-05
7.0722354e-05
6.892873e-05
6.7161837e-05
6.5416842e-05
6.3691337e-05
6.1984481e-05
6.0296568e-05
5.8627994e-05
5.6979362e-05
5.5351599e-05
5.3745246e-05
5.21603e-05
5.059669e-05
4.9054579e-05
4.7534313e-05
4.6036291e-05
4.4560868e-05
4.3108333e-05
4.1678932e-05
4.0272915e-05
3.889058e-05
3.7532266e-05
3.6198338e-05
3.4889152e-05
3.3605038e-05
3.2346299e-05
3.111322e-05
2.9906084e-05
2.872517e-05
2.7570752e-05
2.6443088e-05
2.5342411e-05
2.4268917e-05
2.3222788e-05
8.0102207e-05
7.8206939e-05
7.6295843e-05
7.4434922e-05
7.261178e-05
7.0818127e-05
6.9047363e-05
6.7295826e-05
6.5561777e-05
6.3844713e-05
6.2145043e-05
6.0463261e-05
5.87999e-05
5.7155774e-05
5.5531524e-05
5.3927306e-05
5.2343099e-05
5.0779051e-05
4.923552e-05
4.7712955e-05
4.6211783e-05
4.4732371e-05
4.3275043e-05
4.184012e-05
4.0427966e-05
3.9038984e-05
3.7673609e-05
3.6332267e-05
3.5015367e-05
3.3723287e-05
3.245639e-05
3.1215033e-05
2.9999567e-05
2.8810343e-05
2.7647692e-05
2.651192e-05
2.5403296e-05
2.432207e-05
8.1923113e-05
8.0032439e-05
7.8140951e-05
7.6297247e-05
7.4482095e-05
7.2689677e-05
7.0916138e-05
6.9159482e-05
6.7418707e-05
6.5693498e-05
6.3984214e-05
6.2291334e-05
6.0615319e-05
5.8956851e-05
5.7316595e-05
5.5694855e-05
5.4091695e-05
5.2507269e-05
5.0941944e-05
4.9396205e-05
4.787055e-05
4.6365428e-05
4.4881243e-05
4.3418394e-05
4.1977313e-05
4.0558474e-05
3.9162382e-05
3.778954e-05
3.6440435e-05
3.5115526e-05
3.3815256e-05
3.2540057e-05
3.1290362e-05
3.0066594e-05
2.886916e-05
2.7698444e-05
2.6554789e-05
2.5438517e-05
8.3714467e-05
8.1836586e-05
7.9972276e-05
7.8148464e-05
7.633603e-05
7.4541314e-05
7.2764298e-05
7.1003713e-05
6.9258294e-05
6.752731e-05
6.5810805e-05
6.4109093e-05
6.2422591e-05
6.0751858e-05
5.9097545e-05
5.7460075e-05
5.5839624e-05
5.423639e-05
5.2650747e-05
5.1083218e-05
4.9534366e-05
4.8004722e-05
4.6494778e-05
4.5005013e-05
4.3535935e-05
4.2088092e-05
4.0662061e-05
3.9258428e-05
3.787776e-05
3.65206e-05
3.5187473e-05
3.3878894e-05
3.259537e-05
3.1337405e-05
3.0105484e-05
2.8900067e-05
2.7721574e-05
2.6570402e-05
8.5473046e-05
8.3646816e-05
8.1815699e-05
7.9994956e-05
7.8172409e-05
7.63698e-05
7.4588632e-05
7.2825784e-05
7.107815e-05
6.9343919e-05
6.7622598e-05
6.5914313e-05
6.421943e-05
6.2538433e-05
6.0871943e-05
5.9220479e-05
5.7584347e-05
5.5963815e-05
5.4359285e-05
5.2771317e-05
5.1200533e-05
4.9647548e-05
4.8112944e-05
4.6597288e-05
4.5101167e-05
4.3625206e-05
4.2170061e-05
4.0736399e-05
3.932487e-05
3.7936104e-05
3.6570712e-05
3.5229288e-05
3.3912423e-05
3.2620698e-05
3.1354676e-05
3.0114897e-05
2.8901855e-05
2.7716028e-05
8.7197078e-05
8.5456202e-05
8.3662535e-05
8.1823025e-05
7.9980368e-05
7.816915e-05
7.638638e-05
7.4624259e-05
7.2877154e-05
7.1142134e-05
6.9418167e-05
6.7705396e-05
6.6004044e-05
6.4314588e-05
6.2637636e-05
6.0973783e-05
5.9323464e-05
5.7687043e-05
5.6064973e-05
5.445785e-05
5.2866357e-05
5.129119e-05
4.973302e-05
4.8192505e-05
4.6670317e-05
4.516716e-05
4.3683771e-05
4.2220897e-05
4.0779276e-05
3.9359624e-05
3.7962636e-05
3.6588992e-05
3.5239363e-05
3.3914408e-05
3.2614771e-05
3.1341067e-05
3.0093871e-05
2.8873734e-05
8.8886635e-05
8.7218298e-05
8.5446155e-05
8.3597091e-05
8.1744964e-05
7.993428e-05
7.8156167e-05
7.6398749e-05
7.4654905e-05
7.2921258e-05
7.1196531e-05
6.9480968e-05
6.7774764e-05
6.6078393e-05
6.4392474e-05
6.2717661e-05
6.1054511e-05
5.9403497e-05
5.7765138e-05
5.6140077e-05
5.4529053e-05
5.2932838e-05
5.1352194e-05
4.978787e-05
4.8240622e-05
4.6711236e-05
4.5200529e-05
4.370933e-05
4.2238461e-05
4.0788725e-05
3.9360903e-05
3.7955758e-05
3.6574041e-05
3.5216491e-05
3.3883828e-05
3.2576744e-05
3.1295892e-05
3.00419e-05
9.054099e-05
8.8894299e-05
8.7123689e-05
8.5291333e-05
8.3459593e-05
8.166481e-05
7.9898391e-05
7.8149276e-05
7.6410943e-05
7.4680373e-05
7.2956467e-05
7.1239399e-05
6.9529628e-05
6.7827627e-05
6.6134021e-05
6.4449512e-05
6.277476e-05
6.1110351e-05
5.9456882e-05
5.7815049e-05
5.6185648e-05
5.4569521e-05
5.2967514e-05
5.1380464e-05
4.9809213e-05
4.8254629e-05
4.6717604e-05
4.519905e-05
4.369987e-05
4.2220951e-05
4.076316e-05
3.932734e-05
3.7914321e-05
3.6524921e-05
3.5159933e-05
3.3820128e-05
3.2506232e-05
3.1218949e-05
9.2156445e-05
9.0486369e-05
8.8726029e-05
8.6926831e-05
8.5133975e-05
8.3364378e-05
8.1613804e-05
7.9875217e-05
7.8143927e-05
7.6417674e-05
7.4695755e-05
7.2978302e-05
7.1266005e-05
6.9559474e-05
6.7859311e-05
6.6166259e-05
6.4481061e-05
6.2804408e-05
6.1136983e-05
5.9479541e-05
5.783293e-05
5.6198058e-05
5.4575849e-05
5.2967223e-05
5.1373105e-05
4.979444e-05
4.8232196e-05
4.6687359e-05
4.5160914e-05
4.3653828e-05
4.2167048e-05
4.0701497e-05
3.9258084e-05
3.7837698e-05
3.6441209e-05
3.5069458e-05
3.3723247e-05
3.2403353e-05
9.3726097e-05
9.203672e-05
9.0300739e-05
8.8537869e-05
8.6780308e-05
8.5035409e-05
8.330138e-05
8.1574263e-05
7.985098e-05
7.8129993e-05
7.6410973e-05
7.4694179e-05
7.2980413e-05
7.1270345e-05
6.9564701e-05
6.7864236e-05
6.6169757e-05
6.448204e-05
6.2801853e-05
6.1130015e-05
5.9467428e-05
5.7815057e-05
5.6173897e-05
5.4544946e-05
5.2929205e-05
5.1327691e-05
4.9741446e-05
4.8171525e-05
4.6618988e-05
4.5084878e-05
4.357022e-05
4.2076013e-05
4.060324e-05
3.915286e-05
3.7725816e-05
3.632302e-05
3.4945344e-05
3.3593636e-05
9.5243427e-05
9.3573772e-05
9.1858829e-05
9.0125915e-05
8.8397156e-05
8.667451e-05
8.4956832e-05
8.324178e-05
8.1527358e-05
7.9812592e-05
7.8097463e-05
7.6382393e-05
7.4668298e-05
7.2955822e-05
7.1245851e-05
6.9539195e-05
6.7836695e-05
6.6139201e-05
6.444756e-05
6.2762657e-05
6.1085446e-05
5.9416948e-05
5.775822e-05
5.6110329e-05
5.4474346e-05
5.2851357e-05
5.1242469e-05
4.9648804e-05
4.8071489e-05
4.6511641e-05
4.4970355e-05
4.3448704e-05
4.1947739e-05
4.0468492e-05
3.9011969e-05
3.7579152e-05
3.6170982e-05
3.4788377e-05
9.6705147e-05
9.5086311e-05
9.3388802e-05
9.1678511e-05
8.9974185e-05
8.8273168e-05
8.6572698e-05
8.4870912e-05
8.3166613e-05
8.1459354e-05
7.9749416e-05
7.8037386e-05
7.632423e-05
7.4610767e-05
7.2897861e-05
7.1186423e-05
6.9477344e-05
6.7771538e-05
6.6069927e-05
6.4373459e-05
6.2683146e-05
6.1000057e-05
5.9325307e-05
5.7660023e-05
5.6005341e-05
5.4362409e-05
5.2732394e-05
5.1116479e-05
4.9515854e-05
4.79317e-05
4.6365182e-05
4.4817439e-05
4.328959e-05
4.1782732e-05
4.0297936e-05
3.8836249e-05
3.7398677e-05
3.5986206e-05
9.8110123e-05
9.6549268e-05
9.4874387e-05
9.318339e-05
9.1501224e-05
8.9822036e-05
8.8140301e-05
8.6453661e-05
8.476135e-05
8.306339e-05
8.1360364e-05
7.9653071e-05
7.794248e-05
7.6229677e-05
7.4515518e-05
7.2800963e-05
7.1086984e-05
6.9374558e-05
6.7664675e-05
6.5958352e-05
6.4256655e-05
6.2560703e-05
6.0871661e-05
5.9190712e-05
5.7519048e-05
5.5857874e-05
5.4208413e-05
5.2571901e-05
5.0949586e-05
4.934271e-05
4.77525e-05
4.6180159e-05
4.4626868e-05
4.3093787e-05
4.1582049e-05
4.0092764e-05
3.8627e-05
3.7185808e-05
9.9457203e-05
9.794775e-05
9.6302642e-05
9.4632071e-05
9.2971248e-05
9.1313799e-05
8.9652027e-05
8.7982515e-05
8.6304395e-05
8.4617915e-05
8.2923902e-05
8.122337e-05
7.951737e-05
7.780713e-05
7.6093642e-05
7.4377903e-05
7.2660951e-05
7.0943833e-05
6.9227608e-05
6.7513358e-05
6.5802204e-05
6.4095315e-05
6.2393901e-05
6.0699195e-05
5.901244e-05
5.7334894e-05
5.5667826e-05
5.4012527e-05
5.2370293e-05
5.0742422e-05
4.9130199e-05
4.7534886e-05
4.5957726e-05
4.4399934e-05
4.2862706e-05
4.1347209e-05
3.9854573e-05
3.8385912e-05
0.00010074458
9.9276585e-05
9.7665806e-05
9.601933e-05
9.4379979e-05
9.274384e-05
9.1102584e-05
8.9451742e-05
8.7789876e-05
8.6117113e-05
8.4434364e-05
8.2742809e-05
8.1043629e-05
7.9338117e-05
7.7627435e-05
7.591266e-05
7.4194884e-05
7.247522e-05
7.0754793e-05
6.9034746e-05
6.7316256e-05
6.5600539e-05
6.3888848e-05
6.2182462e-05
6.0482669e-05
5.8790773e-05
5.7108089e-05
5.5435952e-05
5.3775707e-05
5.2128702e-05
5.0496272e-05
4.8879739e-05
4.7280397e-05
4.5699523e-05
4.4138365e-05
4.259815e-05
4.1080066e-05
3.9585287e-05
0.00010196971
0.00010053436
9.8960156e-05
9.7341795e-05
9.5724738e-05
9.4109635e-05
9.2489049e-05
9.085783e-05
8.9213795e-05
8.755669e-05
8.5887328e-05
8.4206951e-05
8.2516839e-05
8.0818349e-05
7.9112757e-05
7.7401236e-05
7.568494e-05
7.3965036e-05
7.2242709e-05
7.0519158e-05
6.879561e-05
6.7073328e-05
6.5353603e-05
6.3637755e-05
6.1927113e-05
6.0223021e-05
5.8526838e-05
5.6839937e-05
5.5163706e-05
5.3499539e-05
5.1848822e-05
5.0212925e-05
4.8593197e-05
4.6990968e-05
4.5407541e-05
4.3844196e-05
4.2302181e-05
4.0782726e-05
0.00010312969
0.0001017203
0.00010018425
9.859696e-05
9.7003576e-05
9.5409941e-05
9.3810243e-05
9.2199164e-05
9.0573967e-05
8.8933977e-05
8.7279791e-05
8.5612594e-05
8.39337e-05
8.2244485e-05
8.0546291e-05
7.884037e-05
7.712793e-05
7.5410183e-05
7.3688356e-05
7.1963698e-05
7.023748e-05
6.8511002e-05
6.6785593e-05
6.5062604e-05
6.3343404e-05
6.1629372e-05
5.9921903e-05
5.8222408e-05
5.6532312e-05
5.4853051e-05
5.3186055e-05
5.1532742e-05
4.9894511e-05
4.8272741e-05
4.666879e-05
4.5083989e-05
4.3519641e-05
4.1977033e-05
0.00010422173
0.00010283545
0.00010133786
9.97834e-05
9.821549e-05
9.6644379e-05
9.5065965e-05
9.3475306e-05
9.1869515e-05
9.0247638e-05
8.8610028e-05
8.6957723e-05
8.5291986e-05
8.3614161e-05
8.1925597e-05
8.0227585e-05
7.8521368e-05
7.6808184e-05
7.5089289e-05
7.3365964e-05
7.1639513e-05
6.9911265e-05
6.818258e-05
6.6454837e-05
6.4729434e-05
6.3007783e-05
6.1291309e-05
5.9581457e-05
5.7879686e-05
5.6187468e-05
5.4506272e-05
5.283756e-05
5.118278e-05
4.9543356e-05
4.7920697e-05
4.6316184e-05
4.4731173e-05
4.3167006e-05
0.00010524283
0.00010388243
0.00010242182
0.00010090142
9.9360661e-05
9.7813036e-05
9.6256287e-05
9.4686252e-05
9.3100239e-05
9.149719e-05
8.987725e-05
8.8241268e-05
8.6590389e-05
8.4925875e-05
8.3249027e-05
8.1561128e-05
7.9863423e-05
7.8157155e-05
7.644359e-05
7.472402e-05
7.2999768e-05
7.1272184e-05
6.9542645e-05
6.7812554e-05
6.6083331e-05
6.4356412e-05
6.2633251e-05
6.0915319e-05
5.9204105e-05
5.7501111e-05
5.5807844e-05
5.4125804e-05
5.2456481e-05
5.0801346e-05
4.9161852e-05
4.7539432e-05
4.5935487e-05
4.4351417e-05
0.00010619004
0.00010486152
0.0001034372
0.00010195179
0.00010043935
9.8915787e-05
9.7381031e-05
9.583191e-05
9.4266084e-05
9.2682508e-05
9.1081179e-05
8.9462758e-05
8.7828239e-05
8.6178766e-05
8.4515552e-05
8.2839826e-05
8.1152803e-05
7.9455705e-05
7.7749784e-05
7.6036327e-05
7.4316658e-05
7.2592132e-05
7.0864137e-05
6.9134087e-05
6.7403417e-05
6.5673583e-05
6.3946059e-05
6.2222337e-05
6.050393e-05
5.8792368e-05
5.7089187e-05
5.5395923e-05
5.3714103e-05
5.2045241e-05
5.0390832e-05
4.8752356e-05
4.7131261e-05
4.5528997e-05
0.00010706125
0.00010576977
0.00010438312
0.00010293356
0.00010145056
9.9951723e-05
9.8439497e-05
9.6911835e-05
9.5366812e-05
9.3803457e-05
9.2221679e-05
9.0621981e-05
8.9005202e-05
8.7372354e-05
8.5724537e-05
8.4062897e-05
8.238859e-05
8.0702791e-05
7.9006718e-05
7.7301634e-05
7.5588849e-05
7.3869708e-05
7.2145597e-05
7.0417931e-05
6.8688155e-05
6.6957732e-05
6.5228152e-05
6.3500921e-05
6.1777572e-05
6.0059655e-05
5.8348731e-05
5.6646366e-05
5.4954121e-05
5.3273546e-05
5.1606177e-05
4.9953535e-05
4.8317115e-05
4.6698412e-05
0.00010785621
0.00010660446
0.00010525691
0.00010384412
0.0001023921
0.00010091915
9.9430432e-05
9.7925145e-05
9.6401836e-05
9.4859662e-05
9.3298488e-05
9.17187e-05
9.0121002e-05
8.8506277e-05
8.6875509e-05
8.5229743e-05
8.3570055e-05
8.1897558e-05
8.0213419e-05
7.851886e-05
7.6815159e-05
7.5103642e-05
7.3385679e-05
7.1662678e-05
6.993608e-05
6.8207352e-05
6.6477989e-05
6.4749507e-05
6.302345e-05
6.1301383e-05
5.9584888e-05
5.7875552e-05
5.6174967e-05
5.4484714e-05
5.2806366e-05
5.1141481e-05
4.9491596e-05
4.7858251e-05
0.00010857549
0.00010736381
0.00010605598
0.00010468071
0.00010326158
0.00010181603
0.00010035219
9.8870563e-05
9.7370192e-05
9.5850402e-05
9.4311058e-05
9.2752464e-05
9.1175217e-05
8.958009e-05
8.7967957e-05
8.6339761e-05
8.4696493e-05
8.303919e-05
8.1368957e-05
7.9686965e-05
7.7994449e-05
7.6292701e-05
7.4583067e-05
7.2866937e-05
7.1145738e-05
6.9420935e-05
6.7694018e-05
6.5966508e-05
6.4239953e-05
6.2515925e-05
6.0796021e-05
5.9081845e-05
5.7375012e-05
5.5677131e-05
5.3989804e-05
5.2314625e-05
5.0653167e-05
4.9007012e-05
0.00010921809
0.00010804561
0.00010677796
0.000105441
0.00010405664
0.00010264033
0.00010120297
9.9746526e-05
9.8270572e-05
9.6774598e-05
9.5258491e-05
9.3722503e-05
9.2167151e-05
9.0593118e-05
8.9001185e-05
8.7392205e-05
8.5767082e-05
8.4126779e-05
8.2472332e-05
8.0804852e-05
7.9125527e-05
7.7435605e-05
7.5736399e-05
7.402927e-05
7.2315629e-05
7.0596923e-05
6.8874636e-05
6.7150281e-05
6.5425405e-05
6.3701585e-05
6.198042e-05
6.026353e-05
5.8552543e-05
5.6849091e-05
5.5154803e-05
5.34713e-05
5.1800189e-05
5.0143089e-05
0.00010978147
0.00010864721
0.00010742029
0.00010612265
0.00010477473
0.00010338997
0.00010198086
0.00010055129
9.9101404e-05
9.7630858e-05
9.6139553e-05
9.4627707e-05
9.309578e-05
9.1544384e-05
8.9974227e-05
8.8386087e-05
8.6780792e-05
8.5159233e-05
8.3522379e-05
8.1871283e-05
8.0207076e-05
7.8530961e-05
7.6844208e-05
7.5148147e-05
7.3444159e-05
7.173367e-05
7.0018147e-05
6.8299093e-05
6.6578046e-05
6.4856576e-05
6.3136286e-05
6.1418798e-05
5.9705752e-05
5.7998794e-05
5.6299574e-05
5.4609738e-05
5.293092e-05
5.1264771e-05
0.00011026321
0.00010916694
0.00010798082
0.00010672332
0.00010541324
0.00010406264
0.00010268382
0.00010128296
9.9860928e-05
9.8417544e-05
9.6952722e-05
9.5466655e-05
9.3959758e-05
9.2432594e-05
9.0885815e-05
8.932014e-05
8.7736335e-05
8.6135229e-05
8.451773e-05
8.2884832e-05
8.1237612e-05
7.9577223e-05
7.7904891e-05
7.6221905e-05
7.4529613e-05
7.2829413e-05
7.112275e-05
6.9411107e-05
6.7696007e-05
6.5979011e-05
6.4261714e-05
6.2545738e-05
6.0832725e-05
5.9124332e-05
5.7422223e-05
5.5728062e-05
5.4043506e-05
5.2370234e-05
0.00011066268
0.000109604
0.00010845814
0.00010724109
0.00010596998
0.0001046558
0.00010330967
0.00010193956
0.00010054727
9.9132858e-05
9.7696267e-05
9.6237675e-05
9.4757467e-05
9.3256169e-05
9.1734395e-05
9.0192819e-05
8.8632162e-05
8.70532e-05
8.5456788e-05
8.3843867e-05
8.2215461e-05
8.0572673e-05
7.8916683e-05
7.7248735e-05
7.5570141e-05
7.3882265e-05
7.2186521e-05
7.0484369e-05
6.8777312e-05
6.7066893e-05
6.5354696e-05
6.3642333e-05
6.1931446e-05
6.0223694e-05
5.8520749e-05
5.6824289e-05
5.5135988e-05
5.3457547e-05
0.00041097199
0.00036818345
0.00030656517
0.00025056839
0.00020690717
0.00017461282
0.00015095182
0.0001334544
0.00012030266
0.00011024113
0.00010241411
9.6234098e-05
9.1290647e-05
8.7291877e-05
8.4025795e-05
8.1334911e-05
7.9105623e-05
7.7233334e-05
7.5700197e-05
7.429778e-05
0.00040272502
0.00036229214
0.00030368696
0.00024986843
0.0002075018
0.00017591137
0.00015261506
0.00013529892
0.00012223153
0.00011220355
0.00010438381
9.819788e-05
9.3242358e-05
8.9229211e-05
8.5948547e-05
8.3243843e-05
8.1002933e-05
7.9119112e-05
7.7583129e-05
7.6192702e-05
0.00039462453
0.00035642518
0.00030072369
0.00024904083
0.00020796791
0.00017709658
0.0001541832
0.00013706482
0.00012409533
0.00011411172
0.00010630777
0.00010012267
9.5160444e-05
9.1137233e-05
8.7845486e-05
8.5129835e-05
8.2879584e-05
8.0986813e-05
7.9445317e-05
7.8067931e-05
0.00038666553
0.00035058423
0.00029767882
0.0002480876
0.00020830551
0.00017816695
0.00015565378
0.00013874912
0.00012589083
0.00011596229
0.00010818265
0.00010200514
9.7041623e-05
9.301271e-05
8.9713425e-05
8.6989761e-05
8.4732454e-05
8.2833327e-05
8.1285385e-05
7.9919382e-05
0.00037884317
0.00034477119
0.00029455593
0.00024701093
0.00020851483
0.00017912114
0.00015702449
0.00014034895
0.0001276149
0.000117752
0.00011000514
0.00010384199
9.8882626e-05
9.4852414e-05
9.1549181e-05
8.8820482e-05
8.6558459e-05
8.4655385e-05
8.3101853e-05
8.1745321e-05
0.0003711527
0.00033898823
0.00029135876
0.0002458132
0.00020859629
0.00017995803
0.0001582932
0.00014186159
0.0001292645
0.00011947766
0.00011177199
0.00010562996
0.0001006802
9.6653126e-05
9.334957e-05
9.0618847e-05
8.8354522e-05
8.6449738e-05
8.4892429e-05
8.3544251e-05
0.00036358941
0.00033323785
0.00028809114
0.00024449695
0.00020855056
0.00018067672
0.00015945794
0.00014328445
0.00013083667
0.00012113614
0.00011347998
0.00010736582
0.00010243113
9.8411641e-05
9.5111414e-05
9.2381703e-05
9.0117556e-05
8.8213195e-05
8.6654264e-05
8.5314247e-05
0.00035614861
0.00032752291
0.00028475699
0.0002430649
0.00020837848
0.00018127649
0.00016051695
0.00014461509
0.00013232861
0.00012272441
0.00011512598
0.00010904637
0.00010413221
0.00010012477
9.6831545e-05
9.4105901e-05
9.1844454e-05
8.9942613e-05
8.8384273e-05
8.705291e-05
0.00034882559
0.00032184676
0.00028136024
0.00024151993
0.00020808117
0.00018175688
0.00016146862
0.00014585122
0.0001337376
0.00012423953
0.00011670691
0.00011066849
0.00010578028
0.00010178936
9.8506811e-05
9.57883e-05
9.353208e-05
9.1634889e-05
9.0079332e-05
8.8757319e-05
0.00034161592
0.00031621282
0.00027790479
0.00023986508
0.00020765993
0.00018211762
0.0001623116
0.00014699075
0.00013506108
0.00012567867
0.00011821981
0.00011222912
0.00010737225
0.00010340228
0.00010013409
9.7425776e-05
9.5177351e-05
9.3286907e-05
9.1736314e-05
9.0424161e-05
0.00033451824
0.00031062038
0.0002743944
0.00023810355
0.00020711632
0.00018235871
0.0001630447
0.00014803172
0.00013629665
0.00012703911
0.00011966178
0.00011372526
0.00010890505
0.00010496045
0.00010171028
9.901523e-05
9.6777208e-05
9.489555e-05
9.3352094e-05
9.2050149e-05
0.00032753133
0.00030506915
0.00027083277
0.0002362387
0.00020645209
0.00018248036
0.00016366699
0.0001489724
0.00013744203
0.00012831829
0.00012103003
0.000115154
0.00011037572
0.00010646085
0.00010323234
0.0001005536
9.8328536e-05
9.6457782e-05
9.4923556e-05
9.3632367e-05
0.00032065407
0.00029955916
0.00026722353
0.00023427403
0.00020566925
0.00018248304
0.00016417773
0.00014981125
0.00013849516
0.00012951376
0.00012232191
0.00011651255
0.00011178135
0.00010790053
0.00010469729
0.00010203789
9.9828274e-05
9.7970598e-05
9.6447571e-05
9.5168285e-05
0.00031388548
0.00029409076
0.00026357029
0.00023221314
0.00020477
0.00018236745
0.00016457646
0.00015054694
0.00013945412
0.00013062323
0.00012353489
0.0001177982
0.00011311914
0.00010927661
0.00010610219
0.00010346513
0.00010127346
9.9431005e-05
9.7921039e-05
9.665536e-05
0.00030722466
0.00028866453
0.00025987665
0.00023005976
0.00020375677
0.00018213455
0.00016486292
0.00015117836
0.00014031721
0.00013164461
0.00012466658
0.0001190084
0.00011438641
0.00011058631
0.00010744421
0.00010483244
0.00010266118
0.00010083607
9.9340948e-05
9.8090683e-05
0.00030067083
0.00028328131
0.00025614623
0.00022781771
0.00020263219
0.00018178555
0.00016503712
0.00015170464
0.00014108293
0.00013257596
0.00012571476
0.0001201407
0.00011558057
0.00011182696
0.0001087206
0.00010613703
0.00010398859
0.00010218295
0.00010070429
9.9471032e-05
0.00029422325
0.0002779421
0.00025238268
0.00022549094
0.00020139908
0.00018132189
0.00016509933
0.00015212513
0.00014175
0.00013341555
0.00012667737
0.00012119283
0.00011669918
0.00011299601
0.00010992873
0.00010737619
0.00010525296
0.00010346886
0.00010200808
0.00010079326
0.00028788127
0.00027264809
0.00024858966
0.00022308346
0.00020006048
0.00018074527
0.00016505007
0.00015243944
0.00014231735
0.00013416183
0.00012755254
0.00012216269
0.00011773997
0.00011409104
0.00011106608
0.00010854734
0.00010645163
0.00010469102
0.00010325005
0.00010205461
0.00028164426
0.00026740062
0.00024477089
0.00022059941
0.0001986196
0.00018005763
0.00016489009
0.00015264743
0.00014278417
0.00013481349
0.0001283386
0.00012304832
0.00011870081
0.00011510978
0.00011213026
0.00010964801
0.00010758209
0.00010584684
0.0001044272
0.00010325213
0.00027551165
0.00026220113
0.00024093008
0.000218043
0.00019707982
0.00017926113
0.00016462045
0.00015274922
0.00014314988
0.00013536945
0.00012903407
0.00012384799
0.00011957973
0.00011605011
0.00011311906
0.00011067589
0.00010864192
0.0001069339
0.00010553661
0.00010438309
0.00026948289
0.00025705114
0.00023707101
0.00021541851
0.00019544473
0.0001783582
0.00016424243
0.00015274517
0.00014341415
0.00013582884
0.00012963772
0.00012456015
0.00012037498
0.00011691012
0.00011403039
0.00011162881
0.00010962883
0.00010794992
0.00010657623
0.0001054451
0.00026355743
0.00025195226
0.00023319745
0.00021273032
0.00019371803
0.00017735146
0.00016375759
0.00015263595
0.0001435769
0.00013619106
0.0001301485
0.00012518348
0.00012108498
0.00011768804
0.00011486238
0.00011250478
0.00011054066
0.00010889282
0.0001075441
0.00010643557
0.00025773474
0.00024690612
0.0002293132
0.00020998285
0.00019190362
0.00017624378
0.00016316774
0.00015242244
0.00014363834
0.00013645573
0.00013056565
0.00012571686
0.00012170839
0.00011838233
0.0001156133
0.00011330199
0.00011137541
0.00010976087
0.00010843786
0.0001073516
0.0002520143
0.00024191437
0.00022542204
0.00020718059
0.00019000552
0.00017503822
0.00016247492
0.00015210582
0.0001435989
0.00013662276
0.00013088863
0.00012615942
0.00012224407
0.00011899165
0.00011628168
0.0001140188
0.00011213131
0.00011055263
0.00010925436
0.00010819021
0.00024639555
0.00023697866
0.00022152777
0.00020432809
0.00018802789
0.00017373806
0.00016168144
0.00015168752
0.00014345931
0.00013669229
0.00013111713
0.00012651052
0.00012269111
0.00011951487
0.00011686622
0.00011465376
0.00011280683
0.00011126676
0.00010998952
0.00010895032
0.00024087795
0.00023210063
0.00021763412
0.00020142989
0.00018597501
0.00017234676
0.00016078984
0.00015116924
0.00014322056
0.00013666474
0.00013125114
0.00012676979
0.00012304886
0.00011995112
0.00011736586
0.0001152056
0.00011340083
0.00011190124
0.00011064279
0.00010963336
0.00023546093
0.00022728187
0.0002137448
0.00019849059
0.00018385125
0.00017086797
0.00015980289
0.00015055292
0.00014288389
0.0001365408
0.00013129088
0.00012693708
0.00012331688
0.00012029972
0.00011777978
0.00011567328
0.00011391252
0.00011245322
0.00011121853
0.00011024069
0.00023014387
0.00022252392
0.00020986349
0.00019551477
0.00018166109
0.0001693055
0.00015872358
0.00014984076
0.00014245081
0.00013632141
0.00013123684
0.00012701253
0.00012349501
0.00012056029
0.00011810737
0.00011605599
0.00011434124
0.00011292033
0.00011172009
0.00011077161
0.00022492615
0.00021782824
0.00020599375
0.00019250702
0.00017940909
0.00016766331
0.00015755509
0.00014903519
0.0001419231
0.00013600778
0.00013108978
0.00012699652
0.00012358335
0.00012073265
0.00011834829
0.00011635322
0.0001146863
0.00011330195
0.00011214685
0.0001112229
0.00021980711
0.00021319624
0.0002021391
0.00018947187
0.00017709984
0.00016594551
0.00015630082
0.00014813887
0.00014130277
0.00013560139
0.00013085071
0.0001268897
0.00012358224
0.00012081692
0.00011850241
0.00011656475
0.00011494697
0.00011359929
0.00011249068
0.00011159157
0.00021478606
0.00020862923
0.00019830294
0.00018641384
0.00017473799
0.00016415631
0.00015496433
0.0001471547
0.00014059208
0.00013510395
0.00013052091
0.00012669297
)
;

boundaryField
{
    inlet
    {
        type            zeroGradient;
    }
    top
    {
        type            zeroGradient;
    }
    outlet
    {
        type            zeroGradient;
    }
    slipsurface
    {
        type            slip;
    }
    bottom
    {
        type            epsilonWallFunction;
        value           nonuniform List<scalar> 0();
    }
    frontandback
    {
        type            empty;
    }
    procBoundary13to2
    {
        type            processor;
        value           nonuniform List<scalar> 
59
(
0.00011097923
0.00010995763
0.00010885142
0.00010767479
0.00010644341
0.00010516732
0.00010385633
0.00010251914
0.00010115855
9.9774944e-05
9.836835e-05
9.6938947e-05
9.5487104e-05
9.4013325e-05
9.2518198e-05
9.1002366e-05
8.9466514e-05
8.7911379e-05
8.6337772e-05
8.4746585e-05
8.3138793e-05
8.1515451e-05
7.9877691e-05
7.8226713e-05
7.6563786e-05
7.4890236e-05
7.3207444e-05
7.151684e-05
6.98199e-05
6.8118147e-05
6.6413143e-05
6.4706491e-05
6.2999823e-05
6.1294794e-05
5.9593079e-05
5.7896362e-05
5.6206331e-05
5.45247e-05
0.00012349225
0.00012081343
0.00011856987
0.0001166906
0.00011512274
0.00011381363
0.00011274486
0.00011187561
0.00020986208
0.00020412822
0.0001944884
0.00018333725
0.00017232811
0.00016229995
0.00015354929
0.00014608571
0.00013979349
0.00013451741
0.00013010189
0.00012349225
0.00012640749
)
;
    }
    procBoundary13to12
    {
        type            processor;
        value           nonuniform List<scalar> 
56
(
7.0661214e-05
6.8709218e-05
6.6790009e-05
6.4922155e-05
6.3099725e-05
6.1319729e-05
5.9577745e-05
5.7869129e-05
5.6189073e-05
5.453579e-05
5.290883e-05
5.1307829e-05
4.9733663e-05
4.8186632e-05
4.6666325e-05
4.5172421e-05
4.3704844e-05
4.2263627e-05
4.0848849e-05
3.9460601e-05
3.8098928e-05
3.6763814e-05
3.5455213e-05
3.4173102e-05
3.2917521e-05
3.1688553e-05
3.0486296e-05
2.9310824e-05
2.8162181e-05
2.7040386e-05
2.594545e-05
2.4877381e-05
2.3836179e-05
2.282184e-05
2.1834349e-05
2.0873695e-05
0.00041937024
0.00037409742
0.00030935488
0.00025113887
0.00020618426
0.0001732027
0.00014919616
0.00013153442
0.00011831214
0.00010822792
0.00010040214
9.4234747e-05
8.9308677e-05
8.5328528e-05
8.2080463e-05
7.9406193e-05
7.7190864e-05
7.5332138e-05
7.3802088e-05
7.2391407e-05
)
;
    }
    procBoundary13to14
    {
        type            processor;
        value           nonuniform List<scalar> 
32
(
1.9939782e-05
1.9032636e-05
1.9130997e-05
2.0133713e-05
2.1158644e-05
2.2204092e-05
2.3268372e-05
2.4349825e-05
2.5446816e-05
2.655775e-05
2.7681066e-05
2.8815249e-05
2.9958833e-05
3.1110402e-05
3.2268594e-05
3.34321e-05
3.4599666e-05
3.5770083e-05
3.6942185e-05
3.8114835e-05
3.9286914e-05
4.0457307e-05
4.1624881e-05
4.2788473e-05
4.3946868e-05
4.5098781e-05
4.6242847e-05
4.7377602e-05
4.8501479e-05
4.96128e-05
5.0709776e-05
5.1790508e-05
)
;
    }
}


// ************************************************************************* //
