/*--------------------------------*- C++ -*----------------------------------*\
  =========                 |
  \\      /  F ield         | OpenFOAM: The Open Source CFD Toolbox
   \\    /   O peration     | Website:  https://openfoam.org
    \\  /    A nd           | Version:  12
     \\/     M anipulation  |
\*---------------------------------------------------------------------------*/
FoamFile
{
    format      ascii;
    class       volScalarField;
    location    "500";
    object      p;
}
// * * * * * * * * * * * * * * * * * * * * * * * * * * * * * * * * * * * * * //

dimensions      [0 2 -2 0 0 0 0];

internalField   nonuniform List<scalar> 
1745
(
0.004046186
0.0012928609
0.00032758124
0.00010046023
-9.0687368e-05
-0.00017972315
-0.00022439458
-0.00026133236
-0.00029074403
-0.00031508914
-0.00033661214
-0.00035509854
-0.0003700543
-0.00038122851
-0.00038852621
-0.00039214384
-0.00039240495
-0.00038978907
-0.00038477358
-0.00037782521
-0.00036936682
-0.00035969931
-0.00034912556
-0.00033788634
-0.00032617046
-0.00031414039
-0.00030192905
-0.00028964399
-0.00027737314
-0.00026518761
-0.00025314447
-0.00024128913
-0.00022965728
-0.00021827662
-0.00020716822
-0.00019634831
-0.00018582827
-0.00017561514
0.0039888208
0.001316906
0.00035727865
0.00012290851
-7.4121531e-05
-0.00016791813
-0.00021543274
-0.00025422546
-0.00028493372
-0.00031017946
-0.00033234967
-0.0003513274
-0.00036667849
-0.0003781891
-0.00038578571
-0.000389674
-0.00039018284
-0.00038779303
-0.00038298216
-0.00037621831
-0.00036792575
-0.00035840638
-0.00034796506
-0.00033684417
-0.00032523394
-0.00031329819
-0.00030117111
-0.00028896134
-0.00027675781
-0.00026463251
-0.00025264332
-0.00024083632
-0.00022924783
-0.0002179061
-0.00020683268
-0.00019604423
-0.00018555252
-0.00017536493
0.0039311342
0.0013401885
0.00038679747
0.00014553523
-5.7265138e-05
-0.00015585126
-0.00020625108
-0.00024693321
-0.00027896781
-0.00030513703
-0.00032797176
-0.00034745443
-0.00036321176
-0.00037506785
-0.00038297122
-0.00038713713
-0.0003879
-0.00038574201
-0.00038114101
-0.00037456645
-0.0003664441
-0.0003570768
-0.00034677148
-0.00033577215
-0.00032427045
-0.00031243164
-0.00030039116
-0.0002882588
-0.00027612449
-0.00026406115
-0.00025212743
-0.00024037016
-0.00022882628
-0.0002175246
-0.00020648719
-0.00019573112
-0.00018526857
-0.00017510726
0.0038731749
0.0013627002
0.00041611162
0.00016831862
-4.0126174e-05
-0.00014352185
-0.00019684718
-0.00023945242
-0.00027284305
-0.00029995884
-0.00032347567
-0.00034347714
-0.00035965189
-0.00037186272
-0.00038008086
-0.0003845315
-0.00038555482
-0.00038363455
-0.00037924876
-0.0003728684
-0.00036492074
-0.00035570954
-0.00034554387
-0.00033466939
-0.00032327921
-0.00031154002
-0.00029958856
-0.00028753577
-0.00027547263
-0.000263473
-0.00025159634
-0.00023989023
-0.00022839225
-0.00021713179
-0.00020613143
-0.00019540868
-0.00018497614
-0.00017484189
0.0038149914
0.001384437
0.0004451898
0.00019123453
-2.2713299e-05
-0.00013092965
-0.00018721889
-0.00023178
-0.00026655621
-0.00029464186
-0.00031885864
-0.00033939305
-0.0003559966
-0.00036857165
-0.00037711273
-0.00038185537
-0.00038314571
-0.00038146914
-0.00037730405
-0.00037112289
-0.00036335449
-0.00035430354
-0.00034428126
-0.00033353502
-0.0003222594
-0.00031062257
-0.00029876261
-0.00028679163
-0.00027480167
-0.00026286755
-0.00025104959
-0.0002393961
-0.00022794534
-0.00021672729
-0.00020576506
-0.00019507661
-0.00018467495
-0.00017456856
0.003756629
0.0014053847
0.00047400781
0.00021425206
-5.0362517e-06
-0.00011807461
-0.00017736432
-0.00022391296
-0.0002601041
-0.00028918308
-0.00031411788
-0.00033519961
-0.00035224359
-0.00036519253
-0.00037406489
-0.00037910694
-0.000380671
-0.00037924427
-0.00037530546
-0.00036932863
-0.00036174417
-0.00035285768
-0.00034298264
-0.00033236811
-0.00032121018
-0.00030967854
-0.00029791261
-0.00028602573
-0.00027411102
-0.00026224428
-0.00025048668
-0.00023888732
-0.00022748515
-0.00021631074
-0.00020538774
-0.00019473459
-0.00018436473
-0.00017428701
0.0036981394
0.0014254052
0.00050265117
0.00023734879
1.2893365e-05
-0.00010495738
-0.00016728186
-0.0002158485
-0.00025348355
-0.00028357945
-0.0003092506
-0.00033089425
-0.00034839052
-0.00036172322
-0.00037093538
-0.00037628441
-0.00037812901
-0.00037695837
-0.00037325156
-0.00036748427
-0.00036008855
-0.00035137086
-0.00034164697
-0.00033116771
-0.00032013069
-0.00030870713
-0.00029703785
-0.00028523741
-0.00027340008
-0.00026160262
-0.00024990712
-0.00023836345
-0.00022701125
-0.00021588175
-0.00020499913
-0.00019438231
-0.00018404518
-0.00017399698
0.0036395786
0.0014442814
0.00053127469
0.00026050941
3.1062371e-05
-9.1579283e-05
-0.00015697023
-0.00020758394
-0.00024669147
-0.00027782797
-0.00030425396
-0.0003264744
-0.00034443502
-0.00035816155
-0.00036772218
-0.0003733859
-0.00037551802
-0.00037460986
-0.00037114086
-0.00036558846
-0.00035838637
-0.00034984192
-0.00034027321
-0.00032993285
-0.00031902003
-0.00030770753
-0.00029613757
-0.00028442601
-0.00027266822
-0.00026094201
-0.00024931038
-0.00023782399
-0.00022652322
-0.00021543992
-0.00020459886
-0.00019401944
-0.000183716
-0.00017369818
0.0035810036
0.0014619168
0.00055993272
0.00028370362
4.9456759e-05
-7.7941843e-05
-0.00014642844
-0.00019911677
-0.00023972482
-0.00027192564
-0.00029912514
-0.00032193743
-0.0003403747
-0.00035450531
-0.00036442327
-0.00037040955
-0.00037283628
-0.0003721971
-0.00036897186
-0.00036363981
-0.00035663636
-0.00034826967
-0.00033886026
-0.00032866254
-0.00031787729
-0.00030667889
-0.00029521102
-0.00028359081
-0.00027191481
-0.00026026187
-0.00024869592
-0.00023726846
-0.00022602061
-0.00021498485
-0.00020418655
-0.00019364562
-0.00018337686
-0.00017339033
0.0035224728
0.0014783023
0.00058860304
0.00030689303
6.806153e-05
-6.4047003e-05
-0.00013565584
-0.0001904447
-0.00023258064
-0.00026586949
-0.00029386131
-0.00031728073
-0.00033620715
-0.00035075228
-0.00036103658
-0.00036735342
-0.000370082
-0.00036971844
-0.00036674301
-0.00036163688
-0.0003548372
-0.0003466529
-0.000337407
-0.00032735575
-0.00031670153
-0.00030562037
-0.0002942574
-0.00028273109
-0.00027113918
-0.00025956159
-0.0002480632
-0.00023669636
-0.00022550294
-0.00021451611
-0.00020376183
-0.00019326052
-0.00018302746
-0.00017307313
0.0034640427
0.0014934313
0.00061726343
0.0003300391
8.6859636e-05
-4.9897271e-05
-0.00012465215
-0.00018156565
-0.00022525609
-0.00025965659
-0.00028845966
-0.00031250165
-0.00033192991
-0.00034690019
-0.00035756002
-0.00036421557
-0.00036725337
-0.00036717219
-0.00036445275
-0.00035957822
-0.00035298753
-0.00034499037
-0.00033591229
-0.00032601143
-0.0003154918
-0.00030453107
-0.00029327591
-0.00028184612
-0.00027034066
-0.00025884055
-0.00024741165
-0.00023610716
-0.00022496976
-0.00021403327
-0.00020332428
-0.00019286375
-0.00018266744
-0.00017274627
0.0034057669
0.0015072794
0.00064590723
0.00035310567
0.00010583089
-3.5495972e-05
-0.00011341744
-0.00017247776
-0.00021774843
-0.00025328406
-0.00028291737
-0.00030759755
-0.00032754053
-0.00034294676
-0.00035399145
-0.00036099402
-0.00036434853
-0.00036455663
-0.00036209947
-0.00035746233
-0.00035108599
-0.00034328081
-0.00033437497
-0.00032462851
-0.00031424709
-0.0003034101
-0.00029226571
-0.00028093513
-0.00026951855
-0.00025809812
-0.00024674068
-0.00023550034
-0.00022442056
-0.00021353588
-0.0002028735
-0.00019245495
-0.00018229647
-0.00017240944
0.0033476971
0.0015198155
0.00067451085
0.00037606969
0.00012495441
-2.0848115e-05
-0.00010195232
-0.00016317949
-0.00021005505
-0.00024674906
-0.00027723166
-0.00030256576
-0.00032303653
-0.00033888968
-0.00035032872
-0.00035768676
-0.00036136562
-0.00036186999
-0.00035968153
-0.00035528771
-0.00034913117
-0.00034152291
-0.00033279383
-0.00032320588
-0.0003129664
-0.00030225651
-0.00029122595
-0.00027999734
-0.00026867214
-0.00025733363
-0.00024604969
-0.00023487534
-0.00022385484
-0.00021302347
-0.00020240907
-0.00019203372
-0.00018191419
-0.00017206231
0.0032898924
0.001531198
0.000702872
0.00039890101
0.00014421378
-5.9601606e-06
-9.0258111e-05
-0.00015366963
-0.00020217352
-0.00024004886
-0.00027139975
-0.00029740363
-0.00031841541
-0.00033472663
-0.00034656966
-0.00035429175
-0.00035830271
-0.0003591105
-0.00035719726
-0.00035305278
-0.00034712162
-0.00033971534
-0.00033116764
-0.00032174241
-0.00031164868
-0.00030106935
-0.00029015576
-0.00027903194
-0.00026780068
-0.00025654641
-0.00024533806
-0.00023423159
-0.00022327209
-0.00021249558
-0.00020193056
-0.00019159967
-0.00018152024
-0.00017170455
0.0032324093
0.0015418188
0.00073059923
0.00042154873
0.00016359273
9.1607235e-06
-7.8336619e-05
-0.00014394736
-0.00019410159
-0.00023318078
-0.00026541891
-0.00029210852
-0.00031367467
-0.00033045525
-0.00034271206
-0.00035080691
-0.00035515787
-0.00035627634
-0.00035464497
-0.00035075598
-0.00034505587
-0.00033785675
-0.00032949514
-0.00032023693
-0.00031029287
-0.00029984764
-0.00028905422
-0.00027803811
-0.00026690341
-0.00025573576
-0.00024460516
-0.00023356851
-0.00022267177
-0.0002119517
-0.0002014375
-0.00019115239
-0.00018111424
-0.00017133581
0.0031753013
0.0015519193
0.00075743232
0.00044398011
0.00018307347
2.4506079e-05
-6.6190202e-05
-0.00013401219
-0.00018583722
-0.00022614226
-0.00025928647
-0.00028667778
-0.00030881179
-0.00032607317
-0.0003387537
-0.00034723016
-0.00035192913
-0.00035336565
-0.00035202291
-0.00034839567
-0.00034293243
-0.00033594573
-0.00032777505
-0.00031868826
-0.00030889787
-0.00029859038
-0.00028792042
-0.000277015
-0.00026597956
-0.00025490097
-0.00024385032
-0.0002328855
-0.00022205332
-0.00021139134
-0.00020092943
-0.00019069145
-0.00018069579
-0.00017095572
0.0031186344
0.0015614924
0.00078332174
0.00046618426
0.00020263684
4.0066459e-05
-5.3821701e-05
-0.00012386401
-0.00017737857
-0.00021893086
-0.00025299978
-0.00028110879
-0.00030382427
-0.000321578
-0.00033469231
-0.00034355937
-0.00034861449
-0.00035037656
-0.00034932932
-0.00034597022
-0.00034074977
-0.00033398087
-0.00032600604
-0.00031709518
-0.00030746255
-0.00029729652
-0.00028675341
-0.00027596173
-0.00026502833
-0.00025404131
-0.00024307288
-0.00023218194
-0.00022141618
-0.00021081397
-0.00020040589
-0.00019021641
-0.0001802645
-0.00017056393
0.0030624847
0.0015705086
0.00080824817
0.00048814047
0.00022226313
5.5832283e-05
-4.1234356e-05
-0.00011350303
-0.00016872401
-0.00021154423
-0.00024655628
-0.00027539896
-0.00029870958
-0.00031696737
-0.00033052563
-0.0003397924
-0.00034521192
-0.00034730717
-0.00034656242
-0.00034347793
-0.00033850631
-0.00033196071
-0.00032418677
-0.00031545645
-0.00030598578
-0.00029596502
-0.00028555221
-0.00027487742
-0.00026404889
-0.00025315602
-0.00024227215
-0.00023145719
-0.00022075977
-0.00021021907
-0.00019986638
-0.00018972682
-0.00017981995
-0.00017016006
0.0030069309
0.0015789585
0.0008321868
0.00050981645
0.00024193213
7.1793727e-05
-2.8431886e-05
-0.00010292983
-0.00015987213
-0.00020398016
-0.00023995347
-0.00026954572
-0.00029346523
-0.00031223886
-0.00032625139
-0.00033592707
-0.00034171937
-0.00034415553
-0.00034372038
-0.00034091711
-0.00033620046
-0.00032988376
-0.00032231585
-0.00031377079
-0.00030446637
-0.00029459478
-0.00028431582
-0.00027376114
-0.00026304041
-0.00025224432
-0.0002414474
-0.00023071061
-0.00022008349
-0.00020960607
-0.00019931039
-0.00018922222
-0.00017936172
-0.0001697437
0.0029520596
0.0015867311
0.00085520738
0.00053118775
0.00026162216
8.7940027e-05
-1.5418635e-05
-9.2145418e-05
-0.00015082181
-0.00019623661
-0.00023318894
-0.00026354654
-0.00028808872
-0.00030739008
-0.00032186728
-0.00033196122
-0.00033813477
-0.00034091969
-0.00034080133
-0.00033828601
-0.00033383061
-0.00032774852
-0.0003203919
-0.00031203689
-0.00030290311
-0.0002931847
-0.00028304322
-0.00027261194
-0.000262002
-0.00025130543
-0.00024059792
-0.00022994151
-0.00021938672
-0.00020897441
-0.00019873741
-0.00018870213
-0.00017888936
-0.00016931446
0.0028979643
0.0015935682
0.00087750693
0.00055225023
0.0002813102
0.00010425895
-2.199755e-06
-8.1151322e-05
-0.00014157222
-0.0001883117
-0.00022626036
-0.00025739896
-0.00028257759
-0.00030241862
-0.000317371
-0.00032789263
-0.00033445602
-0.00033759767
-0.00033780342
-0.00033558287
-0.0003313951
-0.00032555343
-0.00031841346
-0.00031025344
-0.00030129479
-0.00029173364
-0.00028173337
-0.00027142887
-0.00026093279
-0.00025033851
-0.00023972294
-0.00022914922
-0.00021866883
-0.00020832352
-0.00019814689
-0.00018816607
-0.00017840243
-0.00016887193
0.0028447064
0.0015993075
0.00089920486
0.00057298702
0.00030097207
0.00012073747
1.1218855e-05
-6.9949623e-05
-0.0001321229
-0.00018020375
-0.00021916555
-0.00025110058
-0.0002769294
-0.00029732212
-0.00031276026
-0.00032371911
-0.00033068103
-0.00033418747
-0.00033472473
-0.00033280589
-0.00032889225
-0.00032329693
-0.00031637908
-0.00030841906
-0.00029964013
-0.00029024043
-0.00028038518
-0.00027021093
-0.00025983187
-0.00024934273
-0.0002388217
-0.00022833301
-0.00021792916
-0.00020765279
-0.00019753829
-0.00018761351
-0.00017790046
-0.00016841567
0.0027922985
0.0016039007
0.00092028382
0.00059336662
0.00032058333
0.00013736171
2.4830523e-05
-5.8542978e-05
-0.00012247374
-0.00017191132
-0.00021190246
-0.00024464906
-0.00027114176
-0.0002920982
-0.00030803275
-0.00031943843
-0.00032680766
-0.00033068705
-0.00033156333
-0.00032995324
-0.00032632035
-0.00032097742
-0.00031428726
-0.00030653237
-0.00029793785
-0.00028870388
-0.00027899755
-0.00026895711
-0.00025869829
-0.00024831724
-0.0002378934
-0.00022749216
-0.00021716704
-0.0002069616
-0.00019691105
-0.00018704394
-0.00017738298
-0.00016794525
0.0027408124
0.0016072247
0.00094069342
0.0006133664
0.0003401206
0.00015411653
3.8627744e-05
-4.6934619e-05
-0.00011262504
-0.0001634332
-0.00020446919
-0.00023804218
-0.00026521234
-0.00028674453
-0.00030318619
-0.00031504838
-0.00032283379
-0.00032709438
-0.00032831729
-0.0003270231
-0.00032367767
-0.00031859326
-0.00031213647
-0.00030459195
-0.00029618663
-0.00028712278
-0.00027756936
-0.00026766637
-0.0002575311
-0.00024726114
-0.00023693723
-0.00022662593
-0.00021638179
-0.00020624932
-0.00019626457
-0.00018645684
-0.00017684948
-0.00016746021
0.0026902313
0.0016093349
0.00096039674
0.00063296355
0.00035955989
0.00017098581
5.26023e-05
-3.5128347e-05
-0.00010257751
-0.00015476844
-0.00019686398
-0.00023127781
-0.00025913885
-0.0002812588
-0.0002982183
-0.00031054675
-0.00031875726
-0.00032340741
-0.00032498462
-0.00032401358
-0.00032096246
-0.00031614281
-0.00030992518
-0.00030259636
-0.00029438514
-0.00028549587
-0.00027609946
-0.00026633764
-0.00025632931
-0.00024617353
-0.00023595236
-0.00022573354
-0.0002155727
-0.0002055153
-0.00019559826
-0.00018585163
-0.00017629947
-0.00016696009
0.0026401059
0.001610686
0.00097942748
0.00065213463
0.0003788749
0.00018795216
6.6745214e-05
-2.3128555e-05
-9.233227e-05
-0.00014591636
-0.00018908528
-0.00022435391
-0.00025291908
-0.00027563875
-0.00029312682
-0.00030593131
-0.00031457595
-0.00031962407
-0.00032156336
-0.00032092281
-0.00031817292
-0.00031362438
-0.0003076518
-0.00030054412
-0.00029253199
-0.00028382189
-0.00027458667
-0.00026496984
-0.00025509192
-0.00024505348
-0.00023493792
-0.0002248142
-0.00021473903
-0.00020475887
-0.00019491151
-0.00018522777
-0.00017573241
-0.0001664444
0.0025901237
0.0016115967
0.00099779251
0.00067085566
0.00039803969
0.00020499725
8.1046672e-05
-1.094029e-05
-8.1890905e-05
-0.00013687657
-0.0001811317
-0.00021726858
-0.00024655088
-0.00026988215
-0.00028790953
-0.00030119988
-0.00031028769
-0.00031574229
-0.00031805148
-0.00031774886
-0.00031530726
-0.00031103627
-0.00030531473
-0.00029843374
-0.0002906258
-0.00028209953
-0.00027302977
-0.00026356183
-0.0002538179
-0.00024390004
-0.00023389304
-0.0002238671
-0.00021388005
-0.00020397934
-0.00019420367
-0.00018458466
-0.00017514778
-0.00016591265
0.0025403886
0.001612034
0.0010154413
0.00068910322
0.00041702917
0.0002221018
9.5495978e-05
1.4306946e-06
-7.1255528e-05
-0.00012764902
-0.00017300208
-0.00021002005
-0.00024003218
-0.00026398681
-0.00028256421
-0.00029635026
-0.00030589035
-0.00031175999
-0.00031444699
-0.00031448981
-0.00031236365
-0.00030837674
-0.00030291233
-0.00029626368
-0.00028866513
-0.00028032748
-0.00027142755
-0.00026211249
-0.00025250618
-0.00024271223
-0.00023281682
-0.00022289141
-0.00021299498
-0.00020317601
-0.00019347411
-0.0001839217
-0.00017454502
-0.00016536434
0.0024909739
0.0016119617
0.0010323477
0.00070685792
0.00043581731
0.00023924535
0.00011008156
1.3977899e-05
-6.0428826e-05
-0.00011823404
-0.00016469549
-0.0002026067
-0.00023336102
-0.00025795062
-0.00027708868
-0.00029138026
-0.00030138177
-0.00030767508
-0.00031074787
-0.00031114371
-0.00030934022
-0.00030564403
-0.00030044296
-0.00029403239
-0.00028664853
-0.00027850436
-0.00026977872
-0.00026062064
-0.00025115568
-0.00024148904
-0.00023170832
-0.00022188627
-0.00021208305
-0.00020234814
-0.00019272214
-0.00018323828
-0.00017392356
-0.00016479894
0.0024419047
0.001611367
0.0010484926
0.00072410182
0.00045437805
0.00025640662
0.00012479102
2.6694038e-05
-4.9414133e-05
-0.00010863239
-0.00015621132
-0.00019502709
-0.00022653553
-0.00025177151
-0.0002714808
-0.00028628772
-0.00029675981
-0.00030348545
-0.00030695219
-0.00030770862
-0.0003062351
-0.00030283634
-0.00029790491
-0.00029173828
-0.00028457451
-0.00027662879
-0.00026808201
-0.00025908508
-0.00024976529
-0.00024022945
-0.0002305666
-0.00022085081
-0.00021114342
-0.000201495
-0.00019194707
-0.00018253376
-0.00017328281
-0.0001642159
-0.00029995188
-0.00029529648
-0.00028937975
-0.00028244157
-0.00027469936
-0.0002663361
-0.00025750458
-0.00024833388
-0.00023893241
-0.00022939069
-0.00021978413
-0.00021017528
-0.0002006158
-0.00019114822
-0.00018180749
-0.00017262219
-0.00016361468
0.0019491237
0.0022088706
0.0024926094
0.002887097
0.0032674106
0.0038686583
0.0042150639
0.0047464419
0.00077173109
0.0007931928
0.00082863423
0.00087215649
0.00092889476
0.00099717151
0.0010779982
0.0011731882
0.0012835778
0.0014136932
0.0015633134
0.0017435119
0.0019480994
0.0022069662
0.0024893426
0.0028803799
0.0032558232
0.003842743
0.0041732324
0.0046632166
0.0007717259
0.00079318559
0.0008286251
0.00087214347
0.00092887442
0.00099713957
0.0010779471
0.0011731051
0.0012834428
0.0014134682
0.0015629423
0.0017428678
0.0019470169
0.0022049575
0.0024859038
0.0028733432
0.0032437475
0.0038159717
0.0041310405
0.0045807415
0.0007717204
0.00079317793
0.00082861539
0.00087212962
0.00092885281
0.00099710565
0.0010778928
0.001173017
0.0012832998
0.0014132298
0.0015625494
0.0017421866
0.0019458733
0.0022028393
0.002482285
0.0028659754
0.0032311709
0.0037883501
0.004088462
0.0044990267
0.00077171458
0.0007931698
0.00082860507
0.0008721149
0.00092882985
0.00099706963
0.0010778353
0.0011729235
0.0012831481
0.0014129774
0.0015621336
0.0017414663
0.0019446652
0.0022006063
0.0024784782
0.0028582647
0.0032180809
0.0037599037
0.0040454002
0.0044180749
0.00077170841
0.00079316117
0.0008285941
0.00087209925
0.00092880545
0.00099703139
0.0010777742
0.0011728244
0.0012829875
0.0014127101
0.0015616936
0.0017407047
0.0019433893
0.0021982529
0.0024744749
0.0028501996
0.003204465
0.0037306478
0.0040018379
0.0043379277
0.00077170188
0.00079315201
0.00082858244
0.00087208262
0.00092877954
0.0009969908
0.0010777093
0.0011727193
0.0012828172
0.001412427
0.0015612279
0.0017398997
0.0019420421
0.0021957733
0.0024702666
0.0028417681
0.0031903115
0.0037005958
0.0039577887
0.004258623
0.00077169496
0.00079314229
0.00082857005
0.00087206495
0.00092875203
0.00099694771
0.0010776406
0.001172608
0.0012826369
0.0014121273
0.0015607353
0.0017390489
0.0019406197
0.0021931613
0.0024658442
0.0028329587
0.0031756086
0.003669764
0.0039132602
0.0041801866
0.00077168764
0.00079313197
0.00082855689
0.00087204618
0.00092872281
0.00099690198
0.0010775677
0.0011724899
0.0012824458
0.00141181
0.0015602141
0.0017381497
0.0019391183
0.0021904108
0.0024611989
0.0028237596
0.0031603451
0.0036381715
0.0038682585
0.0041026399
0.00077167988
0.00079312103
0.00082854291
0.00087202623
0.00092869179
0.00099685346
0.0010774903
0.0011723648
0.0012822434
0.0014114742
0.0015596628
0.0017371997
0.001937534
0.0021875154
0.0024563211
0.0028141593
0.0031445104
0.0036058402
0.0038227903
0.0040260026
0.00077167166
0.00079310941
0.00082852806
0.00087200505
0.00092865885
0.00099680197
0.0010774083
0.0011722322
0.0012820291
0.0014111187
0.0015590798
0.0017361961
0.0019358623
0.0021844682
0.0024512013
0.0028041464
0.0031280942
0.0035727958
0.0037768517
0.0039502873
0.00077166297
0.00079309709
0.00082851229
0.00087198256
0.0009286239
0.00099674735
0.0010773213
0.0011720917
0.001281802
0.0014107426
0.0015584633
0.0017351362
0.001934099
0.0021812625
0.0024458299
0.0027937098
0.0031110864
0.0035390662
0.0037304412
0.0038755037
0.00077165376
0.00079308403
0.00082849555
0.00087195868
0.0009285868
0.00099668941
0.0010772292
0.0011719428
0.0012815617
0.0014103446
0.0015578114
0.0017340168
0.0019322394
0.0021778911
0.0024401968
0.0027828384
0.0030934782
0.0035046683
0.0036835959
0.0038016823
0.00077164401
0.00079307017
0.00082847777
0.00087193332
0.00092854743
0.00099662795
0.0010771314
0.001171785
0.0012813071
0.0014099235
0.0015571222
0.001732835
0.0019302788
0.0021743467
0.002434292
0.0027715217
0.0030752613
0.003469618
0.0036363659
0.0037288445
0.00077163369
0.00079305547
0.0008284589
0.00087190641
0.00092850567
0.00099656278
0.0010770278
0.001171618
0.0012810377
0.001409478
0.0015563938
0.0017315874
0.001928212
0.0021706217
0.0024281051
0.0027597492
0.0030564283
0.0034339345
0.0035887894
0.0036569826
0.00077162276
0.00079303988
0.00082843887
0.00087187784
0.00092846135
0.00099649366
0.0010769181
0.001171441
0.0012807524
0.0014090068
0.0015556239
0.0017302707
0.0019260341
0.0021667085
0.0024216258
0.0027475111
0.0030369726
0.0033976392
0.0035408946
0.0035860903
0.00077161119
0.00079302336
0.00082841761
0.00087184752
0.00092841435
0.00099642038
0.0010768017
0.0011712535
0.0012804505
0.0014085084
0.0015548104
0.0017288814
0.0019237396
0.0021625992
0.0024148437
0.0027347979
0.0030168888
0.0033607555
0.0034926981
0.0035161885
0.00077159894
0.00079300583
0.00082839505
0.00087181535
0.00092836449
0.00099634269
0.0010766785
0.0011710551
0.001280131
0.0014079814
0.0015539509
0.0017274157
0.0019213229
0.0021582856
0.0024077481
0.0027216006
0.0029961722
0.0033233083
0.0034442132
0.003447303
0.00077158598
0.00079298726
0.00082837111
0.00087178121
0.00092831161
0.00099626033
0.0010765478
0.0011708449
0.0012797929
0.0014074242
0.0015530429
0.0017258698
0.0019187783
0.0021537595
0.0024003284
0.0027079108
0.0029748194
0.0032853241
0.0033954564
0.0033794454
0.00077157226
0.00079296757
0.00082834571
0.000871745
0.00092825554
0.00099617303
0.0010764095
0.0011706223
0.0012794351
0.0014068352
0.001552084
0.0017242397
0.0019160998
0.0021490124
0.0023925741
0.002693721
0.0029528276
0.0032468317
0.0033464454
0.0033126213
0.00077155773
0.0007929467
0.00082831877
0.00087170659
0.00092819609
0.0009960805
0.0010762629
0.0011703868
0.0012790566
0.0014062125
0.0015510713
0.0017225212
0.0019132812
0.0021440359
0.0023844746
0.0026790242
0.0029301953
0.0032078569
0.0032971953
0.0032468287
0.00077154235
0.00079292458
0.00082829019
0.00087166584
0.00092813305
0.00099598245
0.0010761077
0.0011701374
0.0012786562
0.0014055544
0.0015500021
0.00172071
0.0019103161
0.0021388211
0.0023760193
0.0026638144
0.0029069276
0.0031684024
0.0032477102
0.0031820275
0.00077152608
0.00079290114
0.00082825988
0.00087162263
0.00092806623
0.00099587855
0.0010759432
0.0011698734
0.0012782327
0.001404859
0.0015488735
0.0017188016
0.001907198
0.0021333594
0.0023671978
0.002648086
0.002883032
0.0031285163
0.0031980193
0.0031181725
0.00077150885
0.0007928763
0.00082822774
0.00087157681
0.0009279954
0.00099576846
0.0010757691
0.0011695941
0.0012777848
0.0014041243
0.0015476824
0.0017167912
0.00190392
0.0021276417
0.0023579999
0.0026318348
0.0028584965
0.0030883342
0.0031482134
0.0030553337
0.00077149062
0.00079284997
0.00082819365
0.00087152822
0.00092792032
0.00099565182
0.0010755848
0.0011692985
0.0012773112
0.0014033482
0.0015464256
0.001714674
0.0019004754
0.0021216593
0.0023484154
0.0026150568
0.002833353
0.0030478741
0.0030983212
0.0029936567
0.00077147133
0.00079282208
0.0008281575
0.0008714767
0.00092784076
0.00099552827
0.0010753896
0.0011689858
0.0012768104
0.0014025284
0.0015450996
0.0017124451
0.0018968568
0.002115403
0.0023384347
0.0025977478
0.0028076514
0.0030071046
0.0030483363
0.0029331678
0.00077145091
0.00079279254
0.00082811918
0.00087142208
0.00092775645
0.00099539739
0.0010751829
0.0011686549
0.0012762811
0.0014016627
0.0015437011
0.0017100991
0.001893057
0.0021088639
0.0023280484
0.0025799048
0.0027814114
0.0029660766
0.0029982866
0.0028738218
0.0007714293
0.00079276124
0.00082807855
0.00087136419
0.00092766711
0.00099525878
0.0010749642
0.0011683049
0.0012757215
0.0014007486
0.0015422264
0.0017076308
0.0018890685
0.002102033
0.0023172475
0.0025615283
0.0027546305
0.0029248316
0.0029482258
0.0028156335
0.00077140643
0.00079272808
0.00082803549
0.00087130282
0.00092757246
0.00099511199
0.0010747327
0.0011679347
0.0012751301
0.0013997837
0.0015406716
0.0017050345
0.0018848838
0.0020949013
0.0023060233
0.0025426206
0.0027272915
0.0028833919
0.0028982186
0.0027586516
0.00077138223
0.00079269296
0.00082798984
0.00087123779
0.00092747219
0.00099495654
0.0010744876
0.0011675432
0.0012745052
0.0013987653
0.001539033
0.0017023045
0.0018804949
0.00208746
0.0022943675
0.0025231848
0.0026993875
0.0028417854
0.0028483324
0.0027028924
)
;

boundaryField
{
    inlet
    {
        type            zeroGradient;
    }
    top
    {
        type            zeroGradient;
    }
    outlet
    {
        type            fixedValue;
        value           nonuniform List<scalar> 0();
    }
    slipsurface
    {
        type            slip;
    }
    bottom
    {
        type            zeroGradient;
    }
    frontandback
    {
        type            empty;
    }
    procBoundary2to3
    {
        type            processor;
        value           nonuniform List<scalar> 
59
(
0.0023931922
0.0016102363
0.0010638498
0.00074081923
0.00047268575
0.00027356348
0.00013961104
3.9571018e-05
-3.8215466e-05
-9.8845365e-05
-0.0001475493
-0.00018728006
-0.00021955403
-0.00024544752
-0.00026573848
-0.00028107051
-0.00029202234
-0.00029918895
-0.00030305779
-0.00030418263
-0.00030304642
-0.00030304642
-0.00029698884
-0.00029261593
-0.00028695514
-0.00028024816
-0.00027271464
-0.00026453965
-0.00025587791
-0.00024686029
-0.00023759684
-0.00022817959
-0.00021868531
-0.00020917777
-0.00019970978
-0.00019032483
-0.0001810588
-0.00017194106
-0.0001629947
0.00077135662
0.00079265576
0.00082794146
0.00087116887
0.00092736598
0.00099479196
0.0010742284
0.0011671292
0.001273845
0.0013976906
0.0015373062
0.0016994351
0.0018758942
0.0020797004
0.0022822725
0.0025032239
0.0026709285
0.0028000536
0.0027986221
0.0026483541
)
;
    }
    procBoundary2to5
    {
        type            processor;
        value           nonuniform List<scalar> 
31
(
-0.00016571626
-0.00016548908
-0.00016525511
-0.00016501414
-0.00016476593
-0.00016451025
-0.00016424684
-0.00016397546
-0.00016369584
-0.00016340771
-0.00016311078
-0.00016280476
-0.00016248937
-0.00016216428
-0.00016182918
-0.00016148375
-0.00016112763
-0.0001607605
-0.00016038198
-0.0001599917
-0.00015958929
-0.00015917435
-0.00015874647
-0.00015830525
-0.00015785024
-0.00015738102
-0.00015689711
-0.00015639806
-0.00015588338
-0.00015535257
-0.00015480513
)
;
    }
    procBoundary2to13
    {
        type            processor;
        value           nonuniform List<scalar> 
59
(
0.0041032132
0.0012680829
0.00029773264
7.821146e-05
-0.00010695581
-0.00019126747
-0.00023313926
-0.00026825721
-0.000296402
-0.00031986904
-0.00034076187
-0.00035877027
-0.0003733414
-0.00038418808
-0.00039119452
-0.00039454832
-0.00039456786
-0.00039173155
-0.00038651657
-0.00037938838
-0.00037076841
-0.00036095663
-0.00035025391
-0.00033889949
-0.00032708081
-0.00031495895
-0.00030266564
-0.00029030735
-0.00027797102
-0.00026572692
-0.00025363134
-0.00024172901
-0.00023005501
-0.00021863651
-0.00020749412
-0.00019664363
-0.00018609607
-0.00017585813
0.001950093
0.0022106757
0.0024957119
0.0028935061
0.0032785219
0.0038937678
0.0042563592
0.0048303176
0.00077173599
0.00079319959
0.00082864281
0.00087216874
0.00092891389
0.00099720158
0.0010780464
0.0011732665
0.0012837051
0.0014139056
0.0015636639
0.0017441209
0.0017441209
)
;
    }
}


// ************************************************************************* //
