/*--------------------------------*- C++ -*----------------------------------*\
  =========                 |
  \\      /  F ield         | OpenFOAM: The Open Source CFD Toolbox
   \\    /   O peration     | Website:  https://openfoam.org
    \\  /    A nd           | Version:  12
     \\/     M anipulation  |
\*---------------------------------------------------------------------------*/
FoamFile
{
    format      ascii;
    class       surfaceScalarField;
    location    "2000";
    object      phi;
}
// * * * * * * * * * * * * * * * * * * * * * * * * * * * * * * * * * * * * * //

dimensions      [0 3 -1 0 0 0 0];

internalField   nonuniform List<scalar> 
886
(
0.0024472197
1.0671617e-05
0.0024473937
1.1198969e-05
0.0024475714
1.1718584e-05
0.0024477507
1.2228035e-05
0.0024479298
1.2725463e-05
0.0024481071
1.320969e-05
0.002448281
1.36803e-05
0.00244845
1.4137707e-05
0.0024486131
1.4583165e-05
0.0024487696
1.5018737e-05
0.0024489189
1.5447192e-05
0.0024490611
1.5871831e-05
0.0024491965
1.629623e-05
0.0024493256
1.6723945e-05
0.0024494491
1.7158214e-05
0.0024495679
1.7601721e-05
0.0024496829
1.8056451e-05
0.0024497948
1.8523701e-05
0.0024499042
1.900422e-05
0.0024500116
1.9498376e-05
0.0024501174
2.0006329e-05
0.0024502218
2.0528132e-05
2.1063738e-05
0.0025289706
1.0504472e-05
0.0025291435
1.1026119e-05
0.0025293203
1.1541787e-05
0.0025294992
1.2049087e-05
0.0025296785
1.2546144e-05
0.0025298565
1.3031701e-05
0.0025300316
1.3505206e-05
0.0025302025
1.3966872e-05
0.0025303679
1.4417701e-05
0.0025305272
1.4859454e-05
0.0025306798
1.5294566e-05
0.0025308257
1.572599e-05
0.0025309649
1.6156978e-05
0.0025310981
1.659081e-05
0.0025312257
1.7030527e-05
0.0025313488
1.7478711e-05
0.0025314679
1.793734e-05
0.0025315838
1.840778e-05
0.0025316971
1.8890884e-05
0.0025318084
1.9387136e-05
0.0025319179
1.9896793e-05
0.002532026
2.0419985e-05
0.0025321331
2.095673e-05
0.0025322391
2.1506962e-05
0.0025323443
2.2070554e-05
0.0025324488
2.2647398e-05
2.3237492e-05
0.0026134533
1.0338949e-05
0.0026136248
1.0854591e-05
0.0026138007
1.1365931e-05
0.0026139791
1.1870633e-05
0.0026141585
1.2366817e-05
0.002614337
1.2853167e-05
0.0026145132
1.3329008e-05
0.0026146857
1.3794374e-05
0.0026148534
1.425003e-05
0.0026150154
1.4697456e-05
0.0026151712
1.5138771e-05
0.0026153205
1.5576602e-05
0.0026154636
1.6013886e-05
0.0026156008
1.6453632e-05
0.0026157327
1.6898684e-05
0.0026158599
1.7351509e-05
0.0026159831
1.7814061e-05
0.0026161032
1.8287752e-05
0.0026162205
1.8773522e-05
0.0026163357
1.9271954e-05
0.0026164491
1.9783396e-05
0.002616561
2.0308052e-05
0.0026166718
2.0846005e-05
0.0026167815
2.1397249e-05
0.0026168903
2.1961715e-05
0.0026169984
2.253934e-05
2.3130149e-05
0.0027007589
1.017513e-05
0.002700929
1.0684488e-05
0.0027011038
1.1191138e-05
0.0027012816
1.1692809e-05
0.0027014608
1.2187631e-05
0.0027016398
1.2674241e-05
0.0027018169
1.315186e-05
0.0027019909
1.3620361e-05
0.0027021607
1.4080291e-05
0.0027023252
1.4532869e-05
0.0027024841
1.4979919e-05
0.0027026369
1.5423756e-05
0.0027027838
1.5867017e-05
0.002702925
1.631245e-05
0.002703061
1.6762697e-05
0.0027031924
1.7220101e-05
0.0027033199
1.7686576e-05
0.0027034441
1.8163559e-05
0.0027035655
1.8652059e-05
0.0027036847
1.9152744e-05
0.0027038021
1.9666045e-05
0.0027039179
2.0192235e-05
0.0027040325
2.073146e-05
0.0027041459
2.1283773e-05
0.0027042585
2.1849161e-05
0.0027043702
2.2427607e-05
2.3019161e-05
0.0027909818
1.0013089e-05
0.0027911504
1.0515905e-05
0.002791324
1.1017523e-05
0.002791501
1.1515746e-05
0.0027916799
1.2008728e-05
0.0027918591
1.2495073e-05
0.0027920371
1.2973916e-05
0.0027922124
1.3444984e-05
0.0027923841
1.390863e-05
0.0027925511
1.4365829e-05
0.0027927129
1.4818129e-05
0.0027928691
1.5267552e-05
0.0027930197
1.571645e-05
0.0027931648
1.6167316e-05
0.0027933049
1.6622589e-05
0.0027934405
1.7084484e-05
0.0027935723
1.7554856e-05
0.0027937007
1.8035152e-05
0.0027938263
1.8526429e-05
0.0027939496
1.9029428e-05
0.002794071
1.9544651e-05
0.0027941908
2.0072437e-05
0.0027943093
2.0612995e-05
0.0027944266
2.1166431e-05
0.002794543
2.1732787e-05
0.0027946585
2.231209e-05
2.2904418e-05
0.0028842193
9.8528906e-06
0.0028843863
1.0348928e-05
0.0028845586
1.0845193e-05
0.0028847348
1.133957e-05
0.0028849132
1.1830247e-05
0.0028850925
1.2315813e-05
0.0028852711
1.279533e-05
0.0028854477
1.32684e-05
0.0028856211
1.3735198e-05
0.0028857905
1.4196477e-05
0.0028859551
1.4653528e-05
0.0028861145
1.5108101e-05
0.0028862687
1.5562274e-05
0.0028864177
1.6018292e-05
0.0028865619
1.6478399e-05
0.0028867017
1.6944668e-05
0.0028868377
1.7418886e-05
0.0028869703
1.7902491e-05
0.0028871002
1.8396574e-05
0.0028872277
1.8901931e-05
0.0028873532
1.941913e-05
0.0028874771
1.9948569e-05
0.0028875996
2.0490511e-05
0.0028877209
2.104512e-05
0.0028878412
2.1612486e-05
0.0028879606
2.2192682e-05
2.278581e-05
0.0029805721
9.6945889e-06
0.0029807373
1.0183635e-05
0.0029809083
1.0674246e-05
0.0029810835
1.1164397e-05
0.0029812614
1.1652323e-05
0.0029814406
1.2136607e-05
0.0029816197
1.2616256e-05
0.0029817973
1.3090765e-05
0.0029819724
1.3560149e-05
0.0029821439
1.4024961e-05
0.0029823111
1.4486255e-05
0.0029824737
1.4945523e-05
0.0029826314
1.5404586e-05
0.0029827842
1.5865455e-05
0.0029829325
1.6330172e-05
0.0029830765
1.6800672e-05
0.0029832167
1.727866e-05
0.0029833536
1.7765547e-05
0.0029834878
1.8262445e-05
0.0029836195
1.8770191e-05
0.0029837492
1.9289406e-05
0.0029838773
1.9820542e-05
0.0029840039
2.0363915e-05
0.0029841292
2.0919739e-05
0.0029842536
2.1488155e-05
0.002984377
2.2069274e-05
2.2663228e-05
0.0030801441
9.5382296e-06
0.0030803076
1.0020094e-05
0.0030804771
1.0504773e-05
0.0030806512
1.099034e-05
0.0030808284
1.1475084e-05
0.0030810074
1.1957597e-05
0.0030811868
1.2436848e-05
0.0030813654
1.2912237e-05
0.0030815419
1.3383644e-05
0.0030817154
1.3851437e-05
0.0030818852
1.4316453e-05
0.0030820508
1.4779948e-05
0.0030822119
1.5243499e-05
0.0030823684
1.5708889e-05
0.0030825206
1.6177971e-05
0.0030826688
1.6652531e-05
0.0030828132
1.7134184e-05
0.0030829545
1.7624303e-05
0.0030830929
1.8124001e-05
0.003083229
1.8634148e-05
0.003083363
1.9155406e-05
0.0030834952
1.9688274e-05
0.003083626
2.0233116e-05
0.0030837556
2.0790193e-05
0.0030838841
2.1359691e-05
0.0030840116
2.194176e-05
2.2536562e-05
0.0031830429
9.3838489e-06
0.0031832046
9.8583621e-06
0.0031833725
1.0336854e-05
0.0031835454
1.0817499e-05
0.0031837218
1.1298651e-05
0.0031839005
1.1778922e-05
0.0031840801
1.2257255e-05
0.0031842593
1.2732976e-05
0.0031844371
1.3205843e-05
0.0031846125
1.3676062e-05
0.0031847847
1.4144274e-05
0.0031849531
1.4611512e-05
0.0031851175
1.507913e-05
0.0031852777
1.5548694e-05
0.0031854338
1.6021867e-05
0.003185586
1.6500288e-05
0.0031857347
1.6985474e-05
0.0031858803
1.7478749e-05
0.0031860231
1.7981214e-05
0.0031861635
1.8493755e-05
0.0031863018
1.9017067e-05
0.0031864384
1.955169e-05
0.0031865735
2.0098029e-05
0.0031867073
2.0656387e-05
0.00318684
2.1226993e-05
0.0031869717
2.1810036e-05
2.2405703e-05
0.0032893794
9.2314731e-06
0.0032895392
9.6984888e-06
0.0032897055
1.017056e-05
0.0032898771
1.0645968e-05
0.0032900526
1.1123138e-05
0.0032902308
1.1600714e-05
0.0032904104
1.2077623e-05
0.0032905903
1.2553136e-05
0.0032907692
1.3026908e-05
0.0032909463
1.3498999e-05
0.0032911207
1.3969873e-05
0.0032912918
1.4440363e-05
0.0032914593
1.491161e-05
0.003291623
1.5384976e-05
0.003291783
1.5861942e-05
0.0032919393
1.6344e-05
0.0032920922
1.6832562e-05
0.003292242
1.7328889e-05
0.0032923892
1.7834062e-05
0.003292534
1.834897e-05
0.0032926767
1.8874333e-05
0.0032928177
1.9410718e-05
0.0032929571
1.995857e-05
0.0032930953
2.051823e-05
0.0032932323
2.1089965e-05
0.0032933684
2.1673997e-05
2.2270543e-05
0.0033992683
9.0811189e-06
0.0033994263
9.5405121e-06
0.0033995909
1.0005953e-05
0.003399761
1.0475832e-05
0.0033999355
1.0948651e-05
0.0034001131
1.1423096e-05
0.0034002926
1.1898094e-05
0.0034004729
1.2372873e-05
0.0034006528
1.2846999e-05
0.0034008314
1.3320411e-05
0.0034010079
1.3793411e-05
0.0034011816
1.426665e-05
0.0034013521
1.4741075e-05
0.0034015192
1.5217854e-05
0.0034016829
1.5698292e-05
0.0034018432
1.6183735e-05
0.0034020002
1.6675486e-05
0.0034021544
1.7174738e-05
0.0034023059
1.7682536e-05
0.0034024551
1.8199764e-05
0.0034026023
1.8727153e-05
0.0034027477
1.9265295e-05
0.0034028916
1.9814664e-05
0.0034030342
2.0375635e-05
0.0034031757
2.0948509e-05
0.0034033161
2.1533542e-05
2.2130973e-05
0.0035128282
8.9327931e-06
0.0035129842
9.3844596e-06
0.0035131471
9.8430821e-06
0.0035133157
1.0307162e-05
0.0035134891
1.0775286e-05
0.003513666
1.1246187e-05
0.0035138453
1.1718803e-05
0.0035140259
1.2192334e-05
0.0035142066
1.2666277e-05
0.0035143865
1.3140462e-05
0.0035145649
1.3615051e-05
0.003514741
1.4090531e-05
0.0035149144
1.4567668e-05
0.0035150848
1.5047451e-05
0.0035152521
1.5531018e-05
0.0035154162
1.601957e-05
0.0035155774
1.6514299e-05
0.0035157359
1.701632e-05
0.0035158918
1.7526636e-05
0.0035160454
1.8046113e-05
0.0035161971
1.8575486e-05
0.003516347
1.9115362e-05
0.0035164954
1.9666238e-05
0.0035166425
2.0228518e-05
0.0035167885
2.0802534e-05
0.0035169335
2.1388569e-05
2.1986887e-05
0.0036301814
8.7864926e-06
0.0036303355
9.2303482e-06
0.0036304966
9.681987e-06
0.0036306637
1.0140023e-05
0.0036308359
1.0603128e-05
0.003631012
1.1070093e-05
0.0036311909
1.1539877e-05
0.0036313716
1.2011663e-05
0.0036315529
1.2484896e-05
0.0036317341
1.2959313e-05
0.0036319142
1.3434957e-05
0.0036320926
1.3912164e-05
0.0036322687
1.4391538e-05
0.0036324422
1.4873902e-05
0.003632613
1.5360234e-05
0.003632781
1.5851594e-05
0.0036329462
1.6349062e-05
0.0036331089
1.6853671e-05
0.0036332691
1.7366372e-05
0.0036334273
1.7888006e-05
0.0036335834
1.8419299e-05
0.0036337379
1.8960868e-05
0.0036338909
1.9513226e-05
0.0036340427
2.0076801e-05
0.0036341932
2.0651948e-05
0.0036343428
2.1238979e-05
2.1838178e-05
0.0037514545
8.6422035e-06
0.0037516067
9.0781836e-06
0.0037517659
9.522695e-06
0.0037519315
9.9744636e-06
0.0037521024
1.0432252e-05
0.0037522776
1.0894912e-05
0.003752456
1.1361434e-05
0.0037526367
1.1830996e-05
0.0037528186
1.2303005e-05
0.0037530008
1.2777125e-05
0.0037531824
1.3253291e-05
0.0037533629
1.373171e-05
0.0037535416
1.4212838e-05
0.0037537181
1.4697345e-05
0.0037538923
1.5186058e-05
0.003754064
1.5679903e-05
0.0037542332
1.6179847e-05
0.0037544
1.6686838e-05
0.0037545647
1.7201766e-05
0.0037547272
1.7725438e-05
0.0037548879
1.8258568e-05
0.003755047
1.880177e-05
0.0037552047
1.9355568e-05
0.0037553611
1.9920408e-05
0.0037555164
2.0496667e-05
0.0037556707
2.1084677e-05
2.1684742e-05
0.0038767782
8.4999019e-06
0.0038769285
8.9279599e-06
0.0038770859
9.3652214e-06
0.0038772499
9.8105229e-06
0.0038774194
1.0262719e-05
0.0038775936
1.0720728e-05
0.0038777715
1.118358e-05
0.003877952
1.165046e-05
0.0038781342
1.2120749e-05
0.0038783173
1.2594051e-05
0.0038785004
1.3070213e-05
0.0038786828
1.3549328e-05
0.0038788639
1.4031722e-05
0.0038790433
1.4517922e-05
0.0038792208
1.5008616e-05
0.0038793961
1.5504603e-05
0.0038795692
1.6006735e-05
0.0038797401
1.6515874e-05
0.0038799091
1.7032846e-05
0.0038800761
1.7558416e-05
0.0038802414
1.8093275e-05
0.0038804051
1.8638031e-05
0.0038805675
1.9193211e-05
0.0038807286
1.9759272e-05
0.0038808887
2.0336608e-05
0.0038810478
2.0925569e-05
2.1526475e-05
0.0040061474
7.9502651e-06
0.0040062877
8.3595526e-06
0.004006436
8.7796594e-06
0.0040065917
9.2095686e-06
0.004006754
9.6482258e-06
0.0040069221
1.0094578e-05
0.0040070952
1.0547615e-05
0.0040072724
1.1006412e-05
0.0040074527
1.1470172e-05
0.0040076352
1.193826e-05
0.004007819
1.2410238e-05
0.0040080033
1.2885879e-05
0.0040081875
1.3365179e-05
0.0040083708
1.3848346e-05
0.004008553
1.433578e-05
0.0040087336
1.4828041e-05
0.0040089124
1.5325804e-05
0.0040090893
1.5829816e-05
0.0040092643
1.6340846e-05
0.0040094375
1.6859653e-05
0.004009609
1.7386955e-05
0.0040097788
1.7923414e-05
0.0040099472
1.8469623e-05
0.0040101143
1.9026107e-05
0.0040102803
1.9593329e-05
0.0040104452
2.0171694e-05
0.0040106092
2.0761565e-05
2.1363278e-05
0.0044785979
0.0044787473
0.0044789054
0.0044790715
0.004479245
0.004479425
0.0044796108
0.0044798013
0.0044799957
0.0044801929
0.0044803922
0.0044805925
0.0044807933
0.0044809937
0.0044811934
0.0044813919
0.0044815888
0.0044817841
0.0044819777
0.0044821696
1.6667797e-05
0.0044823598
1.7196757e-05
0.0044825484
1.7734772e-05
0.0044827356
1.8282413e-05
0.0044829215
1.8840197e-05
0.0044831063
1.9408584e-05
0.00448329
1.9987988e-05
0.0044834727
2.0578783e-05
2.1181314e-05
0.0055683136
0.0055685475
0.0055687799
0.0055690108
0.0055692403
0.0055694685
0.0055696957
0.0055699219
)
;

boundaryField
{
    inlet
    {
        type            calculated;
        value           nonuniform List<scalar> 0();
    }
    top
    {
        type            calculated;
        value           nonuniform List<scalar> 0();
    }
    outlet
    {
        type            calculated;
        value           nonuniform List<scalar> 0();
    }
    slipsurface
    {
        type            calculated;
        value           nonuniform List<scalar> 0();
    }
    bottom
    {
        type            calculated;
        value           nonuniform List<scalar> 0();
    }
    frontandback
    {
        type            empty;
    }
    procBoundary12to2
    {
        type            processor;
        value           nonuniform List<scalar> 
15
(
0.0025325526
0.0026171057
0.0027044812
0.0027947733
0.0028880792
0.0029844996
0.0030841382
0.0031871026
0.0032935035
0.0034034557
0.0035170776
0.0036344915
0.0037558241
0.003881206
0.0040107724
)
;
    }
    procBoundary12to3
    {
        type            processor;
        value           nonuniform List<scalar> 2(0.0044836547 0.0055701471);
    }
    procBoundary12to8
    {
        type            processor;
        value           nonuniform List<scalar> 
28
(
-1.0840292e-05
-1.1373028e-05
-1.1896194e-05
-1.2407335e-05
-1.2904626e-05
-1.3386982e-05
-1.3854142e-05
-1.4306734e-05
-1.4746288e-05
-1.5175186e-05
-1.5596552e-05
-1.6014047e-05
-1.6431588e-05
-1.6853009e-05
-1.7281743e-05
-1.7720564e-05
-1.8171442e-05
-1.8635583e-05
-1.9113611e-05
-1.9605766e-05
-2.0112103e-05
-2.0632597e-05
-2.1167134e-05
0.0024503252
-2.1613018e-05
-2.2175787e-05
-2.2751889e-05
-2.3341299e-05
)
;
    }
    procBoundary12to13
    {
        type            processor;
        value           nonuniform List<scalar> 
29
(
7.809842e-06
8.2100819e-06
8.6215848e-06
9.043458e-06
9.4747624e-06
9.914545e-06
1.0361876e-05
1.0815886e-05
1.1275806e-05
1.1741e-05
1.2210995e-05
1.2685503e-05
1.316443e-05
1.3647876e-05
1.4136119e-05
1.4629591e-05
1.5128845e-05
1.5634513e-05
1.614727e-05
-0.005568078
1.6432198e-05
1.6962805e-05
1.7502404e-05
1.8051531e-05
1.8610683e-05
1.9180312e-05
1.9760831e-05
2.0352621e-05
2.0956037e-05
)
;
    }
    procBoundary12to14
    {
        type            processor;
        value           nonuniform List<scalar> 
17
(
-0.002447051
-0.0025288035
-0.0026132878
-0.0027005951
-0.0027908197
-0.0028840591
-0.0029804138
-0.0030799877
-0.0031828885
-0.003289227
-0.0033991179
-0.0035126798
-0.0036300351
-0.0037513102
-0.0038766359
-8.0821848e-06
-0.0040060155
)
;
    }
    procBoundary12to15
    {
        type            processor;
        value           uniform -0.0044784574;
    }
}


// ************************************************************************* //
