/*--------------------------------*- C++ -*----------------------------------*\
  =========                 |
  \\      /  F ield         | OpenFOAM: The Open Source CFD Toolbox
   \\    /   O peration     | Website:  https://openfoam.org
    \\  /    A nd           | Version:  12
     \\/     M anipulation  |
\*---------------------------------------------------------------------------*/
FoamFile
{
    format      ascii;
    class       volScalarField;
    location    "1700";
    object      k;
}
// * * * * * * * * * * * * * * * * * * * * * * * * * * * * * * * * * * * * * //

dimensions      [0 2 -2 0 0 0 0];

internalField   nonuniform List<scalar> 
467
(
0.00013509137
0.00013462473
0.0001341563
0.00013368893
0.00013322611
0.0001327699
0.00013232735
0.00013190024
0.00014132304
0.00014101272
0.00014068903
0.00014035227
0.00014000283
0.00013964118
0.00013926785
0.00013888337
0.00013848822
0.00013808292
0.00013766791
0.00013724358
0.00013681061
0.00013636953
0.00013592099
0.00013546623
0.00013500609
0.00013454206
0.00013407632
0.00013361033
0.00013314785
0.0001326906
0.0001322452
0.00013181701
0.00013140843
0.0001310378
0.00013070145
0.00014172834
0.0001414449
0.0001411485
0.00014083921
0.00014051719
0.00014018272
0.00013983615
0.00013947784
0.00013910819
0.00013872757
0.00013833634
0.00013793483
0.00013752345
0.00013710261
0.00013667272
0.00013623453
0.00013578865
0.00013533598
0.00013487784
0.00013441531
0.00013395051
0.00013348486
0.00013302174
0.00013256496
0.0001321162
0.00013168472
0.00013127079
0.00014207714
0.00014181748
0.00014154544
0.00014126094
0.00014096397
0.00014065463
0.00014033309
0.00013999957
0.00013965433
0.00013929764
0.00013892979
0.00013855101
0.0001381616
0.00013776184
0.00013735204
0.00013693264
0.00013650407
0.0001360669
0.00013562195
0.00013516998
0.00013471227
0.00013424988
0.0001337847
0.00013331928
0.00013285498
0.00013239677
0.00013194599
0.00014238007
0.00014214135
0.00014189096
0.00014162868
0.00014135439
0.00014106804
0.00014076965
0.00014045931
0.00014013714
0.00013980332
0.00013945801
0.00013910139
0.00013873367
0.00013835506
0.00013796574
0.00013756601
0.00013715617
0.00013673658
0.00013630775
0.0001358702
0.00013542473
0.00013497211
0.00013451347
0.00013405046
0.0001335842
0.00013311751
0.00013265182
0.00014264565
0.00014242533
0.00014219409
0.00014195163
0.00014169775
0.00014143227
0.0001411551
0.00014086621
0.00014056561
0.00014025336
0.00013992953
0.00013959423
0.00013924757
0.00013888967
0.00013852068
0.00013814078
0.00013775015
0.00013734904
0.00013693776
0.00013651667
0.00013608626
0.00013564707
0.00013519982
0.00013474556
0.00013428516
0.00013382032
0.00013335224
0.00014288076
0.00014267658
0.00014246224
0.0001422374
0.00014200178
0.00014175513
0.00014149728
0.00014122808
0.00014094746
0.00014065537
0.00014035179
0.00014003675
0.00013971028
0.00013937244
0.00013902329
0.00013866292
0.00013829146
0.00013790906
0.00013751591
0.00013711223
0.00013669835
0.00013627461
0.00013584148
0.00013539964
0.00013494971
0.00013449278
0.00013402976
0.000143091
0.00014290097
0.00014270152
0.00014249229
0.00014227296
0.00014204323
0.00014180284
0.0001415516
0.00014128934
0.00014101593
0.00014073128
0.00014043533
0.00014012803
0.00013980938
0.00013947936
0.000139138
0.00013878536
0.0001384215
0.00013804654
0.0001376606
0.00013726389
0.00013685663
0.00013643911
0.00013601177
0.00013557504
0.00013512961
0.00013467616
0.000143281
0.00014310334
0.00014291699
0.00014272156
0.00014251672
0.00014230212
0.00014207747
0.00014184251
0.00014159703
0.00014134081
0.00014107371
0.00014079558
0.00014050633
0.00014020587
0.00013989413
0.00013957108
0.00013923669
0.00013889097
0.00013853395
0.00013816571
0.00013778633
0.00013739596
0.00013699478
0.00013658305
0.00013616106
0.00013572926
0.00013528812
0.00014345456
0.00014328773
0.00014311288
0.00014292963
0.00014273763
0.00014253653
0.000142326
0.00014210575
0.0001418755
0.00014163501
0.00014138407
0.00014112249
0.0001408501
0.00014056675
0.00014027233
0.00013996673
0.00013964988
0.00013932171
0.0001389822
0.00013863135
0.00013826918
0.00013789575
0.00013751116
0.00013711556
0.00013670913
0.00013629215
0.00013586495
0.00014361485
0.00014345748
0.00014329272
0.00014312021
0.00014293958
0.00014275049
0.00014255259
0.00014234556
0.0001421291
0.00014190293
0.00014166679
0.00014142046
0.00014116371
0.00014089635
0.00014061822
0.00014032914
0.000140029
0.00013971767
0.00013939507
0.00013906114
0.00013871583
0.00013835915
0.00013799112
0.0001376118
0.00013722129
0.00013681975
0.00013640739
0.00014376453
0.00014361541
0.0001434595
0.00014329643
0.00014312586
0.00014294742
0.00014276078
0.00014256561
0.00014236158
0.00014214839
0.00014192575
0.0001416934
0.00014145109
0.00014119857
0.00014093564
0.0001406621
0.00014037775
0.00014008245
0.00013977605
0.00013945844
0.00013912952
0.00013878921
0.0001384375
0.00013807436
0.00013769982
0.00013731397
0.00013691691
0.00014390579
0.00014376389
0.00014361573
0.00014346096
0.00014329926
0.00014313027
0.00014295365
0.00014276907
0.00014257621
0.00014237474
0.00014216436
0.00014194478
0.00014171572
0.00014147691
0.0001412281
0.00014096906
0.00014069956
0.0001404194
0.00014012841
0.00013982641
0.00013951325
0.00013918883
0.00013885303
0.0001385058
0.0001381471
0.00013777693
0.00013739532
0.00014404048
0.00014390488
0.00014376351
0.00014361604
0.00014346216
0.00014330153
0.00014313382
0.0001429587
0.00014277584
0.00014258493
0.00014238564
0.00014217767
0.00014196071
0.0001417345
0.00014149873
0.00014125316
0.00014099753
0.0001407316
0.00014045515
0.00014016798
0.0001398699
0.00013956073
0.00013924035
0.00013890862
0.00013856545
0.00013821077
0.00013784456
0.00014417007
0.00014404
0.00014390459
0.00014376355
0.00014361657
0.00014346334
0.00014330353
0.00014313684
0.00014296293
0.0001427815
0.00014259221
0.00014239476
0.00014218884
0.00014197415
0.00014175038
0.00014151726
0.00014127451
0.00014102187
0.00014075908
0.00014048591
0.00014020213
0.00013990754
0.00013960195
0.00013928519
0.00013895712
0.00013861761
0.00013826659
0.00014429579
0.00014417058
0.00014404043
0.00014390506
0.00014376418
0.0001436175
0.00014346472
0.00014330553
0.00014313962
0.00014296668
0.0001427864
0.00014259846
0.00014240255
0.00014219836
0.00014198559
0.00014176393
0.0001415331
0.0001412928
0.00014104277
0.00014078275
0.00014051247
0.0001402317
0.00013994022
0.00013963782
0.00013932431
0.00013899953
0.00013866335
0.00014441859
0.0001442977
0.0001441722
0.00014404185
0.00014390638
0.00014376552
0.00014361898
0.00014346648
0.00014330772
0.0001431424
0.00014297022
0.00014279086
0.00014260402
0.00014240938
0.00014220665
0.0001419955
0.00014177564
0.00014154677
0.00014130861
0.00014106085
0.00014080324
0.00014053551
0.00014025741
0.00013996869
0.00013966915
0.00013935856
0.00013903675
0.00014453919
0.00014442217
0.00014430084
0.00014417497
0.00014404433
0.00014390866
0.00014376769
0.00014362116
0.0001434688
0.00014331031
0.0001431454
0.00014297378
0.00014279514
0.00014260918
0.00014241558
0.00014221405
0.00014200427
0.00014178594
0.00014155875
0.00014132242
0.00014107664
0.00014082115
0.00014055566
0.00014027991
0.00013999365
0.00013969664
0.00013938867
)
;

boundaryField
{
    inlet
    {
        type            fixedValue;
        value           nonuniform List<scalar> 0();
    }
    top
    {
        type            zeroGradient;
    }
    outlet
    {
        type            zeroGradient;
    }
    slipsurface
    {
        type            slip;
    }
    bottom
    {
        type            kqRWallFunction;
        value           nonuniform List<scalar> 0();
    }
    frontandback
    {
        type            empty;
    }
    procBoundary14to4
    {
        type            processor;
        value           nonuniform List<scalar> 
17
(
0.00014161984
0.00014199883
0.00014232459
0.00014260738
0.00014285537
0.00014307514
0.000143272
0.00014345034
0.00014361374
0.0001437652
0.00014390719
0.00014404177
0.00014417061
0.0001442951
0.00014441631
0.00014453511
0.00014465212
)
;
    }
    procBoundary14to11
    {
        type            processor;
        value           nonuniform List<scalar> 
27
(
0.00014465813
0.00014454462
0.00014442705
0.00014430523
0.00014417892
0.00014404791
0.00014391194
0.00014377077
0.00014362415
0.0001434718
0.00014331344
0.00014314879
0.00014297757
0.00014279947
0.00014261419
0.00014242143
0.00014222088
0.00014201224
0.00014179519
0.00014156943
0.00014133468
0.00014109061
0.00014083696
0.00014057343
0.00014029976
0.00014001568
0.00013972093
)
;
    }
    procBoundary14to13
    {
        type            processor;
        value           nonuniform List<scalar> 
17
(
0.00013043691
0.00013089108
0.00013151071
0.00013219137
0.00013288337
0.00013356215
0.00013421566
0.00013483828
0.00013542794
0.00013598448
0.0001365088
0.00013700236
0.00013746683
0.00013790399
0.00013831563
0.00013870355
0.00013906952
)
;
    }
    procBoundary14to15
    {
        type            processor;
        value           nonuniform List<scalar> 
29
(
0.00013418267
0.00013371355
0.00013324841
0.00013279342
0.00013235403
0.0001319333
0.0001315458
0.00013119225
0.00014084791
0.00014050733
0.00014015331
0.00013978642
0.00013940727
0.00013901659
0.00013861508
0.0001382034
0.00013778215
0.00013735202
0.00013691351
0.00013646722
0.00013601427
0.00013555527
0.00013555527
0.00013150272
0.00013150272
0.0001311411
0.00013082078
0.00013058019
0.000130404
)
;
    }
}


// ************************************************************************* //
