/*--------------------------------*- C++ -*----------------------------------*\
  =========                 |
  \\      /  F ield         | OpenFOAM: The Open Source CFD Toolbox
   \\    /   O peration     | Website:  https://openfoam.org
    \\  /    A nd           | Version:  12
     \\/     M anipulation  |
\*---------------------------------------------------------------------------*/
FoamFile
{
    format      ascii;
    class       volScalarField;
    location    "300";
    object      nut;
}
// * * * * * * * * * * * * * * * * * * * * * * * * * * * * * * * * * * * * * //

dimensions      [0 2 -1 0 0 0 0];

internalField   nonuniform List<scalar> 
816
(
1.7356598e-05
1.6419236e-05
1.5687657e-05
1.5125564e-05
1.4695439e-05
1.4364423e-05
1.4106525e-05
1.3902351e-05
1.3737855e-05
1.3602975e-05
1.3490488e-05
1.3395162e-05
1.3313148e-05
1.3241562e-05
1.3178202e-05
1.3121332e-05
1.3069593e-05
1.3021754e-05
1.2976966e-05
1.2933795e-05
1.2892182e-05
1.2847923e-05
1.2803907e-05
1.2737165e-05
1.2628499e-05
1.2515922e-05
1.2413668e-05
1.2323218e-05
1.2242032e-05
1.2167736e-05
1.2098436e-05
1.2032868e-05
1.1970218e-05
1.1909928e-05
1.1851601e-05
1.9307674e-05
1.8366682e-05
1.7618316e-05
1.7029708e-05
1.6568439e-05
1.6205569e-05
1.5917419e-05
1.5685671e-05
1.549659e-05
1.5340022e-05
1.5208469e-05
1.5096366e-05
1.4999529e-05
1.491477e-05
1.4839617e-05
1.4772102e-05
1.4710658e-05
1.4653879e-05
1.4600749e-05
1.4549699e-05
1.4500451e-05
1.4448853e-05
1.4396809e-05
1.4324418e-05
1.4213811e-05
1.4098293e-05
1.3992288e-05
1.3896534e-05
1.3809546e-05
1.3729319e-05
1.3654043e-05
1.3582486e-05
1.3513847e-05
1.3447571e-05
1.3383258e-05
2.144403e-05
2.0501955e-05
1.9741083e-05
1.9130375e-05
1.86415e-05
1.8249102e-05
1.7931888e-05
1.7672856e-05
1.7458844e-05
1.7279824e-05
1.7128189e-05
1.6998153e-05
1.6885279e-05
1.6786117e-05
1.6697957e-05
1.6618609e-05
1.6546311e-05
1.6479477e-05
1.6416921e-05
1.6356944e-05
1.6299026e-05
1.6239089e-05
1.6178159e-05
1.6099165e-05
1.5985848e-05
1.5866807e-05
1.5756399e-05
1.5654697e-05
1.5561046e-05
1.5473938e-05
1.5391717e-05
1.5313188e-05
1.5237562e-05
1.516429e-05
1.5092972e-05
2.3771948e-05
2.283146e-05
2.2062498e-05
2.1434554e-05
2.0922405e-05
2.0503812e-05
2.0159797e-05
1.9874804e-05
1.9636445e-05
1.9435013e-05
1.9262956e-05
1.9114395e-05
1.8984724e-05
1.8870301e-05
1.8768217e-05
1.8676089e-05
1.8591975e-05
1.8514126e-05
1.8441184e-05
1.8371332e-05
1.8303796e-05
1.8234603e-05
1.8164016e-05
1.8077585e-05
1.796086e-05
1.7837741e-05
1.7721304e-05
1.7613093e-05
1.7512425e-05
1.7417885e-05
1.7327995e-05
1.7241666e-05
1.7158164e-05
1.7076963e-05
1.6997679e-05
2.6293717e-05
2.5357648e-05
2.4585099e-05
2.3945061e-05
2.3414556e-05
2.2973942e-05
2.2606365e-05
2.2297738e-05
2.2036571e-05
2.1813639e-05
2.1621588e-05
2.1454568e-05
2.1307906e-05
2.1177837e-05
2.1061308e-05
2.0955785e-05
2.0859172e-05
2.0769578e-05
2.0685485e-05
2.0604979e-05
2.052703e-05
2.0447828e-05
2.0366874e-05
2.0272359e-05
2.01516e-05
2.0023857e-05
1.9901176e-05
1.9785741e-05
1.967729e-05
1.9574635e-05
1.9476398e-05
1.9381555e-05
1.9289414e-05
1.9199478e-05
1.9111378e-05
2.9006183e-05
2.8077581e-05
2.7306027e-05
2.665918e-05
2.6115607e-05
2.565776e-05
2.5270648e-05
2.4941591e-05
2.4660047e-05
2.4417375e-05
2.4206541e-05
2.4021831e-05
2.3858597e-05
2.3713034e-05
2.3582003e-05
2.3462867e-05
2.3353413e-05
2.3251639e-05
2.3155889e-05
2.3064175e-05
2.2975228e-05
2.2885469e-05
2.2793659e-05
2.2690518e-05
2.256519e-05
2.2432491e-05
2.2303421e-05
2.2180506e-05
2.2063841e-05
2.1952519e-05
2.1845343e-05
2.1741368e-05
2.1639941e-05
2.1540592e-05
2.144297e-05
3.1899115e-05
3.09813e-05
3.0215429e-05
2.9567114e-05
2.9015936e-05
2.8546012e-05
2.8143941e-05
2.7798327e-05
2.7499568e-05
2.7239657e-05
2.7011959e-05
2.6810989e-05
2.6632208e-05
2.6471841e-05
2.6326727e-05
2.619418e-05
2.6071912e-05
2.5957846e-05
2.5850219e-05
2.5747005e-05
2.564673e-05
2.5546077e-05
2.5443278e-05
2.5331119e-05
2.5200755e-05
2.5063032e-05
2.4927569e-05
2.479713e-05
2.4672084e-05
2.4551807e-05
2.4435315e-05
2.4321775e-05
2.4210591e-05
2.4101326e-05
2.3993647e-05
3.4953481e-05
3.4050082e-05
3.3294729e-05
3.2650305e-05
3.2097017e-05
3.1620319e-05
3.1208157e-05
3.0850279e-05
3.0537969e-05
3.0263868e-05
3.0021787e-05
2.9806532e-05
2.961374e-05
2.9439731e-05
2.9281384e-05
2.9136014e-05
2.9001305e-05
2.8875148e-05
2.875571e-05
2.8640962e-05
2.8529277e-05
2.8417635e-05
2.8303941e-05
2.8182675e-05
2.8046927e-05
2.790414e-05
2.7762435e-05
2.7624624e-05
2.7491262e-05
2.7361989e-05
2.7236053e-05
2.7112754e-05
2.6991569e-05
2.6872106e-05
2.6754054e-05
3.813981e-05
3.7254777e-05
3.6514955e-05
3.5879789e-05
3.5329824e-05
3.4851626e-05
3.4434303e-05
3.4068616e-05
3.3746674e-05
3.3461748e-05
3.3208116e-05
3.2980915e-05
3.277601e-05
3.258987e-05
3.2419465e-05
3.2262162e-05
3.2115663e-05
3.1977869e-05
3.1846919e-05
3.1720822e-05
3.1597864e-05
3.1475336e-05
3.1351022e-05
3.122071e-05
3.1079327e-05
3.0931386e-05
3.0783693e-05
3.0638823e-05
3.0497398e-05
3.03593e-05
3.0224018e-05
3.0090999e-05
2.9959806e-05
2.9830098e-05
2.970161e-05
4.141694e-05
4.0554491e-05
3.9835372e-05
3.9214823e-05
3.8673496e-05
3.8198923e-05
3.7781248e-05
3.7412155e-05
3.7084515e-05
3.6792208e-05
3.6529984e-05
3.6293337e-05
3.6078396e-05
3.588182e-05
3.5700717e-05
3.5532549e-05
3.537508e-05
3.5226263e-05
3.5084256e-05
3.4947144e-05
3.4813195e-05
3.4680023e-05
3.4545442e-05
3.4406328e-05
3.4258796e-05
3.410568e-05
3.3952147e-05
3.3800504e-05
3.365136e-05
3.350477e-05
3.3360432e-05
3.3217939e-05
3.3076942e-05
3.2937161e-05
3.2798374e-05
4.4731519e-05
4.3896022e-05
4.3202838e-05
4.2602194e-05
4.2074636e-05
4.160857e-05
4.1195105e-05
4.0826785e-05
4.0497207e-05
4.0200842e-05
3.9932912e-05
3.9689287e-05
3.9466384e-05
3.9261091e-05
3.9070687e-05
3.8892768e-05
3.8725204e-05
3.8566038e-05
3.8413491e-05
3.8265762e-05
3.8121169e-05
3.797764e-05
3.7833177e-05
3.7685348e-05
3.7531616e-05
3.7373073e-05
3.7213536e-05
3.7055125e-05
3.6898454e-05
3.6743667e-05
3.6590601e-05
3.643897e-05
3.62885e-05
3.6138966e-05
3.5990182e-05
4.8018782e-05
4.7214535e-05
4.6552381e-05
4.597671e-05
4.5467759e-05
4.5014741e-05
4.460969e-05
4.4245979e-05
4.3917911e-05
4.362054e-05
4.3349566e-05
4.3101246e-05
4.2872314e-05
4.265991e-05
4.2461519e-05
4.2274907e-05
4.2098081e-05
4.1929212e-05
4.1766627e-05
4.1608668e-05
4.1453768e-05
4.1300155e-05
4.1146083e-05
4.0989694e-05
4.0829157e-05
4.0664853e-05
4.0499248e-05
4.03341e-05
4.0170018e-05
4.0007208e-05
3.9845633e-05
3.968511e-05
3.952544e-05
3.9366449e-05
3.9207986e-05
5.1205123e-05
5.0436039e-05
4.9809553e-05
4.9263447e-05
4.8777458e-05
4.8341542e-05
4.794863e-05
4.7592912e-05
4.7269385e-05
4.6973688e-05
4.6702006e-05
4.6451e-05
4.6217739e-05
4.599964e-05
4.5794422e-05
4.5600051e-05
4.5414703e-05
4.5236708e-05
4.5064532e-05
4.4896691e-05
4.4731773e-05
4.4568291e-05
4.4404782e-05
4.4239788e-05
4.4072047e-05
4.3901436e-05
4.3729419e-05
4.3557373e-05
4.3385866e-05
4.3215122e-05
4.304518e-05
4.2875947e-05
4.2707287e-05
4.2539076e-05
4.2371197e-05
5.4212902e-05
5.3482091e-05
5.2895024e-05
5.2382246e-05
5.192281e-05
5.1507352e-05
5.1129668e-05
5.0784749e-05
5.0468281e-05
5.0176487e-05
4.9906047e-05
4.9654036e-05
4.9417875e-05
4.919528e-05
4.8984226e-05
4.8782902e-05
4.8589678e-05
4.8403068e-05
4.8221709e-05
4.8044303e-05
4.7869624e-05
4.7696446e-05
4.7523583e-05
4.7349879e-05
4.7174445e-05
4.6996918e-05
4.6818046e-05
4.6638841e-05
4.6459785e-05
4.6281099e-05
4.6102859e-05
4.5925034e-05
4.5747547e-05
4.5570311e-05
4.5393247e-05
5.6967568e-05
5.6276877e-05
5.5731599e-05
5.5254652e-05
5.4824253e-05
5.4431642e-05
5.4071437e-05
5.3739398e-05
5.3431887e-05
5.3145702e-05
5.2878018e-05
5.2626331e-05
5.2388423e-05
5.2162323e-05
5.1946275e-05
5.1738707e-05
5.1538204e-05
5.134348e-05
5.1153357e-05
5.0966735e-05
5.0782585e-05
5.0599913e-05
5.0417781e-05
5.0235272e-05
5.0051752e-05
4.9866765e-05
4.9680596e-05
4.9493942e-05
4.9307184e-05
4.9120518e-05
4.8934031e-05
4.8747732e-05
4.8561584e-05
4.8375537e-05
4.8189537e-05
5.9406576e-05
5.8756144e-05
5.8253174e-05
5.7812885e-05
5.7412555e-05
5.7043939e-05
5.670241e-05
5.6384451e-05
5.6087061e-05
5.5807597e-05
5.5543709e-05
5.529331e-05
5.505454e-05
5.4825742e-05
5.4605437e-05
5.4392297e-05
5.4185128e-05
5.3982848e-05
5.3784475e-05
5.3589102e-05
5.3395893e-05
5.3204058e-05
5.3012874e-05
5.2821609e-05
5.262983e-05
5.2437059e-05
5.224331e-05
5.2049043e-05
5.1854538e-05
5.1659953e-05
5.146537e-05
5.1270817e-05
5.1076284e-05
5.0881745e-05
5.0687169e-05
6.148863e-05
6.0876608e-05
6.0414294e-05
6.0009524e-05
5.9638595e-05
5.9293682e-05
5.8970818e-05
5.8667137e-05
5.8380222e-05
5.8107938e-05
5.7848386e-05
5.7599868e-05
5.7360867e-05
5.7130028e-05
5.6906138e-05
5.6688108e-05
5.647496e-05
5.6265814e-05
5.6059873e-05
5.5856411e-05
5.565477e-05
5.5454338e-05
5.5254567e-05
5.505488e-05
5.4855005e-05
5.4654489e-05
5.4453194e-05
5.4251428e-05
5.4049381e-05
5.384717e-05
5.3644864e-05
5.3442494e-05
5.3240065e-05
5.3037568e-05
5.2834988e-05
6.320088e-05
6.2623442e-05
6.2197953e-05
6.1825578e-05
6.148166e-05
6.1158689e-05
6.0853252e-05
6.0563036e-05
6.0286127e-05
6.002084e-05
5.9765671e-05
5.9519274e-05
5.928044e-05
5.9048088e-05
5.8821249e-05
5.8599055e-05
5.8380726e-05
5.8165564e-05
5.7952942e-05
5.7742296e-05
5.753312e-05
5.7324951e-05
5.7117384e-05
5.6909971e-05
5.6702577e-05
5.6494791e-05
5.6286401e-05
5.6077624e-05
5.5868585e-05
5.5659363e-05
5.545001e-05
5.5240553e-05
5.5031003e-05
5.4821362e-05
5.4611622e-05
6.4561292e-05
6.4013036e-05
6.3618786e-05
6.3274051e-05
6.2953316e-05
6.2649293e-05
6.2359002e-05
6.2080571e-05
6.1812499e-05
6.155347e-05
6.1302311e-05
6.1057969e-05
6.08195e-05
6.0586055e-05
6.0356876e-05
6.0131283e-05
5.9908668e-05
5.9688487e-05
5.9470258e-05
5.9253552e-05
5.9037988e-05
5.8823222e-05
5.8608967e-05
5.8394875e-05
5.818093e-05
5.7966765e-05
5.7752136e-05
5.7537215e-05
5.7322081e-05
5.7106786e-05
5.6891364e-05
5.6675838e-05
5.6460218e-05
5.6244507e-05
5.6028707e-05
6.5614209e-05
6.5088946e-05
6.4719417e-05
6.4396661e-05
6.4094453e-05
6.3805644e-05
6.3527573e-05
6.3258703e-05
6.2997842e-05
6.2743964e-05
6.2496152e-05
6.2253585e-05
6.2015527e-05
6.1781317e-05
6.1550364e-05
6.1322139e-05
6.1096169e-05
6.0872038e-05
6.0649375e-05
6.0427856e-05
6.0207199e-05
5.9987154e-05
5.976752e-05
5.9548032e-05
5.9328765e-05
5.9109397e-05
5.888967e-05
5.8669734e-05
5.8449645e-05
5.8229434e-05
5.8009124e-05
5.7788728e-05
5.7568256e-05
5.7347713e-05
5.7127099e-05
6.6419585e-05
6.5911314e-05
6.556009e-05
6.5253662e-05
6.4965266e-05
6.4687842e-05
6.4418947e-05
6.4157281e-05
6.3901879e-05
6.365192e-05
6.3406678e-05
6.3165503e-05
6.2927811e-05
6.2693083e-05
6.246085e-05
6.2230697e-05
6.2002254e-05
6.1775195e-05
6.1549235e-05
6.1324127e-05
6.1099662e-05
6.0875656e-05
6.0651976e-05
6.0428414e-05
6.0205119e-05
5.9981799e-05
5.9758196e-05
5.9534449e-05
5.9310602e-05
5.9086676e-05
5.8862682e-05
5.8638631e-05
5.8414528e-05
5.8190376e-05
5.7966178e-05
6.7039604e-05
6.6543256e-05
6.6204883e-05
6.5909939e-05
6.5631276e-05
6.5361889e-05
6.5099486e-05
6.4842929e-05
6.4591408e-05
6.4344245e-05
6.4100846e-05
6.3860681e-05
6.3623274e-05
6.3388202e-05
6.3155087e-05
6.292359e-05
6.2693414e-05
6.2464298e-05
6.2236014e-05
6.2008371e-05
6.178121e-05
6.1554395e-05
6.1327837e-05
6.1101374e-05
6.0875202e-05
6.0649055e-05
6.0422675e-05
6.01962e-05
5.9969665e-05
5.9743086e-05
5.9516469e-05
5.9289819e-05
5.9063141e-05
5.8836436e-05
5.8609707e-05
6.7527769e-05
6.7039565e-05
6.6709972e-05
6.6422871e-05
6.6150857e-05
6.5886962e-05
6.5628997e-05
6.5375935e-05
6.5127071e-05
6.4881827e-05
6.4639697e-05
6.4400231e-05
6.4163029e-05
6.3927733e-05
6.3694023e-05
6.3461617e-05
6.3230263e-05
6.2999745e-05
6.2769875e-05
6.2540498e-05
6.2311489e-05
6.2082745e-05
6.185421e-05
6.1625748e-05
6.1397592e-05
6.1169492e-05
6.0941191e-05
6.0712826e-05
6.0484432e-05
6.0256018e-05
6.0027589e-05
5.9799149e-05
5.9570697e-05
5.9342237e-05
5.9113768e-05
6.1817357e-05
6.1587912e-05
6.1358285e-05
6.1128615e-05
6.0898935e-05
6.0669253e-05
6.0439573e-05
6.0209895e-05
5.998022e-05
5.9750549e-05
5.9520881e-05
)
;

boundaryField
{
    bottom
    {
        type            nutLowReWallFunction;
        Cmu             0.09;
        kappa           0.41;
        E               9.8;
        value           nonuniform List<scalar> 0();
    }
    back
    {
        type            empty;
    }
    front
    {
        type            empty;
    }
    inlet
    {
        type            calculated;
        value           nonuniform List<scalar> 
23
(
1.7919326e-05
1.986748e-05
2.2001301e-05
2.432702e-05
2.6846877e-05
2.9557674e-05
3.2449141e-05
3.5502212e-05
3.8687391e-05
4.196349e-05
4.527714e-05
4.8563561e-05
5.1749139e-05
5.4756225e-05
5.751027e-05
5.9948727e-05
6.2030305e-05
6.3742159e-05
6.5102254e-05
6.6154935e-05
6.6960172e-05
6.7580117e-05
6.8068234e-05
)
;
    }
    outlet
    {
        type            calculated;
        value           nonuniform List<scalar> 0();
    }
    top
    {
        type            calculated;
        value           nonuniform List<scalar> 0();
    }
    slipsurface
    {
        type            slip;
    }
    procBoundary5to4
    {
        type            processor;
        value           nonuniform List<scalar> 
34
(
6.7924097e-05
6.7441487e-05
6.7117914e-05
6.6836183e-05
6.6568713e-05
6.6308568e-05
6.6053631e-05
6.5802952e-05
6.5555901e-05
6.5311966e-05
6.5070703e-05
6.4831718e-05
6.4594659e-05
6.4359215e-05
6.4125105e-05
6.3892082e-05
6.3659929e-05
6.3428456e-05
6.3197505e-05
6.2966943e-05
6.2736671e-05
6.2506606e-05
6.2276714e-05
6.2046878e-05
6.2046878e-05
6.2165711e-05
6.1935315e-05
6.1704751e-05
6.1474158e-05
6.1243568e-05
6.1012989e-05
6.0782423e-05
6.055187e-05
6.032133e-05
)
;
    }
    procBoundary5to6
    {
        type            processor;
        value           nonuniform List<scalar> 
24
(
1.1794943e-05
1.3320614e-05
1.5023313e-05
1.692002e-05
1.9024837e-05
2.1346806e-05
2.3887302e-05
2.6637185e-05
2.9574122e-05
3.2660389e-05
3.5841991e-05
3.904992e-05
4.2203548e-05
4.5216277e-05
4.8003529e-05
5.0492522e-05
5.2632305e-05
5.4401773e-05
5.5812811e-05
5.6906414e-05
5.7741933e-05
5.8382951e-05
5.8885289e-05
5.9291219e-05
)
;
    }
    procBoundary5to7
    {
        type            processor;
        value           nonuniform List<scalar> 2(6.0090803e-05 5.9860289e-05);
    }
    procBoundary5to12
    {
        type            processor;
        value           uniform 1.0479809e-05;
    }
    procBoundary5to14
    {
        type            processor;
        value           nonuniform List<scalar> 
34
(
1.5581752e-05
1.4650478e-05
1.3939747e-05
1.340796e-05
1.3011562e-05
1.2713625e-05
1.2486086e-05
1.2308807e-05
1.2167726e-05
1.2053096e-05
1.1958123e-05
1.1878002e-05
1.1809271e-05
1.174938e-05
1.1696409e-05
1.164886e-05
1.1605572e-05
1.1565486e-05
1.1527908e-05
1.1491534e-05
1.1456498e-05
1.1418556e-05
1.1381673e-05
1.1319565e-05
1.121207e-05
1.1101637e-05
1.1003469e-05
1.091733e-05
1.0840722e-05
1.077121e-05
1.0706804e-05
1.0646178e-05
1.0588487e-05
1.0533163e-05
)
;
    }
}


// ************************************************************************* //
