/*--------------------------------*- C++ -*----------------------------------*\
  =========                 |
  \\      /  F ield         | OpenFOAM: The Open Source CFD Toolbox
   \\    /   O peration     | Website:  https://openfoam.org
    \\  /    A nd           | Version:  12
     \\/     M anipulation  |
\*---------------------------------------------------------------------------*/
FoamFile
{
    format      ascii;
    class       surfaceScalarField;
    location    "500";
    object      phi;
}
// * * * * * * * * * * * * * * * * * * * * * * * * * * * * * * * * * * * * * //

dimensions      [0 3 -1 0 0 0 0];

internalField   nonuniform List<scalar> 
1560
(
0.020858334
3.899568e-05
0.020859324
4.0978643e-05
0.020860352
4.3127095e-05
0.020861421
4.5460466e-05
0.020862536
4.8001104e-05
0.020863699
5.0774931e-05
0.020864917
5.3812122e-05
0.020866195
5.714797e-05
0.020867538
6.0823992e-05
0.020868894
6.208207e-05
0.020870229
6.1767183e-05
0.020871544
6.1463054e-05
0.02087284
6.1169679e-05
0.020874119
6.0887322e-05
0.02087538
6.0616409e-05
0.020876626
6.0357417e-05
0.020877857
6.0110957e-05
5.9877918e-05
0.02354331
1.4933581e-05
0.023543961
1.5377776e-05
0.02354462
1.5842407e-05
0.023545287
1.6328858e-05
0.023545964
1.6838629e-05
0.023546649
1.7373351e-05
0.023547345
1.7934795e-05
0.023548051
1.8524893e-05
0.023548768
1.914575e-05
0.023549497
1.9799667e-05
0.023550238
2.0489165e-05
0.023550993
2.1217006e-05
0.023551762
2.1986223e-05
0.023552546
2.2800158e-05
0.023553346
2.3662494e-05
0.023554164
2.4577302e-05
0.023555
2.5549091e-05
0.023555856
2.6582866e-05
0.023556734
2.7684196e-05
0.023557634
2.8859294e-05
0.023558559
3.0115105e-05
0.02355951
3.145942e-05
0.02356049
3.2901e-05
0.023561501
3.4449724e-05
0.023562546
3.6116776e-05
0.023563627
3.7914846e-05
0.023564747
3.9858388e-05
0.02356591
4.196395e-05
0.02356712
4.4250534e-05
0.023568381
4.6740042e-05
0.023569698
4.9457859e-05
0.023571077
5.2433534e-05
0.023572523
5.5701639e-05
0.023574044
5.9302885e-05
0.023575579
6.0547104e-05
0.02357709
6.0256182e-05
0.023578579
5.9974386e-05
0.023580047
5.9701984e-05
0.023581495
5.9439424e-05
0.023582924
5.9187278e-05
0.023584335
5.8946196e-05
0.023585729
5.8716949e-05
0.023587106
5.8500542e-05
0.023588468
5.8298275e-05
0.023589813
5.811178e-05
0.023591143
5.7943255e-05
0.023592458
5.7795654e-05
0.023593759
5.7672834e-05
0.023595047
5.7579806e-05
0.023596325
5.7522946e-05
0.023597597
5.7509995e-05
0.023598872
5.7549446e-05
0.023600162
5.7648804e-05
0.023601491
5.7806593e-05
0.02360288
5.8015569e-05
0.023604342
5.820544e-05
5.8403372e-05
0.026596856
1.4227101e-05
0.026597572
1.4661562e-05
0.026598298
1.5116055e-05
0.026599035
1.5591926e-05
0.026599783
1.6090632e-05
0.026600543
1.6613758e-05
0.026601314
1.7163031e-05
0.026602099
1.7740328e-05
0.026602897
1.83477e-05
0.026603709
1.8987388e-05
0.026604537
1.9661847e-05
0.02660538
2.0373768e-05
0.02660624
2.1126109e-05
0.026607118
2.1922124e-05
0.026608015
2.2765405e-05
0.026608932
2.3659922e-05
0.026609872
2.461007e-05
0.026610834
2.5620731e-05
0.02661182
2.6697335e-05
0.026612834
2.7845942e-05
0.026613876
2.9073327e-05
0.026614948
3.0387089e-05
0.026616053
3.1795775e-05
0.026617194
3.3309023e-05
0.026618373
3.4937743e-05
0.026619593
3.6694317e-05
0.026620859
3.8592856e-05
0.026622173
4.0649503e-05
0.026623541
4.2882799e-05
0.026624967
4.5314123e-05
0.026626457
4.796825e-05
0.026628016
5.0874028e-05
0.026629653
5.4065208e-05
0.026631374
5.7581449e-05
0.026633111
5.8809733e-05
0.026634822
5.8545755e-05
0.026636507
5.8289035e-05
0.026638169
5.8040154e-05
0.026639809
5.7799757e-05
0.026641427
5.756858e-05
0.026643026
5.7347442e-05
0.026644606
5.7137268e-05
0.026646167
5.693917e-05
0.026647711
5.6754526e-05
0.026649238
5.6585027e-05
0.026650748
5.6432828e-05
0.026652243
5.6300684e-05
0.026653724
5.6192052e-05
0.026655192
5.6111208e-05
0.026656652
5.6063228e-05
0.026658108
5.6053762e-05
0.02665957
5.6087988e-05
0.026661049
5.6169271e-05
0.026662564
5.6292423e-05
0.026664131
5.6448513e-05
0.026665752
5.6584376e-05
5.672785e-05
0.030046267
1.345688e-05
0.030047049
1.3878988e-05
0.030047845
1.432069e-05
0.030048653
1.4783289e-05
0.030049476
1.5268197e-05
0.030050313
1.5776953e-05
0.030051164
1.6311226e-05
0.030052032
1.6872841e-05
0.030052916
1.7463784e-05
0.030053817
1.8086232e-05
0.030054736
1.8742564e-05
0.030055675
1.9435393e-05
0.030056633
2.0167589e-05
0.030057613
2.0942313e-05
0.030058615
2.1763051e-05
0.030059642
2.2633658e-05
0.030060693
2.3558402e-05
0.030061772
2.4542024e-05
0.03006288
2.55898e-05
0.030064018
2.6707614e-05
0.030065189
2.790205e-05
0.030066396
2.9180489e-05
0.03006764
3.0551235e-05
0.030068926
3.2023654e-05
0.030070255
3.3608345e-05
0.030071632
3.5317343e-05
0.030073061
3.7164362e-05
0.030074545
3.9165092e-05
0.03007609
4.1337549e-05
0.030077702
4.3702519e-05
0.030079386
4.6284087e-05
0.03008115
4.9110301e-05
0.030083001
5.2214001e-05
0.030084948
5.5633897e-05
0.030086914
5.6843859e-05
0.03008885
5.6610052e-05
0.030090758
5.6381418e-05
0.030092639
5.6158797e-05
0.030094496
5.5943091e-05
0.030096329
5.5735223e-05
0.03009814
5.5536179e-05
0.030099931
5.5347021e-05
0.030101701
5.5168965e-05
0.030103452
5.5003436e-05
0.030105185
5.4852123e-05
0.030106901
5.4717074e-05
0.0301086
5.4600773e-05
0.030110286
5.4506182e-05
0.030111961
5.4436749e-05
0.030113628
5.4396243e-05
0.030115293
5.4388394e-05
0.030116965
5.4415806e-05
0.030118656
5.4478983e-05
0.030120377
5.4571335e-05
0.030122141
5.4684387e-05
0.030123947
5.477779e-05
5.4870507e-05
0.03394294
1.2624509e-05
0.033943788
1.3031241e-05
0.033944651
1.3457067e-05
0.033945532
1.3903246e-05
0.033946429
1.4371143e-05
0.033947343
1.4862242e-05
0.033948276
1.5378159e-05
0.033949229
1.5920654e-05
0.033950201
1.6491648e-05
0.033951194
1.7093242e-05
0.033952209
1.7727737e-05
0.033953246
1.8397657e-05
0.033954308
1.9105775e-05
0.033955395
1.9855147e-05
0.033956509
2.0649142e-05
0.033957651
2.1491486e-05
0.033958823
2.2386305e-05
0.033960027
2.3338182e-05
0.033961265
2.4352217e-05
0.033962538
2.5434101e-05
0.03396385
2.6590197e-05
0.033965203
2.7827644e-05
0.0339666
2.9154469e-05
0.033968044
3.0579731e-05
0.033969538
3.2113679e-05
0.033971088
3.3767952e-05
0.033972696
3.5555814e-05
0.033974369
3.749244e-05
0.033976111
3.9595256e-05
0.033977929
4.1884372e-05
0.03397983
4.4383091e-05
0.033981822
4.711856e-05
0.033983914
5.0122551e-05
0.033986115
5.3432318e-05
0.033988338
5.4620662e-05
0.033990528
5.4420276e-05
0.033992687
5.4222736e-05
0.033994816
5.4029227e-05
0.033996919
5.3840858e-05
0.033998995
5.3658737e-05
0.034001047
5.3484009e-05
0.034003076
5.3317864e-05
0.034005084
5.3161596e-05
0.034007071
5.3016649e-05
0.034009038
5.2884658e-05
0.034010988
5.2767503e-05
0.034012921
5.266734e-05
0.034014841
5.2586587e-05
0.03401675
5.2527851e-05
0.034018652
5.2493708e-05
0.034020554
5.2486299e-05
0.034022464
5.2506438e-05
0.03402439
5.2552878e-05
0.034026342
5.2619238e-05
0.034028329
5.2697605e-05
0.034030343
5.2762941e-05
5.2833099e-05
0.038344739
1.1730628e-05
0.038345652
1.2118572e-05
0.038346584
1.2525013e-05
0.038347536
1.2951164e-05
0.038348509
1.3398339e-05
0.038349503
1.3867966e-05
0.03835052
1.4361602e-05
0.038351559
1.488094e-05
0.038352623
1.5427828e-05
0.038353712
1.6004289e-05
0.038354827
1.6612535e-05
0.03835597
1.7254995e-05
0.038357142
1.7934336e-05
0.038358343
1.8653497e-05
0.038359577
1.9415718e-05
0.038360844
2.0224583e-05
0.038362146
2.1084059e-05
0.038363485
2.1998555e-05
0.038364865
2.2972975e-05
0.038366286
2.4012789e-05
0.038367752
2.5124118e-05
0.038369266
2.6313825e-05
0.038370831
2.758963e-05
0.03837245
2.8960241e-05
0.038374128
3.0435514e-05
0.03837587
3.2026639e-05
0.038377679
3.3746371e-05
0.038379562
3.5609301e-05
0.038381525
3.7632189e-05
0.038383575
3.9834373e-05
0.03838572
4.2238271e-05
0.038387969
4.4870001e-05
0.038390331
4.7760193e-05
0.038392818
5.0945029e-05
0.038395331
5.2108077e-05
0.038397807
5.1944511e-05
0.038400248
5.1781292e-05
0.038402658
5.1619804e-05
0.038405037
5.1461449e-05
0.038407388
5.1307537e-05
0.038409713
5.1159363e-05
0.038412012
5.1018223e-05
0.038414289
5.0885464e-05
0.038416543
5.0762519e-05
0.038418776
5.0650924e-05
0.038420992
5.0552351e-05
0.03842319
5.04686e-05
0.038425375
5.0401541e-05
0.03842755
5.035302e-05
0.038429719
5.0324618e-05
0.038431888
5.0317308e-05
0.038434064
5.0330792e-05
0.038436254
5.0363133e-05
0.038438464
5.0408697e-05
0.0384407
5.0461615e-05
0.038442962
5.0501007e-05
5.0534867e-05
0.043317411
1.0780119e-05
0.043318384
1.1145662e-05
0.04331938
1.1528964e-05
0.0433204
1.1931191e-05
0.043321445
1.2353601e-05
0.043322515
1.2797565e-05
0.043323612
1.3264573e-05
0.043324737
1.3756246e-05
0.04332589
1.4274356e-05
0.043327074
1.4820838e-05
0.043328289
1.539781e-05
0.043329536
1.6007596e-05
0.043330818
1.6652747e-05
0.043332135
1.7336076e-05
0.04333349
1.8060679e-05
0.043334885
1.8829985e-05
0.043336321
1.9647786e-05
0.043337801
2.0518294e-05
0.043339328
2.1446198e-05
0.043340904
2.2436724e-05
0.043342532
2.3495719e-05
0.043344217
2.4629738e-05
0.04334596
2.5846156e-05
0.043347767
2.7153289e-05
0.043349642
2.8560546e-05
0.04335159
3.0078615e-05
0.043353617
3.1719671e-05
0.043355728
3.3497647e-05
0.043357932
3.5428545e-05
0.043360235
3.7530832e-05
0.043362648
3.982592e-05
0.043365179
4.2338754e-05
0.043367841
4.5098528e-05
0.043370646
4.8139349e-05
0.043373483
4.9271509e-05
0.04337628
4.9147722e-05
0.043379039
4.9021595e-05
0.043381764
4.8894891e-05
0.043384457
4.8769153e-05
0.043387118
4.8645848e-05
0.043389751
4.8526401e-05
0.043392357
4.8412196e-05
0.043394938
4.8304608e-05
0.043397496
4.8205027e-05
0.043400032
4.8114868e-05
0.043402549
4.8035572e-05
0.043405049
4.7968588e-05
0.043407535
4.7915299e-05
0.043410011
4.7876914e-05
0.043412481
4.785428e-05
0.043414951
4.7847604e-05
0.043417426
4.7856055e-05
0.043419911
4.7877481e-05
0.043422412
4.7907641e-05
0.043424932
4.7941885e-05
0.04342746
4.7972675e-05
4.801099e-05
0.048934633
9.7714143e-06
0.048935668
1.0110705e-05
0.04893673
1.0466839e-05
0.048937821
1.0840925e-05
0.04893894
1.1234164e-05
0.04894009
1.1647861e-05
0.048941271
1.2083434e-05
0.048942485
1.2542429e-05
0.048943733
1.302653e-05
0.048945016
1.3537579e-05
0.048946336
1.407759e-05
0.048947695
1.4648773e-05
0.048949094
1.5253554e-05
0.048950536
1.5894603e-05
0.048952021
1.6574864e-05
0.048953554
1.729759e-05
0.048955135
1.8066383e-05
0.048956768
1.8885239e-05
0.048958456
1.9758604e-05
0.048960201
2.0691434e-05
0.048962008
2.1689273e-05
0.048963879
2.2758332e-05
0.048965819
2.3905596e-05
0.048967834
2.513894e-05
0.048969927
2.6467274e-05
0.048972105
2.7900714e-05
0.048974374
2.9450785e-05
0.048976741
3.1130672e-05
0.048979214
3.2955517e-05
0.048981802
3.4942799e-05
0.048984515
3.7112784e-05
0.048987365
3.9489112e-05
0.048990364
4.2099584e-05
0.048993526
4.4977186e-05
0.048996725
4.6072715e-05
0.048999881
4.5991655e-05
0.049002997
4.5905516e-05
0.049006076
4.5816128e-05
0.049009119
4.5725342e-05
0.04901213
4.5634815e-05
0.049015111
4.5546079e-05
0.049018062
4.5460577e-05
0.049020987
4.5379685e-05
0.049023888
4.5304735e-05
0.049026765
4.5237002e-05
0.049029623
4.5177711e-05
0.049032464
4.5127998e-05
0.04903529
4.5088844e-05
0.049038106
4.5060992e-05
0.049040916
4.5044801e-05
0.049043723
4.5040079e-05
0.049046533
4.5045831e-05
0.049049351
4.5060256e-05
0.049052178
4.5079833e-05
0.049055019
4.5101298e-05
0.04905788
4.5111865e-05
4.5114275e-05
0.055280728
8.7134186e-06
0.055281816
9.0226943e-06
0.055282935
9.3476766e-06
0.055284087
9.6894112e-06
0.055285272
1.0049031e-05
0.055286492
1.0427768e-05
0.055287749
1.0826958e-05
0.055289043
1.1248059e-05
0.055290377
1.1692661e-05
0.055291752
1.2162499e-05
0.05529317
1.2659474e-05
0.055294633
1.3185668e-05
0.055296143
1.3743368e-05
0.055297703
1.4335088e-05
0.055299314
1.4963601e-05
0.05530098
1.5631968e-05
0.055302703
1.6343576e-05
0.055304486
1.7102181e-05
0.055306332
1.7911961e-05
0.055308246
1.8777568e-05
0.055310231
1.9704204e-05
0.055312292
2.0697693e-05
0.055314433
2.1764582e-05
0.05531666
2.291225e-05
0.055318978
2.4149041e-05
0.055321394
2.5484425e-05
0.055323916
2.6929188e-05
0.055326551
2.8495667e-05
0.055329308
3.0198033e-05
0.055332198
3.2052636e-05
0.055335233
3.4078433e-05
0.055338424
3.6297501e-05
0.055341788
3.8735638e-05
0.055345343
4.1422859e-05
0.055348943
4.2472002e-05
0.0553525
4.2435219e-05
0.055356015
4.2390605e-05
0.05535949
4.234043e-05
0.055362929
4.2286527e-05
0.055366333
4.2230612e-05
0.055369705
4.2174298e-05
0.055373047
4.2119062e-05
0.05537636
4.2066266e-05
0.055379648
4.2017165e-05
0.055382912
4.1972903e-05
0.055386155
4.1934509e-05
0.05538938
4.1902868e-05
0.05539259
4.1878666e-05
0.055395789
4.1862334e-05
0.05539898
4.1853956e-05
0.055402167
4.1853166e-05
0.055405353
4.1859067e-05
0.055408543
4.1870186e-05
0.055411739
4.1884727e-05
0.055414939
4.1901151e-05
0.055418129
4.1921369e-05
4.1951923e-05
0.062449199
7.5926714e-06
0.062450354
7.8678563e-06
0.062451544
8.1573697e-06
0.062452771
8.4621888e-06
0.062454037
8.7833737e-06
0.062455342
9.1220721e-06
0.06245669
9.4795302e-06
0.062458081
9.8571063e-06
0.062459517
1.0256284e-05
0.062461001
1.0678682e-05
0.062462534
1.1126074e-05
0.06246412
1.1600398e-05
0.062465759
1.2103784e-05
0.062467456
1.263857e-05
0.062469212
1.3207334e-05
0.062471031
1.3812917e-05
0.062472916
1.4458462e-05
0.062474871
1.5147451e-05
0.062476899
1.5883752e-05
0.062479005
1.6671673e-05
0.062481193
1.7516021e-05
0.062483469
1.842218e-05
0.062485837
1.9396195e-05
0.062488305
2.0444877e-05
0.062490878
2.1575926e-05
0.062493564
2.2798074e-05
0.062496372
2.4121269e-05
0.062499311
2.5556885e-05
0.062502391
2.7117987e-05
0.062505624
2.8819656e-05
0.062509023
3.0679396e-05
0.062512603
3.2717655e-05
0.06251638
3.4958606e-05
0.062520371
3.7431195e-05
0.062524418
3.842527e-05
0.062528419
3.8434191e-05
0.062532377
3.8432649e-05
0.062536295
3.8422815e-05
0.062540174
3.840686e-05
0.062544018
3.8386673e-05
0.062547829
3.8363905e-05
0.062551608
3.8340027e-05
0.062555358
3.8316361e-05
0.062559081
3.8294081e-05
0.062562779
3.8274212e-05
0.062566456
3.8257623e-05
0.062570114
3.8245013e-05
0.062573756
3.823687e-05
0.062577385
3.8233444e-05
0.062581004
3.8234693e-05
0.062584617
3.8240243e-05
0.062588227
3.8249284e-05
0.062591836
3.8260652e-05
0.062595449
3.8272002e-05
0.062599069
3.8281173e-05
0.062602713
3.8277483e-05
3.8264152e-05
0.070548716
6.428322e-06
0.070549918
6.6655065e-06
0.07055116
6.9153138e-06
0.070552443
7.1786336e-06
0.07055377
7.4564661e-06
0.070555143
7.7499124e-06
0.070556562
8.0601423e-06
0.070558031
8.3884208e-06
0.070559551
8.7361293e-06
0.070561125
9.1047648e-06
0.070562755
9.4959454e-06
0.070564444
9.9114352e-06
0.070566194
1.035318e-05
0.07056801
1.0823321e-05
0.070569893
1.1324196e-05
0.070571847
1.1858377e-05
0.070573877
1.2428708e-05
0.070575986
1.303834e-05
0.070578179
1.3690769e-05
0.070580461
1.4389887e-05
0.070582837
1.5140038e-05
0.070585313
1.5946085e-05
0.070587896
1.681349e-05
0.070590592
1.7748405e-05
0.07059341
1.8757785e-05
0.070596359
1.9849518e-05
0.070599448
2.1032591e-05
0.070602687
2.2317275e-05
0.07060609
2.371537e-05
0.070609669
2.5240481e-05
0.07061344
2.6908371e-05
0.07061742
2.873736e-05
0.07062163
3.0748784e-05
0.070626094
3.2967404e-05
0.07063063
3.3889499e-05
0.070635121
3.3942466e-05
0.070639571
3.3982801e-05
0.070643981
3.4013211e-05
0.070648352
3.4035584e-05
0.070652687
3.40517e-05
0.070656988
3.4063198e-05
0.070661256
3.4071524e-05
0.070665495
3.4077935e-05
0.070669705
3.4083512e-05
0.07067389
3.4089165e-05
0.070678052
3.4095631e-05
0.070682194
3.4103471e-05
0.070686318
3.4113047e-05
0.070690427
3.4124507e-05
0.070694524
3.4137783e-05
0.070698611
3.4152577e-05
0.070702692
3.4168438e-05
0.070706768
3.4184834e-05
0.070710838
3.4201759e-05
0.070714899
3.421983e-05
0.070718932
3.4244484e-05
3.4278765e-05
0.079697197
5.164606e-06
0.079698504
5.3585984e-06
0.079699856
5.5630692e-06
0.079701257
5.7779689e-06
0.079702707
6.0056872e-06
0.079704208
6.2490067e-06
0.079705761
6.5076596e-06
0.079707367
6.7819489e-06
0.07970903
7.0732505e-06
0.079710752
7.382943e-06
0.079712535
7.7126127e-06
0.079714383
8.0638536e-06
0.079716298
8.4382296e-06
0.079718284
8.8374715e-06
0.079720344
9.2635895e-06
0.079722484
9.7188057e-06
0.079724707
1.0205593e-05
0.079727019
1.0726692e-05
0.079729424
1.1285152e-05
0.07973193
1.1884374e-05
0.079734542
1.2528162e-05
0.079737267
1.322078e-05
0.079740113
1.3967019e-05
0.07974309
1.4772283e-05
0.079746205
1.564268e-05
0.079749469
1.6585145e-05
0.079752894
1.760758e-05
0.079756492
1.8719025e-05
0.079760278
1.9929872e-05
0.079764266
2.1252133e-05
0.079768475
2.2699777e-05
0.079772923
2.4289191e-05
0.079777632
2.6039894e-05
0.079782624
2.7975573e-05
0.0797877
2.8812854e-05
0.079792735
2.8907821e-05
0.079797729
2.8988545e-05
0.079802685
2.905738e-05
0.079807604
2.9116576e-05
0.079812488
2.9168028e-05
0.079817338
2.9213285e-05
0.079822155
2.9253673e-05
0.079826943
2.9290336e-05
0.079831702
2.9324244e-05
0.079836435
2.9356186e-05
0.079841144
2.9386784e-05
0.079845831
2.9416481e-05
0.079850499
2.9445533e-05
0.079855149
2.9473997e-05
0.079859785
2.9501716e-05
0.079864409
2.9528293e-05
0.079869025
2.9552986e-05
0.079873635
2.9574774e-05
0.079878245
2.9591433e-05
0.079882864
2.9601151e-05
0.079887514
2.9594162e-05
2.9578362e-05
0.090035827
3.8592285e-06
0.090037179
4.0066048e-06
0.09003858
4.1621501e-06
0.090040032
4.3255513e-06
0.090041539
4.4992252e-06
0.090043102
4.6859911e-06
0.090044724
4.8849972e-06
0.090046411
5.0950653e-06
0.090048167
5.3171578e-06
0.090049994
5.5565057e-06
0.090051886
5.8197917e-06
0.090053842
6.1079913e-06
0.090055867
6.4134852e-06
0.090057969
6.7359361e-06
0.090060151
7.0811564e-06
0.09006242
7.4499831e-06
0.090064781
7.844721e-06
0.09006724
8.2676086e-06
0.090069804
8.7212221e-06
0.09007248
9.2084179e-06
0.090075275
9.7323957e-06
0.090078199
1.0296741e-05
0.090081261
1.0905487e-05
0.09008447
1.1563178e-05
0.090087838
1.2274954e-05
0.090091376
1.304665e-05
0.090095099
1.3884911e-05
0.090099021
1.4797334e-05
0.090103158
1.5792645e-05
0.090107529
1.68809e-05
0.090112155
1.8073737e-05
0.09011706
1.9384649e-05
0.09012227
2.08293e-05
0.09012782
2.2425831e-05
0.090133482
2.315051e-05
0.090139109
2.3280851e-05
0.090144701
2.3397155e-05
0.090150256
2.3501869e-05
0.090155776
2.3596443e-05
0.090161262
2.3682324e-05
0.090166715
2.376089e-05
0.090172135
2.383334e-05
0.090177525
2.3900672e-05
0.090182885
2.3963712e-05
0.090188218
2.4023128e-05
0.090193525
2.4079435e-05
0.090198809
2.4132997e-05
0.09020407
2.418402e-05
0.090209312
2.4232567e-05
0.090214535
2.4278566e-05
0.090219741
2.4321847e-05
0.090224932
2.4362224e-05
0.090230107
2.4399622e-05
0.090235264
2.4434441e-05
0.090240398
2.4467778e-05
0.090245489
2.4502984e-05
2.4542251e-05
0.1017134
2.4154196e-06
0.10171489
2.5139558e-06
0.10171643
2.618637e-06
0.10171803
2.7299845e-06
0.10171968
2.8485922e-06
0.10172139
2.9751024e-06
0.10172316
3.1099327e-06
0.10172501
3.2521403e-06
0.10172692
3.4021207e-06
0.10172891
3.5697502e-06
0.10173096
3.7646567e-06
0.10173309
3.9799158e-06
0.1017353
4.2042169e-06
0.1017376
4.4404173e-06
0.10173998
4.6936206e-06
0.10174247
4.9643764e-06
0.10174506
5.2545366e-06
0.10174776
5.5658542e-06
0.10175058
5.9003483e-06
0.10175353
6.2602497e-06
0.10175662
6.6480538e-06
0.10175985
7.0665554e-06
0.10176323
7.5188973e-06
0.10176679
8.0086247e-06
0.10177052
8.5397522e-06
0.10177445
9.1168431e-06
0.10177859
9.7451086e-06
0.10178296
1.0430528e-05
0.10178757
1.1180002e-05
0.10179245
1.200155e-05
0.10179762
1.290457e-05
0.1018031
1.3900202e-05
0.10180893
1.5001903e-05
0.10181513
1.6226181e-05
0.10182146
1.6820344e-05
0.10182776
1.697922e-05
0.10183403
1.7125821e-05
0.10184027
1.7261384e-05
0.10184648
1.7387377e-05
0.10185266
1.7505053e-05
0.10185881
1.7615397e-05
0.10186492
1.7719244e-05
0.101871
1.7817322e-05
0.10187706
1.7910247e-05
0.10188308
1.7998508e-05
0.10188908
1.8082463e-05
0.10189505
1.8162328e-05
0.101901
1.8238157e-05
0.10190692
1.8309827e-05
0.10191282
1.8376991e-05
0.1019187
1.8439046e-05
0.10192457
1.8494988e-05
0.10193043
1.854353e-05
0.10193628
1.8582119e-05
0.10194214
1.8609376e-05
0.10194802
1.8615889e-05
1.8615591e-05
0.11491193
0.11491347
0.11491507
0.11491671
0.11491841
0.11492017
0.114922
0.11492388
0.11492582
0.11492784
0.11492992
0.11493209
0.11493435
0.11493671
0.11493917
0.11494174
0.11494443
0.11494724
0.11495018
0.11495327
0.11495651
0.11495992
0.1149635
0.11496728
0.11497126
0.11497546
0.1149799
0.1149846
0.11498959
0.11499488
0.11500051
0.11500651
0.11501291
0.11501976
0.11502678
0.11503378
0.11504076
0.11504771
0.11505463
0.11506152
0.11506839
0.11507523
0.11508203
0.11508881
0.11509556
0.11510227
0.11510896
0.11511562
0.11512226
0.11512886
0.11513543
0.11514197
0.11514848
0.11515495
0.11516138
0.11516776
)
;

boundaryField
{
    bottom
    {
        type            calculated;
        value           nonuniform List<scalar> 0();
    }
    back
    {
        type            empty;
    }
    front
    {
        type            empty;
    }
    inlet
    {
        type            calculated;
        value           nonuniform List<scalar> 0();
    }
    outlet
    {
        type            calculated;
        value           nonuniform List<scalar> 
14
(
0.023605879
0.026667427
0.030125805
0.034032381
0.03844526
0.043429984
0.049060777
0.055421292
0.062606401
0.070722918
0.079892215
0.090250525
0.10195395
0.11517408
)
;
    }
    top
    {
        type            calculated;
        value           nonuniform List<scalar> 
57
(
9.2566077e-07
9.7421623e-07
1.0269159e-06
1.0842208e-06
1.1466494e-06
1.214764e-06
1.2890603e-06
1.3693033e-06
1.4555943e-06
1.557604e-06
1.6811841e-06
1.8105516e-06
1.9415023e-06
2.0828277e-06
2.2334873e-06
2.394967e-06
2.5682599e-06
2.7546113e-06
2.9553607e-06
3.1720056e-06
3.406213e-06
3.659848e-06
3.9350046e-06
4.234043e-06
4.559634e-06
4.9148111e-06
5.3030355e-06
5.7282743e-06
6.1950981e-06
6.7088034e-06
7.2755722e-06
7.9026712e-06
8.5987743e-06
9.3742747e-06
9.8009695e-06
9.9798149e-06
1.0149693e-05
1.0311236e-05
1.0464808e-05
1.0610981e-05
1.0750395e-05
1.0883631e-05
1.1011192e-05
1.1133518e-05
1.1250996e-05
1.1363951e-05
1.1472636e-05
1.1577218e-05
1.1677769e-05
1.177424e-05
1.1866448e-05
1.1953983e-05
1.2036326e-05
1.2112144e-05
1.218118e-05
1.2236932e-05
1.2289753e-05
)
;
    }
    slipsurface
    {
        type            calculated;
        value           nonuniform List<scalar> 0();
    }
    procBoundary13to1
    {
        type            processor;
        value           nonuniform List<scalar> 
14
(
-0.023542666
-0.026596149
-0.030045497
-0.033942108
-0.038343845
-0.043316461
-0.048933625
-0.05527967
-0.062448078
-0.070547551
-0.079695933
-0.090034521
-0.10171195
-0.11491045
)
;
    }
    procBoundary13to12
    {
        type            processor;
        value           nonuniform List<scalar> 
22
(
-6.2777944e-05
-6.2465936e-05
-6.2165957e-05
-6.1878318e-05
-6.1603308e-05
-6.1341376e-05
-6.1093294e-05
0.020879072
-5.9659523e-05
-5.9457262e-05
-5.9273319e-05
-5.9110782e-05
-5.8973779e-05
-5.8867894e-05
-5.8800686e-05
-5.8781918e-05
-5.8824062e-05
-5.8939698e-05
-5.9134855e-05
-5.9404757e-05
-5.9667675e-05
-5.9940574e-05
)
;
    }
    procBoundary13to14
    {
        type            processor;
        value           nonuniform List<scalar> 
16
(
-1.5577118e-05
-1.6028889e-05
-1.6501482e-05
-1.6996317e-05
-1.751493e-05
-1.8058991e-05
-1.8630316e-05
-1.9230879e-05
-1.9862837e-05
-2.0528543e-05
-2.1230574e-05
-2.1971756e-05
-2.275519e-05
-2.3584292e-05
-2.4462826e-05
-2.5394953e-05
)
;
    }
    procBoundary13to15
    {
        type            processor;
        value           nonuniform List<scalar> 
21
(
-3.9951411e-05
-4.1969018e-05
-4.4155226e-05
-4.6529747e-05
-4.9115395e-05
-5.1938553e-05
-5.502995e-05
-5.8425535e-05
-6.2167615e-05
-6.3437926e-05
-6.3101849e-05
-2.6385282e-05
-2.7438924e-05
-2.856157e-05
-2.975957e-05
-3.104002e-05
-3.2410878e-05
-3.3881092e-05
-3.5460757e-05
-0.020857378
-3.7161297e-05
)
;
    }
}


// ************************************************************************* //
