/*--------------------------------*- C++ -*----------------------------------*\
  =========                 |
  \\      /  F ield         | OpenFOAM: The Open Source CFD Toolbox
   \\    /   O peration     | Website:  https://openfoam.org
    \\  /    A nd           | Version:  12
     \\/     M anipulation  |
\*---------------------------------------------------------------------------*/
FoamFile
{
    format      ascii;
    class       surfaceScalarField;
    location    "1900";
    object      phi;
}
// * * * * * * * * * * * * * * * * * * * * * * * * * * * * * * * * * * * * * //

dimensions      [0 3 -1 0 0 0 0];

internalField   nonuniform List<scalar> 
1574
(
0.0069484329
5.6378062e-06
0.0069484774
5.6785246e-06
0.0069485208
5.7225244e-06
0.0069485632
5.7699031e-06
0.0069486047
5.8207671e-06
0.0069486453
5.875232e-06
0.0069486853
5.9334232e-06
0.0069487245
5.995477e-06
0.0069487632
6.0615413e-06
0.0069488014
6.1317768e-06
0.0069488392
6.206358e-06
0.0069488766
6.2854738e-06
0.0069489137
6.3693297e-06
0.0069489506
6.4581485e-06
0.0069489874
6.5521715e-06
0.0069490241
6.6516617e-06
0.0069490607
6.756904e-06
0.0069490974
6.8682081e-06
0.0069491341
6.9859115e-06
0.006949171
7.1103809e-06
0.0069492081
7.2420161e-06
0.0069492455
7.3812531e-06
0.0069492832
7.528568e-06
0.0069493214
7.684481e-06
0.00694936
7.8495616e-06
0.0069493992
8.0244342e-06
0.0069494389
8.209784e-06
0.0069494794
8.406365e-06
0.0069495207
8.6150077e-06
0.0069495628
8.8366286e-06
0.0069496059
9.0722415e-06
0.00694965
9.3229692e-06
0.0069496952
9.5900598e-06
9.8749029e-06
0.0078498969
5.5824102e-06
0.0078499507
5.6246771e-06
0.0078500032
5.6700894e-06
0.0078500543
5.7187535e-06
0.0078501043
5.7707839e-06
0.0078501532
5.8263031e-06
0.0078502012
5.8854431e-06
0.0078502483
5.9483458e-06
0.0078502947
6.0151642e-06
0.0078503404
6.0860634e-06
0.0078503856
6.1612217e-06
0.0078504302
6.2408314e-06
0.0078504744
6.3251009e-06
0.0078505183
6.4142552e-06
0.007850562
6.5085379e-06
0.0078506054
6.6082132e-06
0.0078506488
6.7135673e-06
0.0078506921
6.8249106e-06
0.0078507354
6.9425808e-06
0.0078507788
7.0669446e-06
0.0078508224
7.1984014e-06
0.0078508663
7.3373861e-06
0.0078509105
7.4843734e-06
0.0078509551
7.6398821e-06
0.0078510002
7.8044792e-06
0.0078510458
7.9787864e-06
0.0078510921
8.163486e-06
0.0078511392
8.3593278e-06
0.007851187
8.567138e-06
0.0078512358
8.7878282e-06
0.0078512857
9.0224062e-06
0.0078513366
9.2719885e-06
0.0078513889
9.5378158e-06
9.821269e-06
0.0088682951
5.5155126e-06
0.0088683601
5.5596771e-06
0.0088684233
5.6068303e-06
0.008868485
5.6570883e-06
0.0088685452
5.710574e-06
0.0088686041
5.7674181e-06
0.0088686618
5.8277594e-06
0.0088687184
5.8917462e-06
0.008868774
5.9595372e-06
0.0088688288
6.0313026e-06
0.0088688828
6.1072249e-06
0.0088689361
6.1875005e-06
0.0088689889
6.272341e-06
0.0088690411
6.3619742e-06
0.008869093
6.456646e-06
0.0088691446
6.5566227e-06
0.008869196
6.6621915e-06
0.0088692472
6.7736642e-06
0.0088692984
6.8913786e-06
0.0088693497
7.0157016e-06
0.0088694011
7.147032e-06
0.0088694526
7.285804e-06
0.0088695045
7.432491e-06
0.0088695568
7.5876096e-06
0.0088696095
7.7517247e-06
0.0088696629
7.925455e-06
0.0088697169
8.1094792e-06
0.0088697717
8.3045431e-06
0.0088698273
8.5114678e-06
0.008869884
8.7311594e-06
0.0088699418
8.9646192e-06
0.0088700008
9.2129565e-06
0.0088700612
9.4774037e-06
9.7593323e-06
0.010018791
5.4350057e-06
0.010018869
5.4814485e-06
0.010018946
5.5307044e-06
0.01001902
5.5828992e-06
0.010019092
5.6381649e-06
0.010019163
5.6966401e-06
0.010019232
5.7584711e-06
0.0100193
5.823813e-06
0.010019367
5.8928304e-06
0.010019433
5.9656989e-06
0.010019497
6.0426059e-06
0.010019561
6.1237519e-06
0.010019624
6.2093523e-06
0.010019686
6.2996379e-06
0.010019748
6.3948574e-06
0.010019809
6.495279e-06
0.01001987
6.6011916e-06
0.010019931
6.712908e-06
0.010019992
6.8307668e-06
0.010020052
6.9551348e-06
0.010020113
7.0864106e-06
0.010020174
7.2250274e-06
0.010020235
7.371457e-06
0.010020296
7.5262142e-06
0.010020358
7.6898612e-06
0.01002042
7.8630135e-06
0.010020484
8.0463458e-06
0.010020547
8.2405994e-06
0.010020612
8.44659e-06
0.010020678
8.6652173e-06
0.010020745
8.8974755e-06
0.010020814
9.1444659e-06
0.010020884
9.4074114e-06
9.6876729e-06
0.011318514
5.3386191e-06
0.011318608
5.3877309e-06
0.011318699
5.4394662e-06
0.011318788
5.4939597e-06
0.011318875
5.5513518e-06
0.01131896
5.6117887e-06
0.011319043
5.6754242e-06
0.011319124
5.7424195e-06
0.011319204
5.8129456e-06
0.011319283
5.8871833e-06
0.01131936
5.9653249e-06
0.011319436
6.0475752e-06
0.011319512
6.1341533e-06
0.011319586
6.2252933e-06
0.01131966
6.3212465e-06
0.011319732
6.4222834e-06
0.011319805
6.5286946e-06
0.011319877
6.6407939e-06
0.011319949
6.7589206e-06
0.011320021
6.8834417e-06
0.011320092
7.0147551e-06
0.011320164
7.153293e-06
0.011320236
7.2995257e-06
0.011320308
7.4539657e-06
0.011320381
7.6171721e-06
0.011320454
7.7897571e-06
0.011320528
7.972391e-06
0.011320603
8.1658098e-06
0.011320679
8.3708232e-06
0.011320756
8.5883238e-06
0.011320834
8.819298e-06
0.011320913
9.0648378e-06
0.011320995
9.3261556e-06
9.6046006e-06
0.012786815
5.2240171e-06
0.012786926
5.2761649e-06
0.012787035
5.3307407e-06
0.012787141
5.3878863e-06
0.012787245
5.447749e-06
0.012787346
5.5104816e-06
0.012787445
5.5762437e-06
0.012787542
5.6452026e-06
0.012787638
5.7175342e-06
0.012787732
5.7934243e-06
0.012787824
5.8730695e-06
0.012787915
5.9566786e-06
0.012788004
6.044474e-06
0.012788093
6.1366928e-06
0.012788181
6.2335889e-06
0.012788268
6.3354345e-06
0.012788354
6.442522e-06
0.012788439
6.5551659e-06
0.012788525
6.6737059e-06
0.012788609
6.7985089e-06
0.012788694
6.9299722e-06
0.012788779
7.0685265e-06
0.012788864
7.2146402e-06
0.012788949
7.3688231e-06
0.012789035
7.5316312e-06
0.012789121
7.7036723e-06
0.012789207
7.8856117e-06
0.012789295
8.0781798e-06
0.012789384
8.2821794e-06
0.012789474
8.4984952e-06
0.012789565
8.7281043e-06
0.012789658
8.9720886e-06
0.012789752
9.2316485e-06
9.5081201e-06
0.01444555
5.0889653e-06
0.014445681
5.1444439e-06
0.01444581
5.202161e-06
0.014445936
5.2622629e-06
0.014446058
5.3249007e-06
0.014446179
5.3902316e-06
0.014446296
5.4584192e-06
0.014446412
5.5296347e-06
0.014446525
5.6040577e-06
0.014446637
5.6818776e-06
0.014446747
5.763294e-06
0.014446855
5.8485185e-06
0.014446962
5.9377763e-06
0.014447067
6.0313065e-06
0.014447171
6.1293645e-06
0.014447274
6.2322242e-06
0.014447377
6.3401784e-06
0.014447478
6.4535423e-06
0.01444758
6.5726555e-06
0.01444768
6.6978839e-06
0.01444778
6.8296237e-06
0.014447881
6.9683038e-06
0.014447981
7.1143898e-06
0.014448081
7.2683884e-06
0.014448182
7.4308515e-06
0.014448283
7.6023821e-06
0.014448385
7.7836397e-06
0.014448488
7.9753479e-06
0.014448592
8.1783017e-06
0.014448697
8.3933767e-06
0.014448804
8.6215399e-06
0.014448912
8.8638611e-06
0.014449022
9.1215276e-06
9.3958601e-06
0.016319412
4.931538e-06
0.016319566
4.9905115e-06
0.016319717
5.0515549e-06
0.016319864
5.1148146e-06
0.016320009
5.1804425e-06
0.01632015
5.2485963e-06
0.016320289
5.319441e-06
0.016320426
5.3931489e-06
0.01632056
5.4699008e-06
0.016320692
5.5498874e-06
0.016320822
5.6333094e-06
0.01632095
5.7203796e-06
0.016321077
5.8113238e-06
0.016321202
5.9063818e-06
0.016321325
6.0058096e-06
0.016321447
6.1098807e-06
0.016321569
6.218888e-06
0.016321689
6.3331457e-06
0.016321809
6.4529921e-06
0.016321928
6.5787916e-06
0.016322047
6.710938e-06
0.016322165
6.8498575e-06
0.016322283
6.996012e-06
0.016322402
7.149904e-06
0.016322521
7.3120803e-06
0.01632264
7.483138e-06
0.01632276
7.6637297e-06
0.016322881
7.854571e-06
0.016323002
8.0564476e-06
0.016323126
8.270225e-06
0.01632325
8.4968579e-06
0.016323377
8.7374028e-06
0.016323505
8.9930315e-06
9.2650475e-06
0.018436295
4.7503602e-06
0.018436473
4.8127985e-06
0.018436647
4.8771738e-06
0.018436819
4.9436283e-06
0.018436987
5.0123105e-06
0.018437152
5.0833751e-06
0.018437314
5.1569844e-06
0.018437474
5.2333086e-06
0.018437632
5.3125266e-06
0.018437787
5.3948272e-06
0.01843794
5.4804097e-06
0.018438091
5.5694852e-06
0.01843824
5.662278e-06
0.018438387
5.7590264e-06
0.018438533
5.8599843e-06
0.018438677
5.9654236e-06
0.01843882
6.0756348e-06
0.018438963
6.1909298e-06
0.018439104
6.3116438e-06
0.018439245
6.4381382e-06
0.018439385
6.5708027e-06
0.018439525
6.7100591e-06
0.018439664
6.8563645e-06
0.018439804
7.0102156e-06
0.018439944
7.1721526e-06
0.018440084
7.342765e-06
0.018440225
7.522697e-06
0.018440367
7.7126547e-06
0.01844051
7.9134127e-06
0.018440655
8.1258242e-06
0.018440801
8.35083e-06
0.018440949
8.5894709e-06
0.018441099
8.8429009e-06
9.1124035e-06
0.020827714
4.5448542e-06
0.020827916
4.6104803e-06
0.020828115
4.6779584e-06
0.020828312
4.7474225e-06
0.020828505
4.8190137e-06
0.020828695
4.8928803e-06
0.020828883
4.9691781e-06
0.020829069
5.0480715e-06
0.020829251
5.1297341e-06
0.020829432
5.2143496e-06
0.02082961
5.3021125e-06
0.020829786
5.3932292e-06
0.020829961
5.4879195e-06
0.020830133
5.5864173e-06
0.020830304
5.6889721e-06
0.020830474
5.7958512e-06
0.020830642
5.9073403e-06
0.020830809
6.0237466e-06
0.020830976
6.1454001e-06
0.020831141
6.2726565e-06
0.020831306
6.4058996e-06
0.020831471
6.5455449e-06
0.020831635
6.6920421e-06
0.020831799
6.8458801e-06
0.020831964
7.0075905e-06
0.020832129
7.1777533e-06
0.020832294
7.357002e-06
0.020832461
7.5460307e-06
0.020832629
7.7456009e-06
0.020832798
7.956551e-06
0.020832969
8.1798053e-06
0.020833142
8.416386e-06
0.020833318
8.6674267e-06
8.9341872e-06
0.023529264
4.3153769e-06
0.023529491
4.3836331e-06
0.023529715
4.4537092e-06
0.023529937
4.5257288e-06
0.023530156
4.5998231e-06
0.023530373
4.6761305e-06
0.023530587
4.7547981e-06
0.023530799
4.8359814e-06
0.023531009
4.9198455e-06
0.023531217
5.006566e-06
0.023531423
5.0963296e-06
0.023531627
5.1893349e-06
0.023531829
5.2857943e-06
0.023532029
5.3859342e-06
0.023532228
5.4899965e-06
0.023532426
5.5982413e-06
0.023532622
5.7109467e-06
0.023532817
5.8284119e-06
0.023533012
5.9509593e-06
0.023533206
6.0789361e-06
0.023533399
6.2127175e-06
0.023533592
6.3527096e-06
0.023533784
6.4993525e-06
0.023533977
6.6531245e-06
0.02353417
6.8145458e-06
0.023534364
6.984184e-06
0.023534558
7.1626594e-06
0.023534753
7.3506511e-06
0.02353495
7.5489046e-06
0.023535148
7.7582403e-06
0.023535349
7.9795628e-06
0.023535551
8.2138724e-06
0.023535756
8.4622781e-06
8.7260128e-06
0.026581176
4.0633684e-06
0.026581426
4.1334239e-06
0.026581674
4.2053163e-06
0.026581921
4.2791583e-06
0.026582166
4.3550703e-06
0.026582409
4.4331802e-06
0.02658265
4.5136242e-06
0.026582889
4.5965475e-06
0.026583127
4.6821051e-06
0.026583363
4.7704624e-06
0.026583598
4.8617959e-06
0.026583831
4.9562943e-06
0.026584062
5.0541599e-06
0.026584293
5.155609e-06
0.026584522
5.2608737e-06
0.02658475
5.3702037e-06
0.026584977
5.4838669e-06
0.026585203
5.6021518e-06
0.026585429
5.7253699e-06
0.026585654
5.8538573e-06
0.026585878
5.9879774e-06
0.026586103
6.1281241e-06
0.026586328
6.2747246e-06
0.026586553
6.4282435e-06
0.026586778
6.5891865e-06
0.026587004
6.7581055e-06
0.026587231
6.9356039e-06
0.026587459
7.1223427e-06
0.026587689
7.3190476e-06
0.026587921
7.5265173e-06
0.026588155
7.7456325e-06
0.026588391
7.9773675e-06
0.026588631
8.2228023e-06
8.4831376e-06
0.030028875
3.7910814e-06
0.030029147
3.8618659e-06
0.030029418
3.9345403e-06
0.030029688
4.0092077e-06
0.030029957
4.0859786e-06
0.030030225
4.164971e-06
0.030030492
4.246311e-06
0.030030759
4.3301335e-06
0.030031024
4.4165831e-06
0.030031289
4.5058144e-06
0.030031553
4.5979931e-06
0.030031816
4.693297e-06
0.030032078
4.7919172e-06
0.03003234
4.8940583e-06
0.0300326
4.9999409e-06
0.030032861
5.1098024e-06
0.030033121
5.2238984e-06
0.03003338
5.3425046e-06
0.03003364
5.4659192e-06
0.030033899
5.5944644e-06
0.030034159
5.7284893e-06
0.030034419
5.8683725e-06
0.030034679
6.0145254e-06
0.03003494
6.1673957e-06
0.030035201
6.3274711e-06
0.030035464
6.4952844e-06
0.030035728
6.6714184e-06
0.030035994
6.8565121e-06
0.030036262
7.0512672e-06
0.030036532
7.2564562e-06
0.030036805
7.4729317e-06
0.03003708
7.7016367e-06
0.03003736
7.9436169e-06
8.2000355e-06
0.033923735
3.5017521e-06
0.033924025
3.5720413e-06
0.033924315
3.6442886e-06
0.033924606
3.7185904e-06
0.033924897
3.7950497e-06
0.033925188
3.8737768e-06
0.033925479
3.9548896e-06
0.033925771
4.0385145e-06
0.033926063
4.1247867e-06
0.033926355
4.2138516e-06
0.033926647
4.305865e-06
0.033926939
4.400994e-06
0.033927231
4.4994187e-06
0.033927524
4.6013326e-06
0.033927817
4.706944e-06
0.033928111
4.8164778e-06
0.033928404
4.9301764e-06
0.033928698
5.0483016e-06
0.033928993
5.171137e-06
0.033929289
5.2989892e-06
0.033929585
5.4321912e-06
0.033929882
5.5711041e-06
0.033930181
5.7161211e-06
0.03393048
5.8676702e-06
0.033930782
6.0262183e-06
0.033931085
6.1922757e-06
0.03393139
6.3664011e-06
0.033931697
6.5492075e-06
0.033932007
6.7413684e-06
0.03393232
6.9436259e-06
0.033932636
7.156799e-06
0.033932956
7.3817942e-06
0.03393328
7.6196173e-06
7.871387e-06
0.038323718
3.1985154e-06
0.038324023
3.2670007e-06
0.038324329
3.3375048e-06
0.038324638
3.41012e-06
0.038324948
3.4849449e-06
0.03832526
3.5620848e-06
0.038325573
3.6416523e-06
0.038325888
3.7237676e-06
0.038326204
3.8085595e-06
0.038326522
3.8961659e-06
0.038326841
3.9867348e-06
0.038327161
4.0804249e-06
0.038327483
4.177407e-06
0.038327807
4.2778644e-06
0.038328132
4.3819948e-06
0.038328458
4.4900113e-06
0.038328786
4.6021438e-06
0.038329116
4.7186407e-06
0.038329447
4.8397708e-06
0.03832978
4.9658254e-06
0.038330116
5.0971203e-06
0.038330453
5.2339988e-06
0.038330792
5.3768342e-06
0.038331134
5.5260334e-06
0.038331478
5.6820404e-06
0.038331825
5.8453409e-06
0.038332175
6.0164666e-06
0.038332528
6.1960012e-06
0.038332885
6.3845865e-06
0.038333245
6.5829295e-06
0.03833361
6.7918115e-06
0.03833398
7.012097e-06
0.038334355
7.2447456e-06
7.4908254e-06
0.043294459
2.8855277e-06
0.043294775
2.9509338e-06
0.043295094
3.0183894e-06
0.043295416
3.0879855e-06
0.043295742
3.1598187e-06
0.04329607
3.233992e-06
0.043296401
3.3106148e-06
0.043296735
3.389804e-06
0.043297072
3.4716843e-06
0.043297411
3.556389e-06
0.043297754
3.6440604e-06
0.0432981
3.7348512e-06
0.043298448
3.8289253e-06
0.043298799
3.9264582e-06
0.043299154
4.0276388e-06
0.043299511
4.1326705e-06
0.043299872
4.2417725e-06
0.043300235
4.3551811e-06
0.043300602
4.473152e-06
0.043300971
4.5959619e-06
0.043301345
4.7239105e-06
0.043301721
4.8573235e-06
0.043302102
4.9965546e-06
0.043302486
5.1419895e-06
0.043302874
5.2940487e-06
0.043303266
5.4531919e-06
0.043303662
5.6199224e-06
0.043304064
5.7947927e-06
0.04330447
5.9784099e-06
0.043304881
6.1714432e-06
0.043305298
6.3746318e-06
0.043305722
6.5887938e-06
0.043306152
6.8148373e-06
7.0537732e-06
0.048909881
2.5648254e-06
0.048910206
2.6259309e-06
0.048910535
2.6890717e-06
0.048910869
2.7543384e-06
0.048911207
2.8218271e-06
0.048911549
2.8916395e-06
0.048911896
2.9638839e-06
0.048912247
3.0386751e-06
0.048912603
3.1161355e-06
0.048912963
3.1963953e-06
0.048913327
3.2795936e-06
0.048913696
3.3658788e-06
0.04891407
3.4554097e-06
0.048914448
3.5483564e-06
0.04891483
3.6449009e-06
0.048915218
3.745239e-06
0.04891561
3.8495812e-06
0.048916007
3.9581538e-06
0.048916409
4.0712013e-06
0.048916816
4.1889873e-06
0.048917228
4.3117974e-06
0.048917645
4.4399408e-06
0.048918068
4.5737531e-06
0.048918497
4.7135995e-06
0.048918931
4.8598776e-06
0.048919371
5.0130214e-06
0.048919817
5.1735058e-06
0.04892027
5.3418512e-06
0.04892073
5.518629e-06
0.048921197
5.7044686e-06
0.048921672
5.9000644e-06
0.048922154
6.1061849e-06
0.048922645
6.3236825e-06
6.5535055e-06
0.055253923
2.2412047e-06
0.055254252
2.2969383e-06
0.055254587
2.3546356e-06
0.055254926
2.4143882e-06
0.055255272
2.4762931e-06
0.055255623
2.5404524e-06
0.05525598
2.6069733e-06
0.055256343
2.6759687e-06
0.055256711
2.7475581e-06
0.055257086
2.8218692e-06
0.055257466
2.8990377e-06
0.055257853
2.9792085e-06
0.055258246
3.0625359e-06
0.055258645
3.149185e-06
0.055259051
3.2393322e-06
0.055259463
3.3331666e-06
0.055259882
3.4308909e-06
0.055260307
3.5327227e-06
0.055260739
3.6388962e-06
0.055261179
3.7496638e-06
0.055261625
3.8652975e-06
0.055262079
3.9860916e-06
0.05526254
4.1123647e-06
0.055263009
4.2444624e-06
0.055263487
4.3827602e-06
0.055263972
4.5276674e-06
0.055264466
4.6796304e-06
0.055264969
4.8391376e-06
0.05526548
5.0067245e-06
0.055266002
5.1829795e-06
0.055266533
5.368551e-06
0.055267075
5.5641553e-06
0.055267629
5.7705861e-06
5.988725e-06
0.06242074
1.912222e-06
0.062421075
1.9615927e-06
0.062421417
2.0128061e-06
0.062421765
2.0659528e-06
0.062422121
2.121127e-06
0.062422483
2.1784271e-06
0.062422852
2.2379557e-06
0.062423228
2.2998232e-06
0.062423611
2.3641476e-06
0.062424002
2.4310535e-06
0.0624244
2.500672e-06
0.062424806
2.5731426e-06
0.06242522
2.6486142e-06
0.062425642
2.7272459e-06
0.062426072
2.8092074e-06
0.062426511
2.8946805e-06
0.062426958
2.9838591e-06
0.062427414
3.0769517e-06
0.062427878
3.1741818e-06
0.062428352
3.2757897e-06
0.062428836
3.3820341e-06
0.062429328
3.493194e-06
0.062429831
3.6095708e-06
0.062430344
3.7314906e-06
0.062430868
3.8593067e-06
0.062431402
3.9934034e-06
0.062431947
4.1341985e-06
0.062432504
4.2821482e-06
0.062433073
4.4377511e-06
0.062433655
4.6015542e-06
0.062434249
4.7741583e-06
0.062434857
4.9562258e-06
0.062435479
5.1484891e-06
5.35176e-06
0.070517854
1.5853192e-06
0.070518189
1.6268433e-06
0.070518532
1.6701692e-06
0.070518882
1.715408e-06
0.070519241
1.7627375e-06
0.070519607
1.8122912e-06
0.070519981
1.8638847e-06
0.070520363
1.9176113e-06
0.070520754
1.9735785e-06
0.070521153
2.0319017e-06
0.070521561
2.0927063e-06
0.070521978
2.156127e-06
0.070522404
2.2223071e-06
0.07052284
2.2913987e-06
0.070523286
2.363564e-06
0.070523741
2.4389758e-06
0.070524207
2.5178175e-06
0.070524684
2.6002847e-06
0.070525172
2.6865873e-06
0.07052567
2.7769507e-06
0.070526181
2.8716172e-06
0.070526703
2.9708479e-06
0.070527238
3.0749241e-06
0.070527785
3.1841494e-06
0.070528346
3.2988526e-06
0.07052892
3.4193898e-06
0.070529508
3.546148e-06
0.07053011
3.679548e-06
0.070530728
3.8200489e-06
0.070531361
3.9681528e-06
0.070532011
4.1244098e-06
0.070532678
4.2894248e-06
0.070533363
4.4638645e-06
4.6484664e-06
0.079664932
1.2450291e-06
0.079665281
1.2780369e-06
0.079665638
1.3126218e-06
0.079666005
1.3489969e-06
0.07966638
1.3873675e-06
0.079666765
1.4278895e-06
0.079667158
1.4703534e-06
0.079667561
1.5149225e-06
0.079667973
1.5617064e-06
0.079668394
1.610557e-06
0.079668825
1.66158e-06
0.079669266
1.7148966e-06
0.079669718
1.7706386e-06
0.07967018
1.8289462e-06
0.079670654
1.8899681e-06
0.079671139
1.9538608e-06
0.079671636
2.0207914e-06
0.079672146
2.0909407e-06
0.079672668
2.1645027e-06
0.079673203
2.2416844e-06
0.079673752
2.3227062e-06
0.079674315
2.4078057e-06
0.079674893
2.4972387e-06
0.079675485
2.591282e-06
0.079676094
2.6902339e-06
0.079676719
2.7944176e-06
0.079677361
2.9041832e-06
0.079678021
3.0199111e-06
0.079678699
3.1420153e-06
0.079679396
3.2709472e-06
0.079680113
3.4072007e-06
0.079680851
3.5513168e-06
0.079681611
3.7038906e-06
3.865578e-06
0.090000137
9.1159973e-07
0.090000479
9.3641099e-07
0.090000829
9.6221992e-07
0.090001189
9.8929597e-07
0.090001559
1.0178263e-06
0.090001938
1.0479274e-06
0.090002329
1.0797133e-06
0.090002731
1.113373e-06
0.090003143
1.1490245e-06
0.090003567
1.1864948e-06
0.090004003
1.2258985e-06
0.090004451
1.2673709e-06
0.09000491
1.3110517e-06
0.090005382
1.357137e-06
0.090005866
1.405849e-06
0.090006363
1.4571472e-06
0.090006873
1.5109908e-06
0.090007396
1.5675268e-06
0.090007934
1.6269186e-06
0.090008486
1.6893416e-06
0.090009054
1.7549866e-06
0.090009637
1.8240599e-06
0.090010238
1.8967837e-06
0.090010856
1.9733974e-06
0.090011492
2.0541594e-06
0.090012147
2.1393492e-06
0.090012822
2.2292698e-06
0.090013518
2.3242499e-06
0.090014235
2.4246468e-06
0.090014975
2.5308497e-06
0.090015739
2.6432834e-06
0.090016528
2.7624127e-06
0.090017343
2.8887474e-06
3.0228481e-06
0.1016755
5.5612495e-07
0.10167586
5.7221803e-07
0.10167623
5.8897833e-07
0.10167662
6.0655451e-07
0.10167701
6.251071e-07
0.10167741
6.4471585e-07
0.10167783
6.6546449e-07
0.10167825
6.8744348e-07
0.10167869
7.1075152e-07
0.10167914
7.3549882e-07
0.10167961
7.6180919e-07
0.10168008
7.8982033e-07
0.10168058
8.1967286e-07
0.10168108
8.515713e-07
0.1016816
8.8575266e-07
0.10168214
9.2215813e-07
0.10168269
9.607466e-07
0.10168325
1.0017362e-06
0.10168383
1.0451834e-06
0.10168443
1.0909646e-06
0.10168505
1.1392191e-06
0.10168568
1.1901078e-06
0.10168634
1.2438073e-06
0.10168701
1.3005092e-06
0.1016877
1.3604206e-06
0.10168842
1.4237658e-06
0.10168916
1.4907878e-06
0.10168992
1.5617504e-06
0.10169071
1.6369404e-06
0.10169152
1.7166701e-06
0.10169236
1.8012802e-06
0.10169323
1.8911431e-06
0.10169414
1.9866668e-06
2.0882996e-06
0.11486816
0.11486852
0.11486888
0.11486925
0.11486963
0.11487002
0.11487042
0.11487083
0.11487125
0.11487169
0.11487214
0.1148726
0.11487307
0.11487356
0.11487406
0.11487458
0.11487512
0.11487567
0.11487625
0.11487684
0.11487745
0.11487808
0.11487873
0.1148794
0.1148801
0.11488082
0.11488157
0.11488234
0.11488315
0.11488398
0.11488485
0.11488575
0.11488669
)
;

boundaryField
{
    bottom
    {
        type            calculated;
        value           nonuniform List<scalar> 0();
    }
    back
    {
        type            empty;
    }
    front
    {
        type            empty;
    }
    inlet
    {
        type            calculated;
        value           nonuniform List<scalar> 0();
    }
    outlet
    {
        type            calculated;
        value           nonuniform List<scalar> 0();
    }
    top
    {
        type            calculated;
        value           nonuniform List<scalar> 
34
(
2.1156576e-07
2.1917226e-07
2.2725764e-07
2.3585993e-07
2.4502197e-07
2.547925e-07
2.6522588e-07
2.7638213e-07
2.8832782e-07
3.011372e-07
3.1489333e-07
3.2968921e-07
3.4562932e-07
3.6283043e-07
3.8142701e-07
4.0156544e-07
4.2343989e-07
4.473538e-07
4.7323635e-07
5.0061625e-07
5.2956702e-07
5.6019125e-07
5.9260569e-07
6.2693812e-07
6.6332727e-07
7.0192378e-07
7.4289125e-07
7.864077e-07
8.3266698e-07
8.8188059e-07
9.3427963e-07
9.9011705e-07
1.0496703e-06
1.1132445e-06
)
;
    }
    slipsurface
    {
        type            calculated;
        value           nonuniform List<scalar> 0();
    }
    procBoundary15to3
    {
        type            processor;
        value           nonuniform List<scalar> 
24
(
-0.0069483871
-0.0078498415
-0.0088682282
-0.010018711
-0.011318418
-0.0127867
-0.014445415
-0.016319255
-0.018436114
-0.020827508
-0.023529035
-0.026580924
-0.030028603
-0.033923446
-0.038323414
-0.043294146
-0.04890956
-0.055253599
-0.062420411
-0.070517527
-0.079664592
-0.089999804
-0.10167514
-0.11486782
)
;
    }
    procBoundary15to13
    {
        type            processor;
        value           nonuniform List<scalar> 
24
(
0.0069497418
0.0078514425
0.0088701232
0.010020956
0.011321078
0.012789849
0.014449134
0.016323636
0.018441251
0.020833496
0.023535965
0.026588874
0.030037643
0.033933608
0.038334735
0.043306589
0.048923146
0.055268193
0.062436116
0.070534066
0.079682394
0.090018186
0.10169507
0.11488766
)
;
    }
    procBoundary15to14
    {
        type            processor;
        value           nonuniform List<scalar> 
34
(
-5.68358e-06
-5.7230571e-06
-5.765931e-06
-5.8122915e-06
-5.8622378e-06
-5.9158792e-06
-5.9733358e-06
-6.0347387e-06
-6.1002318e-06
-6.169972e-06
-6.2441302e-06
-6.3228928e-06
-6.406463e-06
-6.4950613e-06
-6.5889278e-06
-6.6883241e-06
-6.7935342e-06
-6.9048677e-06
-7.0226615e-06
-7.1472829e-06
-7.2791321e-06
-7.4186459e-06
-7.5663018e-06
-7.722622e-06
-7.8881779e-06
-8.0635958e-06
-8.2495642e-06
-8.4468413e-06
-8.6562604e-06
-8.8787435e-06
-9.1153087e-06
-9.3670859e-06
-9.6353287e-06
-9.9214343e-06
)
;
    }
}


// ************************************************************************* //
