/*--------------------------------*- C++ -*----------------------------------*\
  =========                 |
  \\      /  F ield         | OpenFOAM: The Open Source CFD Toolbox
   \\    /   O peration     | Website:  https://openfoam.org
    \\  /    A nd           | Version:  12
     \\/     M anipulation  |
\*---------------------------------------------------------------------------*/
FoamFile
{
    format      ascii;
    class       volScalarField;
    location    "1700";
    object      p;
}
// * * * * * * * * * * * * * * * * * * * * * * * * * * * * * * * * * * * * * //

dimensions      [0 2 -2 0 0 0 0];

internalField   nonuniform List<scalar> 
816
(
0.0017770747
0.001728222
0.0016787137
0.0016282582
0.0015766416
0.0015238876
0.0014696037
0.001413682
0.0013560245
0.0012961741
0.0012342951
0.0011711174
0.0011081609
0.0010468314
0.00098703255
0.00092841685
0.00087111235
0.0017786356
0.0017297146
0.0016801392
0.0016296176
0.0015779359
0.0015251183
0.0014707723
0.0014147901
0.0013570738
0.0012971658
0.0012352303
0.0011720001
0.0011089964
0.001047623
0.00098778344
0.00092913032
0.00087179139
0.0017803471
0.0017313577
0.0016817142
0.0016311246
0.0015793753
0.001526491
0.0014720792
0.0014160324
0.0013582528
0.0012982826
0.0012362852
0.0011729974
0.0011099422
0.0010485205
0.00098863586
0.00092994112
0.00087256382
0.0017821962
0.0017331424
0.0016834334
0.0016327768
0.0015809597
0.0015280077
0.0014735282
0.0014174142
0.0013595682
0.0012995319
0.0012374679
0.0011741179
0.0011110075
0.0010495335
0.00098959949
0.00093085897
0.00087343932
0.0017841503
0.0017350447
0.0016852792
0.0016345615
0.0015826807
0.0015296633
0.0014751171
0.0014189358
0.0013610222
0.0013009178
0.0012387836
0.0011753681
0.0011121998
0.0010506702
0.00099068298
0.00093189284
0.00087442707
0.0017861429
0.0017370119
0.00168721
0.0016364472
0.0015845149
0.001531441
0.0014768338
0.0014205891
0.0013626102
0.0013024385
0.0012402326
0.0011767499
0.0011135231
0.0010519361
0.00099189281
0.00093304993
0.00087553484
0.0017881145
0.0017389691
0.0016891512
0.0016383712
0.0015864124
0.0015333013
0.0014786486
0.0014223525
0.0013643168
0.0013040831
0.0012418075
0.001178259
0.001114976
0.0010533321
0.00099323161
0.0009343342
0.00087676769
0.0017902482
0.0017409588
0.0016910781
0.0016402785
0.0015883035
0.0015351752
0.0014805033
0.0014241794
0.0013661052
0.0013058244
0.001243488
0.0011798804
0.0011165487
0.0010548522
0.00099469601
0.00093574443
0.00087812615
0.0017921825
0.0017431643
0.0016932755
0.0016423253
0.0015902235
0.0015370387
0.0014823456
0.0014260046
0.0013679127
0.0013076095
0.0012452309
0.00118158
0.0011182163
0.0010564786
0.00099627293
0.00093727118
0.00087960378
0.0017923459
0.0017438503
0.0016946177
0.0016441611
0.0015923117
0.0015391232
0.0014842984
0.0014278508
0.0013697132
0.0013093873
0.0012469735
0.0011832988
0.0011199303
0.0010581723
0.00099793153
0.00093889073
0.00088118252
0.0017929137
0.0017442763
0.0016947966
0.0016443887
0.0015930305
0.0015404366
0.0014860662
0.001429837
0.0013716851
0.0013112428
0.0012487206
0.0011850026
0.0011216383
0.0010598742
0.00099961677
0.00094055633
0.00088282366
0.0017937409
0.00174502
0.0016954308
0.0016449523
0.0015934455
0.0015406304
0.0014863867
0.0014306339
0.0013730058
0.0013129728
0.0012505877
0.0011868225
0.0011233958
0.0010615829
0.0010012962
0.00094221765
0.00088446921
0.0017946134
0.0017458559
0.0016962545
0.0016457449
0.0015941545
0.0015412405
0.001486945
0.0014310214
0.0013732127
0.0013134101
0.0012514703
0.0011881308
0.0011250814
0.0010634301
0.0010031077
0.00094393812
0.00088612273
0.0017955702
0.0017467711
0.0016971379
0.0016465899
0.0015949623
0.0015420334
0.0014876953
0.0014316861
0.0013737973
0.0013139391
0.0012517854
0.0011883174
0.0011255516
0.0010643576
0.0010044502
0.00094559676
0.00088791667
0.0017966425
0.0017477885
0.00169811
0.0016475199
0.0015958504
0.0015428862
0.0014885041
0.0014324624
0.0013745567
0.0013146408
0.0012523853
0.0011888543
0.0011260183
0.001064619
0.0010046248
0.00094602407
0.00088872408
0.0017978403
0.0017489305
0.0016992022
0.0016485598
0.0015968373
0.0015438262
0.0014893982
0.0014333174
0.0013753739
0.0013154095
0.0012531183
0.0011895635
0.0011266768
0.0010651993
0.0010051682
0.00094651205
0.00088901133
0.0017991764
0.0017502065
0.0017004235
0.0016497234
0.0015979439
0.0015448803
0.0014903982
0.0014342676
0.0013762762
0.0013162622
0.0012539243
0.0011903251
0.0011274062
0.0010659157
0.0010058718
0.00094715993
0.00088958765
0.0018006638
0.0017516288
0.001701786
0.0016510232
0.0015991819
0.001546061
0.0014915192
0.0014353325
0.0013772874
0.0013172155
0.0012548187
0.0011911677
0.0011282154
0.0010666994
0.0010066195
0.00094787116
0.00089028445
0.0018023159
0.001753211
0.0017033031
0.0016524726
0.0016005641
0.0015473804
0.0014927735
0.0014365256
0.0013784214
0.0013182854
0.001255823
0.0011921141
0.0011291192
0.0010675667
0.0010074471
0.00094866348
0.00089105007
0.0018041466
0.0017549671
0.0017049887
0.0016540855
0.0016021042
0.0015488519
0.0014941743
0.0014378592
0.0013796903
0.0013194842
0.0012569506
0.0011931783
0.0011301349
0.0010685411
0.0010083774
0.00094954908
0.0008918966
0.0018061693
0.0017569112
0.0017068575
0.0016558764
0.0016038167
0.0015504898
0.0014957357
0.0014393471
0.0013811072
0.0013208247
0.0012582136
0.0011943718
0.0011312748
0.0010696357
0.0010094232
0.00095054456
0.00089284854
0.0018083966
0.0017590569
0.0017089233
0.00165786
0.0016057167
0.0015523093
0.0014974728
0.0014410043
0.0013826866
0.0013223211
0.0012596256
0.0011957076
0.0011325512
0.0010708617
0.0010105955
0.00095166185
0.00089391808
0.001810839
0.0017614161
0.0017111995
0.0016600503
0.0016078187
0.0015543254
0.001499401
0.0014428461
0.0013844438
0.0013239885
0.0012612014
0.0011972003
0.0011339779
0.0010722323
0.001011907
0.000952913
0.00089511604
0.0018135039
0.0017639984
0.0017136973
0.0016624599
0.0016101367
0.0015565528
0.0015015354
0.001444888
0.0013863945
0.0013258427
0.0012629568
0.0011988653
0.00113557
0.0010737618
0.0010133716
0.00095431133
0.000896455
0.0018163942
0.0017668096
0.001716425
0.001665099
0.0016126826
0.0015590045
0.0015038902
0.0014471452
0.0013885541
0.0013278994
0.0012649079
0.0012007187
0.0011373432
0.0010754656
0.0010150042
0.00095587134
0.00089794887
0.0018195052
0.0017698492
0.0017193857
0.0016679738
0.0016154649
0.0015616913
0.0015064777
0.0014496309
0.0013909371
0.0013301739
0.0012670705
0.0012027767
0.0011393136
0.0010773594
0.0010168203
0.00095760813
0.00089961226
0.0018228235
0.0017731092
0.0017225762
0.0016710849
0.0016184876
0.0015646201
0.0015093069
0.0014523564
0.001393556
0.0013326799
0.0012694594
0.0012050546
0.0011414966
0.0010794587
0.0010188352
0.00095953688
0.00090145994
0.0018263189
0.0017765671
0.0017259806
0.001674422
0.0016217455
0.0015677898
0.0015123805
0.0014553272
0.001396419
0.0013354277
0.0012720866
0.0012075657
0.0011439062
0.0010817775
0.001021063
0.00096167176
0.00090350587
0.0018299517
0.0017801915
0.0017295753
0.0016779685
0.0016252276
0.0015711945
0.0015156966
0.0014585453
0.001399531
0.0013384248
0.0012749617
0.0012103211
0.0011465545
0.0010843285
0.0010235168
0.00096402594
0.00090576312
0.0018336373
0.0017839116
0.0017333013
0.001681676
0.0016288951
0.001574804
0.0015192326
0.0014619943
0.0014028816
0.0013416654
0.001278083
0.0012133226
0.0011494455
0.0010871174
0.0010262031
0.00096660671
0.00090823945
0.0018373087
0.001787672
0.0017371141
0.0016855093
0.0016327208
0.0015785982
0.0015229745
0.0014656656
0.0014064664
0.0013451492
0.0012814534
0.0012165755
0.0011525868
0.0010901527
0.0010291315
0.00096942429
0.00091094535
0.0018407643
0.0017912936
0.0017408554
0.0016893295
0.001636584
0.0015824728
0.001526833
0.0014694837
0.0014102226
0.001348824
0.0012850304
0.0012200452
0.0011559493
0.0010934101
0.0010322809
0.00097246016
0.00091386441
0.0018439553
0.0017947389
0.0017444978
0.0016931183
0.0016404741
0.001586424
0.00153081
0.0014734548
0.00141416
0.0013527027
0.0012888288
0.0012237492
0.0011595535
0.001096912
0.0010356748
0.00097573861
0.00091702123
0.0018464238
0.0017975859
0.0017476545
0.0016965228
0.0016440705
0.0015901624
0.0015346453
0.0014773468
0.0014180725
0.0013566032
0.0012926886
0.0012275438
0.0011632678
0.0011005367
0.0010391998
0.00097915277
0.00092031464
0.001848309
0.0017999732
0.0017504638
0.0016996805
0.00164751
0.0015938227
0.0015384713
0.0014812885
0.0014220845
0.0013606447
0.0012967234
0.0012315433
0.0011672101
0.0011044045
0.0010429774
0.00098282462
0.00092386642
0.0018486101
0.0018009543
0.0017520343
0.0017017562
0.0016500129
0.0015966808
0.0015416182
0.0014846631
0.001425631
0.0013643118
0.0013004638
0.0012353086
0.0011709611
0.0011081133
0.0010466205
0.00098638003
0.00092731379
0.0018480828
0.0018012491
0.0017530527
0.0017034052
0.0016522046
0.0015993327
0.0015446532
0.0014880095
0.0014292218
0.0013680852
0.0013043637
0.0012392889
0.0011749771
0.0011121249
0.0010505942
0.00099028598
0.00093112478
0.0018446133
0.0017988256
0.0017515736
0.001702772
0.0016523225
0.0016001107
0.0015460047
0.001489852
0.0014314775
0.0013706801
0.0013072263
0.0012423351
0.0011781322
0.001115334
0.0010538125
0.00099347393
0.00093424623
0.0018404891
0.0017958582
0.0017496634
0.0017018202
0.0016522313
0.0016007844
0.0015473498
0.0014917784
0.0014338979
0.0013735116
0.0013103927
0.0012457742
0.0011817731
0.0011191048
0.0010576535
0.00099733375
0.00093807863
0.001831355
0.0017881321
0.0017432548
0.0016966357
0.001648176
0.0015977625
0.0015452656
0.0014905365
0.0014334041
0.0013736715
0.0013111079
0.0012469137
0.0011832152
0.0011207605
0.00105945
0.00099920718
0.00093997165
0.0018228211
0.0017810013
0.0017374509
0.0016920776
0.001644778
0.0015954354
0.0015439171
0.0014900725
0.0014337298
0.0013746937
0.0013127428
0.0012490971
0.001185854
0.0011237463
0.0010626903
0.001002623
0.00094349304
0.0018060422
0.0017659011
0.0017239727
0.0016801573
0.0016343446
0.0015864112
0.0015362188
0.001483611
0.0014284104
0.0013704127
0.0013093788
0.001246465
0.0011837798
0.0011221076
0.0010613865
0.0010015646
0.00094259959
0.0017933127
0.0017546233
0.0017141131
0.0016716738
0.0016271865
0.0015805198
0.0015315274
0.0014800463
0.0014258944
0.0013688691
0.0013087458
0.0012467102
0.0011848073
0.0011237753
0.0010635682
0.0010041535
0.00094550188
0.0017668489
0.0017299618
0.0016912437
0.0016505777
0.0016078352
0.0015628748
0.0015155396
0.0014656546
0.0014130229
0.0013574191
0.0012985798
0.0012375886
0.0011765126
0.0011161703
0.0010565404
0.00099759831
0.00093932442
0.0017519277
0.0017162881
0.0016788277
0.0016394214
0.0015979324
0.0015542099
0.0015080876
0.0014593839
0.0014079
0.0013534185
0.0012957037
0.0012358818
0.001175905
0.0011164953
0.0010576439
0.00099935344
0.00094162078
0.0017129813
0.0016791665
0.0016435716
0.0016060613
0.0015664869
0.001524685
0.0014804748
0.0014336554
0.0013840014
0.0013312554
0.0012751202
0.0012165878
0.0011576664
0.0010992008
0.0010412051
0.00098367587
0.00092661456
0.0017006717
0.0016676741
0.0016329202
0.0015962708
0.0015575733
0.00151666
0.0014733474
0.0014274344
0.0013787018
0.001326913
0.0012718142
0.0012144547
0.0011566684
0.0010991535
0.0010419437
0.00098507963
0.00092858421
0.0016425785
0.0016119752
0.0015796241
0.0015453802
0.001509083
0.0014705539
0.0014295941
0.0013859809
0.0013394639
0.0012897581
0.0012365417
0.0011807298
0.0011242801
0.001068059
0.0010121007
0.0009564105
0.00090100726
)
;

boundaryField
{
    bottom
    {
        type            zeroGradient;
    }
    back
    {
        type            empty;
    }
    front
    {
        type            empty;
    }
    inlet
    {
        type            zeroGradient;
    }
    outlet
    {
        type            fixedValue;
        value           nonuniform List<scalar> 0();
    }
    top
    {
        type            zeroGradient;
    }
    slipsurface
    {
        type            slip;
    }
    procBoundary2to0
    {
        type            processor;
        value           nonuniform List<scalar> 
25
(
0.0018251443
0.001826774
0.0018285533
0.0018304643
0.0018324639
0.0018344722
0.0018364608
0.0018387703
0.0018401734
0.0018403258
0.0018409794
0.0018418312
0.0018427409
0.0018437402
0.0018448632
0.0018461166
0.0018475124
0.0018490639
0.0018507846
0.001852688
0.0018547868
0.0018570924
0.0018596135
0.0018623551
0.0018653165
)
;
    }
    procBoundary2to1
    {
        type            processor;
        value           nonuniform List<scalar> 
23
(
0.0018684881
0.0018718504
0.0018753642
0.0018789798
0.0018825979
0.0018861383
0.0018893752
0.0018922478
0.0018942617
0.0018955572
0.001895081
0.0018936285
0.0018890088
0.0018836287
0.0018729994
0.0018629926
0.0018444864
0.0018302802
0.0018020122
0.0017858615
0.0017451403
0.0017320406
0.0016715651
)
;
    }
    procBoundary2to3
    {
        type            processor;
        value           nonuniform List<scalar> 
48
(
0.00081497694
0.00081562419
0.00081636112
0.00081719733
0.00081814211
0.00081920365
0.00082038788
0.00082169681
0.00082312637
0.00082466267
0.00082627396
0.00082790477
0.00082952858
0.00083130908
0.00083247972
0.0008326033
0.00083315183
0.00083384321
0.00083457399
0.00083538147
0.00083629116
0.00083731394
0.00083845988
0.00083974106
0.00084117074
0.0008427629
0.00084453175
0.0008464908
0.00084865274
0.0008510253
0.00085361885
0.00085641834
0.00085944816
0.00086261173
0.00086603014
0.00086935039
0.00087304089
0.0008760623
0.00087982479
0.0008816852
0.00088524889
0.0008844488
0.00088758016
0.00088169715
0.00088443596
0.0008700223
0.00087246964
0.00084591525
)
;
    }
    procBoundary2to9
    {
        type            processor;
        value           nonuniform List<scalar> 
17
(
0.0017756669
0.0017268799
0.0016774355
0.0016270425
0.001575487
0.0015227921
0.0014685657
0.0014126996
0.0013550959
0.0012952978
0.0012334699
0.0011703396
0.0011074258
0.0010461357
0.00098637325
0.00092779093
0.0008705171
)
;
    }
}


// ************************************************************************* //
