/*--------------------------------*- C++ -*----------------------------------*\
  =========                 |
  \\      /  F ield         | OpenFOAM: The Open Source CFD Toolbox
   \\    /   O peration     | Website:  https://openfoam.org
    \\  /    A nd           | Version:  12
     \\/     M anipulation  |
\*---------------------------------------------------------------------------*/
FoamFile
{
    format      ascii;
    class       volScalarField;
    location    "2000";
    object      nut;
}
// * * * * * * * * * * * * * * * * * * * * * * * * * * * * * * * * * * * * * //

dimensions      [0 2 -1 0 0 0 0];

internalField   nonuniform List<scalar> 
467
(
1.890141e-07
1.8197188e-07
1.7749724e-07
1.7459166e-07
1.7265805e-07
1.7134507e-07
1.7043991e-07
1.6980897e-07
1.6936567e-07
1.6905241e-07
1.890141e-07
1.8197188e-07
1.7749726e-07
1.7459169e-07
1.7265811e-07
1.7134516e-07
1.7044002e-07
1.6980909e-07
1.6936579e-07
1.6905254e-07
1.890141e-07
1.8197188e-07
1.7749729e-07
1.7459175e-07
1.7265819e-07
1.7134526e-07
1.7044014e-07
1.6980923e-07
1.6936594e-07
1.690527e-07
1.890141e-07
1.8197188e-07
1.7749733e-07
1.7459181e-07
1.7265829e-07
1.7134539e-07
1.7044029e-07
1.698094e-07
1.6936612e-07
1.6905288e-07
1.890141e-07
1.8197188e-07
1.7749737e-07
1.7459189e-07
1.7265841e-07
1.7134554e-07
1.7044047e-07
1.698096e-07
1.6936633e-07
1.6905311e-07
1.890141e-07
1.8197188e-07
1.7749741e-07
1.7459199e-07
1.7265856e-07
1.7134574e-07
1.704407e-07
1.6980984e-07
1.6936659e-07
1.6905337e-07
1.890141e-07
1.8197189e-07
1.7749747e-07
1.7459211e-07
1.7265873e-07
1.7134595e-07
1.7044094e-07
1.698101e-07
1.6936686e-07
1.6905366e-07
1.890141e-07
1.819719e-07
1.7749752e-07
1.7459223e-07
1.726589e-07
1.7134616e-07
1.7044118e-07
1.6981036e-07
1.6936713e-07
1.6905393e-07
1.890141e-07
1.8197192e-07
1.7749759e-07
1.7459235e-07
1.7265907e-07
1.7134636e-07
1.704414e-07
1.698106e-07
1.6936739e-07
1.690542e-07
1.890141e-07
1.8197193e-07
1.7749765e-07
1.7459245e-07
1.7265922e-07
1.7134654e-07
1.704416e-07
1.6981081e-07
1.6936761e-07
1.6905442e-07
1.890141e-07
1.8197195e-07
1.774977e-07
1.7459254e-07
1.7265934e-07
1.7134668e-07
1.7044175e-07
1.6981097e-07
1.6936778e-07
1.690546e-07
1.890141e-07
1.8197196e-07
1.7749773e-07
1.7459261e-07
1.7265942e-07
1.7134677e-07
1.7044185e-07
1.6981107e-07
1.6936788e-07
1.690547e-07
1.890141e-07
1.8197197e-07
1.7749776e-07
1.7459264e-07
1.7265946e-07
1.7134682e-07
1.704419e-07
1.6981113e-07
1.6936793e-07
1.6905475e-07
1.890141e-07
1.8197197e-07
1.7749776e-07
1.7459264e-07
1.7265945e-07
1.713468e-07
1.7044188e-07
1.6981109e-07
1.6936789e-07
1.6905471e-07
1.890141e-07
1.8197197e-07
1.7749777e-07
1.7459265e-07
1.7265946e-07
1.7134681e-07
1.7044188e-07
1.698111e-07
1.693679e-07
1.6905472e-07
1.890141e-07
1.8197197e-07
1.7749775e-07
1.7459261e-07
1.7265941e-07
1.7134675e-07
1.7044181e-07
1.6981102e-07
1.6936782e-07
1.6905463e-07
1.890141e-07
1.8197198e-07
1.7749774e-07
1.7459258e-07
1.7265934e-07
1.7134664e-07
1.7044167e-07
1.6981086e-07
1.6936764e-07
1.6905445e-07
1.6692708e-07
1.666984e-07
1.6646684e-07
1.6623243e-07
1.6599519e-07
1.6575514e-07
1.6551231e-07
1.6526673e-07
1.6885329e-07
1.6865117e-07
1.6844606e-07
1.6823796e-07
1.6802688e-07
1.6781284e-07
1.6759584e-07
1.6737589e-07
1.6715301e-07
1.6692723e-07
1.6669855e-07
1.6646699e-07
1.6623258e-07
1.6599534e-07
1.6575529e-07
1.6551246e-07
1.6526688e-07
1.6885342e-07
1.6865131e-07
1.684462e-07
1.6823811e-07
1.6802703e-07
1.6781299e-07
1.6759599e-07
1.6737605e-07
1.6715318e-07
1.6692739e-07
1.6669871e-07
1.6646716e-07
1.6623275e-07
1.6599551e-07
1.6575546e-07
1.6551263e-07
1.6526705e-07
1.6885358e-07
1.6865147e-07
1.6844637e-07
1.6823828e-07
1.6802721e-07
1.6781317e-07
1.6759618e-07
1.6737624e-07
1.6715337e-07
1.6692759e-07
1.6669891e-07
1.6646736e-07
1.6623295e-07
1.6599571e-07
1.6575566e-07
1.6551283e-07
1.6526725e-07
1.6885377e-07
1.6865167e-07
1.6844657e-07
1.6823848e-07
1.6802742e-07
1.6781338e-07
1.6759639e-07
1.6737645e-07
1.6715359e-07
1.6692781e-07
1.6669913e-07
1.6646758e-07
1.6623317e-07
1.6599593e-07
1.6575589e-07
1.6551306e-07
1.6526747e-07
1.68854e-07
1.686519e-07
1.684468e-07
1.6823872e-07
1.6802766e-07
1.6781363e-07
1.6759664e-07
1.6737671e-07
1.6715384e-07
1.6692807e-07
1.6669939e-07
1.6646784e-07
1.6623344e-07
1.659962e-07
1.6575615e-07
1.6551332e-07
1.6526773e-07
1.6885427e-07
1.6865218e-07
1.6844709e-07
1.6823901e-07
1.6802796e-07
1.6781393e-07
1.6759695e-07
1.6737702e-07
1.6715416e-07
1.6692838e-07
1.6669971e-07
1.6646816e-07
1.6623376e-07
1.6599652e-07
1.6575647e-07
1.6551364e-07
1.6526805e-07
1.6885456e-07
1.6865247e-07
1.6844739e-07
1.6823932e-07
1.6802827e-07
1.6781424e-07
1.6759726e-07
1.6737734e-07
1.6715448e-07
1.6692871e-07
1.6670004e-07
1.664685e-07
1.662341e-07
1.6599686e-07
1.6575682e-07
1.6551399e-07
1.652684e-07
1.6885484e-07
1.6865276e-07
1.6844768e-07
1.6823962e-07
1.6802857e-07
1.6781455e-07
1.6759758e-07
1.6737765e-07
1.671548e-07
1.6692903e-07
1.6670037e-07
1.6646883e-07
1.6623443e-07
1.6599719e-07
1.6575715e-07
1.6551432e-07
1.6526873e-07
1.6885511e-07
1.6865303e-07
1.6844796e-07
1.682399e-07
1.6802886e-07
1.6781484e-07
1.6759787e-07
1.6737795e-07
1.671551e-07
1.6692934e-07
1.6670068e-07
1.6646914e-07
1.6623474e-07
1.659975e-07
1.6575746e-07
1.6551463e-07
1.6526904e-07
1.6885534e-07
1.6865327e-07
1.684482e-07
1.6824014e-07
1.680291e-07
1.6781509e-07
1.6759812e-07
1.673782e-07
1.6715536e-07
1.6692959e-07
1.6670093e-07
1.6646939e-07
1.6623499e-07
1.6599776e-07
1.6575772e-07
1.6551489e-07
1.6526929e-07
1.6885552e-07
1.6865344e-07
1.6844838e-07
1.6824032e-07
1.6802928e-07
1.6781528e-07
1.6759831e-07
1.6737839e-07
1.6715555e-07
1.6692979e-07
1.6670113e-07
1.6646959e-07
1.6623519e-07
1.6599796e-07
1.6575791e-07
1.6551508e-07
1.6526949e-07
1.6885562e-07
1.6865355e-07
1.6844848e-07
1.6824042e-07
1.6802939e-07
1.6781538e-07
1.6759841e-07
1.673785e-07
1.6715565e-07
1.6692989e-07
1.6670123e-07
1.6646969e-07
1.6623529e-07
1.6599806e-07
1.6575801e-07
1.6551518e-07
1.6526958e-07
1.6885567e-07
1.686536e-07
1.6844854e-07
1.6824048e-07
1.6802944e-07
1.6781544e-07
1.6759847e-07
1.6737855e-07
1.6715571e-07
1.6692994e-07
1.6670128e-07
1.6646974e-07
1.6623534e-07
1.6599811e-07
1.6575806e-07
1.6551522e-07
1.6526962e-07
1.6885563e-07
1.6865355e-07
1.6844849e-07
1.6824043e-07
1.6802939e-07
1.6781538e-07
1.6759841e-07
1.6737849e-07
1.6715564e-07
1.6692988e-07
1.6670122e-07
1.6646967e-07
1.6623527e-07
1.6599803e-07
1.6575798e-07
1.6551514e-07
1.6526954e-07
1.6885564e-07
1.6865357e-07
1.6844851e-07
1.6824045e-07
1.6802941e-07
1.6781541e-07
1.6759844e-07
1.6737853e-07
1.6715568e-07
1.6692992e-07
1.6670125e-07
1.6646971e-07
1.6623531e-07
1.6599807e-07
1.6575802e-07
1.6551518e-07
1.6526957e-07
1.6885555e-07
1.6865347e-07
1.684484e-07
1.6824034e-07
1.680293e-07
1.6781529e-07
1.6759832e-07
1.673784e-07
1.6715554e-07
1.6692977e-07
1.667011e-07
1.6646954e-07
1.6623513e-07
1.6599788e-07
1.6575781e-07
1.6551495e-07
1.6526933e-07
1.6885536e-07
1.6865328e-07
1.684482e-07
1.6824013e-07
1.6802908e-07
1.6781507e-07
1.6759808e-07
1.6737816e-07
1.6715529e-07
1.6692951e-07
1.6670084e-07
1.6646928e-07
1.6623486e-07
1.659976e-07
1.6575753e-07
1.6551466e-07
1.6526904e-07
)
;

boundaryField
{
    inlet
    {
        type            calculated;
        value           uniform 2e-07;
    }
    top
    {
        type            calculated;
        value           nonuniform List<scalar> 
27
(
1.890141e-07
1.8197198e-07
1.7749774e-07
1.7459258e-07
1.7265934e-07
1.7134664e-07
1.7044167e-07
1.6981086e-07
1.6936764e-07
1.6905445e-07
1.6885536e-07
1.6865328e-07
1.684482e-07
1.6824013e-07
1.6802908e-07
1.6781507e-07
1.6759808e-07
1.6737816e-07
1.6715529e-07
1.6692951e-07
1.6670084e-07
1.6646928e-07
1.6623486e-07
1.659976e-07
1.6575753e-07
1.6551466e-07
1.6526904e-07
)
;
    }
    outlet
    {
        type            calculated;
        value           nonuniform List<scalar> 0();
    }
    slipsurface
    {
        type            slip;
    }
    bottom
    {
        type            nutUSpaldingWallFunction;
        Cmu             0.09;
        kappa           0.41;
        E               9.8;
        value           nonuniform List<scalar> 0();
    }
    frontandback
    {
        type            empty;
    }
    procBoundary3to0
    {
        type            processor;
        value           uniform 1.6501842e-07;
    }
    procBoundary3to1
    {
        type            processor;
        value           nonuniform List<scalar> 
17
(
1.6501857e-07
1.6501874e-07
1.6501893e-07
1.6501915e-07
1.6501941e-07
1.6501974e-07
1.6502008e-07
1.6502041e-07
1.6502072e-07
1.6502097e-07
1.6502116e-07
1.6502125e-07
1.6502129e-07
1.6502121e-07
1.6502123e-07
1.6502098e-07
1.6502068e-07
)
;
    }
    procBoundary3to2
    {
        type            processor;
        value           nonuniform List<scalar> 
28
(
1.6692691e-07
1.6669823e-07
1.6646667e-07
1.6623226e-07
1.6599502e-07
1.6575497e-07
1.6551214e-07
1.6526656e-07
1.890141e-07
1.8197187e-07
1.7749722e-07
1.7459162e-07
1.7265799e-07
1.7134499e-07
1.7043982e-07
1.6980887e-07
1.6936555e-07
1.6905229e-07
1.6885316e-07
1.6865104e-07
1.6844593e-07
1.6823783e-07
1.6802675e-07
1.678127e-07
1.6759569e-07
1.6737575e-07
1.6715287e-07
1.6715287e-07
)
;
    }
}


// ************************************************************************* //
