/*--------------------------------*- C++ -*----------------------------------*\
  =========                 |
  \\      /  F ield         | OpenFOAM: The Open Source CFD Toolbox
   \\    /   O peration     | Website:  https://openfoam.org
    \\  /    A nd           | Version:  12
     \\/     M anipulation  |
\*---------------------------------------------------------------------------*/
FoamFile
{
    format      ascii;
    class       volScalarField;
    location    "2000";
    object      k;
}
// * * * * * * * * * * * * * * * * * * * * * * * * * * * * * * * * * * * * * //

dimensions      [0 2 -2 0 0 0 0];

internalField   nonuniform List<scalar> 
468
(
0.0001316398
0.00013147154
0.0001314064
0.00013148453
0.00013175356
0.00013229577
0.00013320498
0.00013465895
0.00013690513
0.00014034785
0.00014572728
0.0001542192
0.00016785335
0.00018980628
0.00022433078
0.00027601522
0.00034805716
0.00044041814
0.00054954163
0.0006697664
0.000132073
0.00013175766
0.00013149557
0.0001313057
0.00013120241
0.00013124333
0.00013144082
0.00013188619
0.00013265491
0.00013388253
0.00013579095
0.00013871802
0.00014323586
0.00015028118
0.0001614485
0.0001793397
0.00020767048
0.00025091028
0.00031294847
0.00039514963
0.00049537822
0.00060880246
0.00072977386
0.00085355559
0.00097599488
0.0010978379
0.0012020781
0.0013713288
0.00013267276
0.00013228291
0.00013192077
0.00013159693
0.00013131972
0.00013111693
0.00013098597
0.00013099921
0.0001311516
0.00013152567
0.00013219342
0.00013327657
0.00013495952
0.00013753156
0.00014146296
0.0001475358
0.00015706819
0.00017222333
0.00019624128
0.00023332718
0.00028763743
0.00036148445
0.00045389394
0.00056107031
0.00067697315
0.00080005975
0.00090883701
0.0010931837
0.00013333366
0.000132907
0.00013249398
0.00013210087
0.00013173252
0.00013140388
0.00013111619
0.00013090326
0.00013075948
0.00013074666
0.00013086838
0.00013119462
0.00013179499
0.00013277822
0.000134307
0.00013663173
0.00014016222
0.00014557365
0.00015399944
0.00016729534
0.00018832767
0.00022100678
0.00026948945
0.00033685937
0.00042224831
0.00052651782
0.00062528609
0.00081163107
0.00013400572
0.00013356317
0.0001331258
0.00013269753
0.0001322815
0.00013188617
0.00013151358
0.00013118089
0.00013088909
0.0001306672
0.00013051808
0.00013048285
0.00013058562
0.00013088087
0.00013143646
0.00013235051
0.00013377207
0.00013593048
0.00013919321
0.00014416267
0.00015183905
0.00016388384
0.00018284276
0.00021255314
0.00025623438
0.00032138933
0.00038890608
0.00055008293
0.00013466436
0.00013421812
0.00013377166
0.00013332756
0.00013288797
0.00013245794
0.00013203951
0.00013164198
0.00013126783
0.0001309319
0.00013063903
0.00013040979
0.0001302568
0.00013020938
0.00013030058
0.0001305764
0.00013110216
0.00013197172
0.00013332493
0.00013537706
0.00013846575
0.00014315181
0.00015032032
0.00016164366
0.00017877827
0.00020863388
0.00023936662
0.00034617682
0.00013529756
0.00013485499
0.0001344086
0.00013396017
0.00013351125
0.00013306498
0.00013262311
0.00013219101
0.0001317712
0.00013137189
0.00013099749
0.00013065907
0.00013036538
0.00013013273
0.00012997786
0.0001299254
0.00013001006
0.00013027574
0.00013078541
0.00013163143
0.00013294599
0.00013494059
0.00013791585
0.00014249739
0.00014909183
0.00016124169
0.00017184189
0.0002245754
0.00013589979
0.0001354654
0.00013502476
0.00013457912
0.00013412961
0.00013367825
0.00013322649
0.00013277757
0.00013233366
0.0001318996
0.00013147893
0.00013107819
0.00013070338
0.000130364
0.00013007046
0.00012983749
0.00012968244
0.00012963001
0.00012971305
0.00012997774
0.00013048255
0.00013132438
0.0001326179
0.0001346285
0.00013740673
0.00014259947
0.00014635692
0.00016867195
0.00013646902
0.0001360456
0.00013561426
0.00013517589
0.00013473132
0.00013428189
0.00013382874
0.00013337393
0.00013291917
0.00013246751
0.00013202167
0.00013158576
0.000131164
0.00013076232
0.00013038748
0.0001300485
0.00012975605
0.000129525
0.00012937117
0.00012932442
0.00012940975
0.00012968326
0.00013018849
0.00013106217
0.00013228019
0.00013465345
0.00013618519
0.00014574826
0.00013700517
0.0001365944
0.00013617458
0.00013574632
0.00013531023
0.00013486723
0.00013441816
0.00013396441
0.00013350727
0.00013304877
0.00013259091
0.00013213647
0.00013168845
0.00013125076
0.00013082797
0.00013042593
0.00013005151
0.00012971399
0.0001294233
0.0001291969
0.00012904497
0.00012901093
0.0001290986
0.000129401
0.00012987721
0.00013095785
0.00013159776
0.00013595533
0.00013750916
0.00013711203
0.00013670509
0.00013628872
0.00013586339
0.00013542971
0.00013498832
0.00013454015
0.00013408618
0.00013362778
0.00013316644
0.00013270409
0.00013224289
0.00013178555
0.00013133525
0.00013089596
0.00013047232
0.00013007039
0.00012969669
0.000129362
0.00012907342
0.00012885534
0.00012870306
0.00012869542
0.000128774
0.00012919091
0.00012939119
0.00013140388
0.00013798247
0.00013759952
0.00013720622
0.00013680285
0.00013638971
0.00013596723
0.00013553586
0.00013509626
0.00013464913
0.00013419543
0.00013373626
0.00013327298
0.00013280718
0.00013234079
0.00013187607
0.00013141581
0.00013096325
0.00013052254
0.00013009814
0.00012969704
0.00012932417
0.00012899431
0.00012870669
0.00012850312
0.00012835604
0.00012840379
0.00012835747
0.00012918867
0.0001384268
0.00013805827
0.00013767904
0.00013728928
0.00013688921
0.00013647911
0.0001360593
0.00013563022
0.00013519238
0.00013474647
0.00013429327
0.00013383377
0.00013336913
0.00013290074
0.00013243027
0.0001319597
0.00013149138
0.00013102822
0.0001305734
0.00013013161
0.00012970647
0.00012930726
0.00012893459
0.00012861245
0.00012832851
0.00012815693
0.00012796084
0.00012814171
0.00013884392
0.00013848983
0.00013812484
0.00013774904
0.00013736255
0.00013696554
0.00013655825
0.00013614097
0.00013571406
0.00013527799
0.00013483334
0.00013438082
0.00013392127
0.00013345571
0.00013298537
0.0001325117
0.00013203641
0.00013156161
0.00013108961
0.00013062369
0.00013016655
0.00012972426
0.000129298
0.00012890205
0.00012853118
0.0001282246
0.00012793498
0.00012773295
0.00013923559
0.00013889583
0.00013854508
0.00013818336
0.0001378107
0.00013742722
0.00013703304
0.00013662837
0.00013621344
0.0001357886
0.00013535424
0.00013491087
0.00013445911
0.00013399971
0.00013353357
0.00013306175
0.00013258553
0.00013210644
0.00013162622
0.00013114721
0.00013067146
0.00013020307
0.00012974338
0.00012930119
0.000128875
0.00012848295
0.00012813177
0.00012769614
0.00013960359
0.00013927791
0.00013894125
0.00013859356
0.00013823482
0.00013786506
0.00013748434
0.00013709277
0.00013669052
0.0001362778
0.00013585489
0.00013542216
0.00013498006
0.00013452912
0.00013407
0.0001336035
0.00013313056
0.00013265232
0.00013217008
0.00013168554
0.00013120031
0.00013071719
0.00013023754
0.00012976689
0.00012930572
0.00012885924
0.00012846792
0.00012788351
0.00013994963
0.00013963768
0.00013931485
0.00013898102
0.00013863612
0.00013828012
0.00013791301
0.00013753484
0.00013714568
0.00013674567
0.000136335
0.00013591391
0.00013548273
0.00013504184
0.00013459173
0.00013413298
0.00013366629
0.00013319251
0.00013271263
0.00013222787
0.00013173952
0.00013124954
0.00013075918
0.00013027199
0.00012978945
0.00012930883
0.00012889172
0.00012821218
)
;

boundaryField
{
    inlet
    {
        type            fixedValue;
        value           nonuniform List<scalar> 0();
    }
    top
    {
        type            zeroGradient;
    }
    outlet
    {
        type            zeroGradient;
    }
    slipsurface
    {
        type            slip;
    }
    bottom
    {
        type            kqRWallFunction;
        value           nonuniform List<scalar> 0();
    }
    frontandback
    {
        type            empty;
    }
    procBoundary13to8
    {
        type            processor;
        value           nonuniform List<scalar> 
27
(
0.00013997678
0.0001396674
0.00013934715
0.0001390159
0.00013867356
0.00013832007
0.0001379554
0.00013757957
0.00013719264
0.0001367947
0.00013638593
0.00013596653
0.00013553679
0.00013509706
0.00013464777
0.00013418943
0.00013372269
0.00013324826
0.00013276709
0.00013228016
0.00013178884
0.00013129433
0.00013079879
0.0001303043
0.0001298033
0.00012937033
0.00012862999
)
;
    }
    procBoundary13to11
    {
        type            processor;
        value           uniform 0.00014027544;
    }
    procBoundary13to12
    {
        type            processor;
        value           nonuniform List<scalar> 
28
(
0.00013173943
0.00013210466
0.00013278783
0.00013391141
0.00013568694
0.00013843057
0.0001427185
0.00014942421
0.0001601081
0.00017752402
0.00020556528
0.00024894962
0.00031198328
0.00039652816
0.000500677
0.00061934398
0.00074632339
0.00087618443
0.0010049525
0.00079539961
0.00079539961
0.00092191926
0.0010461984
0.001166436
0.0012810549
0.0013922553
0.0014861191
0.0016360024
)
;
    }
    procBoundary13to14
    {
        type            processor;
        value           nonuniform List<scalar> 
17
(
0.00013187607
0.00013242698
0.00013308332
0.00013376988
0.00013445073
0.00013510846
0.00013573496
0.00013632697
0.00013688387
0.00013740643
0.00013789616
0.00013835489
0.00013878454
0.00013918707
0.00013956439
0.00013991836
0.00014025082
)
;
    }
    procBoundary13to15
    {
        type            processor;
        value           uniform 0.0001316072;
    }
}


// ************************************************************************* //
