/*--------------------------------*- C++ -*----------------------------------*\
  =========                 |
  \\      /  F ield         | OpenFOAM: The Open Source CFD Toolbox
   \\    /   O peration     | Website:  https://openfoam.org
    \\  /    A nd           | Version:  12
     \\/     M anipulation  |
\*---------------------------------------------------------------------------*/
FoamFile
{
    format      ascii;
    class       volScalarField;
    location    "1500";
    object      nut;
}
// * * * * * * * * * * * * * * * * * * * * * * * * * * * * * * * * * * * * * //

dimensions      [0 2 -1 0 0 0 0];

internalField   nonuniform List<scalar> 
824
(
1.3086108e-07
3.7169621e-09
2.4572912e-07
4.9847663e-07
7.8930092e-07
1.0223503e-06
1.1556457e-06
1.2328367e-06
1.2788375e-06
1.3082917e-06
1.3281072e-06
1.341564e-06
1.3506077e-06
1.3752804e-07
1.3689505e-07
1.3630536e-07
1.3579062e-07
1.3514886e-07
1.3526373e-07
1.3258422e-07
5.7039381e-09
2.3435085e-07
4.9890868e-07
8.0981078e-07
1.0895151e-06
1.2710387e-06
1.3841996e-06
1.4545287e-06
1.5008844e-06
1.5333057e-06
1.5565309e-06
1.5730517e-06
1.9258683e-07
1.66299e-07
1.6138586e-07
1.580275e-07
1.558253e-07
1.5386498e-07
1.5190369e-07
1.4999271e-07
1.4820263e-07
1.4656753e-07
1.450944e-07
1.4377654e-07
1.426013e-07
1.4155386e-07
1.4061903e-07
1.3978208e-07
1.3902934e-07
1.3834739e-07
1.3772687e-07
1.3714845e-07
1.3663818e-07
1.3602765e-07
1.3599941e-07
1.3426488e-07
9.2168693e-09
2.0227057e-07
4.8748973e-07
8.0849913e-07
1.1283993e-06
1.3651627e-06
1.5235251e-06
1.6263185e-06
1.6959846e-06
1.745884e-06
1.7827694e-06
1.8092768e-06
1.9258333e-07
1.6642723e-07
1.6126735e-07
1.5774779e-07
1.5557827e-07
1.5377526e-07
1.5199935e-07
1.5025466e-07
1.4860103e-07
1.4707517e-07
1.4568928e-07
1.4444131e-07
1.4332233e-07
1.423204e-07
1.414226e-07
1.4061599e-07
1.3988828e-07
1.392273e-07
1.3862402e-07
1.3806164e-07
1.3755773e-07
1.3699166e-07
1.3679902e-07
1.3591555e-07
1.5509127e-08
1.661399e-07
4.6456728e-07
7.8496581e-07
1.1346215e-06
1.4278375e-06
1.6400456e-06
1.7849176e-06
1.885808e-06
1.9593678e-06
2.014861e-06
2.0572826e-06
1.9257933e-07
1.6656141e-07
1.6116539e-07
1.5747244e-07
1.553059e-07
1.5363828e-07
1.5204196e-07
1.5046904e-07
1.489624e-07
1.4755784e-07
1.4627115e-07
1.4510432e-07
1.4405192e-07
1.4310486e-07
1.4225253e-07
1.4148384e-07
1.40788e-07
1.4015415e-07
1.3957368e-07
1.3903287e-07
1.3853839e-07
1.3802837e-07
1.3764986e-07
1.3757495e-07
2.9777713e-08
1.3412588e-07
4.1402361e-07
7.4296518e-07
1.1069987e-06
1.4496392e-06
1.7215191e-06
1.9185899e-06
2.0601443e-06
2.1650316e-06
2.2453215e-06
2.3083135e-06
1.925749e-07
1.6669826e-07
1.6108347e-07
1.5721103e-07
1.5501701e-07
1.5345568e-07
1.5202465e-07
1.5062228e-07
1.4926887e-07
1.479951e-07
1.4681815e-07
1.4574305e-07
1.4476735e-07
1.4388464e-07
1.4308654e-07
1.4236383e-07
1.4170721e-07
1.4110725e-07
1.4055578e-07
1.4004253e-07
1.3956222e-07
1.3911574e-07
1.3854051e-07
1.3934475e-07
6.7606144e-08
1.0910321e-07
3.1932799e-07
6.9003915e-07
1.0476797e-06
1.4247456e-06
1.7555696e-06
2.0134325e-06
2.2060742e-06
2.3514847e-06
2.4641777e-06
2.5537561e-06
1.9257017e-07
1.6683368e-07
1.6102402e-07
1.5697354e-07
1.547237e-07
1.5323411e-07
1.519452e-07
1.507039e-07
1.495037e-07
1.4836589e-07
1.4730634e-07
1.4633162e-07
1.4544153e-07
1.4463191e-07
1.438964e-07
1.4322754e-07
1.4261755e-07
1.4205838e-07
1.4154241e-07
1.4106272e-07
1.406034e-07
1.4021907e-07
1.3949717e-07
1.40971e-07
1.0049391e-07
9.1787117e-08
2.2776289e-07
6.0501884e-07
9.648649e-07
1.3531615e-06
1.7324014e-06
2.0545263e-06
2.3080004e-06
2.5042814e-06
2.6584756e-06
2.7822178e-06
1.9256531e-07
1.6696293e-07
1.6098798e-07
1.5676928e-07
1.5444055e-07
1.5298568e-07
1.5180784e-07
1.5070907e-07
1.4965418e-07
1.4865137e-07
1.4771227e-07
1.4684317e-07
1.4604506e-07
1.4531537e-07
1.4464941e-07
1.4404129e-07
1.4348458e-07
1.4297259e-07
1.4249834e-07
1.4205762e-07
1.4162815e-07
1.4129327e-07
1.4054006e-07
1.4216282e-07
1.2434403e-07
8.4978991e-08
1.5801245e-07
4.4427473e-07
8.6995015e-07
1.2426248e-06
1.649118e-06
2.0289031e-06
2.3486203e-06
2.6058208e-06
2.8118049e-06
2.9789099e-06
1.9256054e-07
1.6708109e-07
1.6097437e-07
1.5660553e-07
1.5418297e-07
1.5272735e-07
1.5162427e-07
1.5064099e-07
1.4971483e-07
1.4883849e-07
1.4801672e-07
1.4725351e-07
1.4654974e-07
1.4590364e-07
1.4531162e-07
1.4476903e-07
1.4427058e-07
1.4381077e-07
1.433834e-07
1.429858e-07
1.4259569e-07
1.4229048e-07
1.4165075e-07
1.4264086e-07
1.3642806e-07
9.6430501e-08
1.154576e-07
2.8385384e-07
7.0664188e-07
1.1128513e-06
1.5143615e-06
1.9308641e-06
2.3120447e-06
2.6363254e-06
2.9041941e-06
3.1251114e-06
1.9255609e-07
1.6718367e-07
1.6098016e-07
1.5648611e-07
1.5396488e-07
1.5247894e-07
1.5141319e-07
1.5051227e-07
1.4969021e-07
1.4892379e-07
1.4820901e-07
1.4754576e-07
1.4693345e-07
1.4637013e-07
1.4585268e-07
1.4537718e-07
1.4493923e-07
1.4453423e-07
1.4415688e-07
1.4380476e-07
1.4346127e-07
1.4317194e-07
1.4272214e-07
1.4287105e-07
1.4141814e-07
1.2148422e-07
9.39641e-08
1.735733e-07
4.7097066e-07
9.6618119e-07
1.3497667e-06
1.7681609e-06
2.1902821e-06
2.57754e-06
2.9134534e-06
3.1982622e-06
1.925522e-07
1.6726727e-07
1.6100053e-07
1.5641049e-07
1.5379613e-07
1.5225997e-07
1.5119798e-07
1.5034429e-07
1.4959612e-07
1.4891611e-07
1.4829089e-07
1.4771507e-07
1.4718538e-07
1.4669873e-07
1.4625178e-07
1.4584083e-07
1.4546196e-07
1.4511117e-07
1.44784e-07
1.4447757e-07
1.4418266e-07
1.4391103e-07
1.4361882e-07
1.433047e-07
1.4335132e-07
1.3816922e-07
1.0840255e-07
1.1626907e-07
2.6572366e-07
6.635284e-07
1.1715454e-06
1.5631142e-06
1.9916649e-06
2.4209052e-06
2.820149e-06
3.1741333e-06
1.9254903e-07
1.6733027e-07
1.6102944e-07
1.5637347e-07
1.5368031e-07
1.5208566e-07
1.5100244e-07
1.50164e-07
1.4945815e-07
1.4883687e-07
1.4827841e-07
1.4777174e-07
1.473102e-07
1.4688885e-07
1.4650344e-07
1.4615001e-07
1.458247e-07
1.4552377e-07
1.4524341e-07
1.4498023e-07
1.447301e-07
1.4448715e-07
1.442753e-07
1.4391741e-07
1.4378299e-07
1.4276765e-07
1.3498434e-07
1.0845919e-07
1.5386552e-07
3.6877344e-07
8.2967101e-07
1.3389297e-06
1.7439135e-06
2.1784298e-06
2.6181556e-06
3.0337231e-06
1.9254667e-07
1.6737321e-07
1.6106068e-07
1.56366e-07
1.5361383e-07
1.5196359e-07
1.5084553e-07
1.4999835e-07
1.4930687e-07
1.4871684e-07
1.4820023e-07
1.4774109e-07
1.473293e-07
1.4695774e-07
1.4662083e-07
1.4631391e-07
1.4603285e-07
1.4577386e-07
1.4553342e-07
1.4530805e-07
1.4509531e-07
1.4488723e-07
1.4470647e-07
1.4445842e-07
1.4410775e-07
1.4377673e-07
1.4254266e-07
1.3296355e-07
1.1994866e-07
1.9634768e-07
4.6242747e-07
9.4792235e-07
1.4772968e-06
1.8871182e-06
2.326835e-06
2.7762398e-06
1.925451e-07
1.6739876e-07
1.6108897e-07
1.56377e-07
1.5358675e-07
1.51892e-07
1.5073694e-07
1.4986778e-07
1.4917073e-07
1.4858925e-07
1.4809174e-07
1.4765874e-07
1.4727731e-07
1.4693825e-07
1.4663457e-07
1.4636072e-07
1.4611203e-07
1.4588449e-07
1.4567451e-07
1.4547878e-07
1.4529465e-07
1.4511775e-07
1.4495407e-07
1.4479854e-07
1.4445692e-07
1.4411635e-07
1.4385215e-07
1.4239208e-07
1.3534183e-07
1.4032506e-07
2.353772e-07
5.1613998e-07
1.0076569e-06
1.5835725e-06
1.988874e-06
2.4305909e-06
1.9254419e-07
1.6741113e-07
1.6111091e-07
1.5639575e-07
1.5358553e-07
1.5186097e-07
1.5067532e-07
1.497815e-07
1.4906891e-07
1.4848142e-07
1.4798618e-07
1.4756193e-07
1.4719391e-07
1.4687135e-07
1.465861e-07
1.4633173e-07
1.4610302e-07
1.4589559e-07
1.4570565e-07
1.4552997e-07
1.4536537e-07
1.4521043e-07
1.4506117e-07
1.4495326e-07
1.4468646e-07
1.4436849e-07
1.4408592e-07
1.4384315e-07
1.4273739e-07
1.4181391e-07
1.6320043e-07
2.5361053e-07
5.2122078e-07
1.0013263e-06
1.594259e-06
2.0403356e-06
1.9254377e-07
1.6741509e-07
1.6112542e-07
1.5641408e-07
1.5359664e-07
1.5185605e-07
1.5065021e-07
1.4973645e-07
1.4900726e-07
1.4840799e-07
1.4790605e-07
1.4747966e-07
1.4711327e-07
1.4679528e-07
1.4651674e-07
1.4627063e-07
1.4605122e-07
1.4585382e-07
1.4567439e-07
1.4550968e-07
1.4535617e-07
1.4521366e-07
1.4507466e-07
1.4498774e-07
1.4476887e-07
1.4450073e-07
1.4421333e-07
1.4399494e-07
1.4344093e-07
1.4341719e-07
1.4774273e-07
1.7672193e-07
2.5131189e-07
4.8098597e-07
9.1806373e-07
1.4908252e-06
1.9254364e-07
1.6741487e-07
1.6113338e-07
1.5642758e-07
1.5360985e-07
1.5186314e-07
1.5064698e-07
1.4972094e-07
1.4897948e-07
1.4836935e-07
1.4785872e-07
1.4742604e-07
1.4705564e-07
1.4673564e-07
1.4645677e-07
1.4621165e-07
1.459943e-07
1.4579977e-07
1.4562386e-07
1.4546322e-07
1.453142e-07
1.4517681e-07
1.4504286e-07
1.4496248e-07
1.4476286e-07
1.4451868e-07
1.4425819e-07
1.4401075e-07
1.4373509e-07
1.4339306e-07
1.4362871e-07
1.4878105e-07
1.7989565e-07
2.4397853e-07
4.1719802e-07
7.7986038e-07
1.9254364e-07
1.6741341e-07
1.6113681e-07
1.5643538e-07
1.5361975e-07
1.5187221e-07
1.5065251e-07
1.4972091e-07
1.4897281e-07
1.483558e-07
1.4783867e-07
1.4740026e-07
1.4702506e-07
1.4670124e-07
1.4641947e-07
1.4617227e-07
1.4595354e-07
1.4575824e-07
1.4558205e-07
1.4542155e-07
1.4527305e-07
1.4513646e-07
1.4500345e-07
1.449236e-07
1.4472126e-07
1.4448689e-07
1.4424025e-07
1.4398994e-07
1.4374763e-07
1.4347665e-07
1.4320967e-07
1.4327076e-07
1.4668599e-07
1.6927056e-07
2.4243971e-07
3.4061743e-07
1.9254367e-07
1.6741216e-07
1.6113781e-07
1.5643884e-07
1.5362519e-07
1.518786e-07
1.506586e-07
1.4972551e-07
1.4897498e-07
1.4835493e-07
1.4783448e-07
1.4739273e-07
1.4701435e-07
1.4668761e-07
1.4640324e-07
1.4615378e-07
1.459331e-07
1.4573614e-07
1.4555857e-07
1.4539688e-07
1.4524745e-07
1.4510995e-07
1.4497616e-07
1.4489366e-07
1.446832e-07
1.4444055e-07
1.441895e-07
1.4393916e-07
1.4369249e-07
1.434444e-07
1.4319587e-07
1.4288846e-07
1.4302312e-07
1.4404954e-07
1.5513434e-07
2.0333634e-07
1.9254369e-07
1.674115e-07
1.6113787e-07
1.5643991e-07
1.5362737e-07
1.5188173e-07
1.506623e-07
1.4972932e-07
1.4897841e-07
1.4835759e-07
1.4783606e-07
1.4739304e-07
1.4701329e-07
1.4668515e-07
1.4639941e-07
1.4614864e-07
1.4592673e-07
1.4572861e-07
1.4554997e-07
1.4538727e-07
1.4523691e-07
1.4509842e-07
1.4496376e-07
1.4487759e-07
1.4466643e-07
1.4441825e-07
1.4416239e-07
1.4390616e-07
1.4365257e-07
1.434002e-07
1.431533e-07
1.428874e-07
1.4265163e-07
1.4248938e-07
1.4242539e-07
1.4558405e-07
1.9254371e-07
1.6741126e-07
1.6113775e-07
1.5644006e-07
1.5362795e-07
1.5188279e-07
1.5066381e-07
1.4973117e-07
1.4898046e-07
1.4835968e-07
1.4783804e-07
1.4739478e-07
1.4701471e-07
1.4668618e-07
1.464e-07
1.4614876e-07
1.4592638e-07
1.4572779e-07
1.4554867e-07
1.453855e-07
1.4523468e-07
1.4509572e-07
1.4496022e-07
1.4487272e-07
1.4465394e-07
1.4440428e-07
1.4414595e-07
1.4388907e-07
1.4363333e-07
1.4337825e-07
1.4312451e-07
1.4287144e-07
1.4261644e-07
1.4234986e-07
1.4208911e-07
1.4194617e-07
1.9254371e-07
1.674112e-07
1.6113767e-07
1.5644002e-07
1.53628e-07
1.51883e-07
1.5066421e-07
1.4973175e-07
1.4898122e-07
1.4836057e-07
1.4783902e-07
1.4739582e-07
1.4701576e-07
1.466872e-07
1.4640097e-07
1.4614967e-07
1.4592719e-07
1.457285e-07
1.4554927e-07
1.4538597e-07
1.4523506e-07
1.4509582e-07
1.449605e-07
1.4486889e-07
1.4465847e-07
1.4441037e-07
1.4415433e-07
1.4389769e-07
1.4364165e-07
1.4338621e-07
1.4313133e-07
1.4287735e-07
1.4262402e-07
1.4236893e-07
1.4211101e-07
1.4184935e-07
1.9254371e-07
1.674112e-07
1.6113765e-07
1.5643998e-07
1.5362798e-07
1.51883e-07
1.5066426e-07
1.4973186e-07
1.4898139e-07
1.483608e-07
1.4783932e-07
1.4739616e-07
1.4701614e-07
1.4668762e-07
1.4640142e-07
1.4615013e-07
1.4592767e-07
1.4572898e-07
1.4554975e-07
1.4538643e-07
1.4523558e-07
1.4509604e-07
1.4496164e-07
1.4486374e-07
1.4467554e-07
1.4446212e-07
1.442381e-07
1.4401089e-07
1.437805e-07
1.4354693e-07
1.433106e-07
1.4307184e-07
1.4283094e-07
1.4258809e-07
1.4234332e-07
1.4209573e-07
1.9254371e-07
1.674112e-07
1.6113764e-07
1.5643997e-07
1.5362796e-07
1.5188299e-07
1.5066425e-07
1.4973186e-07
1.489814e-07
1.4836083e-07
1.4783936e-07
1.4739623e-07
1.4701623e-07
1.4668772e-07
1.4640153e-07
1.4615026e-07
1.4592781e-07
1.4572913e-07
1.4554992e-07
1.4538656e-07
1.4523587e-07
1.4509573e-07
1.4496371e-07
1.4485313e-07
1.4470989e-07
1.4454424e-07
1.4437005e-07
1.4419168e-07
1.4400939e-07
1.4382304e-07
1.4363274e-07
1.4343855e-07
1.4324047e-07
1.4303855e-07
1.4283287e-07
1.4262335e-07
)
;

boundaryField
{
    bottom
    {
        type            nutkWallFunction;
        Cmu             0.09;
        kappa           0.41;
        E               9.8;
        value           nonuniform List<scalar> 0();
    }
    back
    {
        type            empty;
    }
    front
    {
        type            empty;
    }
    inlet
    {
        type            calculated;
        value           uniform 2e-07;
    }
    outlet
    {
        type            calculated;
        value           nonuniform List<scalar> 0();
    }
    top
    {
        type            calculated;
        value           nonuniform List<scalar> 0();
    }
    slipsurface
    {
        type            slip;
    }
    procBoundary3to0
    {
        type            processor;
        value           uniform 1.1453854e-06;
    }
    procBoundary3to1
    {
        type            processor;
        value           nonuniform List<scalar> 
24
(
1.3559166e-06
1.5817842e-06
1.8247263e-06
2.0836646e-06
2.3541918e-06
2.6258346e-06
2.8844547e-06
3.1179057e-06
3.3099305e-06
3.4395382e-06
3.481503e-06
3.4098659e-06
3.2075565e-06
2.8823985e-06
2.4777842e-06
2.0445688e-06
1.3005785e-06
6.1269008e-07
2.9798154e-07
1.6471025e-07
1.4209327e-07
1.4158515e-07
1.4184068e-07
1.4241036e-07
)
;
    }
    procBoundary3to2
    {
        type            processor;
        value           nonuniform List<scalar> 
37
(
1.2902202e-07
2.5987148e-09
2.4628249e-07
4.8568832e-07
7.4903555e-07
9.3400981e-07
1.0281762e-06
1.0779695e-06
1.1064281e-06
1.1239181e-06
1.1348888e-06
1.1415807e-06
1.367755e-07
1.361339e-07
1.3553684e-07
1.3501883e-07
1.3435937e-07
1.345846e-07
1.345846e-07
1.9258978e-07
1.6617919e-07
1.6151682e-07
1.5830298e-07
1.560412e-07
1.5390921e-07
1.5176392e-07
1.4969676e-07
1.4778321e-07
1.4605194e-07
1.4450372e-07
1.4312692e-07
1.4190518e-07
1.4082086e-07
1.3985664e-07
1.3899611e-07
1.3822431e-07
1.3822431e-07
)
;
    }
    procBoundary3to6
    {
        type            processor;
        value           nonuniform List<scalar> 3(1.4337406e-07 1.4321261e-07 1.4304826e-07);
    }
    procBoundary3to7
    {
        type            processor;
        value           nonuniform List<scalar> 
33
(
1.9254371e-07
1.6741119e-07
1.6113764e-07
1.5643997e-07
1.5362796e-07
1.5188298e-07
1.5066424e-07
1.4973186e-07
1.489814e-07
1.4836083e-07
1.4783937e-07
1.4739623e-07
1.4701623e-07
1.4668773e-07
1.4640155e-07
1.4615028e-07
1.4592783e-07
1.4572915e-07
1.4554995e-07
1.4538659e-07
1.4523594e-07
1.450956e-07
1.4496403e-07
1.4484965e-07
1.4471617e-07
1.4457856e-07
1.4443563e-07
1.4429037e-07
1.4414322e-07
1.4399398e-07
1.4384258e-07
1.436889e-07
1.4353278e-07
)
;
    }
}


// ************************************************************************* //
