/*--------------------------------*- C++ -*----------------------------------*\
  =========                 |
  \\      /  F ield         | OpenFOAM: The Open Source CFD Toolbox
   \\    /   O peration     | Website:  https://openfoam.org
    \\  /    A nd           | Version:  12
     \\/     M anipulation  |
\*---------------------------------------------------------------------------*/
FoamFile
{
    format      ascii;
    class       volScalarField;
    location    "100";
    object      nut;
}
// * * * * * * * * * * * * * * * * * * * * * * * * * * * * * * * * * * * * * //

dimensions      [0 2 -1 0 0 0 0];

internalField   nonuniform List<scalar> 
466
(
9.0737165e-05
8.9755272e-05
8.8751689e-05
8.7742445e-05
8.673357e-05
8.5726801e-05
8.4721956e-05
8.371887e-05
8.2717784e-05
8.1718986e-05
8.0722566e-05
7.9728415e-05
7.8736284e-05
7.77458e-05
7.6756444e-05
7.5767549e-05
7.4778309e-05
7.3787817e-05
9.2354975e-05
9.1357763e-05
9.0337171e-05
8.931031e-05
8.8283531e-05
8.7258634e-05
8.623544e-05
8.5213783e-05
8.419391e-05
8.3176124e-05
8.2160525e-05
8.114702e-05
8.0135386e-05
7.9125286e-05
7.8116258e-05
7.7107701e-05
7.6098881e-05
7.508895e-05
9.3954712e-05
9.2942169e-05
9.1904612e-05
9.0860201e-05
8.9815594e-05
8.8772659e-05
8.7731214e-05
8.6691082e-05
8.5652519e-05
8.4615838e-05
8.3581158e-05
8.2548404e-05
8.1517377e-05
8.0487777e-05
7.9459191e-05
7.8431079e-05
7.7402768e-05
7.6373466e-05
9.5534908e-05
9.450704e-05
9.3452571e-05
9.2390679e-05
9.132833e-05
9.0267458e-05
8.9207872e-05
8.8149384e-05
8.709225e-05
8.6036798e-05
8.4983165e-05
8.3931298e-05
8.2881021e-05
8.1832069e-05
8.0784074e-05
7.9736546e-05
7.8688865e-05
7.7640288e-05
9.7094241e-05
9.6051067e-05
9.4979745e-05
9.3900453e-05
9.2820459e-05
9.1741761e-05
9.0664161e-05
8.9587454e-05
8.8511894e-05
8.7437823e-05
8.6365398e-05
8.5294585e-05
8.4225234e-05
8.315711e-05
8.2089882e-05
8.1023106e-05
7.9956204e-05
7.8888472e-05
9.8631546e-05
9.7573091e-05
9.6484982e-05
9.538838e-05
9.4290846e-05
9.3194447e-05
9.2098975e-05
9.1004205e-05
8.9910386e-05
8.8817874e-05
8.7726843e-05
8.6637282e-05
8.5549062e-05
8.4461974e-05
8.3375719e-05
8.2289885e-05
8.1203931e-05
8.0117183e-05
0.00010014586
9.9072147e-05
9.7967321e-05
9.68535e-05
9.5738535e-05
9.4624563e-05
9.3511369e-05
9.2398705e-05
9.1286813e-05
9.0176057e-05
8.9066632e-05
8.7958544e-05
8.6851683e-05
8.5745862e-05
8.4640804e-05
8.3536122e-05
8.2431298e-05
8.1325678e-05
0.00010163656
0.0001005476
9.9426106e-05
9.8295147e-05
9.7162848e-05
9.6031424e-05
9.4900654e-05
9.3770264e-05
9.2640486e-05
9.1511694e-05
9.0384096e-05
8.9257715e-05
8.8132455e-05
8.7008143e-05
8.5884514e-05
8.4761194e-05
8.3637678e-05
8.2513326e-05
0.0001031037
0.00010199945
0.00010086129
9.9713225e-05
9.8563646e-05
9.7414849e-05
9.626661e-05
9.5118632e-05
9.3971133e-05
9.2824491e-05
9.1678927e-05
9.0534474e-05
8.9391043e-05
8.8248465e-05
8.7106477e-05
8.5964708e-05
8.4822653e-05
8.3679678e-05
0.00010454875
0.00010342902
0.00010227408
0.00010110882
9.9941905e-05
9.8775708e-05
9.7610011e-05
9.6444493e-05
9.5279354e-05
9.4114973e-05
9.2951578e-05
9.1789207e-05
9.0627768e-05
8.9467083e-05
8.8306882e-05
8.7146782e-05
8.5986272e-05
8.4824714e-05
0.00010597598
0.00010484036
0.00010366827
0.0001024855
0.00010130095
0.0001001171
9.8933745e-05
9.7750528e-05
9.6567635e-05
9.5385438e-05
9.4204168e-05
9.3023855e-05
9.1844398e-05
9.06656e-05
8.9487167e-05
8.8308697e-05
8.7129664e-05
8.5949425e-05
0.0001073953
0.00010624295
0.00010505291
0.00010385186
0.00010264898
0.00010144682
0.00010024519
9.9043716e-05
9.7842566e-05
9.6642098e-05
9.5442537e-05
9.42439e-05
9.3046063e-05
9.1848801e-05
9.0651791e-05
8.9454602e-05
8.8256692e-05
8.7057412e-05
0.00010882695
0.00010765642
0.00010644699
0.00010522627
0.00010400367
0.00010278187
0.00010156069
0.00010033975
9.9119168e-05
9.7899305e-05
9.6680371e-05
9.5462367e-05
9.4245143e-05
9.3028441e-05
9.181191e-05
9.0595094e-05
8.9377435e-05
8.8158286e-05
0.00011030929
0.00010911832
0.00010788721
0.00010664454
0.00010539998
0.00010415632
0.00010291341
0.00010167084
0.00010042871
9.9187362e-05
9.7946997e-05
9.6707605e-05
9.5469017e-05
9.4230958e-05
9.2993058e-05
9.1754852e-05
9.0515783e-05
8.9275219e-05
0.00011190927
0.00011069486
0.00010943895
0.00010817119
0.0001069015
0.00010563281
0.00010436499
0.00010309759
0.00010183069
0.00010056463
9.9299594e-05
9.8035591e-05
9.6772456e-05
9.5509925e-05
9.4247645e-05
9.2985174e-05
9.1721991e-05
9.0457506e-05
0.00011373391
0.0001124928
0.0001112087
0.00010991233
0.0001086139
0.00010731647
0.00010601997
0.0001047239
0.00010342832
0.00010213355
0.00010083981
9.954713e-05
9.825539e-05
9.6964384e-05
9.5673827e-05
9.4383355e-05
9.3092532e-05
0.00011240432
0.0001075961
0.00010424575
0.00010159014
9.9340363e-05
9.7389927e-05
9.569457e-05
9.4229829e-05
9.2937281e-05
9.1845458e-05
0.00011398299
0.00010920587
0.00010587593
0.00010322995
0.00010098391
9.9035643e-05
9.7341808e-05
9.5876103e-05
9.4578081e-05
9.3478077e-05
0.0001155395
0.00011079375
0.00010748476
0.00010484933
0.00010260816
0.00010066302
9.8971159e-05
9.7504537e-05
9.6200935e-05
9.5092665e-05
0.00011707262
0.00011235855
0.00010907106
0.00010644706
0.00010421182
0.00010227069
0.00010058117
9.9113654e-05
9.7804371e-05
9.668775e-05
0.00011858119
0.00011389915
0.00011063371
0.00010802203
0.00010579376
0.00010385742
0.00010217057
0.00010070214
9.9387066e-05
9.8262005e-05
0.00012006424
0.00011541454
0.00011217173
0.00010957326
0.00010735296
0.00010542214
0.00010373822
0.00010226884
0.00010094786
9.9814263e-05
0.00012152097
0.00011690395
0.00011368435
0.00011110001
0.00010888865
0.00010696399
0.0001052832
0.00010381283
0.0001024858
0.00010134357
0.00012295097
0.00011836697
0.00011517123
0.00011260196
0.00011040046
0.00010848255
0.00010680503
0.00010533355
0.00010400034
0.00010284932
0.00012435447
0.00011980398
0.00011663285
0.00011407963
0.00011188889
0.00010997822
0.00010830404
0.00010683129
0.00010549165
0.00010433166
0.00012573307
0.00012121684
0.0001180713
0.00011553521
0.00011335611
0.00011145308
0.00010978219
0.00010830788
0.00010696148
0.00010579218
0.00012709113
0.00012261038
0.00011949183
0.00011697416
0.00011480758
0.00011291247
0.00011124466
0.00010976831
0.00010841461
0.00010723544
0.00012843841
0.00012399519
0.0001209057
0.00011840814
0.00011625502
0.00011436798
0.00011270281
0.00011122365
0.00010986172
0.00010867179
0.00012979487
0.00012539242
0.00012233503
0.00011985982
0.00011772126
0.00011584233
0.00011417902
0.00011269586
0.00011132428
0.00011012216
0.00013119818
0.00012684152
0.00012382047
0.00012137046
0.00011924768
0.00011737665
0.00011571406
0.00011422521
0.00011284198
0.00011162566
0.00013271401
0.00012841106
0.00012543222
0.00012301067
0.00012090474
0.00011904095
0.00011737735
0.00011588053
0.000114483
0.00011324997
0.00013444887
0.00013020912
0.0001272797
0.00012488949
0.00012280095
0.00012094328
0.00011927655
0.00011776922
0.0001163546
0.00011510222
0.00013660412
0.0001324362
0.00012956532
0.00012720973
0.00012513904
0.00012328623
0.00012161412
0.00012009354
0.00011865868
0.00011738401
0.00011598395
0.00011471193
0.00011339523
0.00011206573
0.00011073397
0.00010940318
0.00010807332
0.00010674385
0.0001054148
)
;

boundaryField
{
    inlet
    {
        type            calculated;
        value           nonuniform List<scalar> 
17
(
0.00011609412
0.00011767046
0.00011922471
0.00012075561
0.00012226203
0.00012374298
0.00012519766
0.00012662565
0.00012802718
0.00012940384
0.00013075994
0.00013210524
0.00013345962
0.00013486069
0.00013637404
0.00013810607
0.00014025808
)
;
    }
    top
    {
        type            calculated;
        value           nonuniform List<scalar> 0();
    }
    outlet
    {
        type            calculated;
        value           nonuniform List<scalar> 0();
    }
    slipsurface
    {
        type            slip;
    }
    bottom
    {
        type            nutkWallFunction;
        Cmu             0.09;
        kappa           0.41;
        E               9.8;
        value           nonuniform List<scalar> 0();
    }
    frontandback
    {
        type            empty;
    }
    procBoundary2to0
    {
        type            processor;
        value           nonuniform List<scalar> 
17
(
7.2795063e-05
7.4076967e-05
7.5342271e-05
7.6589949e-05
7.7819076e-05
7.902883e-05
8.0218471e-05
8.1387357e-05
8.2535009e-05
8.366134e-05
8.4767217e-05
8.5856008e-05
8.6936907e-05
8.803244e-05
8.9191007e-05
9.1800824e-05
9.1800824e-05
)
;
    }
    procBoundary2to3
    {
        type            processor;
        value           nonuniform List<scalar> 
28
(
0.00010408646
0.00010275913
0.00010143286
0.00010010762
9.8783278e-05
9.7459664e-05
9.6136539e-05
9.4813594e-05
0.0001393174
0.0001352322
0.00013243287
0.0001301187
0.00012806869
0.00012622076
0.00012454119
0.00012300382
0.0001215438
0.00012024162
0.00011880239
0.00011749237
0.00011613576
0.00011476575
0.00011339331
0.00011202186
0.00011065141
0.00010928139
0.00010408646
0.00010791178
)
;
    }
    procBoundary2to6
    {
        type            processor;
        value           nonuniform List<scalar> 
28
(
8.910319e-05
8.8136606e-05
8.7150011e-05
8.6158414e-05
8.5167485e-05
8.4178891e-05
8.3192447e-05
8.2207982e-05
8.1225728e-05
8.0245965e-05
7.9268772e-05
7.829403e-05
7.7321468e-05
7.6350671e-05
7.5381058e-05
7.4411887e-05
7.3442274e-05
7.247125e-05
0.00011080514
0.00010596659
0.00010259661
9.9932293e-05
9.7679817e-05
9.5728095e-05
9.4031596e-05
9.2567795e-05
9.1280546e-05
9.0196772e-05
)
;
    }
}


// ************************************************************************* //
