/*--------------------------------*- C++ -*----------------------------------*\
  =========                 |
  \\      /  F ield         | OpenFOAM: The Open Source CFD Toolbox
   \\    /   O peration     | Website:  https://openfoam.org
    \\  /    A nd           | Version:  12
     \\/     M anipulation  |
\*---------------------------------------------------------------------------*/
FoamFile
{
    format      ascii;
    class       volScalarField;
    location    "1000";
    object      nut;
}
// * * * * * * * * * * * * * * * * * * * * * * * * * * * * * * * * * * * * * //

dimensions      [0 2 -1 0 0 0 0];

internalField   nonuniform List<scalar> 
468
(
0.00068237122
0.00068077718
0.00067913145
0.00067743382
0.00067568386
0.00067388118
0.0006720255
0.00067011651
0.00066815389
0.00066613738
0.00066406677
0.00066194196
0.00065976308
0.00065753061
0.00065524547
0.00065290938
0.00065052505
0.0006480974
0.00064563241
0.00064314604
0.00071256951
0.00071100288
0.00070938406
0.00070771322
0.00070599025
0.00070421499
0.00070238733
0.0007005071
0.00069857418
0.0006965885
0.00069455005
0.00069245898
0.00069031563
0.00068812077
0.00068587556
0.0006835822
0.00068124347
0.00067886554
0.00067645324
0.00067402761
0.00067158095
0.00066923062
0.00066674195
0.00066516646
0.00066180244
0.00066402967
0.00065318153
0.00064296426
0.00074911522
0.00074758098
0.00074599434
0.00074435546
0.00074266435
0.00074092105
0.00073912561
0.00073727805
0.00073537844
0.00073342693
0.00073142372
0.00072936922
0.00072726407
0.00072510934
0.00072290654
0.00072065836
0.00071836786
0.00071604243
0.00071368626
0.00071132466
0.00070894456
0.00070667534
0.00070429246
0.00070267032
0.00070025977
0.00069870328
0.00068998105
0.00068092627
0.00079263652
0.00079114154
0.00078959396
0.00078799393
0.00078634156
0.00078463695
0.00078288027
0.00078107171
0.0007792115
0.00077729998
0.0007753376
0.00077332501
0.00077126313
0.00076915342
0.00076699774
0.00076479934
0.00076256173
0.00076029335
0.00075799843
0.00075570519
0.00075339856
0.00075121084
0.0007489429
0.00074727994
0.0007453894
0.00074172353
0.00073455304
0.00072843264
0.00084347086
0.00084202204
0.00084052072
0.00083896706
0.00083736121
0.00083570334
0.00083399367
0.0008322325
0.00083042019
0.00082855722
0.00082664425
0.00082468215
0.00082267214
0.00082061598
0.00081851596
0.00081637582
0.00081419964
0.00081199665
0.00080977175
0.00080755429
0.0008053302
0.00080322716
0.00080106721
0.00079941621
0.00079753796
0.00079318201
0.0007847066
0.0007871944
0.00090127889
0.00089988892
0.00089844707
0.00089695344
0.00089540822
0.00089381161
0.00089216387
0.00089046536
0.00088871657
0.00088691809
0.00088507073
0.00088317559
0.00088123411
0.00087924836
0.000877221
0.00087515619
0.00087305861
0.00087093786
0.00086879988
0.00086667317
0.00086454635
0.00086253574
0.00086047077
0.0008588641
0.00085658685
0.00085303109
0.00083888268
0.00086298442
0.00096495029
0.00096362699
0.00096225353
0.00096082997
0.00095935647
0.00095783322
0.00095626053
0.0009546388
0.00095296858
0.00095125059
0.00094948576
0.00094767536
0.00094582105
0.00094392513
0.00094199056
0.00094002177
0.0009380239
0.00093600643
0.00093397618
0.00093195862
0.00092994531
0.00092803213
0.00092605312
0.00092443555
0.00092175027
0.00091892772
0.00090296755
0.00092761227
0.0010315587
0.001030322
0.0010290386
0.0010277084
0.0010263315
0.001024908
0.0010234382
0.0010219223
0.0010203611
0.0010187552
0.0010171056
0.0010154138
0.0010136815
0.0010119111
0.0010101058
0.0010082701
0.0010064091
0.0010045315
0.0010026442
0.0010007673
0.00099889313
0.00099708893
0.00099518969
0.00099350227
0.00099048885
0.00098818814
0.00097345265
0.00098072713
0.0010977413
0.0010965841
0.001095386
0.0010941466
0.0010928658
0.0010915435
0.0010901798
0.001088775
0.0010873295
0.0010858442
0.0010843199
0.0010827582
0.0010811608
0.00107953
0.001077869
0.0010761819
0.0010744734
0.0010727506
0.0010710189
0.0010692916
0.0010675575
0.0010658534
0.0010640097
0.0010622353
0.0010590544
0.0010568861
0.0010445021
0.0010455536
0.0011574917
0.0011563995
0.0011552754
0.0011541187
0.0011529289
0.0011517056
0.0011504489
0.0011491588
0.0011478357
0.0011464801
0.001145093
0.0011436755
0.0011422293
0.0011407563
0.0011392591
0.0011377409
0.001136205
0.0011346559
0.0011330953
0.0011315278
0.0011299344
0.0011283239
0.0011265198
0.001124682
0.0011214589
0.0011195687
0.0011088974
0.0011101901
0.0012073953
0.001206331
0.0012052453
0.001204137
0.0012030052
0.0012018492
0.0012006685
0.0011994628
0.0011982321
0.0011969768
0.0011956973
0.0011943943
0.0011930691
0.0011917227
0.0011903568
0.001188973
0.0011875728
0.001186157
0.0011847232
0.0011832678
0.0011817648
0.0011802066
0.0011784249
0.001176576
0.0011734875
0.0011719999
0.0011628648
0.0011652587
0.0012426258
0.0012415455
0.001240454
0.0012393497
0.0012382315
0.0012370981
0.0012359489
0.0012347831
0.0012336003
0.0012324005
0.0012311838
0.0012299502
0.0012287001
0.0012274337
0.0012261509
0.0012248515
0.001223534
0.0012221956
0.0012208288
0.0012194239
0.0012179496
0.0012163941
0.0012146021
0.0012127683
0.0012098161
0.0012087747
0.0012003044
0.0012038529
0.0012659851
0.0012648627
0.0012637381
0.0012626093
0.0012614743
0.0012603318
0.0012591802
0.0012580184
0.0012568454
0.0012556604
0.0012544632
0.001253253
0.001252029
0.0012507903
0.0012495356
0.0012482628
0.0012469685
0.0012456474
0.0012442901
0.0012428854
0.0012414043
0.0012398422
0.0012380708
0.0012363173
0.0012336333
0.0012330344
0.0012257232
0.0012303064
0.0012791392
0.001277948
0.0012767599
0.001275573
0.0012743854
0.0012731955
0.0012720016
0.0012708026
0.0012695976
0.0012684762
0.0012673784
0.001266256
0.0012651074
0.0012639306
0.001262723
0.0012614809
0.0012601991
0.0012588703
0.0012574828
0.0012560241
0.0012544654
0.0012528064
0.0012509231
0.00124907
0.0012462527
0.0012456703
0.0012379749
0.001243355
0.0012907418
0.0012897768
0.0012887886
0.0012877765
0.0012867405
0.0012856808
0.0012845972
0.0012834895
0.0012823575
0.0012812011
0.0012800195
0.0012788118
0.0012775765
0.001276312
0.0012750159
0.0012736852
0.0012723157
0.0012709023
0.0012694376
0.0012679156
0.0012663186
0.0012646603
0.0012628494
0.0012611455
0.0012586952
0.0012584265
0.001251809
0.0012567276
0.0012998397
0.0012987942
0.0012977245
0.0012966316
0.0012955157
0.0012943769
0.0012932155
0.0012920316
0.0012908251
0.0012895959
0.0012883435
0.0012870673
0.0012857661
0.0012844379
0.0012830806
0.001281691
0.0012802651
0.0012787979
0.0012772822
0.001275712
0.0012740691
0.0012723672
0.0012705044
0.0012687473
0.001266154
0.0012658189
0.0012584499
0.0012637295
0.0013204626
0.001318932
0.0013174003
0.001315868
0.0013143349
0.001312801
0.0013112666
0.0013097318
0.0013081966
0.001306661
0.0013051247
0.0013035876
0.0013020494
0.0013005098
0.0012989684
0.001297425
0.0012958792
0.0012943312
0.0012927803
0.001291229
0.0012896707
0.0012881311
0.0012865315
0.0012851383
0.0012831051
0.0012832773
0.0012772607
0.0012820581
)
;

boundaryField
{
    inlet
    {
        type            calculated;
        value           nonuniform List<scalar> 0();
    }
    top
    {
        type            calculated;
        value           nonuniform List<scalar> 
28
(
0.0013223867
0.0013209357
0.0013194846
0.0013180339
0.001316583
0.0013151315
0.0013136794
0.0013122267
0.0013107731
0.0013093183
0.001307862
0.0013064039
0.0013049436
0.0013034808
0.0013020154
0.0013005473
0.0012990765
0.0012976037
0.0012961292
0.0012946569
0.0012931812
0.0012917332
0.001290228
0.0012889728
0.0012870078
0.0012876526
0.0012810629
0.001288102
)
;
    }
    outlet
    {
        type            calculated;
        value           nonuniform List<scalar> 
16
(
0.00064342316
0.0006816517
0.0007297322
0.00078940459
0.000863895
0.00092952036
0.0009916106
0.0010605419
0.0011260968
0.0011812933
0.0012204708
0.0012462478
0.0012605513
0.0012721198
0.0012798528
0.0012930445
)
;
    }
    slipsurface
    {
        type            slip;
    }
    bottom
    {
        type            nutkWallFunction;
        Cmu             0.09;
        kappa           0.41;
        E               9.8;
        value           nonuniform List<scalar> 0();
    }
    frontandback
    {
        type            empty;
    }
    procBoundary9to8
    {
        type            processor;
        value           nonuniform List<scalar> 
28
(
0.00065614393
0.00065447549
0.00065275476
0.00065098115
0.00064915418
0.0006472734
0.00064533833
0.00064334848
0.00064130341
0.00063920271
0.00063704613
0.0006348336
0.00063256537
0.00063024221
0.00062786546
0.00062543787
0.0006229632
0.00062044879
0.00061790553
0.00064063916
0.00064063916
0.00063820774
0.00063563412
0.00063403968
0.00062961689
0.00063375153
0.00062470309
0.00061501863
)
;
    }
    procBoundary9to10
    {
        type            processor;
        value           nonuniform List<scalar> 
17
(
0.0006839129
0.00071408394
0.0007505971
0.00079407885
0.00084486711
0.00090261691
0.00096622342
0.0010327489
0.001098858
0.0011585527
0.0012084395
0.0012436965
0.0012671074
0.001280336
0.0012916844
0.0013008576
0.0013219904
)
;
    }
    procBoundary9to11
    {
        type            processor;
        value           uniform 0.00065776067;
    }
}


// ************************************************************************* //
