/*--------------------------------*- C++ -*----------------------------------*\
  =========                 |
  \\      /  F ield         | OpenFOAM: The Open Source CFD Toolbox
   \\    /   O peration     | Website:  https://openfoam.org
    \\  /    A nd           | Version:  12
     \\/     M anipulation  |
\*---------------------------------------------------------------------------*/
FoamFile
{
    format      ascii;
    class       volScalarField;
    location    "1900";
    object      p;
}
// * * * * * * * * * * * * * * * * * * * * * * * * * * * * * * * * * * * * * //

dimensions      [0 2 -2 0 0 0 0];

internalField   nonuniform List<scalar> 
467
(
0.0014587352
0.0014123573
0.0013654559
0.0013184256
0.0012706131
0.0012222187
0.0011736453
0.0011242122
0.0010743237
0.001024182
0.00097289566
0.00092117778
0.00086916148
0.00081624461
0.0007629592
0.00070894172
0.00065459909
0.00059997862
0.00054450611
0.00048931782
0.00043412148
0.0003804279
0.00032670942
0.00028295891
0.00023673037
0.00023563385
-3.1071985e-05
0.0014595181
0.0014131352
0.0013662167
0.001319127
0.0012713099
0.0012229007
0.0011742734
0.0011248426
0.0010749263
0.0010247297
0.00097345893
0.00092171374
0.0008696571
0.0008167389
0.00076341582
0.00070939101
0.00065501477
0.00060035228
0.00054488083
0.0004896392
0.00043441259
0.00038061732
0.00032690958
0.00028260905
0.00023646136
0.00022752506
-2.7043786e-05
0.0014603228
0.0014139302
0.0013669947
0.0013198486
0.0012720226
0.0012235986
0.0011749199
0.0011254869
0.0010755441
0.001025294
0.00097403426
0.00092226369
0.00087016658
0.00081724443
0.00076388516
0.00070985033
0.00065544089
0.00060073575
0.00054526213
0.00048996745
0.00043470648
0.00038080741
0.00032709993
0.00028222035
0.00023596178
0.00021975506
-2.2754707e-05
0.001461149
0.0014147424
0.00136779
0.0013205902
0.0012727513
0.0012243125
0.0011755845
0.0011261453
0.0010761771
0.0010258752
0.00097462196
0.00092282762
0.00087069009
0.00081776139
0.00076436725
0.00071031986
0.00065587747
0.00060112909
0.00054565003
0.00049030237
0.00043500308
0.00038099732
0.0003272752
0.00028179588
0.0002352724
0.00021266968
-1.7891934e-05
0.0014619968
0.0014155724
0.0013686025
0.0013213518
0.0012734966
0.0012250425
0.0011762675
0.0011268183
0.0010768254
0.0010264732
0.00097522241
0.0009234056
0.00087122782
0.00081829002
0.00076486216
0.00071079981
0.00065632454
0.00060153237
0.00054604455
0.00049064377
0.00043530213
0.00038118635
0.00032743338
0.00028134911
0.0002344466
0.00020588725
-1.2652971e-05
0.0014628658
0.0014164202
0.0013694324
0.0013221333
0.0012742587
0.0012257887
0.0011769688
0.0011275061
0.001077489
0.0010270882
0.00097583589
0.00092399761
0.00087177989
0.00081883051
0.00076536988
0.00071129033
0.00065678212
0.00060194561
0.00054644568
0.00049099148
0.0004356034
0.00038137386
0.00032757405
0.00028088062
0.00023349718
0.00019947962
-7.1666148e-06
0.0014637559
0.0014172863
0.0013702795
0.0013229346
0.0012750378
0.0012265511
0.0011776882
0.0011282091
0.001078168
0.0010277202
0.00097646265
0.0009246036
0.00087234636
0.00081938297
0.00076589036
0.00071179149
0.00065725014
0.00060236876
0.00054685334
0.0004913452
0.00043590649
0.00038155921
0.00032769624
0.00028038836
0.00023243766
0.00019336851
-1.5015452e-06
0.0014646669
0.0014181708
0.0013711442
0.0013237555
0.0012758343
0.0012273299
0.0011784258
0.0011289276
0.0010788625
0.0010283693
0.00097710312
0.00092522374
0.00087292746
0.00081994773
0.00076642372
0.00071230356
0.00065772871
0.0006028019
0.00054726761
0.00049170478
0.00043621118
0.0003817419
0.00032779893
0.00027987062
0.00023128356
0.00018759577
4.2265462e-06
0.0014655981
0.0014190736
0.0013720261
0.0013245957
0.0012766481
0.0012281249
0.0011791813
0.0011296616
0.0010795723
0.0010290353
0.00097775732
0.0009258578
0.00087352303
0.00082052475
0.00076696975
0.00071282645
0.00065821763
0.00060324483
0.00054768828
0.00049206981
0.00043651699
0.00038192116
0.00032788107
0.00027932539
0.00023005023
0.00018232586
9.8571932e-06
0.0014665497
0.0014199952
0.0013729255
0.0013254552
0.0012774796
0.0012289365
0.0011799549
0.0011304115
0.0010802977
0.0010297183
0.00097842573
0.00092650601
0.00087413331
0.00082111437
0.00076752862
0.00071336042
0.00065871704
0.00060369764
0.00054811543
0.00049244012
0.00043682366
0.00038209644
0.00032794185
0.00027875111
0.00022874805
0.00017737825
1.5312912e-05
0.0014675208
0.0014209348
0.0013738419
0.0013263333
0.0012783284
0.0012297642
0.001180746
0.0011311773
0.0010810384
0.001030418
0.00097910824
0.00092716809
0.00087475804
0.00082171648
0.00076810005
0.00071390532
0.00065922669
0.00060416004
0.0005485488
0.00049281525
0.00043713064
0.00038226692
0.00032798055
0.00027814599
0.00022738372
0.0001727779
2.0439032e-05
0.0014685114
0.0014218931
0.0013747758
0.0013272302
0.001279195
0.0012306085
0.0011815548
0.0011319592
0.0010817948
0.0010311346
0.00097980528
0.00092784427
0.00087539743
0.0008223314
0.00076868418
0.00071446137
0.00065974667
0.00060463208
0.00054898842
0.00049319497
0.00043743762
0.00038243203
0.00032799647
0.00027751068
0.0002259647
0.0001684357
2.5010772e-05
0.0014695202
0.0014228689
0.0013757262
0.0013281449
0.0012800787
0.0012314687
0.0011823806
0.0011327569
0.0010825663
0.0010318675
0.00098051659
0.00092853418
0.0008760511
0.00082295889
0.00076928067
0.00071502833
0.00066027668
0.00060511341
0.00054943399
0.00049357879
0.00043774401
0.00038259101
0.00032798891
0.00027684677
0.00022449811
0.00016448175
2.8975235e-05
0.0014705477
0.001423863
0.0013766938
0.0013290778
0.00128098
0.0012323454
0.0011832236
0.0011335708
0.0010833534
0.001032617
0.0009812426
0.00092923807
0.00087671922
0.00082359924
0.00076988962
0.00071560632
0.00066081674
0.00060560396
0.00054988542
0.00049396636
0.00043804937
0.00038274317
0.00032795745
0.0002761559
0.00022298971
0.00016075663
3.2404743e-05
0.001471592
0.0014248737
0.0013776773
0.0013300275
0.0012818978
0.0012332377
0.001184083
0.0011344003
0.0010841554
0.0010333823
0.00098198293
0.00092995554
0.00087740139
0.00082425223
0.00077051074
0.00071619517
0.00066136664
0.00060610347
0.00055034252
0.00049435732
0.00043835326
0.00038288797
0.00032790194
0.0002754398
0.000221445
0.00015733109
3.5373746e-05
0.0014726535
0.0014259016
0.0013786772
0.0013309944
0.0012828324
0.0012341459
0.0011849588
0.0011352456
0.0010849725
0.0010341634
0.00098273767
0.00093068655
0.00087809743
0.00082491774
0.00077114375
0.0007167946
0.00066192598
0.00060661145
0.00055080475
0.00049475088
0.0004386548
0.00038302436
0.00032782184
0.00027469968
0.00021986793
0.00015402219
3.7958719e-05
0.0014737754
0.0014269888
0.0013797345
0.0013320181
0.0012838227
0.0012351078
0.0011858876
0.0011361422
0.0010858391
0.0010349934
0.00098353892
0.00093146219
0.00087883701
0.00082562431
0.0007718158
0.00071743038
0.00066251884
0.00060714973
0.000551292
0.0004951638
0.00043896664
0.00038315784
0.00032771366
0.0002739064
0.00021819675
0.00015084251
4.0300586e-05
0.00049563667
0.00043931747
0.00038329696
0.00032755782
0.00027297309
0.00021625472
0.00014723503
4.2640118e-05
)
;

boundaryField
{
    inlet
    {
        type            zeroGradient;
    }
    top
    {
        type            zeroGradient;
    }
    outlet
    {
        type            fixedValue;
        value           uniform 0;
    }
    slipsurface
    {
        type            slip;
    }
    bottom
    {
        type            zeroGradient;
    }
    frontandback
    {
        type            empty;
    }
    procBoundary8to9
    {
        type            processor;
        value           nonuniform List<scalar> 
28
(
0.0014750759
0.0014282501
0.0013809612
0.0013332071
0.0012849735
0.0012362253
0.0011869677
0.0011371849
0.001086847
0.00103596
0.00098447143
0.00093236423
0.00087969811
0.0008264463
0.00077259732
0.00071816886
0.00066320669
0.00060777379
0.00055185355
0.00055185355
0.00049620467
0.00043973073
0.00038344697
0.00032733121
0.00027183372
0.00021391251
0.0001432961
4.4926185e-05
)
;
    }
    procBoundary8to11
    {
        type            processor;
        value           nonuniform List<scalar> 
17
(
0.0015043644
0.00150521
0.0015060746
0.001506958
0.0015078603
0.0015087813
0.001509721
0.0015106793
0.0015116558
0.0015126506
0.001513663
0.0015146934
0.0015157405
0.0015168049
0.0015178849
0.0015189811
0.0015201379
)
;
    }
    procBoundary8to13
    {
        type            processor;
        value           nonuniform List<scalar> 
27
(
0.0014579739
0.0014115958
0.0013647121
0.0013177442
0.0012699316
0.0012215526
0.0011730352
0.0011235951
0.0010737362
0.0010236509
0.00097234405
0.00092065575
0.00086867947
0.00081576132
0.00076251523
0.00070850225
0.0006541938
0.0005996147
0.00054413796
0.00048900334
0.00043383386
0.00038023715
0.00032651567
0.00028329464
0.00023681249
0.00024384138
-3.5405673e-05
)
;
    }
}


// ************************************************************************* //
