/*--------------------------------*- C++ -*----------------------------------*\
  =========                 |
  \\      /  F ield         | OpenFOAM: The Open Source CFD Toolbox
   \\    /   O peration     | Website:  https://openfoam.org
    \\  /    A nd           | Version:  12
     \\/     M anipulation  |
\*---------------------------------------------------------------------------*/
FoamFile
{
    format      ascii;
    class       volVectorField;
    location    "600";
    object      U;
}
// * * * * * * * * * * * * * * * * * * * * * * * * * * * * * * * * * * * * * //

dimensions      [0 1 -1 0 0 0 0];

internalField   nonuniform List<vector> 
808
(
(0.008093241 9.4633644e-10 0)
(0.0080549222 9.1183041e-10 0)
(0.0080170654 8.7887419e-10 0)
(0.0079796445 8.4715816e-10 0)
(0.0079426317 8.1641475e-10 0)
(0.00790601 7.8695384e-10 0)
(0.0078697315 7.5896863e-10 0)
(0.0078337699 7.3186812e-10 0)
(0.0077981079 7.0569405e-10 0)
(0.0077627139 6.8055687e-10 0)
(0.007727557 6.5629761e-10 0)
(0.0076926287 6.3279652e-10 0)
(0.0076579001 6.1032755e-10 0)
(0.0076233286 5.8856769e-10 0)
(0.0075889088 5.673304e-10 0)
(0.0075546256 5.4683417e-10 0)
(0.007520455 5.2702606e-10 0)
(0.0074863684 5.0791694e-10 0)
(0.0074523387 4.8935035e-10 0)
(0.0074183546 4.7118552e-10 0)
(0.0073844133 4.5358244e-10 0)
(0.007350474 4.3677476e-10 0)
(0.0073164915 4.2047708e-10 0)
(0.0072824587 4.0439675e-10 0)
(0.0072483821 3.8875466e-10 0)
(0.007214219 3.7396936e-10 0)
(0.0071798877 3.5968466e-10 0)
(0.0071453992 3.4538453e-10 0)
(0.0071107714 3.3137543e-10 0)
(0.00707596 3.1797932e-10 0)
(0.024400265 1.9822372e-08 0)
(0.024284737 1.9099221e-08 0)
(0.024170604 1.8408061e-08 0)
(0.024057787 1.7742833e-08 0)
(0.023946199 1.7100324e-08 0)
(0.023835788 1.6484439e-08 0)
(0.023726412 1.589662e-08 0)
(0.023617993 1.5328543e-08 0)
(0.023510478 1.4780786e-08 0)
(0.023403769 1.4255292e-08 0)
(0.023297775 1.3746828e-08 0)
(0.02319247 1.3254066e-08 0)
(0.023087769 1.2782925e-08 0)
(0.022983541 1.2328049e-08 0)
(0.022879769 1.1883945e-08 0)
(0.022776408 1.145366e-08 0)
(0.022673389 1.1038551e-08 0)
(0.022570623 1.0638542e-08 0)
(0.022468027 1.0250183e-08 0)
(0.022365568 9.8695494e-09 0)
(0.022263239 9.5004875e-09 0)
(0.022160917 9.1482568e-09 0)
(0.022058465 8.8073563e-09 0)
(0.021955859 8.4707314e-09 0)
(0.021853122 8.1426261e-09 0)
(0.021750124 7.8327183e-09 0)
(0.02164662 7.5338439e-09 0)
(0.021542641 7.2345711e-09 0)
(0.021438242 6.9409035e-09 0)
(0.02133329 6.6602256e-09 0)
(0.041070723 5.7547839e-08 0)
(0.040876267 5.5448268e-08 0)
(0.04068416 5.3441135e-08 0)
(0.04049427 5.1509627e-08 0)
(0.040306448 4.9645038e-08 0)
(0.040120604 4.7857479e-08 0)
(0.039936503 4.6150339e-08 0)
(0.039754016 4.4500846e-08 0)
(0.039573049 4.2910892e-08 0)
(0.039393438 4.1385716e-08 0)
(0.039215028 3.9909461e-08 0)
(0.03903778 3.8478596e-08 0)
(0.03886155 3.7110631e-08 0)
(0.038686116 3.5790426e-08 0)
(0.038511446 3.4501396e-08 0)
(0.038337469 3.3251876e-08 0)
(0.038164069 3.2046599e-08 0)
(0.037991095 3.0885431e-08 0)
(0.037818406 2.9758177e-08 0)
(0.037645948 2.8653094e-08 0)
(0.037473709 2.7581484e-08 0)
(0.037301482 2.6558848e-08 0)
(0.037129035 2.5569354e-08 0)
(0.036956329 2.459217e-08 0)
(0.036783401 2.363947e-08 0)
(0.036610038 2.273968e-08 0)
(0.036435821 2.1872124e-08 0)
(0.036260802 2.100337e-08 0)
(0.036085077 2.0150698e-08 0)
(0.035908424 1.933577e-08 0)
(0.035730532 1.8481655e-08 0)
(0.058352172 1.1853319e-07 0)
(0.058075908 1.1420852e-07 0)
(0.057802981 1.1007352e-07 0)
(0.057533208 1.0609482e-07 0)
(0.057266371 1.0225534e-07 0)
(0.05700234 9.8574157e-08 0)
(0.056740786 9.5057079e-08 0)
(0.056481527 9.1659135e-08 0)
(0.056224428 8.8384706e-08 0)
(0.055969253 8.5243895e-08 0)
(0.055715782 8.2203105e-08 0)
(0.055463965 7.9255452e-08 0)
(0.055213595 7.6437601e-08 0)
(0.054964355 7.3718911e-08 0)
(0.054716198 7.106427e-08 0)
(0.054469026 6.8490138e-08 0)
(0.054222675 6.6007346e-08 0)
(0.053976929 6.3615865e-08 0)
(0.053731587 6.1294353e-08 0)
(0.053486571 5.901813e-08 0)
(0.053241868 5.681065e-08 0)
(0.052997183 5.4704228e-08 0)
(0.052752184 5.266643e-08 0)
(0.052506815 5.0653834e-08 0)
(0.052261132 4.869129e-08 0)
(0.052014832 4.6837843e-08 0)
(0.051767318 4.5051102e-08 0)
(0.051518664 4.3261834e-08 0)
(0.051269005 4.1505409e-08 0)
(0.051018029 3.9826774e-08 0)
(0.050765293 3.8122821e-08 0)
(0.076498181 2.0555901e-07 0)
(0.076136074 1.9805924e-07 0)
(0.075778345 1.9088713e-07 0)
(0.075424751 1.8398697e-07 0)
(0.075075004 1.773304e-07 0)
(0.074728927 1.7094773e-07 0)
(0.074386096 1.648473e-07 0)
(0.074046279 1.5895397e-07 0)
(0.073709291 1.532763e-07 0)
(0.07337482 1.4783062e-07 0)
(0.073042581 1.4255724e-07 0)
(0.072712511 1.3744475e-07 0)
(0.072384339 1.3255781e-07 0)
(0.072057646 1.2784404e-07 0)
(0.071732367 1.2324107e-07 0)
(0.07140838 1.1877639e-07 0)
(0.071085471 1.1447036e-07 0)
(0.070763355 1.1032346e-07 0)
(0.070441765 1.0629805e-07 0)
(0.0701206 1.023506e-07 0)
(0.069799846 9.8522013e-08 0)
(0.069479117 9.4868994e-08 0)
(0.069157975 9.1335532e-08 0)
(0.068836344 8.7845529e-08 0)
(0.068514301 8.4441737e-08 0)
(0.068191451 8.1227313e-08 0)
(0.067867009 7.8129063e-08 0)
(0.067541068 7.5026332e-08 0)
(0.067213811 7.1980118e-08 0)
(0.066884828 6.9068876e-08 0)
(0.066553537 6.6177167e-08 0)
(0.095765578 3.2358398e-07 0)
(0.095312543 3.1177873e-07 0)
(0.094864985 3.0048713e-07 0)
(0.094422602 2.8962509e-07 0)
(0.093985026 2.7914977e-07 0)
(0.093552027 2.6910461e-07 0)
(0.093123089 2.5950012e-07 0)
(0.092697925 2.5022227e-07 0)
(0.092276295 2.4128625e-07 0)
(0.091857806 2.3271576e-07 0)
(0.091442104 2.2441473e-07 0)
(0.091029114 2.1636588e-07 0)
(0.090618501 2.0867282e-07 0)
(0.090209734 2.0125421e-07 0)
(0.089802725 1.9400955e-07 0)
(0.089397331 1.8698053e-07 0)
(0.088993288 1.802016e-07 0)
(0.088590233 1.7367436e-07 0)
(0.088187829 1.6733861e-07 0)
(0.087785953 1.6112464e-07 0)
(0.08738459 1.5509722e-07 0)
(0.086983257 1.4934667e-07 0)
(0.086581403 1.4378516e-07 0)
(0.086178931 1.3829166e-07 0)
(0.085775941 1.3293295e-07 0)
(0.085371941 1.278726e-07 0)
(0.084965944 1.2299589e-07 0)
(0.084558067 1.1811195e-07 0)
(0.084148539 1.133163e-07 0)
(0.083736851 1.0873321e-07 0)
(0.083322271 1.0422775e-07 0)
(0.11640252 4.7951628e-07 0)
(0.11585275 4.6202488e-07 0)
(0.11530962 4.4529118e-07 0)
(0.11477277 4.2919625e-07 0)
(0.11424173 4.1367915e-07 0)
(0.11371623 3.9879781e-07 0)
(0.11319564 3.84564e-07 0)
(0.11267963 3.7081499e-07 0)
(0.11216789 3.5757606e-07 0)
(0.11165995 3.4487921e-07 0)
(0.11115538 3.3257891e-07 0)
(0.11065409 3.2065055e-07 0)
(0.11015568 3.0925056e-07 0)
(0.1096595 2.9825998e-07 0)
(0.10916543 2.8752637e-07 0)
(0.10867331 2.7710922e-07 0)
(0.10818283 2.6706304e-07 0)
(0.10769354 2.5739171e-07 0)
(0.10720502 2.480044e-07 0)
(0.10671714 2.3879613e-07 0)
(0.10622986 2.2986336e-07 0)
(0.10574262 2.2134165e-07 0)
(0.10525473 2.1310129e-07 0)
(0.10476608 2.0496108e-07 0)
(0.10427679 1.9701918e-07 0)
(0.10378626 1.8951979e-07 0)
(0.1032933 1.8229366e-07 0)
(0.10279805 1.7505652e-07 0)
(0.10230078 1.6794915e-07 0)
(0.10180088 1.611569e-07 0)
(0.10129746 1.5451942e-07 0)
(0.13861852 6.8220201e-07 0)
(0.13796633 6.5732632e-07 0)
(0.13732198 6.3352299e-07 0)
(0.13668504 6.1063132e-07 0)
(0.13605497 5.8856828e-07 0)
(0.13543141 5.6740686e-07 0)
(0.13481366 5.4715835e-07 0)
(0.13420131 5.2760027e-07 0)
(0.133594 5.0877284e-07 0)
(0.13299116 4.9071693e-07 0)
(0.13239228 4.7322089e-07 0)
(0.13179727 4.5625117e-07 0)
(0.13120565 4.4003466e-07 0)
(0.13061664 4.2440436e-07 0)
(0.13003011 4.0913825e-07 0)
(0.12944586 3.9431769e-07 0)
(0.12886354 3.8002527e-07 0)
(0.12828259 3.6626874e-07 0)
(0.12770254 3.5291652e-07 0)
(0.1271232 3.3981677e-07 0)
(0.12654456 3.2710747e-07 0)
(0.12596594 3.1498402e-07 0)
(0.12538651 3.0326251e-07 0)
(0.12480615 2.9168239e-07 0)
(0.12422501 2.8038224e-07 0)
(0.12364237 2.6971215e-07 0)
(0.12305682 2.5943242e-07 0)
(0.12246851 2.4913643e-07 0)
(0.12187777 2.3902341e-07 0)
(0.12128389 2.2935889e-07 0)
(0.12068579 2.1995044e-07 0)
(0.16252614 9.4238426e-07 0)
(0.16176751 9.0804829e-07 0)
(0.16101793 8.7518458e-07 0)
(0.16027689 8.4358329e-07 0)
(0.15954375 8.1313468e-07 0)
(0.1588181 7.8392643e-07 0)
(0.15809913 7.5596678e-07 0)
(0.15738638 7.2896106e-07 0)
(0.15667943 7.0297085e-07 0)
(0.15597759 6.7804603e-07 0)
(0.15528028 6.5388796e-07 0)
(0.15458742 6.3045225e-07 0)
(0.15389844 6.0805868e-07 0)
(0.15321244 5.8647958e-07 0)
(0.15252923 5.6540103e-07 0)
(0.15184863 5.4493094e-07 0)
(0.15117019 5.2519043e-07 0)
(0.15049331 5.0619354e-07 0)
(0.14981738 4.8775505e-07 0)
(0.14914222 4.6966176e-07 0)
(0.14846783 4.5210533e-07 0)
(0.14779338 4.3535945e-07 0)
(0.14711794 4.1917086e-07 0)
(0.14644133 4.031757e-07 0)
(0.14576374 3.8756392e-07 0)
(0.14508437 3.7282311e-07 0)
(0.14440152 3.5862358e-07 0)
(0.14371537 3.4440042e-07 0)
(0.14302635 3.3042743e-07 0)
(0.14233358 3.1707408e-07 0)
(0.14163584 3.041076e-07 0)
(0.18805522 1.272211e-06 0)
(0.18719008 1.2259276e-06 0)
(0.18633511 1.1816172e-06 0)
(0.18548973 1.1390126e-06 0)
(0.1846532 1.097972e-06 0)
(0.18382506 1.0585964e-06 0)
(0.18300439 1.0208879e-06 0)
(0.18219069 9.8446556e-07 0)
(0.18138346 9.4942053e-07 0)
(0.18058192 9.1581129e-07 0)
(0.17978543 8.8322676e-07 0)
(0.17899387 8.5160979e-07 0)
(0.17820662 8.2140059e-07 0)
(0.17742264 7.9229576e-07 0)
(0.17664171 7.6386192e-07 0)
(0.17586363 7.3623909e-07 0)
(0.1750879 7.0960021e-07 0)
(0.17431382 6.8396869e-07 0)
(0.1735407 6.590898e-07 0)
(0.17276833 6.3467122e-07 0)
(0.17199671 6.1097325e-07 0)
(0.17122491 5.8837058e-07 0)
(0.17045184 5.6652227e-07 0)
(0.16967729 5.4493171e-07 0)
(0.16890151 5.2385351e-07 0)
(0.16812355 5.0395163e-07 0)
(0.16734149 4.8478275e-07 0)
(0.16655553 4.655795e-07 0)
(0.16576612 4.467099e-07 0)
(0.16497232 4.2867665e-07 0)
(0.16417267 4.1119659e-07 0)
(0.21487701 1.6840813e-06 0)
(0.2139111 1.6229675e-06 0)
(0.2129563 1.5644428e-06 0)
(0.21201199 1.5081736e-06 0)
(0.21107732 1.4539786e-06 0)
(0.21015178 1.4019709e-06 0)
(0.20923437 1.3521437e-06 0)
(0.20832454 1.304014e-06 0)
(0.20742173 1.2577112e-06 0)
(0.20652505 1.2133021e-06 0)
(0.20563381 1.1702336e-06 0)
(0.20474788 1.128434e-06 0)
(0.20386657 1.0884964e-06 0)
(0.2029887 1.0500239e-06 0)
(0.20211404 1.012431e-06 0)
(0.20124236 9.7589672e-07 0)
(0.20037313 9.4066181e-07 0)
(0.19950553 9.0676261e-07 0)
(0.19863881 8.7385617e-07 0)
(0.19777272 8.4155009e-07 0)
(0.19690726 8.1019114e-07 0)
(0.19604141 7.8028207e-07 0)
(0.19517393 7.5137263e-07 0)
(0.19430459 7.2279846e-07 0)
(0.19343365 6.9489468e-07 0)
(0.19256007 6.6854802e-07 0)
(0.19168167 6.4317351e-07 0)
(0.19079867 6.1774867e-07 0)
(0.1899116 5.927591e-07 0)
(0.18901937 5.6887579e-07 0)
(0.18812035 5.4575357e-07 0)
(0.24241523 2.1894046e-06 0)
(0.2413598 2.1102306e-06 0)
(0.24031622 2.0343918e-06 0)
(0.23928382 1.9614755e-06 0)
(0.23826167 1.8912511e-06 0)
(0.23724923 1.8238432e-06 0)
(0.23624543 1.7592361e-06 0)
(0.23524965 1.6968256e-06 0)
(0.23426127 1.6367879e-06 0)
(0.23327935 1.5791979e-06 0)
(0.23230311 1.523329e-06 0)
(0.23133244 1.4690927e-06 0)
(0.23036656 1.417271e-06 0)
(0.2294042 1.3673528e-06 0)
(0.22844509 1.3185644e-06 0)
(0.22748901 1.2711326e-06 0)
(0.22653535 1.2253835e-06 0)
(0.22558321 1.1813699e-06 0)
(0.22463179 1.1386396e-06 0)
(0.2236808 1.0966768e-06 0)
(0.22273025 1.0559352e-06 0)
(0.221779 1.0170762e-06 0)
(0.2208257 9.7951542e-07 0)
(0.21987009 9.4238116e-07 0)
(0.21891246 9.0610741e-07 0)
(0.21795166 8.7185681e-07 0)
(0.21698528 8.388704e-07 0)
(0.21601357 8.0581025e-07 0)
(0.2150371 7.7330662e-07 0)
(0.21405466 7.4223905e-07 0)
(0.21306447 7.1218714e-07 0)
(0.26998667 2.7984726e-06 0)
(0.26885553 2.6976871e-06 0)
(0.26773682 2.6011293e-06 0)
(0.26662981 2.50829e-06 0)
(0.26553353 2.4188738e-06 0)
(0.26444741 2.3330192e-06 0)
(0.2633703 2.2507058e-06 0)
(0.26230152 2.1711858e-06 0)
(0.26124042 2.0946871e-06 0)
(0.260186 2.0212933e-06 0)
(0.25913743 1.9500732e-06 0)
(0.25809459 1.8809191e-06 0)
(0.25705663 1.8148396e-06 0)
(0.25602218 1.751185e-06 0)
(0.254991 1.6889552e-06 0)
(0.2539628 1.6284365e-06 0)
(0.25293694 1.5700586e-06 0)
(0.25191247 1.5138926e-06 0)
(0.2508885 1.4593547e-06 0)
(0.24986473 1.4057815e-06 0)
(0.24884117 1.353756e-06 0)
(0.24781659 1.3041311e-06 0)
(0.24678954 1.2561607e-06 0)
(0.24575972 1.2087226e-06 0)
(0.24472745 1.1623706e-06 0)
(0.24369148 1.1186014e-06 0)
(0.24264922 1.0764459e-06 0)
(0.24160091 1.0341842e-06 0)
(0.24054717 9.9262154e-07 0)
(0.23948669 9.5289052e-07 0)
(0.23841753 9.1448047e-07 0)
(0.29699442 3.5216536e-06 0)
(0.29580036 3.3953509e-06 0)
(0.29461922 3.2743353e-06 0)
(0.2934502 3.1579773e-06 0)
(0.2922923 3.045894e-06 0)
(0.29114493 2.9382436e-06 0)
(0.29000689 2.8350116e-06 0)
(0.28887744 2.73528e-06 0)
(0.28775587 2.6393275e-06 0)
(0.28664117 2.5472487e-06 0)
(0.28553247 2.4578775e-06 0)
(0.2844296 2.3710856e-06 0)
(0.28333168 2.288145e-06 0)
(0.28223727 2.2082393e-06 0)
(0.28114611 2.1301027e-06 0)
(0.28005789 2.0540966e-06 0)
(0.27897193 1.9807719e-06 0)
(0.27788721 1.9102179e-06 0)
(0.27680282 1.8416954e-06 0)
(0.27571843 1.7743695e-06 0)
(0.27463403 1.708976e-06 0)
(0.27354831 1.6465936e-06 0)
(0.27245974 1.5862839e-06 0)
(0.27136804 1.5266289e-06 0)
(0.27027348 1.4683257e-06 0)
(0.26917475 1.4132674e-06 0)
(0.26806911 1.3602339e-06 0)
(0.26695681 1.3070521e-06 0)
(0.26583849 1.2547361e-06 0)
(0.26471275 1.204719e-06 0)
(0.26357753 1.1563828e-06 0)
(0.32304567 4.3695335e-06 0)
(0.32179844 4.2134523e-06 0)
(0.32056459 4.0639073e-06 0)
(0.31934323 3.9201164e-06 0)
(0.31813335 3.7815778e-06 0)
(0.31693435 3.648478e-06 0)
(0.31574498 3.5208289e-06 0)
(0.31456443 3.3975106e-06 0)
(0.31339196 3.2788446e-06 0)
(0.31222655 3.164939e-06 0)
(0.31106729 3.0543667e-06 0)
(0.30991396 2.9469772e-06 0)
(0.30876565 2.8443421e-06 0)
(0.30762087 2.7454446e-06 0)
(0.30647935 2.6487142e-06 0)
(0.30534077 2.5546078e-06 0)
(0.30420438 2.4638141e-06 0)
(0.30306913 2.3764365e-06 0)
(0.30193407 2.291557e-06 0)
(0.30079887 2.2081447e-06 0)
(0.29966347 2.1271147e-06 0)
(0.29852653 2.0498056e-06 0)
(0.29738645 1.9750532e-06 0)
(0.29624292 1.9010967e-06 0)
(0.29509622 1.8288031e-06 0)
(0.29394496 1.7605265e-06 0)
(0.2927863 1.6947518e-06 0)
(0.29162048 1.6287765e-06 0)
(0.29044814 1.563861e-06 0)
(0.28926782 1.5017894e-06 0)
(0.28807737 1.4418171e-06 0)
(0.34803453 5.3601293e-06 0)
(0.346739 5.1692869e-06 0)
(0.34545728 4.9864649e-06 0)
(0.34418844 4.8106838e-06 0)
(0.34293142 4.6412742e-06 0)
(0.34168565 4.4784655e-06 0)
(0.34044982 4.3223311e-06 0)
(0.33922304 4.1715097e-06 0)
(0.33800454 4.0263446e-06 0)
(0.33679331 3.8869606e-06 0)
(0.33558839 3.7516492e-06 0)
(0.33438954 3.6202375e-06 0)
(0.33319578 3.4946293e-06 0)
(0.33200558 3.3735655e-06 0)
(0.3308187 3.2551315e-06 0)
(0.32963478 3.1399088e-06 0)
(0.32845301 3.028738e-06 0)
(0.3272723 2.9217266e-06 0)
(0.32609171 2.8177521e-06 0)
(0.32491086 2.7155668e-06 0)
(0.32372967 2.6162923e-06 0)
(0.32254675 2.5215616e-06 0)
(0.32136045 2.4299463e-06 0)
(0.32017046 2.3392939e-06 0)
(0.31897703 2.250672e-06 0)
(0.3177787 2.1669651e-06 0)
(0.31657255 2.0863113e-06 0)
(0.31535882 2.0053968e-06 0)
(0.31413816 1.9257717e-06 0)
(0.31290903 1.8496242e-06 0)
(0.31166921 1.77606e-06 0)
(0.37196496 6.5147753e-06 0)
(0.37062431 6.2833968e-06 0)
(0.36929794 6.0618061e-06 0)
(0.36798482 5.8487695e-06 0)
(0.36668387 5.6433823e-06 0)
(0.36539456 5.4459349e-06 0)
(0.36411553 5.2566133e-06 0)
(0.36284577 5.0737707e-06 0)
(0.36158452 4.8977362e-06 0)
(0.36033074 4.7286534e-06 0)
(0.35908349 4.5645177e-06 0)
(0.35784245 4.4051366e-06 0)
(0.35660658 4.2527764e-06 0)
(0.35537433 4.1058834e-06 0)
(0.3541455 3.9621579e-06 0)
(0.35291966 3.8223445e-06 0)
(0.35169595 3.6874494e-06 0)
(0.35047326 3.5575667e-06 0)
(0.34925062 3.4313422e-06 0)
(0.34802766 3.3072908e-06 0)
(0.34680426 3.1867727e-06 0)
(0.34557896 3.07175e-06 0)
(0.34435009 2.9604852e-06 0)
(0.34311732 2.8503823e-06 0)
(0.3418809 2.7427462e-06 0)
(0.3406393 2.6410668e-06 0)
(0.33938948 2.5430747e-06 0)
(0.33813175 2.4447549e-06 0)
(0.33686672 2.3479975e-06 0)
(0.33559279 2.2554533e-06 0)
(0.33430767 2.1660504e-06 0)
(0.3947959 7.8561281e-06 0)
(0.39341411 7.5776747e-06 0)
(0.39204707 7.3111096e-06 0)
(0.39069366 7.0548752e-06 0)
(0.38935277 6.8077374e-06 0)
(0.38802392 6.5700676e-06 0)
(0.3867057 6.3422414e-06 0)
(0.38539701 6.122277e-06 0)
(0.38409703 5.9104333e-06 0)
(0.38280478 5.7068716e-06 0)
(0.38151928 5.5092872e-06 0)
(0.38024014 5.3174758e-06 0)
(0.37896628 5.1340923e-06 0)
(0.37769614 4.9572217e-06 0)
(0.37642951 4.7841385e-06 0)
(0.37516597 4.6158026e-06 0)
(0.37390455 4.4533976e-06 0)
(0.37264413 4.2969769e-06 0)
(0.37138376 4.1449244e-06 0)
(0.37012304 3.9955019e-06 0)
(0.3688618 3.8503438e-06 0)
(0.36759853 3.7117755e-06 0)
(0.36633156 3.5776981e-06 0)
(0.36506056 3.4450182e-06 0)
(0.36378573 3.3153222e-06 0)
(0.36250546 3.1927897e-06 0)
(0.36121669 3.0746695e-06 0)
(0.35991972 2.9561427e-06 0)
(0.35861516 2.8395024e-06 0)
(0.35730133 2.7279249e-06 0)
(0.3559759 2.6201289e-06 0)
(0.41651397 9.4101622e-06 0)
(0.41509399 9.0770739e-06 0)
(0.41368928 8.7583725e-06 0)
(0.41229858 8.4520968e-06 0)
(0.41092077 8.1565589e-06 0)
(0.40955541 7.8722292e-06 0)
(0.40820106 7.5997732e-06 0)
(0.4068565 7.3368262e-06 0)
(0.40552089 7.0834982e-06 0)
(0.40419326 6.8399596e-06 0)
(0.40287263 6.6036112e-06 0)
(0.40155855 6.3742529e-06 0)
(0.40024987 6.1549499e-06 0)
(0.39894502 5.9433431e-06 0)
(0.39764383 5.7362376e-06 0)
(0.39634583 5.5348763e-06 0)
(0.39504998 5.3406317e-06 0)
(0.39375514 5.1534773e-06 0)
(0.39246037 4.9715016e-06 0)
(0.39116527 4.7927009e-06 0)
(0.3898696 4.6190254e-06 0)
(0.38857182 4.4531963e-06 0)
(0.38727024 4.2926904e-06 0)
(0.38596454 4.1338632e-06 0)
(0.38465488 3.9786372e-06 0)
(0.3833396 3.8319773e-06 0)
(0.38201556 3.6905559e-06 0)
(0.38068312 3.5486306e-06 0)
(0.37934283 3.4089783e-06 0)
(0.37799298 3.2753686e-06 0)
(0.37663119 3.146273e-06 0)
(0.43715048 1.1207803e-05 0)
(0.43569417 1.0811344e-05 0)
(0.43425365 1.0432242e-05 0)
(0.43282755 1.0068045e-05 0)
(0.43141471 9.7164524e-06 0)
(0.43001476 9.3780412e-06 0)
(0.42862623 9.0538973e-06 0)
(0.42724778 8.7412289e-06 0)
(0.42587852 8.4398952e-06 0)
(0.42451752 8.1500532e-06 0)
(0.4231638 7.8688255e-06 0)
(0.42181685 7.5960438e-06 0)
(0.42047543 7.3352023e-06 0)
(0.41913798 7.0833941e-06 0)
(0.41780436 6.8369072e-06 0)
(0.41647407 6.5973523e-06 0)
(0.41514598 6.3663055e-06 0)
(0.41381893 6.1436072e-06 0)
(0.41249202 5.9270095e-06 0)
(0.4111648 5.7142368e-06 0)
(0.40983701 5.5076036e-06 0)
(0.40850705 5.3102583e-06 0)
(0.40717324 5.1191809e-06 0)
(0.40583526 4.9301176e-06 0)
(0.40449323 4.7453913e-06 0)
(0.40314541 4.5708572e-06 0)
(0.40178868 4.4024953e-06 0)
(0.4004234 4.2335128e-06 0)
(0.39905009 4.0672674e-06 0)
(0.39766695 3.9081935e-06 0)
(0.39627159 3.7544705e-06 0)
(0.4567764 1.3284393e-05 0)
(0.45528451 1.281451e-05 0)
(0.45380898 1.2365499e-05 0)
(0.45234832 1.1934333e-05 0)
(0.45090131 1.1517902e-05 0)
(0.44946763 1.1116886e-05 0)
(0.44804581 1.0732946e-05 0)
(0.4466344 1.0362828e-05 0)
(0.44523244 1.0006016e-05 0)
(0.44383903 9.6626154e-06 0)
(0.44245321 9.3294939e-06 0)
(0.44107438 9.0065549e-06 0)
(0.43970126 8.6977415e-06 0)
(0.43833226 8.3994737e-06 0)
(0.43696728 8.1074659e-06 0)
(0.43560579 7.8237988e-06 0)
(0.43424659 7.5502722e-06 0)
(0.43288848 7.2865272e-06 0)
(0.43153057 7.0299297e-06 0)
(0.43017243 6.7779286e-06 0)
(0.42881374 6.5332599e-06 0)
(0.42745285 6.2995327e-06 0)
(0.42608806 6.0731434e-06 0)
(0.4247191 5.8491664e-06 0)
(0.42334601 5.6304018e-06 0)
(0.42196701 5.423642e-06 0)
(0.42057915 5.2240883e-06 0)
(0.41918268 5.0238468e-06 0)
(0.41777801 4.8269124e-06 0)
(0.41636331 4.6384491e-06 0)
(0.41493614 4.4562911e-06 0)
(0.47550849 1.568133e-05 0)
(0.47398068 1.5126396e-05 0)
(0.47246981 1.4596465e-05 0)
(0.47097428 1.4087858e-05 0)
(0.46949282 1.3596442e-05 0)
(0.46802512 1.3122978e-05 0)
(0.46656973 1.2669861e-05 0)
(0.46512508 1.223335e-05 0)
(0.46369017 1.1812428e-05 0)
(0.46226411 1.1407097e-05 0)
(0.46084593 1.1013979e-05 0)
(0.45943501 1.0633098e-05 0)
(0.45802998 1.0268881e-05 0)
(0.45662922 9.9169353e-06 0)
(0.45523268 9.5723256e-06 0)
(0.45383979 9.2377134e-06 0)
(0.4524493 8.9151532e-06 0)
(0.45105996 8.6040177e-06 0)
(0.4496709 8.301224e-06 0)
(0.44828169 8.0039356e-06 0)
(0.44689194 7.7153776e-06 0)
(0.4455 7.4396629e-06 0)
(0.44410413 7.1725079e-06 0)
(0.44270405 6.9082359e-06 0)
(0.4412998 6.6502082e-06 0)
(0.43988953 6.4060055e-06 0)
(0.43847109 6.1701768e-06 0)
(0.43704408 5.9338719e-06 0)
(0.43560875 5.7015996e-06 0)
(0.43416319 5.4792924e-06 0)
(0.43270496 5.2643768e-06 0)
(0.49508721 1.9139595e-05 0)
(0.49350334 1.8451534e-05 0)
(0.49193895 1.7797953e-05 0)
(0.49039209 1.7174218e-05 0)
(0.48886107 1.6575925e-05 0)
(0.48734457 1.599768e-05 0)
(0.48584226 1.5440274e-05 0)
(0.4843527 1.4907017e-05 0)
(0.48287426 1.4393665e-05 0)
(0.48140587 1.3898563e-05 0)
(0.47994662 1.3421533e-05 0)
(0.47849556 1.295896e-05 0)
(0.47705202 1.2511051e-05 0)
(0.47561459 1.2082762e-05 0)
(0.4741816 1.1668725e-05 0)
(0.472753 1.1263258e-05 0)
(0.47132825 1.086973e-05 0)
(0.469906 1.0490495e-05 0)
(0.468485 1.0124578e-05 0)
(0.46706435 9.7683684e-06 0)
(0.46564362 9.4187316e-06 0)
(0.4642224 9.0794629e-06 0)
(0.46279899 8.7552306e-06 0)
(0.46137162 8.4409588e-06 0)
(0.45994003 8.1301249e-06 0)
(0.45850422 7.8267482e-06 0)
(0.4570623 7.539196e-06 0)
(0.45561267 7.2613234e-06 0)
(0.45415448 6.9833316e-06 0)
(0.45268784 6.7102546e-06 0)
(0.45121079 6.4488671e-06 0)
(0.44972086 6.1961166e-06 0)
(0.51250621 2.2463163e-05 0)
(0.51088452 2.1654923e-05 0)
(0.50928297 2.0886928e-05 0)
(0.5076996 2.0154423e-05 0)
(0.50613262 1.9452229e-05 0)
(0.50458061 1.8773431e-05 0)
(0.50304327 1.8118777e-05 0)
(0.50151915 1.7492663e-05 0)
(0.50000657 1.6890346e-05 0)
(0.49850436 1.6309397e-05 0)
(0.4970116 1.5749364e-05 0)
(0.49552737 1.5206379e-05 0)
(0.49405096 1.4680904e-05 0)
(0.49258088 1.4178497e-05 0)
(0.49111544 1.3692629e-05 0)
(0.48965459 1.3216751e-05 0)
(0.48819778 1.275507e-05 0)
(0.48674363 1.2310303e-05 0)
(0.48529081 1.1881047e-05 0)
(0.48383844 1.1463068e-05 0)
(0.48238607 1.1052904e-05 0)
(0.4809333 1.0655019e-05 0)
(0.47947834 1.0274705e-05 0)
(0.47801941 9.9059652e-06 0)
(0.47655625 9.5413122e-06 0)
(0.47508885 9.1855327e-06 0)
(0.47361526 8.847617e-06 0)
(0.47213383 8.5208058e-06 0)
(0.47064375 8.1945723e-06 0)
(0.4691451 7.8743416e-06 0)
(0.46763587 7.5677935e-06 0)
(0.46611354 7.271315e-06 0)
(0.52938917 2.6303709e-05 0)
(0.52772881 2.5356164e-05 0)
(0.5260893 2.4455475e-05 0)
(0.52446866 2.359684e-05 0)
(0.52286501 2.2774279e-05 0)
(0.52127683 2.1979058e-05 0)
(0.51970382 2.121176e-05 0)
(0.51814453 2.0478067e-05 0)
(0.51659724 1.977276e-05 0)
(0.51506068 1.9092491e-05 0)
(0.51353392 1.8436401e-05 0)
(0.51201603 1.7800344e-05 0)
(0.5105063 1.7185132e-05 0)
(0.50900316 1.6597016e-05 0)
(0.50750487 1.6028093e-05 0)
(0.50601139 1.5470785e-05 0)
(0.50452217 1.4930299e-05 0)
(0.50303578 1.4409793e-05 0)
(0.50155083 1.3907346e-05 0)
(0.50006645 1.3417977e-05 0)
(0.49858218 1.293787e-05 0)
(0.49709758 1.2472271e-05 0)
(0.49561084 1.2027175e-05 0)
(0.49412014 1.1595513e-05 0)
(0.49262519 1.1168696e-05 0)
(0.49112602 1.0752407e-05 0)
(0.48962059 1.0356389e-05 0)
(0.48810721 9.9731404e-06 0)
(0.4865851 9.5912333e-06 0)
(0.48505431 9.2165985e-06 0)
(0.48351278 8.857948e-06 0)
(0.48195796 8.5110177e-06 0)
(0.54580585 3.0743298e-05 0)
(0.54410571 2.9634152e-05 0)
(0.54242719 2.8579454e-05 0)
(0.54076828 2.7574461e-05 0)
(0.53912704 2.6612311e-05 0)
(0.53750181 2.568217e-05 0)
(0.53589227 2.4784321e-05 0)
(0.53429701 2.392591e-05 0)
(0.53271426 2.3101286e-05 0)
(0.53114263 2.2306034e-05 0)
(0.52958117 2.1538721e-05 0)
(0.52802897 2.0794879e-05 0)
(0.52648529 2.0075789e-05 0)
(0.5249485 1.9388509e-05 0)
(0.5234168 1.8723504e-05 0)
(0.52189014 1.8071983e-05 0)
(0.52036799 1.7440326e-05 0)
(0.51884888 1.6832247e-05 0)
(0.51733135 1.6245196e-05 0)
(0.51581451 1.5673291e-05 0)
(0.51429791 1.5112328e-05 0)
(0.51278109 1.4568474e-05 0)
(0.51126218 1.4048521e-05 0)
(0.50973934 1.3544146e-05 0)
(0.50821227 1.3045504e-05 0)
(0.50668099 1.2559318e-05 0)
(0.50514342 1.2096231e-05 0)
(0.50359779 1.1647828e-05 0)
(0.50204337 1.1201615e-05 0)
(0.50048019 1.076417e-05 0)
(0.49890613 1.0345365e-05 0)
(0.49731858 9.9401548e-06 0)
)
;

boundaryField
{
    bottom
    {
        type            fixedValue;
        value           uniform (0 0 0);
    }
    back
    {
        type            empty;
    }
    front
    {
        type            empty;
    }
    inlet
    {
        type            fixedValue;
        value           nonuniform List<vector> 0();
    }
    outlet
    {
        type            zeroGradient;
    }
    top
    {
        type            zeroGradient;
    }
    slipsurface
    {
        type            slip;
    }
    procBoundary8to0
    {
        type            processor;
        value           nonuniform List<vector> 
23
(
(0.0081320702 9.8297899e-10 0)
(0.02451733 2.05878e-08 0)
(0.041267765 5.9769234e-08 0)
(0.05863211 1.2310744e-07 0)
(0.076865099 2.1348952e-07 0)
(0.096224624 3.3606407e-07 0)
(0.11695955 4.9800269e-07 0)
(0.13927929 7.0848548e-07 0)
(0.16329466 9.7865255e-07 0)
(0.18893146 1.3210831e-06 0)
(0.21585507 1.7485914e-06 0)
(0.24348366 2.2729505e-06 0)
(0.27113148 2.9047904e-06 0)
(0.29820272 3.6548545e-06 0)
(0.32430766 4.5341035e-06 0)
(0.34934536 5.5613173e-06 0)
(0.37332146 6.7586634e-06 0)
(0.39619412 8.1495979e-06 0)
(0.41795094 9.761163e-06 0)
(0.43862441 1.1625509e-05 0)
(0.45828652 1.377935e-05 0)
(0.47705516 1.6265721e-05 0)
(0.47705516 1.6265721e-05 0)
)
;
    }
    procBoundary8to1
    {
        type            processor;
        value           nonuniform List<vector> 4((0.49669218 1.985771e-05 0) (0.51414964 2.3306315e-05 0) (0.53107197 2.7291827e-05 0) (0.54752918 3.1899627e-05 0));
    }
    procBoundary8to9
    {
        type            processor;
        value           nonuniform List<vector> 
32
(
(0.56181939 3.5877394e-05 0)
(0.56007811 3.4580622e-05 0)
(0.55835926 3.3347021e-05 0)
(0.55666085 3.2172022e-05 0)
(0.55498083 3.1047844e-05 0)
(0.55331743 2.9961231e-05 0)
(0.5516703 2.8911972e-05 0)
(0.55003805 2.7908857e-05 0)
(0.54841887 2.694589e-05 0)
(0.54681126 2.6017439e-05 0)
(0.54521423 2.5121272e-05 0)
(0.54362686 2.4252529e-05 0)
(0.54204844 2.3413114e-05 0)
(0.54047723 2.2611038e-05 0)
(0.53891138 2.1834833e-05 0)
(0.53735084 2.1074258e-05 0)
(0.53579509 2.0337073e-05 0)
(0.53424262 1.9627686e-05 0)
(0.53269189 1.8942793e-05 0)
(0.53114199 1.8275427e-05 0)
(0.52959249 1.7620957e-05 0)
(0.52804291 1.6986633e-05 0)
(0.52649132 1.6380155e-05 0)
(0.52493582 1.5791728e-05 0)
(0.52337616 1.5210067e-05 0)
(0.52181231 1.4643109e-05 0)
(0.52024216 1.4102556e-05 0)
(0.51866387 1.3578898e-05 0)
(0.51707673 1.3058404e-05 0)
(0.51548077 1.2548417e-05 0)
(0.5138738 1.2060141e-05 0)
(0.51225319 1.1587649e-05 0)
)
;
    }
    procBoundary8to10
    {
        type            processor;
        value           nonuniform List<vector> 
25
(
(0.0070409047 3.2468552e-10 0)
(0.021227603 6.3469301e-09 0)
(0.021227603 6.3469301e-09 0)
(0.035551298 1.7770942e-08 0)
(0.05051065 3.6603858e-08 0)
(0.066219743 6.348002e-08 0)
(0.082904553 9.9935768e-08 0)
(0.10079021 1.4812024e-07 0)
(0.12008312 2.1081108e-07 0)
(0.14093269 2.9144867e-07 0)
(0.16336669 3.9407133e-07 0)
(0.18721399 5.2304248e-07 7.0160898e-33)
(0.21206588 6.8261142e-07 -7.223633e-33)
(0.237339 8.7662063e-07 0)
(0.26243209 1.1086814e-06 0)
(0.28687599 1.3825757e-06 0)
(0.31041786 1.7033402e-06 0)
(0.33301051 2.0776271e-06 0)
(0.354638 2.5134706e-06 0)
(0.37525659 3.0185022e-06 0)
(0.39486313 3.6022947e-06 0)
(0.41349563 4.2759447e-06 0)
(0.43123316 5.0515865e-06 0)
(0.44821713 5.9458619e-06 0)
(0.46457718 6.977753e-06 0)
)
;
    }
    procBoundary8to11
    {
        type            processor;
        value           nonuniform List<vector> 2((0.4803889 8.1674916e-06 0) (0.49571661 9.5389981e-06 0));
    }
}


// ************************************************************************* //
