/*--------------------------------*- C++ -*----------------------------------*\
  =========                 |
  \\      /  F ield         | OpenFOAM: The Open Source CFD Toolbox
   \\    /   O peration     | Website:  https://openfoam.org
    \\  /    A nd           | Version:  12
     \\/     M anipulation  |
\*---------------------------------------------------------------------------*/
FoamFile
{
    format      ascii;
    class       surfaceScalarField;
    location    "1600";
    object      phi;
}
// * * * * * * * * * * * * * * * * * * * * * * * * * * * * * * * * * * * * * //

dimensions      [0 3 -1 0 0 0 0];

internalField   nonuniform List<scalar> 
1555
(
0.011311265
8.0191707e-06
0.011311663
8.18781e-06
0.011312061
8.355991e-06
0.011312457
8.5239756e-06
0.011312851
8.6920421e-06
0.011313243
8.860482e-06
0.011313632
9.029598e-06
0.011314019
9.1997015e-06
0.011314402
9.3711113e-06
0.011314781
9.5441529e-06
0.011315158
9.7191571e-06
0.01131553
9.896461e-06
0.0113159
1.0076406e-05
0.011316265
1.0259339e-05
0.011316627
1.0445615e-05
0.011316986
1.0635593e-05
0.011317341
1.082964e-05
0.011317693
1.1028133e-05
0.011318041
1.1231456e-05
0.011318387
1.1440005e-05
0.01131873
1.1654188e-05
0.01131907
1.1874425e-05
0.011319408
1.2101152e-05
0.011319743
1.2334822e-05
0.011320076
1.2575907e-05
0.011320408
1.2824899e-05
0.011320737
1.3082312e-05
0.011321065
1.3348687e-05
0.011321392
1.3624591e-05
0.011321717
1.3910624e-05
0.011322042
1.4207418e-05
0.011322365
1.4515641e-05
0.011322689
1.4836005e-05
0.011323012
1.5169264e-05
0.011323335
1.5516221e-05
0.011323658
1.5877732e-05
0.011323982
1.6254715e-05
0.011324306
1.6648148e-05
0.011324632
1.7059084e-05
1.7488651e-05
0.012779237
7.6173949e-06
0.012779641
7.7834656e-06
0.012780047
7.9498867e-06
0.012780454
8.1168334e-06
0.012780862
8.2845004e-06
0.012781269
8.4530998e-06
0.012781676
8.6228588e-06
0.012782082
8.7940188e-06
0.012782486
8.9668338e-06
0.012782888
9.1415691e-06
0.012783289
9.3185011e-06
0.012783688
9.4979167e-06
0.012784084
9.680112e-06
0.012784478
9.8653945e-06
0.012784869
1.005408e-05
0.012785258
1.0246497e-05
0.012785645
1.0442982e-05
0.012786029
1.0643885e-05
0.012786411
1.0849568e-05
0.012786791
1.1060404e-05
0.012787168
1.1276784e-05
0.012787544
1.1499111e-05
0.012787917
1.1727806e-05
0.012788288
1.1963308e-05
0.012788658
1.2206077e-05
0.012789027
1.2456594e-05
0.012789394
1.2715363e-05
0.012789759
1.2982915e-05
0.012790124
1.325981e-05
0.012790488
1.3546638e-05
0.012790851
1.3844024e-05
0.012791214
1.4152628e-05
0.012791577
1.4473155e-05
0.01279194
1.4806349e-05
0.012792303
1.5153008e-05
0.012792667
1.551398e-05
0.012793032
1.5890172e-05
0.012793397
1.6282556e-05
0.012793764
1.6692175e-05
1.7120145e-05
0.014437756
7.2151427e-06
0.014438163
7.3765046e-06
0.014438574
7.5389778e-06
0.014438988
7.702681e-06
0.014439404
7.8677513e-06
0.014439823
8.0343428e-06
0.014440243
8.2026257e-06
0.014440665
8.3727853e-06
0.014441086
8.5450218e-06
0.014441508
8.7195489e-06
0.01444193
8.8965939e-06
0.014442352
9.0763974e-06
0.014442773
9.2592122e-06
0.014443193
9.4453047e-06
0.014443612
9.6349533e-06
0.01444403
9.8284506e-06
0.014444447
1.0026101e-05
0.014444863
1.0228225e-05
0.014445277
1.0435156e-05
0.01444569
1.0647242e-05
0.014446102
1.0864849e-05
0.014446513
1.1088361e-05
0.014446922
1.1318176e-05
0.014447331
1.1554718e-05
0.014447739
1.1798426e-05
0.014448146
1.2049768e-05
0.014448552
1.2309232e-05
0.014448957
1.2577336e-05
0.014449362
1.2854625e-05
0.014449767
1.3141678e-05
0.014450172
1.3439107e-05
0.014450577
1.3747561e-05
0.014450983
1.4067732e-05
0.014451389
1.4400355e-05
0.014451796
1.4746215e-05
0.014452203
1.5106148e-05
0.014452613
1.5481049e-05
0.014453023
1.587188e-05
0.014453436
1.6279669e-05
1.6705521e-05
0.016311542
6.8148827e-06
0.016311949
6.9697878e-06
0.016312362
7.1264581e-06
0.016312779
7.2849824e-06
0.016313202
7.4454644e-06
0.016313628
7.6080226e-06
0.016314058
7.77279e-06
0.016314491
7.9399136e-06
0.016314926
8.1095549e-06
0.016315364
8.2818888e-06
0.016315803
8.4571042e-06
0.016316244
8.6354041e-06
0.016316687
8.8170043e-06
0.01631713
9.002136e-06
0.016317574
9.1910431e-06
0.016318018
9.3839854e-06
0.016318463
9.5812362e-06
0.016318908
9.7830852e-06
0.016319353
9.9898376e-06
0.016319799
1.0201816e-05
0.016320244
1.0419359e-05
0.01632069
1.0642825e-05
0.016321135
1.0872593e-05
0.016321581
1.1109062e-05
0.016322027
1.1352652e-05
0.016322473
1.160381e-05
0.016322919
1.1863007e-05
0.016323366
1.2130741e-05
0.016323813
1.2407541e-05
0.01632426
1.2693969e-05
0.016324709
1.2990622e-05
0.016325158
1.3298132e-05
0.016325609
1.3617175e-05
0.016326061
1.3948472e-05
0.016326514
1.4292791e-05
0.016326969
1.4650954e-05
0.016327427
1.5023841e-05
0.016327886
1.5412395e-05
0.016328348
1.581763e-05
1.6240633e-05
0.01842851
6.4182081e-06
0.018428914
6.5653367e-06
0.018429326
6.7147443e-06
0.018429744
6.8665091e-06
0.018430169
7.0207209e-06
0.0184306
7.1774813e-06
0.018431036
7.3369036e-06
0.018431476
7.4991136e-06
0.018431922
7.664249e-06
0.018432371
7.8324604e-06
0.018432824
8.0039109e-06
0.018433281
8.178777e-06
0.018433741
8.357248e-06
0.018434203
8.5395277e-06
0.018434668
8.7258333e-06
0.018435136
8.9163973e-06
0.018435606
9.1114667e-06
0.018436078
9.3113049e-06
0.018436551
9.5161914e-06
0.018437027
9.7264231e-06
0.018437504
9.9423153e-06
0.018437982
1.0164202e-05
0.018438462
1.0392439e-05
0.018438944
1.0627401e-05
0.018439427
1.0869489e-05
0.018439912
1.1119126e-05
0.018440398
1.1376763e-05
0.018440886
1.1642877e-05
0.018441376
1.1917979e-05
0.018441867
1.220261e-05
0.01844236
1.2497346e-05
0.018442856
1.2802802e-05
0.018443353
1.3119635e-05
0.018443853
1.3448546e-05
0.018444356
1.3790285e-05
0.018444861
1.4145655e-05
0.018445369
1.4515514e-05
0.018445881
1.4900788e-05
0.018446396
1.5302468e-05
1.5721621e-05
0.020820193
6.0256891e-06
0.020820594
6.1641383e-06
0.020821004
6.3052303e-06
0.020821421
6.4490451e-06
0.020821846
6.595671e-06
0.020822278
6.7452058e-06
0.020822718
6.8977566e-06
0.020823163
7.0534404e-06
0.020823615
7.2123847e-06
0.020824073
7.3747275e-06
0.020824536
7.5406182e-06
0.020825005
7.710218e-06
0.020825478
7.8836998e-06
0.020825956
8.0612499e-06
0.020826439
8.2430674e-06
0.020826926
8.4293656e-06
0.020827417
8.620372e-06
0.020827912
8.8163301e-06
0.020828411
9.0174989e-06
0.020828913
9.2241547e-06
0.020829419
9.4365922e-06
0.020829928
9.6551247e-06
0.02083044
9.8800862e-06
0.020830956
1.0111832e-05
0.020831475
1.035074e-05
0.020831997
1.0597214e-05
0.020832522
1.0851684e-05
0.02083305
1.1114606e-05
0.020833582
1.1386469e-05
0.020834116
1.1667793e-05
0.020834655
1.1959135e-05
0.020835196
1.2261088e-05
0.020835742
1.2574287e-05
0.020836291
1.2899412e-05
0.020836844
1.323719e-05
0.020837401
1.3588401e-05
0.020837963
1.3953884e-05
0.020838529
1.4334538e-05
0.0208391
1.473133e-05
1.5145304e-05
0.023522187
5.6372535e-06
0.023522585
5.7664754e-06
0.023522992
5.898562e-06
0.023523407
6.0336003e-06
0.023523831
6.1716839e-06
0.023524263
6.3129141e-06
0.023524704
6.4573994e-06
0.023525152
6.6052568e-06
0.023525608
6.7566119e-06
0.023526071
6.9115993e-06
0.023526541
7.0703636e-06
0.023527018
7.2330594e-06
0.023527502
7.3998519e-06
0.023527992
7.5709187e-06
0.023528489
7.7464484e-06
0.023528992
7.9266433e-06
0.0235295
8.1117186e-06
0.023530015
8.3019048e-06
0.023530535
8.4974468e-06
0.02353106
8.6986064e-06
0.023531591
8.9056625e-06
0.023532128
9.1189126e-06
0.023532669
9.3386737e-06
0.023533216
9.5652838e-06
0.023533767
9.7991037e-06
0.023534324
1.0040518e-05
0.023534886
1.0289937e-05
0.023535452
1.05478e-05
0.023536024
1.0814574e-05
0.023536601
1.1090759e-05
0.023537184
1.1376891e-05
0.023537771
1.1673542e-05
0.023538364
1.1981324e-05
0.023538963
1.2300895e-05
0.023539567
1.2632959e-05
0.023540177
1.2978271e-05
0.023540793
1.3337644e-05
0.023541416
1.3711953e-05
0.023542045
1.4102137e-05
1.450921e-05
0.026574738
5.2519841e-06
0.026575133
5.3717252e-06
0.026575537
5.4944289e-06
0.02657595
5.6201902e-06
0.026576373
5.74911e-06
0.026576805
5.8812954e-06
0.026577245
6.01686e-06
0.026577695
6.1559243e-06
0.026578153
6.2986168e-06
0.026578619
6.4450734e-06
0.026579094
6.5954389e-06
0.026579577
6.7498673e-06
0.026580069
6.9085218e-06
0.026580568
7.0715768e-06
0.026581075
7.239217e-06
0.02658159
7.4116394e-06
0.026582113
7.589053e-06
0.026582643
7.771681e-06
0.026583181
7.9597602e-06
0.026583726
8.153543e-06
0.026584278
8.3532984e-06
0.026584838
8.5593125e-06
0.026585404
8.7718905e-06
0.026585978
8.9913575e-06
0.026586559
9.2180603e-06
0.026587148
9.4523691e-06
0.026587743
9.6946786e-06
0.026588345
9.9454108e-06
0.026588955
1.0205016e-05
0.026589572
1.0473977e-05
0.026590196
1.0752808e-05
0.026590827
1.1042063e-05
0.026591466
1.1342331e-05
0.026592113
1.1654249e-05
0.026592767
1.1978497e-05
0.02659343
1.2315806e-05
0.0265941
1.2666962e-05
0.02659478
1.3032811e-05
0.026595467
1.3414266e-05
1.381231e-05
0.030023226
4.8687895e-06
0.030023619
4.9789894e-06
0.030024021
5.0921481e-06
0.030024433
5.208367e-06
0.030024854
5.3277531e-06
0.030025285
5.4504188e-06
0.030025726
5.5764824e-06
0.030026176
5.7060689e-06
0.030026635
5.8393102e-06
0.030027104
5.9763451e-06
0.030027582
6.1173206e-06
0.030028069
6.2623921e-06
0.030028566
6.4117236e-06
0.030029072
6.5654891e-06
0.030029587
6.7238725e-06
0.030030112
6.887069e-06
0.030030646
7.055285e-06
0.030031189
7.2287401e-06
0.030031741
7.4076668e-06
0.030032302
7.5923122e-06
0.030032872
7.7829389e-06
0.030033452
7.9798261e-06
0.030034041
8.1832707e-06
0.030034638
8.3935886e-06
0.030035245
8.6111167e-06
0.030035861
8.8362138e-06
0.030036487
9.0692625e-06
0.030037122
9.3106715e-06
0.030037766
9.5608766e-06
0.030038419
9.8203443e-06
0.030039083
1.0089574e-05
0.030039756
1.0369098e-05
0.030040438
1.065949e-05
0.030041131
1.0961362e-05
0.030041834
1.1275373e-05
0.030042548
1.1602231e-05
0.030043272
1.1942696e-05
0.030044007
1.2297586e-05
0.030044754
1.2667785e-05
1.3054242e-05
0.033919062
4.4860431e-06
0.033919454
4.5867941e-06
0.033919856
4.6904207e-06
0.033920267
4.7970279e-06
0.033920688
4.9067258e-06
0.033921119
5.0196299e-06
0.03392156
5.1358615e-06
0.03392201
5.2555478e-06
0.033922471
5.378823e-06
0.033922941
5.5058279e-06
0.033923422
5.6367107e-06
0.033923913
5.7716279e-06
0.033924414
5.9107441e-06
0.033924925
6.0542334e-06
0.033925447
6.2022791e-06
0.033925979
6.3550755e-06
0.033926521
6.5128274e-06
0.033927074
6.6757518e-06
0.033927638
6.8440786e-06
0.033928212
7.018051e-06
0.033928797
7.1979273e-06
0.033929393
7.3839813e-06
0.03393
7.5765038e-06
0.033930617
7.7758039e-06
0.033931246
7.9822102e-06
0.033931886
8.1960727e-06
0.033932538
8.417764e-06
0.033933201
8.6476815e-06
0.033933875
8.8862488e-06
0.033934562
9.1339187e-06
0.03393526
9.3911753e-06
0.033935971
9.6585356e-06
0.033936694
9.9365542e-06
0.033937429
1.0225825e-05
0.033938178
1.0526985e-05
0.033938939
1.0840718e-05
0.033939714
1.1167759e-05
0.033940503
1.1508902e-05
0.033941306
1.1864997e-05
1.2236964e-05
0.038320063
4.1022214e-06
0.038320456
4.19365e-06
0.038320858
4.2878112e-06
0.03832127
4.3848103e-06
0.038321692
4.4847575e-06
0.038322124
4.5877681e-06
0.038322566
4.6939634e-06
0.038323018
4.8034703e-06
0.038323481
4.9164225e-06
0.038323954
5.03296e-06
0.038324437
5.1532305e-06
0.038324931
5.2773892e-06
0.038325436
5.4055993e-06
0.038325953
5.5380331e-06
0.03832648
5.6748721e-06
0.038327019
5.8163079e-06
0.038327569
5.9625426e-06
0.038328131
6.11379e-06
0.038328705
6.2702759e-06
0.038329291
6.4322394e-06
0.038329889
6.5999337e-06
0.038330499
6.7736269e-06
0.038331122
6.9536038e-06
0.038331758
7.140166e-06
0.038332406
7.3336346e-06
0.038333068
7.5343507e-06
0.038333743
7.742677e-06
0.038334432
7.9590002e-06
0.038335134
8.1837319e-06
0.038335851
8.4173117e-06
0.038336582
8.6602092e-06
0.038337327
8.9129257e-06
0.038338088
9.175998e-06
0.038338864
9.4500008e-06
0.038339655
9.7355504e-06
0.038340463
1.0033308e-05
0.038341286
1.0343984e-05
0.038342127
1.0668343e-05
0.038342985
1.1007207e-05
1.1361463e-05
0.043292032
3.7159636e-06
0.043292428
3.7982585e-06
0.043292832
3.8830996e-06
0.043293247
3.9705891e-06
0.04329367
4.060834e-06
0.043294104
4.1539468e-06
0.043294548
4.2500453e-06
0.043295002
4.3492532e-06
0.043295467
4.4517006e-06
0.043295943
4.5575238e-06
0.043296429
4.6668666e-06
0.043296926
4.77988e-06
0.043297435
4.896723e-06
0.043297956
5.0175635e-06
0.043298488
5.1425777e-06
0.043299032
5.2719523e-06
0.043299589
5.4058836e-06
0.043300158
5.5445797e-06
0.04330074
5.6882599e-06
0.043301335
5.8371564e-06
0.043301944
5.9915151e-06
0.043302566
6.1515962e-06
0.043303202
6.3176758e-06
0.043303852
6.4900464e-06
0.043304517
6.6690191e-06
0.043305196
6.854924e-06
0.043305891
7.0481124e-06
0.043306601
7.248958e-06
0.043307326
7.4578589e-06
0.043308069
7.6752396e-06
0.043308827
7.9015536e-06
0.043309603
8.1372844e-06
0.043310396
8.3829499e-06
0.043311207
8.6391039e-06
0.043312036
8.90634e-06
0.043312884
9.1852948e-06
0.043313751
9.4766518e-06
0.043314639
9.781146e-06
0.043315546
1.0099568e-05
1.043277e-05
0.048908087
3.2540839e-06
0.048908478
3.3250946e-06
0.048908878
3.3983404e-06
0.048909287
3.4739138e-06
0.048909706
3.5519111e-06
0.048910135
3.632434e-06
0.048910573
3.7155887e-06
0.048911021
3.8014871e-06
0.04891148
3.8902465e-06
0.04891195
3.9819903e-06
0.048912431
4.0768483e-06
0.048912923
4.1749571e-06
0.048913426
4.2764604e-06
0.048913941
4.3815096e-06
0.048914469
4.4902644e-06
0.048915008
4.602893e-06
0.048915561
4.7195734e-06
0.048916126
4.8404928e-06
0.048916705
4.9658496e-06
0.048917297
5.0958534e-06
0.048917904
5.2307258e-06
0.048918525
5.3707016e-06
0.04891916
5.5160293e-06
0.048919811
5.6669728e-06
0.048920477
5.8238116e-06
0.048921159
5.9868427e-06
0.048921858
6.1563819e-06
0.048922573
6.3327645e-06
0.048923306
6.5163479e-06
0.048924056
6.7075125e-06
0.048924825
6.9066638e-06
0.048925612
7.1142351e-06
0.048926419
7.3306883e-06
0.048927245
7.556518e-06
0.048928092
7.7922532e-06
0.04892896
8.0384608e-06
0.048929849
8.2957484e-06
0.048930761
8.5647685e-06
0.048931696
8.8462227e-06
0.048932655
9.1408655e-06
9.4495096e-06
0.055253569
2.867728e-06
0.055253965
2.9300619e-06
0.055254368
2.9943966e-06
0.055254782
3.0608169e-06
0.055255204
3.1294116e-06
0.055255636
3.2002743e-06
0.055256078
3.2735031e-06
0.055256531
3.3492011e-06
0.055256993
3.4274769e-06
0.055257467
3.5084447e-06
0.055257952
3.5922246e-06
0.055258448
3.6789431e-06
0.055258955
3.7687337e-06
0.055259475
3.8617369e-06
0.055260007
3.9581013e-06
0.055260552
4.0579832e-06
0.05526111
4.1615482e-06
0.055261682
4.2689709e-06
0.055262267
4.3804363e-06
0.055262867
4.4961399e-06
0.055263481
4.6162886e-06
0.055264111
4.741102e-06
0.055264756
4.8708124e-06
0.055265417
5.0056667e-06
0.055266095
5.1459265e-06
0.05526679
5.2918701e-06
0.055267503
5.4437934e-06
0.055268234
5.6020109e-06
0.055268983
5.7668578e-06
0.055269752
5.9386911e-06
0.055270541
6.1178917e-06
0.05527135
6.3048663e-06
0.055272181
6.5000492e-06
0.055273033
6.7039053e-06
0.055273909
6.9169321e-06
0.055274807
7.1396628e-06
0.05527573
7.3726694e-06
0.055276679
7.6165661e-06
0.055277653
7.8720136e-06
0.055278654
8.1397226e-06
8.4204589e-06
0.062421028
2.4717199e-06
0.062421433
2.5252575e-06
0.062421846
2.5805441e-06
0.06242227
2.6376555e-06
0.062422702
2.6966711e-06
0.062423145
2.7576746e-06
0.062423598
2.820754e-06
0.062424061
2.8860018e-06
0.062424535
2.9535153e-06
0.06242502
3.0233972e-06
0.062425516
3.0957554e-06
0.062426025
3.1707038e-06
0.062426545
3.2483627e-06
0.062427078
3.3288586e-06
0.062427624
3.4123256e-06
0.062428183
3.4989048e-06
0.062428755
3.5887461e-06
0.062429342
3.6820074e-06
0.062429944
3.7788562e-06
0.062430561
3.8794697e-06
0.062431193
3.9840357e-06
0.062431841
4.0927534e-06
0.062432506
4.2058341e-06
0.062433188
4.3235024e-06
0.062433888
4.4459967e-06
0.062434607
4.5735704e-06
0.062435344
4.7064936e-06
0.062436101
4.8450535e-06
0.062436878
4.9895562e-06
0.062437677
5.1403283e-06
0.062438497
5.2977182e-06
0.06243934
5.4620985e-06
0.062440206
5.6338669e-06
0.062441096
5.8134504e-06
0.062442012
6.0013071e-06
0.062442954
6.1979287e-06
0.062443922
6.4038428e-06
0.062444919
6.6196165e-06
0.062445945
6.8458603e-06
0.062447002
7.0832319e-06
7.3324409e-06
0.07052001
2.0718658e-06
0.070520418
2.1166513e-06
0.070520836
2.1629226e-06
0.070521263
2.2107451e-06
0.070521699
2.2601877e-06
0.070522146
2.3113226e-06
0.070522602
2.364226e-06
0.070523069
2.418978e-06
0.070523547
2.4756632e-06
0.070524036
2.5343704e-06
0.070524537
2.5951935e-06
0.070525049
2.6582313e-06
0.070525574
2.7235881e-06
0.070526111
2.7913741e-06
0.070526662
2.8617053e-06
0.070527226
2.9347037e-06
0.070527805
3.0104986e-06
0.070528397
3.0892277e-06
0.070529005
3.1710373e-06
0.070529629
3.2560824e-06
0.070530268
3.344528e-06
0.070530924
3.4365491e-06
0.070531598
3.5323317e-06
0.070532289
3.6320737e-06
0.070532999
3.7359858e-06
0.070533728
3.8442919e-06
0.070534478
3.957231e-06
0.070535248
4.0750573e-06
0.070536039
4.198042e-06
0.070536853
4.3264743e-06
0.07053769
4.460663e-06
0.070538551
4.6009376e-06
0.070539438
4.7476474e-06
0.07054035
4.9011621e-06
0.070541289
5.0618817e-06
0.070542257
5.2302415e-06
0.070543254
5.4067089e-06
0.070544282
5.5917885e-06
0.070545342
5.7860247e-06
0.070546435
5.9900054e-06
6.2043664e-06
0.079666516
1.6475751e-06
0.07966695
1.6830243e-06
0.079667393
1.7196891e-06
0.079667846
1.7576233e-06
0.07966831
1.7968841e-06
0.079668783
1.8375315e-06
0.079669268
1.8796291e-06
0.079669764
1.9232442e-06
0.079670271
1.9684476e-06
0.07967079
2.0153146e-06
0.079671321
2.0639247e-06
0.079671865
2.1143624e-06
0.079672422
2.1667196e-06
0.079672992
2.2211025e-06
0.079673576
2.27769e-06
0.079674175
2.3363898e-06
0.079674788
2.3972006e-06
0.079675417
2.4603807e-06
0.079676062
2.5260361e-06
0.079676724
2.5943072e-06
0.079677403
2.6653353e-06
0.0796781
2.7392714e-06
0.079678816
2.8162748e-06
0.079679552
2.8965148e-06
0.079680307
2.980171e-06
0.079681084
3.0674347e-06
0.079681883
3.1585097e-06
0.079682704
3.2536131e-06
0.07968355
3.3529776e-06
0.079684419
3.4568551e-06
0.079685314
3.5655327e-06
0.079686236
3.6794131e-06
0.079687185
3.798872e-06
0.079688162
3.9234186e-06
0.079689171
4.0534154e-06
0.079690211
4.1897937e-06
0.079691285
4.3328581e-06
0.079692394
4.4830921e-06
0.079693539
4.640973e-06
0.079694722
4.8070221e-06
4.9817979e-06
0.090004558
1.2216371e-06
0.090004994
1.2475799e-06
0.090005439
1.2744467e-06
0.090005894
1.3022784e-06
0.09000636
1.3311183e-06
0.090006836
1.3610123e-06
0.090007324
1.3920091e-06
0.090007823
1.4241604e-06
0.090008334
1.4575208e-06
0.090008857
1.4921485e-06
0.090009393
1.5281051e-06
0.090009942
1.5654567e-06
0.090010504
1.6042759e-06
0.090011081
1.6446499e-06
0.090011672
1.6867462e-06
0.090012278
1.7304241e-06
0.090012899
1.7756432e-06
0.090013537
1.8226544e-06
0.090014191
1.8715349e-06
0.090014863
1.922398e-06
0.090015553
1.9753554e-06
0.090016262
2.0305272e-06
0.09001699
2.0880398e-06
0.090017739
2.1480277e-06
0.090018508
2.210634e-06
0.0900193
2.276011e-06
0.090020114
2.3443215e-06
0.090020952
2.4157394e-06
0.090021814
2.4904517e-06
0.090022703
2.5686628e-06
0.090023618
2.6506149e-06
0.09002456
2.7366922e-06
0.090025532
2.8273318e-06
0.090026533
2.9219414e-06
0.090027567
3.0200621e-06
0.090028634
3.1226367e-06
0.090029736
3.2303909e-06
0.090030876
3.3436343e-06
0.090032054
3.4627977e-06
0.090033273
3.5883108e-06
3.7206363e-06
0.10167843
7.4526484e-07
0.10167892
7.6067484e-07
0.10167941
7.7665527e-07
0.10167992
7.9323208e-07
0.10168044
8.1043278e-07
0.10168098
8.2828657e-07
0.10168152
8.4682443e-07
0.10168208
8.6607923e-07
0.10168265
8.8608584e-07
0.10168324
9.0688133e-07
0.10168384
9.2850498e-07
0.10168445
9.5099858e-07
0.10168508
9.7440652e-07
0.10168573
9.9877598e-07
0.10168639
1.0241572e-06
0.10168707
1.0506029e-06
0.10168777
1.0781691e-06
0.10168848
1.1069168e-06
0.10168922
1.1369111e-06
0.10168997
1.168222e-06
0.10169075
1.2009241e-06
0.10169154
1.2350978e-06
0.10169236
1.2708292e-06
0.1016932
1.3082108e-06
0.10169406
1.347342e-06
0.10169495
1.3883296e-06
0.10169586
1.4312885e-06
0.1016968
1.4763421e-06
0.10169777
1.5236235e-06
0.10169876
1.5732763e-06
0.10169979
1.6254587e-06
0.10170084
1.6803595e-06
0.10170193
1.7382797e-06
0.10170306
1.7994776e-06
0.10170421
1.8632925e-06
0.10170541
1.9299551e-06
0.10170664
2.0002854e-06
0.1017079
2.074439e-06
0.10170921
2.1527556e-06
0.10171057
2.2355595e-06
2.3232128e-06
0.11487627
0.11487676
0.11487726
0.11487777
0.1148783
0.11487883
0.11487938
0.11487995
0.11488052
0.11488111
0.11488172
0.11488234
0.11488297
0.11488363
0.1148843
0.11488498
0.11488569
0.11488641
0.11488716
0.11488792
0.1148887
0.11488951
0.11489034
0.11489119
0.11489207
0.11489298
0.11489391
0.11489487
0.11489586
0.11489687
0.11489792
0.11489901
0.11490012
0.11490128
0.11490247
0.1149037
0.11490496
0.11490627
0.11490762
0.11490902
)
;

boundaryField
{
    bottom
    {
        type            calculated;
        value           nonuniform List<scalar> 0();
    }
    back
    {
        type            empty;
    }
    front
    {
        type            empty;
    }
    inlet
    {
        type            calculated;
        value           nonuniform List<scalar> 0();
    }
    outlet
    {
        type            calculated;
        value           nonuniform List<scalar> 0();
    }
    top
    {
        type            calculated;
        value           nonuniform List<scalar> 
41
(
2.6562216e-07
2.7031852e-07
2.7522013e-07
2.8033778e-07
2.8568304e-07
2.9126832e-07
2.9710693e-07
3.0321317e-07
3.0960239e-07
3.1629111e-07
3.232971e-07
3.306395e-07
3.3833895e-07
3.464177e-07
3.5489983e-07
3.6381134e-07
3.731804e-07
3.8303749e-07
3.9341574e-07
4.0435108e-07
4.1588262e-07
4.2805292e-07
4.4090834e-07
4.5449947e-07
4.6888164e-07
4.8411535e-07
5.0026689e-07
5.174089e-07
5.3562118e-07
5.5499146e-07
5.7561642e-07
5.9760297e-07
6.2106873e-07
6.4614113e-07
6.7296132e-07
7.0169042e-07
7.3250949e-07
7.6562061e-07
8.0125001e-07
8.3965087e-07
8.8110761e-07
)
;
    }
    slipsurface
    {
        type            calculated;
        value           nonuniform List<scalar> 0();
    }
    procBoundary1to0
    {
        type            processor;
        value           nonuniform List<scalar> 
37
(
-8.4170991e-06
-8.5858786e-06
-8.7534248e-06
-8.9201139e-06
-9.0863293e-06
-9.2524583e-06
-9.4188897e-06
-9.586012e-06
-9.754213e-06
-9.9238787e-06
-1.0095394e-05
-1.0269141e-05
-1.0445504e-05
-1.0624865e-05
-1.0807608e-05
-1.099412e-05
-1.1184791e-05
-1.1380016e-05
-1.1580197e-05
-1.1785744e-05
-1.1997077e-05
-1.2214627e-05
-1.2438839e-05
-1.2670174e-05
-1.290911e-05
-1.3156146e-05
-1.34118e-05
-1.3676618e-05
-1.3951173e-05
-1.4236068e-05
-1.4531938e-05
-1.4839458e-05
-1.5159342e-05
-1.5492348e-05
-1.5839285e-05
-1.6201014e-05
-1.6578457e-05
)
;
    }
    procBoundary1to2
    {
        type            processor;
        value           nonuniform List<scalar> 
21
(
-0.011310867
-0.012778835
-0.014437353
-0.016311142
-0.018428113
-0.0208198
-0.023521799
-0.026574353
-0.030022843
-0.033918679
-0.038319679
-0.043291646
-3.6361171e-06
-0.048907705
-0.055253183
-0.062420632
-0.07051961
-0.079666092
-0.090004132
-0.10167795
-0.11487579
)
;
    }
    procBoundary1to13
    {
        type            processor;
        value           nonuniform List<scalar> 
14
(
0.023542681
0.026596164
0.030045512
0.033942123
0.03834386
0.043316475
0.048933638
0.055279683
0.06244809
0.070547563
0.079695944
0.090034534
0.10171197
0.11491046
)
;
    }
    procBoundary1to14
    {
        type            processor;
        value           nonuniform List<scalar> 9(-1.69726e-05 -1.7384501e-05 -1.7815297e-05 0.011324958 0.012794133 0.01445385 0.016328813 0.018446915 0.020839676);
    }
}


// ************************************************************************* //
