/*--------------------------------*- C++ -*----------------------------------*\
  =========                 |
  \\      /  F ield         | OpenFOAM: The Open Source CFD Toolbox
   \\    /   O peration     | Website:  https://openfoam.org
    \\  /    A nd           | Version:  12
     \\/     M anipulation  |
\*---------------------------------------------------------------------------*/
FoamFile
{
    format      ascii;
    class       volScalarField;
    location    "700";
    object      p;
}
// * * * * * * * * * * * * * * * * * * * * * * * * * * * * * * * * * * * * * //

dimensions      [0 2 -2 0 0 0 0];

internalField   nonuniform List<scalar> 
1745
(
0.00050428809
0.0004845731
0.00046485543
0.00044517603
0.00042555591
0.00040598789
0.00038646526
0.00036702444
0.00034765823
0.00032826962
0.00030882265
0.00028935113
0.00026984984
0.00025038629
0.00023103946
0.00021175561
0.00019252662
0.00017340447
0.00015445729
0.00013582378
0.00011769597
0.00010007684
8.379988e-05
6.7600476e-05
5.982529e-05
1.7237471e-05
0.0001588182
-0.00012789776
0.001251228
0.0012114388
0.0011735053
0.0011373483
0.0011028408
0.0010697994
0.0010380874
0.001007644
0.00097837213
0.00095016672
0.00092293746
0.00089659399
0.0008710485
0.0008462216
0.00082204131
0.00079844345
0.00077537229
0.00075277728
0.00073061061
0.00070882702
0.00068738474
0.00066624573
0.00064537492
0.00062474262
0.00060432775
0.00058410636
0.00056403674
0.0005441003
0.00052428551
0.00050454231
0.00048481179
0.0004650874
0.00044540588
0.00042578325
0.00040621132
0.00038668425
0.00036723863
0.0003478672
0.00032847276
0.00030901992
0.00028954501
0.00027003637
0.00025055863
0.0002311966
0.00021190749
0.00019267629
0.00017355205
0.00015460254
0.00013596704
0.00011783644
0.00010021304
8.3929422e-05
6.7726734e-05
5.9988853e-05
1.862099e-05
0.00015776854
-0.00012604251
0.0012523723
0.0012125449
0.0011745714
0.001138372
0.0011038208
0.0010707367
0.0010389835
0.0010084987
0.00097918635
0.00095094166
0.00092367412
0.00089729364
0.00087171261
0.00084685169
0.00082263891
0.0007990101
0.00077590944
0.00075328629
0.00073109284
0.00070928377
0.00068781729
0.00066665532
0.00064576274
0.00062510983
0.0006046753
0.00058443511
0.00056434787
0.00054439469
0.00052456378
0.00050480567
0.00048505968
0.00046532038
0.00044563097
0.00042600632
0.00040643224
0.00038690121
0.00036745077
0.00034807436
0.00032867473
0.00030921642
0.00028973662
0.0002702258
0.00025073946
0.00023136188
0.0002120587
0.00019282202
0.00017369504
0.00015474459
0.00013610887
0.00011797656
0.00010034943
8.4059558e-05
6.7854263e-05
6.0150305e-05
1.9999006e-05
0.00015658443
-0.0001241138
0.0012535461
0.0012136797
0.0011756655
0.0011394227
0.0011048267
0.001071699
0.0010399035
0.0010093764
0.00098002251
0.00095173753
0.00092443075
0.00089801232
0.00087239483
0.000847499
0.00082325288
0.0007995923
0.00077646135
0.00075380932
0.00073158837
0.00070975314
0.00068826181
0.00066707624
0.00064616131
0.00062548723
0.00060503249
0.000584773
0.00056466765
0.00054469724
0.0005248497
0.0005050759
0.00048531604
0.0004655629
0.00044585851
0.00042622468
0.00040664861
0.0003871156
0.000367661
0.00034827953
0.00032887492
0.00030941177
0.00028992713
0.00027041252
0.00025092177
0.00023153625
0.00021221955
0.00019297018
0.00017383613
0.00015488328
0.00013624791
0.00011811468
0.00010048448
8.4188908e-05
6.7981889e-05
6.0308224e-05
2.1364131e-05
0.00015525983
-0.00012211301
0.0012547501
0.0012148439
0.001176788
0.0011405009
0.0011058592
0.0010726869
0.0010408481
0.0010102775
0.00098088115
0.00095255488
0.00092520787
0.00089875052
0.00087309564
0.00084816398
0.00082388366
0.00080019046
0.00077702841
0.00075434674
0.00073209755
0.00071023546
0.0006887186
0.0006675088
0.00064657091
0.00062587507
0.00060539959
0.00058512027
0.00056499631
0.0005450082
0.00052514355
0.0005053537
0.00048557915
0.00046581309
0.00044609574
0.00042644683
0.00040686049
0.00038732521
0.00036786859
0.0003484829
0.00032907321
0.00030960538
0.00029011645
0.0002705978
0.00025110291
0.00023171191
0.00021238883
0.00019312893
0.00017398251
0.00015502164
0.00013638336
0.00011824871
0.00010061632
8.4316015e-05
6.8108509e-05
6.0461328e-05
2.2709352e-05
0.00015378859
-0.00012004203
0.0012559849
0.0012160381
0.0011779397
0.0011416073
0.0011069189
0.0010737009
0.0010418178
0.0010112028
0.00098176286
0.00095339426
0.00092600601
0.00089950875
0.0008738155
0.0008488471
0.00082453167
0.000800805
0.00077761104
0.00075489893
0.00073262074
0.00071073107
0.000689188
0.00066795332
0.00064699184
0.00062627366
0.00060577686
0.00058547717
0.00056533409
0.0005453278
0.00052544558
0.00050563921
0.00048584976
0.00046606986
0.00044633987
0.00042667866
0.00040707731
0.00038753073
0.00036807119
0.00034868345
0.00032926974
0.00030979723
0.00029030414
0.00027078171
0.00025128297
0.00023188725
0.0002125586
0.00019329403
0.0001741396
0.0001551669
0.00013651783
0.00011837774
0.00010074334
8.4439404e-05
6.8233134e-05
6.0608505e-05
2.4028944e-05
0.00015216569
-0.00011790318
0.0012572512
0.0012172631
0.0011791212
0.0011427426
0.0011080066
0.0010747418
0.0010428132
0.0010121528
0.0009826682
0.00095425621
0.00092682569
0.00090028751
0.00087455493
0.00084954882
0.00082519737
0.00080143635
0.00077820963
0.00075546629
0.00073315833
0.00071124034
0.00068967035
0.00066841012
0.00064742442
0.00062668328
0.00060616459
0.00058584398
0.00056568125
0.00054565628
0.00052575602
0.00050593268
0.00048612788
0.00046633405
0.00044659043
0.00042691675
0.00040730365
0.00038774213
0.00036827033
0.00034887882
0.00032946317
0.00030998737
0.00029049028
0.00027096406
0.00025146164
0.00023206176
0.00021272812
0.00019345823
0.00017430086
0.00015532146
0.00013665923
0.00011850499
0.00010086623
8.4558383e-05
6.8354839e-05
6.0748692e-05
2.531973e-05
0.00015038645
-0.00011569899
0.0012585498
0.0012185195
0.0011803333
0.0011439076
0.0011091228
0.0010758102
0.0010438351
0.0010131281
0.00098359778
0.00095514133
0.00092766748
0.00090108735
0.00087531442
0.00085026965
0.00082588124
0.00080208497
0.00077882463
0.00075604922
0.0007337107
0.00071176362
0.000690166
0.00066887952
0.00064786895
0.00062710423
0.00060656305
0.00058622096
0.00056603804
0.00054599387
0.00052607509
0.00050623433
0.00048641376
0.00046660557
0.00044684825
0.00042716115
0.00040753585
0.00038796276
0.00036847605
0.00034907152
0.00032965124
0.00031017412
0.00029067478
0.00027114508
0.00025163884
0.00023223498
0.0002128969
0.00019362194
0.00017446012
0.00015547826
0.00013680793
0.00011864026
0.00010099035
8.4675114e-05
6.8473484e-05
6.0880796e-05
2.6582642e-05
0.00014844314
-0.00011343104
0.0012598815
0.0012198082
0.0011815767
0.0011451028
0.0011102683
0.0010769067
0.001044884
0.0010141293
0.0009845522
0.00095605018
0.00092853194
0.0009019088
0.0008760945
0.00085101006
0.00082658374
0.00080275131
0.00077945646
0.00075664813
0.00073427824
0.00071230131
0.00069067531
0.00066936188
0.00064832576
0.00062753682
0.00060697254
0.00058660838
0.00056640473
0.00054634083
0.00052640302
0.00050654437
0.00048670759
0.00046688464
0.00044711324
0.00042741252
0.00040777431
0.0003881891
0.00036869039
0.00034927135
0.00032983794
0.00031035565
0.00029085555
0.00027132444
0.00025181486
0.00023240683
0.00021306442
0.0001937849
0.00017461851
0.00015563312
0.00013695773
0.00011878367
0.0001011238
8.4795918e-05
6.8591792e-05
6.1004528e-05
2.7824156e-05
0.00014632369
-0.00011109729
0.0012612469
0.0012211297
0.0011828521
0.0011463291
0.0011114437
0.0010780321
0.0010459606
0.0010151572
0.00098553207
0.00095698337
0.00092941964
0.00090275242
0.0008768957
0.00085177058
0.00082730537
0.00080343582
0.00078010556
0.00075726345
0.00073486136
0.00071285378
0.00069119865
0.00066985754
0.00064879518
0.00062798136
0.00060739336
0.00058700653
0.00056678156
0.00054669741
0.00052674006
0.00050686304
0.0004870096
0.00046717147
0.00044738559
0.00042767089
0.00040801938
0.00038842169
0.00036891047
0.00034947886
0.00033003262
0.00031053778
0.0002910311
0.00027149959
0.00025198906
0.00023257762
0.00021323069
0.00019394663
0.00017477601
0.00015578686
0.00013710718
0.00011892797
0.00010126357
8.4926158e-05
6.8716303e-05
6.1122463e-05
2.9056089e-05
0.00014401513
-0.00010868928
0.0012626466
0.0012224848
0.0011841601
0.001147587
0.0011126497
0.0010791869
0.0010470655
0.0010162122
0.00098653803
0.00095794151
0.00093033116
0.00090361876
0.00087771855
0.00085255173
0.00082804662
0.000804139
0.0007807724
0.00075789561
0.00073546046
0.00071342143
0.00069173638
0.00067036685
0.00064927754
0.00062843818
0.0006078258
0.00058741569
0.00056716883
0.00054706387
0.00052708646
0.00050719056
0.00048732001
0.00046746627
0.0004476655
0.00042793645
0.00040827127
0.00038866071
0.00036913671
0.00034969207
0.00033023419
0.00031072824
0.00029120898
0.00027166972
0.00025215863
0.00023274635
0.00021339591
0.00019410722
0.00017493233
0.00015593947
0.00013725598
0.00011907218
0.00010140291
8.5060376e-05
6.8849431e-05
6.124124e-05
3.0290546e-05
0.00014151068
-0.00010619132
0.0012640815
0.0012238743
0.0011855016
0.0011488774
0.0011138871
0.001080372
0.0010481995
0.0010172952
0.00098757073
0.00095892522
0.00093126712
0.00090450842
0.00087856363
0.00085335403
0.00082880801
0.00080486132
0.00078145743
0.00075854506
0.00073607598
0.00071400465
0.00069228888
0.00067089018
0.00064977319
0.00062890758
0.00060827018
0.00058783616
0.00056756682
0.00054744047
0.00052744246
0.00050752718
0.00048763904
0.00046776925
0.00044795319
0.00042820938
0.00040853015
0.00038890636
0.00036936919
0.0003499114
0.00033044129
0.0003109247
0.00029139525
0.00027184362
0.00025232372
0.00023291008
0.00021355869
0.00019426678
0.00017508768
0.00015609091
0.00013740377
0.00011921583
0.00010154195
8.5192822e-05
6.8984884e-05
6.1360606e-05
3.153155e-05
0.00013882134
-0.00010358616
0.0012655524
0.0012252988
0.0011868773
0.0011502009
0.0011151566
0.001081588
0.0010493633
0.0010184068
0.00098863084
0.00095993515
0.00093222813
0.00090542199
0.0008794315
0.00085417804
0.00082959005
0.00080560328
0.00078216114
0.00075921224
0.00073670835
0.00071460386
0.00069285656
0.0006714279
0.00065028249
0.00062938993
0.00060872683
0.00058826825
0.0005679758
0.00054782749
0.00052780833
0.00050787314
0.00048796692
0.00046808064
0.00044824886
0.00042848988
0.00040879622
0.00038915883
0.00036960813
0.00035013681
0.00033065441
0.00031112653
0.00029158685
0.0002720257
0.0002524937
0.00023307013
0.00021371614
0.00019442348
0.00017524202
0.00015624154
0.0001375505
0.00011935846
0.00010168039
8.5324421e-05
6.9118737e-05
6.1474744e-05
3.276171e-05
0.00013598596
-0.00010087207
0.00126706
0.0012267593
0.0011882879
0.0011515584
0.001116459
0.0010828357
0.0010505575
0.0010195477
0.00098971902
0.00096097195
0.00093321482
0.00090636008
0.00088032274
0.0008550243
0.00083039327
0.0008063654
0.000782884
0.00075989764
0.000737358
0.00071521948
0.00069343981
0.00067198039
0.0006508058
0.00062988556
0.00060919606
0.00058871227
0.00056839608
0.00054822522
0.00052818433
0.00050822871
0.00048830391
0.00046840067
0.00044855273
0.00042877816
0.00040906967
0.0003894183
0.0003698537
0.00035036849
0.00033087345
0.00031133419
0.00029178369
0.00027221278
0.00025267143
0.00023323579
0.00021387113
0.00019457489
0.00017539305
0.00015639105
0.00013769656
0.0001195001
0.00010181781
8.5455114e-05
6.9251743e-05
6.1582049e-05
3.3958846e-05
0.00013304788
-9.8080066e-05
0.001268605
0.0012282564
0.0011897342
0.0011529506
0.0011177949
0.0010841159
0.001051783
0.0010207185
0.00099083596
0.00096203627
0.00093422783
0.00090732328
0.00088123793
0.0008558934
0.00083121823
0.00080714819
0.00078362652
0.0007606017
0.0007380254
0.00071585194
0.00069403904
0.00067254804
0.00065134349
0.00063039482
0.00060967822
0.00058916854
0.00056882797
0.00054863393
0.00052857074
0.00050859413
0.00048865025
0.00046872956
0.00044886502
0.00042907444
0.0004093507
0.00038968496
0.00037010608
0.00035060661
0.00033109858
0.00031154765
0.000291986
0.0002724051
0.00025285412
0.00023340827
0.00021403273
0.00019472587
0.00017553877
0.00015653665
0.00013784125
0.00011964109
0.00010195431
8.5584631e-05
6.9383907e-05
6.1681966e-05
3.5113888e-05
0.00013003435
-9.5241449e-05
0.0012701882
0.0012297909
0.0011912171
0.0011543783
0.0011191652
0.0010854291
0.0010530404
0.0010219201
0.00099198236
0.00096312879
0.0009352678
0.00090831224
0.00088217769
0.0008567859
0.00083206548
0.00080795219
0.00078438921
0.00076132494
0.000738711
0.00071650169
0.00069465469
0.00067313127
0.00065189595
0.00063091809
0.00061017365
0.00058963739
0.00056927177
0.00054905393
0.00052896784
0.00050896969
0.00048900619
0.00046906757
0.00044918595
0.00042937892
0.00040963953
0.00038995901
0.00037036546
0.00035085135
0.00033132999
0.00031176704
0.00029219395
0.00027260275
0.00025304197
0.00023358565
0.00021420034
0.00019488399
0.00017568599
0.00015667716
0.00013798143
0.00011978025
0.00010209012
8.5713202e-05
6.9515209e-05
6.1773978e-05
3.6219746e-05
0.00012696718
-9.2360663e-05
0.0012718105
0.0012313637
0.0011927372
0.0011558422
0.0011205707
0.0010867764
0.0010543305
0.0010231531
0.00099315893
0.00096425021
0.00093633541
0.00090932759
0.00088314263
0.0008577024
0.00083293558
0.00080877795
0.00078517259
0.00076206785
0.00073941529
0.00071716919
0.00069528717
0.00067373047
0.00065246357
0.00063145574
0.00061068271
0.00059011915
0.0005697278
0.00054948552
0.00052937593
0.00050935564
0.00048937198
0.00046941493
0.00044951577
0.00042969184
0.00040993635
0.00039024065
0.00037063202
0.00035110289
0.00033156782
0.00031199253
0.00029240767
0.00027280588
0.000253235
0.00023376816
0.00021437269
0.00019504726
0.00017584047
0.00015682073
0.00013811711
0.00011991439
0.00010222356
8.5840894e-05
6.9646065e-05
6.1858164e-05
3.7267253e-05
0.00012387565
-8.9437877e-05
0.0012734725
0.0012329754
0.0011942954
0.0011573433
0.0011220121
0.0010881583
0.001055654
0.0010244183
0.00099436639
0.00096540122
0.00093743134
0.00091037001
0.0008841334
0.00085864352
0.00083382914
0.00080962602
0.00078597719
0.00076283093
0.00074013875
0.00071785489
0.00069593694
0.00067434608
0.00065304675
0.00063200814
0.00061120576
0.00059061418
0.0005701964
0.00054992901
0.00052979528
0.00050975227
0.00048974791
0.00046977191
0.00044985472
0.00043001342
0.00041024139
0.00039053007
0.00037090597
0.00035136141
0.00033181226
0.00031222427
0.00029262734
0.00027301465
0.00025343337
0.00023395569
0.00021455005
0.00019521506
0.00017599951
0.00015697137
0.00013825696
0.00012004496
0.00010235165
8.5965564e-05
6.9776251e-05
6.1935164e-05
3.824483e-05
0.00012080541
-8.648243e-05
0.0012751751
0.001234627
0.0011958925
0.0011588821
0.0011234903
0.0010895758
0.0010570117
0.0010257164
0.00099560548
0.00096658255
0.00093855628
0.00091144015
0.00088515062
0.00085960988
0.00083474673
0.00081049697
0.00078680357
0.00076361471
0.00074088188
0.00071855928
0.00069660445
0.00067497853
0.0006536459
0.00063257569
0.00061174318
0.00059112282
0.0005706779
0.00055038473
0.00053022621
0.00051015988
0.00049013423
0.00047013875
0.00045020303
0.00043034388
0.00041055486
0.0003908275
0.00037118749
0.00035162711
0.00033206349
0.00031246245
0.00029285311
0.0002732292
0.00025363723
0.00023414843
0.00021473232
0.00019538763
0.000176163
0.00015712632
0.00013840322
0.00012018063
0.00010247777
8.6084792e-05
6.9902937e-05
6.2004376e-05
3.9138749e-05
0.00011782104
-8.3514758e-05
0.0012769192
0.0012363192
0.0011975293
0.0011604597
0.001125006
0.0010910295
0.0010584045
0.0010270482
0.00099687695
0.00096779492
0.00093971093
0.00091253869
0.00088619497
0.0008606021
0.00083568897
0.0008113914
0.00078765228
0.00076441973
0.00074164519
0.00071928284
0.00069729017
0.00067562825
0.00065426145
0.00063315879
0.00061229534
0.00059164543
0.00057117264
0.00055085298
0.00053066903
0.00051057874
0.00049053123
0.00047051572
0.00045056096
0.00043068348
0.00041087701
0.00039113314
0.0003714768
0.00035190017
0.0003323217
0.00031270724
0.00029308514
0.0002734497
0.00025384673
0.00023434651
0.00021491963
0.00019556499
0.00017633099
0.00015728564
0.0001385537
0.00012032178
0.00010260988
8.6204133e-05
7.0024193e-05
6.2062289e-05
3.9934597e-05
0.00011500382
-8.0573481e-05
0.0012787054
0.0012380529
0.0011992066
0.0011620768
0.0011265601
0.0010925204
0.001059833
0.0010284146
0.00099818158
0.00096903907
0.00094089602
0.00091366635
0.00088726712
0.00086162083
0.00083665648
0.00081230989
0.00078852389
0.00076524654
0.00074242921
0.00072002607
0.00069799456
0.00067629571
0.00065489382
0.00063375785
0.00061286263
0.0005921824
0.00057168097
0.00055133412
0.00053112406
0.00051100918
0.0004909392
0.00047090311
0.00045092878
0.00043103246
0.00041120805
0.00039144722
0.0003717741
0.0003521808
0.00033258706
0.00031295881
0.00029332361
0.00027367631
0.00025406202
0.00023455007
0.00021511214
0.00019574724
0.00017650363
0.00015744932
0.00013870846
0.00012046701
0.00010274668
8.6329701e-05
7.014712e-05
6.2107557e-05
4.0623038e-05
0.00011243928
-7.7727578e-05
0.0012805345
0.0012398288
0.0012009253
0.0011637342
0.0011281533
0.0010940492
0.0010612982
0.0010298162
0.00099952013
0.00097031577
0.00094211229
0.00091482382
0.00088836774
0.00086266674
0.0008376499
0.00081325306
0.00078941899
0.00076609568
0.00074323447
0.00072078948
0.00069871812
0.00067698136
0.00065554347
0.00063437329
0.00061344546
0.00059273409
0.00057220327
0.00055182849
0.00053159162
0.00051145149
0.00049135844
0.00047130118
0.00045130674
0.00043139107
0.00041154822
0.00039176997
0.00037207962
0.0003524692
0.00033285978
0.00031321735
0.00029356869
0.00027390919
0.00025428326
0.00023475926
0.00021530996
0.00019593454
0.00017668102
0.0001576175
0.00013886743
0.00012061641
0.00010288728
8.6459182e-05
7.0275919e-05
6.2147495e-05
4.1211961e-05
0.00011019486
-7.5072427e-05
0.0012824075
0.0012416478
0.0012026862
0.0011654328
0.0011297867
0.0010956168
0.0010628008
0.0010312539
0.0010008934
0.00097162578
0.00094336047
0.00091601183
0.00088949755
0.00086374051
0.00083866987
0.00081422152
0.00079033817
0.00076696774
0.00074406152
0.0007215736
0.00069946135
0.00067768568
0.00065621083
0.00063500554
0.00061404424
0.0005933009
0.00057273989
0.00055233643
0.00053207205
0.00051190599
0.00049178923
0.00047171022
0.00045169512
0.00043175957
0.00041189778
0.00039210162
0.00037239356
0.00035276558
0.00033314005
0.00031348305
0.00029382056
0.00027414851
0.00025451061
0.00023497424
0.00021551326
0.00019612701
0.00017686331
0.0001577903
0.00013903075
0.00012076986
0.00010303187
8.6592133e-05
7.0407969e-05
6.2184673e-05
4.1729121e-05
0.00010829809
-7.2686217e-05
0.0012843251
0.0012435107
0.0012044902
0.0011671734
0.0011314609
0.0010972241
0.0010643418
0.0010327286
0.0010023022
0.00097296989
0.00094464133
0.00091723112
0.00089065725
0.00086484281
0.00083971706
0.00081521592
0.00079128205
0.00076786329
0.00074491091
0.00072237895
0.00070022475
0.00067840916
0.00065689638
0.00063565505
0.00061465938
0.00059388323
0.00057329122
0.00055285831
0.00053256569
0.00051237302
0.0004922319
0.00047213053
0.00045209419
0.00043213822
0.00041225698
0.0003924424
0.00037271617
0.00035307015
0.00033342809
0.0003137561
0.00029407941
0.00027439444
0.00025474422
0.00023519515
0.00021572218
0.00019632479
0.00017705062
0.00015796783
0.00013919853
0.00012092749
0.00010318038
8.672854e-05
7.0543264e-05
6.2218624e-05
4.2200321e-05
0.00010670867
-7.0574713e-05
0.001286288
0.0012454184
0.001206338
0.0011689569
0.0011331768
0.0010988718
0.0010659218
0.0010342409
0.0010037473
0.00097434889
0.00094595565
0.00091848244
0.00089184757
0.00086597435
0.00084079214
0.0008162369
0.00079225124
0.00076878294
0.00074578321
0.00072320609
0.00070100885
0.0006791523
0.00065760058
0.00063632226
0.00061529132
0.00059448149
0.00057385764
0.00055339451
0.00053307289
0.00051285291
0.00049268676
0.00047256241
0.00045250425
0.0004325273
0.00041262607
0.00039279257
0.00037304766
0.00035338315
0.00033372408
0.0003140367
0.00029434541
0.00027464716
0.00025498428
0.00023542217
0.00021593686
0.00019652802
0.00017724308
0.00015815024
0.0001393709
0.0001210894
0.00010333289
8.6868487e-05
7.068207e-05
6.2251489e-05
4.2650519e-05
0.00010531393
-6.8684998e-05
0.0012882971
0.0012473716
0.0012082305
0.0011707841
0.0011349354
0.0011005609
0.0010675418
0.0010357919
0.0010052296
0.00097576358
0.00094730421
0.00091976655
0.00089306925
0.00086713584
0.00084189581
0.00081728513
0.00079324639
0.0007697273
0.00074667902
0.00072405557
0.00070181418
0.0006799156
0.00065832393
0.00063700764
0.00061594049
0.0005950961
0.00057443957
0.00055394538
0.00053359401
0.00051334599
0.00049315414
0.00047300616
0.00045292559
0.00043292709
0.00041300532
0.00039315237
0.00037338828
0.00035370479
0.00033402827
0.00031432505
0.00029461877
0.00027490686
0.00025523096
0.00023565544
0.00021615746
0.00019673685
0.00017744083
0.00015833764
0.00013954797
0.00012125571
0.00010348951
8.7012085e-05
7.0824422e-05
6.2285249e-05
4.3096158e-05
0.00010399892
-6.6926965e-05
0.0012903533
0.0012493712
0.0012101686
0.0011726559
0.0011367375
0.0011022921
0.0010692027
0.0010373823
0.0010067498
0.0009772148
0.0009486878
0.00092108422
0.00089432305
0.00086832801
0.00084302875
0.00081836128
0.00079426814
0.00077069698
0.00074759892
0.00072492796
0.00070264128
0.00068069958
0.00065906692
0.00063771166
0.00061660736
0.00059572748
0.00057503739
0.00055451134
0.00053412942
0.00051385262
0.00049363436
0.00047346211
0.0004533585
0.00043333786
0.000413395
0.00039352206
0.00037373828
0.0003540353
0.00033434085
0.00031462137
0.00029489968
0.00027517372
0.00025548442
0.00023589515
0.00021638414
0.00019695143
0.00017764402
0.00015853017
0.00013972986
0.00012142652
0.00010365034
8.7159404e-05
7.0970492e-05
6.2321118e-05
4.3540851e-05
0.00010269816
-6.5218188e-05
0.0012924572
0.0012514181
0.0012121531
0.0011745733
0.0011385839
0.0011040665
0.0010709052
0.001039013
0.001008309
0.00097870337
0.00095010725
0.00092243627
0.00089560972
0.00086955161
0.0008441917
0.00081946605
0.00079531715
0.00077169262
0.00074854353
0.00072582385
0.00070349071
0.00068150479
0.00065983006
0.00063843481
0.00061729236
0.00059637608
0.00057565154
0.00055509276
0.00053467951
0.00051437316
0.00049412778
0.00047393058
0.0004538033
0.00043375992
0.00041379538
0.0003939019
0.0003740979
0.00035437493
0.00033466206
0.00031492586
0.00029518834
0.00027544794
0.00025574485
0.00023614146
0.00021661707
0.00019717191
0.00017785279
0.00015872796
0.00013991671
0.00012160195
0.00010381548
8.7310562e-05
7.1120219e-05
6.235979e-05
4.3983077e-05
0.0001013918
-6.3516339e-05
0.0012946097
0.0012535131
0.001214185
0.0011765369
0.0011404756
0.0011058848
0.0010726504
0.0010406849
0.0010099078
0.00098023014
0.00095156338
0.00092382347
0.00089693006
0.00087080739
0.00084538537
0.00082060012
0.00079639411
0.00077271488
0.00074951347
0.00072674383
0.00070436305
0.00068233175
0.00066061387
0.00063917758
0.00061799599
0.00059704234
0.00057628244
0.00055569007
0.00053524465
0.00051490798
0.00049463474
0.0004744119
0.0004542603
0.00043419357
0.00041420676
0.00039429217
0.0003744674
0.00035472391
0.00033499213
0.00031523874
0.00029548497
0.0002757297
0.00025601245
0.00023639454
0.0002168564
0.00019739846
0.00017806728
0.00015893115
0.00014010863
0.00012178212
0.00010398506
8.7465621e-05
7.1273847e-05
6.240145e-05
4.4422199e-05
0.00010007803
-6.1811058e-05
0.0012968115
0.0012556569
0.0012162649
0.0011785478
0.0011424134
0.0011077481
0.001074439
0.0010423989
0.0010115472
0.00098179596
0.00095305703
0.00092524666
0.00089828485
0.00087209612
0.00084661052
0.00082176423
0.0007974997
0.00077376441
0.00075050938
0.00072768851
0.00070525888
0.00068318104
0.00066141887
0.00063994047
0.00061871872
0.00059772673
0.00057693052
0.00055630367
0.00053582525
0.00051545745
0.0004951556
0.00047490641
0.00045472982
0.0004346391
0.00041462942
0.00039469314
0.00037484704
0.0003550825
0.0003353313
0.00031556025
0.00029578977
0.00027601922
0.00025628739
0.00023665459
0.00021710232
0.00019763122
0.00017828764
0.00015913988
0.00014030576
0.00012196716
0.00010415916
8.7624709e-05
7.1431301e-05
6.2446162e-05
4.4858029e-05
9.8757999e-05
-6.0101947e-05
0.0012990635
0.0012578505
0.0012183939
0.0011806067
0.0011443983
0.0011096571
0.0010762721
0.0010441558
0.0010132281
0.0009834017
0.00095458904
0.00092670665
0.00089967491
0.00087341858
0.00084786789
0.0008229591
0.00079863461
0.00077484189
0.00075153189
0.00072865851
0.00070617878
0.00068405321
0.00066224562
0.00064072401
0.00061946105
0.00059842971
0.00057759624
0.00055693399
0.0005364217
0.00051602197
0.00049569073
0.00047541446
0.0013013664
0.0012600946
0.0012205727
0.0011827147
0.001146431
0.0011116127
0.0010781504
0.0010459566
0.0010149513
0.00098504825
0.00095616028
0.0009282043
0.00090110104
0.00087477556
0.00084915826
0.00082418547
0.00079979959
0.00077594801
0.00075258168
0.00072965447
0.00070712337
0.00068494884
0.00066309467
0.00064152872
0.00062022348
0.00059915177
0.00057828006
0.00055758148
0.00053703443
0.00051660192
0.00049624051
0.00047593641
)
;

boundaryField
{
    inlet
    {
        type            zeroGradient;
    }
    top
    {
        type            zeroGradient;
    }
    outlet
    {
        type            fixedValue;
        value           uniform 0;
    }
    slipsurface
    {
        type            slip;
    }
    bottom
    {
        type            zeroGradient;
    }
    frontandback
    {
        type            empty;
    }
    procBoundary14to10
    {
        type            processor;
        value           nonuniform List<scalar> 
60
(
0.0004552122
0.00043509684
0.00041506367
0.0003951051
0.0003752371
0.00035545096
0.00033567981
0.0003158906
0.00029610297
0.0002763167
0.00025656988
0.00023692179
0.00021735499
0.00019787037
0.00017851404
0.0001593543
0.00014050824
0.00012215718
0.00010433792
8.7787893e-05
7.159281e-05
6.2494074e-05
4.5290067e-05
9.7432424e-05
-5.8389782e-05
0.0004552122
0.0013444867
0.0013037209
0.00126239
0.0012228022
0.0011848724
0.0011485126
0.001113616
0.001080075
0.0010478021
0.0010167178
0.00098673647
0.00095777162
0.00092974045
0.00090256409
0.00087616788
0.00085048242
0.0008254441
0.00080099533
0.00077708347
0.00075365942
0.00073067703
0.00070809327
0.00068586855
0.00066396658
0.00064235516
0.00062100653
0.0005998934
0.00057898243
0.00055824656
0.00053766386
0.00051719772
0.00049680531
0.00045570778
0.00047647262
)
;
    }
    procBoundary14to12
    {
        type            processor;
        value           nonuniform List<scalar> 
30
(
0.0012930069
0.001294188
0.0012953992
0.0012966413
0.0012979148
0.0012992205
0.0013005592
0.0013019315
0.0013033382
0.0013047799
0.0013062573
0.0013077712
0.0013093224
0.0013109117
0.0013125397
0.0013142073
0.0013159151
0.001317664
0.0013194548
0.0013212882
0.001323165
0.0013250859
0.0013270517
0.0013290633
0.0013311213
0.0013332265
0.0013353797
0.0013375815
0.0013398329
0.0013421343
)
;
    }
    procBoundary14to15
    {
        type            processor;
        value           nonuniform List<scalar> 
58
(
0.00050404252
0.00048433404
0.00046461875
0.00044494218
0.00042532601
0.00040576229
0.00038624411
0.00036680843
0.00034744807
0.00032806591
0.00030862429
0.00028916206
0.00026967437
0.00025022156
0.00023087997
0.00021159826
0.00019237161
0.00017325288
0.00015430985
0.0001356801
0.00011755628
9.9942081e-05
8.3672172e-05
6.7476585e-05
5.9661069e-05
1.585557e-05
0.00015973853
-0.00012967884
0.0012501125
0.0012103606
0.0011724662
0.0011363509
0.0011018861
0.0010688863
0.0010372147
0.0010068117
0.00097757928
0.00094941221
0.00092222028
0.00089591289
0.00087040204
0.00084560831
0.00082145967
0.00079789196
0.00077484954
0.00075228192
0.00073014134
0.00070838255
0.00068696383
0.00066584719
0.00064499756
0.00062438532
0.00060398958
0.00058378651
0.00056373401
0.00054381369
0.00052401412
0.00052401412
)
;
    }
}


// ************************************************************************* //
