/*--------------------------------*- C++ -*----------------------------------*\
  =========                 |
  \\      /  F ield         | OpenFOAM: The Open Source CFD Toolbox
   \\    /   O peration     | Website:  https://openfoam.org
    \\  /    A nd           | Version:  12
     \\/     M anipulation  |
\*---------------------------------------------------------------------------*/
FoamFile
{
    format      ascii;
    class       volScalarField;
    location    "1200";
    object      nut;
}
// * * * * * * * * * * * * * * * * * * * * * * * * * * * * * * * * * * * * * //

dimensions      [0 2 -1 0 0 0 0];

internalField   nonuniform List<scalar> 
1772
(
1.6192507e-07
1.6172985e-07
1.6153178e-07
1.6133086e-07
1.611271e-07
1.6092051e-07
1.607111e-07
1.6049889e-07
1.6028388e-07
1.6006609e-07
1.5984554e-07
1.5962225e-07
1.5939623e-07
1.5916752e-07
1.5893612e-07
1.5870206e-07
1.5846537e-07
1.5822607e-07
1.579842e-07
1.5773977e-07
1.5749281e-07
1.5724337e-07
1.5699146e-07
1.5673714e-07
1.5648052e-07
1.5622207e-07
1.5596438e-07
1.557217e-07
1.5557235e-07
1.5594051e-07
1.5906293e-07
1.619249e-07
1.6172969e-07
1.6153164e-07
1.6133074e-07
1.61127e-07
1.6092044e-07
1.6071107e-07
1.6049889e-07
1.6028392e-07
1.6006617e-07
1.5984567e-07
1.5962243e-07
1.5939647e-07
1.5916782e-07
1.5893648e-07
1.587025e-07
1.5846589e-07
1.5822667e-07
1.5798488e-07
1.5774055e-07
1.574937e-07
1.5724436e-07
1.5699256e-07
1.5673835e-07
1.5648176e-07
1.5622295e-07
1.5596252e-07
1.5570387e-07
1.5546595e-07
1.5535363e-07
1.5593725e-07
1.6192464e-07
1.6172947e-07
1.6153145e-07
1.6133058e-07
1.6112687e-07
1.6092034e-07
1.60711e-07
1.6049885e-07
1.6028392e-07
1.6006621e-07
1.5984575e-07
1.5962255e-07
1.5939664e-07
1.5916804e-07
1.5893676e-07
1.5870283e-07
1.5846629e-07
1.5822715e-07
1.5798543e-07
1.5774118e-07
1.5749442e-07
1.5724518e-07
1.5699349e-07
1.5673938e-07
1.564829e-07
1.562241e-07
1.5596314e-07
1.5570083e-07
1.5544163e-07
1.5521064e-07
1.5514757e-07
1.6192457e-07
1.6172938e-07
1.6153135e-07
1.6133048e-07
1.6112678e-07
1.6092026e-07
1.6071093e-07
1.604988e-07
1.6028389e-07
1.6006621e-07
1.5984578e-07
1.5962261e-07
1.5939674e-07
1.5916818e-07
1.5893694e-07
1.5870307e-07
1.5846658e-07
1.582275e-07
1.5798585e-07
1.5774167e-07
1.5749499e-07
1.5724583e-07
1.5699423e-07
1.5674022e-07
1.5648384e-07
1.5622513e-07
1.5596415e-07
1.557011e-07
1.5543703e-07
1.5517777e-07
1.5495644e-07
1.619244e-07
1.6172923e-07
1.6153121e-07
1.6133036e-07
1.6112667e-07
1.6092017e-07
1.6071085e-07
1.6049874e-07
1.6028385e-07
1.6006619e-07
1.5984578e-07
1.5962264e-07
1.593968e-07
1.5916827e-07
1.5893708e-07
1.5870324e-07
1.584668e-07
1.5822776e-07
1.5798617e-07
1.5774205e-07
1.5749543e-07
1.5724635e-07
1.5699482e-07
1.567409e-07
1.5648461e-07
1.56226e-07
1.5596509e-07
1.5570197e-07
1.5543689e-07
1.5517118e-07
1.5491248e-07
1.6192439e-07
1.6172922e-07
1.6153121e-07
1.6133037e-07
1.6112669e-07
1.6092019e-07
1.6071089e-07
1.6049879e-07
1.6028392e-07
1.6006627e-07
1.5984589e-07
1.5962277e-07
1.5939695e-07
1.5916845e-07
1.5893728e-07
1.5870348e-07
1.5846707e-07
1.5822807e-07
1.5798652e-07
1.5774245e-07
1.5749588e-07
1.5724685e-07
1.5699539e-07
1.5674153e-07
1.5648531e-07
1.5622678e-07
1.5596595e-07
1.5570288e-07
1.5543766e-07
1.5517059e-07
1.5490341e-07
1.6192464e-07
1.617295e-07
1.6153152e-07
1.613307e-07
1.6112704e-07
1.6092056e-07
1.6071128e-07
1.604992e-07
1.6028434e-07
1.6006671e-07
1.5984634e-07
1.5962324e-07
1.5939743e-07
1.5916894e-07
1.589378e-07
1.5870401e-07
1.5846762e-07
1.5822865e-07
1.5798712e-07
1.5774308e-07
1.5749654e-07
1.5724754e-07
1.5699612e-07
1.567423e-07
1.5648613e-07
1.5622765e-07
1.5596688e-07
1.5570387e-07
1.5543866e-07
1.5517136e-07
1.5490236e-07
1.6192549e-07
1.6173037e-07
1.6153241e-07
1.6133161e-07
1.6112797e-07
1.6092151e-07
1.6071224e-07
1.6050017e-07
1.6028532e-07
1.600677e-07
1.5984734e-07
1.5962424e-07
1.5939844e-07
1.5916996e-07
1.5893881e-07
1.5870503e-07
1.5846864e-07
1.5822967e-07
1.5798815e-07
1.5774411e-07
1.5749758e-07
1.5724859e-07
1.5699718e-07
1.5674338e-07
1.5648723e-07
1.5622876e-07
1.5596803e-07
1.5570505e-07
1.5543987e-07
1.5517255e-07
1.5490319e-07
1.619267e-07
1.617316e-07
1.6153365e-07
1.6133286e-07
1.6112923e-07
1.6092278e-07
1.6071352e-07
1.6050145e-07
1.6028661e-07
1.6006899e-07
1.5984863e-07
1.5962554e-07
1.5939974e-07
1.5917125e-07
1.5894011e-07
1.5870632e-07
1.5846993e-07
1.5823096e-07
1.5798943e-07
1.5774539e-07
1.5749885e-07
1.5724986e-07
1.5699845e-07
1.5674465e-07
1.564885e-07
1.5623004e-07
1.5596931e-07
1.5570635e-07
1.5544118e-07
1.5517387e-07
1.5490445e-07
1.6192641e-07
1.6173139e-07
1.6153352e-07
1.613328e-07
1.6112925e-07
1.6092287e-07
1.6071367e-07
1.6050167e-07
1.6028688e-07
1.6006932e-07
1.5984901e-07
1.5962597e-07
1.5940021e-07
1.5917177e-07
1.5894066e-07
1.5870692e-07
1.5847056e-07
1.5823162e-07
1.5799012e-07
1.5774611e-07
1.574996e-07
1.5725063e-07
1.5699924e-07
1.5674546e-07
1.5648934e-07
1.562309e-07
1.5597019e-07
1.5570725e-07
1.5544211e-07
1.5517482e-07
1.5490542e-07
1.6192491e-07
1.6172983e-07
1.6153192e-07
1.6133117e-07
1.611276e-07
1.6092122e-07
1.6071203e-07
1.6050005e-07
1.6028529e-07
1.6006777e-07
1.5984751e-07
1.5962452e-07
1.5939882e-07
1.5917044e-07
1.5893939e-07
1.5870571e-07
1.5846942e-07
1.5823055e-07
1.5798913e-07
1.5774518e-07
1.5749874e-07
1.5724984e-07
1.5699852e-07
1.5674481e-07
1.5648875e-07
1.5623038e-07
1.5596974e-07
1.5570686e-07
1.5544179e-07
1.5517456e-07
1.5490522e-07
1.6192401e-07
1.6172875e-07
1.6153066e-07
1.6132974e-07
1.61126e-07
1.6091946e-07
1.6071012e-07
1.60498e-07
1.6028312e-07
1.6006549e-07
1.5984512e-07
1.5962204e-07
1.5939627e-07
1.5916783e-07
1.5893674e-07
1.5870303e-07
1.5846672e-07
1.5822784e-07
1.5798642e-07
1.5774248e-07
1.5749607e-07
1.572472e-07
1.5699592e-07
1.5674226e-07
1.5648626e-07
1.5622795e-07
1.5596737e-07
1.5570456e-07
1.5543956e-07
1.5517241e-07
1.5490315e-07
1.6172811e-07
1.6152994e-07
1.6132893e-07
1.6112509e-07
1.6091842e-07
1.6070895e-07
1.6049669e-07
1.6028165e-07
1.6006386e-07
1.5984333e-07
1.5962008e-07
1.5939414e-07
1.5916553e-07
1.5893428e-07
1.5870041e-07
1.5846394e-07
1.5822492e-07
1.5798336e-07
1.577393e-07
1.5749276e-07
1.5724379e-07
1.5699242e-07
1.5673868e-07
1.564826e-07
1.5622424e-07
1.5596361e-07
1.5570077e-07
1.5543576e-07
1.551686e-07
1.5489935e-07
1.6172736e-07
1.6152921e-07
1.6132821e-07
1.6112436e-07
1.6091768e-07
1.6070818e-07
1.6049587e-07
1.6028078e-07
1.6006291e-07
1.5984229e-07
1.5961894e-07
1.5939288e-07
1.5916414e-07
1.5893274e-07
1.5869871e-07
1.5846207e-07
1.5822287e-07
1.5798112e-07
1.5773687e-07
1.5749014e-07
1.5724097e-07
1.569894e-07
1.5673546e-07
1.5647919e-07
1.5622063e-07
1.5595982e-07
1.5569681e-07
1.5543162e-07
1.5516431e-07
1.5489492e-07
1.6172674e-07
1.6152861e-07
1.6132762e-07
1.6112378e-07
1.6091711e-07
1.6070761e-07
1.604953e-07
1.6028019e-07
1.600623e-07
1.5984165e-07
1.5961826e-07
1.5939215e-07
1.5916335e-07
1.5893187e-07
1.5869775e-07
1.5846101e-07
1.5822169e-07
1.5797981e-07
1.5773541e-07
1.5748852e-07
1.5723918e-07
1.5698742e-07
1.5673328e-07
1.5647679e-07
1.5621801e-07
1.5595697e-07
1.5569371e-07
1.5542828e-07
1.5516072e-07
1.5489107e-07
1.6172629e-07
1.6152813e-07
1.6132713e-07
1.6112328e-07
1.6091659e-07
1.6070709e-07
1.6049477e-07
1.6027966e-07
1.6006176e-07
1.598411e-07
1.596177e-07
1.5939158e-07
1.5916275e-07
1.5893125e-07
1.5869709e-07
1.5846031e-07
1.5822094e-07
1.5797899e-07
1.5773452e-07
1.5748754e-07
1.5723809e-07
1.5698621e-07
1.5673194e-07
1.564753e-07
1.5621635e-07
1.5595513e-07
1.5569167e-07
1.5542602e-07
1.5515822e-07
1.5488832e-07
1.6172619e-07
1.61528e-07
1.6132696e-07
1.6112307e-07
1.6091635e-07
1.607068e-07
1.6049445e-07
1.6027931e-07
1.6006138e-07
1.5984069e-07
1.5961726e-07
1.5939111e-07
1.5916226e-07
1.5893073e-07
1.5869655e-07
1.5845974e-07
1.5822034e-07
1.5797836e-07
1.5773385e-07
1.5748682e-07
1.5723732e-07
1.5698538e-07
1.5673104e-07
1.5647432e-07
1.5621528e-07
1.5595394e-07
1.5569036e-07
1.5542456e-07
1.551566e-07
1.5488653e-07
1.6172589e-07
1.6152771e-07
1.6132668e-07
1.611228e-07
1.6091608e-07
1.6070653e-07
1.6049418e-07
1.6027902e-07
1.6006108e-07
1.5984039e-07
1.5961694e-07
1.5939077e-07
1.591619e-07
1.5893035e-07
1.5869615e-07
1.5845932e-07
1.5821989e-07
1.5797789e-07
1.5773335e-07
1.5748629e-07
1.5723676e-07
1.5698478e-07
1.5673039e-07
1.5647363e-07
1.5621453e-07
1.5595313e-07
1.5568948e-07
1.554236e-07
1.5515555e-07
1.5488536e-07
1.6172542e-07
1.6152726e-07
1.6132624e-07
1.6112238e-07
1.6091568e-07
1.6070615e-07
1.604938e-07
1.6027866e-07
1.6006074e-07
1.5984005e-07
1.5961661e-07
1.5939045e-07
1.5916158e-07
1.5893003e-07
1.5869583e-07
1.5845899e-07
1.5821956e-07
1.5797755e-07
1.5773299e-07
1.5748592e-07
1.5723637e-07
1.5698438e-07
1.5672997e-07
1.5647318e-07
1.5621405e-07
1.5595261e-07
1.5568892e-07
1.5542299e-07
1.5515488e-07
1.5488463e-07
1.617253e-07
1.6152712e-07
1.6132609e-07
1.6112222e-07
1.609155e-07
1.6070597e-07
1.6049362e-07
1.6027847e-07
1.6006055e-07
1.5983985e-07
1.5961642e-07
1.5939025e-07
1.5916138e-07
1.5892984e-07
1.5869563e-07
1.584588e-07
1.5821936e-07
1.5797735e-07
1.5773279e-07
1.5748571e-07
1.5723616e-07
1.5698415e-07
1.5672973e-07
1.5647293e-07
1.5621378e-07
1.5595233e-07
1.5568861e-07
1.5542266e-07
1.5515452e-07
1.5488423e-07
1.6172488e-07
1.6152672e-07
1.6132571e-07
1.6112186e-07
1.6091516e-07
1.6070564e-07
1.6049331e-07
1.6027818e-07
1.6006027e-07
1.598396e-07
1.5961617e-07
1.5939003e-07
1.5916117e-07
1.5892964e-07
1.5869545e-07
1.5845862e-07
1.582192e-07
1.5797719e-07
1.5773264e-07
1.5748558e-07
1.5723603e-07
1.5698403e-07
1.5672961e-07
1.5647281e-07
1.5621366e-07
1.559522e-07
1.5568847e-07
1.5542251e-07
1.5515436e-07
1.5488406e-07
1.6172462e-07
1.6152645e-07
1.6132542e-07
1.6112155e-07
1.6091485e-07
1.6070532e-07
1.6049298e-07
1.6027785e-07
1.6005993e-07
1.5983926e-07
1.5961584e-07
1.5938969e-07
1.5916084e-07
1.5892932e-07
1.5869514e-07
1.5845832e-07
1.5821891e-07
1.5797692e-07
1.5773238e-07
1.5748533e-07
1.572358e-07
1.5698381e-07
1.567294e-07
1.5647262e-07
1.5621348e-07
1.5595204e-07
1.5568832e-07
1.5542237e-07
1.5515422e-07
1.5488392e-07
1.6172427e-07
1.615261e-07
1.6132508e-07
1.6112121e-07
1.6091451e-07
1.6070498e-07
1.6049264e-07
1.602775e-07
1.6005958e-07
1.598389e-07
1.5961548e-07
1.5938932e-07
1.5916047e-07
1.5892894e-07
1.5869475e-07
1.5845794e-07
1.5821852e-07
1.5797653e-07
1.57732e-07
1.5748495e-07
1.5723542e-07
1.5698344e-07
1.5672904e-07
1.5647226e-07
1.5621314e-07
1.5595171e-07
1.55688e-07
1.5542207e-07
1.5515393e-07
1.5488365e-07
1.6172402e-07
1.6152585e-07
1.6132482e-07
1.6112095e-07
1.6091424e-07
1.6070471e-07
1.6049237e-07
1.6027723e-07
1.600593e-07
1.5983861e-07
1.5961518e-07
1.5938902e-07
1.5916016e-07
1.5892862e-07
1.5869443e-07
1.584576e-07
1.5821818e-07
1.5797618e-07
1.5773163e-07
1.5748457e-07
1.5723503e-07
1.5698304e-07
1.5672864e-07
1.5647185e-07
1.5621273e-07
1.5595129e-07
1.5568758e-07
1.5542165e-07
1.5515351e-07
1.5488323e-07
1.6172367e-07
1.6152551e-07
1.6132449e-07
1.6112063e-07
1.6091393e-07
1.607044e-07
1.6049206e-07
1.6027693e-07
1.6005901e-07
1.5983832e-07
1.5961489e-07
1.5938874e-07
1.5915988e-07
1.5892834e-07
1.5869414e-07
1.5845731e-07
1.5821788e-07
1.5797588e-07
1.5773133e-07
1.5748426e-07
1.5723471e-07
1.5698272e-07
1.567283e-07
1.5647151e-07
1.5621237e-07
1.5595092e-07
1.556872e-07
1.5542125e-07
1.5515311e-07
1.5488282e-07
1.6172347e-07
1.615253e-07
1.6132428e-07
1.6112041e-07
1.609137e-07
1.6070417e-07
1.6049183e-07
1.6027669e-07
1.6005876e-07
1.5983808e-07
1.5961465e-07
1.5938849e-07
1.5915963e-07
1.5892809e-07
1.5869389e-07
1.5845706e-07
1.5821763e-07
1.5797562e-07
1.5773107e-07
1.57484e-07
1.5723445e-07
1.5698245e-07
1.5672803e-07
1.5647123e-07
1.5621209e-07
1.5595063e-07
1.5568691e-07
1.5542095e-07
1.551528e-07
1.5488249e-07
1.617232e-07
1.6152503e-07
1.6132402e-07
1.6112015e-07
1.6091345e-07
1.6070392e-07
1.6049158e-07
1.6027645e-07
1.6005853e-07
1.5983784e-07
1.5961441e-07
1.5938826e-07
1.591594e-07
1.5892786e-07
1.5869366e-07
1.5845683e-07
1.582174e-07
1.579754e-07
1.5773084e-07
1.5748378e-07
1.5723423e-07
1.5698223e-07
1.5672781e-07
1.5647101e-07
1.5621186e-07
1.559504e-07
1.5568667e-07
1.5542071e-07
1.5515255e-07
1.5488224e-07
1.6172334e-07
1.6152515e-07
1.6132411e-07
1.6112022e-07
1.609135e-07
1.6070395e-07
1.6049159e-07
1.6027644e-07
1.600585e-07
1.598378e-07
1.5961436e-07
1.5938819e-07
1.5915932e-07
1.5892777e-07
1.5869356e-07
1.5845672e-07
1.5821728e-07
1.5797527e-07
1.5773071e-07
1.5748364e-07
1.5723408e-07
1.5698207e-07
1.5672765e-07
1.5647084e-07
1.5621169e-07
1.5595023e-07
1.556865e-07
1.5542053e-07
1.5515237e-07
1.5488205e-07
1.6172299e-07
1.6152484e-07
1.6132382e-07
1.6111996e-07
1.6091326e-07
1.6070373e-07
1.6049139e-07
1.6027626e-07
1.6005833e-07
1.5983764e-07
1.5961421e-07
1.5938805e-07
1.5915918e-07
1.5892763e-07
1.5869343e-07
1.584566e-07
1.5821716e-07
1.5797514e-07
1.5773058e-07
1.5748351e-07
1.5723395e-07
1.5698194e-07
1.5672752e-07
1.5647071e-07
1.5621155e-07
1.5595009e-07
1.5568635e-07
1.5542038e-07
1.5515222e-07
1.548819e-07
1.5460947e-07
1.6172292e-07
1.6152474e-07
1.6132372e-07
1.6111984e-07
1.6091313e-07
1.607036e-07
1.6049125e-07
1.6027611e-07
1.6005818e-07
1.5983749e-07
1.5961406e-07
1.593879e-07
1.5915903e-07
1.5892749e-07
1.5869329e-07
1.5845645e-07
1.5821702e-07
1.57975e-07
1.5773045e-07
1.5748337e-07
1.5723382e-07
1.5698181e-07
1.5672738e-07
1.5647058e-07
1.5621142e-07
1.5594996e-07
1.5568622e-07
1.5542025e-07
1.5515209e-07
1.5488177e-07
1.5460933e-07
1.6172271e-07
1.6152454e-07
1.6132351e-07
1.6111964e-07
1.6091294e-07
1.607034e-07
1.6049106e-07
1.6027592e-07
1.60058e-07
1.5983731e-07
1.5961387e-07
1.5938772e-07
1.5915885e-07
1.5892731e-07
1.5869311e-07
1.5845628e-07
1.5821684e-07
1.5797484e-07
1.5773028e-07
1.5748321e-07
1.5723366e-07
1.5698165e-07
1.5672723e-07
1.5647042e-07
1.5621127e-07
1.5594981e-07
1.5568607e-07
1.5542011e-07
1.5515194e-07
1.5488163e-07
1.5460919e-07
1.617225e-07
1.6152433e-07
1.613233e-07
1.6111943e-07
1.6091273e-07
1.607032e-07
1.6049085e-07
1.6027571e-07
1.6005779e-07
1.598371e-07
1.5961367e-07
1.5938751e-07
1.5915865e-07
1.5892711e-07
1.5869291e-07
1.5845608e-07
1.5821665e-07
1.5797464e-07
1.5773009e-07
1.5748302e-07
1.5723347e-07
1.5698146e-07
1.5672704e-07
1.5647024e-07
1.5621109e-07
1.5594963e-07
1.556859e-07
1.5541994e-07
1.5515178e-07
1.5488146e-07
1.5460903e-07
1.6172239e-07
1.6152421e-07
1.6132318e-07
1.6111931e-07
1.609126e-07
1.6070306e-07
1.6049071e-07
1.6027557e-07
1.6005764e-07
1.5983695e-07
1.5961351e-07
1.5938735e-07
1.5915849e-07
1.5892694e-07
1.5869274e-07
1.5845591e-07
1.5821648e-07
1.5797447e-07
1.5772991e-07
1.5748284e-07
1.5723329e-07
1.5698129e-07
1.5672687e-07
1.5647006e-07
1.5621092e-07
1.5594946e-07
1.5568573e-07
1.5541976e-07
1.551516e-07
1.5488129e-07
1.5460886e-07
1.6172229e-07
1.6152411e-07
1.6132308e-07
1.611192e-07
1.6091249e-07
1.6070295e-07
1.604906e-07
1.6027545e-07
1.6005752e-07
1.5983683e-07
1.5961339e-07
1.5938723e-07
1.5915836e-07
1.5892681e-07
1.5869261e-07
1.5845578e-07
1.5821634e-07
1.5797433e-07
1.5772977e-07
1.574827e-07
1.5723314e-07
1.5698114e-07
1.5672672e-07
1.5646991e-07
1.5621076e-07
1.559493e-07
1.5568557e-07
1.554196e-07
1.5515145e-07
1.5488113e-07
1.546087e-07
1.6172217e-07
1.6152399e-07
1.6132296e-07
1.6111908e-07
1.6091237e-07
1.6070283e-07
1.6049048e-07
1.6027533e-07
1.600574e-07
1.5983671e-07
1.5961327e-07
1.5938711e-07
1.5915824e-07
1.5892669e-07
1.5869249e-07
1.5845565e-07
1.5821621e-07
1.579742e-07
1.5772964e-07
1.5748257e-07
1.5723301e-07
1.5698101e-07
1.5672658e-07
1.5646978e-07
1.5621063e-07
1.5594917e-07
1.5568543e-07
1.5541947e-07
1.551513e-07
1.5488099e-07
1.5460856e-07
1.6172204e-07
1.6152386e-07
1.6132283e-07
1.6111895e-07
1.6091224e-07
1.607027e-07
1.6049035e-07
1.6027521e-07
1.6005728e-07
1.5983658e-07
1.5961314e-07
1.5938698e-07
1.5915811e-07
1.5892656e-07
1.5869236e-07
1.5845552e-07
1.5821609e-07
1.5797407e-07
1.5772952e-07
1.5748244e-07
1.5723289e-07
1.5698088e-07
1.5672646e-07
1.5646965e-07
1.562105e-07
1.5594904e-07
1.556853e-07
1.5541934e-07
1.5515117e-07
1.5488086e-07
1.5460843e-07
1.6172192e-07
1.6152375e-07
1.6132271e-07
1.6111883e-07
1.6091212e-07
1.6070258e-07
1.6049023e-07
1.6027508e-07
1.6005715e-07
1.5983646e-07
1.5961302e-07
1.5938685e-07
1.5915799e-07
1.5892644e-07
1.5869223e-07
1.584554e-07
1.5821596e-07
1.5797395e-07
1.5772939e-07
1.5748232e-07
1.5723276e-07
1.5698075e-07
1.5672633e-07
1.5646952e-07
1.5621037e-07
1.5594891e-07
1.5568517e-07
1.5541921e-07
1.5515105e-07
1.5488073e-07
1.546083e-07
1.6172182e-07
1.6152364e-07
1.613226e-07
1.6111872e-07
1.6091201e-07
1.6070247e-07
1.6049012e-07
1.6027497e-07
1.6005704e-07
1.5983634e-07
1.596129e-07
1.5938674e-07
1.5915787e-07
1.5892632e-07
1.5869211e-07
1.5845528e-07
1.5821584e-07
1.5797383e-07
1.5772927e-07
1.5748219e-07
1.5723264e-07
1.5698063e-07
1.567262e-07
1.564694e-07
1.5621025e-07
1.5594878e-07
1.5568505e-07
1.5541908e-07
1.5515092e-07
1.5488061e-07
1.5460818e-07
1.6172171e-07
1.6152353e-07
1.613225e-07
1.6111862e-07
1.609119e-07
1.6070236e-07
1.6049001e-07
1.6027486e-07
1.6005693e-07
1.5983623e-07
1.5961279e-07
1.5938662e-07
1.5915775e-07
1.589262e-07
1.58692e-07
1.5845516e-07
1.5821572e-07
1.5797371e-07
1.5772915e-07
1.5748207e-07
1.5723252e-07
1.5698051e-07
1.5672609e-07
1.5646928e-07
1.5621013e-07
1.5594866e-07
1.5568493e-07
1.5541896e-07
1.551508e-07
1.5488048e-07
1.5460805e-07
1.617216e-07
1.6152342e-07
1.6132239e-07
1.6111851e-07
1.6091179e-07
1.6070225e-07
1.604899e-07
1.6027475e-07
1.6005681e-07
1.5983612e-07
1.5961268e-07
1.5938651e-07
1.5915764e-07
1.5892609e-07
1.5869188e-07
1.5845505e-07
1.5821561e-07
1.5797359e-07
1.5772903e-07
1.5748196e-07
1.572324e-07
1.5698039e-07
1.5672597e-07
1.5646916e-07
1.5621001e-07
1.5594855e-07
1.5568481e-07
1.5541884e-07
1.5515068e-07
1.5488037e-07
1.5460794e-07
1.6172154e-07
1.6152335e-07
1.6132231e-07
1.6111843e-07
1.6091171e-07
1.6070217e-07
1.6048981e-07
1.6027466e-07
1.6005673e-07
1.5983603e-07
1.5961259e-07
1.5938642e-07
1.5915755e-07
1.58926e-07
1.5869179e-07
1.5845495e-07
1.5821551e-07
1.579735e-07
1.5772894e-07
1.5748186e-07
1.572323e-07
1.5698029e-07
1.5672587e-07
1.5646906e-07
1.562099e-07
1.5594844e-07
1.5568471e-07
1.5541874e-07
1.5515058e-07
1.5488026e-07
1.5460783e-07
1.6172146e-07
1.6152328e-07
1.6132224e-07
1.6111836e-07
1.6091164e-07
1.6070209e-07
1.6048974e-07
1.6027458e-07
1.6005665e-07
1.5983595e-07
1.5961251e-07
1.5938634e-07
1.5915747e-07
1.5892591e-07
1.5869171e-07
1.5845487e-07
1.5821543e-07
1.5797341e-07
1.5772885e-07
1.5748177e-07
1.5723221e-07
1.569802e-07
1.5672577e-07
1.5646897e-07
1.5620981e-07
1.5594835e-07
1.5568461e-07
1.5541864e-07
1.5515048e-07
1.5488016e-07
1.5460773e-07
1.617214e-07
1.6152321e-07
1.6132217e-07
1.6111829e-07
1.6091157e-07
1.6070202e-07
1.6048966e-07
1.6027451e-07
1.6005658e-07
1.5983588e-07
1.5961243e-07
1.5938626e-07
1.5915739e-07
1.5892583e-07
1.5869163e-07
1.5845479e-07
1.5821534e-07
1.5797333e-07
1.5772876e-07
1.5748169e-07
1.5723213e-07
1.5698012e-07
1.5672569e-07
1.5646888e-07
1.5620972e-07
1.5594826e-07
1.5568452e-07
1.5541855e-07
1.5515039e-07
1.5488007e-07
1.5460764e-07
1.6172134e-07
1.6152315e-07
1.6132211e-07
1.6111822e-07
1.609115e-07
1.6070195e-07
1.604896e-07
1.6027444e-07
1.6005651e-07
1.5983581e-07
1.5961236e-07
1.5938619e-07
1.5915731e-07
1.5892576e-07
1.5869155e-07
1.5845471e-07
1.5821527e-07
1.5797325e-07
1.5772869e-07
1.5748161e-07
1.5723205e-07
1.5698004e-07
1.5672561e-07
1.564688e-07
1.5620964e-07
1.5594818e-07
1.5568444e-07
1.5541847e-07
1.551503e-07
1.5487999e-07
1.5460755e-07
1.6172128e-07
1.6152309e-07
1.6132205e-07
1.6111816e-07
1.6091144e-07
1.6070189e-07
1.6048954e-07
1.6027438e-07
1.6005644e-07
1.5983574e-07
1.5961229e-07
1.5938612e-07
1.5915725e-07
1.5892569e-07
1.5869148e-07
1.5845464e-07
1.582152e-07
1.5797318e-07
1.5772861e-07
1.5748153e-07
1.5723197e-07
1.5697996e-07
1.5672553e-07
1.5646872e-07
1.5620956e-07
1.559481e-07
1.5568436e-07
1.5541839e-07
1.5515023e-07
1.5487991e-07
1.5460747e-07
1.6172123e-07
1.6152304e-07
1.61322e-07
1.6111811e-07
1.6091139e-07
1.6070184e-07
1.6048948e-07
1.6027432e-07
1.6005638e-07
1.5983568e-07
1.5961223e-07
1.5938606e-07
1.5915719e-07
1.5892563e-07
1.5869142e-07
1.5845458e-07
1.5821513e-07
1.5797311e-07
1.5772855e-07
1.5748147e-07
1.572319e-07
1.5697989e-07
1.5672546e-07
1.5646865e-07
1.5620949e-07
1.5594803e-07
1.5568429e-07
1.5541832e-07
1.5515015e-07
1.5487983e-07
1.546074e-07
1.6172119e-07
1.61523e-07
1.6132196e-07
1.6111807e-07
1.6091134e-07
1.6070179e-07
1.6048943e-07
1.6027427e-07
1.6005633e-07
1.5983563e-07
1.5961218e-07
1.5938601e-07
1.5915713e-07
1.5892557e-07
1.5869136e-07
1.5845452e-07
1.5821507e-07
1.5797305e-07
1.5772848e-07
1.574814e-07
1.5723184e-07
1.5697983e-07
1.567254e-07
1.5646858e-07
1.5620943e-07
1.5594796e-07
1.5568422e-07
1.5541825e-07
1.5515008e-07
1.5487976e-07
1.5460733e-07
1.6172116e-07
1.6152296e-07
1.6132192e-07
1.6111803e-07
1.609113e-07
1.6070175e-07
1.6048939e-07
1.6027423e-07
1.6005629e-07
1.5983558e-07
1.5961213e-07
1.5938596e-07
1.5915708e-07
1.5892552e-07
1.5869131e-07
1.5845446e-07
1.5821502e-07
1.57973e-07
1.5772843e-07
1.5748135e-07
1.5723178e-07
1.5697977e-07
1.5672534e-07
1.5646852e-07
1.5620937e-07
1.559479e-07
1.5568416e-07
1.5541819e-07
1.5515002e-07
1.548797e-07
1.5460726e-07
1.6172113e-07
1.6152293e-07
1.6132188e-07
1.6111799e-07
1.6091126e-07
1.6070171e-07
1.6048935e-07
1.6027419e-07
1.6005625e-07
1.5983554e-07
1.5961209e-07
1.5938591e-07
1.5915703e-07
1.5892548e-07
1.5869126e-07
1.5845442e-07
1.5821497e-07
1.5797295e-07
1.5772838e-07
1.574813e-07
1.5723173e-07
1.5697971e-07
1.5672528e-07
1.5646847e-07
1.5620931e-07
1.5594784e-07
1.556841e-07
1.5541813e-07
1.5514996e-07
1.5487964e-07
1.546072e-07
1.617211e-07
1.6152291e-07
1.6132186e-07
1.6111796e-07
1.6091123e-07
1.6070168e-07
1.6048932e-07
1.6027415e-07
1.6005621e-07
1.598355e-07
1.5961205e-07
1.5938588e-07
1.5915699e-07
1.5892543e-07
1.5869122e-07
1.5845437e-07
1.5821492e-07
1.579729e-07
1.5772833e-07
1.5748125e-07
1.5723168e-07
1.5697967e-07
1.5672523e-07
1.5646842e-07
1.5620926e-07
1.5594779e-07
1.5568405e-07
1.5541807e-07
1.5514991e-07
1.5487958e-07
1.5460715e-07
1.6172108e-07
1.6152288e-07
1.6132183e-07
1.6111794e-07
1.6091121e-07
1.6070165e-07
1.6048929e-07
1.6027413e-07
1.6005618e-07
1.5983547e-07
1.5961202e-07
1.5938584e-07
1.5915696e-07
1.589254e-07
1.5869118e-07
1.5845433e-07
1.5821488e-07
1.5797286e-07
1.5772829e-07
1.5748121e-07
1.5723164e-07
1.5697962e-07
1.5672519e-07
1.5646837e-07
1.5620921e-07
1.5594774e-07
1.55684e-07
1.5541803e-07
1.5514986e-07
1.5487953e-07
1.546071e-07
1.6172107e-07
1.6152287e-07
1.6132182e-07
1.6111792e-07
1.6091119e-07
1.6070163e-07
1.6048927e-07
1.602741e-07
1.6005616e-07
1.5983545e-07
1.5961199e-07
1.5938581e-07
1.5915693e-07
1.5892537e-07
1.5869115e-07
1.584543e-07
1.5821485e-07
1.5797282e-07
1.5772825e-07
1.5748117e-07
1.572316e-07
1.5697958e-07
1.5672515e-07
1.5646833e-07
1.5620917e-07
1.559477e-07
1.5568396e-07
1.5541798e-07
1.5514981e-07
1.5487949e-07
1.5460705e-07
1.6172106e-07
1.6152286e-07
1.613218e-07
1.6111791e-07
1.6091117e-07
1.6070162e-07
1.6048925e-07
1.6027408e-07
1.6005613e-07
1.5983542e-07
1.5961197e-07
1.5938579e-07
1.591569e-07
1.5892534e-07
1.5869112e-07
1.5845427e-07
1.5821482e-07
1.5797279e-07
1.5772822e-07
1.5748114e-07
1.5723157e-07
1.5697955e-07
1.5672511e-07
1.5646829e-07
1.5620913e-07
1.5594766e-07
1.5568392e-07
1.5541794e-07
1.5514977e-07
1.5487945e-07
1.5460701e-07
1.6172105e-07
1.6152285e-07
1.613218e-07
1.611179e-07
1.6091116e-07
1.607016e-07
1.6048923e-07
1.6027407e-07
1.6005612e-07
1.5983541e-07
1.5961195e-07
1.5938577e-07
1.5915688e-07
1.5892532e-07
1.586911e-07
1.5845425e-07
1.5821479e-07
1.5797277e-07
1.5772819e-07
1.5748111e-07
1.5723154e-07
1.5697952e-07
1.5672508e-07
1.5646826e-07
1.562091e-07
1.5594763e-07
1.5568388e-07
1.554179e-07
1.5514973e-07
1.5487941e-07
1.5460697e-07
1.6172105e-07
1.6152285e-07
1.6132179e-07
1.6111789e-07
1.6091115e-07
1.6070159e-07
1.6048922e-07
1.6027405e-07
1.6005611e-07
1.5983539e-07
1.5961193e-07
1.5938575e-07
1.5915686e-07
1.589253e-07
1.5869108e-07
1.5845423e-07
1.5821477e-07
1.5797274e-07
1.5772817e-07
1.5748108e-07
1.5723151e-07
1.5697949e-07
1.5672505e-07
1.5646823e-07
1.5620907e-07
1.5594759e-07
1.5568385e-07
1.5541787e-07
1.551497e-07
1.5487937e-07
1.5460693e-07
1.6172105e-07
1.6152285e-07
1.6132179e-07
1.6111789e-07
1.6091115e-07
1.6070159e-07
1.6048922e-07
1.6027405e-07
1.600561e-07
1.5983538e-07
1.5961192e-07
1.5938574e-07
1.5915685e-07
1.5892528e-07
1.5869106e-07
1.5845421e-07
1.5821475e-07
1.5797272e-07
1.5772815e-07
1.5748106e-07
1.5723149e-07
1.5697946e-07
1.5672503e-07
1.5646821e-07
1.5620904e-07
1.5594757e-07
1.5568382e-07
1.5541784e-07
1.5514967e-07
1.5487934e-07
1.546069e-07
1.6172106e-07
1.6152285e-07
1.6132179e-07
1.6111789e-07
1.6091115e-07
1.6070159e-07
1.6048921e-07
1.6027404e-07
1.6005609e-07
1.5983537e-07
1.5961191e-07
1.5938573e-07
1.5915684e-07
1.5892527e-07
1.5869105e-07
1.5845419e-07
1.5821474e-07
1.5797271e-07
1.5772813e-07
1.5748104e-07
1.5723147e-07
1.5697945e-07
1.5672501e-07
1.5646818e-07
1.5620902e-07
1.5594754e-07
1.556838e-07
1.5541782e-07
1.5514964e-07
1.5487931e-07
1.5460687e-07
1.5961192e-07
1.5938573e-07
1.5915684e-07
1.5892527e-07
1.5869104e-07
1.5845419e-07
1.5821473e-07
1.579727e-07
1.5772812e-07
1.5748103e-07
1.5723145e-07
1.5697943e-07
1.5672499e-07
1.5646816e-07
1.56209e-07
1.5594752e-07
1.5568377e-07
1.5541779e-07
1.5514962e-07
1.5487929e-07
1.5460685e-07
)
;

boundaryField
{
    inlet
    {
        type            calculated;
        value           nonuniform List<scalar> 0();
    }
    top
    {
        type            calculated;
        value           nonuniform List<scalar> 0();
    }
    outlet
    {
        type            calculated;
        value           nonuniform List<scalar> 0();
    }
    slipsurface
    {
        type            slip;
    }
    bottom
    {
        type            nutUSpaldingWallFunction;
        Cmu             0.09;
        kappa           0.41;
        E               9.8;
        value           nonuniform List<scalar> 0();
    }
    frontandback
    {
        type            empty;
    }
    procBoundary12to5
    {
        type            processor;
        value           nonuniform List<scalar> 
31
(
1.6192535e-07
1.6173009e-07
1.6153198e-07
1.6133102e-07
1.6112722e-07
1.6092059e-07
1.6071113e-07
1.6049887e-07
1.6028381e-07
1.6006597e-07
1.5984536e-07
1.5962201e-07
1.5939593e-07
1.5916714e-07
1.5893566e-07
1.5870153e-07
1.5846475e-07
1.5822536e-07
1.5798339e-07
1.5773886e-07
1.574918e-07
1.5724225e-07
1.5699024e-07
1.5673587e-07
1.564795e-07
1.562231e-07
1.5597732e-07
1.5580049e-07
1.5600638e-07
1.5824717e-07
1.7073162e-07
)
;
    }
    procBoundary12to9
    {
        type            processor;
        value           nonuniform List<scalar> 
29
(
1.6191641e-07
1.6172107e-07
1.6152287e-07
1.6132181e-07
1.611179e-07
1.6091116e-07
1.607016e-07
1.6048923e-07
1.6027405e-07
1.600561e-07
1.5983538e-07
1.5983538e-07
1.5961192e-07
1.5938574e-07
1.5915684e-07
1.5892527e-07
1.5869105e-07
1.5845419e-07
1.5821473e-07
1.5797269e-07
1.5772811e-07
1.5748102e-07
1.5723144e-07
1.5697942e-07
1.5672498e-07
1.5646815e-07
1.5620898e-07
1.559475e-07
1.5568375e-07
)
;
    }
    procBoundary12to10
    {
        type            processor;
        value           nonuniform List<scalar> 4(1.5541777e-07 1.5514959e-07 1.5487926e-07 1.5460682e-07);
    }
    procBoundary12to13
    {
        type            processor;
        value           nonuniform List<scalar> 
57
(
1.6211743e-07
1.6211727e-07
1.6211696e-07
1.6211691e-07
1.6211672e-07
1.6211672e-07
1.6211693e-07
1.6211775e-07
1.6211896e-07
1.6211857e-07
1.6211716e-07
1.6211643e-07
1.6192343e-07
1.6192343e-07
1.6192266e-07
1.6192202e-07
1.6192159e-07
1.6192153e-07
1.6192121e-07
1.6192072e-07
1.6192063e-07
1.6192018e-07
1.6191994e-07
1.6191957e-07
1.6191933e-07
1.6191897e-07
1.6191879e-07
1.619185e-07
1.6191867e-07
1.6191829e-07
1.6191824e-07
1.6191802e-07
1.6191781e-07
1.6191771e-07
1.6191761e-07
1.6191749e-07
1.6191736e-07
1.6191725e-07
1.6191714e-07
1.6191704e-07
1.6191693e-07
1.6191686e-07
1.6191679e-07
1.6191673e-07
1.6191667e-07
1.6191661e-07
1.6191657e-07
1.6191653e-07
1.6191649e-07
1.6191646e-07
1.6191644e-07
1.6191642e-07
1.6191641e-07
1.619164e-07
1.6191639e-07
1.6191639e-07
1.619164e-07
)
;
    }
    procBoundary12to14
    {
        type            processor;
        value           nonuniform List<scalar> 
30
(
1.5433496e-07
1.5433482e-07
1.5433468e-07
1.5433453e-07
1.5433436e-07
1.543342e-07
1.5433405e-07
1.5433392e-07
1.5433379e-07
1.5433367e-07
1.5433355e-07
1.5433343e-07
1.5433332e-07
1.5433322e-07
1.5433313e-07
1.5433304e-07
1.5433296e-07
1.5433289e-07
1.5433282e-07
1.5433275e-07
1.5433269e-07
1.5433263e-07
1.5433258e-07
1.5433253e-07
1.5433249e-07
1.5433245e-07
1.5433242e-07
1.5433238e-07
1.5433235e-07
1.5433233e-07
)
;
    }
    procBoundary12to15
    {
        type            processor;
        value           nonuniform List<scalar> 
29
(
1.7590564e-07
1.6022189e-07
1.5601425e-07
1.5495801e-07
1.5470419e-07
1.5464599e-07
1.5463386e-07
1.546323e-07
1.5463307e-07
1.5463396e-07
1.546338e-07
1.5463182e-07
1.5462804e-07
1.5462348e-07
1.5461938e-07
1.5461637e-07
1.5461437e-07
1.5461308e-07
1.5461227e-07
1.5461183e-07
1.5461163e-07
1.546115e-07
1.5461124e-07
1.5461083e-07
1.5461041e-07
1.5461007e-07
1.5460981e-07
1.5460962e-07
1.5460962e-07
)
;
    }
}


// ************************************************************************* //
