/*--------------------------------*- C++ -*----------------------------------*\
  =========                 |
  \\      /  F ield         | OpenFOAM: The Open Source CFD Toolbox
   \\    /   O peration     | Website:  https://openfoam.org
    \\  /    A nd           | Version:  12
     \\/     M anipulation  |
\*---------------------------------------------------------------------------*/
FoamFile
{
    format      ascii;
    class       volVectorField;
    location    "600";
    object      U;
}
// * * * * * * * * * * * * * * * * * * * * * * * * * * * * * * * * * * * * * //

dimensions      [0 1 -1 0 0 0 0];

internalField   nonuniform List<vector> 
1780
(
(0.083126123 0.00048340286 0)
(0.030854588 1.9027579e-05 -4.198369e-16)
(0.022021774 9.1358547e-07 0)
(0.018316566 4.1868161e-07 0)
(0.016093604 2.6184987e-07 0)
(0.014511123 1.8602165e-07 0)
(0.013299561 1.4106788e-07 0)
(0.012327652 1.1137424e-07 0)
(0.011523443 9.0294647e-08 0)
(0.010843775 7.4591373e-08 0)
(0.010260403 6.2526734e-08 -3.4897394e-22)
(0.0097530606 5.2977445e-08 -1.1634881e-22)
(0.22709257 0.0013947828 0)
(0.093540536 0.00010898712 -2.3922931e-18)
(0.066709556 2.1986884e-05 0)
(0.055476398 1.0047281e-05 0)
(0.048738549 6.2617096e-06 0)
(0.043945179 4.4563527e-06 0)
(0.04027477 3.3778137e-06 0)
(0.037330737 2.6651936e-06 0)
(0.034894952 2.1599032e-06 0)
(0.032836432 1.7834998e-06 0)
(0.031069531 1.4941107e-06 -1.5612661e-21)
(0.02953303 1.2642398e-06 -4.7146725e-22)
(0.35309606 0.0022457828 0)
(0.15813482 0.00028393133 2.5172534e-18)
(0.11272752 6.5071812e-05 0)
(0.093689979 2.9712881e-05 -2.1326089e-20)
(0.082302602 1.8491533e-05 0)
(0.074207635 1.3157911e-05 0)
(0.068008384 9.9734467e-06 0)
(0.063036314 7.8685019e-06 0)
(0.058922863 6.376389e-06 0)
(0.055446512 5.2651175e-06 0)
(0.052462513 4.4107215e-06 -5.5266592e-22)
(0.049867704 3.7321216e-06 -1.7009857e-22)
(0.46252179 0.0030453771 0)
(0.22469475 0.00053862282 -5.2895916e-18)
(0.16017202 0.00013433313 0)
(0.13297914 6.1357058e-05 0)
(0.1168018 3.8097188e-05 0)
(0.10531437 2.7102099e-05 0)
(0.096516268 2.0543187e-05 0)
(0.089459959 1.620651e-05 0)
(0.083622314 1.313293e-05 0)
(0.078688613 1.0844226e-05 0)
(0.074453339 9.0844899e-06 0)
(0.070770417 7.6869201e-06 0)
(0.5566913 0.0038015838 0)
(0.29291599 0.00085273395 -2.7731107e-18)
(0.20900854 0.0002309304 0)
(0.1733597 0.00010554772 4.7474859e-20)
(0.15224592 6.5377203e-05 0)
(0.13727656 4.6491733e-05 0)
(0.12581099 3.5241255e-05 0)
(0.1166149 2.7801168e-05 0)
(0.10900673 2.2528717e-05 0)
(0.10257607 1.8603252e-05 0)
(0.097055057 1.5584878e-05 0)
(0.092253795 1.3187878e-05 0)
(0.63723031 0.0045051746 0)
(0.36168974 0.0012060504 0)
(0.25927011 0.00035629008 0)
(0.21483871 0.00016335055 0)
(0.18863673 0.00010093064 0)
(0.17009941 7.1731595e-05 0)
(0.15590087 5.4375064e-05 0)
(0.1445113 4.2896089e-05 0)
(0.13508729 3.4762112e-05 0)
(0.12712053 2.8706925e-05 0)
(0.12027945 2.4050603e-05 6.6118319e-22)
(0.1143295 2.0353088e-05 0)
(0.70566433 0.0051462893 0)
(0.42980807 0.0015936237 0)
(0.31088439 0.00051078739 -1.2038084e-20)
(0.25740683 0.00023597323 0)
(0.22596599 0.00014542279 0)
(0.20378069 0.00010327542 0)
(0.1867889 7.8289342e-05 0)
(0.17315546 6.1765563e-05 0)
(0.16187229 5.0057259e-05 0)
(0.15233148 4.1341936e-05 0)
(0.14413664 3.4639279e-05 0)
(0.13700791 2.9317035e-05 -4.4240493e-22)
(0.7634027 0.0057265215 0)
(0.49614674 0.0020036402 0)
(0.36359898 0.00069374152 -2.0113362e-20)
(0.30102649 0.0003245273 0)
(0.26421287 0.00019954434 0)
(0.23830907 0.00014158281 0)
(0.21847147 0.00010733359 0)
(0.20254885 8.4689412e-05 0)
(0.18936642 6.8644138e-05 0)
(0.17821566 5.6700741e-05 0)
(0.16863463 4.7514047e-05 -1.4902364e-21)
(0.16029776 4.0219432e-05 2.3599922e-22)
(0.81173735 0.0062476081 0)
(0.55969652 0.0024235836 6.6400835e-18)
(0.41703176 0.00090363028 0)
(0.34561864 0.00042984361 0)
(0.30334027 0.00026398725 0)
(0.27366217 0.00018711391 0)
(0.25093695 0.00014185858 0)
(0.23268701 0.00011195089 0)
(0.21756995 9.0757375e-05 0)
(0.20477642 7.4980938e-05 0)
(0.19377881 6.2843292e-05 7.909895e-22)
(0.18420572 5.3205143e-05 0)
(0.85184554 0.0067101296 0)
(0.61961381 0.002844443 0)
(0.47068655 0.0011369469 -4.2186534e-20)
(0.39104952 0.00055239938 0)
(0.34328999 0.00033939084 0)
(0.30980435 0.00024032315 0)
(0.28416405 0.00018221372 0)
(0.26355837 0.00014383538 0)
(0.24647771 0.00011663583 0)
(0.23201294 9.6385353e-05 0)
(0.2195713 8.0801001e-05 0)
(0.20873591 6.8424692e-05 0)
(0.88479335 0.0071157086 0)
(0.67524728 0.0032575835 0)
(0.52398143 0.0013895687 -5.6342549e-20)
(0.43711982 0.00069240461 0)
(0.38397677 0.00042631114 0)
(0.34668404 0.00030164427 0)
(0.31812009 0.00022873965 0)
(0.29514282 0.00018062576 0)
(0.27607808 0.00014651962 0)
(0.25991938 0.00012112014 0)
(0.24601029 0.00010156555 0)
(0.23388931 8.6033473e-05 0)
(0.91153769 0.007467094 0)
(0.72614726 0.0036554289 0)
(0.57628541 0.0016569908 -7.2849082e-20)
(0.48355852 0.00084908469 0)
(0.42528168 0.00052514098 0)
(0.38423072 0.00037146876 0)
(0.35275895 0.00028175803 0)
(0.32741021 0.00022259591 0)
(0.30635174 0.00018064584 0)
(0.28848394 0.00014939185 0)
(0.27308924 0.00012531768 0)
(0.25966313 0.00010619037 0)
(0.93292446 0.0077674824 0)
(0.77206527 0.0040316431 -7.8871578e-18)
(0.62695771 0.0019339723 -9.1858457e-20)
(0.53002319 0.0010212317 0)
(0.46704574 0.00063603859 0)
(0.42235141 0.00045011526 0)
(0.38801897 0.00034155829 0)
(0.36031869 0.00027000273 0)
(0.33727038 0.00021924322 0)
(0.31768774 0.00018140386 0)
(0.30079601 0.00015223802 0)
(0.28605009 0.00012905598 0)
(0.94968 0.0080197275 0)
(0.81295109 0.0043810871 0)
(0.6753839 0.0022151113 -1.7025119e-19)
(0.57610754 0.0012069662 3.78339e-20)
(0.5090648 0.0007588484 0)
(0.46092698 0.00053779223 0)
(0.42382061 0.0004083808 0)
(0.39381299 0.00032307628 0)
(0.36879524 0.00026252559 0)
(0.34750368 0.00021735181 0)
(0.3291119 0.00018250393 0)
(0.31303759 0.00015479041 6.9210336e-22)
(0.96247412 0.0082291556 0)
(0.84887788 0.0046998715 0)
(0.7210026 0.0024951154 -6.8969932e-20)
(0.62135666 0.0014037765 0)
(0.55108697 0.00089303237 0)
(0.49980853 0.0006345538 0)
(0.46006401 0.00048239605 0)
(0.42782253 0.00038200785 0)
(0.40087564 0.00031068396 0)
(0.37789519 0.00025741816 0)
(0.35801056 0.0002162856 0)
(0.34060685 0.00018355043 0)
(0.97214105 0.0084004726 0)
(0.87982838 0.0049855839 0)
(0.76332343 0.0027688775 0)
(0.66528851 0.0016086039 0)
(0.59281374 0.0010376208 0)
(0.53881431 0.00074025202 0)
(0.49662664 0.00056367929 0)
(0.4622596 0.00044693561 0)
(0.43344741 0.00036387706 0)
(0.40881488 0.00030176556 0)
(0.38745689 0.00025374132 2.4018663e-21)
(0.36873192 0.00021548608 0)
(0.97937847 0.0085363672 0)
(0.90598557 0.005237524 -4.6863306e-18)
(0.80196067 0.0030316105 0)
(0.7074175 0.0018179601 -8.7148654e-20)
(0.63390534 0.0011911894 0)
(0.57772807 0.00085449007 0)
(0.5333611 0.00065218167 0)
(0.49701757 0.00051792769 0)
(0.46643129 0.00042222026 0)
(0.44020317 0.000350529 0)
(0.41740582 0.0002950118 0)
(0.39737863 0.00025073645 0)
(0.98475283 0.0086435168 0)
(0.92768282 0.0054543424 0)
(0.8366547 0.0032790408 -1.1517187e-19)
(0.74728107 0.0020281014 0)
(0.67399081 0.0013518695 0)
(0.61629928 0.00097658195 0)
(0.57009354 0.00074769882 0)
(0.53196926 0.00059496292 0)
(0.49973155 0.00048577275 0)
(0.47198695 0.00040380674 0)
(0.44780113 0.00034021351 0)
(0.42650354 0.00028942474 0)
(0.98872328 0.0087250002 0)
(0.94534747 0.0056388874 0)
(0.86727986 0.0035077943 -1.3374953e-19)
(0.7844664 0.0022352032 0)
(0.71268254 0.001517394 0)
(0.65424613 0.0011055255 0)
(0.60662303 0.00084983968 0)
(0.56696573 0.00067790957 0)
(0.5332346 0.0005545232 0)
(0.50407834 0.00046164997 0)
(0.47857421 0.00038943099 -2.8721507e-21)
(0.45605283 0.00033165243 0)
(0.99166696 0.0087854081 0)
(0.95944815 0.0057930887 0)
(0.89384097 0.0037153566 -4.6197474e-19)
(0.81863445 0.0024355801 1.0083593e-19)
(0.74959447 0.0016851831 0)
(0.69126179 0.0012399947 0)
(0.64272237 0.00095799886 0)
(0.60183565 0.00076650325 0)
(0.56680804 0.00062837412 0)
(0.53637348 0.00052405134 0)
(0.50964294 0.00044270821 0)
(0.4859612 0.0003774927 0)
(0.99391414 0.0088288295 0)
(0.97044093 0.0059195744 0)
(0.91646263 0.0039001343 -5.2821248e-19)
(0.84953861 0.0026258671 -1.0608728e-19)
(0.78436233 0.0018524616 0)
(0.727024 0.001378357 0)
(0.67814087 0.0010713369 0)
(0.6363856 0.00086032557 0)
(0.60030008 0.00070712542 0)
(0.56875177 0.00059093255 0)
(0.54091071 0.00050003894 0)
(0.51615085 0.00042698289 1.0553484e-21)
(0.9956797 0.0088582116 0)
(0.9788215 0.0060216455 0)
(0.93537941 0.0040614512 -2.0014811e-19)
(0.87703569 0.0028031895 0)
(0.81666376 0.0020164006 0)
(0.7612078 0.001518717 0)
(0.71260943 0.0011887729 0)
(0.67040153 0.00095878597 0)
(0.63353973 0.00079045823 0)
(0.60107533 0.00066213142 0)
(0.57226566 0.00056135652 3.4365034e-21)
(0.54653061 0.00048011635 0)
(0.99702993 0.0088766462 0)
(0.98510268 0.0061025926 -1.2254181e-17)
(0.9509177 0.0041995181 0)
(0.90108933 0.0029653109 -1.1783499e-19)
(0.84623652 0.0021742693 0)
(0.7935006 0.0016589878 0)
(0.74584819 0.0013089939 0)
(0.70365191 0.0010611097 0)
(0.66633779 0.00087792027 0)
(0.63318911 0.00073738907 0)
(0.60358025 0.00062652319 3.6493292e-21)
(0.57699526 0.00053683365 1.1823111e-21)
(0.99803057 0.0088867433 0)
(0.98971692 0.0061656014 0)
(0.96346624 0.004315328 -2.5486123e-19)
(0.92176493 0.0031107333 0)
(0.87289311 0.002323585 0)
(0.82361842 0.0017969837 0)
(0.77757661 0.001430483 0)
(0.73589262 0.0011663351 0)
(0.69848904 0.00096891465 0)
(0.66492171 0.00081633814 0)
(0.63471133 0.00069531952 0)
(0.60742516 0.00059701357 0)
(0.99873692 0.0088904685 0)
(0.99306145 0.0062138208 0)
(0.97341024 0.0044105015 -2.8585604e-19)
(0.93921423 0.0032387045 1.3140054e-19)
(0.89653036 0.0024622398 0)
(0.85132181 0.0019305296 0)
(0.8075254 0.0015515692 0)
(0.7668738 0.0012733234 0)
(0.72977579 0.0010626943 0)
(0.69608703 0.00089849325 0)
(0.66550081 0.00076743469 0)
(0.63768629 0.00066046413 1.3206466e-21)
(0.99922139 0.0088893186 0)
(0.99546857 0.0062499766 0)
(0.98111322 0.0044871272 -6.3924783e-19)
(0.95365907 0.0033491413 0)
(0.91713279 0.0025885922 0)
(0.87642968 0.0020575763 0)
(0.83544973 0.0016704952 0)
(0.79634858 0.001380783 0)
(0.75997289 0.001158364 0)
(0.72648714 0.00098324519 0)
(0.69577708 0.00084245837 -4.3768927e-21)
(0.66763087 0.00072691429 0)
(0.99959334 0.0088847158 0)
(0.9971418 0.0062764166 0)
(0.98693338 0.004547526 0)
(0.96537743 0.0034425336 0)
(0.93476957 0.0027015257 0)
(0.89882945 0.0021763106 0)
(0.86114227 0.0017854998 0)
(0.82408323 0.0014873094 0)
(0.78885437 0.0012548931 0)
(0.75591618 0.0010698605 0)
(0.72535738 0.00091987543 0)
(0.6970986 0.00079600712 1.4720084e-21)
(0.99988348 0.0088771363 0)
(0.99829118 0.0062953632 0)
(0.99122297 0.0045940989 -3.6725572e-19)
(0.97468576 0.003519864 0)
(0.94958614 0.0028004733 0)
(0.91848275 0.0022852503 0)
(0.88444499 0.0018949081 0)
(0.84986823 0.0015914393 0)
(0.81620142 0.0013511391 0)
(0.78416574 0.0011574884 0)
(0.7540511 0.00099906473 0)
(0.72591869 0.00086729502 0)
(1.0001087 0.008867591 0)
(0.99907591 0.0063087767 -7.4049933e-18)
(0.99430968 0.0046292411 -1.4907937e-18)
(0.98192096 0.0035825188 0)
(0.96179174 0.002885406 0)
(0.93542589 0.0023833146 0)
(0.90525844 0.0019972215 0)
(0.87352917 0.0016917169 0)
(0.84181144 0.0014458838 0)
(0.81103134 0.0012451759 0)
(0.78166428 0.0010793032 0)
(0.75391284 0.00094023836 0)
(1.0002815 0.0088565414 0)
(0.99961186 0.0063182083 0)
(0.99647618 0.0046551506 7.5206144e-19)
(0.98742204 0.0036321559 0)
(0.97164384 0.0029567881 0)
(0.94976538 0.0024698655 0)
(0.92354742 0.0020911978 0)
(0.89493666 0.0017867662 0)
(0.86550758 0.00153788 0)
(0.83631999 0.0013318929 0)
(0.80800512 0.0011597766 0)
(0.78089906 0.0010142082 8.6549563e-22)
(1.0004116 0.0088442844 0)
(0.9999782 0.0063248363 0)
(0.99795162 0.0046738233 7.5119311e-19)
(0.99151532 0.0036705678 0)
(0.97943025 0.0030155023 0)
(0.96166878 0.0025447162 0)
(0.93934246 0.0021759149 0)
(0.91401402 0.0018753634 0)
(0.88714798 0.0016259075 0)
(0.8598584 0.0014165661 0)
(0.83289047 0.0012395978 0)
(0.80669658 0.0010884944 2.7430252e-21)
(1.0005059 0.0088310443 0)
(1.0002293 0.006329548 -1.4729378e-17)
(0.99893375 0.0046870137 -7.4085696e-19)
(0.99448813 0.0036995828 1.9404075e-19)
(0.98544966 0.0030627448 0)
(0.9713521 0.0026081044 0)
(0.95273681 0.0022508108 0)
(0.93074204 0.001956503 0)
(0.90663384 0.0017088328 0)
(0.88150129 0.0014981221 0)
(0.8561529 0.0013178326 0)
(0.83113146 0.0011623199 0)
(1.0005679 0.0088169662 0)
(1.0004028 0.0063329917 0)
(0.99958222 0.0046961081 -7.222737e-19)
(0.99659073 0.0037209686 0)
(0.98999665 0.0030998997 0)
(0.97906485 0.0026606343 0)
(0.96387929 0.0023156959 0)
(0.94515992 0.0020294503 0)
(0.92391547 0.0017856686 0)
(0.90113912 0.0015755354 0)
(0.8776483 0.0013935335 -6.6362593e-21)
(0.85404303 0.0012348612 -2.0474432e-21)
(1.0005955 0.0088021815 0)
(1.0005279 0.0063355997 -1.5092719e-17)
(1.0000116 0.004702258 -6.9937597e-19)
(0.99803965 0.0037363441 0)
(0.99335058 0.003128438 0)
(0.98507442 0.0027032021 0)
(0.97296357 0.0023707391 0)
(0.95736249 0.0020937744 0)
(0.93899557 0.0018556268 0)
(0.91870449 0.0016478793 0)
(0.89726289 0.0014657786 -6.6155115e-21)
(0.8752905 0.0013052755 0)
(1.0005786 0.0087866934 0)
(1.000628 0.0063375621 0)
(1.0003047 0.0047063814 -6.7651458e-19)
(0.99901564 0.0037471424 0)
(0.99576594 0.0031498438 0)
(0.98965116 0.0027369125 0)
(0.98021521 0.0024164268 0)
(0.96749357 0.0021493588 0)
(0.95192924 0.0019181589 0)
(0.9341765 0.0017143741 0)
(0.91491962 0.0015337142 0)
(0.89475963 0.0013727331 0)
(1.0005085 0.0087704879 0)
(1.0007141 0.0063389758 0)
(1.00052 0.0047091691 -6.5653302e-19)
(0.99966418 0.003754596 -2.2717701e-19)
(0.99746294 0.0031655264 0)
(0.99305503 0.0027629842 0)
(0.98587773 0.0024535042 0)
(0.97573646 0.0021963891 0)
(0.96282056 0.0019729803 0)
(0.94758241 0.0017744283 0)
(0.93058282 0.0015965978 3.2449009e-21)
(0.91236867 0.0014364533 3.6833876e-21)
(1.0003817 0.0087536227 0)
(1.0007937 0.0063398836 0)
(1.0006891 0.004711097 0)
(1.0000919 0.00375971 2.3229606e-19)
(0.9986243 0.0031767537 0)
(0.9955256 0.0027826694 0)
(0.99019895 0.0024829029 0)
(0.98230219 0.0022353187 0)
(0.97181601 0.0020200755 0)
(0.95899644 0.0018276687 0)
(0.94426088 0.0016538365 3.1920814e-21)
(0.92807321 0.0014957417 -2.6196298e-21)
(1.0001964 0.0087360489 0)
(1.0008783 0.0063401724 1.7669284e-17)
(1.000821 0.0047124773 0)
(1.0003762 0.0037632513 0)
(0.99939948 0.0031846364 0)
(0.99727393 0.0027971788 0)
(0.99341856 0.0025056611 0)
(0.98741693 0.0022668178 0)
(0.97909525 0.0020596832 0)
(0.96853538 0.0018739546 0)
(0.95600631 0.0017050176 0)
(0.94186916 0.0015500252 0)
(0.99995654 0.0087177307 0)
(1.0009669 0.0063397163 0)
(1.000923 0.0047135642 -6.1514127e-19)
(1.0005691 0.0037657704 0)
(0.99990688 0.0031901084 0)
(0.99847788 0.002807616 0)
(0.99575823 0.00252285 0)
(0.99130956 0.0022917109 0)
(0.98486026 0.0020922636 0)
(0.97635171 0.0019133766 0)
(0.9659131 0.0017499286 0)
(0.95379374 0.0015988817 0)
(0.99967658 0.0086986123 0)
(1.0010526 0.0063384776 0)
(1.0009979 0.0047145616 -9.0671573e-19)
(1.0007001 0.0037676418 0)
(1.0002346 0.0031939083 0)
(0.99928362 0.0028149541 0)
(0.99741461 0.0025355132 0)
(0.99420059 0.0023109095 0)
(0.98932381 0.0021184521 0)
(0.98262443 0.0019462372 0)
(0.97411145 0.0017885624 0)
(0.96392386 0.0016420611 -3.2206877e-21)
(0.99938947 0.0086788178 0)
(1.001116 0.0063363484 2.0447531e-17)
(1.0010451 0.0047155312 0)
(1.0007845 0.0037691034 0)
(1.000444 0.0031965829 0)
(0.99980851 0.0028200242 0)
(0.99855435 0.0025446067 0)
(0.99629322 0.0023253469 0)
(0.9926983 0.0021390034 0)
(0.98754885 0.0019730183 0)
(0.98076033 0.0018211086 2.8293903e-21)
(0.97237221 0.0016794955 0)
(0.99915261 0.0086584637 0)
(1.0011058 0.0063334228 0)
(1.0010633 0.0047163696 -2.9073047e-19)
(1.0008395 0.0037702805 0)
(1.0005766 0.0031985223 0)
(1.0001423 0.0028234989 0)
(0.99931452 0.0025509735 0)
(0.99776714 0.0023359269 0)
(0.99518609 0.0021547337 0)
(0.991326 0.0019943368 0)
(0.98603842 0.0018479305 0)
(0.97928104 0.0017112957 0)
(0.9989759 0.008637457 0)
(1.0010404 0.0063299987 0)
(1.0010562 0.0047171092 0)
(1.0008682 0.0037712431 0)
(1.0006568 0.003199989 0)
(1.0003492 0.0028258911 0)
(0.99980549 0.0025553372 0)
(0.9987744 0.0023434745 0)
(0.99697176 0.0021664648 0)
(0.99415282 0.0020108949 0)
(0.99013448 0.0018695311 2.5432535e-21)
(0.98481432 0.0017377368 2.4947506e-21)
(0.99884623 0.0086160447 0)
(1.0009418 0.0063262214 0)
(1.0010279 0.0047175775 -8.2814873e-19)
(1.0008688 0.0037720254 -3.0962597e-19)
(1.0006989 0.0032011405 0)
(1.0004728 0.0028275665 0)
(1.0001123 0.0025582862 0)
(0.9994398 0.0023487134 0)
(0.99821698 0.002174981 0)
(0.99621378 0.0020234293 0)
(0.99323773 0.0018865114 0)
(0.98914896 0.0017592311 0)
(0.99875078 0.0085942923 0)
(1.0008288 0.0063222344 -3.7475995e-17)
(1.0009793 0.0047177565 -2.6448139e-19)
(1.0008516 0.0037726418 1.6497385e-19)
(1.000713 0.0032020677 0)
(1.0005406 0.0028287716 0)
(1.0002965 0.0025602701 0)
(0.99986335 0.0023522615 0)
(0.99905751 0.00218099 0)
(0.99767473 0.0020326656 0)
(0.99552941 0.0018995258 0)
(0.99867892 0.0085721864 0)
(1.0007167 0.0063181881 0)
(1.0009183 0.004717722 -4.9771841e-19)
(1.0008189 0.0037731086 -3.5153102e-19)
(1.0007056 0.0032028334 0)
(1.00057 0.0028296665 0)
(1.0004002 0.0025616127 0)
(1.0001218 0.0023546184 0)
(0.99960402 0.0021851065 0)
(0.99867873 0.0020392812 0)
(0.99717588 0.0019092376 0)
(0.99862214 0.0085496941 0)
(1.0006191 0.006314139 0)
(1.0008507 0.0047174951 -4.5794158e-19)
(1.0007736 0.0037734407 3.733961e-19)
(1.0006809 0.0032034765 0)
(1.0005723 0.0028303513 0)
(1.0004507 0.0025625347 0)
(1.0002708 0.0023561644 0)
(0.9999444 0.0021878491 0)
(0.99934447 0.0020438774 0)
(0.99832389 0.0019162834 0)
(0.99857395 0.0085267612 0)
(1.0005435 0.0063101103 0)
(1.0007822 0.0047171563 -2.047656e-19)
(1.0007193 0.0037736657 -3.9487501e-19)
(1.000643 0.0032040217 0)
(1.0005548 0.0028308876 0)
(1.0004657 0.0025631789 0)
(1.0003485 0.0023571721 0)
(1.0001455 0.0021896318 0)
(0.99976773 0.0020469695 0)
(0.99909764 0.0019212422 0)
(0.99852977 0.0085033157 0)
(1.0004919 0.006306102 0)
(1.0007177 0.0047167977 0)
(1.0006607 0.003773819 0)
(1.0005961 0.0032044915 0)
(1.0005233 0.0028313145 0)
(1.000457 0.0025636364 0)
(1.0003801 0.002357827 0)
(1.0002552 0.0021907659 0)
(1.0000236 0.0020489851 0)
(0.99959863 0.0019246176 0)
(0.99848681 0.008479277 0)
(1.0004615 0.0063020838 0)
(1.0006607 0.0047164987 -1.4399833e-19)
(1.0006025 0.0037739382 0)
(1.0005447 0.0032049093 0)
(1.0004829 0.0028316608 0)
(1.0004325 0.0025639655 0)
(1.0003821 0.0023582503 0)
(1.0003065 0.0021914726 0)
(1.0001681 0.0020502591 0)
(0.99990773 0.0019268353 0)
(0.9984438 0.0084545853 0)
(1.000446 0.0062980063 0)
(1.0006127 0.0047163132 0)
(1.0005486 0.0037740575 0)
(1.0004935 0.003205299 0)
(1.0004385 0.0028319517 0)
(1.0003988 0.0025642058 0)
(1.0003657 0.0023585212 0)
(1.0003211 0.0021919016 0)
(1.0002411 0.0020510388 0)
(1.0000871 0.0019282399 0)
(0.99840067 0.0084292018 0)
(1.0004372 0.0062938154 0)
(1.0005734 0.0047162618 1.3974941e-19)
(1.0005022 0.0037742013 0)
(1.0004466 0.0032056828 0)
(1.0003945 0.0028322107 0)
(1.000361 0.0025643882 0)
(1.0003388 0.0023586922 0)
(1.0003136 0.0021921521 0)
(1.0002695 0.0020514975 0)
(1.0001824 0.0019290951 0)
(0.99835816 0.0084031132 0)
(1.0004262 0.0062894639 0)
(1.0005422 0.0047163252 0)
(1.0004654 0.0037743809 0)
(1.0004071 0.00320608 0)
(1.0003547 0.0028324605 0)
(1.0003235 0.0025645389 0)
(1.0003072 0.002358801 0)
(1.0002935 0.0021922895 0)
(1.0002713 0.0020517521 0)
(1.000225 0.0019295919 0)
(0.99831743 0.0083763322 0)
(1.0004044 0.0062849143 0)
(1.0005193 0.0047164423 0)
(1.0004395 0.0037745963 -4.7592044e-19)
(1.0003768 0.0032065066 0)
(1.0003213 0.0028327216 0)
(1.0002894 0.0025646805 0)
(1.0002752 0.0023588764 0)
(1.0002676 0.0021923585 0)
(1.0002581 0.00205188 -5.5356443e-24)
(1.0002362 0.0019298612 0)
(0.99827962 0.0083488987 0)
(1.0003647 0.0062801334 0)
(1.0005061 0.0047165353 0)
(1.0004236 0.0037748498 4.7686135e-19)
(1.0003553 0.0032069753 0)
(1.0002953 0.0028330104 0)
(1.0002606 0.0025648311 0)
(1.0002458 0.0023589408 0)
(1.0002405 0.0021923907 0)
(1.0002376 0.0020519322 0)
(1.0002297 0.0019299909 0)
(0.9982454 0.0083208784 0)
(1.0003038 0.0062750934 0)
(1.0005024 0.0047164761 0)
(1.0004134 0.0037751496 0)
(1.0003405 0.0032074917 0)
(1.000276 0.0028333356 0)
(1.0002376 0.0025650032 0)
(1.0002205 0.0023590104 0)
(1.0002148 0.0021924087 0)
(1.0002147 0.0020519433 -6.5824576e-23)
(1.0002142 0.0019300383 0)
(1 4.0332217e-10 -3.3643594e-24)
(0.99998613 1.0926815e-09 0)
(0.99996586 1.5967269e-09 0)
(0.99994306 2.1939806e-09 0)
(0.99991545 3.1168102e-09 0)
(0.99988191 4.4910154e-09 0)
(0.99984027 6.5166833e-09 0)
(0.99978873 9.550454e-09 0)
(0.99972373 1.3941423e-08 0)
(0.99964334 2.0689831e-08 0)
(0.99953974 3.023702e-08 0)
(0.99941325 4.5960792e-08 0)
(0.99924216 6.7009962e-08 0)
(0.99904082 1.0772785e-07 0)
(0.99873551 1.5533316e-07 0)
(0.99840899 2.8296361e-07 0)
(0.99777307 4.022497e-07 0)
(0.99720821 1.0925559e-06 0)
(0.99511488 9.5954705e-07 -3.7379247e-19)
(0.99503892 0.00044853169 -6.1300135e-16)
(1 1.2235541e-09 0)
(0.99998607 3.3186868e-09 0)
(0.99996567 4.8531989e-09 0)
(0.99994271 6.6692397e-09 0)
(0.99991492 9.4722717e-09 0)
(0.99988116 1.364539e-08 0)
(0.99983928 1.9795354e-08 0)
(0.99978747 2.9003961e-08 0)
(0.99972216 4.2329213e-08 0)
(0.99964143 6.2803799e-08 0)
(0.99953744 9.1765795e-08 0)
(0.99941054 1.3944802e-07 0)
(0.99923898 2.0328848e-07 0)
(0.99903719 3.2668378e-07 0)
(0.99873135 4.7108962e-07 0)
(0.9984044 8.5748604e-07 0)
(0.99776805 1.2191935e-06 0)
(0.99720318 3.3064987e-06 0)
(0.99511191 2.9364903e-06 -6.8059489e-19)
(0.9950372 0.001296726 1.3843597e-18)
(1 2.0705444e-09 0)
(0.99998601 5.620047e-09 0)
(0.99996546 8.2247643e-09 0)
(0.9999423 1.1303653e-08 0)
(0.99991429 1.6050719e-08 0)
(0.99988028 2.3116182e-08 0)
(0.99983811 3.3525811e-08 0)
(0.99978598 4.9108765e-08 0)
(0.9997203 7.1652327e-08 0)
(0.99963917 1.0628183e-07 0)
(0.99953472 1.552579e-07 0)
(0.99940734 2.3586029e-07 0)
(0.99923523 3.4378648e-07 0)
(0.99903292 5.5223117e-07 0)
(0.99872646 7.9637836e-07 0)
(0.99839899 1.4484816e-06 0)
(0.99776211 2.0606623e-06 0)
(0.99719717 5.5783487e-06 0)
(0.99510776 5.0030984e-06 0)
(0.99503572 0.0020038723 1.3955567e-18)
(1 2.9454912e-09 -6.2591379e-24)
(0.99998595 8.0027569e-09 0)
(0.99996522 1.1721958e-08 0)
(0.99994184 1.6111848e-08 0)
(0.99991357 2.2871862e-08 0)
(0.99987927 3.2929655e-08 0)
(0.99983677 4.7742804e-08 0)
(0.99978427 6.991101e-08 0)
(0.99971816 1.0197016e-07 0)
(0.99963657 1.5120203e-07 0)
(0.99953159 2.2080799e-07 0)
(0.99940367 3.3532326e-07 0)
(0.99923093 4.8863391e-07 0)
(0.99902802 7.8456835e-07 0)
(0.99872085 1.1312999e-06 0)
(0.99839279 2.0563685e-06 0)
(0.9977553 2.9263516e-06 0)
(0.99719023 7.9105835e-06 0)
(0.99510246 7.1249489e-06 -7.6195143e-19)
(0.99503452 0.002606755 0)
(1 3.8496008e-09 1.3152678e-23)
(0.99998587 1.0470888e-08 0)
(0.99996495 1.5352326e-08 0)
(0.99994132 2.1104835e-08 0)
(0.99991275 2.9951021e-08 0)
(0.99987813 4.3107078e-08 0)
(0.99983525 6.2475985e-08 0)
(0.99978233 9.1452545e-08 0)
(0.99971574 1.333418e-07 0)
(0.99963363 1.9764946e-07 0)
(0.99952806 2.8853782e-07 0)
(0.99939953 4.3801822e-07 0)
(0.99922608 6.3809402e-07 0)
(0.99902249 1.0241126e-06 0)
(0.99871455 1.4764588e-06 0)
(0.99838581 2.6822424e-06 0)
(0.99774763 3.8164129e-06 0)
(0.99718237 1.03082e-05 0)
(0.99509605 9.300581e-06 -1.6134773e-18)
(0.99503333 0.0031196315 1.4054296e-18)
(1 4.7842196e-09 1.3793694e-23)
(0.99998579 1.3029255e-08 0)
(0.99996466 1.9124681e-08 0)
(0.99994074 2.6295304e-08 0)
(0.99991185 3.7305473e-08 0)
(0.99987685 5.3671802e-08 0)
(0.99983356 7.7756862e-08 0)
(0.99978017 1.1377603e-07 0)
(0.99971305 1.6582459e-07 0)
(0.99963036 2.4570175e-07 0)
(0.99952414 3.585513e-07 0)
(0.99939493 5.4408642e-07 0)
(0.9992207 7.9235633e-07 0)
(0.99901636 1.2711261e-06 0)
(0.99870757 1.8322145e-06 0)
(0.99837807 3.3266266e-06 0)
(0.99773913 4.732651e-06 0)
(0.9971736 1.277149e-05 0)
(0.99508862 1.1533707e-05 -1.709005e-18)
(0.99503129 0.0035516689 0)
(1 5.7507288e-09 0)
(0.99998571 1.5683e-08 0)
(0.99996434 2.3048514e-08 0)
(0.99994011 3.1696969e-08 0)
(0.99991085 4.4953905e-08 0)
(0.99987545 6.4649083e-08 0)
(0.99983169 9.3619483e-08 0)
(0.99977778 1.3692756e-07 0)
(0.99971009 1.9948043e-07 0)
(0.99962676 2.9544279e-07 0)
(0.99951982 4.3096062e-07 0)
(0.99938986 6.5368098e-07 0)
(0.9992148 9.5162601e-07 0)
(0.99900964 1.5258962e-06 0)
(0.99869992 2.1989576e-06 0)
(0.9983696 3.9901164e-06 0)
(0.9977298 5.6757617e-06 0)
(0.99716397 1.5302329e-05 0)
(0.9950803 1.3826914e-05 -1.8109059e-18)
(0.99502809 0.0039126156 4.7251022e-19)
(1 6.7505301e-09 0)
(0.99998562 1.8437449e-08 0)
(0.999964 2.713377e-08 0)
(0.99993943 3.7324267e-08 0)
(0.99990977 5.2916031e-08 0)
(0.99987392 7.6065556e-08 0)
(0.99982966 1.1009975e-07 0)
(0.99977519 1.609557e-07 0)
(0.99970685 2.3437464e-07 0)
(0.99962284 3.4696112e-07 0)
(0.99951512 5.0588448e-07 0)
(0.99938436 7.6696459e-07 0)
(0.99920838 1.1161218e-06 0)
(0.99900233 1.7887328e-06 0)
(0.99869162 2.5771096e-06 0)
(0.9983604 4.6733703e-06 0)
(0.99771968 6.646565e-06 0)
(0.99715349 1.790265e-05 0)
(0.99507121 1.6182468e-05 -9.5985563e-19)
(0.9950239 0.0042114068 0)
(1 7.7850478e-09 1.5738904e-23)
(0.99998552 2.1298107e-08 0)
(0.99996363 3.1390844e-08 0)
(0.9999387 4.3192373e-08 0)
(0.99990861 6.1212584e-08 0)
(0.99987227 8.7949204e-08 0)
(0.99982746 1.2723531e-07 0)
(0.99977238 1.8591131e-07 0)
(0.99970335 2.7057541e-07 0)
(0.9996186 4.0034905e-07 0)
(0.99951004 5.8344642e-07 0)
(0.99937841 8.8410615e-07 0)
(0.99920146 1.2860708e-06 0)
(0.99899445 2.0599568e-06 0)
(0.99868268 2.9671078e-06 0)
(0.99835051 5.3770704e-06 0)
(0.99770879 7.6459903e-06 0)
(0.99714218 2.0574109e-05 0)
(0.99506153 1.8602889e-05 0)
(0.99501886 0.004455589 4.8174061e-19)
(1 8.8557272e-09 -1.6389121e-23)
(0.99998542 2.4270653e-08 0)
(0.99996324 3.5830611e-08 0)
(0.99993791 4.9317243e-08 0)
(0.99990736 6.9865379e-08 0)
(0.9998705 1.0032943e-07 0)
(0.99982509 1.4506563e-07 0)
(0.99976936 2.1184754e-07 0)
(0.9996996 3.0815387e-07 0)
(0.99961404 4.5570255e-07 0)
(0.99950459 6.6377461e-07 0)
(0.99937203 1.0052803e-06 0)
(0.99919405 1.4617075e-06 0)
(0.99898603 2.3398983e-06 0)
(0.99867314 3.3694017e-06 0)
(0.99833994 6.101914e-06 0)
(0.99769716 8.6750066e-06 0)
(0.99713009 2.3317971e-05 0)
(0.99505146 2.1091139e-05 0)
(0.99501299 0.0046527842 0)
(1 9.9640294e-09 0)
(0.99998532 2.7360935e-08 0)
(0.99996283 4.0464437e-08 0)
(0.99993708 5.5715646e-08 0)
(0.99990603 7.889736e-08 0)
(0.99986861 1.1323712e-07 0)
(0.99982257 1.6363209e-07 0)
(0.99976613 2.3881999e-07 0)
(0.99969558 3.4718424e-07 0)
(0.99960918 5.1312141e-07 0)
(0.99949878 7.4700202e-07 0)
(0.99936524 1.1306677e-06 0)
(0.99918616 1.6432738e-06 0)
(0.99897707 2.628897e-06 0)
(0.998663 3.784454e-06 0)
(0.99832871 6.8486161e-06 0)
(0.99768482 9.7346072e-06 0)
(0.99711724 2.6136933e-05 0)
(0.99504124 2.3648559e-05 0)
(0.9950063 0.0048098698 0)
(1 1.1111423e-08 0)
(0.99998522 3.0574986e-08 0)
(0.9999624 4.5304184e-08 0)
(0.9999362 6.2405174e-08 0)
(0.99990462 8.8332634e-08 0)
(0.9998666 1.267047e-07 0)
(0.99981989 1.8297802e-07 0)
(0.9997627 2.668867e-07 0)
(0.99969132 3.8774381e-07 0)
(0.99960402 5.7270932e-07 0)
(0.99949262 8.3326654e-07 0)
(0.99935804 1.2604551e-06 0)
(0.99917782 1.8310198e-06 0)
(0.99896759 2.9273026e-06 0)
(0.9986523 4.2127414e-06 0)
(0.99831687 7.61791e-06 0)
(0.9976718 1.0825815e-05 0)
(0.99710367 2.9031157e-05 0)
(0.99503116 2.6279454e-05 0)
(0.99499883 0.0049330305 5.1019107e-19)
(1 1.2299381e-08 0)
(0.99998512 3.3919009e-08 0)
(0.99996196 5.0362201e-08 0)
(0.99993528 6.9404261e-08 0)
(0.99990313 9.8196492e-08 0)
(0.99986448 1.4076612e-07 0)
(0.99981706 2.0314876e-07 0)
(0.99975908 2.9610827e-07 0)
(0.99968682 4.2991307e-07 0)
(0.99959857 6.3457391e-07 0)
(0.99948612 9.2271094e-07 0)
(0.99935045 1.3948353e-06 0)
(0.99916903 2.0252031e-06 0)
(0.99895761 3.2354747e-06 0)
(0.99864104 4.6547541e-06 0)
(0.99830442 8.4105473e-06 0)
(0.99765813 1.1949684e-05 0)
(0.9970894 3.20014e-05 0)
(0.99502156 2.8987374e-05 0)
(0.99499062 0.0050278771 0)
(1 1.3529371e-08 0)
(0.99998501 3.7399347e-08 0)
(0.9999615 5.5651328e-08 0)
(0.99993432 7.6732192e-08 0)
(0.99990157 1.0851544e-07 0)
(0.99986225 1.5545699e-07 0)
(0.99981407 2.2419167e-07 0)
(0.99975527 3.2654782e-07 0)
(0.99968208 4.7377567e-07 0)
(0.99959284 6.9882671e-07 0)
(0.99947929 1.0154829e-06 0)
(0.99934248 1.534007e-06 0)
(0.99915981 2.2260893e-06 0)
(0.99894716 3.5537824e-06 0)
(0.99862927 5.1109961e-06 0)
(0.99829141 9.2272971e-06 0)
(0.99764385 1.3107302e-05 0)
(0.99707448 3.5048185e-05 0)
(0.99501284 3.1776005e-05 0)
(0.99498166 0.0050995299 0)
(1 1.4802853e-08 0)
(0.99998491 4.1022476e-08 0)
(0.99996103 6.118488e-08 0)
(0.99993332 8.4409111e-08 0)
(0.99989995 1.1931724e-07 0)
(0.99985992 1.708145e-07 0)
(0.99981095 2.4615621e-07 0)
(0.99975127 3.582711e-07 0)
(0.99967712 5.1941851e-07 0)
(0.99958683 7.6558325e-07 0)
(0.99947214 1.1117351e-06 0)
(0.99933415 1.6781751e-06 0)
(0.99915018 2.4339515e-06 0)
(0.99893625 3.8826049e-06 0)
(0.998617 5.581985e-06 0)
(0.99827786 1.0068946e-05 0)
(0.99762898 1.4299789e-05 0)
(0.99705895 3.8171292e-05 0)
(0.99500547 3.4649817e-05 0)
(0.99497193 0.0051526518 0)
(1 1.6121268e-08 0)
(0.9999848 4.4794987e-08 0)
(0.99996054 6.6976628e-08 0)
(0.99993228 9.2456035e-08 0)
(0.99989825 1.3063088e-07 0)
(0.99985749 1.8687753e-07 0)
(0.99980769 2.6909391e-07 0)
(0.9997471 3.9134645e-07 0)
(0.99967194 5.669317e-07 0)
(0.99958056 8.3496298e-07 0)
(0.99946469 1.211625e-06 0)
(0.99932546 1.8275505e-06 0)
(0.99914016 2.6490705e-06 0)
(0.99892491 4.2223304e-06 0)
(0.99860426 6.0682526e-06 0)
(0.9982638 1.0936296e-05 0)
(0.99761358 1.5528303e-05 0)
(0.99704285 4.1369729e-05 0)
(0.995 3.7614092e-05 -3.1081231e-18)
(0.99496125 0.0051912619 1.178606e-18)
(1 1.7486037e-08 2.0817828e-23)
(0.9999847 4.8723571e-08 0)
(0.99996004 7.3040788e-08 0)
(0.99993121 1.0089482e-07 0)
(0.9998965 1.4248665e-07 0)
(0.99985496 2.0368664e-07 0)
(0.99980429 2.9305847e-07 0)
(0.99974275 4.2584487e-07 0)
(0.99966654 6.1640864e-07 0)
(0.99957405 9.0708931e-07 0)
(0.99945694 1.3153149e-06 0)
(0.99931645 1.9823497e-06 0)
(0.99912978 2.8717348e-06 0)
(0.99891316 4.5733567e-06 0)
(0.99859108 6.570344e-06 0)
(0.99824926 1.1830168e-05 0)
(0.99759767 1.6794035e-05 0)
(0.99702621 4.4641588e-05 0)
(0.99499703 4.0673977e-05 -3.3096066e-18)
(0.99494928 0.0052186 0)
(1 1.8898549e-08 2.1420267e-23)
(0.9999846 5.2814999e-08 0)
(0.99995954 7.9391985e-08 0)
(0.99993011 1.0974814e-07 0)
(0.99989469 1.5491612e-07 0)
(0.99985234 2.212841e-07 0)
(0.99980077 3.1810571e-07 0)
(0.99973825 4.6184001e-07 0)
(0.99966095 6.6794593e-07 0)
(0.99956729 9.8208956e-07 0)
(0.99944892 1.422972e-06 0)
(0.99930712 2.1427953e-06 0)
(0.99911904 3.1022403e-06 0)
(0.99890103 4.9360905e-06 0)
(0.99857749 7.0888186e-06 0)
(0.99823429 1.2751396e-05 0)
(0.9975813 1.8098212e-05 0)
(0.99700909 4.7983845e-05 0)
(0.99499723 4.3836786e-05 -3.5337612e-18)
(0.99493537 0.0052372301 0)
(1 2.0360162e-08 0)
(0.9999845 5.7076077e-08 0)
(0.99995903 8.6045214e-08 0)
(0.99992899 1.1903953e-07 0)
(0.99989282 1.679521e-07 0)
(0.99984964 2.3971386e-07 0)
(0.99979714 3.4429363e-07 0)
(0.99973359 4.9940814e-07 0)
(0.99965516 7.2164342e-07 0)
(0.99956031 1.0600949e-06 0)
(0.99944064 1.5347683e-06 0)
(0.99929749 2.3091152e-06 0)
(0.99910798 3.34089e-06 0)
(0.99888855 5.3109475e-06 0)
(0.99856352 7.6242496e-06 0)
(0.99821892 1.3700827e-05 0)
(0.99756451 1.9442102e-05 0)
(0.99699152 5.139216e-05 0)
(0.99500132 4.7114326e-05 0)
(0.99491831 0.005249188 0)
(1 2.1872199e-08 0)
(0.99998441 6.151363e-08 0)
(0.99995852 9.3015803e-08 0)
(0.99992785 1.2879328e-07 0)
(0.99989091 1.8162873e-07 0)
(0.99984686 2.5902161e-07 0)
(0.99979339 3.7168237e-07 0)
(0.99972879 5.3862818e-07 0)
(0.9996492 7.7760414e-07 0)
(0.99955311 1.1412403e-06 0)
(0.99943211 1.6508802e-06 0)
(0.9992876 2.4815431e-06 0)
(0.99909662 3.5879944e-06 0)
(0.99887574 5.6983518e-06 0)
(0.99854921 8.177224e-06 0)
(0.99820319 1.4679326e-05 0)
(0.99754735 2.0827013e-05 0)
(0.99697356 5.4860747e-05 0)
(0.99500998 5.0521054e-05 0)
(0.99489602 0.0052560395 1.4712943e-18)
(1 2.3435942e-08 2.3171221e-23)
(0.99998432 6.6134473e-08 0)
(0.99995801 1.0031935e-07 0)
(0.99992669 1.3903438e-07 0)
(0.99988896 1.9598133e-07 0)
(0.99984401 2.792547e-07 0)
(0.99978954 4.0033417e-07 0)
(0.99972385 5.7958164e-07 0)
(0.99964308 8.3593427e-07 0)
(0.99954573 1.2256645e-06 0)
(0.99942336 1.7714887e-06 0)
(0.99927745 2.660318e-06 0)
(0.99908499 3.8438708e-06 0)
(0.99886263 6.0987359e-06 0)
(0.99853459 8.7483433e-06 0)
(0.99818713 1.5687765e-05 0)
(0.99752986 2.2254296e-05 0)
(0.99695524 5.8382403e-05 0)
(0.99502363 5.4079444e-05 -2.1773181e-18)
(0.99486496 0.00525873 1.5701363e-18)
(1 2.505264e-08 -1.1868205e-23)
(0.99998423 7.0945364e-08 0)
(0.9999575 1.079716e-07 0)
(0.99992552 1.4978861e-07 0)
(0.99988698 2.1104647e-07 0)
(0.9998411 3.0046216e-07 0)
(0.99978561 4.3031343e-07 0)
(0.9997188 6.2235259e-07 0)
(0.9996368 8.9674305e-07 0)
(0.99953816 1.3135098e-06 0)
(0.99941441 1.8967794e-06 0)
(0.99926707 2.8456839e-06 0)
(0.99907312 4.1088434e-06 0)
(0.99884927 6.5125401e-06 0)
(0.99851971 9.3382231e-06 0)
(0.99817078 1.6727031e-05 0)
(0.9975121 2.3725349e-05 0)
(0.99693662 6.1948963e-05 0)
(0.99504209 5.7817229e-05 -7.0039332e-18)
(0.99481924 0.0052581803 1.6749902e-18)
(1 2.6723505e-08 -1.21465e-23)
(0.99998415 7.5952964e-08 0)
(0.99995699 1.1598836e-07 0)
(0.99992434 1.610824e-07 0)
(0.99988496 2.2686182e-07 0)
(0.99983814 3.2269463e-07 0)
(0.99978159 4.6168655e-07 0)
(0.99971363 6.6702755e-07 0)
(0.9996304 9.6014271e-07 0)
(0.99953043 1.4049219e-06 0)
(0.99940528 2.0269419e-06 0)
(0.9992565 3.0378899e-06 0)
(0.99906102 4.3832431e-06 0)
(0.99883567 6.9402122e-06 0)
(0.99850459 9.9474935e-06 0)
(0.9981542 1.7798015e-05 0)
(0.99749411 2.5241624e-05 0)
(0.99691773 6.5552995e-05 0)
(0.99506381 6.1756263e-05 -2.5003535e-18)
(0.99477426 0.0052550071 0)
(1 2.8449722e-08 -1.2420811e-23)
(0.99998408 8.1163795e-08 0)
(0.9999565 1.2438555e-07 0)
(0.99992316 1.7294256e-07 0)
(0.99988293 2.4346614e-07 0)
(0.99983513 3.4600429e-07 0)
(0.9997775 4.9452195e-07 0)
(0.99970838 7.1369548e-07 0)
(0.99962387 1.0262483e-06 0)
(0.99952257 1.5000501e-06 0)
(0.99939599 2.16217e-06 0)
(0.99924574 3.2371898e-06 0)
(0.99904875 4.6674072e-06 0)
(0.99882189 7.3822075e-06 0)
(0.99848927 1.0576799e-05 0)
(0.99813742 1.8901617e-05 0)
(0.99747594 2.6804634e-05 0)
(0.99689861 6.9189415e-05 0)
(0.99508691 6.5908712e-05 -2.6739069e-18)
(0.99473112 0.0052495033 1.8985075e-18)
(1 3.0232475e-08 0)
(0.99998401 8.658412e-08 0)
(0.99995601 1.3317899e-07 0)
(0.99992199 1.853963e-07 0)
(0.99988088 2.6089914e-07 0)
(0.99983209 3.7044479e-07 0)
(0.99977336 5.2888991e-07 0)
(0.99970304 7.6244759e-07 0)
(0.99961724 1.0951777e-06 0)
(0.99951458 1.5990466e-06 0)
(0.99938656 2.3026611e-06 0)
(0.99923485 3.4438418e-06 0)
(0.99903632 4.9616792e-06 0)
(0.99880794 7.8389875e-06 0)
(0.99847381 1.1226801e-05 0)
(0.99812049 2.0038739e-05 0)
(0.99745767 2.8415971e-05 0)
(0.9968793 7.2856124e-05 0)
(0.99510925 7.028074e-05 -8.5654681e-18)
(0.99469053 0.005242289 0)
(1 3.2072909e-08 -1.2959103e-23)
(0.99998395 9.2220071e-08 0)
(0.99995554 1.4238419e-07 0)
(0.99992083 1.9847122e-07 0)
(0.99987884 2.7920138e-07 0)
(0.99982903 3.960711e-07 0)
(0.99976918 5.6486248e-07 0)
(0.99969764 8.1337726e-07 0)
(0.99961054 1.1670512e-06 0)
(0.99950651 1.7020667e-06 0)
(0.99937703 2.4486164e-06 0)
(0.99922384 3.6581083e-06 0)
(0.99902378 5.2664086e-06 0)
(0.99879389 8.3110204e-06 0)
(0.99845824 1.1898173e-05 0)
(0.99810345 2.1210284e-05 0)
(0.99743934 3.0077328e-05 0)
(0.99685981 7.6554758e-05 0)
(0.99512854 7.4879979e-05 -3.0443796e-18)
(0.99465337 0.0052337512 0)
(1 3.3972179e-08 -2.64481e-23)
(0.99998389 9.8077465e-08 0)
(0.99995508 1.5201631e-07 0)
(0.99991968 2.1219495e-07 0)
(0.9998768 2.9841411e-07 0)
(0.99982596 4.2293941e-07 0)
(0.99976496 6.0251335e-07 0)
(0.9996922 8.6657983e-07 0)
(0.99960377 1.2419916e-06 0)
(0.99949836 1.8092683e-06 0)
(0.99936742 2.6002404e-06 0)
(0.99921274 3.8802553e-06 0)
(0.99901116 5.5819506e-06 0)
(0.99877976 8.79878e-06 0)
(0.99844261 1.2591607e-05 0)
(0.99808637 2.2417149e-05 0)
(0.99742102 3.1790545e-05 0)
(0.99684011 8.0291434e-05 0)
(0.99514241 7.9697674e-05 -3.2436078e-18)
(0.99462069 0.0052241138 1.1578045e-18)
(1 3.5931464e-08 -1.3486925e-23)
(0.99998384 1.0416177e-07 0)
(0.99995465 1.6209e-07 0)
(0.99991856 2.265951e-07 0)
(0.99987477 3.1857898e-07 0)
(0.99982289 4.5110688e-07 0)
(0.99976074 6.4191761e-07 0)
(0.99968673 9.221524e-07 0)
(0.99959697 1.3201237e-06 0)
(0.99949016 1.9208118e-06 0)
(0.99935776 2.7577406e-06 0)
(0.9992016 4.1105526e-06 0)
(0.99899849 5.9086656e-06 0)
(0.9987656 9.3027455e-06 0)
(0.99842698 1.330781e-05 0)
(0.99806927 2.3660221e-05 0)
(0.99740277 3.3557708e-05 0)
(0.99682013 8.4075007e-05 0)
(0.99514871 8.473848e-05 0)
(0.99459373 0.0052134824 0)
(1 3.7951962e-08 -1.3748328e-23)
(0.99998379 1.1047807e-07 0)
(0.99995423 1.7261936e-07 0)
(0.99991746 2.4169897e-07 0)
(0.99987277 3.3973786e-07 0)
(0.99981984 4.8063141e-07 0)
(0.99975653 6.8315152e-07 0)
(0.99968126 9.8019358e-07 0)
(0.99959016 1.4015741e-06 0)
(0.99948195 2.0368597e-06 0)
(0.99934809 2.9213272e-06 0)
(0.99919045 4.3492729e-06 0)
(0.99898584 6.2469195e-06 0)
(0.99875145 9.8234012e-06 0)
(0.99841138 1.4047504e-05 0)
(0.99805223 2.494038e-05 0)
(0.99738467 3.5381329e-05 0)
(0.99679968 8.7921652e-05 0)
(0.99514838 9.001613e-05 -1.1083243e-17)
(0.9945713 0.0052019261 1.3296593e-18)
(1 4.0034911e-08 0)
(0.99998375 1.1703114e-07 0)
(0.99995385 1.8361759e-07 0)
(0.99991641 2.5753316e-07 0)
(0.99987082 3.6193264e-07 0)
(0.99981683 5.1157137e-07 0)
(0.99975234 7.2629224e-07 0)
(0.99967582 1.0408032e-06 0)
(0.99958337 1.4864712e-06 0)
(0.99947376 2.1575764e-06 0)
(0.99933844 3.0912126e-06 0)
(0.99917933 4.5966916e-06 0)
(0.99897322 6.5970825e-06 0)
(0.99873737 1.0361236e-05 0)
(0.99839587 1.4811427e-05 0)
(0.9980353 2.6258498e-05 0)
(0.99736676 3.7264143e-05 0)
(0.99677899 9.1855554e-05 0)
(0.99514291 9.5517336e-05 -3.9511644e-18)
(0.99455157 0.0051894935 0)
(1 4.2181591e-08 0)
(0.99998371 1.2382546e-07 0)
(0.99995349 1.9509654e-07 0)
(0.9999154 2.7412345e-07 0)
(0.99986891 3.852047e-07 0)
(0.99981386 5.4398519e-07 0)
(0.9997482 7.7141745e-07 0)
(0.99967041 1.1040819e-06 0)
(0.99957662 1.574944e-06 0)
(0.99946561 2.2831273e-06 0)
(0.99932885 3.2676112e-06 0)
(0.99916828 4.8530865e-06 0)
(0.9989607 6.9595294e-06 0)
(0.9987234 1.0916742e-05 0)
(0.9983805 1.5600332e-05 0)
(0.99801853 2.7615461e-05 0)
(0.9973491 3.9208618e-05 0)
(0.99675841 9.584986e-05 0)
(0.99513342 0.00010129601 8.4492279e-18)
(0.99453321 0.0051762204 0)
(1 4.4393342e-08 0)
(0.99998368 1.3086514e-07 0)
(0.99995315 2.0706716e-07 0)
(0.99991443 2.9149412e-07 0)
(0.99986706 4.0959487e-07 0)
(0.99981096 5.7793093e-07 0)
(0.99974413 8.1860495e-07 0)
(0.99966508 1.1701308e-06 0)
(0.99956994 1.6671228e-06 0)
(0.99945755 2.4136791e-06 0)
(0.99931936 3.4507388e-06 0)
(0.99915735 5.1187368e-06 0)
(0.99894832 7.334639e-06 0)
(0.9987096 1.1490416e-05 0)
(0.99836534 1.6414986e-05 0)
(0.99800199 2.9012175e-05 0)
(0.99733173 4.1216859e-05 0)
(0.99673821 9.9936351e-05 0)
(0.99512095 0.00010730157 -4.5124115e-18)
(0.99451533 0.0051621775 0)
(1 4.6671564e-08 -2.9584282e-23)
(0.99998365 1.3815394e-07 0)
(0.99995285 2.1953951e-07 0)
(0.99991352 3.096682e-07 0)
(0.99986529 4.3514243e-07 0)
(0.99980815 6.134658e-07 0)
(0.99974014 8.6793208e-07 0)
(0.99965984 1.2390509e-06 0)
(0.99956338 1.7631375e-06 0)
(0.99944961 2.5493985e-06 0)
(0.99931001 3.6408118e-06 0)
(0.99914658 5.3939234e-06 0)
(0.99893613 7.7227932e-06 0)
(0.99869602 1.208276e-05 0)
(0.99835043 1.7256166e-05 0)
(0.99798574 3.044958e-05 0)
(0.9973147 4.3290752e-05 0)
(0.99671856 0.00010412676 0)
(0.99510641 0.00011357276 -4.8138098e-18)
(0.99449741 0.0051473694 1.762017e-18)
(1 4.9017728e-08 -3.0112078e-23)
(0.99998363 1.456955e-07 0)
(0.99995258 2.3252225e-07 0)
(0.99991268 3.2866724e-07 0)
(0.9998636 4.6188432e-07 0)
(0.99980543 6.5064555e-07 0)
(0.99973628 9.1947522e-07 0)
(0.99965473 1.3109423e-06 0)
(0.99955695 1.8631177e-06 0)
(0.99944183 2.6904522e-06 0)
(0.99930084 3.838047e-06 0)
(0.99913602 5.6789276e-06 0)
(0.99892418 8.1243771e-06 0)
(0.99868272 1.2694276e-05 0)
(0.99833585 1.8124661e-05 0)
(0.99796984 3.1928643e-05 0)
(0.99729805 4.5432091e-05 0)
(0.99669958 0.00010842124 0)
(0.99509058 0.000120138 0)
(0.99447923 0.0051318196 0)
(1 5.1433376e-08 0)
(0.99998361 1.5349342e-07 0)
(0.99995233 2.4602304e-07 0)
(0.99991189 3.4850981e-07 0)
(0.999862 4.8985534e-07 0)
(0.99980284 6.8952387e-07 0)
(0.99973255 9.7330902e-07 0)
(0.99964977 1.385904e-06 0)
(0.99955071 1.967192e-06 0)
(0.99943425 2.8370057e-06 0)
(0.99929189 4.0426608e-06 0)
(0.99912572 5.974031e-06 0)
(0.99891253 8.5397777e-06 0)
(0.99866976 1.3325472e-05 0)
(0.99832165 1.9021269e-05 0)
(0.99795437 3.3450362e-05 0)
(0.99728186 4.7642655e-05 0)
(0.99668136 0.0001128243 0)
(0.99507412 0.00012700913 -1.0908321e-17)
(0.99446076 0.0051156011 2.0067776e-18)
(1 5.3920127e-08 -3.1184498e-23)
(0.99998359 1.6155131e-07 0)
(0.99995211 2.6004874e-07 0)
(0.99991118 3.6921125e-07 0)
(0.99986051 5.190874e-07 0)
(0.99980038 7.3015166e-07 0)
(0.99972898 1.0295057e-06 0)
(0.99964501 1.4640327e-06 0)
(0.99954467 2.0754868e-06 0)
(0.99942692 2.989223e-06 0)
(0.99928323 4.2548681e-06 0)
(0.99911573 6.2795146e-06 0)
(0.99890123 8.9693836e-06 0)
(0.99865719 1.3976859e-05 0)
(0.99830789 1.9946798e-05 0)
(0.9979394 3.5015761e-05 0)
(0.99726618 4.9924266e-05 0)
(0.99666393 0.00011734067 0)
(0.99505753 0.00013420292 0)
(0.99444214 0.0050988045 0)
(1 5.6479678e-08 0)
(0.99998357 1.6987294e-07 0)
(0.99995192 2.7460514e-07 0)
(0.99991053 3.9078468e-07 0)
(0.99985913 5.4960895e-07 0)
(0.99979807 7.7257628e-07 0)
(0.9997256 1.088134e-06 0)
(0.99964046 1.5454219e-06 0)
(0.99953889 2.1881258e-06 0)
(0.99941986 3.1472655e-06 0)
(0.99927489 4.4748819e-06 0)
(0.99910611 6.5956584e-06 0)
(0.99889034 9.4135835e-06 0)
(0.99864508 1.4648953e-05 0)
(0.99829463 2.0902061e-05 0)
(0.99792498 3.6625892e-05 0)
(0.99725107 5.2278816e-05 0)
(0.99664732 0.00012196613 0)
(0.99504117 0.00014174583 -1.2265831e-17)
(0.99442356 0.0050815549 0)
(1 5.9113809e-08 3.2288708e-23)
(0.99998355 1.7846225e-07 0)
(0.99995175 2.8969723e-07 0)
(0.99990994 4.1324118e-07 0)
(0.99985787 5.8144442e-07 0)
(0.99979592 8.1684075e-07 0)
(0.99972242 1.1492588e-06 0)
(0.99963615 1.6301614e-06 0)
(0.99953339 2.3052287e-06 0)
(0.99941313 3.3112913e-06 0)
(0.99926691 4.7029119e-06 0)
(0.9990969 6.9227409e-06 0)
(0.99887992 9.8727661e-06 0)
(0.99863349 1.5342273e-05 0)
(0.99828195 2.1887875e-05 0)
(0.99791119 3.8281829e-05 0)
(0.99723661 5.4708284e-05 0)
(0.99663158 0.00012668683 0)
(0.99502534 0.00014967015 0)
(0.99440526 0.0050640006 2.3868787e-18)
(1 6.1824377e-08 0)
(0.99998354 1.873235e-07 0)
(0.9999516 3.0532982e-07 0)
(0.99990943 4.3658943e-07 0)
(0.99985673 6.1461392e-07 0)
(0.99979395 8.6298304e-07 0)
(0.99971946 1.2129394e-06 0)
(0.99963211 1.7183359e-06 0)
(0.9995282 2.4269107e-06 0)
(0.99940677 3.4814541e-06 0)
(0.99925935 4.9391643e-06 0)
(0.99908815 7.2610381e-06 0)
(0.99887001 1.0347318e-05 0)
(0.99862246 1.6057345e-05 0)
(0.99826989 2.2905064e-05 0)
(0.99789809 3.9984679e-05 0)
(0.99722286 5.7214718e-05 0)
(0.99661672 0.00013158846 0)
(0.99501023 0.00015791123 0)
(0.99438747 0.005046281 0)
(1 6.4613325e-08 3.3435852e-23)
(0.99998353 1.9646125e-07 0)
(0.99995147 3.2150775e-07 0)
(0.99990897 4.6083627e-07 0)
(0.99985571 6.4913347e-07 0)
(0.99979216 9.1103554e-07 0)
(0.99971674 1.2792294e-06 0)
(0.99962836 1.8100243e-06 0)
(0.99952336 2.5532813e-06 0)
(0.9994008 3.6579028e-06 0)
(0.99925224 5.1838402e-06 0)
(0.99907992 7.610824e-06 0)
(0.99886068 1.0837625e-05 0)
(0.99861206 1.6794699e-05 0)
(0.99825852 2.3954449e-05 0)
(0.99788573 4.1735581e-05 0)
(0.99720989 5.9800199e-05 0)
(0.99660279 0.00013658863 0)
(0.99499598 0.00016656682 0)
(0.9943704 0.0050285659 0)
(1 6.7482679e-08 0)
(0.99998352 2.0588043e-07 0)
(0.99995136 3.3823612e-07 0)
(0.99990857 4.8598743e-07 0)
(0.99985481 6.8501547e-07 0)
(0.99979055 9.6102486e-07 0)
(0.99971427 1.3481758e-06 0)
(0.99962492 1.9052987e-06 0)
(0.99951889 2.6844432e-06 0)
(0.99939526 3.8407804e-06 0)
(0.99924562 5.4371354e-06 0)
(0.99907223 7.97237e-06 0)
(0.99885195 1.1344067e-05 0)
(0.99860234 1.7554878e-05 0)
(0.99824787 2.5036852e-05 0)
(0.99787417 4.3535726e-05 0)
(0.99719775 6.2466822e-05 0)
(0.99658981 0.0001417095 0)
(0.99498269 0.00017563247 -1.4960987e-17)
(0.99435423 0.005010951 5.506486e-18)
(1 7.0434549e-08 -1.7318463e-23)
(0.99998351 2.1558636e-07 0)
(0.99995126 3.5552054e-07 0)
(0.99990822 5.1204817e-07 0)
(0.99985401 7.2226939e-07 0)
(0.99978911 1.012972e-06 0)
(0.99971205 1.419818e-06 0)
(0.9996218 2.0042237e-06 0)
(0.9995148 2.8204919e-06 0)
(0.99939017 4.0302235e-06 0)
(0.99923952 5.6992397e-06 0)
(0.99906513 8.3459449e-06 0)
(0.99884388 1.1867022e-05 0)
(0.99859332 1.8338432e-05 0)
(0.99823801 2.6153088e-05 0)
(0.99786345 4.5386365e-05 0)
(0.99718651 6.5216657e-05 0)
(0.99657781 0.00014696186 0)
(0.99497044 0.00018511068 -1.5557154e-17)
(0.9943391 0.0049933925 -5.7291819e-18)
(1 7.3471126e-08 3.5261081e-23)
(0.9999835 2.2558474e-07 0)
(0.99995117 3.7336735e-07 0)
(0.99990792 5.3902399e-07 0)
(0.99985332 7.6090287e-07 0)
(0.99978785 1.0668932e-06 0)
(0.99971007 1.4941887e-06 0)
(0.99961901 2.1068557e-06 0)
(0.99951111 2.9615143e-06 0)
(0.99938555 4.2263615e-06 0)
(0.99923396 5.9703361e-06 0)
(0.99905864 8.7318159e-06 0)
(0.99883648 1.2406864e-05 0)
(0.99858505 1.914593e-05 0)
(0.99822895 2.7303966e-05 0)
(0.9978536 4.7288832e-05 0)
(0.99717619 6.8051714e-05 0)
(0.99656683 0.00015234908 0)
(0.99495925 0.00019500733 -1.608916e-17)
(0.99432509 0.0049757358 5.933826e-18)
(1 7.6594691e-08 3.5902771e-23)
(0.99998349 2.3588171e-07 0)
(0.9999511 3.9178376e-07 0)
(0.99990766 5.6692112e-07 0)
(0.99985272 8.0092292e-07 0)
(0.99978675 1.1228012e-06 0)
(0.99970833 1.5713139e-06 0)
(0.99961653 2.2132428e-06 0)
(0.99950782 3.1075882e-06 0)
(0.99938141 4.4293155e-06 0)
(0.99922895 6.2505995e-06 0)
(0.99905277 9.1302474e-06 0)
(0.99882977 1.2963962e-05 0)
(0.99857755 1.9977957e-05 0)
(0.99822072 2.8490285e-05 0)
(0.99784465 4.9244564e-05 0)
(0.99716682 7.0973898e-05 0)
(0.99655689 0.00015787436 0)
(0.99494918 0.00020532531 -8.2689754e-18)
(0.9943123 0.0049578312 6.1152e-18)
(1 7.9807607e-08 0)
(0.99998349 2.4648377e-07 0)
(0.99995103 4.1077791e-07 0)
(0.99990744 5.9574705e-07 0)
(0.9998522 8.4233701e-07 0)
(0.99978581 1.1807074e-06 0)
(0.99970682 1.6512151e-06 0)
(0.99961436 2.3234258e-06 0)
(0.99950492 3.2587826e-06 0)
(0.99937774 4.6391976e-06 0)
(0.99922449 6.5401962e-06 0)
(0.99904753 9.5415004e-06 0)
(0.99882377 1.3538678e-05 0)
(0.99857082 2.0835118e-05 0)
(0.99821334 2.9712828e-05 0)
(0.99783661 5.1255123e-05 0)
(0.99715842 7.3984969e-05 0)
(0.99654798 0.00016354232 0)
(0.99494022 0.00021606223 0)
(0.99430075 0.0049395798 6.2678518e-18)
(1 8.3112325e-08 3.72441e-23)
(0.99998348 2.5739785e-07 0)
(0.99995098 4.3035896e-07 0)
(0.99990725 6.255108e-07 0)
(0.99985176 8.8515403e-07 0)
(0.99978499 1.2406231e-06 0)
(0.99970552 1.7339118e-06 0)
(0.99961247 2.4374404e-06 0)
(0.99950239 3.4151586e-06 0)
(0.99937452 4.8561115e-06 0)
(0.99922057 6.8392825e-06 0)
(0.9990429 9.9658308e-06 0)
(0.99881847 1.4131363e-05 0)
(0.99856485 2.1718038e-05 0)
(0.99820678 3.0972355e-05 0)
(0.99782947 5.3322204e-05 0)
(0.99715099 7.7086512e-05 0)
(0.99654012 0.00016935852 0)
(0.99493238 0.00022720982 0)
(0.99429046 0.0049209181 6.3850735e-18)
(1 8.6511383e-08 3.7946402e-23)
(0.99998347 2.6863127e-07 0)
(0.99995093 4.5053704e-07 0)
(0.99990709 6.5622316e-07 0)
(0.99985138 9.2938506e-07 0)
(0.99978429 1.3025613e-06 0)
(0.9997044 1.8194232e-06 0)
(0.99961086 2.5553204e-06 0)
(0.9995002 3.576773e-06 0)
(0.99937174 5.0801544e-06 0)
(0.99921716 7.1480066e-06 0)
(0.99903887 1.0403489e-05 0)
(0.99881383 1.4742362e-05 0)
(0.99855963 2.2627354e-05 0)
(0.99820105 3.22696e-05 0)
(0.99782321 5.5447633e-05 0)
(0.9971445 8.0279909e-05 0)
(0.99653327 0.00017532918 0)
(0.99492565 0.00023875387 0)
(0.99428141 0.0049018203 0)
(1 9.0007408e-08 0)
(0.99998347 2.8019175e-07 0)
(0.99995089 4.7132332e-07 0)
(0.99990695 6.8789682e-07 0)
(0.99985106 9.7504377e-07 0)
(0.9997837 1.3665381e-06 0)
(0.99970345 1.9077712e-06 0)
(0.99960948 2.6771004e-06 0)
(0.99949834 3.7436819e-06 0)
(0.99936935 5.3114212e-06 0)
(0.99921424 7.4665126e-06 0)
(0.9990354 1.0854722e-05 0)
(0.99880983 1.5372008e-05 0)
(0.99855512 2.3563713e-05 0)
(0.99819609 3.3605273e-05 0)
(0.99781779 5.7633342e-05 0)
(0.99713892 8.3566359e-05 0)
(0.9965274 0.00018146119 0)
(0.99492001 0.00025067473 -8.5754711e-18)
(0.99427356 0.0048822889 6.492001e-18)
(1 9.3603115e-08 -1.9710471e-23)
(0.99998346 2.9208738e-07 0)
(0.99995085 4.9272993e-07 0)
(0.99990682 7.2054635e-07 0)
(0.99985079 1.0221468e-06 0)
(0.9997832 1.4325731e-06 0)
(0.99970265 1.9989819e-06 0)
(0.99960831 2.8028193e-06 0)
(0.99949676 3.9159449e-06 0)
(0.99936732 5.5500095e-06 0)
(0.99921174 7.7949471e-06 0)
(0.99903244 1.131978e-05 0)
(0.99880642 1.602064e-05 0)
(0.99855126 2.4527775e-05 0)
(0.99819185 3.4980075e-05 0)
(0.99781316 5.9881347e-05 0)
(0.9971342 8.6946932e-05 0)
(0.99652245 0.00018776191 0)
(0.99491541 0.0002629487 -8.4804269e-18)
(0.99426685 0.004862344 9.7173842e-18)
(1 9.7301311e-08 4.0195856e-23)
(0.99998346 3.0432666e-07 0)
(0.99995082 5.1476995e-07 0)
(0.99990672 7.5418818e-07 0)
(0.99985056 1.0707138e-06 0)
(0.99978277 1.5006902e-06 0)
(0.99970197 2.0930864e-06 0)
(0.99960732 2.9325218e-06 0)
(0.99949542 4.0936283e-06 0)
(0.99936561 5.7960239e-06 0)
(0.99920964 8.1334648e-06 0)
(0.99902994 1.179892e-05 0)
(0.99880353 1.6688605e-05 0)
(0.998548 2.5520212e-05 0)
(0.99818828 3.6394727e-05 0)
(0.99780925 6.2193708e-05 0)
(0.99713027 9.042269e-05 0)
(0.99651836 0.00019423895 0)
(0.99491179 0.00027555016 0)
(0.9942612 0.0048420252 0)
(1 1.011049e-07 0)
(0.99998345 3.1691844e-07 0)
(0.99995079 5.374574e-07 0)
(0.99990663 7.8884056e-07 0)
(0.99985036 1.1207675e-06 0)
(0.99978241 1.5709179e-06 0)
(0.99970139 2.1901218e-06 0)
(0.99960649 3.0662597e-06 0)
(0.9994943 4.2768071e-06 0)
(0.99936417 6.0495793e-06 0)
(0.99920788 8.4822342e-06 0)
(0.99902785 1.2292415e-05 0)
(0.99880111 1.7376277e-05 0)
(0.99854527 2.6541717e-05 0)
(0.99818529 3.7850003e-05 0)
(0.99780599 6.4572502e-05 0)
(0.99712705 9.3994826e-05 0)
(0.99651505 0.00020089991 0)
(0.99490908 0.00028845411 -8.1121448e-18)
(0.99425649 0.0048213769 3.1617937e-18)
(1 1.0501686e-07 4.182774e-23)
(0.99998345 3.2987196e-07 0)
(0.99995076 5.6080716e-07 0)
(0.99990655 8.2452349e-07 0)
(0.99985019 1.1723334e-06 0)
(0.99978211 1.6432889e-06 0)
(0.99970091 2.2901313e-06 0)
(0.99960579 3.2040928e-06 0)
(0.99949336 4.4655662e-06 0)
(0.99936297 6.3108025e-06 0)
(0.9992064 8.8414392e-06 0)
(0.9990261 1.2800555e-05 0)
(0.9987991 1.808406e-05 0)
(0.99854299 2.7593003e-05 0)
(0.99818282 3.9346748e-05 0)
(0.99780329 6.7019796e-05 0)
(0.99712445 9.7664785e-05 0)
(0.99651241 0.00020775211 0)
(0.99490721 0.00030163887 0)
(0.99425262 0.0048004413 3.0974527e-18)
(1 1.0904031e-07 4.2687455e-23)
(0.99998344 3.4319685e-07 0)
(0.99995074 5.8483501e-07 0)
(0.99990649 8.6125864e-07 0)
(0.99985004 1.2254401e-06 0)
(0.99978185 1.7178404e-06 0)
(0.9997005 2.3931641e-06 0)
(0.9996052 3.3460888e-06 0)
(0.99949257 4.660001e-06 0)
(0.99936197 6.5798324e-06 0)
(0.99920517 9.2112804e-06 0)
(0.99902464 1.3323649e-05 0)
(0.99879743 1.8812386e-05 0)
(0.99854111 2.8674804e-05 0)
(0.99818079 4.0885887e-05 0)
(0.99780107 6.9537621e-05 0)
(0.9971224 0.00010143432 0)
(0.99651037 0.00021480241 0)
(0.99490609 0.00031508811 -1.5184043e-17)
(0.99424949 0.0047792516 0)
(1 1.1317842e-07 4.3578212e-23)
(0.99998343 3.5690313e-07 0)
(0.99995071 6.0955757e-07 0)
(0.99990643 8.9906926e-07 0)
(0.99984992 1.2801187e-06 0)
(0.99978163 1.7946135e-06 0)
(0.99970016 2.4992755e-06 0)
(0.99960471 3.4923233e-06 0)
(0.99949191 4.8602169e-06 0)
(0.99936113 6.8568211e-06 0)
(0.99920415 9.5919752e-06 0)
(0.99902344 1.3862022e-05 0)
(0.99879605 1.9561719e-05 0)
(0.99853956 2.9787874e-05 0)
(0.99817913 4.2468425e-05 0)
(0.99779927 7.2127962e-05 0)
(0.99712081 0.00010530551 0)
(0.99650884 0.00022205713 0)
(0.99490565 0.00032879162 -1.4617693e-17)
(0.99424701 0.0047578282 2.9382921e-18)
(1 1.1743447e-07 0)
(0.99998343 3.710012e-07 0)
(0.99995069 6.3499231e-07 0)
(0.99990638 9.3798003e-07 0)
(0.99984981 1.3364026e-06 0)
(0.99978144 1.8736534e-06 0)
(0.99969987 2.6085259e-06 0)
(0.9996043 3.6428798e-06 0)
(0.99949136 5.0663294e-06 0)
(0.99936043 7.1419333e-06 0)
(0.99920331 9.9837572e-06 0)
(0.99902244 1.4416021e-05 0)
(0.99879492 2.0332552e-05 0)
(0.99853829 3.0932983e-05 0)
(0.99817779 4.4095433e-05 0)
(0.99779781 7.4792753e-05 0)
(0.99711962 0.00010928069 0)
(0.99650775 0.00022952206 0)
(0.99490582 0.00034274522 -7.0244441e-18)
(0.99424511 0.0047361775 8.5539621e-18)
(1 1.218117e-07 0)
(0.99998342 3.8550201e-07 0)
(0.99995067 6.611578e-07 0)
(0.99990633 9.7801684e-07 0)
(0.99984972 1.3943281e-06 0)
(0.99978128 1.955009e-06 0)
(0.99969962 2.7209808e-06 0)
(0.99960395 3.7978494e-06 0)
(0.9994909 5.2784627e-06 0)
(0.99935985 7.4353474e-06 0)
(0.9992026 1.0386877e-05 0)
(0.99902161 1.4986011e-05 0)
(0.99879398 2.1125404e-05 0)
(0.99853725 3.2110931e-05 0)
(0.9981767 4.5768041e-05 0)
(0.99779664 7.7533903e-05 0)
(0.99711876 0.00011336248 0)
(0.99650704 0.00023720252 0)
(0.99490653 0.0003569499 0)
(0.99424371 0.0047142933 2.7634125e-18)
)
;

boundaryField
{
    inlet
    {
        type            fixedValue;
        value           uniform (1 0 0);
    }
    top
    {
        type            zeroGradient;
    }
    outlet
    {
        type            zeroGradient;
    }
    slipsurface
    {
        type            slip;
    }
    bottom
    {
        type            fixedValue;
        value           uniform (0 0 0);
    }
    frontandback
    {
        type            empty;
    }
    procBoundary11to10
    {
        type            processor;
        value           nonuniform List<vector> 
57
(
(0.0093091117 4.518562e-08 0)
(0.028188407 1.0764832e-06 0)
(0.047596701 3.1779558e-06 0)
(0.067546611 6.5458049e-06 0)
(0.088050224 1.123105e-05 0)
(0.10911889 1.7335043e-05 0)
(0.13076297 2.4973445e-05 0)
(0.15299155 3.426684e-05 0)
(0.17581207 4.5340783e-05 0)
(0.19922994 5.8326379e-05 0)
(0.2232481 7.3359785e-05 0)
(0.24786643 9.0581253e-05 0)
(0.27308117 0.00011013387 0)
(0.29888427 0.00013216198 0)
(0.32526259 0.00015680909 0)
(0.35219709 0.00018421542 0)
(0.37966194 0.0002145147 0)
(0.40762354 0.00024783048 0)
(0.43603955 0.00028427168 0)
(0.46485786 0.00032392748 0)
(0.49401561 0.00036686144 0)
(0.52343827 0.00041310498 0)
(0.55303882 0.00046265016 0)
(0.58271715 0.00051544212 0)
(0.61235978 0.00057137122 0)
(0.64183987 0.00063026531 0)
(0.67101778 0.0006918826 0)
(0.69974225 0.00075590569 0)
(0.72785221 0.00082193749 0)
(0.75517944 0.00088949974 0)
(0.78155205 0.00095803525 0)
(0.80679885 0.0010269143 0)
(0.83075441 0.0010954463 0)
(0.85326484 0.0011628967 0)
(0.87419388 0.0012285098 0)
(0.89342898 0.0012915357 0)
(0.91088694 0.0013512615 0)
(0.92651858 0.0014070433 0)
(0.94031198 0.0014583383 0)
(0.95229383 0.001504732 0)
(0.96252864 0.0015459591 0)
(0.97111561 0.0015819157 0)
(0.97818355 0.0016126601 0)
(0.98388391 0.0016384026 0)
(0.99246569 0.0017762942 0)
(0.99246569 0.0017762942 0)
(0.99494071 0.0017895052 0)
(0.99673863 0.0017994679 -4.4802226e-21)
(0.99800712 0.0018067733 4.2039181e-21)
(0.99887347 0.0018119718 3.8760244e-21)
(0.99944314 0.0018155498 3.4867237e-21)
(0.99980092 0.0018179228 -3.0296043e-21)
(1.0000132 0.0018194351 0)
(1.0001298 0.0018203582 1.9217562e-21)
(1.0001863 0.0018208937 9.0384404e-22)
(1.0002065 0.001821183 0)
(1.0002062 0.0018213222 0)
)
;
    }
    procBoundary11to12
    {
        type            processor;
        value           nonuniform List<vector> 
31
(
(0.99821462 0.0082923497 0)
(1.000225 0.0062697755 2.6280979e-17)
(1.0005003 0.0047161408 0)
(1.0004078 0.0037754971 0)
(1.0003308 0.003208055 0)
(1.000262 0.0028337 0)
(1.0002197 0.0025652035 0)
(1.0001996 0.0023590957 0)
(1.0001922 0.0021924278 0)
(1.0001923 0.0020519365 -8.2055863e-22)
(1.000195 0.0019300402 0)
(1 1.2631357e-07 0)
(0.99998342 4.0041638e-07 0)
(0.99995065 6.8807266e-07 0)
(0.99990629 1.0192072e-06 0)
(0.99984964 1.4539331e-06 0)
(0.99978114 2.0387327e-06 0)
(0.99969941 2.8367109e-06 0)
(0.99960365 3.9573297e-06 0)
(0.99949051 5.4967533e-06 0)
(0.99935936 7.7372526e-06 0)
(0.99920202 1.0801601e-05 0)
(0.99902093 1.5572373e-05 0)
(0.99879321 2.1940824e-05 0)
(0.99853639 3.3322535e-05 0)
(0.99817584 4.7487445e-05 0)
(0.99779572 8.0353311e-05 0)
(0.99711819 0.00011755366 0)
(0.99650664 0.0002451035 0)
(0.99490774 0.00037141071 -6.4774404e-18)
(0.99424276 0.0046921621 0)
)
;
    }
}


// ************************************************************************* //
