/*--------------------------------*- C++ -*----------------------------------*\
  =========                 |
  \\      /  F ield         | OpenFOAM: The Open Source CFD Toolbox
   \\    /   O peration     | Website:  https://openfoam.org
    \\  /    A nd           | Version:  12
     \\/     M anipulation  |
\*---------------------------------------------------------------------------*/
FoamFile
{
    format      ascii;
    class       volScalarField;
    location    "1500";
    object      nut;
}
// * * * * * * * * * * * * * * * * * * * * * * * * * * * * * * * * * * * * * //

dimensions      [0 2 -1 0 0 0 0];

internalField   nonuniform List<scalar> 
468
(
7.4620674e-06
7.1968286e-06
6.8735827e-06
6.5575484e-06
6.2419007e-06
5.9337158e-06
5.6389154e-06
5.362528e-06
5.1085467e-06
4.8808837e-06
4.6840518e-06
4.5230909e-06
4.4045664e-06
4.3351445e-06
4.3216939e-06
4.367356e-06
4.4679294e-06
4.6163976e-06
4.7980182e-06
4.9916183e-06
5.1891601e-06
5.363375e-06
5.5096201e-06
5.6281841e-06
5.719555e-06
5.7834811e-06
5.8203169e-06
5.8331769e-06
3.1719548e-06
3.171153e-06
3.1609705e-06
3.1561186e-06
3.1728141e-06
3.2481176e-06
3.4205469e-06
3.6333239e-06
3.8939608e-06
4.2218093e-06
4.6360455e-06
5.1832888e-06
5.8537037e-06
6.6467347e-06
7.5578208e-06
8.558988e-06
9.5945707e-06
1.060935e-05
1.155333e-05
1.2351234e-05
1.3121886e-05
1.3580845e-05
1.397848e-05
1.4289152e-05
1.4495727e-05
1.4595337e-05
1.4604366e-05
1.455109e-05
1.9918023e-06
1.7839588e-06
1.6140633e-06
1.4736129e-06
1.3569022e-06
1.2623584e-06
1.1875827e-06
1.1395623e-06
1.1475288e-06
1.215315e-06
1.3430657e-06
1.5329301e-06
1.7719403e-06
2.0704091e-06
2.4430294e-06
2.9913657e-06
3.8808221e-06
4.9729943e-06
6.2419886e-06
7.6352429e-06
9.1371823e-06
1.0629131e-05
1.2037186e-05
1.3296139e-05
1.4371849e-05
1.5259473e-05
1.5979312e-05
1.6564066e-05
9.431396e-06
8.3469034e-06
7.4463962e-06
6.6907294e-06
6.0512513e-06
5.5059987e-06
5.0245273e-06
4.589072e-06
4.1861184e-06
3.8082388e-06
3.4520535e-06
3.1130982e-06
2.7910332e-06
2.4861444e-06
2.2105733e-06
1.9883088e-06
1.8447762e-06
1.8112683e-06
1.9833282e-06
2.323914e-06
2.7994611e-06
3.4043797e-06
4.3610472e-06
5.7595051e-06
7.320726e-06
8.9586224e-06
1.0579971e-05
1.2112187e-05
2.8759216e-05
2.594375e-05
2.3525605e-05
2.1454834e-05
1.9876364e-05
1.8556241e-05
1.7319179e-05
1.6090444e-05
1.4989484e-05
1.3988935e-05
1.3063688e-05
1.219199e-05
1.1357835e-05
1.0525036e-05
9.6771415e-06
8.8076855e-06
7.8834875e-06
6.9031806e-06
5.9317598e-06
5.000046e-06
4.1910225e-06
3.5622534e-06
3.1317403e-06
2.9650939e-06
3.1004724e-06
3.4603226e-06
3.9821745e-06
4.7602134e-06
6.0476163e-05
5.5656604e-05
5.1383163e-05
4.7594233e-05
4.4207301e-05
4.1171281e-05
3.8447679e-05
3.6009506e-05
3.3816175e-05
3.1829229e-05
3.0011379e-05
2.8423772e-05
2.7218098e-05
2.569911e-05
2.4222049e-05
2.274074e-05
2.1238739e-05
1.9714281e-05
1.8142533e-05
1.6483656e-05
1.4743545e-05
1.2934084e-05
1.1127738e-05
9.3563361e-06
7.7261885e-06
6.3369703e-06
5.2722651e-06
4.5458242e-06
9.8084958e-05
9.1533403e-05
8.5573599e-05
8.0142973e-05
7.5202736e-05
7.0694678e-05
6.6597215e-05
6.2866687e-05
5.946946e-05
5.6374864e-05
5.3548337e-05
5.0946302e-05
4.8493416e-05
4.6185966e-05
4.4308918e-05
4.2043546e-05
3.9940858e-05
3.7857104e-05
3.5763675e-05
3.3621598e-05
3.1434314e-05
2.9115482e-05
2.6725774e-05
2.4234993e-05
2.1609151e-05
1.8980524e-05
1.6320381e-05
1.3802971e-05
0.0001376255
0.00012979776
0.00012250278
0.0001157008
0.00010937916
0.00010353593
9.8156956e-05
9.3209668e-05
8.8667487e-05
8.4512145e-05
8.0725777e-05
7.728146e-05
7.410587e-05
7.1122346e-05
6.8216367e-05
6.5402508e-05
6.2846749e-05
5.9852258e-05
5.7213837e-05
5.4622271e-05
5.2067082e-05
4.9458941e-05
4.6771199e-05
4.3938111e-05
4.0900857e-05
3.7676181e-05
3.4258836e-05
3.0884485e-05
0.0001766909
0.00016827031
0.00016023008
0.00015255105
0.00014524533
0.00013835851
0.00013190336
0.00012587264
0.00012025194
0.00011503832
0.00011023588
0.00010584653
0.00010184348
9.819524e-05
9.4785572e-05
9.165683e-05
8.839913e-05
8.4824273e-05
8.1458496e-05
7.8198544e-05
7.5126342e-05
7.20602e-05
6.9021364e-05
6.5947437e-05
6.2779345e-05
5.9484059e-05
5.6043443e-05
5.2430447e-05
0.00021324272
0.0002049344
0.00019679769
0.00018883077
0.00018106925
0.00017359445
0.00016645455
0.00015966882
0.00015324134
0.00014718972
0.00014154138
0.00013631953
0.00013151824
0.00012711484
0.0001230727
0.00011923679
0.00011578429
0.00011210207
0.00010820311
0.00010421283
0.00010041815
9.6724423e-05
9.3126301e-05
8.96059e-05
8.6097581e-05
8.2554809e-05
7.8945214e-05
7.5239476e-05
0.0002458451
0.00023825716
0.00023061704
0.00022293419
0.0002152596
0.00020770153
0.00020033962
0.00019321785
0.00018636185
0.00017981241
0.00017362246
0.00016783807
0.00016247208
0.00015749947
0.00015294231
0.00014842282
0.00014465285
0.00014072026
0.00013673764
0.00013232467
0.00012770678
0.00012323805
0.00011898473
0.00011489985
0.00011090948
0.00010696606
0.00010303493
9.9077597e-05
0.00027375367
0.00026733531
0.00026066076
0.00025374287
0.00024663822
0.00023947079
0.00023234219
0.00022531687
0.0002184405
0.00021177586
0.00020540082
0.00019938479
0.00019375873
0.00018850058
0.00018363629
0.00017894002
0.00017461008
0.00017038546
0.00016614963
0.00016177017
0.00015653677
0.00015127301
0.00014630534
0.00014158463
0.00013703333
0.00013260339
0.00012826039
0.00012396324
0.00029683417
0.00029184815
0.00028644679
0.00028063841
0.00027447618
0.00026808711
0.00026158396
0.00025504512
0.00024853175
0.00024212477
0.00023592349
0.0002300185
0.00022445726
0.00021922386
0.00021433236
0.00020965188
0.00020513481
0.00020067334
0.00019619808
0.00019161738
0.00018643444
0.00018038621
0.00017465046
0.00016926185
0.00016412243
0.00015917363
0.00015438048
0.0001497028
0.00031542092
0.00031194681
0.00030795773
0.00030345066
0.00029846771
0.00029312761
0.00028754387
0.00028180117
0.00027597041
0.00027014501
0.00026444023
0.00025896348
0.00025377605
0.00024886836
0.00024424291
0.00023980932
0.00023541594
0.00023095664
0.00022639761
0.00022160894
0.00021639983
0.0002099252
0.00020348464
0.00019746197
0.00019175757
0.00018630156
0.00018105947
0.0001759962
0.00033016162
0.00032812335
0.00032553417
0.00032237473
0.00031867062
0.0003145237
0.00031003941
0.0003053016
0.00030038494
0.00029538928
0.00029043929
0.00028565373
0.00028110435
0.0002767867
0.00027269376
0.00026874504
0.0002647402
0.00026054147
0.00025611474
0.0002512979
0.00024588529
0.00023922119
0.00023228711
0.00022573494
0.0002195347
0.00021361927
0.00020795887
0.00020252777
0.00034107294
0.00033975329
0.00033786696
0.00033542014
0.00033249263
0.0003291755
0.00032554601
0.00032167744
0.00031767035
0.00031365256
0.00030974848
0.00030603654
0.00030251605
0.00029917147
0.00029591764
0.00029252544
0.00028882157
0.00028474911
0.0002801124
0.00027464818
0.00026787162
0.0002606159
0.00025368091
0.00024709138
0.00024079739
0.00023477889
0.00022902145
0.00035156518
0.00035130934
0.00035053592
0.00034923192
0.00034745344
0.00034527383
0.00034275998
0.0003399799
0.00033703034
0.00033403691
0.00033112447
0.00032837457
0.00032578898
0.00032334423
0.00032094459
0.00031833992
0.00031532333
0.00031180286
0.00030754373
0.00030223355
0.00029547688
)
;

boundaryField
{
    inlet
    {
        type            calculated;
        value           nonuniform List<scalar> 0();
    }
    top
    {
        type            calculated;
        value           nonuniform List<scalar> 0();
    }
    outlet
    {
        type            calculated;
        value           nonuniform List<scalar> 0();
    }
    slipsurface
    {
        type            slip;
    }
    bottom
    {
        type            nutkWallFunction;
        Cmu             0.09;
        kappa           0.41;
        E               9.8;
        value           nonuniform List<scalar> 
28
(
9.1087245e-07
9.1772637e-07
9.171105e-07
9.1416359e-07
9.0836663e-07
9.0028512e-07
8.903573e-07
8.7907067e-07
8.6688652e-07
8.5424119e-07
8.4157214e-07
8.2937126e-07
8.182486e-07
8.0887332e-07
8.0189872e-07
7.9781547e-07
7.9671824e-07
7.9817904e-07
8.0136266e-07
8.0498682e-07
8.0863204e-07
8.1089753e-07
8.117747e-07
8.1150042e-07
8.1028927e-07
8.0825777e-07
8.0548663e-07
8.0208951e-07
)
;
    }
    frontandback
    {
        type            empty;
    }
    procBoundary5to4
    {
        type            processor;
        value           nonuniform List<scalar> 
28
(
0.00028809004
0.00028093067
0.00027408369
0.00026752132
0.00026123555
0.0002552233
0.00036034012
0.00036091068
0.00036104304
0.0003607084
0.00035994083
0.00035879547
0.00035732728
0.00035559674
0.0003536937
0.00035173765
0.00034984972
0.00034811148
0.00034652612
0.00034506293
0.00034361435
0.00034191392
0.00033972403
0.00033691163
0.00033319907
0.00032823404
0.00028809004
0.0003216843
)
;
    }
    procBoundary5to7
    {
        type            processor;
        value           nonuniform List<scalar> 
18
(
7.7092192e-06
3.1540591e-06
2.2502643e-06
1.0748484e-05
3.2047014e-05
6.5912362e-05
0.00010527171
0.00014598896
0.00018545985
0.00022166628
0.00025331272
0.00027984901
0.00030135123
0.00031834918
0.00033164663
0.00034186361
0.00034186361
0.00035135805
)
;
    }
    procBoundary5to15
    {
        type            processor;
        value           nonuniform List<scalar> 
16
(
5.8271897e-06
1.4467599e-05
1.7035411e-05
1.34846e-05
6.1706023e-06
4.1746823e-06
1.1492301e-05
2.7529938e-05
4.8652583e-05
7.1393628e-05
9.5051102e-05
0.00011966454
0.00014508795
0.00017105804
0.00019727756
0.00022348546
)
;
    }
}


// ************************************************************************* //
