/*--------------------------------*- C++ -*----------------------------------*\
  =========                 |
  \\      /  F ield         | OpenFOAM: The Open Source CFD Toolbox
   \\    /   O peration     | Website:  https://openfoam.org
    \\  /    A nd           | Version:  12
     \\/     M anipulation  |
\*---------------------------------------------------------------------------*/
FoamFile
{
    format      ascii;
    class       volVectorField;
    location    "500";
    object      U;
}
// * * * * * * * * * * * * * * * * * * * * * * * * * * * * * * * * * * * * * //

dimensions      [0 1 -1 0 0 0 0];

internalField   nonuniform List<vector> 
187
(
(1.99072916405 -2.05999248102e-12 3.71714415686e-15)
(1.96687679785 6.89992269856e-12 9.93143550604e-15)
(1.91980788406 1.65395213683e-11 1.99068815622e-14)
(1.85613933075 2.35767308194e-11 1.36324592129e-14)
(1.78027009278 3.02166210583e-11 1.25263652451e-14)
(1.69568948472 3.33358922541e-11 1.15015492828e-14)
(1.60521418704 3.26354680645e-11 1.05686621156e-14)
(1.51111857022 3.05184668325e-11 9.72744830043e-15)
(1.41523048954 2.73575384102e-11 8.96898083535e-15)
(1.31900797308 2.20271233244e-11 8.28350344043e-15)
(1.22360241938 -1.44130588853e-10 7.66266282995e-15)
(1.99072916414 -4.72047846288e-12 3.5611640532e-15)
(1.96687679785 1.0992188088e-12 9.45936439742e-15)
(1.91980788402 4.51007803813e-13 1.42522177136e-14)
(1.85613933071 -1.51880748559e-11 1.29475611634e-14)
(1.78027009275 -3.27800637153e-11 1.18702811725e-14)
(1.69568948471 -4.49776827065e-11 1.08761639942e-14)
(1.60521418704 -5.24554610948e-11 9.97581912955e-15)
(1.51111857023 -5.72119327482e-11 9.16990248824e-15)
(1.41523048955 -6.0792383229e-11 8.45080598901e-15)
(1.3190079731 -6.39943359749e-11 7.80965289663e-15)
(1.22360241939 -6.64455741488e-11 7.23884672831e-15)
(1.12991125939 -6.78949098748e-11 6.73249537683e-15)
(1.03862203581 -6.95131188808e-11 6.28603400285e-15)
(0.950249357832 -7.10378135809e-11 5.89542713616e-15)
(0.865165890471 -6.91189565453e-11 5.15055545046e-15)
(0.783628326177 -5.32339768046e-11 4.92329320923e-15)
(1.99072916429 -7.7167873161e-12 3.34355476319e-15)
(1.96687679803 -2.12717770858e-11 8.99828187817e-15)
(1.91980788421 -3.98530295808e-11 1.37427713832e-14)
(1.8561393309 -6.23177369005e-11 1.22178437775e-14)
(1.78027009293 -8.7888510556e-11 1.10924274377e-14)
(1.69568948488 -1.10399510359e-10 1.01382743493e-14)
(1.6052141872 -1.2559155694e-10 9.29974147371e-15)
(1.51111857037 -1.33738750493e-10 8.55406546985e-15)
(1.41523048967 -1.37279164889e-10 7.88603036132e-15)
(1.31900797319 -1.38327823081e-10 7.28283114437e-15)
(1.22360241946 -1.38435091845e-10 6.73254394104e-15)
(1.12991125944 -1.38141528294e-10 6.2231500197e-15)
(1.03862203585 -1.37442346826e-10 5.74198274776e-15)
(0.950249357861 -1.3508670997e-10 5.27656811594e-15)
(0.865165890497 -1.28955107632e-10 5.22361487967e-15)
(0.783628326202 -7.52819193413e-11 4.3728727847e-15)
(1.99072916447 -1.05717223776e-11 3.09618235233e-15)
(1.96687679828 -3.43932307882e-11 8.43943357485e-15)
(1.91980788448 -5.96667094961e-11 1.30071395738e-14)
(1.85613933117 -7.16988295277e-11 1.13929174044e-14)
(1.78027009319 -8.01524241625e-11 1.02699385763e-14)
(1.69568948511 -8.87819930058e-11 9.39000207446e-15)
(1.6052141874 -9.5470090032e-11 8.63964450386e-15)
(1.51111857053 -9.81720948594e-11 7.97200002705e-15)
(1.41523048981 -9.70189268207e-11 7.36654123583e-15)
(1.3190079733 -9.41089927586e-11 6.8128095231e-15)
(1.22360241955 -9.18855833777e-11 6.30434314023e-15)
(1.12991125951 -9.15415505556e-11 5.8365004802e-15)
(1.0386220359 -9.24740399297e-11 5.40588102449e-15)
(0.950249357909 -9.27660523364e-11 5.01093801002e-15)
(0.865165890537 -8.89922627758e-11 4.65320750483e-15)
(0.783628326235 -8.0721764546e-11 4.17063676299e-15)
(1.9907291647 -6.73589899709e-12 2.54116058333e-15)
(1.96687679854 -1.91693806636e-11 7.29788836774e-15)
(1.91980788475 -3.95255964848e-11 1.23322992524e-14)
(1.85613933145 -6.04279392472e-11 1.0006139859e-14)
(1.78027009345 -7.64046034713e-11 9.09556780301e-15)
(1.69568948536 -8.84720709245e-11 8.44692019217e-15)
(1.60521418763 -9.80532003639e-11 7.83659448755e-15)
(1.51111857074 -1.04890980655e-10 7.28920528531e-15)
(1.41523049 -1.0886652172e-10 6.75710897186e-15)
(1.31900797349 -1.11097547073e-10 6.25385300697e-15)
(1.22360241972 -1.13250079971e-10 5.78535241062e-15)
(1.12991125967 -1.16182096477e-10 5.35524545759e-15)
(1.03862203606 -1.1919799645e-10 4.97234471506e-15)
(0.950249358057 -1.19400569296e-10 4.62413520555e-15)
(0.865165890677 -1.12008430348e-10 4.30723768784e-15)
(0.783628326368 -4.81272056177e-11 3.84793438273e-15)
(1.99072916495 -3.84581524567e-12 2.44799838098e-15)
(1.96687679882 -7.47818430372e-13 6.77037887618e-15)
(1.91980788505 8.57757026588e-13 1.10543378969e-14)
(1.85613933175 -4.88506877508e-12 9.44708170444e-15)
(1.78027009375 -1.41215475872e-11 8.77535627609e-15)
(1.69568948564 -2.23857763615e-11 8.42599564559e-15)
(1.6052141879 -2.68373712943e-11 8.45927556584e-15)
(1.51111857099 -2.67560553558e-11 7.37730088631e-15)
(1.41523049022 -2.44221564738e-11 6.74096087453e-15)
(1.31900797369 -2.34751966297e-11 6.28370936676e-15)
(1.2236024199 -2.62085845614e-11 5.93418658901e-15)
(1.12991125983 -3.19963225905e-11 5.67142909856e-15)
(1.03862203619 -3.78563139043e-11 4.99819968255e-15)
(0.950249358169 -4.03604973796e-11 4.42685060663e-15)
(0.865165890769 -3.74174974102e-11 3.93255288876e-15)
(0.783628326441 -4.81284782592e-11 3.50007977904e-15)
(1.99072916507 -5.07046835415e-12 2.35183714071e-15)
(1.966876799 -9.51285255823e-12 6.21969782172e-15)
(1.91980788526 -1.65979018324e-11 1.14402838031e-14)
(1.85613933195 -2.56321740615e-11 8.57803675918e-15)
(1.78027009393 -3.62787230028e-11 8.02783162143e-15)
(1.6956894858 -4.53876177303e-11 7.58872236578e-15)
(1.60521418802 -4.93713336482e-11 7.14675821854e-15)
(1.51111857109 -4.74168952443e-11 6.62701859218e-15)
(1.4152304903 -4.19823826779e-11 6.15112796054e-15)
(1.31900797374 -3.68274889442e-11 5.69233922394e-15)
(1.22360241995 -3.45334047721e-11 5.23534427816e-15)
(1.12991125986 -3.53037109778e-11 4.76997077805e-15)
(1.03862203622 -3.72488038107e-11 4.28089777865e-15)
(0.950249358196 -3.67532399881e-11 3.80760648272e-15)
(0.865165890795 -3.05354254064e-11 3.36287353847e-15)
(0.783628326467 -1.10102221292e-11 2.95438560851e-15)
(1.99072916519 -2.1483271112e-12 2.21529207654e-15)
(1.96687679909 -2.04728167667e-12 6.02383386405e-15)
(1.91980788535 2.23021634025e-12 9.34491232239e-15)
(1.85613933206 7.01842536713e-12 1.15217973604e-14)
(1.78027009403 7.62649448815e-12 8.51049211421e-15)
(1.6956894859 6.69942777465e-12 8.1876747521e-15)
(1.60521418813 8.82859027148e-12 7.0739366602e-15)
(1.51111857119 1.37028206123e-11 6.33670460605e-15)
(1.41523049041 1.80313278739e-11 5.7484761976e-15)
(1.31900797385 1.90120085933e-11 5.23483869122e-15)
(1.22360242005 1.6274059338e-11 4.76309469762e-15)
(1.12991125996 1.17966686175e-11 4.32246554683e-15)
(1.03862203631 8.17712908026e-12 3.91495227195e-15)
(0.950249358279 6.25018044401e-12 3.54357481067e-15)
(0.865165890867 4.39947393793e-12 3.24659000041e-15)
(0.783628326526 3.34898661022e-13 2.7697250761e-15)
(1.99072916528 -1.16822794409e-12 1.9264122119e-15)
(1.96687679925 -5.23672963252e-12 5.02400590806e-15)
(1.91980788554 -1.75297881249e-12 9.43335136635e-15)
(1.85613933225 8.36030292296e-12 7.89805366093e-15)
(1.78027009421 1.31751639741e-11 7.64654084252e-15)
(1.69568948606 1.2331961212e-11 7.13280875874e-15)
(1.60521418826 9.98449089261e-12 6.41403405538e-15)
(1.51111857131 7.88771884741e-12 5.74707805583e-15)
(1.4152304905 5.51526478103e-12 5.13548315247e-15)
(1.31900797392 2.26903367413e-12 4.56656720938e-15)
(1.22360242009 -1.52229500653e-12 4.03021443837e-15)
(1.12991125999 -4.92851764067e-12 3.52714829186e-15)
(1.03862203632 -7.16041038267e-12 3.07498076828e-15)
(0.950249358276 -7.92818521775e-12 2.72700340498e-15)
(0.865165890855 -6.7557576858e-12 2.41890435538e-15)
(0.783628326507 -1.16552961676e-11 2.12800533807e-15)
(1.99072916527 3.57267711561e-12 1.51374707908e-15)
(1.96687679937 3.20186178414e-12 3.99535660636e-15)
(1.91980788571 -9.20816477699e-13 5.6425278813e-15)
(1.85613933241 -1.12920301284e-11 6.41231483829e-15)
(1.78027009435 -2.33610530393e-11 6.53505617581e-15)
(1.69568948617 -3.16689228862e-11 6.36702159191e-15)
(1.60521418834 -3.658604774e-11 5.56408424364e-15)
(1.51111857136 -3.99272080864e-11 5.39647848839e-15)
(1.41523049052 -4.30537308277e-11 4.7957581834e-15)
(1.31900797393 -4.63882320971e-11 4.2889560895e-15)
(1.22360242009 -4.94928023752e-11 3.85544356185e-15)
(1.12991125998 -5.16576234832e-11 3.48640865902e-15)
(1.03862203631 -5.26703850481e-11 3.17777321713e-15)
(0.950249358264 -5.37146548653e-11 2.82149705304e-15)
(0.865165890842 -5.77926945916e-11 2.59969787799e-15)
(0.783628326495 -3.49146752035e-11 2.23559957692e-15)
(1.99072916525 6.2571912178e-12 1.20629898803e-15)
(1.96687679946 2.0298525495e-11 3.21637606872e-15)
(1.91980788582 2.58932077984e-11 4.7484997408e-15)
(1.85613933252 1.64268728729e-11 5.19041442837e-15)
(1.78027009445 2.76961109789e-12 5.35945106517e-15)
(1.69568948625 -9.90309839921e-12 5.50763946829e-15)
(1.60521418842 -2.12385429469e-11 5.09797926877e-15)
(1.51111857143 -3.14904099427e-11 4.77268517714e-15)
(1.41523049059 -4.01526342514e-11 4.38178210996e-15)
(1.31900797399 -4.6497544885e-11 3.98903894195e-15)
(1.22360242016 -5.02663492244e-11 3.61562107656e-15)
(1.12991126004 -5.18013977971e-11 3.26610992734e-15)
(1.03862203637 -5.17071359011e-11 2.93815152475e-15)
(0.950249358317 -5.0483393032e-11 2.62336044878e-15)
(0.865165890891 -4.90749983896e-11 2.32945142433e-15)
(0.78362832654 -3.08635162209e-11 2.05927847178e-15)
(1.99072916517 1.77941262968e-12 8.92341318612e-16)
(1.96687679942 3.56603505828e-12 2.39225785623e-15)
(1.91980788579 -1.18124076127e-13 3.55109162731e-15)
(1.85613933248 -5.61353293937e-12 4.07198910807e-15)
(1.7802700944 -1.20564293761e-11 4.22019443845e-15)
(1.6956894862 -1.87801671166e-11 4.20684819595e-15)
(1.60521418836 -2.48434129661e-11 4.06850457696e-15)
(1.51111857137 -2.96002322843e-11 3.85618423029e-15)
(1.41523049053 -3.27234798487e-11 3.589240354e-15)
(1.31900797393 -3.41658649608e-11 3.29790035091e-15)
(1.2236024201 -3.41461063604e-11 3.00204045405e-15)
(1.12991125998 -3.30466871679e-11 2.71316784202e-15)
(1.03862203632 -3.11594496917e-11 2.43781105422e-15)
(0.950249358265 -2.84685902552e-11 2.17969774649e-15)
(0.865165890842 -2.60056346521e-11 1.94036185001e-15)
(0.783628326494 -1.51408889883e-11 1.71132838728e-15)
)
;

boundaryField
{
    top
    {
        type            fixedValue;
        value           nonuniform List<vector> 0();
    }
    inlet
    {
        type            fixedValue;
        value           nonuniform List<vector> 0();
    }
    outlet
    {
        type            zeroGradient;
    }
    front
    {
        type            wedge;
    }
    back
    {
        type            wedge;
    }
    procBoundary11to9
    {
        type            processor;
        value           nonuniform List<vector> 
11
(
(0.705799128517 -1.5851572409e-11 4.35923193733e-15)
(0.705799128537 -1.07730709762e-11 3.93902815398e-15)
(0.705799128567 -3.51414475188e-11 3.75118197138e-15)
(0.70579912869 6.96427939647e-12 3.43510675499e-15)
(0.705799128748 -3.18240712648e-11 2.96603492724e-15)
(0.705799128773 4.40513009582e-12 2.57726258539e-15)
(0.705799128821 -8.4125818544e-13 2.37757533024e-15)
(0.705799128795 -6.39630226701e-12 1.85762152924e-15)
(0.705799128787 -3.33085983104e-12 1.98734647964e-15)
(0.705799128826 -7.25587775028e-12 1.81006736548e-15)
(0.705799128782 -6.51168702061e-12 1.50146192268e-15)
)
;
    }
    procBoundary11to10
    {
        type            processor;
        value           nonuniform List<vector> 
17
(
(1.99072916409 1.29360966939e-13 4.17033737846e-15)
(1.96687679791 9.75107382458e-12 1.1264318382e-14)
(1.91980788412 2.46323203474e-11 2.18608734658e-14)
(1.85613933082 3.60807888353e-11 1.51059416018e-14)
(1.78027009284 4.08224487067e-11 1.35738561998e-14)
(1.69568948478 4.07897563606e-11 1.23121359155e-14)
(1.60521418709 3.68171156443e-11 1.12557261616e-14)
(1.51111857025 2.93701161364e-11 1.03432191849e-14)
(1.41523048956 1.97762037616e-11 9.53471761704e-15)
(1.31900797309 9.85833573329e-12 8.8061310881e-15)
(1.22360241937 9.68337014326e-13 8.1427614649e-15)
(1.12991125939 -9.01002683518e-11 7.09974538001e-15)
(1.12991125939 -9.01002683518e-11 7.09974538001e-15)
(1.03862203582 6.68084119102e-11 6.59129495771e-15)
(0.950249357853 6.36104963621e-11 6.14520129916e-15)
(0.865165890496 6.20672291153e-11 5.40530489649e-15)
(0.783628326198 -9.16291822033e-11 5.09027771021e-15)
)
;
    }
}


// ************************************************************************* //
