/*--------------------------------*- C++ -*----------------------------------*\
  =========                 |
  \\      /  F ield         | OpenFOAM: The Open Source CFD Toolbox
   \\    /   O peration     | Website:  https://openfoam.org
    \\  /    A nd           | Version:  12
     \\/     M anipulation  |
\*---------------------------------------------------------------------------*/
FoamFile
{
    format      ascii;
    class       surfaceScalarField;
    location    "1900";
    object      phi;
}
// * * * * * * * * * * * * * * * * * * * * * * * * * * * * * * * * * * * * * //

dimensions      [0 3 -1 0 0 0 0];

internalField   nonuniform List<scalar> 
889
(
0.0024508319
2.3943585e-05
0.0024509311
2.4559973e-05
0.0024510298
2.5190132e-05
0.002451128
2.5834377e-05
0.0024512258
2.6493133e-05
0.0024513232
2.7166808e-05
0.0024514203
2.7855739e-05
0.0024515171
2.8560351e-05
0.0024516137
2.9281243e-05
0.0024517102
3.0018925e-05
0.0024518066
3.0773771e-05
0.002451903
3.1546346e-05
0.0024519994
3.2337365e-05
0.002452096
3.3147327e-05
0.0024521927
3.3976665e-05
0.0024522896
3.4826226e-05
0.0024523869
3.5696587e-05
0.0024524846
3.6588155e-05
0.0024525827
3.7501865e-05
0.0024526813
3.8438329e-05
0.0024527804
3.9398002e-05
0.0024528801
4.0381924e-05
0.0024529806
4.1390705e-05
0.0024530817
4.2424892e-05
0.0024531837
4.3485562e-05
0.0024532864
4.4573371e-05
0.0024533901
4.5689124e-05
4.6833674e-05
0.0025326571
2.3840392e-05
0.0025327597
2.445736e-05
0.0025328618
2.5088061e-05
0.0025329634
2.5732806e-05
0.0025330645
2.6392003e-05
0.0025331652
2.7066056e-05
0.0025332657
2.7755316e-05
0.0025333658
2.8460207e-05
0.0025334657
2.9181305e-05
0.0025335655
2.9919122e-05
0.0025336653
3.0674051e-05
0.002533765
3.1446649e-05
0.0025338647
3.2237609e-05
0.0025339646
3.3047443e-05
0.0025340647
3.3876605e-05
0.002534165
3.4725903e-05
0.0025342656
3.5595932e-05
0.0025343667
3.6487122e-05
0.0025344682
3.7400369e-05
0.0025345702
3.8336306e-05
0.0025346728
3.9295409e-05
0.002534776
4.0278678e-05
0.00253488
4.1286749e-05
0.0025349847
4.2320183e-05
0.0025350902
4.3380031e-05
0.0025351966
4.4466967e-05
0.002535304
4.5581797e-05
4.6725377e-05
0.0026172137
2.3733685e-05
0.0026173198
2.4351254e-05
0.0026174254
2.4982514e-05
0.0026175304
2.5627769e-05
0.002617635
2.6287418e-05
0.0026177392
2.6961859e-05
0.0026178431
2.7651454e-05
0.0026179466
2.8356628e-05
0.00261805
2.9077936e-05
0.0026181532
2.9815889e-05
0.0026182564
3.05709e-05
0.0026183595
3.1343518e-05
0.0026184627
3.2134413e-05
0.0026185661
3.2944114e-05
0.0026186696
3.3773088e-05
0.0026187734
3.4622114e-05
0.0026188775
3.5491796e-05
0.002618982
3.638259e-05
0.002619087
3.7295358e-05
0.0026191926
3.8230745e-05
0.0026192988
3.9189252e-05
0.0026194056
4.0171842e-05
0.0026195132
4.1179171e-05
0.0026196215
4.2211819e-05
0.0026197308
4.3270806e-05
0.0026198409
4.4356829e-05
0.002619952
4.5470692e-05
4.6613253e-05
0.0027045929
2.3623356e-05
0.0027047026
2.4241546e-05
0.0027048117
2.4873378e-05
0.0027049203
2.5519157e-05
0.0027050285
2.6179267e-05
0.0027051362
2.6854105e-05
0.0027052437
2.7544042e-05
0.0027053508
2.8249501e-05
0.0027054577
2.8971023e-05
0.0027055645
2.9709114e-05
0.0027056712
3.0464205e-05
0.0027057778
3.1236839e-05
0.0027058846
3.2027666e-05
0.0027059915
3.2837226e-05
0.0027060986
3.3666003e-05
0.0027062059
3.4514745e-05
0.0027063137
3.5384067e-05
0.0027064218
3.6274448e-05
0.0027065304
3.7186717e-05
0.0027066397
3.8121533e-05
0.0027067495
3.9079418e-05
0.00270686
4.0061303e-05
0.0027069713
4.1067861e-05
0.0027070835
4.2099689e-05
0.0027071965
4.315778e-05
0.0027073105
4.424285e-05
0.0027074255
4.5355702e-05
4.6497198e-05
0.0027948887
2.3509294e-05
0.0027950021
2.4128123e-05
0.002795115
2.4760543e-05
0.0027952273
2.5406854e-05
0.0027953391
2.6067436e-05
0.0027954505
2.6742679e-05
0.0027955616
2.7432963e-05
0.0027956724
2.8138711e-05
0.002795783
2.8860448e-05
0.0027958934
2.959868e-05
0.0027960038
3.035385e-05
0.0027961141
3.1126494e-05
0.0027962245
3.1917249e-05
0.0027963351
3.2726662e-05
0.0027964459
3.355523e-05
0.0027965569
3.4403677e-05
0.0027966684
3.5272626e-05
0.0027967802
3.6162576e-05
0.0027968926
3.7074329e-05
0.0027970056
3.8008553e-05
0.0027971192
3.8965791e-05
0.0027972336
3.9946944e-05
0.0027973487
4.0952701e-05
0.0027974648
4.1983675e-05
0.0027975817
4.3040835e-05
0.0027976996
4.4124913e-05
0.0027978186
4.5236712e-05
4.6377098e-05
0.0028881985
2.3391387e-05
0.0028883158
2.4010873e-05
0.0028884324
2.4643893e-05
0.0028885485
2.5290748e-05
0.0028886642
2.5951808e-05
0.0028887794
2.6627464e-05
0.0028888942
2.73181e-05
0.0028890088
2.8024139e-05
0.0028891232
2.8746093e-05
0.0028892374
2.9484466e-05
0.0028893515
3.0239711e-05
0.0028894657
3.1012362e-05
0.0028895799
3.180304e-05
0.0028896942
3.2612299e-05
0.0028898088
3.3440647e-05
0.0028899237
3.4288788e-05
0.002890039
3.515735e-05
0.0028901547
3.6046851e-05
0.002890271
3.6958068e-05
0.0028903878
3.789168e-05
0.0028905054
3.8848246e-05
0.0028906237
3.982864e-05
0.0028907428
4.0833567e-05
0.0028908628
4.1863654e-05
0.0028909838
4.2919848e-05
0.0028911058
4.4002895e-05
0.002891229
4.51136e-05
4.6252831e-05
0.0029846229
2.3269524e-05
0.0029847441
2.3889683e-05
0.0029848647
2.4523313e-05
0.0029849847
2.517072e-05
0.0029851042
2.5832266e-05
0.0029852233
2.650834e-05
0.0029853421
2.7199331e-05
0.0029854606
2.7905662e-05
0.0029855789
2.8627833e-05
0.002985697
2.9366347e-05
0.002985815
3.0121665e-05
0.0029859331
3.0894317e-05
0.0029860512
3.1684912e-05
0.0029861695
3.2494008e-05
0.002986288
3.3322126e-05
0.0029864068
3.4169949e-05
0.0029865261
3.5038109e-05
0.0029866458
3.5927143e-05
0.0029867661
3.6837806e-05
0.002986887
3.7770783e-05
0.0029870085
3.8726651e-05
0.0029871309
3.970626e-05
0.0029872542
4.0710327e-05
0.0029873783
4.1739493e-05
0.0029875035
4.2794686e-05
0.0029876297
4.3876664e-05
0.0029877571
4.4986234e-05
4.6124265e-05
0.0030842657
2.3143594e-05
0.0030843909
2.3764438e-05
0.0030845155
2.4398689e-05
0.0030846396
2.5046653e-05
0.0030847632
2.570869e-05
0.0030848863
2.6385186e-05
0.0030850091
2.7076533e-05
0.0030851316
2.7783155e-05
0.0030852539
2.8505543e-05
0.0030853761
2.9244195e-05
0.0030854982
2.9999581e-05
0.0030856203
3.0772228e-05
0.0030857424
3.1562733e-05
0.0030858648
3.2371657e-05
0.0030859874
3.3199532e-05
0.0030861103
3.4047024e-05
0.0030862336
3.4914769e-05
0.0030863575
3.5803317e-05
0.0030864819
3.6713406e-05
0.0030866069
3.7645726e-05
0.0030867327
3.860087e-05
0.0030868593
3.9579667e-05
0.0030869868
4.0582844e-05
0.0030871152
4.1611056e-05
0.0030872447
4.2665212e-05
0.0030873753
4.3746082e-05
0.003087507
4.4854476e-05
4.5991263e-05
0.0031872342
2.3013483e-05
0.0031873636
2.3635023e-05
0.0031874924
2.4269901e-05
0.0031876207
2.4918426e-05
0.0031877484
2.5580957e-05
0.0031878757
2.6257876e-05
0.0031880027
2.6949579e-05
0.0031881293
2.765649e-05
0.0031882558
2.8379092e-05
0.0031883821
2.9117878e-05
0.0031885083
2.9873327e-05
0.0031886346
3.0645961e-05
0.003188761
3.1436367e-05
0.0031888875
3.224511e-05
0.0031890143
3.3072728e-05
0.0031891415
3.3919876e-05
0.0031892691
3.4787188e-05
0.0031893971
3.5675231e-05
0.0031895258
3.6584726e-05
0.0031896552
3.7516365e-05
0.0031897853
3.8470759e-05
0.0031899162
3.9448716e-05
0.0031900481
4.0450972e-05
0.003190181
4.1478196e-05
0.0031903149
4.2531278e-05
0.00319045
4.3611002e-05
0.0031905863
4.4718178e-05
4.5853676e-05
0.0032936395
2.287908e-05
0.0032937732
2.3501322e-05
0.0032939063
2.4136831e-05
0.0032940388
2.4785919e-05
0.0032941708
2.5448942e-05
0.0032943024
2.6126284e-05
0.0032944336
2.681834e-05
0.0032945646
2.7525536e-05
0.0032946953
2.8248346e-05
0.003294826
2.8987262e-05
0.0032949565
2.9742765e-05
0.0032950871
3.0515377e-05
0.0032952178
3.1305674e-05
0.0032953487
3.2114224e-05
0.0032954798
3.2941571e-05
0.0032956114
3.3788358e-05
0.0032957433
3.4655221e-05
0.0032958758
3.5542738e-05
0.0032960089
3.6451617e-05
0.0032961427
3.7382552e-05
0.0032962773
3.8336168e-05
0.0032964128
3.9313256e-05
0.0032965492
4.031456e-05
0.0032966866
4.134076e-05
0.0032968252
4.2392733e-05
0.0032969649
4.3471271e-05
0.0032971059
4.4577186e-05
4.571135e-05
0.0034035961
2.2740273e-05
0.0034037342
2.336322e-05
0.0034038717
2.3999359e-05
0.0034040086
2.4649007e-05
0.0034041451
2.531252e-05
0.0034042811
2.599028e-05
0.0034044167
2.6682684e-05
0.0034045521
2.7390157e-05
0.0034046873
2.8113169e-05
0.0034048223
2.8852206e-05
0.0034049573
2.9607753e-05
0.0034050924
3.0380332e-05
0.0034052275
3.1170509e-05
0.0034053629
3.1978851e-05
0.0034054986
3.2805912e-05
0.0034056346
3.3652322e-05
0.0034057711
3.4518717e-05
0.0034059082
3.5405686e-05
0.0034060459
3.6313926e-05
0.0034061843
3.7244132e-05
0.0034063235
3.819694e-05
0.0034064636
3.917313e-05
0.0034066048
4.0173449e-05
0.0034067469
4.1198589e-05
0.0034068902
4.2249415e-05
0.0034070348
4.3326726e-05
0.0034071806
4.4431337e-05
4.5564122e-05
0.0035172226
2.2596948e-05
0.0035173652
2.3220597e-05
0.0035175072
2.3857362e-05
0.0035176486
2.4507565e-05
0.0035177896
2.5171561e-05
0.0035179301
2.5849732e-05
0.0035180704
2.6542475e-05
0.0035182103
2.7250216e-05
0.00351835
2.7973419e-05
0.0035184897
2.8712566e-05
0.0035186293
2.9468147e-05
0.0035187689
3.0240677e-05
0.0035189087
3.103072e-05
0.0035190487
3.183884e-05
0.0035191891
3.2665596e-05
0.0035193298
3.351161e-05
0.003519471
3.4377517e-05
0.0035196127
3.5263915e-05
0.0035197552
3.6171491e-05
0.0035198984
3.7100941e-05
0.0035200424
3.8052912e-05
0.0035201874
3.9028173e-05
0.0035203333
4.0027473e-05
0.0035204804
4.1051516e-05
0.0035206287
4.2101156e-05
0.0035207782
4.3177198e-05
0.0035209291
4.4280461e-05
4.541182e-05
0.0036346412
2.2448994e-05
0.0036347885
2.3073337e-05
0.0036349351
2.3710719e-05
0.0036350812
2.4361466e-05
0.0036352268
2.5025934e-05
0.0036353721
2.5704504e-05
0.003635517
2.6397575e-05
0.0036356616
2.7105571e-05
0.0036358061
2.7828951e-05
0.0036359504
2.8568196e-05
0.0036360948
2.9323794e-05
0.0036362392
3.0096261e-05
0.0036363838
3.0886153e-05
0.0036365286
3.1694033e-05
0.0036366737
3.2520464e-05
0.0036368193
3.3366061e-05
0.0036369653
3.4231458e-05
0.003637112
3.5117259e-05
0.0036372593
3.6024145e-05
0.0036374075
3.6952812e-05
0.0036375565
3.7903914e-05
0.0036377064
3.8878212e-05
0.0036378574
3.9876458e-05
0.0036380096
4.0899367e-05
0.003638163
4.1947781e-05
0.0036383176
4.3022511e-05
0.0036384737
4.4124381e-05
4.5254265e-05
0.0037559785
2.2296297e-05
0.0037561306
2.2921321e-05
0.003756282
2.3559305e-05
0.0037564329
2.4210581e-05
0.0037565833
2.4875505e-05
0.0037567333
2.5554459e-05
0.0037568831
2.6247842e-05
0.0037570326
2.6956076e-05
0.0037571819
2.7679617e-05
0.0037573311
2.8418942e-05
0.0037574804
2.917454e-05
0.0037576297
2.9946925e-05
0.0037577792
3.0736646e-05
0.003757929
3.1544267e-05
0.0037580791
3.2370351e-05
0.0037582297
3.3215508e-05
0.0037583808
3.408037e-05
0.0037585325
3.4965548e-05
0.0037586849
3.5871716e-05
0.0037588381
3.6799569e-05
0.0037589923
3.774977e-05
0.0037591474
3.872307e-05
0.0037593037
3.9720226e-05
0.0037594611
4.0741959e-05
0.0037596197
4.1789105e-05
0.0037597798
4.286248e-05
0.0037599412
4.3962909e-05
4.5091271e-05
0.0038813653
2.2138748e-05
0.0038815222
2.276443e-05
0.0038816785
2.3402995e-05
0.0038818343
2.4054779e-05
0.0038819897
2.4720139e-05
0.0038821447
2.5399456e-05
0.0038822994
2.609313e-05
0.0038824539
2.6801582e-05
0.0038826082
2.7525264e-05
0.0038827625
2.826465e-05
0.0038829168
2.9020227e-05
0.0038830713
2.9792507e-05
0.0038832259
3.0582036e-05
0.0038833808
3.1389374e-05
0.003883536
3.2215086e-05
0.0038836918
3.3059778e-05
0.0038838481
3.3924079e-05
0.003884005
3.4808605e-05
0.0038841627
3.5714024e-05
0.0038843212
3.664103e-05
0.0038844807
3.7590295e-05
0.0038846412
3.8562562e-05
0.0038848028
3.9558589e-05
0.0038849657
4.0579105e-05
0.0038851299
4.162494e-05
0.0038852954
4.2696913e-05
0.0038854625
4.3795854e-05
4.4922641e-05
0.0040109366
0.0040110985
0.0040112598
0.0040114207
0.0040115811
0.0040117412
0.0040119011
0.0040120607
0.0040122202
0.0040123797
2.8105158e-05
0.0040125393
2.886069e-05
0.0040126989
2.9632841e-05
0.0040128588
3.0422152e-05
0.004013019
3.1229181e-05
0.0040131796
3.2054494e-05
0.0040133407
3.2898693e-05
0.0040135024
3.3762404e-05
0.0040136647
3.4646245e-05
0.0040138279
3.5550884e-05
0.0040139919
3.6477009e-05
0.0040141569
3.7425301e-05
0.0040143229
3.8396496e-05
0.0040144902
3.9391353e-05
0.0040146587
4.041061e-05
0.0040148285
4.1455088e-05
0.0040149998
4.2525612e-05
0.0040151727
4.3623014e-05
4.4748174e-05
0.0044854499
0.0044856283
0.0044858069
0.0044859858
0.004486165
0.0044863447
0.0044865249
0.0044867059
0.0044868876
0.0044870702
0.0044872538
0.0044874384
0.0044876243
0.0044878115
0.0044880001
0.0044881902
0.004488382
0.0044885755
)
;

boundaryField
{
    inlet
    {
        type            calculated;
        value           nonuniform List<scalar> 0();
    }
    top
    {
        type            calculated;
        value           nonuniform List<scalar> 0();
    }
    outlet
    {
        type            calculated;
        value           nonuniform List<scalar> 0();
    }
    slipsurface
    {
        type            calculated;
        value           nonuniform List<scalar> 0();
    }
    bottom
    {
        type            calculated;
        value           nonuniform List<scalar> 0();
    }
    frontandback
    {
        type            empty;
    }
    procBoundary2to0
    {
        type            processor;
        value           uniform 4.4552888e-05;
    }
    procBoundary2to1
    {
        type            processor;
        value           nonuniform List<scalar> 
17
(
0.0024534947
0.0025354123
0.0026200641
0.0027075415
0.0027979387
0.0028913532
0.0029878857
0.00308764
0.0031907239
0.0032972482
0.0034073279
0.0035210814
0.0036386313
0.0037601042
0.0038856311
0.0040153471
0.0044887708
)
;
    }
    procBoundary2to3
    {
        type            processor;
        value           nonuniform List<scalar> 
28
(
2.1976236e-05
2.2602547e-05
2.3241665e-05
2.3893929e-05
2.4559699e-05
2.5239354e-05
2.5933294e-05
2.6641939e-05
2.7365737e-05
-0.0044852716
2.7926821e-05
2.8682271e-05
2.945425e-05
3.0243293e-05
3.1049956e-05
3.1874804e-05
3.2718435e-05
3.3581471e-05
3.4464536e-05
3.5368291e-05
3.6293425e-05
3.7240621e-05
3.8210613e-05
3.9204158e-05
4.0222002e-05
4.1264962e-05
4.2333865e-05
4.3429546e-05
)
;
    }
    procBoundary2to5
    {
        type            processor;
        value           uniform -4.693824e-05;
    }
    procBoundary2to6
    {
        type            processor;
        value           nonuniform List<scalar> 
27
(
-2.4043374e-05
-2.4659202e-05
-2.5288833e-05
-2.5932591e-05
-2.6590918e-05
-2.7264224e-05
-2.7952834e-05
-2.8657169e-05
-2.9377858e-05
-3.0115409e-05
-3.0870169e-05
-3.1642717e-05
-3.2433793e-05
-3.3243875e-05
-3.4073378e-05
-3.492319e-05
-3.5793871e-05
-3.6685798e-05
-3.7599951e-05
-3.853692e-05
-3.9497137e-05
-4.0481684e-05
-4.1491144e-05
-4.2526046e-05
-4.3587501e-05
-4.467614e-05
-4.579277e-05
)
;
    }
    procBoundary2to8
    {
        type            processor;
        value           uniform -0.0024507321;
    }
    procBoundary2to12
    {
        type            processor;
        value           nonuniform List<scalar> 
15
(
-0.0025325539
-0.002617107
-0.0027044825
-0.0027947746
-0.0028880806
-0.002984501
-0.0030841397
-0.0031871041
-0.0032935051
-0.0034034573
-0.0035170793
-0.0036344932
-0.0037558258
-0.0038812078
-0.0040107741
)
;
    }
}


// ************************************************************************* //
