/*--------------------------------*- C++ -*----------------------------------*\
  =========                 |
  \\      /  F ield         | OpenFOAM: The Open Source CFD Toolbox
   \\    /   O peration     | Website:  https://openfoam.org
    \\  /    A nd           | Version:  12
     \\/     M anipulation  |
\*---------------------------------------------------------------------------*/
FoamFile
{
    format      ascii;
    class       volScalarField;
    location    "800";
    object      p;
}
// * * * * * * * * * * * * * * * * * * * * * * * * * * * * * * * * * * * * * //

dimensions      [0 2 -2 0 0 0 0];

internalField   nonuniform List<scalar> 
466
(
0.0045184124
0.0045245483
0.0045290283
0.004530923
0.0045295831
0.0045246857
0.00451589
0.0045027999
0.0044850492
0.004462333
0.0044344061
0.0044010911
0.0043622925
0.0043180078
0.0042683316
0.0042134561
0.0041536673
0.0040893373
0.0044821926
0.0044873469
0.0044909345
0.0044920873
0.0044902008
0.004484975
0.0044760916
0.0044631777
0.0044458861
0.0044239241
0.0043970524
0.0043650916
0.0043279365
0.0042855658
0.0042380473
0.0041855398
0.0041282906
0.0040666305
0.0044461089
0.0044503454
0.0044530984
0.0044535576
0.0044511605
0.0044456289
0.0044366663
0.0044239227
0.0044070693
0.0043858261
0.0043599603
0.0043292925
0.0042937094
0.0042531738
0.0042077303
0.0041575074
0.0041027172
0.0040436522
0.0044101719
0.004413552
0.0044155263
0.004415339
0.004412467
0.0044066529
0.0043976208
0.0043850429
0.0043686088
0.0043480512
0.0043231446
0.0042937108
0.0042596305
0.0042208532
0.0041774029
0.0041293815
0.0040769691
0.0040204225
0.0043743922
0.0043769747
0.0043782244
0.0043774366
0.004374125
0.0043680518
0.0043589608
0.0043465455
0.0043305135
0.0043106105
0.0042866188
0.0042583624
0.004225718
0.0041886239
0.0041470866
0.0041011841
0.0040510676
0.0039969612
0.0043387803
0.0043406216
0.0043411989
0.0043398551
0.0043361385
0.0043298295
0.0043206909
0.0043084364
0.0042927912
0.0042735137
0.0042503949
0.0042232618
0.0041919886
0.0041565049
0.0041168017
0.0040729363
0.0040250337
0.0039732881
0.0043033466
0.0043045008
0.0043044555
0.0043025987
0.0042985108
0.0042919894
0.0042828149
0.0042707204
0.004255448
0.0042367692
0.0042144834
0.0041884221
0.0041584579
0.0041245136
0.0040865675
0.0040446583
0.0039988878
0.0039494225
0.0042681013
0.0042686199
0.004268
0.0042656716
0.0042612452
0.0042545342
0.0042453357
0.0042334013
0.0042184894
0.004200384
0.0041788938
0.0041538548
0.0041251399
0.0040926664
0.004056402
0.0040163692
0.0039726492
0.0039253834
0.0042330544
0.0042329864
0.0042318376
0.0042290773
0.0042243439
0.0042174658
0.0042082554
0.0041964819
0.0041819192
0.004164364
0.0041436337
0.0041195701
0.0040920471
0.004060978
0.0040263218
0.0039880872
0.0039463368
0.0039011894
0.0041982152
0.0041976073
0.0041959733
0.0041928191
0.0041878092
0.0041807856
0.0041715753
0.004159964
0.0041457406
0.0041287136
0.0041087098
0.0040855769
0.0040591906
0.0040294619
0.0039963423
0.003959829
0.0039199682
0.0038768581
0.0041635927
0.0041624894
0.0041604117
0.0041568996
0.0041516423
0.0041444943
0.004135296
0.0041238486
0.0041099552
0.0040934361
0.0040741273
0.0040518825
0.0040265802
0.0039981299
0.0039664777
0.0039316104
0.0038935601
0.0038524067
0.0041291954
0.0041276387
0.0041251566
0.0041213212
0.0041158442
0.0041085918
0.0040994171
0.0040881356
0.004074564
0.0040585339
0.0040398901
0.0040184929
0.003994224
0.0039669926
0.0039367404
0.0039034458
0.0038671283
0.0038278516
0.0040950311
0.0040930609
0.0040902115
0.0040860854
0.0040804151
0.0040730777
0.0040639376
0.0040528242
0.0040395668
0.0040240078
0.0040060008
0.0039854128
0.003962129
0.0039360592
0.0039071418
0.0038753483
0.0038406875
0.0038032083
0.0040611069
0.0040587606
0.0040555793
0.0040511933
0.0040453548
0.0040379506
0.0040288559
0.0040179128
0.0040049625
0.0039898578
0.003972461
0.0039526454
0.0039303006
0.0039053372
0.0038776917
0.0038473299
0.003814251
0.0037784914
0.0040274295
0.0040247423
0.0040212622
0.0040166455
0.0040106624
0.0040032088
0.0039941696
0.0039833989
0.0039707492
0.003956083
0.003939271
0.003920193
0.0038987429
0.0038748332
0.0038483988
0.0038194011
0.0037878315
0.0037537148
0.0039940032
0.0039910083
0.0039872605
0.0039824407
0.0039763353
0.0039688484
0.0039598742
0.0039492778
0.0039369225
0.0039226798
0.0039064284
0.0038880548
0.0038674573
0.0038445504
0.0038192687
0.0037915698
0.0037614386
0.003585385
0.003690734
0.0038420565
0.0039937155
0.0041457453
0.0042789305
0.0043799292
0.0044471862
0.0044866543
0.0045079925
0.0035840711
0.003688216
0.0038378936
0.003986787
0.0041344285
0.0042618733
0.0043567622
0.0044186492
0.0044542793
0.0044731815
0.0035826495
0.0036855045
0.0038334276
0.0039794141
0.0041225168
0.0042441622
0.0043330358
0.0043897772
0.0044217904
0.0044384143
0.0035811127
0.003682588
0.0038286432
0.0039715822
0.0041100038
0.0042258087
0.0043087789
0.0043606008
0.0043892105
0.0044037057
0.0035794528
0.0036794548
0.0038235248
0.0039632767
0.0040968848
0.0042068265
0.0042840209
0.00433115
0.004356562
0.0043690706
0.0035776615
0.0036760926
0.0038180569
0.0039544843
0.004083157
0.0041872311
0.0042587922
0.0043014542
0.0043238664
0.0043345234
0.0035757299
0.003672489
0.0038122235
0.0039451922
0.0040688193
0.00416704
0.0042331231
0.0042715423
0.0042911447
0.0043000784
0.0035736487
0.0036686309
0.0038060088
0.0039353884
0.0040538727
0.0041462724
0.0042070446
0.0042414425
0.0042584175
0.0042657496
0.003571408
0.0036645051
0.0037993969
0.0039250622
0.0040383201
0.0041249489
0.0041805874
0.0042111821
0.0042257043
0.0042315503
0.0035689975
0.0036600981
0.0037923722
0.003914204
0.0040221664
0.0041030918
0.0041537825
0.004180788
0.0041930241
0.0041974936
0.0035664062
0.003655396
0.0037849191
0.0039028054
0.0040054183
0.0040807247
0.0041266604
0.0041502858
0.004160395
0.0041635918
0.0035636228
0.0036503849
0.0037770221
0.0038908593
0.0039880847
0.0040578722
0.0040992514
0.0041197005
0.0041278343
0.0041298567
0.003560635
0.0036450505
0.0037686664
0.0038783602
0.0039701762
0.0040345599
0.0040715853
0.004089056
0.0040953584
0.0040962991
0.0035574304
0.0036393787
0.0037598374
0.003865304
0.0039517051
0.0040108144
0.0040436915
0.0040583754
0.0040629831
0.0040629294
0.0035539966
0.0036333558
0.0037505217
0.0038516885
0.0039326854
0.0039866621
0.0040155981
0.0040276803
0.0040307228
0.0040297573
0.0035503215
0.0036269692
0.0037407064
0.0038375138
0.0039131318
0.0039621286
0.0039873308
0.0039969893
0.0039985887
0.0039967892
0.003546225
0.0036199238
0.003729945
0.0038221679
0.0038922282
0.003936209
0.0039577393
0.0039650515
0.0039652666
0.0039626726
0.003959455
0.003956173
0.0039521776
0.003947174
0.0039409636
0.0039334582
0.0039245611
0.0039141484
0.0039020935
)
;

boundaryField
{
    inlet
    {
        type            zeroGradient;
    }
    top
    {
        type            zeroGradient;
    }
    outlet
    {
        type            fixedValue;
        value           nonuniform List<scalar> 0();
    }
    slipsurface
    {
        type            slip;
    }
    bottom
    {
        type            zeroGradient;
    }
    frontandback
    {
        type            empty;
    }
    procBoundary2to0
    {
        type            processor;
        value           nonuniform List<scalar> 
17
(
0.004020914
0.0040009656
0.0039806789
0.0039600709
0.003939159
0.0039179606
0.0038964932
0.0038747743
0.0038528213
0.0038306511
0.0038082805
0.0037857258
0.0037630027
0.0037401266
0.0037171121
0.00372889
0.00372889
)
;
    }
    procBoundary2to3
    {
        type            processor;
        value           nonuniform List<scalar> 
28
(
0.0038882772
0.003872586
0.003854913
0.0038351614
0.0038132483
0.0037891082
0.0037626961
0.003733991
0.0035411851
0.0036113761
0.0037169689
0.0038039192
0.0038677147
0.003906188
0.0039237871
0.0039286296
0.0039274026
0.003923989
0.0039203319
0.003916761
0.0039125194
0.0039073377
0.0039010333
0.0038935254
0.0038847274
0.0038745269
0.0038882772
0.0038628082
)
;
    }
    procBoundary2to6
    {
        type            processor;
        value           nonuniform List<scalar> 
28
(
0.0045547583
0.004561942
0.0045673738
0.0045700592
0.0045693018
0.0045647546
0.004556054
0.0045427798
0.004524547
0.0045010388
0.0044720054
0.0044372724
0.0043967568
0.0043504776
0.0042985598
0.004241233
0.0041788251
0.0041117526
0.0035865983
0.0036930694
0.0038459312
0.0040002149
0.0041564752
0.0042953243
0.0044025091
0.0044753575
0.0045188921
0.0045428325
)
;
    }
}


// ************************************************************************* //
