/*--------------------------------*- C++ -*----------------------------------*\
  =========                 |
  \\      /  F ield         | OpenFOAM: The Open Source CFD Toolbox
   \\    /   O peration     | Website:  https://openfoam.org
    \\  /    A nd           | Version:  12
     \\/     M anipulation  |
\*---------------------------------------------------------------------------*/
FoamFile
{
    format      ascii;
    class       volScalarField;
    location    "1600";
    object      k;
}
// * * * * * * * * * * * * * * * * * * * * * * * * * * * * * * * * * * * * * //

dimensions      [0 2 -2 0 0 0 0];

internalField   nonuniform List<scalar> 
816
(
0.00013281906
0.00010686006
9.076667e-05
8.1041176e-05
7.4904778e-05
7.0723752e-05
6.7663411e-05
6.5309049e-05
6.3439754e-05
6.1923792e-05
6.0674615e-05
5.9631668e-05
5.8750868e-05
5.7999188e-05
5.735132e-05
5.678739e-05
5.6291656e-05
5.5850845e-05
5.5455266e-05
5.5092114e-05
5.4764946e-05
5.4424506e-05
5.4199645e-05
5.3646017e-05
4.7457425e-05
3.6736688e-05
2.5494665e-05
1.5342232e-05
8.0846073e-06
4.0730298e-06
2.1390861e-06
1.2125161e-06
7.3420387e-07
4.6440795e-07
0.00013368307
0.0001086163
9.2793537e-05
8.3074234e-05
7.6875941e-05
7.2635647e-05
6.9531263e-05
6.7144846e-05
6.5251248e-05
6.3716076e-05
6.2451294e-05
6.1395453e-05
6.0503878e-05
5.9743112e-05
5.9087518e-05
5.8516967e-05
5.8015513e-05
5.756972e-05
5.7169716e-05
5.6802771e-05
5.6471649e-05
5.6128862e-05
5.5902426e-05
5.5305935e-05
5.0724542e-05
4.1012333e-05
3.0505664e-05
2.0838909e-05
1.3019647e-05
7.6875096e-06
4.5196783e-06
2.7497008e-06
1.7480387e-06
1.1513173e-06
0.00013456166
0.00011042247
9.4893263e-05
8.5189877e-05
7.8930081e-05
7.4626784e-05
7.1473787e-05
6.905115e-05
6.7129707e-05
6.5572337e-05
6.4289403e-05
6.3218477e-05
6.2314223e-05
6.1542703e-05
6.0877915e-05
6.0299438e-05
5.9791093e-05
5.9339262e-05
5.8933877e-05
5.8562205e-05
5.8226512e-05
5.7879548e-05
5.7655793e-05
5.6980431e-05
5.3930461e-05
4.5709658e-05
3.5891564e-05
2.6697705e-05
1.8876203e-05
1.2775769e-05
8.4656412e-06
5.6351114e-06
3.8258256e-06
2.6554476e-06
0.00013544852
0.00011227025
9.7059968e-05
8.7385272e-05
8.1066601e-05
7.6697847e-05
7.3492329e-05
7.1029653e-05
6.9077036e-05
6.7494626e-05
6.6191103e-05
6.5102984e-05
6.4184212e-05
6.3400326e-05
6.2724917e-05
6.2137245e-05
6.162087e-05
6.1161966e-05
6.0750263e-05
6.0372953e-05
6.0032046e-05
5.9679401e-05
5.9460067e-05
5.8700371e-05
5.6891149e-05
5.0681469e-05
4.1841243e-05
3.2970988e-05
2.5282536e-05
1.8939196e-05
1.3949256e-05
1.020457e-05
7.4885162e-06
5.5427623e-06
0.00013633721
0.00011415088
9.9287407e-05
8.9657498e-05
8.328519e-05
7.8850129e-05
7.5589081e-05
7.3083069e-05
7.1096281e-05
6.9486225e-05
6.8159856e-05
6.7052579e-05
6.611757e-05
6.5319801e-05
6.4632427e-05
6.403436e-05
6.3508877e-05
6.3041921e-05
6.262301e-05
6.2239199e-05
6.1892413e-05
6.1533021e-05
6.1317109e-05
6.049309e-05
5.9362536e-05
5.5513535e-05
4.8316641e-05
3.9970198e-05
3.2236383e-05
2.5741834e-05
2.04735e-05
1.6242007e-05
1.2873386e-05
1.0216264e-05
0.00013722126
0.00011605511
0.00010156877
9.2003249e-05
8.5585467e-05
8.1085179e-05
7.7766733e-05
7.5214767e-05
7.3191253e-05
7.1551259e-05
7.0200028e-05
6.9071819e-05
6.8119008e-05
6.730597e-05
6.6605397e-05
6.5995829e-05
6.546024e-05
6.4984323e-05
6.4557375e-05
6.416627e-05
6.3812918e-05
6.3446183e-05
6.3230445e-05
6.2373693e-05
6.1441889e-05
5.9460362e-05
5.4741824e-05
4.7712918e-05
4.0152605e-05
3.3314665e-05
2.7651064e-05
2.3102321e-05
1.9429462e-05
1.6409929e-05
0.00013809429
0.00011797322
0.00010389647
9.44185e-05
8.7966607e-05
8.3404407e-05
8.0028082e-05
7.7428398e-05
7.5366157e-05
7.3694328e-05
7.2316515e-05
7.1165835e-05
7.0193847e-05
6.9364309e-05
6.8649432e-05
6.8027369e-05
6.7480773e-05
6.6995071e-05
6.6559332e-05
6.6160217e-05
6.5799608e-05
6.5425334e-05
6.520521e-05
6.4345993e-05
6.3385251e-05
6.2304011e-05
5.9955634e-05
5.5346552e-05
4.896096e-05
4.2178421e-05
3.5975826e-05
3.0782313e-05
2.6610402e-05
2.3281058e-05
0.00013895011
0.00011989499
0.00010626195
9.6898167e-05
9.042693e-05
8.5808667e-05
8.2375635e-05
7.9727511e-05
7.7625229e-05
7.5920147e-05
7.4514393e-05
7.3339983e-05
7.2347666e-05
7.1500583e-05
7.0770452e-05
7.0135028e-05
6.9576635e-05
6.9080422e-05
6.8635219e-05
6.8227472e-05
6.7858921e-05
6.7477207e-05
6.7247776e-05
6.6410468e-05
6.5362404e-05
6.4572496e-05
6.3447618e-05
6.1266742e-05
5.7304162e-05
5.1968462e-05
4.59272e-05
4.0155741e-05
3.5144104e-05
3.1028522e-05
0.00013978287
0.00012180974
0.00010865551
9.9435793e-05
9.2963499e-05
8.8297836e-05
8.4811194e-05
8.2115162e-05
7.9972361e-05
7.8233198e-05
7.6798577e-05
7.5599515e-05
7.4585986e-05
7.3720529e-05
7.2974374e-05
7.2324876e-05
7.1754027e-05
7.1246688e-05
7.0791445e-05
7.037454e-05
6.9997407e-05
6.9608504e-05
6.9365332e-05
6.8566369e-05
6.744269e-05
6.6688073e-05
6.5990197e-05
6.5008751e-05
6.3226695e-05
6.0332629e-05
5.6122442e-05
5.1138571e-05
4.5868903e-05
4.0923132e-05
0.00014058713
0.00012370649
0.0001110662
0.00010202326
9.5571724e-05
9.0870369e-05
8.7335419e-05
8.4593504e-05
8.2410717e-05
8.0637358e-05
7.9173476e-05
7.7949245e-05
7.6913946e-05
7.6029546e-05
7.5266814e-05
7.460271e-05
7.4018897e-05
7.3499953e-05
7.3034209e-05
7.2607731e-05
7.2221455e-05
7.1825636e-05
7.1565497e-05
7.0811399e-05
6.9647998e-05
6.8844144e-05
6.8249827e-05
6.7677947e-05
6.6855541e-05
6.5561816e-05
6.356472e-05
6.0759526e-05
5.70478e-05
5.2726878e-05
0.00014135803
0.00012557403
0.00011348179
0.00010465057
9.8245003e-05
9.3522868e-05
8.9947385e-05
8.7163355e-05
8.4942328e-05
8.3135524e-05
8.1642628e-05
8.0393209e-05
7.933597e-05
7.843238e-05
7.7652776e-05
7.6973753e-05
7.6376655e-05
7.5845785e-05
7.536922e-05
7.493288e-05
7.4537027e-05
7.4134487e-05
7.3855682e-05
7.3144924e-05
7.19817e-05
7.1116822e-05
7.0503732e-05
7.0033557e-05
6.9539641e-05
6.8877484e-05
6.794027e-05
6.6643243e-05
6.4870114e-05
6.2526122e-05
0.0001420913
0.00012740121
0.00011588883
0.00010730573
0.00010097442
9.6249672e-05
9.2644122e-05
8.9823742e-05
8.7567653e-05
8.5729196e-05
8.4208313e-05
8.2934287e-05
8.1855418e-05
8.0932772e-05
8.0136323e-05
7.9442334e-05
7.8831857e-05
7.8288937e-05
7.7801398e-05
7.7355059e-05
7.6949364e-05
7.6540193e-05
7.6242424e-05
7.5569015e-05
7.4437609e-05
7.3529121e-05
7.2857697e-05
7.2374876e-05
7.1968286e-05
7.152925e-05
7.0985988e-05
7.029325e-05
6.9411419e-05
6.8289964e-05
0.00014278341
0.00012917724
0.00011827281
0.00010997468
0.00010374853
9.9042496e-05
9.5420186e-05
9.2571443e-05
9.0285125e-05
8.8418037e-05
8.6871125e-05
8.5573798e-05
8.4474184e-05
8.353309e-05
8.2720208e-05
8.2011531e-05
8.1387859e-05
8.0833003e-05
8.0334548e-05
7.9878255e-05
7.946266e-05
7.9046891e-05
7.873086e-05
7.8087726e-05
7.7007534e-05
7.6080174e-05
7.5351611e-05
7.4816304e-05
7.4400646e-05
7.402283e-05
7.3622213e-05
7.3160971e-05
7.2617107e-05
7.197172e-05
0.00014343186
0.00013089167
0.00012061839
0.00011264151
0.00010655326
0.00010189016
9.8267262e-05
9.5400538e-05
9.3090686e-05
9.1199408e-05
8.9629521e-05
8.8311059e-05
8.7192277e-05
8.6233903e-05
8.5405469e-05
8.4682778e-05
8.4046428e-05
8.3480044e-05
8.2970988e-05
8.2505004e-05
8.20797e-05
8.1657406e-05
8.1324354e-05
8.0705604e-05
7.968498e-05
7.8760548e-05
7.7995354e-05
7.7402945e-05
7.6940715e-05
7.6551912e-05
7.6187006e-05
7.5810744e-05
7.5401663e-05
7.4946552e-05
0.0001440362
0.00013253354
0.00012290981
0.00011528864
0.00010937201
0.00010477845
0.00010117386
9.8302005e-05
9.5977333e-05
9.4067902e-05
9.2479349e-05
9.1142919e-05
9.0007355e-05
8.9033538e-05
8.8190989e-05
8.7455426e-05
8.680732e-05
8.6230162e-05
8.5711131e-05
8.5235989e-05
8.4801447e-05
8.437286e-05
8.4024241e-05
8.3426077e-05
8.2465831e-05
8.1560615e-05
8.078232e-05
8.0146377e-05
7.9630736e-05
7.9200465e-05
7.8819672e-05
7.8458418e-05
7.8095348e-05
7.7716833e-05
0.00014459667
0.0001340935
0.0001251314
0.00011789733
0.00011218587
0.00010769012
0.00010412515
0.00010126342
9.8934731e-05
9.7014907e-05
9.541339e-05
9.406329e-05
9.2914258e-05
9.1927602e-05
9.1073022e-05
9.032628e-05
8.9667814e-05
8.9081052e-05
8.8553036e-05
8.8069594e-05
8.76266e-05
8.719222e-05
8.6829578e-05
8.6249722e-05
8.5347354e-05
8.4472772e-05
8.3699647e-05
8.3039851e-05
8.2480747e-05
8.2002939e-05
8.1583997e-05
8.1202046e-05
8.0838649e-05
8.0480245e-05
0.00014511409
0.0001355641
0.00012726824
0.00012044823
0.00011497409
0.00011060517
0.00010710297
0.00010426878
0.00010194893
0.00010002825
9.8420953e-05
9.7062714e-05
9.5904553e-05
9.4908524e-05
9.4044728e-05
9.3289126e-05
9.262224e-05
9.2027517e-05
9.1491932e-05
9.1001424e-05
9.0551123e-05
9.0111801e-05
8.9736787e-05
8.917427e-05
8.832657e-05
8.7489463e-05
8.6733558e-05
8.6067914e-05
8.5482083e-05
8.4965029e-05
8.4504544e-05
8.4087188e-05
8.3699626e-05
8.3330354e-05
0.00014558981
0.00013694003
0.00012930677
0.00012292211
0.00011771473
0.00011350132
0.00011008612
0.0001072986
0.00010500228
0.00010309197
0.00010148758
0.00010012801
9.8966146e-05
9.7965141e-05
9.7095741e-05
9.6334289e-05
9.5661522e-05
9.5061017e-05
9.4519753e-05
9.4023843e-05
9.3567775e-05
9.3124766e-05
9.273924e-05
9.2194229e-05
9.1398466e-05
9.060189e-05
8.9870723e-05
8.9212382e-05
8.8616362e-05
8.8074677e-05
8.7580834e-05
8.7127848e-05
8.6707799e-05
8.631265e-05
0.00014602556
0.00013821812
0.00013123544
0.00012530067
0.00012038551
0.00011635471
0.00011305086
0.0001103302
0.00010807354
0.00010618633
0.00010459492
0.00010324207
0.00010208303
0.0001010824
0.00010021183
9.9448266e-05
9.8772801e-05
9.8169259e-05
9.7624722e-05
9.712554e-05
9.6665687e-05
9.6220659e-05
9.5826863e-05
9.5300599e-05
9.4554903e-05
9.3799759e-05
9.3097483e-05
9.2454802e-05
9.1861558e-05
9.131022e-05
9.0796299e-05
9.0316343e-05
8.9866509e-05
8.944231e-05
0.00014642338
0.00013939736
0.00013304514
0.0001275674
0.00012296475
0.00011914086
0.00011597176
0.00011333838
0.00011113835
0.00010928808
0.00010772089
0.00010638392
0.00010523523
0.00010424122
0.00010337474
0.00010261352
0.00010193918
0.00010133593
0.00010079105
0.00010029121
9.9830023e-05
9.9385021e-05
9.8985879e-05
9.8480748e-05
9.7783978e-05
9.707027e-05
9.6398827e-05
9.5776737e-05
9.5195074e-05
9.4646149e-05
9.4125488e-05
9.3630775e-05
9.3160315e-05
9.2712173e-05
0.00014678554
0.00014047875
0.0001347296
0.00012970829
0.0001254324
0.00012183577
0.00011882272
0.00011629628
0.00011416998
0.00011237107
0.0001108401
0.00010952901
0.00010839902
0.00010741866
0.00010656224
0.00010580848
0.0001051397
0.00010454062
0.00010399885
0.00010350143
0.00010304182
0.0001025992
0.00010219877
0.00010171796
0.00010106939
0.000100397
9.9757205e-05
9.9158608e-05
9.8594068e-05
9.8055889e-05
9.7539121e-05
9.704136e-05
9.6561541e-05
9.6098958e-05
0.0001471144
0.000141465
0.00013628553
0.00013171248
0.00012777097
0.00012441708
0.00012157822
0.00011917666
0.00011714041
0.00011540715
0.00011392467
0.0001126499
0.0001115475
0.00011058839
0.00010974855
0.00010900789
0.0001083496
0.00010775904
0.00010722425
0.00010673276
0.00010627805
0.00010584054
0.00010544295
0.0001049892
0.00010438913
0.00010375871
0.00010315131
0.00010257824
0.00010203419
0.00010151199
0.00010100647
0.00010051486
0.00010003598
9.956936e-05
0.00014741236
0.00014236026
0.00013771256
0.00013357268
0.00012996642
0.0001268652
0.00012421463
0.00012195317
0.00012002169
0.0001183675
0.0001169454
0.00011571734
0.00011465155
0.00011372151
0.00011290506
0.00011218347
0.00011154092
0.00011096355
0.00011043995
0.00010995821
0.00010951198
0.00010908294
0.00010869065
0.00010826506
0.00010771496
0.00010712854
0.00010655513
0.00010600941
0.00010548815
0.00010498524
0.00010449579
0.00010401683
0.00010354689
0.0001030853
0.0001476818
0.00014316971
0.000139013
0.0001352853
0.00013200865
0.00012916422
0.00012671139
0.00012460179
0.00012278735
0.00012122403
0.00011987318
0.00011870158
0.00011768107
0.00011678778
0.00011600149
0.00011530497
0.00011468351
0.00011412415
0.00011361609
0.0001131481
0.00011271408
0.00011229718
0.00011191323
0.00011151503
0.00011101544
0.0001104754
0.00010993835
0.00010942189
0.00010892539
0.00010844431
0.0001079743
0.00010751248
0.00010705718
0.00010660752
)
;

boundaryField
{
    bottom
    {
        Ceps2           1.9;
        type            kLowReWallFunction;
        value           nonuniform List<scalar> 0();
    }
    back
    {
        type            empty;
    }
    front
    {
        type            empty;
    }
    inlet
    {
        type            fixedValue;
        value           uniform 0.00015;
    }
    outlet
    {
        type            zeroGradient;
    }
    top
    {
        type            zeroGradient;
    }
    slipsurface
    {
        type            slip;
    }
    procBoundary14to5
    {
        type            processor;
        value           nonuniform List<scalar> 
34
(
0.00014792504
0.00014389922
0.00014019146
0.00013685037
0.00013389188
0.00013130268
0.00012905207
0.0001271021
0.00012541389
0.00012395095
0.00012268052
0.00012157397
0.00012060656
0.00011975709
0.00011900733
0.00011834161
0.00011774642
0.00011720973
0.00011672151
0.00011627123
0.00011585316
0.00011545199
0.00011508043
0.00011470856
0.00011425861
0.00011376655
0.00011326805
0.00011278328
0.00011231381
0.00011185675
0.00011140869
0.00011096709
0.00011053034
0.00011009747
)
;
    }
    procBoundary14to12
    {
        type            processor;
        value           nonuniform List<scalar> 
24
(
3.0168052e-07
7.7659846e-07
1.8760579e-06
4.1411471e-06
8.1285972e-06
1.3888804e-05
2.0575558e-05
2.7742455e-05
3.6647886e-05
4.8223421e-05
5.9607389e-05
6.687762e-05
7.1202917e-05
7.4432958e-05
7.7312208e-05
8.0116421e-05
8.2969846e-05
8.5934902e-05
8.9038915e-05
9.228394e-05
9.565277e-05
9.9114797e-05
0.00010263187
0.00010616311
)
;
    }
    procBoundary14to15
    {
        type            processor;
        value           nonuniform List<scalar> 
34
(
0.00013197565
0.00010516162
8.8818339e-05
7.9093708e-05
7.301777e-05
6.8891342e-05
6.5870068e-05
6.3543422e-05
6.1694817e-05
6.0195044e-05
5.8958914e-05
5.7926667e-05
5.7054744e-05
5.6310496e-05
5.56689e-05
5.5110302e-05
5.4619141e-05
5.4182273e-05
5.3790182e-05
5.3429915e-05
5.3106121e-05
5.2766065e-05
5.2548687e-05
5.1975615e-05
4.4363695e-05
3.2838164e-05
2.0681644e-05
1.0425038e-05
4.4359173e-06
1.9141988e-06
9.2254255e-07
4.9832e-07
2.9136112e-07
1.7858695e-07
)
;
    }
}


// ************************************************************************* //
