/*--------------------------------*- C++ -*----------------------------------*\
  =========                 |
  \\      /  F ield         | OpenFOAM: The Open Source CFD Toolbox
   \\    /   O peration     | Website:  https://openfoam.org
    \\  /    A nd           | Version:  12
     \\/     M anipulation  |
\*---------------------------------------------------------------------------*/
FoamFile
{
    format      ascii;
    class       volScalarField;
    location    "1700";
    object      epsilon;
}
// * * * * * * * * * * * * * * * * * * * * * * * * * * * * * * * * * * * * * //

dimensions      [0 2 -3 0 0 0 0];

internalField   nonuniform List<scalar> 
468
(
3.72777e-06
3.7287603e-06
3.7297326e-06
3.7306861e-06
3.7316199e-06
3.7325332e-06
3.7334253e-06
3.7342952e-06
3.7351421e-06
3.624525e-06
3.6254758e-06
3.626409e-06
3.6273237e-06
3.6282192e-06
3.6290947e-06
3.6299494e-06
3.6307824e-06
3.6315928e-06
3.63238e-06
3.6331426e-06
3.6338796e-06
3.6345899e-06
3.6352725e-06
3.6359261e-06
3.6365495e-06
3.6371415e-06
3.6377007e-06
3.6382256e-06
3.6387148e-06
3.6391667e-06
3.6395797e-06
3.6399521e-06
3.6402822e-06
3.6405682e-06
3.6408081e-06
3.6410001e-06
3.5059439e-06
3.5068496e-06
3.5077378e-06
3.508608e-06
3.5094593e-06
3.510291e-06
3.5111025e-06
3.5118927e-06
3.512661e-06
3.5134064e-06
3.514128e-06
3.5148247e-06
3.5154957e-06
3.5161397e-06
3.5167557e-06
3.5173426e-06
3.517899e-06
3.5184237e-06
3.5189154e-06
3.5193726e-06
3.519794e-06
3.520178e-06
3.520523e-06
3.5208273e-06
3.5210892e-06
3.5213069e-06
3.5214785e-06
3.3729037e-06
3.373759e-06
3.374597e-06
3.3754173e-06
3.376219e-06
3.3770016e-06
3.3777642e-06
3.3785061e-06
3.3792265e-06
3.3799246e-06
3.3805995e-06
3.3812502e-06
3.3818759e-06
3.3824754e-06
3.3830479e-06
3.3835921e-06
3.3841069e-06
3.3845912e-06
3.3850436e-06
3.3854629e-06
3.3858477e-06
3.3861967e-06
3.3865082e-06
3.3867808e-06
3.3870128e-06
3.3872026e-06
3.3873484e-06
3.2274835e-06
3.2282849e-06
3.2290691e-06
3.2298357e-06
3.2305839e-06
3.2313131e-06
3.2320226e-06
3.2327117e-06
3.2333797e-06
3.2340257e-06
3.234649e-06
3.2352487e-06
3.2358239e-06
3.2363736e-06
3.2368969e-06
3.2373928e-06
3.2378602e-06
3.2382979e-06
3.238705e-06
3.23908e-06
3.2394218e-06
3.239729e-06
3.2400004e-06
3.2402343e-06
3.2404295e-06
3.2405842e-06
3.2406969e-06
3.0731215e-06
3.0738685e-06
3.0745983e-06
3.0753103e-06
3.0760038e-06
3.0766783e-06
3.0773332e-06
3.0779676e-06
3.078581e-06
3.0791726e-06
3.0797416e-06
3.0802872e-06
3.0808086e-06
3.0813049e-06
3.0817753e-06
3.0822186e-06
3.0826341e-06
3.0830206e-06
3.083377e-06
3.0837023e-06
3.0839953e-06
3.0842547e-06
3.0844794e-06
3.0846679e-06
3.0848189e-06
3.084931e-06
3.0850027e-06
2.9146295e-06
2.9153261e-06
2.9160051e-06
2.9166658e-06
2.9173077e-06
2.9179302e-06
2.9185326e-06
2.9191144e-06
2.9196749e-06
2.9202134e-06
2.920729e-06
2.9212212e-06
2.921689e-06
2.9221317e-06
2.9225484e-06
2.9229382e-06
2.9233002e-06
2.9236334e-06
2.9239368e-06
2.9242094e-06
2.92445e-06
2.9246576e-06
2.924831e-06
2.9249689e-06
2.9250701e-06
2.9251333e-06
2.925157e-06
2.7580243e-06
2.7586789e-06
2.759315e-06
2.7599322e-06
2.7605298e-06
2.7611074e-06
2.7616643e-06
2.7622e-06
2.7627136e-06
2.7632046e-06
2.7636723e-06
2.7641158e-06
2.7645345e-06
2.7649276e-06
2.7652942e-06
2.7656334e-06
2.7659444e-06
2.7662263e-06
2.7664781e-06
2.7666987e-06
2.7668873e-06
2.7670426e-06
2.7671636e-06
2.7672491e-06
2.767298e-06
2.767309e-06
2.7672807e-06
2.6101705e-06
2.610795e-06
2.6114e-06
2.6119851e-06
2.6125497e-06
2.6130932e-06
2.613615e-06
2.6141146e-06
2.6145911e-06
2.6150441e-06
2.6154727e-06
2.6158762e-06
2.6162539e-06
2.616605e-06
2.6169287e-06
2.6172241e-06
2.6174904e-06
2.6177266e-06
2.6179318e-06
2.6181051e-06
2.6182453e-06
2.6183516e-06
2.6184228e-06
2.6184578e-06
2.6184554e-06
2.6184144e-06
2.6183336e-06
2.4781672e-06
2.478776e-06
2.4793642e-06
2.4799312e-06
2.4804764e-06
2.4809992e-06
2.4814989e-06
2.4819751e-06
2.4824269e-06
2.4828538e-06
2.4832549e-06
2.4836297e-06
2.4839772e-06
2.4842967e-06
2.4845874e-06
2.4848485e-06
2.485079e-06
2.485278e-06
2.4854446e-06
2.4855778e-06
2.4856767e-06
2.4857401e-06
2.485767e-06
2.4857563e-06
2.4857068e-06
2.4856174e-06
2.4854867e-06
2.3685063e-06
2.3691151e-06
2.3697017e-06
2.3702655e-06
2.370806e-06
2.3713225e-06
2.3718144e-06
2.372281e-06
2.3727217e-06
2.3731358e-06
2.3735224e-06
2.3738809e-06
2.3742105e-06
2.3745103e-06
2.3747795e-06
2.3750173e-06
2.3752227e-06
2.3753947e-06
2.3755325e-06
2.3756349e-06
2.3757011e-06
2.3757299e-06
2.3757202e-06
2.3756709e-06
2.3755808e-06
2.3754487e-06
2.3752734e-06
2.285821e-06
2.2864429e-06
2.2870409e-06
2.2876145e-06
2.288163e-06
2.2886858e-06
2.2891823e-06
2.2896518e-06
2.2900935e-06
2.2905068e-06
2.2908908e-06
2.2912447e-06
2.2915678e-06
2.2918592e-06
2.2921179e-06
2.2923432e-06
2.292534e-06
2.2926894e-06
2.2928083e-06
2.2928898e-06
2.2929328e-06
2.2929361e-06
2.2928986e-06
2.2928192e-06
2.2926966e-06
2.2925296e-06
2.2923169e-06
2.2313451e-06
2.2319877e-06
2.2326048e-06
2.233196e-06
2.2337605e-06
2.2342978e-06
2.234807e-06
2.2352876e-06
2.2357387e-06
2.2361595e-06
2.2365494e-06
2.2369074e-06
2.2372327e-06
2.2375244e-06
2.2377816e-06
2.2380033e-06
2.2381885e-06
2.2383364e-06
2.2384457e-06
2.2385154e-06
2.2385444e-06
2.2385316e-06
2.2384757e-06
2.2383756e-06
2.2382299e-06
2.2380375e-06
2.2377968e-06
2.2014319e-06
2.2020938e-06
2.2027292e-06
2.2033375e-06
2.2039178e-06
2.2044697e-06
2.2049923e-06
2.2054849e-06
2.2059468e-06
2.2063772e-06
2.2067751e-06
2.2071399e-06
2.2074706e-06
2.2077662e-06
2.2080259e-06
2.2082486e-06
2.2084334e-06
2.2085791e-06
2.2086848e-06
2.2087492e-06
2.2087713e-06
2.2087498e-06
2.2086836e-06
2.2085713e-06
2.2084116e-06
2.2082033e-06
2.2079449e-06
2.1881391e-06
2.1888131e-06
2.1894599e-06
2.1900788e-06
2.1906692e-06
2.1912305e-06
2.1917618e-06
2.1922625e-06
2.1927317e-06
2.1931687e-06
2.1935726e-06
2.1939425e-06
2.1942775e-06
2.1945768e-06
2.1948393e-06
2.195064e-06
2.1952499e-06
2.195396e-06
2.1955012e-06
2.1955642e-06
2.195584e-06
2.1955593e-06
2.1954889e-06
2.1953715e-06
2.1952058e-06
2.1949904e-06
2.1947238e-06
2.1828669e-06
2.1835448e-06
2.1841954e-06
2.1848179e-06
2.1854116e-06
2.1859759e-06
2.1865101e-06
2.1870134e-06
2.187485e-06
2.187924e-06
2.1883298e-06
2.1887014e-06
2.1890378e-06
2.1893382e-06
2.1896016e-06
2.1898269e-06
2.1900132e-06
2.1901593e-06
2.1902642e-06
2.1903267e-06
2.1903455e-06
2.1903196e-06
2.1902476e-06
2.1901282e-06
2.1899601e-06
2.1897419e-06
2.189472e-06
2.1803554e-06
2.1810339e-06
2.181685e-06
2.182308e-06
2.1829022e-06
2.1834669e-06
2.1840014e-06
2.1845049e-06
2.1849767e-06
2.185416e-06
2.185822e-06
2.1861936e-06
2.1865301e-06
2.1868305e-06
2.1870938e-06
2.187319e-06
2.187505e-06
2.1876508e-06
2.1877552e-06
2.187817e-06
2.1878351e-06
2.1878083e-06
2.1877353e-06
2.1876148e-06
2.1874454e-06
2.1872259e-06
2.1869547e-06
2.1784139e-06
2.1790912e-06
2.179741e-06
2.1803626e-06
2.1809553e-06
2.1815185e-06
2.1820515e-06
2.1825534e-06
2.1830235e-06
2.1834609e-06
2.183865e-06
2.1842346e-06
2.1845691e-06
2.1848674e-06
2.1851285e-06
2.1853515e-06
2.1855354e-06
2.185679e-06
2.1857813e-06
2.1858411e-06
2.1858573e-06
2.1858286e-06
2.1857538e-06
2.1856316e-06
2.1854607e-06
2.1852397e-06
2.1849671e-06
)
;

boundaryField
{
    inlet
    {
        type            zeroGradient;
    }
    top
    {
        type            zeroGradient;
    }
    outlet
    {
        type            zeroGradient;
    }
    slipsurface
    {
        type            slip;
    }
    bottom
    {
        type            epsilonWallFunction;
        value           nonuniform List<scalar> 0();
    }
    frontandback
    {
        type            empty;
    }
    procBoundary3to0
    {
        type            processor;
        value           nonuniform List<scalar> 
17
(
3.6411427e-06
3.5216021e-06
3.3874481e-06
3.2407657e-06
3.0850323e-06
2.9251398e-06
2.7672119e-06
2.6182117e-06
2.4853135e-06
2.3750534e-06
2.292057e-06
2.2375066e-06
2.2076349e-06
2.1944047e-06
2.1891491e-06
2.1866303e-06
2.1846415e-06
)
;
    }
    procBoundary3to2
    {
        type            processor;
        value           nonuniform List<scalar> 
28
(
3.8201958e-06
3.8212214e-06
3.8222286e-06
3.8232166e-06
3.8241846e-06
3.8251317e-06
3.8260571e-06
3.8269599e-06
3.827839e-06
3.735965e-06
3.735965e-06
3.7367628e-06
3.7375342e-06
3.7382782e-06
3.7389936e-06
3.7396792e-06
3.7403337e-06
3.7409557e-06
3.7415438e-06
3.7420965e-06
3.7426123e-06
3.7430895e-06
3.7435264e-06
3.7439214e-06
3.7442727e-06
3.7445783e-06
3.7448365e-06
3.7450453e-06
)
;
    }
    procBoundary3to12
    {
        type            processor;
        value           nonuniform List<scalar> 2(3.7267626e-06 3.6235572e-06);
    }
    procBoundary3to13
    {
        type            processor;
        value           nonuniform List<scalar> 
16
(
3.5050216e-06
3.3720319e-06
3.2266657e-06
3.0723578e-06
2.9139158e-06
2.757352e-06
2.6095273e-06
2.4775382e-06
2.367876e-06
2.285176e-06
2.2306779e-06
2.2007441e-06
2.1874387e-06
2.1821623e-06
2.1796501e-06
2.1777099e-06
)
;
    }
}


// ************************************************************************* //
