/*--------------------------------*- C++ -*----------------------------------*\
  =========                 |
  \\      /  F ield         | OpenFOAM: The Open Source CFD Toolbox
   \\    /   O peration     | Website:  https://openfoam.org
    \\  /    A nd           | Version:  12
     \\/     M anipulation  |
\*---------------------------------------------------------------------------*/
FoamFile
{
    format      ascii;
    class       volScalarField;
    location    "1300";
    object      nuTilda;
}
// * * * * * * * * * * * * * * * * * * * * * * * * * * * * * * * * * * * * * //

dimensions      [0 2 -1 0 0 0 0];

internalField   nonuniform List<scalar> 
813
(
1.999859e-06
1.9998939e-06
2.0000391e-06
2.0003272e-06
2.0007304e-06
2.0012247e-06
2.0017923e-06
2.0024192e-06
2.003094e-06
2.0038072e-06
2.0045513e-06
2.0053205e-06
2.0061109e-06
2.00692e-06
2.0077471e-06
2.0085932e-06
2.0094625e-06
2.0103589e-06
2.0112953e-06
2.0122858e-06
2.0133128e-06
2.0146494e-06
2.015228e-06
2.0169687e-06
2.9959089e-08
2.1966819e-08
2.0830302e-08
2.0427222e-08
2.0166677e-08
1.9947086e-08
1.9752044e-08
1.9998589e-06
1.9998938e-06
2.0000391e-06
2.0003271e-06
2.0007303e-06
2.0012246e-06
2.0017921e-06
2.0024191e-06
2.0030938e-06
2.003807e-06
2.0045511e-06
2.0053203e-06
2.0061107e-06
2.0069197e-06
2.0077468e-06
2.0085928e-06
2.0094621e-06
2.0103584e-06
2.0112948e-06
2.0122852e-06
2.0133121e-06
2.0146485e-06
2.0152267e-06
2.0169746e-06
8.7766238e-08
6.6196753e-08
6.2791949e-08
6.1577944e-08
6.0793038e-08
6.0131896e-08
5.9544661e-08
1.9998588e-06
1.9998937e-06
2.0000388e-06
2.0003268e-06
2.0007299e-06
2.0012241e-06
2.0017916e-06
2.0024185e-06
2.0030932e-06
2.0038064e-06
2.0045504e-06
2.0053195e-06
2.0061098e-06
2.0069187e-06
2.0077457e-06
2.0085916e-06
2.0094607e-06
2.0103568e-06
2.0112929e-06
2.012283e-06
2.0133094e-06
2.0146453e-06
2.0152226e-06
2.0169762e-06
1.4400058e-07
1.113245e-07
1.0566231e-07
1.0362237e-07
1.0230382e-07
1.0119399e-07
1.0020813e-07
1.9998586e-06
1.9998935e-06
2.0000385e-06
2.0003263e-06
2.0007292e-06
2.0012233e-06
2.0017908e-06
2.0024175e-06
2.0030922e-06
2.0038052e-06
2.0045491e-06
2.0053182e-06
2.0061083e-06
2.0069171e-06
2.0077438e-06
2.0085894e-06
2.0094582e-06
2.0103539e-06
2.0112896e-06
2.0122791e-06
2.0133048e-06
2.0146398e-06
2.0152153e-06
2.0169733e-06
1.993422e-07
1.5795411e-07
1.5005979e-07
1.4716955e-07
1.4530265e-07
1.437325e-07
1.4233733e-07
1.9998584e-06
1.9998931e-06
2.0000379e-06
2.0003255e-06
2.0007282e-06
2.0012222e-06
2.0017895e-06
2.0024161e-06
2.0030907e-06
2.0038036e-06
2.0045473e-06
2.0053162e-06
2.0061061e-06
2.0069146e-06
2.007741e-06
2.0085863e-06
2.0094545e-06
2.0103498e-06
2.0112847e-06
2.0122735e-06
2.0132981e-06
2.0146318e-06
2.0152046e-06
2.0169657e-06
2.543343e-07
2.0667966e-07
1.9661343e-07
1.92843e-07
1.9040913e-07
1.883635e-07
1.8654481e-07
1.999858e-06
1.9998927e-06
2.0000372e-06
2.0003245e-06
2.0007269e-06
2.0012206e-06
2.0017877e-06
2.0024142e-06
2.0030886e-06
2.0038013e-06
2.0045449e-06
2.0053135e-06
2.0061031e-06
2.0069112e-06
2.0077372e-06
2.0085819e-06
2.0094496e-06
2.0103441e-06
2.0112781e-06
2.0122658e-06
2.0132889e-06
2.0146209e-06
2.0151903e-06
2.0169532e-06
3.0938308e-07
2.5806422e-07
2.4596046e-07
2.4128326e-07
2.3826291e-07
2.357251e-07
1.9998576e-06
1.9998921e-06
2.0000363e-06
2.0003231e-06
2.0007252e-06
2.0012186e-06
2.0017855e-06
2.0024118e-06
2.0030859e-06
2.0037984e-06
2.0045416e-06
2.0053099e-06
2.0060992e-06
2.0069068e-06
2.0077323e-06
2.0085763e-06
2.0094432e-06
2.0103367e-06
2.0112696e-06
2.0122559e-06
2.0132771e-06
2.0146068e-06
2.0151718e-06
2.0169354e-06
3.6476164e-07
3.1260391e-07
2.9873772e-07
2.9314736e-07
2.895257e-07
2.8648104e-07
1.999857e-06
1.9998914e-06
2.0000351e-06
2.0003214e-06
2.0007231e-06
2.0012161e-06
2.0017827e-06
2.0024086e-06
2.0030825e-06
2.0037947e-06
2.0045376e-06
2.0053055e-06
2.0060942e-06
2.0069013e-06
2.0077261e-06
2.0085693e-06
2.0094351e-06
2.0103275e-06
2.0112588e-06
2.0122435e-06
2.0132623e-06
2.0145893e-06
2.0151486e-06
2.0169118e-06
4.2061443e-07
3.7066633e-07
3.5556249e-07
3.491018e-07
3.4487929e-07
3.413217e-07
1.9998564e-06
1.9998906e-06
2.0000337e-06
2.0003194e-06
2.0007205e-06
2.001213e-06
2.0017792e-06
2.0024048e-06
2.0030783e-06
2.0037901e-06
2.0045326e-06
2.0052999e-06
2.0060881e-06
2.0068944e-06
2.0077183e-06
2.0085605e-06
2.0094251e-06
2.010316e-06
2.0112455e-06
2.0122281e-06
2.013244e-06
2.0145676e-06
2.0151201e-06
2.0168822e-06
4.7696575e-07
4.3240376e-07
4.1699329e-07
4.0980451e-07
4.0501622e-07
4.0095998e-07
1.9998556e-06
1.9998896e-06
2.000032e-06
2.0003169e-06
2.0007173e-06
2.0012093e-06
2.0017749e-06
2.0024001e-06
2.0030731e-06
2.0037844e-06
2.0045264e-06
2.0052931e-06
2.0060805e-06
2.006886e-06
2.0077088e-06
2.0085497e-06
2.0094128e-06
2.0103019e-06
2.0112293e-06
2.0122094e-06
2.0132218e-06
2.0145413e-06
2.0150855e-06
2.0168459e-06
5.3373772e-07
4.9766068e-07
4.83461e-07
4.7586728e-07
4.70617e-07
4.6611754e-07
1.9998546e-06
1.9998883e-06
2.0000299e-06
2.0003139e-06
2.0007135e-06
2.0012048e-06
2.0017698e-06
2.0023944e-06
2.0030669e-06
2.0037776e-06
2.0045189e-06
2.0052848e-06
2.0060713e-06
2.0068757e-06
2.0076973e-06
2.0085367e-06
2.009398e-06
2.010285e-06
2.0112097e-06
2.0121868e-06
2.0131951e-06
2.0145098e-06
2.0150439e-06
2.0168024e-06
5.9074458e-07
5.6597541e-07
5.5516866e-07
5.4778713e-07
5.4230306e-07
5.3749202e-07
1.9998535e-06
1.9998869e-06
2.0000275e-06
2.0003104e-06
2.000709e-06
2.0011994e-06
2.0017637e-06
2.0023876e-06
2.0030594e-06
2.0037694e-06
2.0045098e-06
2.0052748e-06
2.0060602e-06
2.0068633e-06
2.0076833e-06
2.0085209e-06
2.0093801e-06
2.0102645e-06
2.0111862e-06
2.0121597e-06
2.0131632e-06
2.0144721e-06
2.0149943e-06
2.016751e-06
6.4767421e-07
6.3666165e-07
6.3198518e-07
6.2584039e-07
6.2055187e-07
6.1568952e-07
1.9998521e-06
1.9998852e-06
2.0000247e-06
2.0003062e-06
2.0007036e-06
2.0011931e-06
2.0017564e-06
2.0023795e-06
2.0030504e-06
2.0037595e-06
2.004499e-06
2.0052628e-06
2.0060468e-06
2.0068484e-06
2.0076666e-06
2.008502e-06
2.0093586e-06
2.0102401e-06
2.0111581e-06
2.0121274e-06
2.0131253e-06
2.0144275e-06
2.0149356e-06
2.0166909e-06
7.0409654e-07
7.0886866e-07
7.1340039e-07
7.0996603e-07
7.0557807e-07
7.0111358e-07
1.9998506e-06
1.9998832e-06
2.0000214e-06
2.0003014e-06
2.0006973e-06
2.0011855e-06
2.0017478e-06
2.0023698e-06
2.0030397e-06
2.0037477e-06
2.0044859e-06
2.0052484e-06
2.0060308e-06
2.0068305e-06
2.0076465e-06
2.0084794e-06
2.009333e-06
2.010211e-06
2.0111247e-06
2.0120892e-06
2.0130804e-06
2.0143749e-06
2.0148663e-06
2.0166215e-06
7.5947678e-07
7.8161825e-07
7.9859665e-07
7.9972019e-07
7.9723975e-07
7.9384857e-07
1.9998487e-06
1.9998809e-06
2.0000176e-06
2.0002957e-06
2.0006899e-06
2.0011767e-06
2.0017376e-06
2.0023584e-06
2.003027e-06
2.0037336e-06
2.0044704e-06
2.0052312e-06
2.0060117e-06
2.0068091e-06
2.0076226e-06
2.0084525e-06
2.0093025e-06
2.0101765e-06
2.0110852e-06
2.012044e-06
2.0130276e-06
2.014313e-06
2.014785e-06
2.0165418e-06
8.1318685e-07
8.5383021e-07
8.8656698e-07
8.9436282e-07
8.9506491e-07
8.9363749e-07
1.9998466e-06
1.9998782e-06
2.0000131e-06
2.0002891e-06
2.0006813e-06
2.0011663e-06
2.0017256e-06
2.0023448e-06
2.0030119e-06
2.0037169e-06
2.0044519e-06
2.0052107e-06
2.0059889e-06
2.0067837e-06
2.0075941e-06
2.0084204e-06
2.0092664e-06
2.0101356e-06
2.0110385e-06
2.0119907e-06
2.0129655e-06
2.0142407e-06
2.0146901e-06
2.0164509e-06
8.6451206e-07
9.2435389e-07
9.7617426e-07
9.9300408e-07
9.9839303e-07
9.9999999e-07
1.9998441e-06
1.9998751e-06
2.000008e-06
2.0002815e-06
2.0006713e-06
2.0011541e-06
2.0017115e-06
2.0023289e-06
2.0029941e-06
2.0036971e-06
2.0044299e-06
2.0051863e-06
2.0059618e-06
2.0067534e-06
2.0075602e-06
2.0083824e-06
2.0092236e-06
2.0100872e-06
2.0109834e-06
2.0119281e-06
2.0128928e-06
2.0141562e-06
2.0145798e-06
2.0163479e-06
9.1265043e-07
9.9198575e-07
1.0661558e-06
1.0946863e-06
1.1065018e-06
1.1123821e-06
1.9998413e-06
1.9998716e-06
2.0000022e-06
2.0002727e-06
2.0006597e-06
2.0011399e-06
2.001695e-06
2.0023101e-06
2.002973e-06
2.0036736e-06
2.0044038e-06
2.0051573e-06
2.0059295e-06
2.0067174e-06
2.00752e-06
2.0083374e-06
2.0091729e-06
2.0100302e-06
2.0109187e-06
2.0118546e-06
2.0128079e-06
2.0140578e-06
2.014452e-06
2.0162318e-06
9.5670442e-07
1.0554518e-06
1.1551102e-06
1.1983686e-06
1.2186322e-06
1.2302164e-06
1.9998381e-06
1.9998675e-06
1.9999955e-06
2.0002626e-06
2.0006462e-06
2.0011234e-06
2.0016756e-06
2.002288e-06
2.0029481e-06
2.0036458e-06
2.0043728e-06
2.0051228e-06
2.0058912e-06
2.0066747e-06
2.0074723e-06
2.0082841e-06
2.0091131e-06
2.0099629e-06
2.0108426e-06
2.0117686e-06
2.0127088e-06
2.0139434e-06
2.0143051e-06
2.0161023e-06
9.9566651e-07
1.1133915e-06
1.2414515e-06
1.3028507e-06
1.333929e-06
1.3528836e-06
1.9998343e-06
1.9998629e-06
1.9999878e-06
2.000251e-06
2.0006307e-06
2.0011043e-06
2.001653e-06
2.002262e-06
2.0029188e-06
2.0036129e-06
2.0043362e-06
2.005082e-06
2.0058458e-06
2.0066242e-06
2.0074159e-06
2.0082211e-06
2.0090426e-06
2.0098839e-06
2.0107534e-06
2.011668e-06
2.0125935e-06
2.0138106e-06
2.0141378e-06
2.0159591e-06
1.0284071e-06
1.1643751e-06
1.3233356e-06
1.4066722e-06
1.4513409e-06
1.4796205e-06
1.9998301e-06
1.9998576e-06
1.9999792e-06
2.0002378e-06
2.0006129e-06
2.0010821e-06
2.0016267e-06
2.0022316e-06
2.0028843e-06
2.0035742e-06
2.0042928e-06
2.0050337e-06
2.005792e-06
2.0065643e-06
2.0073492e-06
2.0081467e-06
2.0089595e-06
2.009791e-06
2.0106489e-06
2.0115506e-06
2.0124595e-06
2.0136563e-06
2.0139507e-06
2.0158027e-06
1.0536964e-06
1.2069505e-06
1.3986008e-06
1.5080106e-06
1.5695101e-06
1.6094126e-06
1.9998252e-06
1.9998516e-06
1.9999694e-06
2.0002227e-06
2.0005924e-06
2.0010564e-06
2.0015961e-06
2.0021961e-06
2.0028438e-06
2.0035285e-06
2.0042417e-06
2.0049766e-06
2.0057283e-06
2.0064935e-06
2.0072704e-06
2.008059e-06
2.0088618e-06
2.0096821e-06
2.0105268e-06
2.0114138e-06
2.012304e-06
2.0134772e-06
2.0137584e-06
2.0156341e-06
1.0704019e-06
1.2397361e-06
1.4647324e-06
1.604585e-06
1.6866612e-06
1.7408841e-06
1.9998197e-06
1.9998449e-06
1.9999584e-06
2.0002056e-06
2.0005689e-06
2.0010268e-06
2.0015605e-06
2.0021546e-06
2.0027963e-06
2.0034747e-06
2.0041813e-06
2.0049092e-06
2.0056532e-06
2.0064099e-06
2.0071775e-06
2.0079558e-06
2.0087471e-06
2.0095545e-06
2.0103843e-06
2.0112546e-06
2.012124e-06
2.0132696e-06
2.0135671e-06
2.0154545e-06
1.0786083e-06
1.2615876e-06
1.5188606e-06
1.6935759e-06
1.8004916e-06
1.8721887e-06
1.9998134e-06
1.9998372e-06
1.999946e-06
2.0001862e-06
2.0005421e-06
2.0009927e-06
2.0015193e-06
2.0021062e-06
2.0027407e-06
2.0034117e-06
2.0041104e-06
2.0048298e-06
2.0055647e-06
2.0063114e-06
2.0070682e-06
2.0078346e-06
2.0086126e-06
2.0094053e-06
2.0102182e-06
2.0110698e-06
2.011916e-06
2.01303e-06
2.0133575e-06
2.0152646e-06
1.0878505e-06
1.2718569e-06
1.5578129e-06
1.7715696e-06
1.9080652e-06
2.0008971e-06
1.9998063e-06
1.9998285e-06
1.9999321e-06
2.0001645e-06
2.0005117e-06
2.0009536e-06
2.0014716e-06
2.0020501e-06
2.0026758e-06
2.0033378e-06
2.004027e-06
2.0047364e-06
2.0054605e-06
2.0061957e-06
2.0069399e-06
2.0076926e-06
2.0084554e-06
2.0092314e-06
2.0100252e-06
2.0108557e-06
2.0116762e-06
2.0127549e-06
2.0131178e-06
2.015063e-06
1.1178266e-06
1.2709614e-06
1.5783022e-06
1.8345498e-06
2.0057127e-06
2.1238815e-06
1.9997982e-06
1.9998188e-06
1.9999166e-06
2.00014e-06
2.0004772e-06
2.000909e-06
2.0014168e-06
2.001985e-06
2.0026003e-06
2.0032516e-06
2.0039295e-06
2.004627e-06
2.0053385e-06
2.0060601e-06
2.0067897e-06
2.0075265e-06
2.0082721e-06
2.0090291e-06
2.0098015e-06
2.0106084e-06
2.0114005e-06
2.0124413e-06
2.012834e-06
2.0148427e-06
1.1660815e-06
1.2607475e-06
1.5773634e-06
1.8779779e-06
2.0889498e-06
2.237196e-06
1.9997891e-06
1.9998078e-06
1.9998995e-06
2.0001127e-06
2.0004384e-06
2.0008582e-06
2.001354e-06
2.00191e-06
2.0025129e-06
2.0031512e-06
2.0038159e-06
2.0044993e-06
2.0051959e-06
2.0059017e-06
1.9997788e-06
1.9997955e-06
1.9998806e-06
2.0000825e-06
2.0003948e-06
2.0008007e-06
2.0012823e-06
2.0018239e-06
2.0024119e-06
2.0030351e-06
2.0036839e-06
2.0043509e-06
2.0050302e-06
2.0057177e-06
)
;

boundaryField
{
    bottom
    {
        type            fixedValue;
        value           uniform 0;
    }
    back
    {
        type            empty;
    }
    front
    {
        type            empty;
    }
    inlet
    {
        type            zeroGradient;
    }
    outlet
    {
        type            zeroGradient;
    }
    top
    {
        type            zeroGradient;
    }
    slipsurface
    {
        type            slip;
    }
    procBoundary4to5
    {
        type            processor;
        value           nonuniform List<scalar> 
32
(
2.0066145e-06
2.0073332e-06
2.0080591e-06
2.0087947e-06
2.0095431e-06
2.0103239e-06
2.0110845e-06
2.0120857e-06
2.0124866e-06
2.0145844e-06
1.2291788e-06
1.2433292e-06
1.5532452e-06
1.897038e-06
2.1524399e-06
2.3359607e-06
2.0066145e-06
1.9997672e-06
1.9997818e-06
1.9998599e-06
2.0000491e-06
2.0003463e-06
2.000736e-06
2.001201e-06
2.0017255e-06
2.0022962e-06
2.0029014e-06
2.0035317e-06
2.0041793e-06
2.0048385e-06
2.006411e-06
2.0055049e-06
)
;
    }
    procBoundary4to6
    {
        type            processor;
        value           nonuniform List<scalar> 
27
(
1.9576509e-08
5.9016068e-08
9.9320404e-08
1.4108034e-07
1.8490482e-07
2.3346643e-07
2.3346643e-07
2.8376624e-07
3.3813937e-07
3.9731157e-07
4.6203178e-07
5.3304988e-07
6.1106379e-07
6.9661993e-07
7.8998678e-07
8.9109495e-07
9.9962415e-07
1.1151611e-06
1.2372875e-06
1.3655616e-06
1.4994346e-06
1.6381464e-06
1.7806191e-06
1.9253512e-06
2.0703105e-06
2.2128211e-06
2.3494412e-06
)
;
    }
}


// ************************************************************************* //
