/*--------------------------------*- C++ -*----------------------------------*\
  =========                 |
  \\      /  F ield         | OpenFOAM: The Open Source CFD Toolbox
   \\    /   O peration     | Website:  https://openfoam.org
    \\  /    A nd           | Version:  12
     \\/     M anipulation  |
\*---------------------------------------------------------------------------*/
FoamFile
{
    format      ascii;
    class       volScalarField;
    location    "1700";
    object      p;
}
// * * * * * * * * * * * * * * * * * * * * * * * * * * * * * * * * * * * * * //

dimensions      [0 2 -2 0 0 0 0];

internalField   nonuniform List<scalar> 
1760
(
0.014832143
0.0059742694
0.0054581885
0.0048861768
0.0043577679
0.0040166926
0.0037197029
0.0034766635
0.0032721266
0.0030771715
0.0028483516
0.0025598749
0.0022223736
0.0018761339
0.0015613719
0.0012944428
0.001077673
0.00090521784
0.00076636176
0.00065441401
0.00056386283
0.00049030412
0.00043059341
0.00038262349
0.00034412727
0.00031315816
0.0002884482
0.00026882657
0.00025349091
0.00024190228
0.00023344121
0.00022752106
0.00022365509
0.00022160505
0.00022099136
0.014846982
0.0059798324
0.0054594339
0.0048869022
0.0043583082
0.0040171208
0.0037200528
0.0034769562
0.0032723794
0.0030774021
0.0028485729
0.0025600904
0.0022225788
0.0018763223
0.0015615394
0.0012945891
0.0010778
0.00090532819
0.00076645801
0.00065449837
0.00056393711
0.0004903698
0.00043065172
0.00038267546
0.00034417374
0.00031319986
0.00028848573
0.00026886044
0.00025352155
0.00024193008
0.00023346647
0.00022754407
0.00022367609
0.00022162425
0.00022101098
0.014864149
0.0059906991
0.0054618555
0.0048881679
0.0043592157
0.0040178291
0.0037206266
0.003477434
0.003272791
0.003077776
0.0028489297
0.0025604355
0.0022229055
0.0018766206
0.0015618034
0.0012948187
0.0010779985
0.00090550014
0.0007666076
0.00065462916
0.00056405203
0.00049047123
0.00043074162
0.00038275545
0.00034424517
0.00031326386
0.00028854326
0.00026891229
0.00025356842
0.00024197254
0.00023350503
0.00022757915
0.00022370807
0.0002216535
0.00022103887
0.014878882
0.0060057097
0.0054655079
0.0048899708
0.0043604612
0.0040187893
0.0037214006
0.0034780771
0.0032733444
0.0030782777
0.0028494067
0.0025608951
0.0022233388
0.0018770149
0.0015621515
0.0012951206
0.0010782592
0.0009057255
0.0007668034
0.00065480017
0.00056420214
0.0004906036
0.00043085884
0.00038285966
0.00034433817
0.00031334713
0.00028861806
0.00026897969
0.00025362929
0.00024202766
0.00023355505
0.00022762465
0.00022374954
0.00022169131
0.00022107358
0.01488959
0.0060217395
0.0054701085
0.004892174
0.0043619244
0.0040199038
0.0037222946
0.0034788187
0.0032739825
0.0030788554
0.0028499545
0.002561421
0.0022238332
0.0018774637
0.0015625467
0.001295463
0.0010785544
0.00090598068
0.00076702502
0.00065499369
0.00056437198
0.00049075336
0.00043099146
0.00038297757
0.00034444338
0.00031344135
0.0002887027
0.00026905594
0.00025369817
0.00024209003
0.00023361167
0.00022767614
0.00022379646
0.00022173415
0.00022111264
0.014893564
0.0060378845
0.0054755407
0.0048947329
0.0043635636
0.0040211361
0.0037232776
0.0034796322
0.0032746816
0.0030794875
0.0028505517
0.0025619919
0.0022243676
0.001877947
0.0015629712
0.0012958298
0.0010788701
0.0009062532
0.00076726145
0.00065519996
0.00056455288
0.00049091276
0.00043113253
0.00038310292
0.00034455519
0.00031354143
0.00028879258
0.00026913689
0.00025377127
0.0002421562
0.00023367171
0.00022773074
0.00022384621
0.00022177958
0.00022115411
0.014893136
0.0060560707
0.0054817792
0.0048976452
0.004365381
0.004022485
0.0037243476
0.0034805153
0.0032754398
0.0030801716
0.0028511961
0.0025626053
0.0022249392
0.0018784619
0.0015634219
0.0012962182
0.0010792038
0.00090654069
0.00076751053
0.00065541701
0.00056474303
0.00049108017
0.00043128056
0.00038323436
0.00034467235
0.00031364624
0.00028888664
0.00026922155
0.00025384768
0.00024222535
0.00023373442
0.00022778774
0.00022389812
0.00022182695
0.0002211974
0.014891188
0.0060763158
0.0054887908
0.0049009167
0.0043673833
0.004023953
0.0037255056
0.0034814688
0.0032762575
0.0030809083
0.0028518878
0.0025632611
0.0022255476
0.0018790078
0.0015638981
0.0012966276
0.0010795547
0.00090684261
0.00076777176
0.00065564438
0.00056494202
0.00049125519
0.0004314352
0.00038337156
0.00034479456
0.00031375548
0.00028898462
0.0002693097
0.0002539272
0.00024229726
0.0002337996
0.00022784696
0.00022395203
0.00022187612
0.00022124234
0.014888429
0.0060966893
0.0054965265
0.0049045495
0.0043695766
0.0040255416
0.0037267521
0.0034824926
0.0032771347
0.0030816974
0.0028526264
0.0025639585
0.002226192
0.0018795838
0.001564399
0.0012970571
0.0010799222
0.00090715825
0.00076804451
0.00065588151
0.00056514934
0.00049143737
0.00043159603
0.00038351414
0.00034492147
0.00031386886
0.00028908625
0.00026940107
0.00025400958
0.00024237173
0.00023386708
0.00022790823
0.00022400779
0.00022192695
0.00022128877
0.01488514
0.0061159826
0.0055049236
0.0049085438
0.0043719678
0.0040272531
0.0037280877
0.0034835872
0.0032780714
0.0030825388
0.0028534118
0.0025646971
0.0022268717
0.0018801891
0.0015649237
0.0012975059
0.0010803055
0.00090748696
0.00076832819
0.00065612786
0.00056536452
0.00049162629
0.00043176267
0.00038366177
0.00034505278
0.0003139861
0.00028919128
0.00026949545
0.00025409463
0.00024244856
0.00023393667
0.0002279714
0.00022406524
0.0002219793
0.00022133657
0.014881514
0.0061340324
0.0055139087
0.0049128976
0.0043745649
0.0040290909
0.0037295143
0.0034847534
0.0032790685
0.0030834331
0.0028542441
0.0025654767
0.0022275862
0.0018808231
0.0015654717
0.0012979736
0.001080704
0.0009078283
0.0007686224
0.00065638309
0.00056558723
0.00049182164
0.00043193485
0.00038381419
0.00034518826
0.00031410698
0.00028929951
0.00026959265
0.00025418217
0.00024252761
0.00023400823
0.00022803632
0.00022412427
0.00022203308
0.00022138564
0.014877668
0.0061511633
0.0055234325
0.0049176076
0.0043773756
0.0040310593
0.0037310339
0.0034859927
0.0032801269
0.0030843809
0.0028551237
0.0025662976
0.0022283356
0.0018814856
0.0015660427
0.0012984596
0.0010811176
0.00090818195
0.00076892685
0.00065664691
0.00056581722
0.00049202321
0.00043211236
0.00038397121
0.00034532774
0.00031423135
0.00028941079
0.00026969254
0.00025427208
0.00024260877
0.00023408165
0.00022810291
0.00022418479
0.00022208818
0.00022143591
0.014873719
0.0061673735
0.0055334933
0.0049226707
0.0043804066
0.0040331627
0.0037326493
0.003487307
0.003281248
0.0030853832
0.0028560511
0.0025671599
0.0022291197
0.0018821765
0.0015666364
0.0012989639
0.0010815459
0.0009085477
0.00076924133
0.00065691914
0.00056605431
0.00049223082
0.00043229504
0.00038413269
0.00034547108
0.00031435908
0.00028952502
0.00026979501
0.00025436428
0.00024269193
0.00023415687
0.00022817109
0.00022424673
0.00022214456
0.00022148732
0.014869731
0.0061825267
0.0055440503
0.0049280848
0.0043836644
0.0040354063
0.0037343634
0.003488698
0.0032824331
0.0030864411
0.0028570271
0.002568064
0.0022299387
0.0018828958
0.0015672528
0.0012994863
0.0010819888
0.00090892539
0.00076956569
0.00065719962
0.00056629835
0.00049244433
0.00043248277
0.00038429851
0.00034561818
0.00031449008
0.00028964209
0.00026989998
0.00025445866
0.00024277704
0.0002342338
0.0002282408
0.00022431002
0.00022220214
0.0002215398
0.0148656
0.0061965653
0.0055549875
0.0049338494
0.0043871538
0.0040377956
0.0037361793
0.0034901678
0.0032836838
0.0030875555
0.0028580524
0.0025690102
0.0022307927
0.0018836433
0.0015678917
0.0013000267
0.0010824462
0.00090931489
0.00076989982
0.00065748824
0.00056654924
0.00049266364
0.00043267544
0.00038446858
0.00034576894
0.00031462425
0.00028976193
0.00027000736
0.00025455518
0.00024286402
0.00023431239
0.00022831197
0.00022437461
0.00022226089
0.00022159333
0.014861081
0.0062094482
0.0055661822
0.0049399621
0.0043908786
0.0040403362
0.0037381004
0.0034917188
0.0032850017
0.0030887277
0.0028591276
0.0025699989
0.002231682
0.0018844193
0.0015685532
0.0013005851
0.001082918
0.00090971616
0.00077024363
0.00065778493
0.0005668069
0.00049288867
0.00043287299
0.00038464282
0.00034592329
0.00031476153
0.00028988448
0.00027011712
0.00025465376
0.00024295282
0.00023439258
0.00022838456
0.00022444047
0.00022232076
0.00022164786
0.014856219
0.0062212029
0.0055775115
0.0049464197
0.0043948408
0.0040430338
0.0037401305
0.0034933534
0.0032863885
0.0030899589
0.0028602537
0.0025710307
0.0022326068
0.0018852238
0.0015692374
0.0013011615
0.0010834043
0.00091012916
0.00077059709
0.00065808963
0.00056707127
0.00049311937
0.00043307535
0.00038482117
0.00034608118
0.00031490187
0.00029000968
0.00027022918
0.00025475437
0.0002430434
0.00023447434
0.00022845854
0.00022450755
0.00022238171
0.00022170335
0.014851297
0.006232012
0.0055888041
0.0049532489
0.0043990411
0.0040458941
0.0037422731
0.003495074
0.003287846
0.0030912503
0.0028614313
0.002572106
0.0022335673
0.0018860571
0.0015699445
0.001301756
0.0010839051
0.00091055391
0.00077096019
0.00065840232
0.00056734232
0.00049335571
0.00043328249
0.0003850036
0.00034624257
0.00031504523
0.0002901375
0.00027034352
0.00025485696
0.00024313571
0.00023455763
0.00022853387
0.00022457583
0.00022244373
0.00022175979
0.014846318
0.0062421179
0.0055998743
0.0049604783
0.0044034793
0.0040489226
0.0037445322
0.0034968831
0.0032893761
0.0030926032
0.0028626613
0.0025732254
0.002234564
0.0018869194
0.0015706745
0.0013023686
0.0010844204
0.00091099045
0.00077133297
0.00065872301
0.00056762006
0.00049359766
0.00043349438
0.00038519008
0.00034640743
0.00031519158
0.0002902679
0.00027046011
0.00025496152
0.00024322975
0.00023464243
0.00022861052
0.00022464528
0.00022250678
0.00022181714
0.01484104
0.0062517788
0.0056105635
0.004968098
0.0044081549
0.0040521241
0.0037469118
0.0034987836
0.0032909805
0.0030940189
0.0028639446
0.0025743893
0.0022355972
0.0018878109
0.0015714276
0.0013029997
0.0010849504
0.00091143888
0.00077171547
0.00065905175
0.0005679045
0.00049384523
0.00043371103
0.00038538061
0.00034657575
0.00031534091
0.00029040088
0.00027057892
0.00025506801
0.00024332547
0.00023472871
0.00022868848
0.00022471588
0.00022257084
0.0002218754
0.014835244
0.0062612743
0.0056207367
0.0049760775
0.0044130683
0.0040555029
0.0037494157
0.0035007781
0.0032926613
0.0030954988
0.0028652821
0.0025755984
0.0022366672
0.001888732
0.0015722043
0.0013036494
0.0010854953
0.00091189932
0.00077210778
0.00065938858
0.00056819567
0.00049409846
0.00043393245
0.00038557518
0.00034674753
0.0003154932
0.00029053641
0.00027069996
0.00025517643
0.00024342288
0.00023481646
0.00022876772
0.00022478761
0.00022263591
0.00022193453
0.014828815
0.0062708326
0.0056302924
0.0049843646
0.0044182223
0.0040590619
0.003752048
0.0035028695
0.0032944204
0.0030970441
0.0028666746
0.0025768532
0.0022377746
0.0018896831
0.0015730048
0.0013043179
0.0010860552
0.00091237193
0.00077251003
0.0006597336
0.00056849365
0.00049435738
0.00043415866
0.00038577383
0.00034692278
0.00031564847
0.0002906745
0.0002708232
0.00025528677
0.00024352196
0.00023490567
0.00022884825
0.00022486047
0.00022270197
0.00022199455
0.014821852
0.0062805162
0.0056391558
0.0049928882
0.0044236216
0.0040628031
0.0037548126
0.0035050605
0.0032962598
0.0030986562
0.0028681229
0.0025781543
0.0022389197
0.0018906645
0.0015738294
0.0013050056
0.0010866305
0.00091285691
0.00077292237
0.00066008692
0.00056879853
0.00049462207
0.00043438973
0.00038597658
0.00034710153
0.00031580673
0.00029081517
0.00027094867
0.00025539904
0.00024362272
0.00023499635
0.00022893006
0.00022493445
0.00022276902
0.00022205543
0.014814508
0.006290392
0.0056472664
0.0050015633
0.0044292726
0.0040667277
0.0037577134
0.003507354
0.0032981815
0.0031003366
0.002869628
0.0025795023
0.0022401032
0.0018916768
0.0015746786
0.0013057129
0.0010872214
0.00091335449
0.00077334498
0.00066044869
0.0005691104
0.0004948926
0.00043462572
0.0003861835
0.00034728382
0.00031596802
0.00029095844
0.00027107638
0.00025551325
0.00024372516
0.00023508849
0.00022901316
0.00022500955
0.00022283706
0.00022211719
0.014806788
0.006300625
0.0056545643
0.0050103046
0.0044351819
0.0040708366
0.003760754
0.0035097528
0.0033001875
0.0031020864
0.0028711908
0.0025808978
0.0022413255
0.0018927205
0.0015755529
0.0013064402
0.0010878282
0.00091386495
0.00077377808
0.00066081909
0.00056942943
0.0004951691
0.00043486671
0.00038639464
0.0003474697
0.00031613237
0.00029110434
0.00027120636
0.00025562942
0.0002438293
0.00023518212
0.00022909754
0.00022508579
0.00022290608
0.00022217981
0.01479864
0.0063113039
0.0056609665
0.0050190508
0.0044413512
0.0040751314
0.0037639377
0.0035122598
0.0033022797
0.0031039071
0.0028728121
0.0025823416
0.0022425872
0.0018937961
0.0015764529
0.0013071879
0.0010884515
0.00091438861
0.00077422192
0.0006611983
0.00056975576
0.00049545169
0.00043511281
0.0003866101
0.00034765924
0.00031629985
0.00029125292
0.00027133864
0.00025574757
0.00024393517
0.00023527724
0.00022918323
0.00022516316
0.0002229761
0.00022224331
0.014790057
0.0063222791
0.0056663771
0.0050277627
0.0044477738
0.0040796137
0.0037672672
0.0035148777
0.0033044603
0.0031058
0.0028744929
0.0025838343
0.002243889
0.0018949042
0.0015773791
0.0013079566
0.0010890915
0.00091492584
0.00077467681
0.00066158659
0.00057008958
0.00049574053
0.00043536415
0.00038682998
0.00034785253
0.00031647052
0.00029140422
0.00027147326
0.00025586775
0.00024404278
0.00023537388
0.00022927024
0.00022524169
0.00022304714
0.0002223077
0.014781085
0.0063333257
0.0056707634
0.005036389
0.0044544352
0.0040842842
0.003770744
0.0035176091
0.0033067311
0.0031077665
0.0028762341
0.0025853766
0.0022452315
0.0018960456
0.0015783321
0.001308747
0.0010897489
0.00091547705
0.00077514307
0.0006619842
0.00057043113
0.00049603579
0.00043562088
0.00038705439
0.00034804966
0.00031664446
0.00029155833
0.00027161029
0.00025599
0.00024415219
0.00023547207
0.0002293586
0.00022532141
0.00022311921
0.000222373
0.01477177
0.0063445603
0.0056742438
0.0050448322
0.0044613128
0.0040891415
0.0037743694
0.0035204564
0.0033090941
0.003109808
0.0028780366
0.0025869693
0.0022466154
0.0018972209
0.0015793128
0.0013095595
0.0010904241
0.00091604268
0.00077562108
0.00066239145
0.00057078064
0.00049633768
0.00043588315
0.00038728347
0.00034825075
0.00031682177
0.00029171531
0.00027174979
0.00025611438
0.00024426343
0.00023557186
0.00022944835
0.00022540232
0.00022319233
0.00022243921
0.014762136
0.0063561727
0.0056770647
0.005052971
0.0044683711
0.0040941828
0.0037781444
0.0035234222
0.0033115512
0.0031119256
0.0028799013
0.002588613
0.0022480415
0.001898431
0.0015803219
0.001310395
0.0010911178
0.00091662326
0.00077611125
0.00066280868
0.0005711384
0.00049664644
0.00043615116
0.00038751739
0.00034845593
0.00031700255
0.00029187526
0.00027189183
0.00025624094
0.00024437657
0.00023567329
0.00022953953
0.00022548448
0.00022326654
0.00022250638
0.014752196
0.0063680259
0.0056795123
0.0050607015
0.0044755574
0.0040994042
0.0037820702
0.0035265084
0.0033141041
0.0031141207
0.0028818291
0.0025903086
0.0022495105
0.0018996767
0.0015813602
0.0013112543
0.0010918307
0.00091721933
0.00077661404
0.00066323626
0.00057150471
0.0004969623
0.00043642513
0.00038775631
0.00034866534
0.00031718694
0.00029203828
0.00027203651
0.00025636977
0.00024449165
0.00023577641
0.00022963217
0.00022556792
0.00022334186
0.00022257452
0.014741947
0.0063798395
0.00568188
0.0050679252
0.0044828116
0.0041048027
0.003786148
0.0035297166
0.0033167546
0.0031163945
0.002883821
0.0025920569
0.0022510234
0.0019009589
0.0015824286
0.0013121381
0.0010925634
0.00091783151
0.00077712994
0.00066367461
0.00057187992
0.00049728557
0.00043670529
0.00038800044
0.00034887915
0.00031737505
0.00029220449
0.00027218391
0.00025650095
0.00024460877
0.00023588128
0.00022972633
0.00022565268
0.00022341834
0.00022264367
0.0031579965
0.0032196988
0.0033209956
0.0034422726
0.0035973757
0.0037790653
0.0039880354
0.0042267874
0.0044939334
0.0047987765
0.00513445
0.0055272845
0.0059495127
0.0064788578
0.0070146719
0.0077969793
0.0084757715
0.0098102349
0.010582526
0.020999949
0.0031579965
0.0032196988
0.0033209956
0.0034422726
0.0035973757
0.0037790653
0.0039880355
0.0042267874
0.0044939334
0.0047987765
0.00513445
0.0055272845
0.0059495127
0.0064788577
0.0070146718
0.0077969788
0.0084757712
0.0098102328
0.010582539
0.020993935
0.0031579965
0.0032196988
0.0033209956
0.0034422726
0.0035973758
0.0037790653
0.0039880355
0.0042267874
0.0044939334
0.0047987765
0.00513445
0.0055272845
0.0059495127
0.0064788576
0.0070146717
0.0077969783
0.0084757703
0.0098102299
0.01058254
0.020988804
0.0031579965
0.0032196988
0.0033209957
0.0034422727
0.0035973758
0.0037790654
0.0039880355
0.0042267874
0.0044939334
0.0047987765
0.00513445
0.0055272845
0.0059495127
0.0064788575
0.0070146714
0.0077969775
0.008475769
0.0098102255
0.010582539
0.020983587
0.0031579965
0.0032196988
0.0033209957
0.0034422727
0.0035973758
0.0037790654
0.0039880356
0.0042267875
0.0044939335
0.0047987766
0.0051344501
0.0055272846
0.0059495126
0.0064788573
0.007014671
0.0077969764
0.0084757676
0.0098102189
0.01058254
0.020977187
0.0031579965
0.0032196989
0.0033209957
0.0034422727
0.0035973759
0.0037790654
0.0039880356
0.0042267875
0.0044939336
0.0047987767
0.0051344502
0.0055272846
0.0059495126
0.006478857
0.0070146705
0.007796975
0.0084757663
0.0098102097
0.010582542
0.02096929
0.0031579965
0.0032196989
0.0033209957
0.0034422728
0.0035973759
0.0037790655
0.0039880357
0.0042267876
0.0044939337
0.0047987768
0.0051344502
0.0055272846
0.0059495125
0.0064788567
0.0070146699
0.0077969732
0.008475765
0.0098101978
0.010582546
0.020959659
0.0031579965
0.0032196989
0.0033209958
0.0034422728
0.003597376
0.0037790656
0.0039880358
0.0042267877
0.0044939338
0.0047987769
0.0051344503
0.0055272846
0.0059495125
0.0064788563
0.0070146691
0.007796971
0.0084757633
0.0098101834
0.01058255
0.020948183
0.0031579965
0.0032196989
0.0033209958
0.0034422729
0.003597376
0.0037790657
0.0039880359
0.0042267878
0.0044939339
0.004798777
0.0051344504
0.0055272847
0.0059495124
0.0064788559
0.0070146682
0.0077969684
0.0084757613
0.0098101661
0.010582556
0.020934826
0.0031579965
0.003219699
0.0033209959
0.0034422729
0.0035973761
0.0037790658
0.003988036
0.004226788
0.004493934
0.0047987771
0.0051344505
0.0055272847
0.0059495122
0.0064788553
0.0070146671
0.0077969653
0.0084757589
0.0098101457
0.010582564
0.020919564
0.0031579965
0.003219699
0.0033209959
0.003442273
0.0035973762
0.0037790659
0.0039880361
0.0042267881
0.0044939342
0.0047987773
0.0051344506
0.0055272847
0.0059495121
0.0064788546
0.0070146657
0.0077969617
0.008475756
0.009810122
0.010582573
0.020902544
0.0031579965
0.003219699
0.003320996
0.0034422731
0.0035973763
0.003779066
0.0039880362
0.0042267883
0.0044939344
0.0047987774
0.0051344508
0.0055272847
0.0059495119
0.0064788538
0.0070146642
0.0077969575
0.0084757527
0.0098100947
0.010582584
0.020883967
0.0031579965
0.0032196991
0.003320996
0.0034422732
0.0035973764
0.0037790661
0.0039880364
0.0042267884
0.0044939345
0.0047987776
0.0051344509
0.0055272847
0.0059495116
0.0064788529
0.0070146624
0.0077969527
0.0084757489
0.0098100638
0.010582597
0.02086389
0.0031579965
0.0032196991
0.0033209961
0.0034422732
0.0035973765
0.0037790662
0.0039880366
0.0042267886
0.0044939347
0.0047987778
0.005134451
0.0055272847
0.0059495113
0.0064788518
0.0070146604
0.0077969472
0.0084757445
0.0098100292
0.010582611
0.020842348
0.0031579965
0.0032196991
0.0033209962
0.0034422733
0.0035973766
0.0037790664
0.0039880368
0.0042267888
0.0044939349
0.004798778
0.0051344512
0.0055272846
0.005949511
0.0064788506
0.0070146581
0.007796941
0.0084757395
0.0098099909
0.010582627
0.020819389
0.0031579965
0.0032196992
0.0033209962
0.0034422734
0.0035973768
0.0037790666
0.0039880369
0.004226789
0.0044939352
0.0047987782
0.0051344513
0.0055272845
0.0059495106
0.0064788491
0.0070146554
0.007796934
0.0084757338
0.0098099484
0.010582645
0.02079508
0.0031579965
0.0032196992
0.0033209963
0.0034422736
0.0035973769
0.0037790667
0.0039880372
0.0042267893
0.0044939354
0.0047987784
0.0051344514
0.0055272844
0.0059495101
0.0064788475
0.0070146524
0.0077969262
0.0084757274
0.0098099016
0.010582665
0.020769499
0.0031579965
0.0032196993
0.0033209964
0.0034422737
0.0035973771
0.0037790669
0.0039880374
0.0042267895
0.0044939357
0.0047987786
0.0051344515
0.0055272843
0.0059495095
0.0064788457
0.007014649
0.0077969174
0.0084757202
0.0098098501
0.010582689
0.020742714
0.0031579965
0.0032196993
0.0033209965
0.0034422738
0.0035973772
0.0037790671
0.0039880376
0.0042267898
0.0044939359
0.0047987788
0.0051344517
0.0055272841
0.0059495088
0.0064788436
0.0070146453
0.0077969076
0.0084757121
0.0098097938
0.010582715
0.020714795
0.0031579965
0.0032196994
0.0033209966
0.003442274
0.0035973774
0.0037790673
0.0039880379
0.0042267901
0.0044939362
0.004798779
0.0051344518
0.0055272838
0.005949508
0.0064788413
0.007014641
0.0077968968
0.0084757031
0.0098097322
0.010582745
0.020685804
0.0031579965
0.0032196995
0.0033209967
0.0034422741
0.0035973776
0.0037790676
0.0039880381
0.0042267903
0.0044939365
0.0047987793
0.0051344518
0.0055272835
0.0059495071
0.0064788387
0.0070146363
0.0077968847
0.0084756931
0.0098096642
0.01058278
0.020655789
0.0031579965
0.0032196995
0.0033209968
0.0034422742
0.0035973778
0.0037790678
0.0039880384
0.0042267906
0.0044939368
0.0047987795
0.0051344519
0.0055272832
0.005949506
0.0064788357
0.0070146311
0.0077968714
0.008475682
0.0098095889
0.01058282
0.020624786
0.0031579964
0.0032196996
0.0033209969
0.0034422744
0.003597378
0.003779068
0.0039880387
0.0042267909
0.0044939371
0.0047987797
0.0051344519
0.0055272827
0.0059495048
0.0064788324
0.0070146252
0.0077968567
0.0084756696
0.0098095063
0.010582866
0.020592808
0.0031579964
0.0032196996
0.0033209971
0.0034422746
0.0035973782
0.0037790683
0.0039880389
0.0042267912
0.0044939374
0.0047987799
0.0051344519
0.0055272822
0.0059495035
0.0064788288
0.0070146188
0.0077968405
0.008475656
0.0098094168
0.010582919
0.020559825
0.0031579964
0.0032196997
0.0033209972
0.0034422747
0.0035973784
0.0037790685
0.0039880392
0.0042267916
0.0044939377
0.0047987801
0.0051344519
0.0055272816
0.005949502
0.0064788247
0.0070146117
0.0077968228
0.0084756408
0.0098093202
0.01058298
0.020525821
0.0031579964
0.0032196998
0.0033209973
0.0034422749
0.0035973786
0.0037790688
0.0039880395
0.0042267919
0.004493938
0.0047987803
0.0051344518
0.0055272808
0.0059495002
0.0064788202
0.0070146038
0.0077968032
0.0084756238
0.0098092163
0.010583044
0.020490849
0.0031579964
0.0032196999
0.0033209974
0.0034422751
0.0035973788
0.0037790691
0.0039880399
0.0042267922
0.0044939383
0.0047987804
0.0051344517
0.00552728
0.0059494983
0.0064788152
0.0070145952
0.0077967819
0.008475605
0.0098091051
0.010583108
0.020454922
0.0031579964
0.0032196999
0.0033209976
0.0034422753
0.0035973791
0.0037790694
0.0039880402
0.0042267925
0.0044939386
0.0047987806
0.0051344515
0.005527279
0.005949496
0.0064788097
0.0070145856
0.0077967585
0.008475584
0.0098089865
0.010583172
0.020418015
0.0031579964
0.0032197
0.0033209977
0.0034422755
0.0035973793
0.0037790696
0.0039880405
0.0042267929
0.0044939388
0.0047987807
0.0051344512
0.0055272778
0.0059494936
0.0064788036
0.0070145752
0.0077967329
0.0084755606
0.0098088605
0.010583234
0.020380121
0.0031579963
0.0032197001
0.0033209979
0.0034422757
0.0035973796
0.0037790699
0.0039880408
0.0042267932
0.0044939391
0.0047987807
0.0051344509
0.0055272765
0.0059494908
0.0064787969
0.0070145637
0.007796705
0.0084755345
0.0098087269
0.010583293
0.020341234
0.0031579963
0.0032197001
0.003320998
0.0034422759
0.0035973798
0.0037790702
0.0039880411
0.0042267935
0.0044939393
0.0047987807
0.0051344505
0.005527275
0.0059494877
0.0064787895
0.0070145511
0.0077966745
0.0084755053
0.0098085856
0.010583345
0.020301349
0.0031579963
0.0032197002
0.0033209982
0.0034422761
0.0035973801
0.0037790705
0.0039880415
0.0042267938
0.0044939396
0.0047987807
0.0051344499
0.0055272733
0.0059494842
0.0064787813
0.0070145373
0.0077966414
0.0084754729
0.0098084366
0.010583388
0.020260454
)
;

boundaryField
{
    inlet
    {
        type            zeroGradient;
    }
    top
    {
        type            zeroGradient;
    }
    outlet
    {
        type            fixedValue;
        value           nonuniform List<scalar> 0();
    }
    slipsurface
    {
        type            slip;
    }
    bottom
    {
        type            zeroGradient;
    }
    frontandback
    {
        type            empty;
    }
    procBoundary0to1
    {
        type            processor;
        value           nonuniform List<scalar> 
55
(
0.014731369
0.0063914162
0.0056844482
0.0050745201
0.0044900868
0.0041103764
0.0037903775
0.0035330482
0.0033195042
0.0031187482
0.0028858778
0.0025938587
0.002252581
0.0019022787
0.0015835283
0.0013130474
0.0010933168
0.00091846046
0.00077765954
0.00066412419
0.00057226442
0.00049761656
0.00043699191
0.00038825001
0.00034909756
0.00031756707
0.00029237402
0.00027233417
0.00025663457
0.00024472799
0.00023598797
0.00022982208
0.00022573882
0.00022349602
0.00022271387
0.0031579962
0.0032197003
0.0033209983
0.0034422763
0.0035973803
0.0037790708
0.0039880418
0.0042267941
0.0044939397
0.0047987806
0.0051344493
0.0055272714
0.0059494803
0.0064787724
0.0070145223
0.0077966053
0.0084754369
0.0098082792
0.010583427
0.020218535
)
;
    }
    procBoundary0to2
    {
        type            processor;
        value           nonuniform List<scalar> 
26
(
0.00022159223
0.00022160835
0.00022163284
0.00022166455
0.00022170045
0.00022173848
0.00022177812
0.00022181923
0.00022186171
0.00022190542
0.00022195028
0.00022199622
0.00022204317
0.0002220911
0.00022213996
0.00022218971
0.00022224032
0.00022229177
0.00022234404
0.0002223971
0.00022245095
0.00022250558
0.00022256097
0.00022261713
0.00022267405
0.00022273175
)
;
    }
    procBoundary0to3
    {
        type            processor;
        value           nonuniform List<scalar> 6(0.00022279022 0.00022284949 0.00022290957 0.00022297049 0.00022303225 0.0002230949);
    }
}


// ************************************************************************* //
