/*--------------------------------*- C++ -*----------------------------------*\
  =========                 |
  \\      /  F ield         | OpenFOAM: The Open Source CFD Toolbox
   \\    /   O peration     | Website:  https://openfoam.org
    \\  /    A nd           | Version:  12
     \\/     M anipulation  |
\*---------------------------------------------------------------------------*/
FoamFile
{
    format      ascii;
    class       volScalarField;
    location    "1100";
    object      p;
}
// * * * * * * * * * * * * * * * * * * * * * * * * * * * * * * * * * * * * * //

dimensions      [0 2 -2 0 0 0 0];

internalField   nonuniform List<scalar> 
808
(
0.0041322545
0.0040542559
0.0039838979
0.0039191703
0.0038584027
0.0038013636
0.0037479798
0.0036979122
0.0036505935
0.003605667
0.0035627335
0.0035217206
0.0034822755
0.0034442869
0.0034077975
0.0033723409
0.0033379775
0.0033049385
0.0032727387
0.0032411864
0.0032106409
0.0031810056
0.0031516648
0.0031221615
0.0030927715
0.0030639836
0.0030362977
0.0030085104
0.0029803059
0.0029525271
0.0029264022
0.0029004106
0.0028732052
0.0041369239
0.0040583824
0.003987474
0.0039224199
0.0038614085
0.0038041394
0.0037505393
0.0037002713
0.0036527784
0.0036076934
0.0035646242
0.0035234776
0.0034839333
0.0034458523
0.00340925
0.0033737293
0.0033393144
0.0033060953
0.0032735928
0.0032418022
0.0032110957
0.0031810338
0.0031513601
0.0031224283
0.0030942905
0.0030666218
0.003038959
0.0030108917
0.0029830011
0.0029556545
0.0029291955
0.0029024376
0.0028751667
0.0041421671
0.0040630189
0.0039914837
0.003926044
0.0038647519
0.0038072217
0.003753377
0.0037028849
0.0036551976
0.0036099355
0.0035667172
0.003525428
0.0034857656
0.0034475737
0.0034108582
0.0033752645
0.0033407703
0.0033074444
0.0032748875
0.0032430735
0.0032122192
0.0031819019
0.0031520099
0.0031229087
0.0030944774
0.0030663634
0.003038542
0.0030113338
0.0029847143
0.0029583414
0.002931786
0.0029047039
0.0028777602
0.0041479305
0.0040681632
0.0039959575
0.003930093
0.0038684989
0.0038106873
0.0037565762
0.0037058388
0.0036579368
0.0036124791
0.0035690947
0.0035276461
0.0034878483
0.0034495352
0.003412696
0.0033770058
0.0033424133
0.0033089818
0.0032763599
0.0032444818
0.0032135273
0.0031831614
0.003153262
0.0031240794
0.0030954552
0.0030671155
0.0030391181
0.0030117545
0.0029847799
0.0029579604
0.0029313013
0.0029050838
0.0028793936
0.0041544296
0.0040739891
0.0040010268
0.00393466
0.0038727135
0.0038145787
0.0037601624
0.0037091455
0.0036609987
0.0036153201
0.0035717465
0.0035301188
0.0034901682
0.0034517197
0.0034147418
0.0033789408
0.0033442446
0.0033107012
0.0032779944
0.0032460356
0.0032149846
0.003184557
0.0031546054
0.0031253375
0.0030966481
0.0030682921
0.003040285
0.0030128159
0.0029856449
0.002958634
0.0029318315
0.0029054607
0.0028794227
0.0041614413
0.0040803351
0.0040065759
0.0039396609
0.0038773387
0.0038188634
0.0037641225
0.0037128072
0.0036643982
0.0036184826
0.0035747042
0.0035328838
0.0034927665
0.0034541696
0.0034170412
0.0033811175
0.0033463081
0.0033126406
0.0032798359
0.003247792
0.0032166402
0.0031861331
0.0031561158
0.0031267675
0.0030980093
0.0030696044
0.0030415409
0.0030139901
0.0029867784
0.0029597659
0.0029329548
0.0029064882
0.0028802708
0.0041694333
0.0040876149
0.0040129681
0.0039454062
0.0038826395
0.0038237688
0.003768651
0.0037169894
0.003668275
0.0036220847
0.0035780669
0.0035360238
0.003495712
0.003456942
0.0034196417
0.0033835747
0.0033486339
0.0033148261
0.0032819083
0.0032497672
0.0032185015
0.0031879009
0.0031578118
0.0031283787
0.003099537
0.0030710656
0.0030429416
0.00301532
0.0029880555
0.0029609961
0.0029341308
0.0029075954
0.0028813374
0.0041778073
0.0040953138
0.0040197638
0.0039515121
0.0038882812
0.0038290076
0.0037735035
0.003721485
0.0036724553
0.0036259817
0.0035817153
0.0035394421
0.003498927
0.0034599758
0.0034224971
0.0033862778
0.0033511979
0.0033172437
0.0032842043
0.0032519582
0.0032205721
0.0031898705
0.0031597034
0.0031301783
0.003101244
0.0030727013
0.003044517
0.0030168203
0.0029894868
0.0029623679
0.0029354523
0.0029088628
0.0028825557
0.0041875166
0.0041043009
0.0040277589
0.0039586913
0.0038948963
0.0038351434
0.0037791817
0.0037267395
0.0036773337
0.0036305228
0.003585958
0.0035434107
0.0035026514
0.0034634821
0.0034257929
0.0033893898
0.0033541432
0.0033200188
0.0032868335
0.0032544609
0.0032229369
0.0031921162
0.0031618541
0.003132223
0.0031031828
0.0030745568
0.0030463005
0.003018516
0.0029911015
0.0029639185
0.0029369503
0.0029102985
0.0041973433
0.0041134872
0.0040360045
0.0039661055
0.0039017388
0.0038415164
0.0037851044
0.0037322408
0.0036824592
0.0036353116
0.0035904474
0.0035476255
0.0035066197
0.0034672295
0.0034293284
0.0033927372
0.00335732
0.0033230231
0.0032896866
0.0032571823
0.0032255181
0.0031945727
0.0031642094
0.003134469
0.0031053185
0.0030766033
0.0030482691
0.0030203929
0.0029928935
0.0029656424
0.0029386156
0.0029118939
0.0042087903
0.004124199
0.0040457082
0.003974846
0.0039097857
0.0038490047
0.0037920645
0.0037387045
0.0036884774
0.0036409305
0.0035957088
0.0035525602
0.003511259
0.0034716026
0.0034334499
0.0033966321
0.0033610089
0.0033265091
0.0032929907
0.0032603264
0.0032284986
0.0031974045
0.003166917
0.0031370487
0.00310777
0.003078947
0.0030505185
0.0030225376
0.0029949394
0.0029676066
0.0029405083
0.0029137066
0.0042203788
0.0041351142
0.004055715
0.0039838925
0.0039181176
0.0038567785
0.0037993153
0.0037454581
0.0036947815
0.003646832
0.0036012488
0.0035577699
0.0035161688
0.0034762413
0.0034378338
0.0034007841
0.0033649499
0.0033302444
0.0032965387
0.0032637085
0.0032317145
0.0032004668
0.0031698489
0.0031398493
0.0031104386
0.0030815021
0.0030529741
0.0030248854
0.0029971837
0.0029697637
0.0029425891
0.0029157043
0.00423312
0.0041471628
0.0040669217
0.0039941114
0.0039275507
0.0038656016
0.0038075747
0.0037531757
0.0037020023
0.0036536047
0.0036076159
0.0035637649
0.0035218232
0.0034815854
0.0034428874
0.0034055704
0.0033694912
0.0033345504
0.0033006274
0.003267602
0.0032354172
0.0032039911
0.0031732174
0.0031430655
0.0031135031
0.0030844324
0.0030557856
0.0030275732
0.0029997518
0.0029722287
0.0029449629
0.0029179823
0.004246571
0.0041598167
0.0040787901
0.0040049887
0.0039375828
0.0038749806
0.0038163666
0.0037614027
0.0037097067
0.0036608373
0.0036144215
0.0035701791
0.0035278787
0.0034873131
0.00344831
0.0034107113
0.0033743733
0.0033391863
0.0033050346
0.0032718021
0.0032394183
0.0032078048
0.0031768649
0.0031465532
0.0031168328
0.0030876197
0.0030588459
0.0030305046
0.0030025577
0.0029749244
0.0029475607
0.0029204794
0.0042603813
0.0041728651
0.0040912376
0.004016572
0.0039483499
0.0038851043
0.0038259201
0.0037704002
0.0037181776
0.0036688258
0.0036219687
0.0035773182
0.0035346398
0.0034937251
0.003454396
0.0034164933
0.0033798734
0.003344419
0.0033100166
0.003276554
0.0032439508
0.0032121298
0.0031810018
0.0031505111
0.0031206152
0.0030912407
0.003062321
0.0030338351
0.0030057473
0.0029779876
0.00295051
0.0029233145
0.0042747617
0.0041864514
0.0041043334
0.0040289068
0.0039598739
0.0038959578
0.0038361872
0.0037800967
0.0037273248
0.0036774637
0.0036301384
0.0035850538
0.0035419715
0.0035006821
0.0034610033
0.003422774
0.00338585
0.0033501088
0.003315437
0.0032817253
0.0032488868
0.0032168432
0.0031855109
0.0031548275
0.0031247447
0.0030951961
0.0030661177
0.0030374775
0.0030092396
0.0029813431
0.0029537416
0.002926424
0.0042889712
0.0041999528
0.0041175181
0.0040415376
0.0039718082
0.0039072747
0.0038469653
0.0037903488
0.0037370575
0.0036867045
0.0036389211
0.0035934074
0.0035499215
0.0035082537
0.0034682191
0.0034296549
0.0033924162
0.0033563772
0.0033214239
0.0032874491
0.0032543619
0.0032220823
0.0031905302
0.0031596393
0.0031293561
0.0030996189
0.0030703662
0.0030415582
0.0030131573
0.0029851099
0.0029573699
0.0029299173
0.004302598
0.0042131593
0.0041306465
0.0040543811
0.0039841365
0.0039190763
0.0038582883
0.0038011959
0.003747418
0.0036965882
0.0036483507
0.0036024055
0.0035585087
0.0035164506
0.0034760458
0.0034371306
0.0033995598
0.0033632056
0.0033279532
0.0032936967
0.0032603431
0.0032278106
0.003196021
0.0031649059
0.0031344076
0.0031044667
0.003075024
0.0030460346
0.0030174586
0.0029892472
0.0029613554
0.0029337565
0.0043148752
0.0042254832
0.0041431814
0.004066938
0.003996427
0.0039309934
0.0038698319
0.0038123526
0.0037581602
0.0037069057
0.0036582515
0.0036119024
0.0035676145
0.0035251795
0.003484413
0.0034451513
0.0034072494
0.0033705787
0.0033350241
0.0033004805
0.0032668541
0.0032340614
0.0032020254
0.0031706765
0.003139954
0.0031097994
0.0030801554
0.0030509739
0.0030222129
0.0029938264
0.0029657707
0.0029380145
0.0043248436
0.0042362067
0.004154546
0.0040787211
0.0040082942
0.0039427395
0.0038813827
0.0038236595
0.0037691696
0.0037175796
0.0036685743
0.0036218701
0.0035772272
0.0035344404
0.0034933286
0.0034537302
0.0034155015
0.0033785147
0.003342655
0.0033078185
0.0032739112
0.0032408493
0.003208556
0.0031769615
0.0031460033
0.003115623
0.0030857646
0.0030563784
0.0030274204
0.0029988463
0.0029706136
0.0029426878
0.0043314399
0.0042444642
0.0041640245
0.0040890941
0.0040191766
0.0039538341
0.003892527
0.0038347525
0.0037801238
0.0037283259
0.0036790689
0.0036320875
0.0035871513
0.0035440614
0.0035026421
0.0034627363
0.0034242031
0.0033869168
0.0033507641
0.0033156426
0.0032814595
0.0032481308
0.0032155803
0.0031837383
0.0031525415
0.0031219316
0.0030918532
0.0030622561
0.003033095
0.0030043261
0.002975908
0.0029478041
0.0043335415
0.0042492433
0.0041707471
0.0040972826
0.0040283818
0.0039636785
0.003902757
0.0038451997
0.0037906561
0.0037388362
0.0036894789
0.0036423431
0.0035972137
0.0035539022
0.0035122415
0.0034720811
0.0034332857
0.0033957332
0.0033593135
0.0033239266
0.0032894817
0.0032558961
0.0032230946
0.003191008
0.0031595734
0.0031287325
0.0030984308
0.003068618
0.0030392482
0.003010278
0.0029816663
0.0029533759
0.004330061
0.0042494681
0.004173739
0.0041024048
0.0040351037
0.0039715487
0.0039114345
0.0038544391
0.0038002687
0.00374867
0.0036994151
0.0036522926
0.0036071091
0.0035636919
0.0035218859
0.0034815507
0.003442559
0.0034047948
0.0033681529
0.0033325373
0.0032978603
0.0032640418
0.0032310081
0.0031986918
0.0031670307
0.0031359673
0.0031054481
0.0030754233
0.0030458468
0.0030166756
0.0029878691
0.0029593897
0.0043200375
0.0042440931
0.0041719791
0.0041034977
0.0040384359
0.0039766021
0.003917792
0.0038617798
0.0038083418
0.0037572729
0.0037083847
0.0036615001
0.0036164535
0.0035730931
0.0035312802
0.003490888
0.0034517999
0.0034139087
0.0033771164
0.0033413326
0.0033064745
0.0032724654
0.0032392351
0.0032067182
0.0031748545
0.003143588
0.0031128666
0.0030826415
0.0030528673
0.0030235016
0.0029945042
0.0029658378
0.0043027168
0.0042322007
0.0041644867
0.0040995815
0.0040374216
0.0039779192
0.003920964
0.0038664204
0.0038141393
0.0037639722
0.0037157759
0.0036694119
0.0036247469
0.0035816551
0.0035400186
0.0034997276
0.0034606796
0.0034227794
0.0033859381
0.0033500737
0.0033151094
0.0032809744
0.0032476024
0.003214932
0.0031829059
0.0031514705
0.0031205756
0.0030901744
0.0030602226
0.0030306789
0.0030015041
0.0029726614
)
;

boundaryField
{
    bottom
    {
        type            zeroGradient;
    }
    back
    {
        type            empty;
    }
    front
    {
        type            empty;
    }
    inlet
    {
        type            zeroGradient;
    }
    outlet
    {
        type            fixedValue;
        value           nonuniform List<scalar> 0();
    }
    top
    {
        type            zeroGradient;
    }
    slipsurface
    {
        type            slip;
    }
    procBoundary6to1
    {
        type            processor;
        value           nonuniform List<scalar> 
30
(
0.0039163031
0.003855757
0.0037989254
0.0037457349
0.0036958449
0.0036486827
0.0036038948
0.0035610703
0.0035201809
0.0034808227
0.0034429026
0.0034066006
0.0033714693
0.0033373662
0.0033045312
0.0032727503
0.0032413262
0.0032097263
0.003178765
0.0031489783
0.0031196147
0.0030900817
0.0030608174
0.0030333816
0.0030063387
0.0029782384
0.0029503325
0.0029239902
0.0028978619
0.0028706078
)
;
    }
    procBoundary6to3
    {
        type            processor;
        value           nonuniform List<scalar> 3(0.0041280683 0.0040505898 0.0039807391);
    }
    procBoundary6to4
    {
        type            processor;
        value           nonuniform List<scalar> 
32
(
0.0042776179
0.004213091
0.0041504206
0.0040897453
0.0040311216
0.003974558
0.0039200284
0.003867477
0.003816826
0.0037679858
0.0037208617
0.0036753566
0.0036313728
0.0035888141
0.0035475872
0.0035076028
0.0034687757
0.0034310251
0.0033942743
0.0033584511
0.0033234878
0.0032893203
0.0032558885
0.0032231359
0.0031910095
0.0031594591
0.0031284378
0.0030979009
0.0030678064
0.0030381146
0.0030087879
0.0029797903
)
;
    }
    procBoundary6to5
    {
        type            processor;
        value           uniform 0.0043758766;
    }
    procBoundary6to7
    {
        type            processor;
        value           nonuniform List<scalar> 
24
(
0.0042122832
0.0042173684
0.0042230913
0.0042293368
0.0042363833
0.0042439609
0.0042526432
0.004261784
0.0042724691
0.0042834077
0.0042963668
0.0043096743
0.0043243713
0.0043400479
0.0043560173
0.0043723734
0.0043880946
0.0044023996
0.0044142983
0.0044226729
0.0044264127
0.0044244592
0.004415861
0.0043998428
)
;
    }
    procBoundary6to14
    {
        type            processor;
        value           nonuniform List<scalar> 
26
(
0.0028462049
0.002848286
0.0028512812
0.0028538527
0.0028534228
0.0028541054
0.0028551744
0.0028563522
0.0028839243
0.0028839243
0.0028854468
0.002887178
0.0028890904
0.0028912707
0.0028936653
0.0028963852
0.0028993723
0.0029027317
0.002906427
0.0029105309
0.0029150391
0.0029199824
0.002925373
0.0029312026
0.0029374672
0.0029441157
)
;
    }
}


// ************************************************************************* //
