/*--------------------------------*- C++ -*----------------------------------*\
  =========                 |
  \\      /  F ield         | OpenFOAM: The Open Source CFD Toolbox
   \\    /   O peration     | Website:  https://openfoam.org
    \\  /    A nd           | Version:  12
     \\/     M anipulation  |
\*---------------------------------------------------------------------------*/
FoamFile
{
    format      ascii;
    class       volScalarField;
    location    "900";
    object      epsilon;
}
// * * * * * * * * * * * * * * * * * * * * * * * * * * * * * * * * * * * * * //

dimensions      [0 2 -3 0 0 0 0];

internalField   nonuniform List<scalar> 
824
(
0.012952391
0.012552204
0.012137123
0.011734337
0.011361934
0.011016132
0.010675463
0.010314567
0.0099255012
0.0095261999
0.009146362
0.0088034257
0.0084873135
0.0081719818
0.0078484384
0.0075318136
0.0072418282
0.0069865278
0.006757647
0.0065392724
0.0063204481
0.0061022683
0.0058935522
0.0057020292
0.0055274585
0.005363757
0.0052064582
0.0050542152
0.0049062795
0.0047613825
0.0046195122
0.0044831967
0.0043631936
0.0041979951
0.011067372
0.010726246
0.010373419
0.010031027
0.0097138071
0.009418668
0.0091280843
0.008821363
0.0084919926
0.008154547
0.007833216
0.0075424552
0.0072743781
0.0070077818
0.0067352049
0.006468875
0.0062248077
0.0060095295
0.0058162617
0.0056319681
0.0054476481
0.0052641439
0.0050886275
0.0049274027
0.0047802648
0.004642222
0.0045095976
0.0043812687
0.0042566116
0.004134556
0.0040151127
0.0039002195
0.0037991412
0.0036592079
0.014816038
0.014362094
0.013894292
0.01344024
0.013018357
0.012624771
0.012237549
0.011830774
0.011396218
0.010952005
0.010528349
0.010143792
0.0097890958
0.0094377905
0.009080291
0.0087316945
0.0084119365
0.0081291376
0.0078747481
0.0076323377
0.0073905093
0.0071502221
0.0069204244
0.0067090177
0.0065157366
0.0063342714
0.0061599529
0.0059913282
0.0058275924
0.0056673385
0.0055106168
0.0053596278
0.0052269061
0.005041715
0.021599206
0.020941875
0.020266354
0.019610531
0.018999741
0.01842867
0.017867126
0.017279397
0.016654037
0.016015858
0.015406403
0.014851766
0.014339999
0.013834724
0.013322434
0.012823678
0.0123658
0.011959942
0.011594253
0.011245959
0.010899196
0.01055517
0.01022618
0.0099231329
0.0096456556
0.0093849802
0.0091345903
0.0088924268
0.0086573517
0.0084273448
0.0082025204
0.0079856381
0.007795121
0.0075275748
0.031478685
0.030527239
0.029551499
0.028603964
0.027719818
0.026891717
0.026077716
0.025228145
0.024326949
0.02340843
0.022530271
0.021729421
0.020990207
0.02026214
0.019526073
0.0188103
0.018152714
0.017568773
0.017041918
0.016540307
0.016041678
0.015547576
0.015075073
0.014639373
0.01423995
0.01386452
0.013503919
0.013155215
0.012816791
0.01248574
0.012162274
0.011849907
0.011575656
0.011188516
0.045189831
0.04383358
0.042445082
0.041096345
0.03983574
0.038653228
0.037491149
0.036281116
0.035000848
0.033697302
0.032449765
0.031309953
0.03025749
0.029223007
0.028179692
0.027166136
0.026234357
0.025405593
0.024656953
0.02394439
0.023237008
0.02253676
0.021867119
0.021249059
0.020681851
0.02014847
0.01963617
0.01914083
0.01866018
0.018190096
0.017730941
0.01728713
0.016897652
0.01634534
0.063981863
0.06207565
0.060127114
0.058233827
0.056461494
0.054796561
0.053160725
0.051460972
0.049666748
0.047841567
0.046093102
0.044492836
0.04301467
0.041564445
0.040105089
0.038688628
0.037385614
0.036224886
0.035175182
0.034176317
0.033185935
0.03220647
0.031269802
0.030404521
0.029609626
0.028861809
0.028143566
0.027449173
0.026775489
0.026116744
0.02547352
0.024851255
0.024305406
0.023528003
0.089727132
0.087073255
0.084364505
0.081731868
0.079263759
0.076942033
0.074661326
0.072296298
0.069805449
0.067273887
0.064846456
0.062621033
0.060564682
0.058550807
0.056528644
0.054567643
0.05276258
0.051152223
0.049694278
0.048307281
0.046933725
0.045576583
0.044278737
0.043078771
0.041975319
0.040936778
0.039939335
0.038975121
0.038039829
0.037125458
0.036232931
0.035368755
0.034611034
0.03352729
0.12522855
0.12154507
0.1177915
0.11414309
0.11071831
0.10749279
0.10432525
0.10104745
0.097603328
0.09410648
0.09075083
0.087669698
0.084821925
0.082038131
0.079249141
0.076547141
0.074058684
0.071835507
0.069820629
0.067904363
0.066009057
0.064138277
0.062349337
0.060693966
0.059170284
0.057735674
0.056357925
0.055026273
0.053734842
0.052472597
0.051240967
0.050047486
0.049001519
0.047499135
0.17501173
0.16985828
0.16461719
0.15952509
0.15474162
0.15023342
0.14580934
0.14124215
0.13645602
0.13160366
0.12694591
0.12266471
0.11870828
0.11484902
0.11099237
0.10726094
0.10382381
0.10074973
0.0979615
0.0953111
0.092693541
0.090113022
0.087646089
0.085361957
0.083257901
0.081276393
0.079373833
0.07753547
0.075753263
0.074011984
0.072313807
0.070667083
0.069224741
0.067144372
0.24713734
0.23977967
0.23231113
0.22505902
0.21824372
0.2118186
0.20551937
0.19903265
0.19225424
0.18539468
0.17881247
0.17276039
0.16717143
0.16173354
0.1563154
0.15108309
0.14626593
0.14195595
0.13804614
0.13433336
0.13067359
0.12707176
0.12363131
0.12044563
0.11751034
0.11474665
0.11209474
0.10953409
0.10705349
0.10463168
0.1022719
0.099982929
0.097979887
0.095080118
0.35404806
0.34346517
0.33273304
0.32230543
0.31248947
0.30322149
0.29413404
0.28478997
0.27504254
0.26518424
0.2557159
0.24699754
0.23894437
0.23112159
0.22334327
0.21583991
0.20893122
0.20274515
0.197131
0.19180373
0.18656107
0.18140922
0.17649211
0.17193944
0.16774433
0.16379611
0.16001072
0.15635892
0.15282477
0.14937795
0.14602339
0.14276997
0.13992651
0.13579837
0.51088305
0.49578266
0.48047929
0.46559225
0.45154408
0.43825005
0.4252067
0.4118117
0.39785968
0.38375063
0.37017577
0.35764532
0.34605841
0.3348153
0.32365324
0.31288852
0.30296446
0.29405981
0.28596483
0.27828102
0.27072421
0.26330143
0.2562135
0.2496425
0.24357919
0.23786815
0.23239085
0.22710574
0.22199019
0.21700065
0.21214511
0.20743151
0.203313
0.1973101
0.7333079
0.71239542
0.69119512
0.67051893
0.65092917
0.63232126
0.61403181
0.59525797
0.57571861
0.5559414
0.53685305
0.51916398
0.50277068
0.4868707
0.47110139
0.45588663
0.44182925
0.42917652
0.41764521
0.40669005
0.39591931
0.38534029
0.37522849
0.36583588
0.35715134
0.34896051
0.34109917
0.33350933
0.32615971
0.31898816
0.31200764
0.30522067
0.29929035
0.29060072
1.0224016
0.99554215
0.96826269
0.9415286
0.91602705
0.89164819
0.8675948
0.84288064
0.81714285
0.79101679
0.76565415
0.74199167
0.71996445
0.69857794
0.67736176
0.65684877
0.63781552
0.62059306
0.60482696
0.58981426
0.57504322
0.56052033
0.54660684
0.53363851
0.52160593
0.51022847
0.49928939
0.48871179
0.47845477
0.46843307
0.45866828
0.44914895
0.44082529
0.42854003
1.3352416
1.3049993
1.2742139
1.243847
1.2146079
1.1864032
1.1584191
1.1296168
1.0995841
1.0689619
1.0389748
1.0107117
0.98421431
0.95842602
0.93280955
0.90794502
0.88471234
0.86351087
0.84395998
0.82526329
0.8068279
0.78865625
0.77117168
0.75477859
0.73947774
0.72494303
0.71091898
0.69731462
0.68408297
0.67111725
0.6584524
0.64604733
0.63517891
0.61896152
1.5863745
1.5569227
1.5269426
1.4972134
1.4683252
1.4402073
1.4121747
1.3833297
1.3532877
1.3225683
1.2922239
1.2633073
1.2359997
1.209396
1.1829856
1.1572737
1.1330672
1.1107535
1.0899963
1.0700525
1.0503536
1.0308925
1.0120743
0.99429956
0.97758072
0.9616043
0.94612004
0.93103725
0.91631084
0.9018251
0.8876298
0.87363221
0.861336
0.84269585
1.7130762
1.6871447
1.6608262
1.6346614
1.6090628
1.5839757
1.5589045
1.533193
1.5065459
1.4793209
1.4522733
1.4262727
1.4016048
1.3776373
1.353963
1.3309371
1.3091546
1.2889068
1.2699359
1.2516663
1.233649
1.2158674
1.1986311
1.1822533
1.1667456
1.1518586
1.1373907
1.1232652
1.1094452
1.0958231
1.0824584
1.0691975
1.0575405
1.039535
1.7141156
1.6923235
1.670303
1.648402
1.6268816
1.6056964
1.5845139
1.5628971
1.5406471
1.5179926
1.495423
1.4736015
1.4528572
1.4328079
1.4131625
1.3941375
1.37611
1.3592581
1.3433957
1.3281254
1.3131356
1.2984065
1.2841388
1.270537
1.2576025
1.2451595
1.2330659
1.2212635
1.2097255
1.1983619
1.1872352
1.1761496
1.1664293
1.1511321
1.6252189
1.6071007
1.5888696
1.5707506
1.5529049
1.5352918
1.5176877
1.4998068
1.4815218
1.4629811
1.4444952
1.4265622
1.4095076
1.3931162
1.3771875
1.3618454
1.3473123
1.333682
1.3208185
1.3084563
1.2963894
1.2845992
1.2732063
1.2623313
1.2519656
1.2419899
1.2323093
1.2228812
1.213687
1.2046547
1.1958443
1.1870475
1.1793686
1.1670821
1.486826
1.4716595
1.4564476
1.4413464
1.4264606
1.4117522
1.3970607
1.3821893
1.3670557
1.3517647
1.336524
1.321717
1.3076399
1.2941696
1.2811645
1.2686983
1.2569037
1.2458248
1.2353565
1.2253149
1.2155604
1.2060778
1.1969401
1.1882172
1.1798945
1.1718883
1.1641339
1.1565996
1.1492724
1.1420946
1.1351207
1.1281515
1.1220973
1.112283
1.3296143
1.3167605
1.3038938
1.2911354
1.2785614
1.2661357
1.2537316
1.2412004
1.2284851
1.2156688
1.202906
1.1905041
1.1787202
1.1674748
1.1566615
1.1463309
1.1365704
1.1273998
1.1187324
1.11043
1.1023906
1.0946028
1.0871154
1.0799718
1.0731552
1.066602
1.0602648
1.0541193
1.0481556
1.0423267
1.0366804
1.031038
1.0261562
1.0181716
1.1725625
1.1615381
1.1505128
1.1395909
1.1288351
1.1182117
1.1076121
1.0969124
1.0860685
1.0751534
1.0642953
1.053751
1.0437384
1.0341948
1.0250347
1.0162996
1.0080568
1.0003164
0.99300324
0.98600373
0.97923664
0.97269352
0.96641217
0.96042418
0.95471252
0.94922487
0.9439234
0.93878849
0.93381217
0.92895507
0.92425835
0.91956726
0.91552056
0.9088668
1.0256518
1.0161079
1.0065645
0.99711726
0.98782338
0.97865231
0.96950593
0.9602735
0.95091683
0.94150384
0.93214941
0.92307511
0.91446395
0.90625782
0.89838333
0.89087911
0.88380478
0.87716815
0.8709021
0.86490716
0.85911337
0.85351453
0.84814399
0.84302856
0.83815248
0.83346999
0.82894858
0.82457172
0.8203327
0.81619799
0.81220252
0.80821488
0.80478209
0.79912147
0.89313469
0.88481773
0.87649803
0.86826567
0.86017599
0.85220216
0.84425357
0.83622738
)
;

boundaryField
{
    bottom
    {
        type            epsilonWallFunction;
        value           nonuniform List<scalar> 
34
(
0.012952391
0.012552204
0.012137123
0.011734337
0.011361934
0.011016132
0.010675463
0.010314567
0.0099255012
0.0095261999
0.009146362
0.0088034257
0.0084873135
0.0081719818
0.0078484384
0.0075318136
0.0072418282
0.0069865278
0.006757647
0.0065392724
0.0063204481
0.0061022683
0.0058935522
0.0057020292
0.0055274585
0.005363757
0.0052064582
0.0050542152
0.0049062795
0.0047613825
0.0046195122
0.0044831967
0.0043631936
0.0041979951
)
;
    }
    back
    {
        type            empty;
    }
    front
    {
        type            empty;
    }
    inlet
    {
        type            zeroGradient;
    }
    outlet
    {
        type            zeroGradient;
    }
    top
    {
        type            zeroGradient;
    }
    slipsurface
    {
        type            slip;
    }
    procBoundary8to9
    {
        type            processor;
        value           nonuniform List<scalar> 
35
(
0.82808794
0.81989897
0.81176806
0.80389067
0.79642039
0.78929904
0.78246073
0.77594313
0.76980324
0.76404986
0.75862249
0.75343079
0.74841151
0.74355989
0.73890736
0.73447922
0.73026162
0.72621318
0.72230464
0.71852164
0.71485831
0.71128581
0.70783346
0.70439076
0.70143149
0.69654379
0.77603599
0.76875575
0.76146794
0.75425784
0.74718015
0.74021237
0.73327054
0.82808794
0.72625764
)
;
    }
    procBoundary8to10
    {
        type            processor;
        value           nonuniform List<scalar> 
24
(
0.013323995
0.011385677
0.015242314
0.022219479
0.032379812
0.046478298
0.065797821
0.092262064
0.12875648
0.1799621
0.25422429
0.36426188
0.52548379
0.75355159
1.0484054
1.3645324
1.6149874
1.7384142
1.7355473
1.6431365
1.5018815
1.3424002
1.1835361
1.0351498
)
;
    }
    procBoundary8to11
    {
        type            processor;
        value           uniform 0.90140579;
    }
}


// ************************************************************************* //
