/*--------------------------------*- C++ -*----------------------------------*\
  =========                 |
  \\      /  F ield         | OpenFOAM: The Open Source CFD Toolbox
   \\    /   O peration     | Website:  https://openfoam.org
    \\  /    A nd           | Version:  12
     \\/     M anipulation  |
\*---------------------------------------------------------------------------*/
FoamFile
{
    format      ascii;
    class       volVectorField;
    location    "1300";
    object      U;
}
// * * * * * * * * * * * * * * * * * * * * * * * * * * * * * * * * * * * * * //

dimensions      [0 1 -1 0 0 0 0];

internalField   nonuniform List<vector> 
1762
(
(0.85520691 0.00067340405 0)
(0.84961033 0.00063566099 0)
(0.84424802 0.00060124841 0)
(0.83909936 0.00056940475 0)
(0.83414896 0.00053959359 0)
(0.82938523 0.0005114554 0)
(0.82479903 0.00048474741 0)
(0.82038277 0.00045932537 0)
(0.81612908 0.00043512054 0)
(0.81202987 0.00041208728 0)
(0.80807197 0.00039014489 0)
(0.80423991 0.00036916397 0)
(0.80052561 0.0003491088 0)
(0.79692568 0.00033002064 0)
(0.79343681 0.00031190023 0)
(0.79005564 0.00029471917 0)
(0.7867788 0.00027843915 0)
(0.78360295 0.0002630249 0)
(0.78052473 0.00024844372 0)
(0.77754082 0.00023465691 0)
(0.77464802 0.00022162879 0)
(0.77184312 0.00020932686 0)
(0.76912301 0.0001977217 0)
(0.76648454 0.00018678458 0)
(0.76392458 0.00017646909 0)
(0.7614403 0.00016673592 0)
(0.75902887 0.00015756624 0)
(0.75668741 0.00014893062 0)
(0.7544132 0.00014079297 0)
(0.75220365 0.00013312383 0)
(0.75005628 0.0001258961 0)
(0.74796871 0.00011908375 0)
(0.74593864 0.00011266241 0)
(0.74396388 0.00010660965 0)
(0.74204228 0.00010090366 0)
(0.74017181 9.5523097e-05 0)
(0.73835053 9.0447984e-05 0)
(0.7365766 8.5659831e-05 0)
(0.73484824 8.1141292e-05 0)
(0.73316379 7.6876097e-05 0)
(0.73152164 7.2849055e-05 0)
(0.72992028 6.9046003e-05 0)
(0.72835824 6.545369e-05 0)
(0.72683413 6.2059749e-05 0)
(0.72534662 5.8852697e-05 0)
(0.72389442 5.582192e-05 0)
(0.72247629 5.2957553e-05 0)
(0.72109105 5.0250857e-05 0)
(0.71973748 4.7693425e-05 0)
(0.71841447 4.5280813e-05 0)
(0.71712072 4.3001493e-05 0)
(0.71585537 4.0869588e-05 0)
(0.71461586 3.8824761e-05 0)
(0.71340467 3.7054231e-05 0)
(0.71220658 3.4831299e-05 0)
(0.71106972 3.3859401e-05 0)
(0.70987165 3.276173e-05 0)
(0.70883113 3.9171264e-05 0)
(0.70707673 2.3803079e-05 0)
(0.86033882 0.00070578206 0)
(0.85459622 0.00066570172 0)
(0.84909951 0.00062919157 0)
(0.84382566 0.00059544606 0)
(0.83875714 0.00056389241 0)
(0.83388088 0.00053414425 0)
(0.829187 0.00050593985 0)
(0.82466785 0.00047912255 0)
(0.82031684 0.00045361662 0)
(0.81612784 0.00042938001 0)
(0.81209169 0.00040634307 0)
(0.80819461 0.00038437646 0)
(0.80442252 0.00036340996 0)
(0.800768 0.00034346576 0)
(0.7972275 0.00032454001 0)
(0.79379746 0.00030660179 0)
(0.79047433 0.00028961033 0)
(0.78725462 0.00027352794 0)
(0.78413481 0.00025831954 0)
(0.78111146 0.00024394401 0)
(0.77818122 0.00023036343 0)
(0.7753408 0.00021754321 0)
(0.77258697 0.00020545202 0)
(0.76991648 0.00019405942 0)
(0.7673261 0.00018331692 0)
(0.7648129 0.00017318321 0)
(0.762374 0.00016363818 0)
(0.76000639 0.00015465087 0)
(0.75770731 0.0001461835 0)
(0.75547408 0.00013820519 0)
(0.75330417 0.00013068748 0)
(0.75119511 0.00012360309 0)
(0.74914456 0.0001169265 0)
(0.74715027 0.00011063419 0)
(0.74521004 0.00010470338 0)
(0.74332177 9.9111716e-05 0)
(0.74148348 9.3838307e-05 0)
(0.73969328 8.8863818e-05 0)
(0.73794936 8.4170114e-05 0)
(0.73625001 7.974019e-05 0)
(0.73459358 7.5558174e-05 0)
(0.73297853 7.1609278e-05 0)
(0.73140335 6.7879667e-05 0)
(0.72986662 6.4356433e-05 0)
(0.72836697 6.1027588e-05 0)
(0.7269031 5.7882062e-05 0)
(0.72547374 5.4909558e-05 0)
(0.72407766 5.2100963e-05 0)
(0.72271365 4.9447512e-05 0)
(0.72138056 4.6944506e-05 0)
(0.72007706 4.4579957e-05 0)
(0.7188023 4.2368465e-05 0)
(0.71755367 4.0247494e-05 0)
(0.71633366 3.8411037e-05 0)
(0.71512697 3.6107499e-05 0)
(0.71398178 3.5097167e-05 0)
(0.71277543 3.3935267e-05 0)
(0.71172837 4.0581914e-05 0)
(0.70996007 2.4673308e-05 0)
(0.86556606 0.00073997635 0)
(0.85966871 0.00069738808 0)
(0.85403079 0.00065863648 0)
(0.84862661 0.00062286781 0)
(0.84343624 0.00058946849 0)
(0.83844466 0.00055802047 0)
(0.83364072 0.00052823858 0)
(0.82901608 0.00049994974 0)
(0.82456418 0.00047306692 0)
(0.82027971 0.00044754552 0)
(0.81615613 0.00042332411 0)
(0.81218331 0.00040028195 0)
(0.80834783 0.0003783434 0)
(0.80463639 0.00035749871 0)
(0.80104209 0.0003377279 0)
(0.79756114 0.00031899562 0)
(0.79418982 0.00030125838 0)
(0.79092446 0.00028447593 0)
(0.78776139 0.00026861067 0)
(0.78469702 0.0002536189 0)
(0.78172788 0.00023946027 0)
(0.77885055 0.00022609795 0)
(0.77606168 0.00021349859 0)
(0.77335793 0.00020162993 0)
(0.77073596 0.00019044127 0)
(0.76819276 0.00017988923 0)
(0.76572533 0.00016995228 0)
(0.76333061 0.00016059786 0)
(0.76100573 0.00015178646 0)
(0.75874796 0.00014348563 0)
(0.75655468 0.00013566552 0)
(0.75442337 0.00012829751 0)
(0.75235162 0.00012135488 0)
(0.7503371 0.000114813 0)
(0.74837758 0.000108648 0)
(0.7464709 0.0001028365 0)
(0.74461503 9.7356652e-05 0)
(0.74280803 9.2188229e-05 0)
(0.74104803 8.7312266e-05 0)
(0.73933329 8.2710986e-05 0)
(0.73766213 7.83678e-05 0)
(0.73603294 7.4267268e-05 0)
(0.73444421 7.0394942e-05 0)
(0.73289448 6.6737346e-05 0)
(0.73138233 6.3281964e-05 0)
(0.72990644 6.0017239e-05 0)
(0.72846551 5.6932435e-05 0)
(0.7270583 5.4018041e-05 0)
(0.72568355 5.1264911e-05 0)
(0.7243401 4.8668085e-05 0)
(0.7230266 4.6215093e-05 0)
(0.72174217 4.3921017e-05 0)
(0.72048419 4.1721054e-05 0)
(0.71925514 3.9816188e-05 0)
(0.71803963 3.742919e-05 0)
(0.71688592 3.6378881e-05 0)
(0.71567109 3.5149955e-05 0)
(0.71461732 4.2042665e-05 0)
(0.71283487 2.5574715e-05 0)
(0.87089668 0.00077612488 0)
(0.86483443 0.00073083755 0)
(0.85904707 0.00068968236 0)
(0.85350618 0.00065175388 0)
(0.84818917 0.00061639354 0)
(0.84307877 0.00058314689 0)
(0.83816208 0.0005517008 0)
(0.83342959 0.00052186174 0)
(0.82887417 0.00049352774 0)
(0.82449048 0.00046664623 0)
(0.82027338 0.00044115846 0)
(0.81621536 0.00041695116 0)
(0.81230638 0.00039395492 0)
(0.80853305 0.00037215232 0)
(0.80488264 0.00035149288 0)
(0.80134865 0.00033192748 0)
(0.79792714 0.00031340815 0)
(0.79461424 0.00029589185 0)
(0.79140615 0.00027933837 0)
(0.78829911 0.00026370124 0)
(0.7852895 0.00024893752 0)
(0.78237378 0.00023500796 0)
(0.7795485 0.00022187705 0)
(0.77681019 0.0002095106 0)
(0.77415541 0.00019785559 0)
(0.77158105 0.00018686645 0)
(0.76908402 0.00017652012 0)
(0.76666115 0.00016678238 0)
(0.76430951 0.00015761184 0)
(0.76202629 0.00014897444 0)
(0.75980878 0.00014083886 0)
(0.7576544 0.00013317507 0)
(0.75556068 0.00012595507 0)
(0.75352522 0.00011915304 0)
(0.75154573 0.00011274401 0)
(0.74962 0.00010670351 0)
(0.74774594 0.00010100868 0)
(0.74592155 9.5638347e-05 0)
(0.74414494 9.0572684e-05 0)
(0.7424143 8.5793097e-05 0)
(0.74072792 8.128225e-05 0)
(0.73908416 7.702401e-05 0)
(0.73748145 7.3003296e-05 0)
(0.7359183 6.9206029e-05 0)
(0.73439327 6.5619141e-05 0)
(0.732905 6.2230568e-05 0)
(0.73145216 5.9029105e-05 0)
(0.73003349 5.6004832e-05 0)
(0.7286477 5.3148197e-05 0)
(0.7272936 5.0453969e-05 0)
(0.72596983 4.7909174e-05 0)
(0.72467547 4.5529388e-05 0)
(0.72340789 4.3247462e-05 0)
(0.72216956 4.1271597e-05 0)
(0.72094501 3.8798168e-05 0)
(0.71978257 3.7706262e-05 0)
(0.71855906 3.6407383e-05 0)
(0.71749842 4.3555433e-05 0)
(0.71570155 2.6508479e-05 0)
(0.87633971 0.00081438119 0)
(0.87010111 0.00076618257 0)
(0.86415468 0.00072244173 0)
(0.8584693 0.0006821994 0)
(0.85301965 0.00064474825 0)
(0.84778593 0.00060959293 0)
(0.84275316 0.00057638777 0)
(0.83791022 0.00054491467 0)
(0.83324895 0.00051505326 0)
(0.82876338 0.00048673861 0)
(0.82444874 0.00045990899 0)
(0.82029917 0.00043445477 0)
(0.81630704 0.00041031202 0)
(0.81246225 0.00038746962 0)
(0.80875133 0.00036586708 0)
(0.80516203 0.00034542585 0)
(0.8016882 0.00032608601 0)
(0.7983258 0.00030780016 0)
(0.79507082 0.00029052526 0)
(0.79191936 0.00027421196 0)
(0.78886764 0.00025881452 0)
(0.78591199 0.00024429114 0)
(0.78304884 0.00023060398 0)
(0.78027461 0.0002177168 0)
(0.77758573 0.00020557413 0)
(0.774979 0.00019412808 0)
(0.77245121 0.00018335398 0)
(0.76999913 0.0001732158 0)
(0.76761972 0.00016367022 0)
(0.76531008 0.00015468147 0)
(0.76306744 0.00014621665 0)
(0.76088914 0.00013824427 0)
(0.75877264 0.00013073496 0)
(0.75671549 0.00012366169 0)
(0.75471531 0.00011699829 0)
(0.75276986 0.00011071915 0)
(0.75087697 0.00010480035 0)
(0.7490346 9.9219743e-05 0)
(0.74724081 9.3956568e-05 0)
(0.74549374 8.8991383e-05 0)
(0.74379163 8.4306062e-05 0)
(0.74213281 7.9883753e-05 0)
(0.74051567 7.5708701e-05 0)
(0.73893868 7.1766203e-05 0)
(0.73740037 6.8042607e-05 0)
(0.73589934 6.4525315e-05 0)
(0.73443424 6.1202635e-05 0)
(0.73300376 5.8064211e-05 0)
(0.73160661 5.5100073e-05 0)
(0.73024156 5.2304697e-05 0)
(0.72890722 4.9664589e-05 0)
(0.72760267 4.7195825e-05 0)
(0.72632523 4.4828834e-05 0)
(0.72507738 4.2779262e-05 0)
(0.72384356 4.0216311e-05 0)
(0.72267216 3.9081109e-05 0)
(0.72143976 3.7709212e-05 0)
(0.72037207 4.5122219e-05 0)
(0.71856051 2.7475832e-05 0)
(0.88190481 0.00085491323 0)
(0.87547748 0.00080357102 0)
(0.86936103 0.00075704163 0)
(0.863522 0.00071431236 0)
(0.85793237 0.00067462414 0)
(0.85256966 0.00063743654 0)
(0.84741653 0.00060236691 0)
(0.84245997 0.00056916831 0)
(0.83769035 0.0005376985 0)
(0.83310062 0.00050787643 0)
(0.82868565 0.00047963229 0)
(0.82444029 0.00045285576 0)
(0.82035846 0.00042748536 0)
(0.81643241 0.00040351515 0)
(0.81265192 0.00038089103 0)
(0.8090034 0.00035952216 0)
(0.80547502 0.00033931997 0)
(0.80206102 0.0003202268 0)
(0.79875719 0.00030219536 0)
(0.79555947 0.00028517327 0)
(0.79246391 0.00026911184 0)
(0.78946671 0.00025396651 0)
(0.78656417 0.00023969699 0)
(0.78375257 0.00022626485 0)
(0.78102824 0.00021361202 0)
(0.77838786 0.00020168815 0)
(0.77582813 0.00019046685 0)
(0.77334569 0.0001799102 0)
(0.77093743 0.00016997282 0)
(0.76860037 0.00016061713 0)
(0.76633165 0.00015180856 0)
(0.76412854 0.0001435141 0)
(0.76198842 0.00013570294 0)
(0.75990877 0.00012834673 0)
(0.75788717 0.00012141808 0)
(0.75592127 0.00011489018 0)
(0.75400889 0.00010873798 0)
(0.75214791 0.00010293829 0)
(0.75033634 9.7469397e-05 0)
(0.74857228 9.231096e-05 0)
(0.74685391 8.7444021e-05 0)
(0.74517954 8.2850966e-05 0)
(0.74354749 7.8515339e-05 0)
(0.74195622 7.442178e-05 0)
(0.7404042 7.0556025e-05 0)
(0.73889002 6.6904914e-05 0)
(0.73741227 6.3456243e-05 0)
(0.73596964 6.01992e-05 0)
(0.73456079 5.7123373e-05 0)
(0.73318447 5.4222934e-05 0)
(0.73183927 5.1483841e-05 0)
(0.73052423 4.8922683e-05 0)
(0.72923667 4.6467386e-05 0)
(0.72797904 4.4341276e-05 0)
(0.72673572 4.1685581e-05 0)
(0.72555512 4.0505305e-05 0)
(0.72431361 3.9057178e-05 0)
(0.72323869 4.6745114e-05 0)
(0.72141216 2.8478059e-05 0)
(0.88760177 0.0008978997 0)
(0.88097309 0.00084316539 0)
(0.87467465 0.0007936244 0)
(0.86867144 0.00074821503 0)
(0.86293304 0.0007061252 0)
(0.85743436 0.00066676603 0)
(0.85215551 0.00062971369 0)
(0.84708129 0.00059468818 0)
(0.84220029 0.00056152176 0)
(0.83750403 0.0005301138 0)
(0.83298643 0.00050038195 0)
(0.82864234 0.00047221074 0)
(0.8244664 0.00044553782 0)
(0.82045239 0.00042035937 0)
(0.81659242 0.00039662655 0)
(0.81287609 0.00037425472 0)
(0.8092897 0.00035314078 0)
(0.80582188 0.0003331993 0)
(0.80246714 0.00031437421 0)
(0.79922121 0.00029660883 0)
(0.79607999 0.00027985135 0)
(0.79303953 0.00026405429 0)
(0.79009598 0.00024917478 0)
(0.7872455 0.00023517205 0)
(0.7844843 0.00022198527 0)
(0.78180893 0.00020956151 0)
(0.77921598 0.00019787252 0)
(0.77670201 0.00018687836 0)
(0.77426379 0.00017653149 0)
(0.77189825 0.00016679242 0)
(0.76960245 0.00015762483 0)
(0.76737359 0.00014899408 0)
(0.76520896 0.00014086784 0)
(0.76310598 0.0001332164 0)
(0.76106215 0.00012601105 0)
(0.75907508 0.00011922372 0)
(0.75714249 0.00011282819 0)
(0.75526224 0.00010680018 0)
(0.75343227 0.00010111695 0)
(0.75165063 9.5757224e-05 0)
(0.74991545 9.0701162e-05 0)
(0.74822499 8.5930355e-05 0)
(0.74657755 8.142761e-05 0)
(0.74497152 7.7176876e-05 0)
(0.74340536 7.3163248e-05 0)
(0.7418776 6.9372974e-05 0)
(0.74038682 6.5793311e-05 0)
(0.73893166 6.241297e-05 0)
(0.73751075 5.9221074e-05 0)
(0.73612283 5.6211472e-05 0)
(0.73476645 5.3369555e-05 0)
(0.73344064 5.0712432e-05 0)
(0.73214267 4.8165439e-05 0)
(0.73087499 4.5959832e-05 0)
(0.72962191 4.3208038e-05 0)
(0.72843187 4.198082e-05 0)
(0.72718103 4.0453101e-05 0)
(0.72609867 4.8426299e-05 0)
(0.72425688 2.9516499e-05 0)
(0.89343968 0.00094352234 0)
(0.88659788 0.00088513991 0)
(0.88010494 0.00083234744 0)
(0.87392584 0.00078404498 0)
(0.86802852 0.00073936937 0)
(0.86238548 0.00069768166 0)
(0.85697429 0.00065851339 0)
(0.85177731 0.00062154744 0)
(0.84678109 0.00058658674 0)
(0.84197544 0.0005535077 0)
(0.83735292 0.00052221146 0)
(0.83290773 0.00049257309 0)
(0.82863461 0.00046452587 0)
(0.8245281 0.00043806495 0)
(0.82058183 0.00041314371 0)
(0.81678771 0.00038968281 0)
(0.81313515 0.00036758476 0)
(0.80961044 0.00034674775 0)
(0.80620261 0.0003270889 0)
(0.80290643 0.00030854376 0)
(0.79971762 0.00029105631 0)
(0.79663209 0.00027457598 0)
(0.79364584 0.00025905724 0)
(0.7907549 0.00024445681 0)
(0.78795532 0.00023071094 0)
(0.78524355 0.00021776393 0)
(0.78261606 0.0002055856 0)
(0.7800693 0.00019413383 0)
(0.77759993 0.00018335881 0)
(0.7752048 0.00017321902 0)
(0.77288088 0.0001636763 0)
(0.77062527 0.00015469427 0)
(0.76843521 0.00014623902 0)
(0.76630802 0.00013827939 0)
(0.76424114 0.00013078529 0)
(0.7622321 0.00012372732 0)
(0.76027859 0.00011707801 0)
(0.75837837 0.00011081195 0)
(0.75652934 0.00010490533 0)
(0.7547295 9.9335862e-05 0)
(0.75297693 9.4082796e-05 0)
(0.75126983 8.9126881e-05 0)
(0.74960647 8.4450149e-05 0)
(0.7479852 8.0035826e-05 0)
(0.74640443 7.5868331e-05 0)
(0.74486266 7.1933292e-05 0)
(0.74335843 6.8217395e-05 0)
(0.74189034 6.4708852e-05 0)
(0.74045702 6.13963e-05 0)
(0.73905714 5.8273247e-05 0)
(0.73768926 5.5324485e-05 0)
(0.73635235 5.2567661e-05 0)
(0.73504368 4.992543e-05 0)
(0.73376568 4.7637228e-05 0)
(0.73250257 4.4785837e-05 0)
(0.73130284 4.3509716e-05 0)
(0.73004241 4.1898882e-05 0)
(0.72895243 5.0168057e-05 0)
(0.72709507 3.0592547e-05 0)
(0.89942549 0.00099195219 0)
(0.89236141 0.00092967451 0)
(0.88566186 0.00087338137 0)
(0.8792944 0.00082195531 0)
(0.87322673 0.00077448976 0)
(0.86742957 0.00073029719 0)
(0.86187807 0.00068886276 0)
(0.85655205 0.0006498286 0)
(0.85143577 0.00061296439 0)
(0.84651709 0.00057812015 0)
(0.8417869 0.00054517677 0)
(0.83723831 0.0005139958 0)
(0.8328656 0.00048450257 0)
(0.82866342 0.00045668807 0)
(0.82462621 0.00043050484 0)
(0.8207474 0.00040587595 0)
(0.81701866 0.00038270887 0)
(0.8134293 0.00036090675 0)
(0.80996561 0.00034036884 0)
(0.80661703 0.00032100472 0)
(0.80337861 0.00030275144 0)
(0.80024611 0.00028555445 0)
(0.79721538 0.0002693655 0)
(0.79428229 0.00025413867 0)
(0.79144276 0.00023980709 0)
(0.78869311 0.00022631218 0)
(0.78602968 0.00021362161 0)
(0.7834488 0.000201691 0)
(0.78094706 0.00019046812 0)
(0.77852117 0.00017990931 0)
(0.77616802 0.00016997444 0)
(0.77388463 0.00016062533 0)
(0.77166815 0.00015182638 0)
(0.76951583 0.0001435449 0)
(0.76742503 0.00013574935 0)
(0.76539322 0.00012840893 0)
(0.76341799 0.00012149486 0)
(0.76149708 0.00011498051 0)
(0.75962831 0.00010884096 0)
(0.75780961 0.00010305288 0)
(0.75603904 9.7594525e-05 0)
(0.75431473 9.2445772e-05 0)
(0.75263491 8.7587839e-05 0)
(0.75099787 8.3003193e-05 0)
(0.74940201 7.8675543e-05 0)
(0.74784576 7.4589861e-05 0)
(0.74632765 7.0732236e-05 0)
(0.74484623 6.7090352e-05 0)
(0.7434001 6.3652337e-05 0)
(0.74198791 6.0411338e-05 0)
(0.74060817 5.7351526e-05 0)
(0.73925984 5.4491088e-05 0)
(0.73794016 5.1749913e-05 0)
(0.73665154 4.9375873e-05 0)
(0.73537812 4.6421237e-05 0)
(0.73416844 4.5094154e-05 0)
(0.73289817 4.3396516e-05 0)
(0.73180034 5.1972771e-05 0)
(0.72992711 3.1707656e-05 0)
(0.90556193 0.0010433269 0)
(0.89827165 0.00097694391 0)
(0.8913552 0.00091690542 0)
(0.88478694 0.00086211336 0)
(0.8785366 0.00081163493 0)
(0.87257431 0.00076474109 0)
(0.86687315 0.00072087151 0)
(0.86141049 0.00067962517 0)
(0.85616813 0.0006407347 0)
(0.8511318 0.00060402009 0)
(0.84629051 0.00056933846 0)
(0.84163588 0.00053653399 0)
(0.83716125 0.0005055204 0)
(0.83286094 0.00047628141 0)
(0.82872954 0.00044876577 0)
(0.82476131 0.00042289604 0)
(0.82094943 0.00039858193 0)
(0.81728542 0.00037573112 0)
(0.81375848 0.00035424717 0)
(0.81035501 0.0003340205 0)
(0.80706483 0.00031496299 0)
(0.80388337 0.00029701405 0)
(0.80080627 0.00028012208 0)
(0.79782927 0.00026423842 0)
(0.79494814 0.00024929298 0)
(0.79215903 0.00023522404 0)
(0.78945819 0.00022199702 0)
(0.78684183 0.00020956513 0)
(0.7843064 0.00019787356 0)
(0.78184852 0.0001868764 0)
(0.77946499 0.00017653144 0)
(0.77715274 0.00016679857 0)
(0.77490881 0.00015764042 0)
(0.77273039 0.00014902269 0)
(0.77061475 0.00014091231 0)
(0.76855929 0.00013327699 0)
(0.76656155 0.00012608657 0)
(0.76461918 0.00011931316 0)
(0.76272994 0.00011293066 0)
(0.76089171 0.00010691461 0)
(0.75910249 0.00010124226 0)
(0.75736035 9.5892543e-05 0)
(0.7556635 9.0845831e-05 0)
(0.75401017 8.6083788e-05 0)
(0.7523987 8.1589379e-05 0)
(0.7508275 7.7346887e-05 0)
(0.74929504 7.3341769e-05 0)
(0.74779986 6.9561155e-05 0)
(0.74634052 6.5992638e-05 0)
(0.74491563 6.2628985e-05 0)
(0.74352367 5.9453716e-05 0)
(0.74216358 5.6485568e-05 0)
(0.74083256 5.3641569e-05 0)
(0.73953301 5.1178293e-05 0)
(0.73824901 4.8116607e-05 0)
(0.73702909 4.67364e-05 0)
(0.73574872 4.4948092e-05 0)
(0.73464283 5.3842934e-05 0)
(0.73275339 3.2863342e-05 0)
(0.91184416 0.0010977153 0)
(0.90433294 0.0010270992 0)
(0.89719348 0.00096309832 0)
(0.89041329 0.00090469681 0)
(0.88396781 0.00085096797 0)
(0.87782839 0.00080115704 0)
(0.87196698 0.00075466369 0)
(0.8663587 0.00071104327 0)
(0.86098299 0.0006699883 0)
(0.85582326 0.00063128516 0)
(0.85086646 0.00059476371 0)
(0.84610246 0.00056024704 0)
(0.84152333 0.00052763368 0)
(0.83712256 0.0004968969 0)
(0.83289446 0.00046797874 0)
(0.8288335 0.00044079845 0)
(0.82493369 0.00041526527 0)
(0.82118804 0.00039128886 0)
(0.81758789 0.00036877672 0)
(0.81412247 0.00034762301 0)
(0.81077827 0.00032771885 0)
(0.80754573 0.00030898055 0)
(0.80442029 0.00029135091 0)
(0.80139751 0.00027477822 0)
(0.79847302 0.00025918906 0)
(0.79564282 0.00024451844 0)
(0.79290303 0.00023072935 0)
(0.79024972 0.00021777242 0)
(0.78767923 0.00020559015 0)
(0.78518808 0.00019413421 0)
(0.78277295 0.00018336019 0)
(0.78043067 0.00017322595 0)
(0.77815822 0.00016369226 0)
(0.77595268 0.00015472308 0)
(0.77381125 0.00014628374 0)
(0.77173125 0.0001383404 0)
(0.76971013 0.00013086144 0)
(0.76774549 0.00012381762 0)
(0.76583503 0.00011718159 0)
(0.76397655 0.00011092775 0)
(0.762168 0.00010503224 0)
(0.76040741 9.9473016e-05 0)
(0.75869292 9.4229555e-05 0)
(0.75702272 8.9282682e-05 0)
(0.75539511 8.4614579e-05 0)
(0.75380845 8.02088e-05 0)
(0.75226118 7.6050139e-05 0)
(0.75075179 7.2125141e-05 0)
(0.7492788 6.8420837e-05 0)
(0.74784081 6.4929593e-05 0)
(0.74643625 6.1634248e-05 0)
(0.74506404 5.8554099e-05 0)
(0.74372135 5.5603212e-05 0)
(0.74241055 5.3047142e-05 0)
(0.74111565 4.9874434e-05 0)
(0.73988521 4.8438827e-05 0)
(0.73859446 4.6555799e-05 0)
(0.73748026 5.5781153e-05 0)
(0.73557428 3.4061178e-05 0)
(0.91825496 0.001155064 0)
(0.91054291 0.0010802377 0)
(0.90318207 0.001012122 0)
(0.89618235 0.00094988547 0)
(0.88953028 0.00089266312 0)
(0.88320141 0.00083970336 0)
(0.87716807 0.00079037843 0)
(0.8714039 0.00074420309 0)
(0.86588617 0.00070082813 0)
(0.86059603 0.00066000333 0)
(0.85551822 0.00062152797 0)
(0.85064066 0.00058520052 0)
(0.84595382 0.0005509007 0)
(0.84145004 0.00051858808 0)
(0.83712292 0.0004881951 0)
(0.83296666 0.00045963496 0)
(0.82897556 0.00043281379 0)
(0.82514344 0.00040764064 0)
(0.82146309 0.00038402458 0)
(0.81792583 0.00036186296 0)
(0.81452099 0.00034105055 0)
(0.81123512 0.0003214814 0)
(0.80805925 0.00030307736 0)
(0.80498874 0.00028578162 0)
(0.80201904 0.00026951711 0)
(0.79914603 0.00025421551 0)
(0.79636565 0.00023983721 0)
(0.79367386 0.00022633011 0)
(0.79106687 0.00021363384 0)
(0.78854109 0.00020169752 0)
(0.78609308 0.0001904744 0)
(0.78371958 0.00017992019 0)
(0.78141747 0.00016999366 0)
(0.77918374 0.00016065701 0)
(0.77701551 0.00015187382 0)
(0.77491 0.00014360861 0)
(0.77286462 0.00013582823 0)
(0.77087687 0.00012850204 0)
(0.76894438 0.00012160137 0)
(0.76706491 0.00011509937 0)
(0.76523632 0.00010897106 0)
(0.76345661 0.00010319334 0)
(0.76172384 9.7744744e-05 0)
(0.76003618 9.2605227e-05 0)
(0.75839187 8.7756138e-05 0)
(0.75678922 8.3180271e-05 0)
(0.75522663 7.8861712e-05 0)
(0.75370256 7.4786393e-05 0)
(0.75221549 7.0940757e-05 0)
(0.75076397 6.7316744e-05 0)
(0.74934642 6.3896481e-05 0)
(0.74796171 6.0699831e-05 0)
(0.74660698 5.7637801e-05 0)
(0.7452846 5.4985203e-05 0)
(0.74397848 5.1697326e-05 0)
(0.74273721 5.0203926e-05 0)
(0.7414358 4.8221935e-05 0)
(0.74031305 5.7790155e-05 0)
(0.73839018 3.53028e-05 0)
(0.92475778 0.001215123 0)
(0.91688788 0.0011363542 0)
(0.90932047 0.0010640937 0)
(0.9021005 0.00099784628 0)
(0.89523335 0.00093689863 0)
(0.8887034 0.00088055044 0)
(0.88248591 0.00082816993 0)
(0.8765544 0.00077923994 0)
(0.87088465 0.00073337094 0)
(0.86545574 0.00069027452 0)
(0.86025021 0.00064971668 0)
(0.85525382 0.00061146793 0)
(0.85045524 0.00057538559 0)
(0.84584534 0.00054141221 0)
(0.84141666 0.00050946765 0)
(0.83716278 0.00047945636 0)
(0.83307779 0.00045127876 0)
(0.82915577 0.0004248408 0)
(0.82539037 0.00040005065 0)
(0.82177429 0.00037680652 0)
(0.81829907 0.00035500668 0)
(0.8149536 0.00033454746 0)
(0.81172508 0.00031532842 0)
(0.80860477 0.00029727359 0)
(0.80558793 0.00028030032 0)
(0.80267027 0.00026433668 0)
(0.79984759 0.00024934042 0)
(0.7971157 0.00023525652 0)
(0.7944707 0.00022202159 0)
(0.79190886 0.00020958203 0)
(0.78942662 0.00019788862 0)
(0.78702064 0.00018689476 0)
(0.78468767 0.00017655715 0)
(0.78242463 0.00016683607 0)
(0.78022853 0.0001576933 0)
(0.77809653 0.00014909161 0)
(0.77602594 0.00014099625 0)
(0.77401419 0.00013337507 0)
(0.77205884 0.00012619802 0)
(0.77015758 0.00011943696 0)
(0.76830821 0.00011306568 0)
(0.76650867 0.00010706 0)
(0.76475697 0.00010139745 0)
(0.76305122 9.6057068e-05 0)
(0.76138962 9.101933e-05 0)
(0.75977042 8.6266222e-05 0)
(0.75819199 8.178109e-05 0)
(0.75665274 7.7549216e-05 0)
(0.75515111 7.3556426e-05 0)
(0.75368563 6.9794208e-05 0)
(0.75225466 6.6243948e-05 0)
(0.75085706 6.2926078e-05 0)
(0.74948992 5.9748444e-05 0)
(0.74815561 5.6995402e-05 0)
(0.74683794 5.3588023e-05 0)
(0.74558553 5.2034311e-05 0)
(0.74427314 4.9948911e-05 0)
(0.74314158 5.9872794e-05 0)
(0.74120145 3.6589906e-05 0)
(0.93128809 0.0012773569 0)
(0.92333659 0.0011952672 0)
(0.91559829 0.0011190404 0)
(0.90816921 0.0010487081 0)
(0.90108444 0.00098384393 0)
(0.89434412 0.00092387508 0)
(0.88793054 0.00086820569 0)
(0.88181949 0.00081630452 0)
(0.8759865 0.00076774841 0)
(0.87040912 0.00072221209 0)
(0.86506783 0.0006794268 0)
(0.85994618 0.00063913231 0)
(0.8550308 0.00060116005 0)
(0.85031087 0.00056543211 0)
(0.8457776 0.00053185271 0)
(0.8414236 0.00050031476 0)
(0.83724235 0.0004707104 0)
(0.83322781 0.00044294009 0)
(0.82937389 0.00041690867 0)
(0.82567414 0.00039251263 0)
(0.82212145 0.00036965162 0)
(0.81870698 0.00034822579 0)
(0.81541979 0.0003281344 0)
(0.81224748 0.00030928067 0)
(0.80918145 0.00029156325 0)
(0.80621723 0.00027490478 0)
(0.80335044 0.00025926008 0)
(0.80057676 0.00024457115 0)
(0.79789215 0.00023077143 0)
(0.79529274 0.00021780445 0)
(0.79277487 0.0002056183 0)
(0.79033506 0.00019416399 0)
(0.78796998 0.000183396 0)
(0.78567644 0.00017327258 0)
(0.78345136 0.0001637536 0)
(0.78129182 0.00015480002 0)
(0.77919503 0.00014637534 0)
(0.77715835 0.00013844586 0)
(0.77517926 0.00013098006 0)
(0.77325538 0.00012394843 0)
(0.77138446 0.00011732348 0)
(0.76956435 0.00011107987 0)
(0.76779302 0.00010519408 0)
(0.76606853 9.9644171e-05 0)
(0.76438901 9.4409717e-05 0)
(0.76275268 8.9471849e-05 0)
(0.76115786 8.4813127e-05 0)
(0.7596029 8.0418145e-05 0)
(0.75808623 7.6272084e-05 0)
(0.75660631 7.2365957e-05 0)
(0.7551615 6.8680367e-05 0)
(0.75375059 6.5236326e-05 0)
(0.75237066 6.1938408e-05 0)
(0.75102404 5.9080815e-05 0)
(0.74969447 5.5549403e-05 0)
(0.74843058 5.3932727e-05 0)
(0.7471069 5.1739257e-05 0)
(0.74596626 6.2032056e-05 0)
(0.74400849 3.7924254e-05 0)
(0.93775007 0.0013408929 0)
(0.92983261 0.0012565309 0)
(0.9219898 0.0011768306 0)
(0.91438156 0.0011025221 0)
(0.90708691 0.0010336383 0)
(0.90013177 0.00096984999 0)
(0.89351189 0.00091066204 0)
(0.88720908 0.00085556168 0)
(0.88120079 0.00080410759 0)
(0.87546403 0.00075594398 0)
(0.86997761 0.00071076831 0)
(0.86472298 0.00066828784 0)
(0.8596846 0.00062830498 0)
(0.85484977 0.00059071788 0)
(0.85020811 0.0005554119 0)
(0.84575099 0.00052226555 0)
(0.841471 0.00049116014 0)
(0.83736156 0.00046198813 0)
(0.83341647 0.0004346488 0)
(0.82962957 0.00040903462 0)
(0.82599451 0.00038504402 0)
(0.82250394 0.00036257882 0)
(0.81914899 0.00034154101 0)
(0.81591887 0.00032183263 0)
(0.81280149 0.00030333204 0)
(0.80978866 0.00028594398 0)
(0.80687586 0.00026961863 0)
(0.80405861 0.00025429476 0)
(0.8013327 0.00023990255 0)
(0.79869415 0.0002263825 0)
(0.79613915 0.00021367988 0)
(0.79366411 0.00020174309 0)
(0.7912656 0.00019052429 0)
(0.78894032 0.0001799796 0)
(0.7866851 0.00017006686 0)
(0.7844969 0.00016074507 0)
(0.78237287 0.00015197594 0)
(0.78031028 0.0001437241 0)
(0.77830653 0.00013595649 0)
(0.77635917 0.00012864216 0)
(0.77446586 0.00012175226 0)
(0.7726244 0.0001152602 0)
(0.77083272 0.00010914138 0)
(0.76908879 0.00010337284 0)
(0.76739071 9.7933177e-05 0)
(0.76573664 9.2802637e-05 0)
(0.76412484 8.7962943e-05 0)
(0.76255364 8.3397966e-05 0)
(0.76102141 7.9092205e-05 0)
(0.75952657 7.5036174e-05 0)
(0.75806744 7.1209655e-05 0)
(0.75664279 6.7634244e-05 0)
(0.75524965 6.4211134e-05 0)
(0.75389034 6.1244673e-05 0)
(0.75254852 5.7584494e-05 0)
(0.75127279 5.5902057e-05 0)
(0.7499375 5.3595633e-05 0)
(0.74878748 6.4271068e-05 0)
(0.74681168 3.9307661e-05 0)
(0.94403343 0.0014046561 0)
(0.93628875 0.0013193534 0)
(0.92844714 0.0012370929 0)
(0.92071717 0.0011592031 0)
(0.91323677 0.0010863567 0)
(0.90607102 0.0010186258 0)
(0.8992386 0.0009557151 0)
(0.89273315 0.00089718649 0)
(0.8865373 0.0008426099 0)
(0.88062933 0.00079161328 0)
(0.87498721 0.00074386545 0)
(0.86959055 0.00069904138 0)
(0.86442172 0.00065691209 0)
(0.85946599 0.00061734851 0)
(0.8547112 0.00058021385 0)
(0.85014726 0.00054536926 0)
(0.84576559 0.00051268253 0)
(0.84155877 0.00048203568 0)
(0.83752011 0.00045332006 0)
(0.83364337 0.00042642207 0)
(0.82992247 0.00040123658 0)
(0.82635088 0.0003776645 0)
(0.82292114 0.00035560891 0)
(0.81962439 0.00033497406 0)
(0.81644998 0.00031563595 0)
(0.81338642 0.00029748 0)
(0.81042561 0.00028043989 0)
(0.80756289 0.00026444947 0)
(0.80479391 0.00024943539 0)
(0.80211455 0.0002353351 0)
(0.79952085 0.00022209084 0)
(0.79700911 0.00020964823 0)
(0.79457579 0.00019795702 0)
(0.79221746 0.00018697101 0)
(0.78993085 0.00017664592 0)
(0.78771285 0.00016693869 0)
(0.78556048 0.00015780912 0)
(0.78347095 0.00014922007 0)
(0.78144157 0.00014113686 0)
(0.7794698 0.00013352702 0)
(0.77755325 0.00012636027 0)
(0.77568964 0.00011960868 0)
(0.77387683 0.00011324652 0)
(0.77211275 0.00010724973 0)
(0.77039542 0.00010159592 0)
(0.76872296 9.6264377e-05 0)
(0.76709358 9.1235944e-05 0)
(0.76550556 8.6493725e-05 0)
(0.76395722 8.2021506e-05 0)
(0.76244696 7.7809269e-05 0)
(0.76097303 7.3835939e-05 0)
(0.75953419 7.0123699e-05 0)
(0.75812741 6.6570241e-05 0)
(0.756755 6.349038e-05 0)
(0.75540052 5.9696478e-05 0)
(0.75411261 5.794533e-05 0)
(0.75276535 5.5520832e-05 0)
(0.75160564 6.6593105e-05 0)
(0.74961141 4.0742003e-05 0)
(0.95005052 0.0014677083 0)
(0.94259698 0.0013826621 0)
(0.93489262 0.0012991248 0)
(0.92713528 0.0012184497 0)
(0.9195178 0.0011419584 0)
(0.91215986 0.0010703013 0)
(0.9051162 0.0010035244 0)
(0.89840066 0.00094135602 0)
(0.89200608 0.0008834277 0)
(0.88591477 0.00082937752 0)
(0.88010538 0.00077885745 0)
(0.87455639 0.00073151382 0)
(0.86924832 0.00068708549 0)
(0.86416445 0.0006454135 0)
(0.85929072 0.00060633582 0)
(0.85461535 0.00056969318 0)
(0.85012837 0.00053533706 0)
(0.84582126 0.00050313649 0)
(0.84168656 0.00047297252 0)
(0.8377176 0.00044472338 0)
(0.83390816 0.00041827827 0)
(0.83025204 0.00039353486 0)
(0.82674259 0.00037039513 0)
(0.82337229 0.00034876403 0)
(0.82013228 0.00032851863 0)
(0.81701243 0.00030954163 0)
(0.81400148 0.00029174916 0)
(0.81109131 0.00027505869 0)
(0.80827741 0.00025939172 0)
(0.80555548 0.00024468237 0)
(0.80292143 0.00023086978 0)
(0.80037144 0.00021789665 0)
(0.79790183 0.00020571011 0)
(0.79550908 0.00019426157 0)
(0.7931898 0.00018350447 0)
(0.79094076 0.00017339356 0)
(0.78875891 0.00016388664 0)
(0.78664135 0.00015494469 0)
(0.78458532 0.00014653131 0)
(0.7825882 0.00013861243 0)
(0.78064749 0.00013115625 0)
(0.77876087 0.00012413345 0)
(0.77692612 0.00011751706 0)
(0.77514112 0.0001112819 0)
(0.77340384 0.00010540451 0)
(0.77171232 9.9863191e-05 0)
(0.77006471 9.4637843e-05 0)
(0.76845927 8.9710755e-05 0)
(0.76689426 8.5064964e-05 0)
(0.76536803 8.0689894e-05 0)
(0.76387881 7.6563569e-05 0)
(0.76242529 7.2708761e-05 0)
(0.76100442 6.9019543e-05 0)
(0.75961848 6.5821516e-05 0)
(0.75825096 6.1888703e-05 0)
(0.75695046 6.0065734e-05 0)
(0.75559087 5.7517792e-05 0)
(0.75442117 6.9001599e-05 0)
(0.75240807 4.2229212e-05 0)
(0.95577996 0.0015296924 0)
(0.94866206 0.0014454406 0)
(0.94122229 0.0013619038 0)
(0.93356644 0.0012796517 0)
(0.92589469 0.0012002118 0)
(0.91838501 0.0011248749 0)
(0.91114427 0.001054205 0)
(0.904218 0.00098823412 0)
(0.89761649 0.00092673699 0)
(0.89133048 0.00086940592 0)
(0.88534179 0.00081589827 0)
(0.87962909 0.00076584111 0)
(0.8741717 0.00071894318 0)
(0.86895114 0.00067501446 0)
(0.86395144 0.00063386521 0)
(0.85915898 0.0005953129 0)
(0.8545622 0.00055918974 0)
(0.85015124 0.00052534904 0)
(0.84591763 0.00049365913 0)
(0.84185396 0.00046398789 0)
(0.83795361 0.00043621681 0)
(0.83421025 0.00041023826 0)
(0.83061759 0.00038595092 0)
(0.82716886 0.00036325853 0)
(0.82385647 0.00034203767 0)
(0.82067196 0.00032217173 0)
(0.81760539 0.0003035748 0)
(0.81464567 0.00028614736 0)
(0.81178487 0.0002697946 0)
(0.80901853 0.00025444575 0)
(0.8063424 0.00024003654 0)
(0.80375252 0.00022650665 0)
(0.8012451 0.00021380051 0)
(0.79881647 0.00020186696 0)
(0.79646315 0.00019065702 0)
(0.7941818 0.00018012314 0)
(0.79196926 0.00017022097 0)
(0.78982254 0.00016090951 0)
(0.78773878 0.00015215056 0)
(0.78571528 0.00014390836 0)
(0.78374947 0.00013614948 0)
(0.78183894 0.00012884312 0)
(0.77998141 0.00012196102 0)
(0.7781747 0.00011547681 0)
(0.7764167 0.0001093659 0)
(0.7747054 0.00010360555 0)
(0.77303891 9.8174675e-05 0)
(0.77141541 9.3054686e-05 0)
(0.76983313 8.8227836e-05 0)
(0.76829038 8.3682959e-05 0)
(0.76678532 7.9397136e-05 0)
(0.76531662 7.5393726e-05 0)
(0.76388119 7.1563058e-05 0)
(0.76248128 6.8241852e-05 0)
(0.76110029 6.4164696e-05 0)
(0.75978681 6.2266618e-05 0)
(0.75841451 5.95896e-05 0)
(0.75723447 7.1500146e-05 0)
(0.75520207 4.3771275e-05 0)
(0.9613233 0.0015914517 0)
(0.95444394 0.0015072029 0)
(0.94733412 0.0014243839 0)
(0.93991185 0.0013418711 0)
(0.93230449 0.0012606067 0)
(0.92471565 0.0011821712 0)
(0.91731238 0.001107782 0)
(0.91018649 0.0010379459 0)
(0.90337583 0.0009727041 0)
(0.89688622 0.00091187328 0)
(0.89070665 0.00085515457 0)
(0.8848182 0.00080217432 0)
(0.87920026 0.00075261813 0)
(0.87383315 0.00070626658 0)
(0.86869916 0.00066290124 0)
(0.86378279 0.00062231387 0)
(0.8590707 0.00058431458 0)
(0.85455152 0.0005487381 0)
(0.8502155 0.0005154374 0)
(0.84605429 0.00048426775 0)
(0.84206055 0.00045510087 0)
(0.83822757 0.00042782178 0)
(0.83454898 0.00040232394 0)
(0.83101832 0.00037850791 0)
(0.82762874 0.00035624796 0)
(0.82437293 0.00033542658 0)
(0.82124256 0.000315959 0)
(0.81822786 0.00029774339 0)
(0.81531809 0.00028066856 0)
(0.8125054 0.00026464793 0)
(0.80978535 0.00024961222 0)
(0.80715386 0.00023549778 0)
(0.80460699 0.00022224628 0)
(0.80214097 0.00020980388 0)
(0.79975217 0.00019811903 0)
(0.79743716 0.00018714174 0)
(0.79519266 0.00017682537 0)
(0.79301557 0.00016712685 0)
(0.79090296 0.00015800603 0)
(0.78885203 0.00014942539 0)
(0.78686011 0.00014134979 0)
(0.78492473 0.00013374684 0)
(0.78304353 0.00012658689 0)
(0.78121426 0.00011984235 0)
(0.77943475 0.00011348745 0)
(0.77770294 0.00010749831 0)
(0.77601686 0.00010185282 0)
(0.77437464 9.6531471e-05 0)
(0.77277447 9.1515674e-05 0)
(0.77121459 8.6793649e-05 0)
(0.76969314 8.2341483e-05 0)
(0.76820874 7.8183123e-05 0)
(0.76675825 7.4205022e-05 0)
(0.7653439 7.0755364e-05 0)
(0.76394899 6.652817e-05 0)
(0.76262212 6.4551514e-05 0)
(0.7612367 6.1739507e-05 0)
(0.76004598 7.4092519e-05 0)
(0.7579938 4.5370234e-05 0)
(0.96678974 0.0016542401 0)
(0.96000601 0.0015683989 0)
(0.95316781 0.0014859434 0)
(0.94606439 0.001404064 0)
(0.93865293 0.0013222955 0)
(0.93109591 0.0012417541 0)
(0.92359454 0.0011641223 0)
(0.91629875 0.0010905375 0)
(0.90928712 0.0010214634 0)
(0.9025901 0.00095694872 0)
(0.89620997 0.00089680077 0)
(0.89013389 0.00084067817 0)
(0.88434337 0.00078825858 0)
(0.87881868 0.0007392998 0)
(0.87354079 0.00069355632 0)
(0.86849243 0.00065079295 0)
(0.86365841 0.00061079515 0)
(0.85902563 0.0005733762 0)
(0.85458292 0.00053837094 0)
(0.85032071 0.00050561955 0)
(0.84623077 0.00047498181 0)
(0.8423057 0.00044633341 0)
(0.83853878 0.00041956065 0)
(0.83492348 0.00039455911 0)
(0.83145324 0.00037119893 0)
(0.82812142 0.0003493599 0)
(0.8249208 0.00032895686 0)
(0.82184309 0.00030988846 0)
(0.81887892 0.00029204112 0)
(0.81601781 0.00027531309 0)
(0.81325193 0.0002596192 0)
(0.81057701 0.00024489081 0)
(0.807989 0.00023106665 0)
(0.80548398 0.00021809011 0)
(0.8030582 0.00020590695 0)
(0.80070809 0.00019446459 0)
(0.79843029 0.00018371394 0)
(0.79622159 0.00017360975 0)
(0.79407894 0.00016410983 0)
(0.79199945 0.00015517476 0)
(0.78998038 0.00014676761 0)
(0.78801915 0.00013885428 0)
(0.78611335 0.00013140368 0)
(0.78426064 0.0001243869 0)
(0.78245879 0.00011777693 0)
(0.78070568 0.00011154872 0)
(0.77899926 0.00010567904 0)
(0.77733763 0.0001001474 0)
(0.7757189 9.493435e-05 0)
(0.77414129 9.002744e-05 0)
(0.77260287 8.5401726e-05 0)
(0.77110221 8.1081732e-05 0)
(0.76963614 7.6949906e-05 0)
(0.76820685 7.3366242e-05 0)
(0.76679756 6.8983041e-05 0)
(0.76545684 6.6924135e-05 0)
(0.7640579 6.3970932e-05 0)
(0.76285611 7.6782674e-05 0)
(0.76078368 4.7028181e-05 0)
(0.97217624 0.0017178582 0)
(0.96546473 0.0016303576 0)
(0.95874752 0.0015466334 0)
(0.95194492 0.0014654756 0)
(0.94483024 0.0013842137 0)
(0.93743913 0.0013028436 0)
(0.92994226 0.0012228536 0)
(0.92253344 0.0011459163 0)
(0.91534565 0.0010730819 0)
(0.90844642 0.0010047764 0)
(0.90186033 0.00094100941 0)
(0.89558621 0.00088152681 0)
(0.88961109 0.00082602687 0)
(0.88391695 0.00077425926 0)
(0.87848437 0.00072595736 0)
(0.87329465 0.00068085989 0)
(0.86833084 0.00063872608 0)
(0.86357801 0.00059934516 0)
(0.85902337 0.00056253092 0)
(0.85465595 0.00052810581 0)
(0.85046639 0.00049591532 0)
(0.84644644 0.00046582376 0)
(0.84258873 0.00043770838 0)
(0.83888637 0.00041145793 0)
(0.83533275 0.00038693669 0)
(0.8319215 0.00036402009 0)
(0.82864602 0.00034262087 0)
(0.82549904 0.00032263656 0)
(0.82247258 0.00030395353 0)
(0.81955763 0.00028646832 0)
(0.81674387 0.00027008111 0)
(0.81402362 0.00025470779 0)
(0.81139266 0.00024028209 0)
(0.80884695 0.0002267446 0)
(0.8063826 0.0002140383 0)
(0.80399591 0.00020210787 0)
(0.8016834 0.00019090169 0)
(0.79944175 0.00018037213 0)
(0.79726781 0.00017047483 0)
(0.7951586 0.00016116841 0)
(0.79311127 0.00015241401 0)
(0.79112315 0.00014417575 0)
(0.78919175 0.00013642094 0)
(0.78731468 0.00012911934 0)
(0.78548963 0.0001222426 0)
(0.78371439 0.00011576445 0)
(0.78198686 0.00010966048 0)
(0.78030507 0.00010390915 0)
(0.7786671 9.8490071e-05 0)
(0.7770711 9.3390124e-05 0)
(0.77551509 8.8583268e-05 0)
(0.77399759 8.4094604e-05 0)
(0.77251539 7.9802427e-05 0)
(0.77107065 7.6078907e-05 0)
(0.7696465 7.1533437e-05 0)
(0.76829148 6.9388398e-05 0)
(0.76687856 6.6287472e-05 0)
(0.76566532 7.9574767e-05 0)
(0.76357214 4.8747272e-05 0)
(0.97743008 0.0017817632 0)
(0.97085667 0.0016933342 0)
(0.96419735 0.0016078132 0)
(0.9575432 0.0015258093 0)
(0.95074834 0.0014454183 0)
(0.94363771 0.0013643807 0)
(0.93627702 0.0012832735 0)
(0.92884835 0.00120377 0)
(0.92153396 0.0011275048 0)
(0.91445248 0.0010554442 0)
(0.9076629 0.00098793393 0)
(0.90118405 0.00092489492 0)
(0.89501353 0.00086609556 0)
(0.88913791 0.00081130434 0)
(0.88353895 0.00076024629 0)
(0.87819733 0.0007126386 0)
(0.8730946 0.00066821459 0)
(0.86821406 0.00062673754 0)
(0.86354116 0.00058799751 0)
(0.8590634 0.00055179639 0)
(0.85477009 0.00051796289 0)
(0.85065189 0.0004863477 0)
(0.8467006 0.00045681704 0)
(0.84290872 0.00042925105 0)
(0.8392693 0.00040350638 0)
(0.83577591 0.00037945245 0)
(0.8324222 0.00035699833 0)
(0.82920148 0.0003360389 0)
(0.82610671 0.00031645877 0)
(0.82313015 0.00029815446 0)
(0.8202631 0.00028102514 0)
(0.81749539 0.00026497197 0)
(0.8148196 0.0002499143 0)
(0.81223142 0.00023578751 0)
(0.80972682 0.00022253174 0)
(0.80730198 0.00021008887 0)
(0.80495328 0.00019840458 0)
(0.80267728 0.00018742875 0)
(0.80047075 0.00017711472 0)
(0.79833058 0.00016741901 0)
(0.79625382 0.00015830077 0)
(0.79423771 0.00014972215 0)
(0.79227969 0.00014164882 0)
(0.79037728 0.00013404908 0)
(0.78852809 0.00012689321 0)
(0.78672986 0.00012015365 0)
(0.78498041 0.00011380471 0)
(0.7832777 0.00010782375 0)
(0.78161976 0.00010218941 0)
(0.78000469 9.6887824e-05 0)
(0.77843044 9.1891825e-05 0)
(0.7768955 8.7227074e-05 0)
(0.77539659 8.2767568e-05 0)
(0.77393586 7.8898025e-05 0)
(0.77249633 7.4183711e-05 0)
(0.77112652 7.1948431e-05 0)
(0.76969917 6.8692914e-05 0)
(0.76847406 8.2473168e-05 0)
(0.76635961 5.0529726e-05 0)
(0.97613501 0.0017568281 0)
(0.96959142 0.0016701676 0)
(0.96298607 0.0015862927 0)
(0.95638543 0.0015055665 0)
(0.94959709 0.0014253647 0)
(0.94249454 0.0013443655 0)
(0.93517215 0.0012634736 0)
(0.92781489 0.0011844801 0)
(0.92059364 0.0011089337 0)
(0.91361633 0.0010376795 0)
(0.90693327 0.0009709415 0)
(0.90055986 0.00090863937 0)
(0.89449174 0.00085060533 0)
(0.88871443 0.00079657938 0)
(0.88320942 0.00074626785 0)
(0.87795744 0.00069938178 0)
(0.87294027 0.00065565827 0)
(0.86814161 0.00061486145 0)
(0.86354731 0.00057676998 0)
(0.8591452 0.00054119315 0)
(0.85492468 0.00050796568 0)
(0.85087647 0.00047694067 0)
(0.8469923 0.00044798771 0)
(0.8432646 0.00042095404 0)
(0.83968666 0.00039570141 0)
(0.83625202 0.00037213371 0)
(0.83295425 0.00035014166 0)
(0.82978683 0.00032960673 0)
(0.82674289 0.00031042366 0)
(0.82381495 0.00029249153 0)
(0.8209944 0.00027571075 0)
(0.81827151 0.00025998626 0)
(0.81563899 0.00024524022 0)
(0.81309238 0.00023140713 0)
(0.81062772 0.00021842597 0)
(0.80824127 0.00020623962 0)
(0.80592947 0.00019479534 0)
(0.80368895 0.00018404407 0)
(0.80151651 0.00017394007 0)
(0.79940911 0.00016444039 0)
(0.79736386 0.00015550509 0)
(0.79537812 0.00014709807 0)
(0.79344935 0.00013918613 0)
(0.79157507 0.00013173806 0)
(0.78975294 0.00012472493 0)
(0.78798071 0.00011811977 0)
(0.78625627 0.0001118987 0)
(0.7845776 0.00010603932 0)
(0.78294272 0.00010052702 0)
(0.78134956 9.5333439e-05 0)
(0.77979653 9.0484782e-05 0)
(0.77828032 8.5850595e-05 0)
(0.77680302 8.1828526e-05 0)
(0.77534758 7.6938464e-05 0)
(0.77396247 7.4608588e-05 0)
(0.7725202 7.1191239e-05 0)
(0.7712828 8.5482472e-05 0)
(0.76914653 5.2377847e-05 0)
(0.98123132 0.0018199074 0)
(0.97488815 0.0017332049 0)
(0.96837841 0.0016480323 0)
(0.96184138 0.0015654923 0)
(0.95527891 0.0014853297 0)
(0.94849419 0.0014050989 0)
(0.941405 0.0013240779 0)
(0.93412299 0.0012434679 0)
(0.92683675 0.0011650462 0)
(0.91970837 0.0010902551 0)
(0.91283397 0.0010197823 0)
(0.90625673 0.00095382033 0)
(0.89998795 0.00089233626 0)
(0.89402107 0.00083512451 0)
(0.88834075 0.00078190095 0)
(0.8829282 0.00073236361 0)
(0.87776423 0.00068622601 0)
(0.87283106 0.00064322556 0)
(0.86811287 0.00060311553 0)
(0.8635959 0.00056568331 0)
(0.85926809 0.00053074518 0)
(0.85511895 0.0004981388 0)
(0.85113917 0.00046772117 0)
(0.84732043 0.00043932824 0)
(0.84365545 0.00041281236 0)
(0.84013747 0.0003880707 0)
(0.83675998 0.00036498841 0)
(0.83351667 0.00034344237 0)
(0.83040115 0.00032332418 0)
(0.82740672 0.00030453133 0)
(0.82452597 0.00028696385 0)
(0.82175062 0.00027052555 0)
(0.81907133 0.00025512542 0)
(0.81648085 0.00024068553 0)
(0.81397464 0.00022713873 0)
(0.81154879 0.00021442494 0)
(0.80919963 0.00020248869 0)
(0.80692368 0.00019127838 0)
(0.80471761 0.00018074594 0)
(0.80257827 0.00017084616 0)
(0.80050266 0.00016153691 0)
(0.79848808 0.00015278015 0)
(0.79653186 0.00014454108 0)
(0.79463147 0.00013678698 0)
(0.79278448 0.00012948747 0)
(0.79098857 0.00012261416 0)
(0.78924155 0.00011614189 0)
(0.78754134 0.00011004717 0)
(0.78588592 0.00010431458 0)
(0.78427313 9.8914508e-05 0)
(0.78270134 9.3873697e-05 0)
(0.78116719 8.9057075e-05 0)
(0.77967273 8.4875616e-05 0)
(0.77820081 7.980255e-05 0)
(0.77679985 7.7373466e-05 0)
(0.77534216 7.3786637e-05 0)
(0.774092 8.8607525e-05 0)
(0.77193335 5.4294045e-05 0)
(0.98604655 0.0018811479 0)
(0.9800262 0.0017961339 0)
(0.97368793 0.0017105025 0)
(0.9672264 0.0016264537 0)
(0.96074993 0.0015447782 0)
(0.95422013 0.0014648821 0)
(0.94744152 0.0013845504 0)
(0.94036207 0.0013035971 0)
(0.93312203 0.0012233134 0)
(0.9259098 0.0011455022 0)
(0.91887647 0.0010714462 0)
(0.91210569 0.001001763 0)
(0.90563392 0.00093666174 0)
(0.8994687 0.00087605489 0)
(0.89360168 0.00081970353 0)
(0.88801665 0.00076731086 0)
(0.88269465 0.00071857427 0)
(0.87761696 0.00067320622 0)
(0.87276629 0.00063093382 0)
(0.86812726 0.00059152061 0)
(0.86368622 0.000554762 0)
(0.85943127 0.00052047778 0)
(0.85535191 0.00048851008 0)
(0.85143884 0.00045868149 0)
(0.84768405 0.00043083319 0)
(0.84408026 0.00040485404 0)
(0.84062063 0.00038062216 0)
(0.83729878 0.00035800844 0)
(0.83410849 0.00033690003 0)
(0.8310435 0.00031719145 0)
(0.82809715 0.00029878096 0)
(0.82526226 0.00028157151 0)
(0.82253085 0.00026547096 0)
(0.81989391 0.00025038941 0)
(0.81734429 0.0002362479 0)
(0.81487732 0.0002229798 0)
(0.81248918 0.00021052666 0)
(0.81017626 0.00019883419 0)
(0.80793512 0.00018785189 0)
(0.80576249 0.00017753225 0)
(0.80365525 0.00016783072 0)
(0.8016106 0.0001587072 0)
(0.79962581 0.00015012524 0)
(0.79769824 0.00014205046 0)
(0.79582539 0.00013445097 0)
(0.79400485 0.00012729691 0)
(0.79223435 0.00012056174 0)
(0.79051177 0.00011422078 0)
(0.788835 0.00010825778 0)
(0.78720184 0.00010264181 0)
(0.78561058 9.7400133e-05 0)
(0.78405782 9.2392899e-05 0)
(0.78254557 8.8044803e-05 0)
(0.78105657 8.2781104e-05 0)
(0.77963922 8.0247918e-05 0)
(0.77816558 7.6483506e-05 0)
(0.77690217 9.1853444e-05 0)
(0.77472056 5.6280886e-05 0)
(0.99044081 0.0019384757 0)
(0.98491629 0.0018576921 0)
(0.97885938 0.0017731448 0)
(0.9725416 0.0016883296 0)
(0.96612668 0.0016050223 0)
(0.95970556 0.0015238778 0)
(0.95320836 0.0014441855 0)
(0.94642324 0.00136382 0)
(0.93935866 0.0012829254 0)
(0.93216737 0.0012030105 0)
(0.92503573 0.0011258106 0)
(0.91809956 0.0010525149 0)
(0.91143258 0.00098371463 0)
(0.90506536 0.00091953748 0)
(0.89900225 0.00085984829 0)
(0.89323312 0.00080438744 0)
(0.88774117 0.00075285157 0)
(0.88250784 0.00070493448 0)
(0.87751488 0.0006603389 0)
(0.87274538 0.00061880379 0)
(0.86818405 0.00058010172 0)
(0.86381745 0.00054403208 0)
(0.85963371 0.0005104197 0)
(0.85562238 0.00047907157 0)
(0.85177452 0.00044981569 0)
(0.84808215 0.00042253098 0)
(0.84453791 0.00039708698 0)
(0.84113511 0.00037334724 0)
(0.83786744 0.00035119314 0)
(0.83472876 0.00033051492 0)
(0.83171285 0.00031120771 0)
(0.82881322 0.00029317239 0)
(0.8260229 0.00027631584 0)
(0.82333414 0.00026054689 0)
(0.82073834 0.00024577573 0)
(0.81822841 0.00023192466 0)
(0.81579958 0.00021892822 0)
(0.81344807 0.00020672911 0)
(0.81117035 0.00019527423 0)
(0.808963 0.00018451372 0)
(0.80682278 0.00017440048 0)
(0.80474681 0.00016489218 0)
(0.80273224 0.00015595059 0)
(0.80077638 0.00014753962 0)
(0.79887661 0.00013962577 0)
(0.79703044 0.00013217763 0)
(0.79523553 0.00012516716 0)
(0.79348968 0.00011856843 0)
(0.79179073 0.00011236431 0)
(0.79013641 0.00010652251 0)
(0.78852495 0.00010107078 0)
(0.78695287 9.58643e-05 0)
(0.78542216 9.1341911e-05 0)
(0.78391548 8.5879551e-05 0)
(0.78248114 8.3237072e-05 0)
(0.78099098 7.9286457e-05 0)
(0.77971382 9.5225653e-05 0)
(0.77750863 5.8341147e-05 0)
(0.99423018 0.0019890999 0)
(0.98943045 0.0019160012 0)
(0.98381208 0.0018348418 0)
(0.97773719 0.0017506124 0)
(0.97144428 0.0016663242 0)
(0.9650736 0.0015834377 0)
(0.95870612 0.00150281 0)
(0.95222267 0.0014232701 0)
(0.94543808 0.0013428269 0)
(0.93839731 0.0012620345 0)
(0.93126433 0.0011825202 0)
(0.92421706 0.001105988 0)
(0.91737894 0.0010335602 0)
(0.91081514 0.00096571303 0)
(0.904551 0.0009025048 0)
(0.89858776 0.00084376586 0)
(0.89291404 0.0007892201 0)
(0.88751322 0.00073855637 0)
(0.88236703 0.00069145922 0)
(0.87745742 0.00064764462 0)
(0.87276757 0.00060686116 0)
(0.8682824 0.0005688857 0)
(0.86398854 0.00053352324 0)
(0.85987422 0.00050056271 0)
(0.85592939 0.0004698168 0)
(0.85214519 0.0004411526 0)
(0.84851357 0.00041442949 0)
(0.84502735 0.00038950222 0)
(0.84167989 0.00036624512 0)
(0.83846495 0.00034454283 0)
(0.83537644 0.00032428611 0)
(0.83240824 0.00030537257 0)
(0.829554 0.00028770692 0)
(0.82680692 0.0002711967 0)
(0.82415955 0.0002557507 0)
(0.8216037 0.00024128156 0)
(0.81913236 0.00022771352 0)
(0.81674057 0.00021498182 0)
(0.81442466 0.00020303031 0)
(0.81218109 0.00019180664 0)
(0.81000648 0.00018126108 0)
(0.80789785 0.00017134885 0)
(0.80585226 0.00016202989 0)
(0.80386691 0.00015326628 0)
(0.80193911 0.00014502283 0)
(0.80006627 0.00013726648 0)
(0.79824596 0.00012996762 0)
(0.79647591 0.00012309892 0)
(0.7947539 0.00011664237 0)
(0.79307759 0.00011056423 0)
(0.79144514 0.00010489273 0)
(0.78985302 9.9477883e-05 0)
(0.78830316 9.4773108e-05 0)
(0.78677813 8.9103635e-05 0)
(0.78532618 8.634635e-05 0)
(0.78381892 8.2200316e-05 0)
(0.78252748 9.8729915e-05 0)
(0.78029807 6.0477902e-05 0)
(0.9972112 0.00202982 0)
(0.99339514 0.0019684535 0)
(0.98842914 0.0018938905 0)
(0.98274006 0.001812306 0)
(0.97665793 0.0017282146 0)
(0.97039161 0.0016441783 0)
(0.96406439 0.0015617288 0)
(0.95774608 0.0014816652 0)
(0.95127026 0.0014020629 0)
(0.9444931 0.0013215396 0)
(0.93748484 0.001240896 0)
(0.93041584 0.0011618773 0)
(0.92345499 0.0010861415 0)
(0.91671483 0.0010146637 0)
(0.91025277 0.00094782161 0)
(0.90408935 0.00088561795 0)
(0.89822341 0.00082785148 0)
(0.89264325 0.00077423166 0)
(0.8873321 0.00072443809 0)
(0.88227164 0.00067816899 0)
(0.87744382 0.00063514988 0)
(0.872832 0.00059513363 0)
(0.86842123 0.00055790319 0)
(0.86419827 0.0005232269 0)
(0.86015181 0.00049089977 0)
(0.85627191 0.00046077503 0)
(0.85254968 0.00043270008 0)
(0.84897726 0.00040651937 0)
(0.84554754 0.00038209877 0)
(0.84225395 0.00035931606 0)
(0.83909029 0.00033805644 0)
(0.83605055 0.00031821303 0)
(0.83312871 0.00029968726 0)
(0.83031852 0.0002823843 0)
(0.82761338 0.00026621128 0)
(0.82500618 0.00025107937 0)
(0.82248913 0.00023690446 0)
(0.82005527 0.0002236122 0)
(0.81769949 0.00021113855 0)
(0.81541812 0.00019942815 0)
(0.81320764 0.00018842837 0)
(0.81106494 0.00017809189 0)
(0.80898701 0.00016837673 0)
(0.80697093 0.00015924304 0)
(0.80501392 0.00015065382 0)
(0.80311331 0.00014257431 0)
(0.80126656 0.00013497316 0)
(0.79947133 0.00012782159 0)
(0.79772534 0.00012110063 0)
(0.79602618 0.00011477503 0)
(0.79437191 0.00010887349 0)
(0.79275897 0.00010324065 0)
(0.79118924 9.8344923e-05 0)
(0.78964517 9.2459435e-05 0)
(0.78817496 8.9581488e-05 0)
(0.78664998 8.5230105e-05 0)
(0.78534369 0.00010237239 0)
(0.78308941 6.269463e-05 0)
(0.99923436 0.0020580448 0)
(0.99660469 0.0020118694 0)
(0.99254803 0.0019478704 0)
(0.98744349 0.0018718797 0)
(0.98170145 0.0017898106 0)
(0.97561918 0.0017056576 0)
(0.96938055 0.0016219341 0)
(0.96310869 0.001540039 0)
(0.9568284 0.0014602619 0)
(0.95035893 0.0013805322 0)
(0.94359386 0.0012999488 0)
(0.93662446 0.0012195692 0)
(0.92962276 0.0011412021 0)
(0.92274894 0.0010663624 0)
(0.91610561 0.00099589622 0)
(0.9097433 0.00093009797 0)
(0.90367827 0.00086891807 0)
(0.89790812 0.00081213013 0)
(0.8924202 0.00075943268 0)
(0.88719731 0.00071051759 0)
(0.88222093 0.00066509138 0)
(0.87747319 0.00062288329 0)
(0.87293758 0.00058365274 0)
(0.86859931 0.00054714519 0)
(0.86444565 0.00051313544 0)
(0.86046543 0.0004814606 0)
(0.85664875 0.00045195411 0)
(0.85298692 0.00042444839 0)
(0.84947216 0.00039879942 0)
(0.84609745 0.00037487679 0)
(0.84285627 0.00035255885 0)
(0.83974248 0.00033173319 0)
(0.83675013 0.00031229682 0)
(0.83387327 0.00029415147 0)
(0.8311058 0.00027720157 0)
(0.82844136 0.00026135638 0)
(0.82587314 0.00024653031 0)
(0.82339379 0.00023264199 0)
(0.82099635 0.00021961855 0)
(0.81867552 0.00020739637 0)
(0.81642759 0.00019591924 0)
(0.81424935 0.00018513695 0)
(0.81213768 0.00017500558 0)
(0.81008957 0.0001654833 0)
(0.80810213 0.00015653116 0)
(0.80617258 0.00014811262 0)
(0.80429829 0.00014019448 0)
(0.80247685 0.00013274637 0)
(0.80070591 0.0001257483 0)
(0.79898297 0.00011916349 0)
(0.79730604 0.00011302104 0)
(0.79567146 0.00010716001 0)
(0.79408108 0.00010206428 0)
(0.79251726 9.5953389e-05 0)
(0.79102811 9.2948555e-05 0)
(0.78948476 8.8381024e-05 0)
(0.78816302 0.00010615968 0)
(0.78588317 6.4995333e-05 0)
(1.0003038 0.0020735436 0)
(0.99888037 0.0020433101 0)
(0.99596555 0.0019936858 0)
(0.99169609 0.0019271046 0)
(0.98647755 0.0018497406 0)
(0.98069626 0.0017670917 0)
(0.97461839 0.0016829217 0)
(0.96841847 0.0015995855 0)
(0.96220172 0.001518167 0)
(0.95595342 0.0014385325 0)
(0.94949085 0.0013586626 0)
(0.94274327 0.0012781295 0)
(0.93581607 0.0011981971 0)
(0.928883 0.0011205992 0)
(0.92209601 0.0010467269 0)
(0.91554871 0.00097731412 0)
(0.90928463 0.00091257698 0)
(0.90331709 0.00085242347 0)
(0.89764159 0.00079661076 0)
(0.89224445 0.00074484513 0)
(0.88710805 0.00069682374 0)
(0.88221398 0.00065225579 0)
(0.87754442 0.00061087731 0)
(0.87308305 0.00057240915 0)
(0.86881561 0.00053660356 0)
(0.86472959 0.00050327907 0)
(0.86081388 0.00047225303 0)
(0.85705881 0.0004433439 0)
(0.85345582 0.00041639614 0)
(0.84999723 0.00039126972 0)
(0.84667605 0.00036783491 0)
(0.84348584 0.00034597255 0)
(0.84042052 0.00032557419 0)
(0.83747416 0.0003065371 0)
(0.83464093 0.00028876202 0)
(0.83191491 0.00027215531 0)
(0.82928996 0.00025662922 0)
(0.82675958 0.00024210092 0)
(0.82431682 0.00022849188 0)
(0.82195477 0.00021573065 0)
(0.81966774 0.0002037516 0)
(0.81745241 0.00019250068 0)
(0.81530554 0.0001819319 0)
(0.81322401 0.00017200133 0)
(0.81120483 0.00016266807 0)
(0.80924513 0.00015389367 0)
(0.80734215 0.00014564294 0)
(0.80549342 0.0001378838 0)
(0.80369651 0.00013059518 0)
(0.80194883 0.0001237387 0)
(0.80024832 0.00011734383 0)
(0.79859125 0.00011124384 0)
(0.79697942 0.00010593851 0)
(0.79539508 9.9592325e-05 0)
(0.79388627 9.6453982e-05 0)
(0.79232387 9.1658427e-05 0)
(0.79098606 0.00011009887 0)
(0.78867992 6.7384636e-05 0)
)
;

boundaryField
{
    inlet
    {
        type            fixedValue;
        value           nonuniform List<vector> 0();
    }
    top
    {
        type            zeroGradient;
    }
    outlet
    {
        type            zeroGradient;
    }
    slipsurface
    {
        type            slip;
    }
    bottom
    {
        type            fixedValue;
        value           nonuniform List<vector> 0();
    }
    frontandback
    {
        type            empty;
    }
    procBoundary3to2
    {
        type            processor;
        value           nonuniform List<vector> 
59
(
(0.85016333 0.00064271976 0)
(0.8447055 0.00060716232 0)
(0.83947209 0.00057471957 0)
(0.8344446 0.00054466953 0)
(0.8296094 0.00051650748 0)
(0.82495581 0.00048989559 0)
(0.82047473 0.00046460569 0)
(0.81615789 0.0004405019 0)
(0.81199619 0.00041751703 0)
(0.80797812 0.00039559783 0)
(0.80408708 0.00037465533 0)
(0.80031373 0.00035459562 0)
(0.79665484 0.00033540634 0)
(0.7931073 0.00031713385 0)
(0.78966801 0.00029978129 0)
(0.7863338 0.00028332248 0)
(0.78310145 0.00026772145 0)
(0.77996777 0.0002529452 0)
(0.77692955 0.00023896322 0)
(0.77398359 0.00022573908 0)
(0.7711268 0.00021323919 0)
(0.7683561 0.00020143299 0)
(0.76566846 0.00019029289 0)
(0.76306085 0.00017979172 0)
(0.7605302 0.00016988509 0)
(0.75807378 0.00016053555 0)
(0.75568886 0.00015172551 0)
(0.75337261 0.00014342695 0)
(0.75112239 0.00013560539 0)
(0.74893569 0.00012823275 0)
(0.74681009 0.00012128319 0)
(0.74474326 0.00011473187 0)
(0.74273298 0.00010855553 0)
(0.74077709 0.00010273274 0)
(0.73887352 9.724266e-05 0)
(0.73702026 9.2064884e-05 0)
(0.73521544 8.718031e-05 0)
(0.73345725 8.257125e-05 0)
(0.73174396 7.8221112e-05 0)
(0.73007395 7.4114324e-05 0)
(0.72844564 7.0236342e-05 0)
(0.72685756 6.6573604e-05 0)
(0.72530828 6.3113417e-05 0)
(0.72379642 5.9843927e-05 0)
(0.72232069 5.6754131e-05 0)
(0.72087983 5.3833853e-05 0)
(0.71947264 5.1073639e-05 0)
(0.71809792 4.8465106e-05 0)
(0.71675453 4.6000194e-05 0)
(0.71544133 4.3674693e-05 0)
(0.71415707 4.1477519e-05 0)
(0.7129009 3.9422332e-05 0)
(0.71167028 3.7450923e-05 0)
(0.7104677 3.5743948e-05 0)
(0.70927801 3.3598877e-05 0)
(0.70814928 3.2663934e-05 0)
(0.7069593 3.1627824e-05 0)
(0.70592518 3.7808878e-05 0)
(0.70418443 2.2962894e-05 0)
)
;
    }
    procBoundary3to4
    {
        type            processor;
        value           nonuniform List<vector> 4((0.86106372 0.00071538891 0) (0.86635608 0.00075039377 0) (0.87175439 0.00078741607 0) (0.87726795 0.00082661443 0));
    }
    procBoundary3to5
    {
        type            processor;
        value           nonuniform List<vector> 
27
(
(0.8829066 0.00086816108 0)
(0.88868008 0.00091223763 0)
(0.89459693 0.00095902636 0)
(0.90066291 0.0010086945 0)
(0.90687847 0.0010613676 0)
(0.91323511 0.0011170865 0)
(0.91971036 0.0011757451 0)
(0.92626098 0.0012370089 0)
(0.93281468 0.0013002224 0)
(0.9392707 0.0013644029 0)
(0.94552272 0.0014284996 0)
(0.9514947 0.0014918054 0)
(0.95718016 0.0015540275 0)
(0.96270852 0.0016164576 0)
(0.96818044 0.0016801299 0)
(0.9735562 0.0017444049 0)
(0.97877655 0.001808666 0)
(0.98375615 0.0018717006 0)
(0.98247481 0.0018448891 0)
(0.98247481 0.0018448891 0)
(0.98720072 0.0019056291 0)
(0.99145584 0.0019617066 0)
(0.99504801 0.0020101829 0)
(0.99777992 0.0020479104 0)
(0.99954387 0.0020728056 0)
(1.0004023 0.0020855483 0)
(1.0007086 0.0020900534 0)
)
;
    }
    procBoundary3to15
    {
        type            processor;
        value           nonuniform List<vector> 
58
(
(1.0007147 0.0020796103 0)
(1.0001779 0.0020617167 0)
(0.99848266 0.00202817 0)
(0.99530055 0.0019750093 0)
(0.99084619 0.0019059625 0)
(0.98553425 0.0018272505 0)
(0.97972318 0.0017440965 0)
(0.9736611 0.0016600306 0)
(0.96750316 0.0015770424 0)
(0.96133776 0.001496 0)
(0.9551197 0.0014164452 0)
(0.94866785 0.0013365364 0)
(0.94193868 0.0012562555 0)
(0.93505541 0.001176893 0)
(0.92819267 0.0011001405 0)
(0.92149407 0.0010272826 0)
(0.91504281 0.00095894337 0)
(0.90887679 0.00089527089 0)
(0.90300573 0.00083614353 0)
(0.89742334 0.00078131744 0)
(0.89211517 0.00073049916 0)
(0.88706345 0.00068338673 0)
(0.8822497 0.0006396958 0)
(0.87765624 0.00059912234 0)
(0.87326735 0.00056139415 0)
(0.86906903 0.00052630889 0)
(0.86504887 0.00049366553 0)
(0.86119605 0.00046326646 0)
(0.85750102 0.00043494278 0)
(0.85395534 0.00040854327 0)
(0.8505514 0.00038392872 0)
(0.8472823 0.00036097202 0)
(0.84414165 0.00033955819 0)
(0.84112338 0.00031957897 0)
(0.83822165 0.00030093049 0)
(0.83543076 0.00028351528 0)
(0.83274496 0.00026724253 0)
(0.83015832 0.00025202703 0)
(0.82766466 0.00023778881 0)
(0.82525745 0.00022445241 0)
(0.82292958 0.00021194421 0)
(0.82067551 0.00020020073 0)
(0.8184919 0.00018917207 0)
(0.8163755 0.00017881238 0)
(0.81432322 0.00016907863 0)
(0.81233209 0.00015993049 0)
(0.81039921 0.00015133065 0)
(0.80852204 0.0001432451 0)
(0.80669808 0.00013565168 0)
(0.80492466 0.00012851033 0)
(0.80319961 0.00012185087 0)
(0.80151915 0.00011550051 0)
(0.79988502 0.00010997541 0)
(0.79827936 0.00010338347 0)
(0.79675014 0.00010010458 0)
(0.79516797 9.5067724e-05 0)
(0.79381342 0.00011419752 0)
(0.79148026 6.9867821e-05 0)
)
;
    }
}


// ************************************************************************* //
