/*--------------------------------*- C++ -*----------------------------------*\
  =========                 |
  \\      /  F ield         | OpenFOAM: The Open Source CFD Toolbox
   \\    /   O peration     | Website:  https://openfoam.org
    \\  /    A nd           | Version:  12
     \\/     M anipulation  |
\*---------------------------------------------------------------------------*/
FoamFile
{
    format      ascii;
    class       surfaceScalarField;
    location    "1500";
    object      phi;
}
// * * * * * * * * * * * * * * * * * * * * * * * * * * * * * * * * * * * * * //

dimensions      [0 3 -1 0 0 0 0];

internalField   nonuniform List<scalar> 
897
(
0.0013980656
5.4181693e-06
-0.0013980004
0.0013981755
6.1341714e-06
0.0013983213
6.8434574e-06
0.0013984893
7.5202314e-06
0.0013986684
8.1549795e-06
0.0013988522
8.7500364e-06
0.0013990371
9.3104891e-06
0.0013992199
9.8389766e-06
0.0013993982
1.0338151e-05
0.001399571
1.0813127e-05
0.0013997387
1.1269471e-05
0.0013999014
1.1710775e-05
0.0014000595
1.2138665e-05
0.0014002134
1.2553661e-05
0.0014003631
1.2955572e-05
0.0014005084
1.3343807e-05
0.0014006493
1.3717752e-05
1.4076887e-05
0.001444855
5.3560019e-06
-0.0014447928
0.0014449577
6.0314557e-06
0.0014450941
6.7070122e-06
0.0014452534
7.3609701e-06
0.0014454255
7.9828092e-06
0.0014456043
8.5712978e-06
0.0014457857
9.1290659e-06
0.0014459666
9.6580874e-06
0.0014461444
1.0160328e-05
0.0014463179
1.0639597e-05
0.001446487
1.1100447e-05
0.0014466516
1.1546128e-05
0.0014468121
1.1978223e-05
0.0014469684
1.2397289e-05
0.0014471207
1.2803259e-05
0.0014472689
1.3195678e-05
0.0014474126
1.3573992e-05
1.3937675e-05
0.001493206
5.296379e-06
-0.0014931464
0.0014933025
5.9349862e-06
0.0014934306
6.5788916e-06
0.0014935817
7.2099382e-06
0.001493747
7.8174306e-06
0.0014939206
8.3977145e-06
0.0014940984
8.9513276e-06
0.001494277
9.4794227e-06
0.001494454
9.9833352e-06
0.0014946278
1.0465779e-05
0.001494798
1.0930332e-05
0.0014949643
1.1379815e-05
0.0014951268
1.1815714e-05
0.0014952855
1.2238581e-05
0.0014954403
1.2648419e-05
0.0014955911
1.3044874e-05
0.0014957377
1.3427442e-05
1.37956e-05
0.0015431711
5.2389225e-06
-0.0015431137
0.0015432622
5.8439447e-06
0.0015433829
6.4582015e-06
0.0015435262
7.0665603e-06
0.001543685
7.6586694e-06
0.0015438534
8.229345e-06
0.0015440272
8.7774487e-06
0.0015442034
9.3032637e-06
0.0015443792
9.8075221e-06
0.001544553
1.0292023e-05
0.0015447239
1.0759439e-05
0.0015448916
1.121211e-05
0.0015450559
1.1651363e-05
0.0015452168
1.2077715e-05
0.001545374
1.2491193e-05
0.0015455274
1.2891504e-05
0.0015456766
1.3278187e-05
1.3650725e-05
0.0015948043
5.1833166e-06
-0.0015947486
0.0015948906
5.7576329e-06
0.0015950046
6.3441414e-06
0.0015951409
6.930264e-06
0.0015952933
7.5062967e-06
0.0015954564
8.0661986e-06
0.0015956263
8.6075671e-06
0.0015957997
9.129854e-06
0.001595974
9.6332106e-06
0.0015961474
1.0118668e-05
0.0015963188
1.0588085e-05
0.0015964876
1.104329e-05
0.0015966535
1.1485409e-05
0.0015968164
1.1914885e-05
0.0015969758
1.2331733e-05
0.0015971316
1.2735691e-05
0.0015972835
1.3126325e-05
1.3503125e-05
0.0016481612
5.1292956e-06
-0.0016481072
0.0016482434
5.6754533e-06
0.0016483515
6.2359976e-06
0.0016484813
6.8004936e-06
0.0016486276
7.3600429e-06
0.0016487855
7.908237e-06
0.0016489513
8.4417844e-06
0.0016491218
8.9594011e-06
0.0016492943
9.4606917e-06
0.0016494669
9.9460366e-06
0.0016496384
1.0416581e-05
0.0016498081
1.0873641e-05
0.0016499754
1.13181e-05
0.00165014
1.1750298e-05
0.0016503015
1.217021e-05
0.0016504596
1.2577573e-05
0.001650614
1.2971968e-05
1.3352886e-05
0.0017032997
5.0766333e-06
-0.0017032471
0.0017033783
5.5968923e-06
0.0017034811
6.1331358e-06
0.0017036049
6.6767188e-06
0.0017037454
7.2196108e-06
0.0017038982
7.7553795e-06
0.0017040598
8.2801653e-06
0.0017042272
8.7920781e-06
0.0017043976
9.2902247e-06
0.0017045692
9.7744334e-06
0.0017047406
1.0245231e-05
0.0017049108
1.0703447e-05
0.0017050792
1.114969e-05
0.0017052453
1.1584173e-05
0.0017054087
1.2006806e-05
0.001705569
1.2417301e-05
0.0017057257
1.2815237e-05
1.3200105e-05
0.0017602793
5.0251365e-06
-0.0017602278
0.0017603547
5.5215071e-06
0.0017604529
6.0349932e-06
0.0017605711
6.55844e-06
0.0017607061
7.0846868e-06
0.0017608539
7.6075088e-06
0.0017610114
8.1227395e-06
0.0017611754
8.6280246e-06
0.0017613436
9.122038e-06
0.0017615139
9.6041404e-06
0.0017616848
1.0074333e-05
0.0017618553
1.0532989e-05
0.0017620245
1.0980437e-05
0.0017621919
1.1416736e-05
0.001762357
1.1841714e-05
0.0017625193
1.2255038e-05
0.0017626783
1.2656269e-05
1.3044892e-05
0.0018191616
4.9746383e-06
-0.0018191111
0.0018192342
5.4489144e-06
0.0018193282
5.9410704e-06
0.0018194414
6.445191e-06
0.0018195711
6.9549501e-06
0.0018197142
7.4644771e-06
0.0018198674
7.9695026e-06
0.0018200281
8.4673478e-06
0.0018201938
8.9563287e-06
0.0018203625
9.4354156e-06
0.0018205327
9.9041667e-06
0.0018207031
1.0362548e-05
0.001820873
1.0810601e-05
0.0018210415
1.1248222e-05
0.001821208
1.1675138e-05
0.0018213721
1.2090958e-05
0.0018215332
1.249521e-05
1.2887367e-05
0.0018800102
4.9249938e-06
-0.0018799606
0.0018800804
5.3787809e-06
0.0018801705
5.8509249e-06
0.0018802792
6.3365403e-06
0.001880404
6.8300801e-06
0.0018805424
7.3261134e-06
0.0018806915
7.8204198e-06
0.0018808487
8.3101239e-06
0.0018810118
8.7932639e-06
0.0018811787
9.2684919e-06
0.0018813479
9.7349994e-06
0.001881518
1.0192394e-05
0.0018816882
1.0640444e-05
0.0018818575
1.1078871e-05
0.0018820254
1.1507293e-05
0.0018821911
1.1925248e-05
0.0018823541
1.233222e-05
1.2727662e-05
0.0019428908
4.8760765e-06
-0.0019428419
0.0019429588
5.3108159e-06
0.0019430456
5.7641638e-06
0.00194315
6.2320904e-06
0.0019432703
6.7097622e-06
0.0019434042
7.1922291e-06
0.0019435492
7.6754292e-06
0.0019437029
8.1563997e-06
0.0019438632
8.6329814e-06
0.0019440281
9.1035764e-06
0.0019441961
9.5670786e-06
0.0019443657
1.0022789e-05
0.0019445359
1.0470222e-05
0.0019447058
1.0908925e-05
0.0019448747
1.1338399e-05
0.0019450419
1.1758102e-05
0.0019452066
1.2167468e-05
1.2565919e-05
0.0020078714
4.8277754e-06
-0.0020078231
0.0020079374
5.2447651e-06
0.0020080212
5.680438e-06
0.0020081218
6.1314764e-06
0.0020082379
6.5936912e-06
0.0020083675
7.0626244e-06
0.0020085084
7.5344454e-06
0.0020086587
8.0061946e-06
0.002008816
8.4755906e-06
0.0020089788
8.9408499e-06
0.0020091452
9.4006321e-06
0.002009314
9.8539819e-06
0.0020094841
1.0300188e-05
0.0020096544
1.0738626e-05
0.0020098241
1.116868e-05
0.0020099925
1.1589723e-05
0.0020101588
1.2001131e-05
1.240229e-05
0.0020750221
4.7799927e-06
-0.0020749743
0.0020750864
5.1804048e-06
0.0020751674
5.5994373e-06
0.0020752645
6.0343646e-06
0.0020753767
6.4815748e-06
0.0020755022
6.9370925e-06
0.0020756393
7.3973639e-06
0.002075786
7.8595028e-06
0.0020759404
8.3211737e-06
0.0020761008
8.7804673e-06
0.0020762655
9.2358663e-06
0.0020764333
9.6862085e-06
0.0020766029
1.0130585e-05
0.0020767733
1.0568215e-05
0.0020769436
1.0998364e-05
0.002077113
1.142032e-05
0.0020772808
1.1833397e-05
1.223694e-05
0.0021444153
4.7326418e-06
-0.002144368
0.0021444782
5.1175383e-06
0.0021445567
5.520885e-06
0.0021446507
5.9404506e-06
0.0021447591
6.3731353e-06
0.0021448808
6.8154243e-06
0.0021450141
7.2640646e-06
0.0021451573
7.7162965e-06
0.0021453087
8.1697879e-06
0.0021454666
8.6225584e-06
0.0021456295
9.0729657e-06
0.002145796
9.5196871e-06
0.0021459649
9.961649e-06
0.0021461352
1.0397928e-05
0.0021463059
1.0827679e-05
0.0021464761
1.1250106e-05
0.002146645
1.1664459e-05
1.2070038e-05
0.0022161261
4.6856462e-06
-0.0022160791
0.0022161877
5.0559915e-06
0.002216264
5.4445346e-06
0.002216355
5.8494565e-06
0.00221646
6.26811e-06
0.0022165781
6.6974111e-06
0.0022167077
7.1344158e-06
0.0022168475
7.5765278e-06
0.0022169958
8.0214665e-06
0.0022171511
8.4672282e-06
0.002217312
8.9120922e-06
0.0022174771
9.3546187e-06
0.0022176451
9.7936015e-06
0.002217815
1.0227995e-05
0.0022179859
1.0656852e-05
0.0022181567
1.1079297e-05
0.0022183266
1.1494517e-05
1.1901763e-05
0.0022902318
4.6389379e-06
-0.0022901851
0.0022902922
4.9956104e-06
0.0022903666
5.3701657e-06
0.0022904549
5.7611293e-06
0.0022905568
6.1662524e-06
0.0022906713
6.5828476e-06
0.0022907975
7.0082773e-06
0.0022909339
7.4401323e-06
0.0022910791
7.8762212e-06
0.0022912318
8.3145581e-06
0.0022913905
8.7533855e-06
0.0022915539
9.1911854e-06
0.0022917209
9.6266513e-06
0.0022918902
1.0058636e-05
0.002292061
1.0486106e-05
0.0022922322
1.0908109e-05
0.0022924029
1.1323773e-05
1.1732301e-05
0.0023668125
-0.002366766
0.0023668718
0.0023669444
0.0023670303
0.0023671292
0.0023672405
0.0023673633
0.0023674964
0.0023676386
0.0023677885
0.002367945
0.0023681066
0.0023682723
0.0023684408
0.0023686113
0.0023687826
0.002368954
0.0013987717
7.1731779e-06
0.0013983748
7.9854355e-06
0.0013980987
8.4479276e-06
0.0013979843
8.2542667e-06
7.3813011e-06
0.0014472091
2.1400004e-06
0.0014470439
2.3972583e-06
0.0014467429
4.4256022e-06
0.0014463662
5.6666948e-06
0.0014459429
6.6690417e-06
0.0014455093
7.6068216e-06
0.0014451267
8.3680586e-06
0.0014448715
8.7030783e-06
0.0014447729
8.3529161e-06
7.36139e-06
0.0014955336
2.292223e-06
0.001495363
2.5678466e-06
0.0014950536
4.7349957e-06
0.0014946686
6.0517003e-06
0.0014942404
7.0971828e-06
0.0014938103
8.0369356e-06
0.0014934426
8.7357861e-06
0.0014932075
8.9381448e-06
0.0014931231
8.4373471e-06
7.3380741e-06
0.0015454717
2.4487878e-06
0.0015452955
2.7440404e-06
0.0015449777
5.0527938e-06
0.0015445847
6.4447778e-06
0.0015441525
7.5293634e-06
0.0015437271
8.4623655e-06
0.0015433747
9.0881265e-06
0.0015431588
9.1540241e-06
0.0015430873
8.5089011e-06
7.3116876e-06
0.0015970775
2.6097052e-06
0.0015968955
2.9260405e-06
0.0015965693
5.379017e-06
0.0015961685
6.8456011e-06
0.0015957331
7.964737e-06
0.0015953135
8.8819907e-06
0.0015949769
9.4247012e-06
0.0015947793
9.351607e-06
0.0015947195
8.5687537e-06
7.2825202e-06
0.0016504066
2.7749696e-06
0.0016502186
3.1140561e-06
0.001649884
5.7136588e-06
0.0016494758
7.2537889e-06
0.0016490381
8.402411e-06
0.0016486254
9.2947317e-06
0.0016483049
9.7452349e-06
0.0016481247
9.5317687e-06
0.0016480755
8.617939e-06
7.250823e-06
0.0017055166
2.9445578e-06
0.0017053224
3.3083068e-06
0.0017049794
6.056684e-06
0.0017045643
7.6689028e-06
0.0017041252
8.8414523e-06
0.0017037204
9.6995571e-06
0.0017034161
1.0049548e-05
0.0017032525
9.6953619e-06
0.001703213
8.6573697e-06
7.2168127e-06
0.001762467
3.1184253e-06
0.0017622663
3.5090232e-06
0.001761915
6.4080252e-06
0.0017614934
8.0904464e-06
0.001761054
9.2808932e-06
0.001760658
1.0095489e-05
0.00176037
1.0337545e-05
0.0017602222
9.8432119e-06
0.0017601917
8.6878536e-06
7.1806765e-06
0.0018213192
3.2965042e-06
0.0018211118
3.7164485e-06
0.0018207522
6.7675807e-06
0.0018203248
8.5178649e-06
0.001819886
9.7197373e-06
0.0018194999
1.0481609e-05
0.0018192282
1.0609208e-05
0.0018190953
9.9761126e-06
0.001819073
8.7101086e-06
7.1425763e-06
0.0018821368
3.4786992e-06
0.0018819224
3.9308408e-06
0.0018815548
7.1352108e-06
0.0018811221
8.950545e-06
0.0018806849
1.0156967e-05
0.0018803094
1.0857062e-05
0.001880054
1.086459e-05
0.0018799353
1.0094824e-05
0.0018799207
8.7247742e-06
7.1026518e-06
0.0019449854
3.664884e-06
0.0019447638
4.152475e-06
0.0019443882
7.510736e-06
0.001943951
9.3878156e-06
0.0019435164
1.0591548e-05
0.0019431524
1.1221056e-05
0.0019429132
1.1103801e-05
0.0019428079
1.0200072e-05
0.0019428003
8.7324218e-06
7.061024e-06
0.0020099329
3.8548974e-06
0.0020097037
4.3816459e-06
0.0020093205
7.8939331e-06
0.0020088794
9.8289486e-06
0.0020084485
1.1022439e-05
0.0020080967
1.157287e-05
0.0020078735
1.1327005e-05
0.002007781
1.0292545e-05
0.0020077799
8.7335631e-06
7.0177982e-06
0.0020770494
4.048538e-06
0.0020768124
4.6186714e-06
0.0020764218
8.2845332e-06
0.0020759775
1.0273161e-05
0.0020755514
1.1448599e-05
0.0020752124
1.191185e-05
0.002075005
1.1534411e-05
0.0020749246
1.0372899e-05
0.0020749295
8.7286579e-06
6.973066e-06
0.0021464073
4.2455595e-06
0.0021461621
4.8638972e-06
0.0021457644
8.6822179e-06
0.0021453179
1.0719618e-05
0.0021448975
1.186899e-05
0.002144572
1.2237414e-05
0.0021443801
1.1726268e-05
0.0021443113
1.0441752e-05
0.0021443218
8.71812e-06
6.9269076e-06
0.0022180816
4.4456644e-06
0.0022178278
5.1177017e-06
0.0022174234
9.086617e-06
0.0022169756
1.1167434e-05
0.002216562
1.2282591e-05
0.0022162503
1.2549049e-05
0.0022160738
1.1902857e-05
0.0022160158
1.0499689e-05
0.0022160316
8.7023228e-06
6.8793937e-06
0.0022921496
4.6484979e-06
0.0022918868
5.3805026e-06
0.0022914761
9.4973045e-06
0.0022910279
1.1615678e-05
0.0022906221
1.2688396e-05
0.0022903248
1.2846309e-05
0.0022901632
1.2064484e-05
0.0022901156
1.0547264e-05
0.0022901363
8.6816041e-06
6.8305865e-06
0.0023686913
0.0023684191
0.0023680026
0.0023675549
0.0023671579
0.0023668754
0.0023667284
0.0023666906
0.002366716
)
;

boundaryField
{
    inlet
    {
        type            calculated;
        value           nonuniform List<scalar> 
16
(
-0.001447357
-0.0014956858
-0.0015456283
-0.0015972384
-0.0016505719
-0.0017056862
-0.0017626409
-0.0018214973
-0.001882319
-0.0019451716
-0.0020101229
-0.002077243
-0.0021466043
-0.0022182817
-0.0022923524
-0.0023688965
)
;
    }
    top
    {
        type            calculated;
        value           nonuniform List<scalar> 0();
    }
    outlet
    {
        type            calculated;
        value           nonuniform List<scalar> 0();
    }
    slipsurface
    {
        type            calculated;
        value           nonuniform List<scalar> 0();
    }
    bottom
    {
        type            calculated;
        value           nonuniform List<scalar> 0();
    }
    frontandback
    {
        type            empty;
    }
    procBoundary6to2
    {
        type            processor;
        value           nonuniform List<scalar> 
28
(
4.5924563e-06
4.9362582e-06
5.2975811e-06
5.6752387e-06
6.0673315e-06
6.4715337e-06
6.8855033e-06
7.3070316e-06
7.7340441e-06
8.1646073e-06
8.5969628e-06
9.0295495e-06
9.4609917e-06
9.890064e-06
1.0315657e-05
1.0736757e-05
1.1152432e-05
1.1561843e-05
4.8536384e-06
5.6527739e-06
9.9137998e-06
1.206338e-05
1.308543e-05
1.3128816e-05
1.2211478e-05
1.0584998e-05
8.6562699e-06
6.7805416e-06
)
;
    }
    procBoundary6to4
    {
        type            processor;
        value           nonuniform List<scalar> 
17
(
0.0014007856
0.0014475518
0.0014958798
0.0015458215
0.0015974311
0.0016507642
0.0017058785
0.0017628335
0.0018216907
0.0018825138
0.0019453684
0.0020103224
0.0020774461
0.0021468119
0.0022184949
0.0022925724
0.0023691244
)
;
    }
    procBoundary6to7
    {
        type            processor;
        value           nonuniform List<scalar> 
29
(
-5.4833384e-06
-6.2440956e-06
-6.9892184e-06
-7.6882818e-06
-8.3340476e-06
-8.9338232e-06
-9.4953873e-06
-1.0021769e-05
-1.0516424e-05
-1.0986013e-05
-1.1437093e-05
-1.1873488e-05
-1.2296824e-05
-1.2707534e-05
-1.3105236e-05
-1.3489165e-05
-1.3858648e-05
-1.421318e-05
-6.7371812e-06
-7.5885277e-06
-8.1718017e-06
-8.1398631e-06
-7.3974237e-06
-1.9920932e-06
-2.2320769e-06
-4.1245644e-06
-5.2900323e-06
-0.0013992077
-6.2457361e-06
)
;
    }
}


// ************************************************************************* //
