/*--------------------------------*- C++ -*----------------------------------*\
  =========                 |
  \\      /  F ield         | OpenFOAM: The Open Source CFD Toolbox
   \\    /   O peration     | Website:  https://openfoam.org
    \\  /    A nd           | Version:  12
     \\/     M anipulation  |
\*---------------------------------------------------------------------------*/
FoamFile
{
    format      ascii;
    class       volScalarField;
    location    "1100";
    object      k;
}
// * * * * * * * * * * * * * * * * * * * * * * * * * * * * * * * * * * * * * //

dimensions      [0 2 -2 0 0 0 0];

internalField   nonuniform List<scalar> 
822
(
0.00014430962
0.00014422945
0.00014414724
0.00014406292
0.00014397639
0.00014388755
0.00014379631
0.00014370257
0.00014360622
0.00014350714
0.00014340522
0.00014330031
0.00014319228
0.00014308097
0.00014296621
0.00014284782
0.00014272561
0.00014470258
0.00014462925
0.00014455427
0.00014447753
0.00014439893
0.00014431838
0.00014423578
0.00014415104
0.00014406408
0.00014397477
0.00014388303
0.00014378873
0.00014369176
0.000143592
0.00014348929
0.0001433835
0.00014327448
0.00014316204
0.00014304601
0.0001429262
0.0001428024
0.00014267437
0.00014254187
0.00014240464
0.0001422624
0.00014211483
0.00014196159
0.00014180233
0.00014163664
0.00014146409
0.00014128421
0.00014109648
0.00014090032
0.00014069513
0.0001404802
0.00014488206
0.00014481114
0.00014473865
0.0001446645
0.0001445886
0.00014451087
0.00014443122
0.00014434955
0.00014426577
0.00014417978
0.00014409149
0.00014400077
0.00014390753
0.00014381162
0.00014371292
0.00014361129
0.00014350659
0.00014339865
0.00014328729
0.00014317234
0.00014305359
0.00014293083
0.00014280384
0.00014267235
0.00014253611
0.00014239481
0.00014224815
0.00014209578
0.00014193733
0.00014177238
0.00014160051
0.00014142122
0.00014123397
0.00014103819
0.00014083324
0.00014501142
0.00014494226
0.00014487158
0.00014479929
0.00014472534
0.00014464963
0.00014457207
0.0001444926
0.0001444111
0.00014432749
0.00014424167
0.00014415352
0.00014406295
0.00014396982
0.00014387401
0.00014377538
0.0001436738
0.0001435691
0.00014346113
0.0001433497
0.00014323462
0.00014311569
0.0001429927
0.00014286539
0.00014273352
0.0001425968
0.00014245494
0.0001423076
0.00014215445
0.00014199507
0.00014182907
0.00014165597
0.00014147527
0.00014128642
0.00014108882
0.00014509989
0.00014503194
0.0001449625
0.0001448915
0.00014481886
0.00014474453
0.00014466841
0.00014459042
0.00014451047
0.00014442848
0.00014434433
0.00014425794
0.00014416918
0.00014407795
0.00014398411
0.00014388754
0.0001437881
0.00014368564
0.00014357999
0.00014347098
0.00014335843
0.00014324215
0.00014312192
0.0001429975
0.00014286865
0.00014273511
0.00014259658
0.00014245275
0.00014230327
0.00014214778
0.00014198587
0.0001418171
0.00014164098
0.00014145698
0.00014126453
0.00014515716
0.00014509
0.00014502136
0.00014495119
0.00014487942
0.00014480597
0.00014473077
0.00014465374
0.00014457479
0.00014449383
0.00014441076
0.00014432549
0.00014423791
0.00014414789
0.00014405533
0.00014396009
0.00014386203
0.00014376101
0.00014365687
0.00014354944
0.00014343854
0.00014332398
0.00014320555
0.00014308302
0.00014295615
0.00014282469
0.00014268834
0.00014254681
0.00014239975
0.00014224682
0.0001420876
0.00014192168
0.00014174858
0.00014156779
0.00014137875
0.00014519265
0.00014512598
0.00014505785
0.0001449882
0.00014491696
0.00014484406
0.00014476943
0.00014469298
0.00014461464
0.00014453431
0.00014445191
0.00014436733
0.00014428046
0.0001441912
0.00014409941
0.00014400499
0.00014390778
0.00014380765
0.00014370444
0.00014359799
0.00014348811
0.00014337461
0.00014325729
0.00014313593
0.00014301029
0.00014288012
0.00014274513
0.00014260502
0.00014245947
0.00014230812
0.00014215059
0.00014198644
0.00014181523
0.00014163644
0.00014144952
0.00014521448
0.00014514812
0.0001450803
0.00014501097
0.00014494006
0.0001448675
0.00014479321
0.00014471712
0.00014463915
0.00014455921
0.0001444772
0.00014439304
0.0001443066
0.00014421779
0.00014412647
0.00014403254
0.00014393585
0.00014383625
0.0001437336
0.00014362773
0.00014351846
0.0001434056
0.00014328896
0.0001431683
0.0001430434
0.000142914
0.00014277983
0.00014264058
0.00014249594
0.00014234554
0.00014218902
0.00014202594
0.00014185586
0.00014167827
0.00014149263
0.00014522859
0.00014516243
0.00014509482
0.0001450257
0.000144955
0.00014488265
0.00014480859
0.00014473273
0.000144655
0.0001445753
0.00014449355
0.00014440964
0.00014432348
0.00014423494
0.00014414392
0.00014405029
0.00014395392
0.00014385466
0.00014375235
0.00014364684
0.00014353795
0.00014342549
0.00014330927
0.00014318905
0.0001430646
0.00014293568
0.00014280201
0.00014266329
0.0001425192
0.00014236939
0.00014221348
0.00014205106
0.00014188166
0.00014170481
0.00014151994
0.00014523859
0.00014517258
0.00014510512
0.00014503615
0.00014496561
0.00014489342
0.00014481952
0.00014474382
0.00014466625
0.00014458673
0.00014450515
0.00014442142
0.00014433545
0.00014424711
0.00014415629
0.00014406287
0.00014396671
0.00014386767
0.0001437656
0.00014366034
0.0001435517
0.00014343951
0.00014332356
0.00014320363
0.00014307949
0.00014295089
0.00014281755
0.00014267918
0.00014253546
0.00014238604
0.00014223053
0.00014206854
0.0001418996
0.00014172321
0.00014153885
0.0001452464
0.0001451805
0.00014511316
0.00014504431
0.00014497388
0.00014490182
0.00014482804
0.00014475248
0.00014467504
0.00014459564
0.0001445142
0.00014443062
0.00014434479
0.00014425659
0.00014416593
0.00014407267
0.00014397667
0.00014387781
0.00014377591
0.00014367083
0.00014356239
0.00014345039
0.00014333465
0.00014321494
0.00014309102
0.00014296266
0.00014282956
0.00014269145
0.000142548
0.00014239886
0.00014224365
0.00014208197
0.00014191335
0.00014173731
0.00014155331
0.00014525286
0.00014518706
0.00014511982
0.00014505106
0.00014498074
0.00014490878
0.00014483511
0.00014475965
0.00014468232
0.00014460304
0.00014452171
0.00014443824
0.00014435252
0.00014426446
0.00014417392
0.00014408078
0.00014398492
0.00014388619
0.00014378444
0.00014367951
0.00014357122
0.00014345938
0.0001433438
0.00014322426
0.00014310053
0.00014297235
0.00014283945
0.00014270154
0.0001425583
0.00014240938
0.00014225441
0.00014209297
0.00014192461
0.00014174885
0.00014156513
0.00014525844
0.00014519272
0.00014512556
0.00014505689
0.00014498666
0.00014491478
0.0001448412
0.00014476583
0.0001446886
0.00014460941
0.00014452818
0.00014444481
0.0001443592
0.00014427124
0.00014418081
0.00014408778
0.00014399204
0.00014389342
0.0001437918
0.00014368699
0.00014357883
0.00014346713
0.00014335169
0.00014323229
0.00014310871
0.00014298069
0.00014284795
0.00014271021
0.00014256715
0.00014241842
0.00014226364
0.00014210241
0.00014193426
0.00014175872
0.00014157524
0.00014526335
0.0001451977
0.00014513061
0.00014506202
0.00014499186
0.00014492006
0.00014484656
0.00014477127
0.00014469412
0.00014461502
0.00014453387
0.00014445059
0.00014436507
0.0001442772
0.00014418686
0.00014409394
0.00014399829
0.00014389978
0.00014379826
0.00014369356
0.00014358551
0.00014347393
0.00014335861
0.00014323934
0.00014311588
0.000142988
0.0001428554
0.00014271781
0.0001425749
0.00014242633
0.00014227172
0.00014211065
0.00014194269
0.00014176734
0.00014158406
0.00014526778
0.0001452022
0.00014513517
0.00014506665
0.00014499656
0.00014492483
0.0001448514
0.00014477618
0.00014469911
0.00014462008
0.00014453901
0.00014445581
0.00014437037
0.00014428258
0.00014419233
0.00014409949
0.00014400394
0.00014390552
0.00014380409
0.00014369949
0.00014359154
0.00014348007
0.00014336486
0.0001432457
0.00014312236
0.00014299459
0.00014286213
0.00014272466
0.00014258189
0.00014243346
0.00014227899
0.00014211808
0.00014195028
0.0001417751
0.000141592
0.00014527182
0.00014520629
0.00014513933
0.00014507086
0.00014500083
0.00014492917
0.0001448558
0.00014478065
0.00014470364
0.00014462468
0.00014454369
0.00014446056
0.00014437519
0.00014428748
0.00014419731
0.00014410455
0.00014400907
0.00014391074
0.0001438094
0.00014370488
0.00014359703
0.00014348564
0.00014337053
0.00014325147
0.00014312824
0.00014300058
0.00014286822
0.00014273088
0.00014258823
0.00014243992
0.00014228558
0.00014212481
0.00014195715
0.00014178212
0.00014159917
0.00014527558
0.00014521011
0.0001451432
0.00014507479
0.00014500482
0.00014493322
0.00014485991
0.00014478482
0.00014470787
0.00014462898
0.00014454805
0.00014446498
0.00014437969
0.00014429204
0.00014420194
0.00014410926
0.00014401386
0.00014391561
0.00014381434
0.00014370992
0.00014360215
0.00014349085
0.00014337583
0.00014325686
0.00014313373
0.00014300617
0.00014287392
0.00014273668
0.00014259414
0.00014244595
0.00014229174
0.00014213109
0.00014196356
0.00014178867
0.00014160587
0.00014527912
0.00014521369
0.00014514683
0.00014507848
0.00014500856
0.00014493701
0.00014486375
0.00014478872
0.00014471183
0.000144633
0.00014455213
0.00014446913
0.00014438389
0.00014429632
0.00014420628
0.00014411367
0.00014401834
0.00014392016
0.00014381897
0.00014371462
0.00014360693
0.00014349571
0.00014338078
0.0001432619
0.00014313885
0.00014301139
0.00014287923
0.00014274209
0.00014259965
0.00014245157
0.00014229747
0.00014213694
0.00014196953
0.00014179476
0.00014161209
0.00014528248
0.0001452171
0.00014515029
0.00014508199
0.00014501212
0.00014494062
0.00014486742
0.00014479244
0.00014471561
0.00014463683
0.00014455602
0.00014447308
0.0001443879
0.00014430039
0.00014421042
0.00014411787
0.00014402261
0.0001439245
0.00014382339
0.00014371911
0.0001436115
0.00014350036
0.0001433855
0.00014326671
0.00014314375
0.00014301638
0.00014288431
0.00014274727
0.00014260493
0.00014245695
0.00014230296
0.00014214254
0.00014197525
0.0001418006
0.00014161806
0.00014528572
0.00014522039
0.00014515363
0.00014508537
0.00014501555
0.0001449441
0.00014487095
0.00014479602
0.00014471924
0.00014464052
0.00014455976
0.00014447688
0.00014439176
0.00014430431
0.0001442144
0.00014412192
0.00014402672
0.00014392868
0.00014382763
0.00014372342
0.00014361588
0.00014350482
0.00014339004
0.00014327133
0.00014314845
0.00014302116
0.00014288918
0.00014275223
0.00014260998
0.0001424621
0.00014230821
0.00014214789
0.00014198071
0.00014180618
0.00014162375
0.00014528882
0.00014522354
0.00014515682
0.0001450886
0.00014501883
0.00014494743
0.00014487433
0.00014479946
0.00014472273
0.00014464406
0.00014456335
0.00014448053
0.00014439547
0.00014430808
0.00014421823
0.0001441258
0.00014403067
0.00014393269
0.00014383171
0.00014372758
0.00014362011
0.00014350912
0.00014339442
0.00014327578
0.00014315298
0.00014302578
0.00014289389
0.00014275703
0.00014261487
0.00014246709
0.0001423133
0.00014215309
0.00014198601
0.00014181159
0.00014162928
0.00014529188
0.00014522664
0.00014515996
0.00014509179
0.00014502206
0.00014495071
0.00014487765
0.00014480283
0.00014472615
0.00014464753
0.00014456688
0.0001444841
0.0001443991
0.00014431176
0.00014422196
0.0001441296
0.00014403453
0.00014393661
0.00014383569
0.00014373162
0.00014362421
0.0001435133
0.00014339866
0.0001432801
0.00014315738
0.00014303025
0.00014289844
0.00014276166
0.0001426196
0.0001424719
0.0001423182
0.00014215808
0.00014199111
0.00014181679
0.00014163458
0.00014529483
0.00014522963
0.000145163
0.00014509487
0.00014502519
0.00014495388
0.00014488087
0.00014480609
0.00014472946
0.00014465089
0.00014457029
0.00014448757
0.00014440262
0.00014431534
0.0001442256
0.00014413329
0.00014403828
0.00014394043
0.00014383957
0.00014373557
0.00014362823
0.00014351738
0.00014340282
0.00014328433
0.00014316169
0.00014303464
0.00014290291
0.00014276622
0.00014262424
0.00014247664
0.00014232303
0.00014216302
0.00014199614
0.00014182193
0.00014163984
0.00014529798
0.00014523282
0.00014516623
0.00014509815
0.00014502851
0.00014495725
0.00014488429
0.00014480956
0.00014473298
0.00014465446
0.00014457392
0.00014449125
0.00014440635
0.00014431913
0.00014422945
0.0001441372
0.00014404225
0.00014394446
0.00014384367
0.00014373973
0.00014363246
0.00014352168
0.00014340719
0.00014328877
0.00014316621
0.00014303923
0.00014290759
0.00014277098
0.00014262908
0.00014248157
0.00014232805
0.00014216813
0.00014200136
0.00014182725
0.00014164527
)
;

boundaryField
{
    bottom
    {
        Ceps2           1.9;
        type            kLowReWallFunction;
        value           nonuniform List<scalar> 0();
    }
    back
    {
        type            empty;
    }
    front
    {
        type            empty;
    }
    inlet
    {
        type            fixedValue;
        value           nonuniform List<scalar> 0();
    }
    outlet
    {
        type            zeroGradient;
    }
    top
    {
        type            zeroGradient;
    }
    slipsurface
    {
        type            slip;
    }
    procBoundary1to0
    {
        type            processor;
        value           nonuniform List<scalar> 
34
(
0.00014399635
0.00014391176
0.00014382491
0.00014373571
0.00014364407
0.00014354993
0.00014345316
0.00014335369
0.0001432514
0.00014314616
0.00014303786
0.00014292634
0.00014281147
0.00014269306
0.00014257094
0.00014244492
0.00014231479
0.00014259937
0.00014259937
0.00014246888
0.00014233389
0.00014219413
0.00014204934
0.00014189919
0.00014174336
0.00014158148
0.00014141316
0.00014123797
0.00014105544
0.00014086507
0.00014066628
0.00014045848
0.00014024098
0.00014001304
)
;
    }
    procBoundary1to2
    {
        type            processor;
        value           nonuniform List<scalar> 
23
(
0.00014025479
0.0001406184
0.00014088178
0.00014106297
0.00014118082
0.00014125386
0.00014129833
0.00014132646
0.00014134591
0.00014136076
0.00014137287
0.00014138323
0.00014139226
0.00014140038
0.00014140772
0.00014141456
0.00014142093
0.00014142702
0.00014143284
0.0001414385
0.00014144391
0.00014144928
0.00014145483
)
;
    }
    procBoundary1to6
    {
        type            processor;
        value           nonuniform List<scalar> 3(0.00014446439 0.00014438789 0.00014438789);
    }
    procBoundary1to7
    {
        type            processor;
        value           nonuniform List<scalar> 
23
(
0.00014477435
0.00014495148
0.00014507913
0.00014516641
0.00014522291
0.00014525792
0.00014527945
0.00014529335
0.00014530322
0.00014531091
0.00014531728
0.00014532277
0.00014532761
0.00014533198
0.00014533596
0.00014533968
0.00014534316
0.00014534647
0.00014534967
0.00014535273
0.00014535575
0.00014535866
0.00014536176
)
;
    }
}


// ************************************************************************* //
