/*--------------------------------*- C++ -*----------------------------------*\
  =========                 |
  \\      /  F ield         | OpenFOAM: The Open Source CFD Toolbox
   \\    /   O peration     | Website:  https://openfoam.org
    \\  /    A nd           | Version:  12
     \\/     M anipulation  |
\*---------------------------------------------------------------------------*/
FoamFile
{
    format      ascii;
    class       volScalarField;
    location    "1400";
    object      nut;
}
// * * * * * * * * * * * * * * * * * * * * * * * * * * * * * * * * * * * * * //

dimensions      [0 2 -1 0 0 0 0];

internalField   nonuniform List<scalar> 
1745
(
1.8779827e-05
1.9553915e-05
2.1495966e-05
2.2707495e-05
2.3298863e-05
2.3506262e-05
2.3491681e-05
2.3397426e-05
2.3282047e-05
2.3161494e-05
2.3041181e-05
2.2922182e-05
2.2804395e-05
2.2687456e-05
2.2571e-05
2.2454733e-05
2.2338443e-05
2.222199e-05
2.2105272e-05
2.19882e-05
2.1870706e-05
2.1752733e-05
2.163423e-05
2.1515148e-05
2.139544e-05
2.127506e-05
2.1153965e-05
2.1032103e-05
2.0909415e-05
2.0785828e-05
2.0661259e-05
2.0535623e-05
2.0408838e-05
2.028083e-05
2.0151527e-05
2.0020861e-05
1.9888766e-05
1.9755184e-05
1.9408701e-05
2.0181151e-05
2.2200605e-05
2.3454223e-05
2.404638e-05
2.4244879e-05
2.4224623e-05
2.4131305e-05
2.4019604e-05
2.3903262e-05
2.3786794e-05
2.3671004e-05
2.3555755e-05
2.3440736e-05
2.3325649e-05
2.321027e-05
2.3094448e-05
2.2978099e-05
2.2861175e-05
2.2743629e-05
2.2625434e-05
2.2506564e-05
2.2386998e-05
2.2266711e-05
2.2145681e-05
2.2023882e-05
2.1901288e-05
2.1777866e-05
2.1653572e-05
2.1528346e-05
2.1402118e-05
2.1274808e-05
2.114634e-05
2.1016641e-05
2.0885643e-05
2.075328e-05
2.0619489e-05
2.048422e-05
2.0060234e-05
2.0823038e-05
2.292681e-05
2.4221558e-05
2.4822381e-05
2.5020213e-05
2.4997692e-05
2.4905051e-05
2.4795495e-05
2.4681618e-05
2.4567413e-05
2.4453488e-05
2.4339657e-05
2.4225623e-05
2.4111126e-05
2.3995977e-05
2.3880064e-05
2.3763339e-05
2.3645789e-05
2.3527402e-05
2.3408177e-05
2.3288115e-05
2.3167216e-05
2.3045477e-05
2.2922893e-05
2.2799455e-05
2.2675153e-05
2.2549969e-05
2.242387e-05
2.2296811e-05
2.2168731e-05
2.2039558e-05
2.190922e-05
2.1777648e-05
2.1644774e-05
2.1510537e-05
2.1374875e-05
2.1237741e-05
2.0733236e-05
2.1482245e-05
2.367345e-05
2.5012042e-05
2.5631094e-05
2.5837836e-05
2.5816399e-05
2.5723503e-05
2.5613876e-05
2.5500136e-05
2.5386135e-05
2.5272346e-05
2.5158502e-05
2.5044272e-05
2.4929381e-05
2.4813642e-05
2.4696944e-05
2.4579253e-05
2.4460569e-05
2.4340897e-05
2.4220251e-05
2.409865e-05
2.3976105e-05
2.3852629e-05
2.3728228e-05
2.3602907e-05
2.3476667e-05
2.3349499e-05
2.3221384e-05
2.3092284e-05
2.2962149e-05
2.2830914e-05
2.269851e-05
2.2564873e-05
2.2429936e-05
2.2293638e-05
2.2155921e-05
2.2016739e-05
2.1428509e-05
2.2160557e-05
2.4441988e-05
2.5829197e-05
2.6476584e-05
2.6701915e-05
2.6684888e-05
2.6590544e-05
2.6478264e-05
2.6361961e-05
2.6245768e-05
2.6130095e-05
2.6014562e-05
2.5898745e-05
2.5782308e-05
2.5665014e-05
2.5546722e-05
2.5427376e-05
2.5306968e-05
2.5185498e-05
2.5062985e-05
2.4939449e-05
2.4814906e-05
2.4689374e-05
2.4562865e-05
2.4435393e-05
2.4306962e-05
2.4177574e-05
2.4047214e-05
2.3915855e-05
2.3783451e-05
2.3649944e-05
2.3515271e-05
2.3379368e-05
2.3242171e-05
2.3103619e-05
2.2963654e-05
2.2822232e-05
2.2146295e-05
2.2860178e-05
2.5235469e-05
2.6677426e-05
2.7362778e-05
2.7615357e-05
2.7605868e-05
2.7508924e-05
2.7391365e-05
2.7269664e-05
2.7148713e-05
2.7028961e-05
2.6909898e-05
2.6790961e-05
2.6671698e-05
2.6551778e-05
2.6430987e-05
2.6309218e-05
2.6186427e-05
2.6062592e-05
2.5937716e-05
2.5811807e-05
2.5684878e-05
2.5556941e-05
2.5428009e-05
2.5298094e-05
2.5167204e-05
2.5035341e-05
2.4902496e-05
2.4768646e-05
2.4633749e-05
2.4497753e-05
2.4360596e-05
2.4222219e-05
2.4082556e-05
2.3941548e-05
2.3799136e-05
2.3655277e-05
2.28867e-05
2.3584845e-05
2.6057671e-05
2.7560896e-05
2.8292292e-05
2.8579353e-05
2.8580439e-05
2.8480112e-05
2.8354928e-05
2.8225115e-05
2.8096856e-05
2.7970793e-05
2.7846298e-05
2.7722638e-05
2.7599196e-05
2.7475509e-05
2.7351254e-05
2.7226239e-05
2.7100359e-05
2.6973548e-05
2.6845774e-05
2.6717025e-05
2.6587293e-05
2.6456578e-05
2.6324885e-05
2.6192218e-05
2.6058582e-05
2.5923978e-05
2.5788395e-05
2.5651811e-05
2.5514188e-05
2.5375475e-05
2.5235614e-05
2.5094545e-05
2.4952204e-05
2.480853e-05
2.4663463e-05
2.4516961e-05
2.3649652e-05
2.4336382e-05
2.6917664e-05
2.8481838e-05
2.9264601e-05
2.9592591e-05
2.9607828e-05
2.950419e-05
2.9369656e-05
2.9229399e-05
2.9091495e-05
2.8956998e-05
2.8825218e-05
2.8695242e-05
2.8566264e-05
2.8437651e-05
2.830894e-05
2.817983e-05
2.8050128e-05
2.7919703e-05
2.7788476e-05
2.7656395e-05
2.7523424e-05
2.7389542e-05
2.7254734e-05
2.7118992e-05
2.6982312e-05
2.6844687e-05
2.6706103e-05
2.6566535e-05
2.6425944e-05
2.628428e-05
2.6141484e-05
2.5997498e-05
2.5852258e-05
2.5705702e-05
2.5557766e-05
2.5408407e-05
2.4435372e-05
2.5133131e-05
2.7816885e-05
2.9436644e-05
3.0274534e-05
3.0650585e-05
3.0685169e-05
3.05798e-05
3.0435178e-05
3.0282775e-05
3.0133296e-05
2.9988501e-05
2.9847747e-05
2.9709965e-05
2.957415e-05
2.9439485e-05
2.9305344e-05
2.9171293e-05
2.9037035e-05
2.8902355e-05
2.876711e-05
2.8631198e-05
2.8494545e-05
2.8357095e-05
2.821881e-05
2.8079661e-05
2.793963e-05
2.7798698e-05
2.7656842e-05
2.7514031e-05
2.7370223e-05
2.7225366e-05
2.70794e-05
2.6932266e-05
2.67839e-05
2.6634235e-05
2.6483209e-05
2.6330773e-05
2.5244246e-05
2.5986891e-05
2.8745687e-05
3.0415709e-05
3.1312653e-05
3.1745799e-05
3.1807527e-05
3.1704169e-05
3.1550071e-05
3.1384693e-05
3.1222295e-05
3.1065736e-05
3.091459e-05
3.0767696e-05
3.0623873e-05
3.0482116e-05
3.034163e-05
3.0201834e-05
3.0062311e-05
2.9922751e-05
2.9782934e-05
2.9642698e-05
2.9501918e-05
2.9360501e-05
2.9218374e-05
2.9075485e-05
2.8931792e-05
2.8787261e-05
2.8641858e-05
2.8495541e-05
2.8348262e-05
2.8199965e-05
2.8050587e-05
2.7900068e-05
2.7748341e-05
2.7595338e-05
2.7440992e-05
2.7285252e-05
2.6076742e-05
2.6903587e-05
2.9692006e-05
3.1406151e-05
3.2367921e-05
3.2868951e-05
3.2968335e-05
3.2873245e-05
3.2711955e-05
3.2533862e-05
3.2357936e-05
3.2188666e-05
3.2026077e-05
3.1869031e-05
3.1716219e-05
3.156647e-05
3.1418822e-05
3.1272548e-05
3.1127106e-05
3.0982079e-05
3.0837165e-05
3.0692131e-05
3.0546798e-05
3.0401023e-05
3.0254697e-05
3.0107735e-05
2.9960071e-05
2.981165e-05
2.9662422e-05
2.9512333e-05
2.9361327e-05
2.9209339e-05
2.9056305e-05
2.8902158e-05
2.874683e-05
2.8590252e-05
2.843235e-05
2.8273072e-05
2.693787e-05
2.7853148e-05
3.0640294e-05
3.2400181e-05
3.3432662e-05
3.4011262e-05
3.4160231e-05
3.408201e-05
3.3917678e-05
3.3728369e-05
3.3539162e-05
3.3356841e-05
3.3182203e-05
3.3014292e-05
3.2851755e-05
3.2693295e-05
3.2537808e-05
3.2384429e-05
3.2232491e-05
3.2081473e-05
3.1930981e-05
3.1780712e-05
3.1630421e-05
3.1479918e-05
3.1329049e-05
3.1177694e-05
3.1025757e-05
3.0873159e-05
3.0719831e-05
3.0565706e-05
3.0410714e-05
3.0254783e-05
3.0097842e-05
2.9939821e-05
2.9780649e-05
2.9620252e-05
2.9458554e-05
2.9295497e-05
2.7827025e-05
2.8827136e-05
3.1611964e-05
3.3405172e-05
3.4506014e-05
3.516693e-05
3.537629e-05
3.5325027e-05
3.5163584e-05
3.4965862e-05
3.4764535e-05
3.4569485e-05
3.4382683e-05
3.4203568e-05
3.4030853e-05
3.3863183e-05
3.369935e-05
3.3538371e-05
3.3379464e-05
3.3222009e-05
3.3065523e-05
3.2909627e-05
3.2754016e-05
3.2598443e-05
3.2442709e-05
3.2286656e-05
3.2130155e-05
3.1973102e-05
3.1815405e-05
3.165698e-05
3.1497746e-05
3.133762e-05
3.1176522e-05
3.1014378e-05
3.0851113e-05
3.0686651e-05
3.052091e-05
3.0353828e-05
2.8792203e-05
2.9839531e-05
3.2628467e-05
3.443807e-05
3.5594992e-05
3.63352e-05
3.6611576e-05
3.6597198e-05
3.6445884e-05
3.624378e-05
3.6032394e-05
3.5825606e-05
3.5627037e-05
3.5436771e-05
3.5253734e-05
3.50766e-05
3.4904106e-05
3.4735183e-05
3.4568958e-05
3.4404716e-05
3.4241896e-05
3.4080045e-05
3.3918797e-05
3.3757849e-05
3.3596959e-05
3.3435925e-05
3.3274588e-05
3.3112813e-05
3.2950487e-05
3.2787507e-05
3.2623778e-05
3.2459204e-05
3.2293698e-05
3.2127181e-05
3.1959573e-05
3.1790794e-05
3.1620759e-05
3.1449399e-05
2.9875559e-05
3.0901701e-05
3.3682621e-05
3.551171e-05
3.6710957e-05
3.752052e-05
3.7864387e-05
3.7894644e-05
3.7761108e-05
3.7559614e-05
3.7341033e-05
3.7124129e-05
3.691468e-05
3.6713709e-05
3.6520524e-05
3.6333925e-05
3.6152661e-05
3.5975619e-05
3.5801858e-05
3.563059e-05
3.5461183e-05
3.529312e-05
3.5125974e-05
3.4959394e-05
3.4793089e-05
3.4626821e-05
3.4460395e-05
3.4293648e-05
3.4126444e-05
3.3958662e-05
3.379019e-05
3.362092e-05
3.3450758e-05
3.3279616e-05
3.3107412e-05
3.2934062e-05
3.2759476e-05
3.2583582e-05
3.0983641e-05
3.1980927e-05
3.4782941e-05
3.6635147e-05
3.7864067e-05
3.8730213e-05
3.9136503e-05
3.9215428e-05
3.9106594e-05
3.8911196e-05
3.8688895e-05
3.846403e-05
3.8245031e-05
3.8034168e-05
3.7831309e-05
3.7635496e-05
3.7445562e-05
3.7260397e-05
3.7079026e-05
3.6900609e-05
3.6724458e-05
3.6550002e-05
3.6376761e-05
3.6204339e-05
3.6032404e-05
3.5860679e-05
3.5688936e-05
3.5516988e-05
3.5344672e-05
3.5171849e-05
3.4998393e-05
3.4824185e-05
3.4649118e-05
3.4473102e-05
3.4296047e-05
3.4117868e-05
3.3938473e-05
3.3757784e-05
3.2060446e-05
3.3074641e-05
3.5940742e-05
3.7808993e-05
3.9059849e-05
3.9971523e-05
4.0432204e-05
4.0559853e-05
4.0480924e-05
4.0296964e-05
4.0074757e-05
3.9844478e-05
3.9617621e-05
3.9397993e-05
3.918621e-05
3.898167e-05
3.8783365e-05
3.8590242e-05
3.8401327e-05
3.8215756e-05
3.8032801e-05
3.7851851e-05
3.7672384e-05
3.7493965e-05
3.7316225e-05
3.7138855e-05
3.6961596e-05
3.6784235e-05
3.6606589e-05
3.6428501e-05
3.6249829e-05
3.6070444e-05
3.589023e-05
3.5709089e-05
3.552693e-05
3.5343664e-05
3.5159196e-05
3.4973445e-05
3.3157314e-05
3.4209321e-05
3.7134661e-05
3.9028632e-05
4.030024e-05
4.1249736e-05
4.1756613e-05
4.1930129e-05
4.1884094e-05
4.1716169e-05
4.149789e-05
4.126496e-05
4.1032193e-05
4.0805179e-05
4.058545e-05
4.0372873e-05
4.0166677e-05
3.9965916e-05
3.9769658e-05
3.9577041e-05
3.9387318e-05
3.9199852e-05
3.9014094e-05
3.8829576e-05
3.86459e-05
3.8462731e-05
3.8279784e-05
3.8096823e-05
3.7913646e-05
3.773008e-05
3.754597e-05
3.7361176e-05
3.7175574e-05
3.6989062e-05
3.6801543e-05
3.661293e-05
3.6423124e-05
3.6232041e-05
3.4305071e-05
3.538141e-05
3.8366526e-05
4.0291197e-05
4.1584427e-05
4.2567729e-05
4.3114367e-05
4.3329616e-05
4.3317399e-05
4.316898e-05
4.2958174e-05
4.2725385e-05
4.2488793e-05
4.2255942e-05
4.202942e-05
4.1809664e-05
4.1596207e-05
4.1388266e-05
4.1184984e-05
4.0985529e-05
4.0789162e-05
4.0595233e-05
4.0403178e-05
4.021251e-05
4.0022811e-05
3.9833723e-05
3.9644943e-05
3.9456216e-05
3.9267323e-05
3.9078079e-05
3.8888318e-05
3.869789e-05
3.8506666e-05
3.8314536e-05
3.8121405e-05
3.7927182e-05
3.7731771e-05
3.7535083e-05
3.5503431e-05
3.6593927e-05
3.9639963e-05
4.1593803e-05
4.2910526e-05
4.3926627e-05
4.4509043e-05
4.4762036e-05
4.4783116e-05
4.4656475e-05
4.4456155e-05
4.4226155e-05
4.3987844e-05
4.3750789e-05
4.3518739e-05
4.329278e-05
4.3072811e-05
4.2858254e-05
4.2648364e-05
4.2442369e-05
4.2239554e-05
4.2039279e-05
4.1840977e-05
4.1644154e-05
4.144838e-05
4.1253286e-05
4.1058552e-05
4.0863912e-05
4.0669135e-05
4.0474025e-05
4.0278408e-05
4.0082128e-05
3.988505e-05
3.9687061e-05
3.9488064e-05
3.928797e-05
3.9086683e-05
3.8884114e-05
3.6747078e-05
3.7861338e-05
4.0947696e-05
4.2933459e-05
4.4276906e-05
4.5326697e-05
4.5943182e-05
4.6230913e-05
4.6284098e-05
4.6180488e-05
4.599303e-05
4.5768195e-05
4.5530185e-05
4.5290571e-05
4.5054308e-05
4.482319e-05
4.4597532e-05
4.4376997e-05
4.4160987e-05
4.3948813e-05
4.3739806e-05
4.3533352e-05
4.3328898e-05
4.3125952e-05
4.2924083e-05
4.2722918e-05
4.2522133e-05
4.232145e-05
4.2120634e-05
4.191948e-05
4.1717811e-05
4.1515466e-05
4.1312305e-05
4.1108216e-05
4.0903101e-05
4.0696873e-05
4.0489438e-05
4.0280709e-05
3.8041663e-05
3.9180501e-05
4.2291886e-05
4.4310391e-05
4.5682689e-05
4.6767948e-05
4.7418561e-05
4.7739307e-05
4.7823394e-05
4.7743394e-05
4.7570567e-05
4.735294e-05
4.7117099e-05
4.6876507e-05
4.6637338e-05
4.6402125e-05
4.6171632e-05
4.5945799e-05
4.5724198e-05
4.5506244e-05
4.5291338e-05
4.5078908e-05
4.4868424e-05
4.4659412e-05
4.4451452e-05
4.4244173e-05
4.4037252e-05
4.383041e-05
4.3623408e-05
4.3416041e-05
4.3208129e-05
4.299951e-05
4.2790042e-05
4.2579614e-05
4.2368128e-05
4.2155502e-05
4.1941647e-05
4.1726476e-05
3.940211e-05
4.0547828e-05
4.3680652e-05
4.5726003e-05
4.7127686e-05
4.8250486e-05
4.8936476e-05
4.9289749e-05
4.9403959e-05
4.9347859e-05
4.9190982e-05
4.8982289e-05
4.8750294e-05
4.8510202e-05
4.8269376e-05
4.8031104e-05
4.7796621e-05
4.756617e-05
4.7339513e-05
4.7116194e-05
4.6895696e-05
4.6677504e-05
4.6461129e-05
4.6246123e-05
4.6032085e-05
4.5818658e-05
4.5605525e-05
4.5392414e-05
4.5179088e-05
4.4965343e-05
4.4751001e-05
4.45359e-05
4.4319902e-05
4.4102895e-05
4.3884787e-05
4.3665499e-05
4.3444947e-05
4.322305e-05
4.0840597e-05
4.1966892e-05
4.5113245e-05
4.7181175e-05
4.8612459e-05
4.9774633e-05
5.0497894e-05
5.0884242e-05
5.1028469e-05
5.0996629e-05
5.0856797e-05
5.0658519e-05
5.043187e-05
5.0193627e-05
4.9952301e-05
4.9711938e-05
4.9474264e-05
4.9239839e-05
4.9008638e-05
4.878035e-05
4.8554557e-05
4.8330813e-05
4.8108681e-05
4.7887751e-05
4.7667649e-05
4.744804e-05
4.7228623e-05
4.7009134e-05
4.6789345e-05
4.6569057e-05
4.6348097e-05
4.6126308e-05
4.5903556e-05
4.5679732e-05
4.5454748e-05
4.5228532e-05
4.5001006e-05
4.4772096e-05
4.234775e-05
4.3434528e-05
4.6589674e-05
4.8677334e-05
5.0137987e-05
5.1340892e-05
5.2103562e-05
5.252432e-05
5.2699213e-05
5.269235e-05
5.257068e-05
5.238419e-05
5.2164253e-05
5.1929084e-05
5.1688305e-05
5.1446724e-05
5.1206574e-05
5.0968754e-05
5.0733468e-05
5.0500563e-05
5.0269736e-05
5.0040623e-05
4.9812847e-05
4.9586046e-05
4.9359883e-05
4.9134049e-05
4.8908265e-05
4.8682284e-05
4.8455888e-05
4.8228889e-05
4.8001122e-05
4.7772437e-05
4.7542705e-05
4.7311822e-05
4.7079707e-05
4.6846295e-05
4.6611517e-05
4.6375305e-05
4.3910403e-05
4.4945594e-05
4.811016e-05
5.0216106e-05
5.1705514e-05
5.2949968e-05
5.3754116e-05
5.4211132e-05
5.441808e-05
5.4437454e-05
5.4335306e-05
5.4162015e-05
5.3950105e-05
5.3719141e-05
5.3479847e-05
5.3237811e-05
5.2995799e-05
5.2755069e-05
5.2516075e-05
5.2278838e-05
5.2043181e-05
5.1808834e-05
5.1575489e-05
5.134284e-05
5.1110593e-05
5.0878472e-05
5.0646225e-05
5.0413623e-05
5.0180468e-05
4.9946582e-05
4.9711811e-05
4.9476016e-05
4.9239074e-05
4.9000888e-05
4.8761385e-05
4.8520508e-05
4.8278197e-05
4.8034391e-05
4.5487014e-05
4.6499226e-05
4.967594e-05
5.1799076e-05
5.331649e-05
5.460282e-05
5.5450227e-05
5.5945589e-05
5.6186589e-05
5.623408e-05
5.6153224e-05
5.5994735e-05
5.5792215e-05
5.5566544e-05
5.5329585e-05
5.5087749e-05
5.4844374e-05
5.4601111e-05
5.4358687e-05
5.4117316e-05
5.3876958e-05
5.3637449e-05
5.3398557e-05
5.3160039e-05
5.2921649e-05
5.2683149e-05
5.2444317e-05
5.220495e-05
5.1964866e-05
5.1723905e-05
5.1481926e-05
5.1238799e-05
5.0994412e-05
5.0748676e-05
5.0501523e-05
5.0252909e-05
5.0002782e-05
4.975109e-05
4.7019952e-05
4.8116372e-05
5.1293105e-05
5.3427941e-05
5.4972555e-05
5.630073e-05
5.7192744e-05
5.7728517e-05
5.8005971e-05
5.8084033e-05
5.8026736e-05
5.788497e-05
5.7693352e-05
5.7474097e-05
5.7240276e-05
5.6999206e-05
5.6754861e-05
5.6509331e-05
5.6263647e-05
5.601824e-05
5.5773226e-05
5.552855e-05
5.528407e-05
5.5039609e-05
5.4794972e-05
5.4549965e-05
5.4304399e-05
5.4058096e-05
5.3810896e-05
5.3562657e-05
5.3313251e-05
5.3062562e-05
5.2810487e-05
5.2556947e-05
5.2301881e-05
5.2045254e-05
5.1787026e-05
5.1527155e-05
4.8638055e-05
4.9795495e-05
5.2959225e-05
5.5104288e-05
5.6675923e-05
5.8045388e-05
5.8982778e-05
5.9560769e-05
5.9877224e-05
5.9988735e-05
5.9957755e-05
5.9835035e-05
5.9656095e-05
5.9444503e-05
5.9214649e-05
5.8974867e-05
5.8729862e-05
5.8482233e-05
5.823336e-05
5.7983919e-05
5.7734199e-05
5.7484276e-05
5.7234094e-05
5.6983556e-05
5.6732521e-05
5.6480837e-05
5.622835e-05
5.5974913e-05
5.5720387e-05
5.5464649e-05
5.5207586e-05
5.4949094e-05
5.4689081e-05
5.4427477e-05
5.4164231e-05
5.3899314e-05
5.3632699e-05
5.3364353e-05
5.0355575e-05
5.1514304e-05
5.4670704e-05
5.6829887e-05
5.8429034e-05
5.9838745e-05
6.0821652e-05
6.1443237e-05
6.1801113e-05
6.1949143e-05
6.1947634e-05
6.1846731e-05
6.1682604e-05
6.1480165e-05
6.1255225e-05
6.1017285e-05
6.0771906e-05
6.0522284e-05
6.0270212e-05
6.0016655e-05
5.9762101e-05
5.9506768e-05
5.9250712e-05
5.8993904e-05
5.8736266e-05
5.8477692e-05
5.8218065e-05
5.7957267e-05
5.7695182e-05
5.7431705e-05
5.7166739e-05
5.6900192e-05
5.6631983e-05
5.6362051e-05
5.6090352e-05
5.5816867e-05
5.5541579e-05
5.5264464e-05
6.1598147e-05
6.1335978e-05
6.1072657e-05
6.0808166e-05
6.054245e-05
6.027543e-05
6.0007017e-05
5.9737118e-05
5.9465644e-05
5.9192516e-05
5.8917652e-05
5.8640982e-05
5.8362452e-05
5.8082027e-05
5.7799695e-05
5.7515448e-05
5.7229273e-05
2.6081688e-05
2.5640208e-05
2.5131338e-05
2.4467008e-05
2.3500096e-05
2.2398945e-05
1.967987e-05
1.786139e-05
4.0321389e-05
3.7078227e-05
3.4666702e-05
3.2884039e-05
3.1553711e-05
3.0542122e-05
2.9754129e-05
2.9121598e-05
2.8598547e-05
2.8145529e-05
2.7739885e-05
2.7343502e-05
2.6947027e-05
2.6488137e-05
2.595576e-05
2.52679e-05
2.4254071e-05
2.3135541e-05
2.0383838e-05
1.848161e-05
4.1401847e-05
3.8151117e-05
3.5723527e-05
3.3920679e-05
3.2569518e-05
3.1538323e-05
3.0732632e-05
3.0084226e-05
2.9546812e-05
2.908022e-05
2.8661328e-05
2.8250896e-05
2.7838809e-05
2.7361833e-05
2.6804856e-05
2.6092776e-05
2.503079e-05
2.3895014e-05
2.1123463e-05
1.9128419e-05
4.2511772e-05
3.9253531e-05
3.6810095e-05
3.4987242e-05
3.3615307e-05
3.2564439e-05
3.1740883e-05
3.1076354e-05
3.0524271e-05
3.0043738e-05
2.9611162e-05
2.9186167e-05
2.8757797e-05
2.8262039e-05
2.7679334e-05
2.6942327e-05
2.5830962e-05
2.4677141e-05
2.1888669e-05
1.9806933e-05
4.3651954e-05
4.0386268e-05
3.7927207e-05
3.6084539e-05
3.4691901e-05
3.3621305e-05
3.2779724e-05
3.209883e-05
3.153177e-05
3.1036922e-05
3.0590213e-05
3.0150124e-05
2.9704775e-05
2.9189517e-05
2.8579919e-05
2.7817254e-05
2.6655384e-05
2.5481681e-05
2.2682615e-05
2.0517172e-05
4.4823204e-05
4.155014e-05
3.9075684e-05
3.7213399e-05
3.5800142e-05
3.4709772e-05
3.3850014e-05
3.3152517e-05
3.2570171e-05
3.2060628e-05
3.1599324e-05
3.1143596e-05
3.0680542e-05
3.0145044e-05
2.9507352e-05
2.8718273e-05
2.7504905e-05
2.6309009e-05
2.3505963e-05
2.1259195e-05
4.602635e-05
4.2745983e-05
4.0256363e-05
3.837467e-05
3.6940887e-05
3.5830711e-05
3.4952633e-05
3.4238298e-05
3.3640357e-05
3.3115732e-05
3.2639357e-05
3.2167425e-05
3.1685912e-05
3.1129415e-05
3.0462394e-05
2.964611e-05
2.8380422e-05
2.7159636e-05
2.4358508e-05
2.203363e-05
4.7262241e-05
4.3974647e-05
4.1470099e-05
3.9569215e-05
3.8115012e-05
3.6985008e-05
3.6088475e-05
3.5357072e-05
3.4743225e-05
3.4203125e-05
3.3711191e-05
3.3222474e-05
3.272172e-05
3.2143439e-05
3.1445824e-05
3.0601508e-05
2.9282875e-05
2.8033961e-05
2.5241143e-05
2.2841725e-05
4.8531743e-05
4.5237004e-05
4.2717767e-05
4.0797915e-05
3.932341e-05
3.8173568e-05
3.7258454e-05
3.6509757e-05
3.5879692e-05
3.5323719e-05
3.4815721e-05
3.4309621e-05
3.3788811e-05
3.3187945e-05
3.2458439e-05
3.1585227e-05
3.0213249e-05
2.8932137e-05
2.6156562e-05
2.3685432e-05
4.9835746e-05
4.6533942e-05
4.4000258e-05
4.2061671e-05
4.0566993e-05
3.9397312e-05
3.8463501e-05
3.7697288e-05
3.7050692e-05
3.6478438e-05
3.5953861e-05
3.5429761e-05
3.4888052e-05
3.4263775e-05
3.3501053e-05
3.2598049e-05
3.1172548e-05
2.9853996e-05
2.7110332e-05
2.4566836e-05
5.1175156e-05
4.7866372e-05
4.5318484e-05
4.33614e-05
4.1846687e-05
4.065718e-05
3.9704562e-05
3.8920617e-05
3.8257175e-05
3.7668229e-05
3.7126538e-05
3.6583806e-05
3.6020321e-05
3.5371789e-05
3.4574495e-05
3.3640793e-05
3.2161731e-05
3.0799e-05
2.8113923e-05
2.5484944e-05
5.2550904e-05
4.9235223e-05
4.6673374e-05
4.4698039e-05
4.3163439e-05
4.1954129e-05
4.0982604e-05
4.0180714e-05
3.950011e-05
3.8894052e-05
3.8334699e-05
3.7772681e-05
3.7186514e-05
3.6512862e-05
3.5679614e-05
3.4714327e-05
3.3181591e-05
3.1766334e-05
2.9194363e-05
2.642415e-05
5.396394e-05
5.0641445e-05
4.806588e-05
4.6072541e-05
4.4518213e-05
4.3289131e-05
4.2298608e-05
4.1478563e-05
4.0780482e-05
4.0156884e-05
3.9579305e-05
3.899733e-05
3.8387542e-05
3.7687883e-05
3.6817273e-05
3.5819586e-05
3.4232432e-05
3.2758652e-05
3.0383184e-05
2.7328702e-05
5.5415236e-05
5.2086008e-05
4.949697e-05
4.7485882e-05
4.591199e-05
4.4663179e-05
4.3653573e-05
4.281517e-05
4.2099291e-05
4.1457718e-05
4.0861332e-05
4.025871e-05
3.962433e-05
3.889776e-05
3.7988356e-05
3.6957584e-05
3.5313543e-05
3.379349e-05
3.1495349e-05
2.8247952e-05
5.6905784e-05
5.3569905e-05
5.0967634e-05
4.8939054e-05
4.7345772e-05
4.6077282e-05
4.5048516e-05
4.4191552e-05
4.3457553e-05
4.2797563e-05
4.2181772e-05
4.1557795e-05
4.0897818e-05
4.0143409e-05
3.9193774e-05
3.8129341e-05
3.6424111e-05
3.4894082e-05
3.22694e-05
2.939122e-05
5.8436602e-05
5.5094147e-05
5.2478883e-05
5.0433068e-05
4.8820577e-05
4.7532466e-05
4.6484469e-05
4.5608746e-05
4.4856303e-05
4.4177444e-05
4.3541631e-05
4.289557e-05
4.2208963e-05
4.1425766e-05
4.0434473e-05
3.9335709e-05
3.7566206e-05
3.6047831e-05
3.3077431e-05
3.0650171e-05
6.0008728e-05
5.6659772e-05
5.4031748e-05
5.1968958e-05
5.0337441e-05
4.9029776e-05
4.7962482e-05
4.7067804e-05
4.6296589e-05
4.55984e-05
4.4941931e-05
4.4273038e-05
4.3558734e-05
4.2745774e-05
4.1711444e-05
4.0577314e-05
3.8744598e-05
3.7218948e-05
3.425371e-05
3.1790789e-05
6.1623224e-05
5.8267836e-05
5.5627282e-05
5.3547776e-05
5.1897421e-05
5.0570272e-05
4.9483623e-05
4.8569794e-05
4.7779475e-05
4.7061486e-05
4.6383707e-05
4.5691214e-05
4.4948114e-05
4.4104394e-05
4.3025712e-05
4.1854726e-05
3.9962953e-05
3.8398839e-05
3.5600778e-05
3.2907222e-05
6.3281175e-05
5.9919419e-05
5.726656e-05
5.5170593e-05
5.3501592e-05
5.2155037e-05
5.1048976e-05
5.0115801e-05
4.9306039e-05
4.8567771e-05
4.7868007e-05
4.7151125e-05
4.6378103e-05
4.5502597e-05
4.4378328e-05
4.3168612e-05
4.1222996e-05
3.9599231e-05
3.6952115e-05
3.4079853e-05
6.498369e-05
6.1615625e-05
5.8950677e-05
5.6838504e-05
5.5151049e-05
5.3785167e-05
5.265964e-05
5.1706926e-05
5.0877378e-05
5.0118339e-05
4.9395894e-05
4.8653815e-05
4.7849712e-05
4.6941372e-05
4.5770354e-05
4.4519745e-05
4.2526014e-05
4.0829133e-05
3.8270518e-05
3.5320367e-05
6.67319e-05
6.335758e-05
6.0680755e-05
5.8552625e-05
5.6846907e-05
5.5461779e-05
5.4316735e-05
5.3344285e-05
5.24946e-05
5.1714286e-05
5.0968443e-05
5.0200338e-05
4.9363966e-05
4.8421726e-05
4.7202861e-05
4.5908982e-05
4.3874195e-05
4.208311e-05
3.9571572e-05
3.6608708e-05
6.8526964e-05
6.5146435e-05
6.2457933e-05
6.031409e-05
5.85903e-05
5.7186008e-05
5.6021396e-05
5.5029011e-05
5.415883e-05
5.3356725e-05
5.2586744e-05
5.1791763e-05
5.0921907e-05
4.9944685e-05
4.8676908e-05
4.7337328e-05
4.5270441e-05
4.3338101e-05
4.0864024e-05
3.7939094e-05
7.0370063e-05
6.6983364e-05
6.4283379e-05
6.2124059e-05
6.0382384e-05
5.895901e-05
5.7774775e-05
5.6762253e-05
5.5871206e-05
5.5046781e-05
5.4251897e-05
5.342917e-05
5.2524585e-05
5.15113e-05
5.0193524e-05
4.8806183e-05
4.6715486e-05
4.4600905e-05
4.2167616e-05
3.9325819e-05
7.2262403e-05
6.8869567e-05
6.615828e-05
6.3983712e-05
6.2224333e-05
6.0781956e-05
5.9578043e-05
5.8545176e-05
5.7632884e-05
5.6785593e-05
5.5965018e-05
5.5113653e-05
5.4173068e-05
5.3122645e-05
5.1753689e-05
5.0317572e-05
4.8205318e-05
4.5942629e-05
4.3520035e-05
4.0818501e-05
7.4205216e-05
7.0806267e-05
6.808385e-05
6.5894253e-05
6.4117347e-05
6.2656041e-05
6.1432388e-05
6.0378961e-05
5.9445032e-05
5.8574314e-05
5.7727235e-05
5.6846319e-05
5.5868437e-05
5.4779818e-05
5.335835e-05
5.1873957e-05
4.9734979e-05
4.7395504e-05
4.4954241e-05
4.2479839e-05
7.619976e-05
7.2794713e-05
7.0061325e-05
6.7856909e-05
6.6062642e-05
6.4582476e-05
6.3339016e-05
6.2264806e-05
6.1308833e-05
6.0414111e-05
5.9539686e-05
5.8628287e-05
5.7611789e-05
5.648394e-05
5.5008456e-05
5.3477804e-05
5.1301902e-05
4.8936238e-05
4.6504397e-05
4.4185894e-05
7.8247316e-05
7.4836179e-05
7.2091969e-05
6.9872929e-05
6.8061461e-05
6.6562494e-05
6.5299153e-05
6.4203927e-05
6.3225488e-05
6.2306165e-05
6.1403528e-05
6.046069e-05
5.9404236e-05
5.8236143e-05
5.6705007e-05
5.5131444e-05
5.2902746e-05
5.0575342e-05
4.8207506e-05
4.5871397e-05
8.0349195e-05
7.6931965e-05
7.4177068e-05
7.1943589e-05
7.0115065e-05
6.859735e-05
6.7314042e-05
6.6197554e-05
6.519621e-05
6.4251671e-05
6.3319925e-05
6.2344674e-05
6.124691e-05
6.0037568e-05
5.8449119e-05
5.6836874e-05
5.4531925e-05
5.2378432e-05
5.0082698e-05
4.7477946e-05
8.250673e-05
7.9083397e-05
7.6317933e-05
7.4070185e-05
7.2224741e-05
7.0688317e-05
6.9384945e-05
6.8246935e-05
6.7222229e-05
6.6251836e-05
6.5290059e-05
6.4281396e-05
6.3140965e-05
6.1889351e-05
6.0242112e-05
5.8594938e-05
5.6188976e-05
5.441626e-05
5.2075761e-05
4.9203376e-05
8.4721284e-05
8.1291825e-05
7.8515903e-05
7.6254041e-05
7.4391796e-05
7.283669e-05
7.1513143e-05
7.0353338e-05
6.930479e-05
6.8307884e-05
6.7315123e-05
6.6272029e-05
6.5087572e-05
6.379262e-05
6.2085607e-05
6.040412e-05
5.7896076e-05
5.6438002e-05
5.4043795e-05
5.1127564e-05
)
;

boundaryField
{
    inlet
    {
        type            calculated;
        value           nonuniform List<scalar> 
29
(
4.2317402e-05
4.3394737e-05
4.450167e-05
4.5638984e-05
4.6807484e-05
4.8007992e-05
4.9241351e-05
5.0508423e-05
5.1810092e-05
5.314726e-05
5.4520852e-05
5.5931813e-05
5.7381113e-05
5.886974e-05
6.0398706e-05
6.1969048e-05
6.3581823e-05
6.5238113e-05
6.6939024e-05
6.8685686e-05
7.0479254e-05
7.2320906e-05
7.4211846e-05
7.6153305e-05
7.8146537e-05
8.0192823e-05
8.229347e-05
8.4449812e-05
8.6663209e-05
)
;
    }
    top
    {
        type            calculated;
        value           nonuniform List<scalar> 0();
    }
    outlet
    {
        type            calculated;
        value           nonuniform List<scalar> 0();
    }
    slipsurface
    {
        type            slip;
    }
    bottom
    {
        type            nutkWallFunction;
        Cmu             0.09;
        kappa           0.41;
        E               9.8;
        value           nonuniform List<scalar> 0();
    }
    frontandback
    {
        type            empty;
    }
    procBoundary2to3
    {
        type            processor;
        value           nonuniform List<scalar> 
59
(
5.2048916e-05
5.3280818e-05
5.6430305e-05
5.8605933e-05
6.0234024e-05
6.1682751e-05
6.2710717e-05
6.337671e-05
6.3778054e-05
6.3965602e-05
6.3996958e-05
6.3921076e-05
6.3774356e-05
6.3582937e-05
6.3364117e-05
6.3128716e-05
6.2883306e-05
6.2631799e-05
6.2376489e-05
6.2118683e-05
6.185911e-05
6.185911e-05
6.3760435e-05
6.3491883e-05
6.3221768e-05
6.2950142e-05
6.2677002e-05
6.240231e-05
6.2126006e-05
6.1848019e-05
6.1568279e-05
6.1286719e-05
6.1003269e-05
6.0717869e-05
6.043047e-05
6.0141044e-05
5.9849587e-05
5.9556097e-05
5.9260573e-05
8.6994248e-05
8.3558635e-05
8.0772347e-05
7.8496511e-05
7.6617568e-05
7.5043792e-05
7.3699943e-05
7.251805e-05
7.1445158e-05
7.0421057e-05
6.9396331e-05
6.8317763e-05
6.7087932e-05
6.5748502e-05
6.3981458e-05
6.2261306e-05
5.9684701e-05
5.8202491e-05
5.587946e-05
5.2940453e-05
)
;
    }
    procBoundary2to5
    {
        type            processor;
        value           nonuniform List<scalar> 
31
(
1.9620018e-05
2.0347382e-05
2.1099059e-05
2.1876023e-05
2.2679291e-05
2.3509912e-05
2.4368966e-05
2.525757e-05
2.6176873e-05
2.7128061e-05
2.8112357e-05
2.9131018e-05
3.0185337e-05
3.1276644e-05
3.2406304e-05
3.3575719e-05
3.4786324e-05
3.6039591e-05
3.7337025e-05
3.8680167e-05
4.0070588e-05
4.1509891e-05
4.2999709e-05
4.4541705e-05
4.6137567e-05
4.7789007e-05
4.9497758e-05
5.1265575e-05
5.3094222e-05
5.4985482e-05
5.6941141e-05
)
;
    }
    procBoundary2to13
    {
        type            processor;
        value           nonuniform List<scalar> 
59
(
1.8171348e-05
1.8937567e-05
2.0811848e-05
2.1978164e-05
2.2574046e-05
2.2796922e-05
2.2792005e-05
2.2697824e-05
2.2578226e-05
2.2452474e-05
2.2327317e-05
2.2204215e-05
2.2083119e-05
2.1963606e-05
2.1845221e-05
2.1727587e-05
2.1610414e-05
2.1493492e-05
2.1376658e-05
2.1259769e-05
2.1142714e-05
2.1025396e-05
2.0907732e-05
2.0789643e-05
2.0671056e-05
2.0551903e-05
2.0432118e-05
2.0311632e-05
2.0190366e-05
2.0068235e-05
1.9945144e-05
1.9821002e-05
1.9695723e-05
1.9569232e-05
1.9441453e-05
1.9312314e-05
1.9181745e-05
1.9049682e-05
2.5242046e-05
2.4817321e-05
2.4330901e-05
2.3689424e-05
2.2768313e-05
2.1683591e-05
1.9041598e-05
1.7272949e-05
3.9269626e-05
3.6034085e-05
3.3638838e-05
3.1876531e-05
3.0567083e-05
2.9575022e-05
2.8804551e-05
2.8187648e-05
2.7678655e-05
2.7238849e-05
2.6846027e-05
2.6463196e-05
2.6463196e-05
)
;
    }
}


// ************************************************************************* //
