/*--------------------------------*- C++ -*----------------------------------*\
  =========                 |
  \\      /  F ield         | OpenFOAM: The Open Source CFD Toolbox
   \\    /   O peration     | Website:  https://openfoam.org
    \\  /    A nd           | Version:  12
     \\/     M anipulation  |
\*---------------------------------------------------------------------------*/
FoamFile
{
    format      ascii;
    class       labelList;
    location    "constant/polyMesh";
    object      pointProcAddressing;
}
// * * * * * * * * * * * * * * * * * * * * * * * * * * * * * * * * * * * * * //


1748
(
5254
5255
5256
5257
5258
5259
5260
5261
5262
5263
5264
5265
5267
5268
5269
5270
5271
5275
5279
5281
5339
5349
5357
5361
5368
5430
5431
5432
5433
5434
5435
5436
5437
5438
5439
5440
5443
5445
5446
5447
5450
5452
5454
5458
5461
5465
5470
5473
5478
5489
5544
5545
5546
5547
5548
5549
5550
5551
5553
5554
5555
5557
5558
5559
5560
5562
5563
5564
5566
5568
5571
5573
5578
5580
5591
5642
5643
5644
5645
5646
5647
5648
5650
5651
5652
5653
5654
5656
5657
5658
5660
5662
5663
5665
5668
5672
5673
5675
5679
5684
5740
5741
5742
5743
5744
5745
5746
5747
5748
5749
5750
5752
5754
5755
5756
5757
5758
5760
5762
5764
5765
5769
5834
5844
5851
5921
5922
5923
5924
5925
5926
5928
5929
5930
5931
5932
5934
5936
5937
5938
5939
5941
5946
5947
5950
5954
5957
5961
5967
5973
6036
6037
6038
6039
6040
6041
6042
6043
6044
6045
6046
6047
6048
6049
6051
6053
6054
6057
6058
6060
6062
6065
6068
6070
6075
6137
6138
6139
6140
6141
6142
6143
6144
6145
6146
6147
6148
6149
6150
6151
6153
6154
6155
6159
6161
6162
6165
6168
6171
6174
6236
6237
6238
6239
6240
6241
6242
6243
6244
6245
6247
6248
6249
6250
6251
6252
6253
6255
6256
6257
6261
6262
6265
6268
6333
6419
6421
6422
6423
6424
6425
6426
6428
6429
6430
6431
6432
6433
6434
6435
6437
6439
6440
6443
6446
6450
6455
6458
6463
6467
6537
6538
6539
6540
6541
6542
6543
6544
6545
6546
6548
6549
6550
6551
6552
6553
6554
6556
6557
6560
6562
6565
6570
6572
6574
6640
6641
6642
6643
6644
6645
6646
6647
6648
6649
6650
6653
6654
6655
6656
6657
6658
6659
6660
6662
6664
6667
6669
6673
6675
6738
6739
6740
6741
6743
6744
6745
6746
6747
6748
6749
6750
6751
6752
6753
6755
6757
6758
6759
6761
6764
6766
6768
6770
6774
6927
6928
6929
6930
6931
6932
6933
6934
6935
6936
6937
6938
6940
6941
6942
6944
6945
6947
6950
6951
6953
6957
6962
6967
6970
7044
7045
7046
7047
7048
7049
7050
7051
7052
7054
7055
7056
7058
7059
7061
7062
7064
7066
7069
7070
7071
7075
7077
7079
7084
7153
7154
7155
7156
7157
7158
7159
7160
7161
7162
7163
7164
7166
7167
7169
7170
7171
7172
7173
7175
7177
7178
7181
7182
7187
7254
7255
7256
7257
7259
7260
7261
7262
7263
7264
7265
7266
7267
7268
7269
7270
7271
7272
7274
7275
7276
7278
7280
7284
7287
7371
7372
7373
7374
7375
7376
7377
7378
7379
7380
7381
7382
7384
7386
7387
7388
7389
7391
7392
7395
7397
7401
7404
7407
7412
7486
7487
7488
7489
7490
7491
7492
7493
7494
7495
7496
7497
7499
7500
7501
7502
7503
7507
7509
7512
7514
7516
7519
7521
7524
7594
7595
7596
7597
7598
7599
7600
7601
7602
7604
7605
7606
7608
7609
7610
7613
7614
7615
7616
7618
7619
7621
7622
7625
7626
7697
7698
7699
7700
7701
7702
7703
7704
7705
7706
7707
7708
7709
7710
7711
7712
7713
7714
7715
7718
7719
7721
7725
7726
7729
7815
7816
7817
7818
7819
7820
7821
7822
7823
7825
7826
7827
7828
7829
7830
7831
7834
7835
7836
7838
7840
7843
7847
7849
7854
7935
7936
7937
7938
7939
7940
7941
7942
7943
7944
7945
7946
7947
7948
7949
7950
7952
7954
7955
7957
7960
7961
7965
7967
7968
8045
8046
8047
8048
8049
8050
8051
8052
8053
8054
8055
8056
8057
8058
8060
8061
8062
8063
8065
8066
8068
8070
8071
8073
8076
8147
8148
8149
8150
8151
8152
8153
8154
8155
8156
8157
8158
8159
8160
8161
8162
8163
8164
8166
8167
8169
8170
8173
8175
8177
8269
8270
8271
8272
8273
8274
8275
8276
8277
8278
8279
8280
8281
8282
8283
8285
8286
8287
8289
8291
8292
8295
8297
8301
8305
8391
8392
8393
8394
8395
8396
8397
8398
8399
8400
8401
8402
8405
8406
8407
8408
8409
8412
8413
8414
8416
8418
8419
8422
8423
8504
8505
8506
8507
8508
8509
8510
8511
8512
8513
8514
8515
8516
8517
8518
8519
8520
8521
8522
8523
8525
8527
8528
8530
8531
8606
8607
8608
8609
8610
8611
8612
8613
8614
8615
8616
8618
8619
8620
8621
8622
8623
8625
8626
8627
8629
8630
8631
8634
8635
8735
8736
8737
8738
8739
8740
8741
8742
8743
8744
8745
8746
8747
8748
8750
8751
8752
8753
8754
8755
8758
8759
8763
8767
8770
8861
8862
8863
8864
8865
8866
8867
8868
8869
8870
8871
8872
8873
8874
8875
8876
8878
8879
8880
8881
8884
8885
8887
8888
8889
8970
8971
8972
8973
8974
8975
8976
8977
8978
8979
8980
8981
8982
8983
8984
8985
8986
8987
8988
8990
8991
8992
8993
8996
8998
9076
9077
9078
9079
9080
9081
9082
9083
9084
9085
9086
9087
9088
9090
9091
9092
9093
9094
9095
9096
9097
9099
9100
9101
9103
9218
9219
9220
9221
9222
9223
9224
9225
9226
9227
9228
9229
9230
9231
9232
9233
9235
9236
9237
9239
9240
9242
9245
9246
9249
9341
9342
9343
9344
9345
9346
9347
9348
9349
9350
9351
9352
9353
9354
9356
9357
9358
9359
9360
9361
9362
9365
9366
9367
16199
16200
16201
16202
16203
16204
16205
16206
16207
16208
16209
16210
16212
16213
16214
16215
16216
16220
16224
16226
16285
16295
16303
16308
16315
16378
16379
16380
16381
16382
16383
16384
16385
16386
16387
16388
16391
16393
16394
16395
16398
16400
16402
16406
16409
16413
16418
16421
16426
16437
16494
16495
16496
16497
16498
16499
16500
16501
16503
16504
16505
16507
16508
16509
16510
16512
16513
16514
16516
16518
16522
16524
16529
16531
16542
16594
16595
16596
16597
16598
16599
16600
16602
16603
16604
16605
16606
16608
16609
16610
16613
16615
16616
16618
16621
16625
16626
16628
16632
16637
16695
16696
16697
16698
16699
16700
16701
16702
16703
16704
16705
16707
16709
16710
16711
16712
16713
16715
16717
16719
16721
16725
16791
16801
16808
16879
16880
16881
16882
16883
16884
16886
16887
16888
16889
16890
16892
16894
16895
16896
16897
16899
16904
16905
16908
16912
16915
16920
16926
16932
16996
16997
16998
16999
17000
17001
17002
17003
17004
17005
17006
17007
17008
17009
17011
17013
17014
17017
17018
17020
17022
17025
17028
17030
17035
17099
17100
17101
17102
17103
17104
17105
17106
17107
17108
17109
17110
17111
17112
17113
17115
17116
17117
17121
17123
17124
17127
17130
17133
17136
17201
17202
17203
17204
17205
17206
17207
17208
17209
17210
17212
17213
17214
17215
17216
17217
17218
17220
17221
17222
17226
17227
17230
17233
17299
17386
17388
17389
17390
17391
17392
17393
17395
17396
17397
17398
17399
17400
17401
17402
17404
17406
17407
17410
17413
17417
17422
17426
17431
17435
17507
17508
17509
17510
17511
17512
17513
17514
17515
17516
17518
17519
17520
17521
17522
17523
17524
17526
17527
17530
17533
17536
17541
17543
17545
17613
17614
17615
17616
17617
17618
17619
17620
17621
17622
17623
17626
17627
17628
17629
17630
17631
17632
17633
17635
17637
17640
17642
17646
17649
17713
17714
17715
17716
17718
17719
17720
17721
17722
17723
17724
17725
17726
17727
17728
17730
17732
17733
17734
17736
17739
17741
17743
17745
17749
17905
17906
17907
17908
17909
17910
17911
17912
17913
17914
17915
17916
17972
17976
17980
17983
17986
17989
17994
17996
17999
18004
18010
18016
18020
18101
18102
18103
18104
18105
18106
18107
18108
18109
18111
18112
18113
18115
18116
18118
18119
18121
18123
18126
18128
18129
18133
18135
18137
18144
18217
18218
18219
18220
18221
18222
18223
18224
18225
18226
18227
18228
18230
18231
18233
18234
18235
18236
18237
18239
18241
18242
18246
18247
18252
18321
18322
18323
18324
18326
18327
18328
18329
18330
18331
18332
18333
18334
18335
18336
18337
18339
18340
18342
18343
18344
18346
18348
18352
18355
18441
18442
18443
18444
18445
18446
18447
18448
18449
18450
18451
18452
18454
18456
18457
18458
18459
18461
18462
18465
18467
18471
18474
18477
18483
18559
18560
18561
18562
18563
18564
18565
18566
18567
18568
18569
18570
18572
18573
18574
18575
18576
18580
18582
18585
18587
18589
18592
18594
18598
18669
18670
18671
18672
18673
18674
18675
18676
18677
18679
18680
18681
18683
18684
18685
18688
18690
18691
18692
18695
18696
18698
18699
18702
18703
18778
18779
18780
18781
18782
18783
18784
18785
18786
18787
18788
18790
18791
18792
18793
18794
18795
18796
18797
18801
18802
18804
18808
18809
18812
18901
18902
18903
18904
18905
18906
18907
18908
18909
18911
18912
18913
18914
18915
18916
18917
18920
18921
18922
18924
18926
18929
18933
18935
18940
19022
19023
19024
19025
19026
19027
19028
19029
19030
19031
19032
19033
19034
19035
19036
19037
19039
19041
19042
19044
19047
19048
19052
19054
19055
19202
19204
19205
19206
19207
19208
19209
19210
19211
19212
19213
19214
19216
19217
19219
19220
19222
19223
19226
19227
19230
19233
19235
19237
19241
19319
19320
19321
19322
19323
19324
19325
19326
19327
19328
19329
19330
19331
19332
19333
19334
19335
19336
19338
19339
19341
19342
19346
19348
19351
19448
19449
19450
19451
19452
19453
19454
19455
19456
19457
19458
19459
19460
19461
19462
19464
19465
19466
19468
19470
19471
19474
19476
19480
19484
19575
19576
19577
19578
19579
19580
19581
19582
19583
19584
19585
19586
19589
19590
19591
19592
19593
19596
19597
19598
19600
19603
19604
19607
19608
19694
19695
19696
19697
19698
19699
19700
19701
19702
19703
19704
19705
19706
19707
19708
19709
19710
19711
19712
19713
19715
19717
19718
19720
19721
19799
19800
19801
19802
19803
19804
19805
19806
19807
19808
19809
19811
19812
19813
19814
19815
19816
19818
19819
19820
19822
19823
19824
19827
19828
19933
19934
19935
19936
19937
19938
19939
19940
19941
19942
19943
19944
19945
19946
19948
19949
19950
19951
19952
19953
19956
19957
19961
19965
20033
20142
20143
20144
20145
20146
20147
20148
20149
20150
20151
20152
20153
20154
20155
20156
20157
20160
20161
20162
20163
20166
20167
20169
20170
20172
20257
20258
20259
20260
20261
20262
20263
20264
20265
20266
20267
20268
20269
20270
20271
20272
20273
20274
20275
20277
20278
20279
20280
20283
20285
20370
20371
20372
20373
20374
20375
20376
20377
20378
20379
20380
20381
20382
20384
20385
20386
20387
20388
20389
20390
20391
20393
20394
20395
20397
20516
20517
20518
20519
20520
20521
20522
20523
20524
20525
20526
20527
20528
20529
20530
20531
20533
20535
20536
20538
20539
20541
20544
20545
20548
20724
20725
20726
20727
20728
20729
20730
20731
20732
20733
20734
20735
20736
20737
20739
20740
20741
20742
20743
20744
20745
20748
20750
20751
)


// ************************************************************************* //
