/*--------------------------------*- C++ -*----------------------------------*\
  =========                 |
  \\      /  F ield         | OpenFOAM: The Open Source CFD Toolbox
   \\    /   O peration     | Website:  https://openfoam.org
    \\  /    A nd           | Version:  12
     \\/     M anipulation  |
\*---------------------------------------------------------------------------*/
FoamFile
{
    format      ascii;
    class       surfaceScalarField;
    location    "400";
    object      phi;
}
// * * * * * * * * * * * * * * * * * * * * * * * * * * * * * * * * * * * * * //

dimensions      [0 3 -1 0 0 0 0];

internalField   nonuniform List<scalar> 
1589
(
0.006143713
9.0373891e-06
0.0061441034
9.2184391e-06
0.0061444821
9.3881172e-06
0.0061448486
9.5481688e-06
0.0061452026
9.7001993e-06
0.006145544
9.8456761e-06
0.0061458731
9.9859433e-06
0.0061461904
1.0122222e-05
0.0061464963
1.0255607e-05
0.0061467913
1.0387077e-05
0.0061470761
1.0517512e-05
0.0061473513
1.0647702e-05
0.0061476173
1.0778363e-05
0.0061478749
1.0910141e-05
0.0061481246
1.1043627e-05
0.0061483669
1.1179363e-05
0.0061486023
1.1317853e-05
0.0061488313
1.1459567e-05
0.0061490544
1.1604949e-05
0.0061492719
1.1754421e-05
0.0061494844
1.1908391e-05
0.0061496921
1.2067256e-05
0.0061498955
1.2231402e-05
0.0061500949
1.2401215e-05
0.0061502905
1.2577079e-05
0.0061504828
1.2759383e-05
0.0061506719
1.2948518e-05
0.0061508581
1.314489e-05
0.0061510418
1.3348911e-05
0.006151223
1.3561011e-05
0.0061514021
1.3781636e-05
1.4011252e-05
0.006941055
8.6313988e-06
0.006941455
8.8184833e-06
0.0069418471
8.995954e-06
0.0069422303
9.1650167e-06
0.0069426036
9.3268551e-06
0.0069429667
9.4826044e-06
0.0069433193
9.6333425e-06
0.0069436614
9.7800832e-06
0.0069439933
9.9237694e-06
0.0069443151
1.0065271e-05
0.0069446272
1.020539e-05
0.00694493
1.0344864e-05
0.006945224
1.0484377e-05
0.0069455096
1.0624556e-05
0.0069457873
1.0765986e-05
0.0069460574
1.0909212e-05
0.0069463205
1.1054743e-05
0.006946577
1.1203062e-05
0.0069468273
1.1354625e-05
0.0069470719
1.1509874e-05
0.0069473111
1.166923e-05
0.0069475452
1.1833108e-05
0.0069477747
1.2001912e-05
0.0069479999
1.2176045e-05
0.006948221
1.2355907e-05
0.0069484385
1.2541901e-05
0.0069486526
1.2734436e-05
0.0069488636
1.2933929e-05
0.0069490717
1.3140807e-05
0.0069492772
1.335551e-05
0.0069494803
1.3578495e-05
1.3810241e-05
0.0078419272
8.2250177e-06
0.0078423317
8.4139419e-06
0.0078427324
8.5952897e-06
0.0078431276
8.7698139e-06
0.0078435162
8.9383091e-06
0.0078438972
9.1015826e-06
0.0078442701
9.2604371e-06
0.0078446345
9.4156575e-06
0.0078449903
9.5680024e-06
0.0078453373
9.7181964e-06
0.0078456758
9.8669275e-06
0.0078460058
1.0014847e-05
0.0078463276
1.0162572e-05
0.0078466415
1.0310682e-05
0.0078469478
1.045973e-05
0.0078472467
1.0610236e-05
0.0078475388
1.0762698e-05
0.0078478243
1.0917591e-05
0.0078481035
1.1075371e-05
0.0078483769
1.123648e-05
0.0078486448
1.1401347e-05
0.0078489075
1.1570393e-05
0.0078491654
1.1744033e-05
0.0078494187
1.1922677e-05
0.0078496679
1.2106739e-05
0.0078499132
1.229663e-05
0.0078501548
1.2492772e-05
0.0078503932
1.269559e-05
0.0078506285
1.2905522e-05
0.007850861
1.3123018e-05
0.0078510909
1.3348545e-05
1.3582588e-05
0.0088593697
7.6296124e-06
0.0088597722
7.8224275e-06
0.0088601768
8.0094308e-06
0.0088605811
8.1909436e-06
0.0088609835
8.3673785e-06
0.0088613826
8.5392143e-06
0.0088617772
8.7069739e-06
0.0088621665
8.8712071e-06
0.0088625497
9.0324782e-06
0.0088629263
9.1913555e-06
0.0088632961
9.3484033e-06
0.0088636588
9.5041759e-06
0.0088640145
9.6592147e-06
0.008864363
9.8140457e-06
0.0088647045
9.9691786e-06
0.0088650391
1.0125107e-05
0.0088653671
1.0282308e-05
0.0088656885
1.0441244e-05
0.0088660037
1.0602367e-05
0.008866313
1.0766113e-05
0.0088666166
1.0932912e-05
0.0088669147
1.1103186e-05
0.0088672078
1.1277351e-05
0.008867496
1.1455821e-05
0.0088677796
1.1639008e-05
0.0088680591
1.1827327e-05
0.0088683345
1.2021196e-05
0.0088686062
1.2221038e-05
0.0088688745
1.2427286e-05
0.0088691397
1.2640383e-05
0.0088694019
1.2860785e-05
0.0088696615
1.3088964e-05
1.3325411e-05
0.010009379
7.2412432e-06
0.010009775
7.4268406e-06
0.010010176
7.6087935e-06
0.010010579
7.7872075e-06
0.010010984
7.9622682e-06
0.010011389
8.1342272e-06
0.010011793
8.3033881e-06
0.010012194
8.4700951e-06
0.010012592
8.6347225e-06
0.010012986
8.7976664e-06
0.010013375
8.9593373e-06
0.010013759
9.1201546e-06
0.010014137
9.2805419e-06
0.01001451
9.4409238e-06
0.010014878
9.6017237e-06
0.01001524
9.7633618e-06
0.010015596
9.9262546e-06
0.010015946
1.0090814e-05
0.010016291
1.025745e-05
0.010016631
1.0426565e-05
0.010016965
1.0598563e-05
0.010017294
1.0773843e-05
0.010017619
1.0952806e-05
0.010017939
1.1135853e-05
0.010018254
1.1323387e-05
0.010018566
1.1515816e-05
0.010018874
1.1713554e-05
0.010019178
1.1917021e-05
0.010019478
1.212665e-05
0.010019776
1.2342884e-05
0.01002007
1.2566178e-05
0.010020362
1.2797007e-05
1.3035862e-05
0.0113087
6.8640757e-06
0.011309086
7.0404053e-06
0.01130948
7.2149002e-06
0.01130988
7.3875539e-06
0.011310284
7.5584207e-06
0.01131069
7.7276087e-06
0.011311099
7.895273e-06
0.011311507
8.0616092e-06
0.011311915
8.2268465e-06
0.011312321
8.3912427e-06
0.011312726
8.5550782e-06
0.011313127
8.7186521e-06
0.011313525
8.8822785e-06
0.01131392
9.0462827e-06
0.011314311
9.2109992e-06
0.011314697
9.37677e-06
0.01131508
9.543942e-06
0.011315458
9.7128674e-06
0.011315831
9.8839022e-06
0.0113162
1.0057406e-05
0.011316565
1.0233742e-05
0.011316926
1.0413279e-05
0.011317282
1.0596388e-05
0.011317634
1.0783448e-05
0.011317983
1.0974842e-05
0.011318328
1.1170964e-05
0.011318669
1.1372212e-05
0.011319007
1.1578998e-05
0.011319342
1.1791744e-05
0.011319674
1.2010887e-05
0.011320003
1.2236877e-05
0.01132033
1.2470184e-05
1.2711295e-05
0.012776703
6.4984484e-06
0.012777079
6.6642029e-06
0.012777464
6.8295501e-06
0.012777857
6.9944418e-06
0.012778257
7.1588716e-06
0.012778662
7.3228721e-06
0.01277907
7.486512e-06
0.012779482
7.6498934e-06
0.012779896
7.8131487e-06
0.012780311
7.9764371e-06
0.012780726
8.1399421e-06
0.012781141
8.3038685e-06
0.012781554
8.4684397e-06
0.012781967
8.633896e-06
0.012782377
8.8004921e-06
0.012782786
8.968496e-06
0.012783191
9.1381871e-06
0.012783594
9.3098556e-06
0.012783994
9.4838017e-06
0.012784392
9.6603344e-06
0.012784785
9.8397729e-06
0.012785176
1.0022444e-05
0.012785564
1.0208686e-05
0.012785949
1.0398844e-05
0.01278633
1.0593276e-05
0.012786709
1.0792349e-05
0.012787085
1.0996442e-05
0.012787458
1.1205948e-05
0.012787828
1.1421273e-05
0.012788196
1.1642839e-05
0.012788562
1.1871085e-05
0.012788926
1.2106469e-05
1.2349469e-05
0.014435266
6.143913e-06
0.014435632
6.2984078e-06
0.014436008
6.4535605e-06
0.014436393
6.6093236e-06
0.014436786
6.7656757e-06
0.014437186
6.9226211e-06
0.014437592
7.0801892e-06
0.014438004
7.238434e-06
0.01443842
7.3974327e-06
0.014438839
7.5572849e-06
0.014439261
7.718111e-06
0.014439684
7.8800508e-06
0.01444011
8.0432628e-06
0.014440536
8.2079225e-06
0.014440962
8.3742218e-06
0.014441388
8.5423677e-06
0.014441814
8.7125813e-06
0.014442238
8.8850976e-06
0.014442662
9.0601649e-06
0.014443084
9.2380436e-06
0.014443505
9.4190076e-06
0.014443924
9.6033424e-06
0.014444341
9.7913467e-06
0.014444757
9.9833315e-06
0.014445171
1.0179621e-05
0.014445582
1.0380555e-05
0.014445992
1.0586484e-05
0.014446401
1.0797777e-05
0.014446807
1.1014819e-05
0.014447212
1.123801e-05
0.014447615
1.1467772e-05
0.014448017
1.1704546e-05
1.1948795e-05
0.016309102
5.7993409e-06
0.016309458
5.9423753e-06
0.016309825
6.0868184e-06
0.016310201
6.2326433e-06
0.016310587
6.3798388e-06
0.016310981
6.5284095e-06
0.016311383
6.6783763e-06
0.016311792
6.8297766e-06
0.016312207
6.9826646e-06
0.016312627
7.1371106e-06
0.016313052
7.2932014e-06
0.016313481
7.4510395e-06
0.016313913
7.6107433e-06
0.016314349
7.7724461e-06
0.016314787
7.9362965e-06
0.016315227
8.1024578e-06
0.016315668
8.2711074e-06
0.016316111
8.442437e-06
0.016316554
8.6166526e-06
0.016316998
8.7939734e-06
0.016317443
8.9746338e-06
0.016317887
9.1588811e-06
0.016318331
9.3469779e-06
0.016318776
9.5392006e-06
0.016319219
9.7358413e-06
0.016319663
9.9372073e-06
0.016320106
1.0143622e-05
0.016320548
1.0355427e-05
0.01632099
1.0572981e-05
0.016321431
1.0796661e-05
0.016321872
1.1026866e-05
0.016322313
1.1264015e-05
1.1508552e-05
0.018426118
5.4632384e-06
0.018426465
5.5949587e-06
0.018426824
5.7285809e-06
0.018427192
5.8641052e-06
0.01842757
6.001541e-06
0.018427958
6.1409073e-06
0.018428354
6.2822332e-06
0.018428758
6.4255586e-06
0.01842917
6.5709347e-06
0.018429589
6.7184242e-06
0.018430014
6.8681015e-06
0.018430445
7.020053e-06
0.018430881
7.1743777e-06
0.018431322
7.3311868e-06
0.018431768
7.490604e-06
0.018432218
7.652766e-06
0.018432671
7.8178223e-06
0.018433128
7.9859354e-06
0.018433587
8.1572816e-06
0.018434049
8.3320499e-06
0.018434513
8.5104443e-06
0.018434979
8.6926818e-06
0.018435447
8.8789953e-06
0.018435917
9.0696315e-06
0.018436388
9.2648539e-06
0.01843686
9.4649416e-06
0.018437333
9.6701911e-06
0.018437808
9.8809166e-06
0.018438284
1.0097451e-05
0.01843876
1.0320149e-05
0.018439238
1.0549382e-05
0.018439716
1.078555e-05
1.1029071e-05
0.020817843
5.1336859e-06
0.020818183
5.254471e-06
0.020818534
5.37745e-06
0.020818896
5.5026491e-06
0.020819267
5.6300996e-06
0.020819648
5.7598392e-06
0.020820039
5.8919119e-06
0.020820438
6.0263692e-06
0.020820845
6.1632698e-06
0.020821261
6.3026806e-06
0.020821685
6.4446772e-06
0.020822115
6.5893439e-06
0.020822553
6.7367745e-06
0.020822997
6.8870724e-06
0.020823447
7.0403513e-06
0.020823903
7.1967356e-06
0.020824365
7.3563603e-06
0.020824831
7.5193722e-06
0.020825303
7.6859297e-06
0.020825779
7.8562034e-06
0.020826259
8.0303772e-06
0.020826743
8.2086478e-06
0.02082723
8.3912264e-06
0.020827722
8.5783382e-06
0.020828216
8.7702243e-06
0.020828714
8.9671414e-06
0.020829215
9.1693633e-06
0.020829719
9.3771818e-06
0.020830225
9.5909072e-06
0.020830735
9.8108704e-06
0.020831246
1.0037423e-05
0.020831761
1.0270939e-05
1.0511818e-05
0.023519868
4.8088232e-06
0.023520204
4.9191805e-06
0.023520549
5.0318726e-06
0.023520905
5.1469464e-06
0.023521271
5.2644524e-06
0.023521646
5.3844455e-06
0.023522031
5.5069852e-06
0.023522425
5.6321363e-06
0.023522828
5.7599689e-06
0.023523241
5.8905594e-06
0.023523661
6.0239904e-06
0.02352409
6.1603514e-06
0.023524527
6.2997392e-06
0.023524972
6.4422584e-06
0.023525424
6.5880218e-06
0.023525884
6.7371511e-06
0.023526351
6.8897769e-06
0.023526824
7.0460399e-06
0.023527304
7.2060909e-06
0.02352779
7.3700914e-06
0.023528282
7.5382149e-06
0.02352878
7.7106464e-06
0.023529284
7.8875844e-06
0.023529793
8.0692402e-06
0.023530307
8.2558403e-06
0.023530827
8.4476257e-06
0.023531351
8.6448539e-06
0.023531881
8.8477997e-06
0.023532415
9.0567558e-06
0.023532954
9.2720347e-06
0.023533497
9.4939694e-06
0.023534045
9.7229153e-06
9.9592516e-06
0.026572435
4.4864554e-06
0.026572767
4.5869588e-06
0.026573109
4.6898279e-06
0.026573461
4.7951243e-06
0.026573822
4.9029125e-06
0.026574193
5.0132608e-06
0.026574574
5.1262414e-06
0.026574964
5.2419308e-06
0.026575364
5.3604097e-06
0.026575773
5.4817641e-06
0.026576191
5.6060851e-06
0.026576618
5.7334696e-06
0.026577053
5.8640205e-06
0.026577498
5.9978474e-06
0.026577951
6.1350666e-06
0.026578412
6.2758022e-06
0.026578882
6.4201861e-06
0.026579359
6.5683586e-06
0.026579845
6.7204694e-06
0.026580338
6.8766772e-06
0.026580839
7.0371519e-06
0.026581348
7.2020735e-06
0.026581864
7.3716345e-06
0.026582387
7.5460391e-06
0.026582917
7.7255053e-06
0.026583455
7.9102651e-06
0.026583999
8.1005656e-06
0.02658455
8.2966704e-06
0.026585108
8.49886e-06
0.026585673
8.7074337e-06
0.026586244
8.9227107e-06
0.026586822
9.1450313e-06
9.3747591e-06
0.030020923
4.1648743e-06
0.030021254
4.2560876e-06
0.030021594
4.3496194e-06
0.030021944
4.4455402e-06
0.030022303
4.5439235e-06
0.030022671
4.6448465e-06
0.030023049
4.7483898e-06
0.030023436
4.8546379e-06
0.030023833
4.9636796e-06
0.030024239
5.0756081e-06
0.030024655
5.1905215e-06
0.03002508
5.3085229e-06
0.030025514
5.429721e-06
0.030025958
5.5542305e-06
0.03002641
5.6821722e-06
0.030026873
5.8136738e-06
0.030027344
5.9488702e-06
0.030027824
6.0879038e-06
0.030028314
6.2309258e-06
0.030028812
6.3780954e-06
0.03002932
6.5295821e-06
0.030029837
6.6855647e-06
0.030030362
6.8462335e-06
0.030030896
7.0117898e-06
0.030031439
7.1824476e-06
0.030031991
7.3584341e-06
0.030032552
7.5399905e-06
0.030033121
7.7273735e-06
0.030033699
7.920856e-06
0.030034286
8.1207284e-06
0.030034881
8.3273001e-06
0.030035485
8.5409007e-06
8.7618818e-06
0.033916739
3.8420163e-06
0.033917071
3.9244868e-06
0.033917411
4.0091743e-06
0.033917761
4.0961537e-06
0.033918119
4.1855028e-06
0.033918487
4.2773033e-06
0.033918863
4.3716399e-06
0.033919249
4.4686015e-06
0.033919645
4.5682811e-06
0.03392005
4.670776e-06
0.033920464
4.776188e-06
0.033920888
4.8846241e-06
0.033921321
4.9961964e-06
0.033921765
5.1110226e-06
0.033922218
5.2292265e-06
0.03392268
5.3509384e-06
0.033923153
5.4762951e-06
0.033923635
5.6054409e-06
0.033924128
5.738528e-06
0.03392463
5.8757165e-06
0.033925143
6.017176e-06
0.033925665
6.1630851e-06
0.033926198
6.313633e-06
0.03392674
6.4690193e-06
0.033927293
6.6294559e-06
0.033927857
6.7951667e-06
0.03392843
6.9663893e-06
0.033929014
7.1433758e-06
0.033929609
7.3263936e-06
0.033930214
7.5157269e-06
0.033930829
7.7116778e-06
0.033931456
7.9145676e-06
8.1247387e-06
0.038317705
3.5166067e-06
0.038318038
3.5907843e-06
0.03831838
3.6670408e-06
0.038318731
3.7454514e-06
0.03831909
3.8260946e-06
0.038319459
3.9090524e-06
0.038319836
3.9944106e-06
0.038320222
4.0822585e-06
0.038320618
4.1726897e-06
0.038321023
4.2658022e-06
0.038321437
4.3616983e-06
0.038321862
4.4604854e-06
0.038322295
4.562276e-06
0.038322739
4.6671882e-06
0.038323193
4.7753458e-06
0.038323657
4.886879e-06
0.038324132
5.0019243e-06
0.038324616
5.1206256e-06
0.038325112
5.2431343e-06
0.038325618
5.3696094e-06
0.038326135
5.5002192e-06
0.038326663
5.6351405e-06
0.038327202
5.7745604e-06
0.038327752
5.918676e-06
0.038328314
6.067696e-06
0.038328887
6.2218409e-06
0.038329472
6.3813441e-06
0.038330069
6.5464529e-06
0.038330678
6.7174293e-06
0.038331299
6.8945515e-06
0.038331933
7.0781145e-06
0.038332579
7.268432e-06
7.4658377e-06
0.04328962
3.187208e-06
0.043289958
3.2535058e-06
0.043290303
3.3217192e-06
0.043290656
3.3919212e-06
0.043291018
3.4641881e-06
0.043291389
3.5385995e-06
0.043291768
3.6152388e-06
0.043292156
3.694193e-06
0.043292553
3.7755531e-06
0.043292959
3.8594146e-06
0.043293375
3.9458773e-06
0.043293801
4.035046e-06
0.043294236
4.1270303e-06
0.043294681
4.2219455e-06
0.043295137
4.3199123e-06
0.043295602
4.4210579e-06
0.043296079
4.5255154e-06
0.043296566
4.6334254e-06
0.043297064
4.7449353e-06
0.043297574
4.8602005e-06
0.043298095
4.979385e-06
0.043298627
5.1026611e-06
0.043299171
5.2302111e-06
0.043299728
5.3622271e-06
0.043300297
5.4989123e-06
0.043300878
5.6404811e-06
0.043301472
5.7871607e-06
0.043302079
5.9391915e-06
0.0433027
6.096828e-06
0.043303334
6.2603403e-06
0.043303982
6.4300148e-06
0.043304645
6.6061556e-06
6.7890862e-06
0.048905997
2.8525909e-06
0.048906339
2.9112502e-06
0.048906689
2.9716446e-06
0.048907047
3.0338426e-06
0.048907414
3.0979161e-06
0.048907788
3.16394e-06
0.048908171
3.231993e-06
0.048908563
3.3021572e-06
0.048908965
3.3745187e-06
0.048909375
3.4491679e-06
0.048909794
3.5261993e-06
0.048910224
3.6057122e-06
0.048910663
3.6878108e-06
0.048911112
3.7726044e-06
0.048911572
3.8602078e-06
0.048912042
3.950742e-06
0.048912524
4.0443339e-06
0.048913016
4.1411171e-06
0.04891352
4.2412324e-06
0.048914035
4.3448279e-06
0.048914562
4.4520601e-06
0.048915102
4.5630936e-06
0.048915654
4.6781026e-06
0.048916219
4.7972705e-06
0.048916797
4.9207916e-06
0.048917389
5.048871e-06
0.048917994
5.1817261e-06
0.048918614
5.3195868e-06
0.048919248
5.4626968e-06
0.048919897
5.6113146e-06
0.048920561
5.7657143e-06
0.048921241
5.9261872e-06
6.0930431e-06
0.055251401
2.5129504e-06
0.055251748
2.5642118e-06
0.055252103
2.6170152e-06
0.055252465
2.6714235e-06
0.055252836
2.7275023e-06
0.055253214
2.7853204e-06
0.055253601
2.8449498e-06
0.055253997
2.906466e-06
0.055254401
2.9699482e-06
0.055254815
3.0354794e-06
0.055255238
3.1031467e-06
0.055255671
3.1730418e-06
0.055256113
3.2452608e-06
0.055256566
3.3199047e-06
0.055257029
3.3970799e-06
0.055257503
3.4768984e-06
0.055257988
3.5594778e-06
0.055258484
3.6449422e-06
0.055258992
3.7334225e-06
0.055259512
3.8250564e-06
0.055260044
3.9199896e-06
0.055260589
4.0183755e-06
0.055261146
4.1203765e-06
0.055261717
4.2261641e-06
0.055262302
4.3359197e-06
0.055262901
4.4498354e-06
0.055263515
4.5681144e-06
0.055264143
4.6909725e-06
0.055264788
4.8186379e-06
0.055265448
4.9513535e-06
0.055266124
5.0893767e-06
0.055266817
5.2329815e-06
5.3824592e-06
0.062418757
2.1645781e-06
0.062419113
2.2083811e-06
0.062419476
2.253522e-06
0.062419848
2.3000565e-06
0.062420227
2.3480428e-06
0.062420615
2.3975421e-06
0.062421011
2.4486184e-06
0.062421416
2.501339e-06
0.06242183
2.5557744e-06
0.062422254
2.6119988e-06
0.062422687
2.6700902e-06
0.06242313
2.7301303e-06
0.062423583
2.7922054e-06
0.062424046
2.8564061e-06
0.062424521
2.9228279e-06
0.062425006
2.9915714e-06
0.062425503
3.0627426e-06
0.062426011
3.1364533e-06
0.062426532
3.2128215e-06
0.062427065
3.2919717e-06
0.062427611
3.3740358e-06
0.06242817
3.4591526e-06
0.062428743
3.5474694e-06
0.06242933
3.6391416e-06
0.062429932
3.7343341e-06
0.062430548
3.8332216e-06
0.06243118
3.9359892e-06
0.062431829
4.0428337e-06
0.062432493
4.1539639e-06
0.062433175
4.2696019e-06
0.062433874
4.3899835e-06
0.062434592
4.5153603e-06
4.6460001e-06
0.070517636
1.8122757e-06
0.070517995
1.8486897e-06
0.070518363
1.886227e-06
0.070518738
1.9249353e-06
0.070519121
1.9648643e-06
0.070519512
2.0060667e-06
0.070519912
2.0485973e-06
0.070520321
2.092514e-06
0.070520739
2.1378773e-06
0.070521166
2.184751e-06
0.070521603
2.2332024e-06
0.07052205
2.2833019e-06
0.070522507
2.3351239e-06
0.070522975
2.3887469e-06
0.070523453
2.4442535e-06
0.070523943
2.5017308e-06
0.070524445
2.5612709e-06
0.070524958
2.6229711e-06
0.070525484
2.6869343e-06
0.070526023
2.753269e-06
0.070526575
2.8220908e-06
0.07052714
2.893522e-06
0.07052772
2.9676926e-06
0.070528315
3.0447397e-06
0.070528924
3.1248085e-06
0.070529549
3.208053e-06
0.070530191
3.2946365e-06
0.070530849
3.3847327e-06
0.070531524
3.4785261e-06
0.070532217
3.5762133e-06
0.070532929
3.6780036e-06
0.070533661
3.7841205e-06
3.8948024e-06
0.079663961
1.4396935e-06
0.079664341
1.4681263e-06
0.07966473
1.4974559e-06
0.079665127
1.5277214e-06
0.079665533
1.5589637e-06
0.079665948
1.5912257e-06
0.079666372
1.6245523e-06
0.079666806
1.6589905e-06
0.079667249
1.6945898e-06
0.079667702
1.7314021e-06
0.079668166
1.7694821e-06
0.07966864
1.8088873e-06
0.079669126
1.8496783e-06
0.079669623
1.8919193e-06
0.079670131
1.9356775e-06
0.079670652
1.9810243e-06
0.079671185
2.0280348e-06
0.079671731
2.0767885e-06
0.079672291
2.1273681e-06
0.079672864
2.1798542e-06
0.079673452
2.2343011e-06
0.079674055
2.2908755e-06
0.079674673
2.3498114e-06
0.079675306
2.4111561e-06
0.079675956
2.4749548e-06
0.079676623
2.5413432e-06
0.079677307
2.6104471e-06
0.079678009
2.6824063e-06
0.079678731
2.7573691e-06
0.079679471
2.8354944e-06
0.079680232
2.9169522e-06
0.079681014
3.0019241e-06
3.0906044e-06
0.090001978
1.0676657e-06
0.090002358
1.0881258e-06
0.090002747
1.1092491e-06
0.090003143
1.1310656e-06
0.090003549
1.1536062e-06
0.090003963
1.1769033e-06
0.090004386
1.2009907e-06
0.09000482
1.2259037e-06
0.090005262
1.2516795e-06
0.090005716
1.2783572e-06
0.090006179
1.3059779e-06
0.090006653
1.3345847e-06
0.090007139
1.3642234e-06
0.090007636
1.3949421e-06
0.090008145
1.4267918e-06
0.090008666
1.4598263e-06
0.0900092
1.4941024e-06
0.090009747
1.5296802e-06
0.090010308
1.5666223e-06
0.090010882
1.6049866e-06
0.090011472
1.6447999e-06
0.090012077
1.686214e-06
0.090012697
1.7294552e-06
0.090013334
1.7745366e-06
0.090013987
1.8214663e-06
0.090014658
1.8703523e-06
0.090015347
1.9212882e-06
0.090016055
1.9743798e-06
0.090016783
2.0297395e-06
0.090017531
2.0874876e-06
0.0900183
2.1477529e-06
0.090019091
2.2106724e-06
2.2763925e-06
0.10167534
6.409218e-07
0.10167576
6.5255538e-07
0.10167618
6.6457892e-07
0.10167661
6.7701028e-07
0.10167705
6.8986807e-07
0.1016775
7.0317171e-07
0.10167796
7.1694159e-07
0.10167843
7.3119909e-07
0.10167891
7.4596672e-07
0.1016794
7.6126823e-07
0.10167991
7.7712869e-07
0.10168042
7.9357461e-07
0.10168094
8.1063406e-07
0.10168148
8.2833679e-07
0.10168203
8.4671438e-07
0.10168259
8.6580038e-07
0.10168316
8.8563047e-07
0.10168375
9.0624262e-07
0.10168435
9.2767735e-07
0.10168497
9.4997786e-07
0.1016856
9.7319023e-07
0.10168625
9.9736387e-07
0.10168691
1.0225519e-06
0.10168759
1.0488116e-06
0.10168829
1.0762043e-06
0.10168901
1.104795e-06
0.10168974
1.1346533e-06
0.1016905
1.1658531e-06
0.10169127
1.1984735e-06
0.10169207
1.232599e-06
0.10169289
1.2683201e-06
0.10169373
1.3057337e-06
0.1016946
1.3449436e-06
1.386061e-06
0.11487322
0.11487363
0.11487406
0.11487449
0.11487493
0.11487538
0.11487584
0.11487631
0.11487679
0.11487728
0.11487779
0.1148783
0.11487882
0.11487936
0.11487991
0.11488047
0.11488104
0.11488163
0.11488223
0.11488285
0.11488348
0.11488413
0.1148848
0.11488548
0.11488618
0.1148869
0.11488763
0.11488839
0.11488917
0.11488996
0.11489079
0.11489163
0.1148925
)
;

boundaryField
{
    bottom
    {
        type            calculated;
        value           nonuniform List<scalar> 0();
    }
    back
    {
        type            empty;
    }
    front
    {
        type            empty;
    }
    inlet
    {
        type            calculated;
        value           nonuniform List<scalar> 0();
    }
    outlet
    {
        type            calculated;
        value           nonuniform List<scalar> 0();
    }
    top
    {
        type            calculated;
        value           nonuniform List<scalar> 
34
(
2.3376587e-07
2.3721035e-07
2.4079759e-07
2.4453471e-07
2.4842922e-07
2.5248909e-07
2.5672279e-07
2.6113935e-07
2.6574837e-07
2.7056014e-07
2.7558562e-07
2.8083656e-07
2.8632556e-07
2.920661e-07
2.980727e-07
3.0436092e-07
3.1094754e-07
3.178506e-07
3.2508958e-07
3.3268549e-07
3.4066101e-07
3.4904071e-07
3.5785115e-07
3.6712116e-07
3.7688196e-07
3.8716754e-07
3.9801479e-07
4.0946393e-07
4.2155877e-07
4.3434712e-07
4.4788124e-07
4.6221825e-07
4.7742059e-07
4.9355668e-07
)
;
    }
    slipsurface
    {
        type            calculated;
        value           nonuniform List<scalar> 0();
    }
    procBoundary4to5
    {
        type            processor;
        value           nonuniform List<scalar> 
27
(
-0.0061433123
-0.006940649
-0.0078415208
-8.0278473e-06
-0.0088589714
-0.010008991
-0.011308323
-0.012776337
-0.014434911
-0.016308757
-0.018425782
-0.020817513
-0.023519544
-0.026572112
-0.030020601
-0.033916416
-0.038317379
-0.043289291
-0.048905662
-0.055251061
-0.062418409
-0.070517283
-0.079663588
-0.090001606
-1.0478401e-06
-0.10167493
-0.11487281
)
;
    }
    procBoundary4to6
    {
        type            processor;
        value           nonuniform List<scalar> 
32
(
-9.4381177e-06
-9.6087915e-06
-9.7668671e-06
-9.9146529e-06
-1.0054144e-05
-1.0187099e-05
-1.0315087e-05
-1.0439486e-05
-1.0561486e-05
-1.0682124e-05
-1.0802308e-05
-1.0922844e-05
-1.1044442e-05
-1.1167736e-05
-1.1293298e-05
-1.1421646e-05
-1.1553257e-05
-1.1688576e-05
-1.1828019e-05
-1.1971984e-05
-1.2120852e-05
-1.2274996e-05
-1.243478e-05
-1.2600568e-05
-1.2772725e-05
-1.295162e-05
-1.3137628e-05
-1.3331138e-05
-1.353255e-05
-1.3742278e-05
-1.3960758e-05
-1.4188444e-05
)
;
    }
    procBoundary4to14
    {
        type            processor;
        value           nonuniform List<scalar> 3(0.0061515793 0.0069496813 0.0078513186);
    }
    procBoundary4to15
    {
        type            processor;
        value           nonuniform List<scalar> 
22
(
0.0088699187
0.010020652
0.011320655
0.012789287
0.014448418
0.016322753
0.018440195
0.020832278
0.023534598
0.026587406
0.030036098
0.033932093
0.038333238
0.043305321
0.048921937
0.055267528
0.062435328
0.070534412
0.079681819
0.090019906
0.10169549
0.11489339
)
;
    }
}


// ************************************************************************* //
