/*--------------------------------*- C++ -*----------------------------------*\
  =========                 |
  \\      /  F ield         | OpenFOAM: The Open Source CFD Toolbox
   \\    /   O peration     | Website:  https://openfoam.org
    \\  /    A nd           | Version:  12
     \\/     M anipulation  |
\*---------------------------------------------------------------------------*/
FoamFile
{
    format      ascii;
    class       volScalarField;
    location    "1000";
    object      epsilon;
}
// * * * * * * * * * * * * * * * * * * * * * * * * * * * * * * * * * * * * * //

dimensions      [0 2 -3 0 0 0 0];

internalField   nonuniform List<scalar> 
1762
(
16.573078
16.473396
16.379759
16.291676
16.208714
16.130495
16.056671
15.98692
15.92095
15.858495
15.799314
15.743186
15.689906
15.639288
15.591161
15.545364
15.501751
15.460187
15.420546
15.382711
15.346574
15.312035
15.279001
15.247387
15.217111
15.188099
15.160282
15.133596
15.107981
15.083382
15.059746
15.037026
15.015177
14.994156
14.973926
14.954448
14.935691
14.917621
14.90021
14.883429
14.867253
14.851657
14.836618
14.822115
14.808127
14.794635
14.781621
14.769067
14.756957
14.745275
14.734007
14.723139
14.712656
14.702545
14.692795
14.683392
14.674324
14.665581
14.657145
14.649021
14.641151
14.633641
14.626107
14.619759
14.609226
9.7924591
9.7282215
9.6679259
9.6112482
9.5579026
9.5076395
9.4602298
9.4154622
9.3731452
9.3331046
9.2951823
9.2592328
9.2251235
9.1927332
9.161949
9.1326674
9.1047931
9.0782378
9.0529199
9.0287639
9.0056996
8.9836623
8.9625918
8.9424322
8.9231318
8.9046424
8.8869194
8.8699213
8.8536092
8.8379477
8.8229034
8.8084454
8.7945447
8.7811742
8.7683088
8.7559251
8.7440014
8.7325174
8.7214538
8.7107931
8.7005184
8.6906143
8.6810654
8.6718582
8.6629796
8.6544171
8.6461592
8.6381946
8.6305129
8.6231041
8.6159587
8.6090674
8.6024216
8.5960128
8.5898327
8.5838738
8.5781275
8.5725883
8.5672438
8.5620975
8.5571114
8.5523555
8.547581
8.5435604
8.536893
8.4423043
8.3882046
8.3374173
8.2896712
8.2447263
8.2023734
8.1624204
8.1246902
8.0890221
8.0552697
8.0233002
7.9929915
7.9642321
7.9369204
7.9109614
7.8862679
7.8627601
7.8403635
7.8190096
7.7986349
7.7791804
7.7605915
7.7428176
7.7258118
7.7095304
7.693933
7.6789819
7.6646422
7.6508812
7.6376692
7.6249778
7.6127812
7.6010548
7.5897759
7.5789233
7.5684772
7.5584194
7.5487327
7.5394011
7.5304094
7.5217437
7.5133909
7.5053379
7.4975734
7.4900863
7.4828661
7.475903
7.4691876
7.4627109
7.4564647
7.4504407
7.4446313
7.439029
7.4336267
7.4284175
7.4233949
7.4185516
7.4138831
7.4093786
7.4050415
7.4008389
7.3968313
7.3928057
7.3894169
7.3838005
7.4546167
7.4087531
7.3656921
7.3252047
7.2870883
7.2511662
7.2172763
7.1852689
7.1550081
7.1263704
7.0992431
7.0735233
7.0491166
7.0259368
7.0039039
6.9829439
6.9629893
6.943977
6.9258491
6.9085516
6.8920348
6.8762524
6.8611615
6.8467223
6.8328979
6.8196539
6.8069586
6.7947823
6.7830972
6.7718783
6.7611013
6.7507445
6.740787
6.7312096
6.7219941
6.713124
6.7045836
6.6963585
6.688435
6.6808003
6.6734425
6.6663504
6.6595133
6.652921
6.6465645
6.6404348
6.6345234
6.6288225
6.6233244
6.6180221
6.6129085
6.6079772
6.6032218
6.5986363
6.5942148
6.5899518
6.5858411
6.5818787
6.5780556
6.5743747
6.5708078
6.5674067
6.5639895
6.561113
6.5563477
6.6467699
6.6072056
6.5700556
6.5351229
6.5022333
6.4712346
6.4419876
6.4143633
6.3882448
6.3635257
6.340109
6.3179061
6.2968355
6.2768233
6.2578004
6.239703
6.222473
6.2060561
6.1904022
6.175465
6.1612016
6.1475719
6.1345391
6.1220689
6.1101294
6.098691
6.0877262
6.0772096
6.0671172
6.0574272
6.0481189
6.0391735
6.0305729
6.0223005
6.0143408
6.0066794
5.9993028
5.9921986
5.9853548
5.9787605
5.9724054
5.9662798
5.9603745
5.9546807
5.9491905
5.9438963
5.9387906
5.9338668
5.9291181
5.9245386
5.9201221
5.9158629
5.9117558
5.9077954
5.9039766
5.9002947
5.8967443
5.893322
5.8900201
5.8868408
5.88376
5.8808224
5.8778706
5.8753859
5.8712704
5.9820217
5.9473198
5.914733
5.8840888
5.8552348
5.828038
5.8023762
5.7781368
5.7552172
5.7335244
5.7129735
5.6934867
5.674993
5.6574273
5.6407291
5.6248427
5.6097171
5.5953048
5.5815618
5.5684475
5.5559243
5.5439573
5.5325139
5.5215643
5.5110803
5.5010361
5.4914076
5.4821724
5.4733096
5.4648
5.4566254
5.4487694
5.4412161
5.4339509
5.4269602
5.4202314
5.4137526
5.4075129
5.4015019
5.39571
5.390128
5.3847475
5.3795605
5.3745591
5.3697365
5.3650859
5.3606009
5.3562755
5.3521039
5.3480808
5.3442008
5.340459
5.3368506
5.333371
5.3300157
5.3267806
5.323661
5.3206539
5.3177523
5.3149585
5.3122511
5.3096694
5.3070753
5.3048913
5.3012742
5.4286299
5.3977632
5.3687755
5.3415139
5.315843
5.2916447
5.2688106
5.2472408
5.2268442
5.207538
5.1892471
5.1719023
5.1554404
5.1398037
5.1249386
5.1107954
5.0973289
5.0844968
5.0722601
5.0605827
5.0494312
5.0387745
5.0285838
5.0188323
5.0094952
5.0005495
4.9919737
4.983748
4.9758536
4.9682737
4.960992
4.9539937
4.947265
4.9407926
4.9345646
4.9285697
4.9227974
4.9172379
4.911882
4.906721
4.901747
4.8969524
4.8923299
4.8878727
4.8835746
4.8794297
4.8754321
4.8715766
4.8678581
4.8642716
4.8608126
4.8574766
4.8542594
4.8511568
4.8481649
4.84528
4.8424979
4.8398159
4.8372279
4.8347359
4.8323209
4.8300177
4.8277035
4.825755
4.8225274
4.9616377
4.933859
4.9077691
4.8832307
4.8601223
4.8383378
4.8177799
4.7983588
4.7799926
4.7626072
4.7461348
4.7305134
4.7156863
4.7016015
4.6882109
4.6754699
4.6633377
4.6517764
4.640751
4.630229
4.6201802
4.6105769
4.601393
4.5926045
4.5841892
4.5761262
4.5683962
4.5609814
4.553865
4.5470317
4.540467
4.5341575
4.5280907
4.5222548
4.5166389
4.5112329
4.5060274
4.5010135
4.496183
4.491528
4.4870414
4.4827162
4.4785462
4.4745249
4.470647
4.4669069
4.4632996
4.4598202
4.4564642
4.4532271
4.4501048
4.4470932
4.4441887
4.4413874
4.4386857
4.4360805
4.4335679
4.4311454
4.4288077
4.4265564
4.4243745
4.4222934
4.4202025
4.4184416
4.4155242
4.5623628
4.537115
4.5133999
4.491093
4.4700842
4.4502774
4.4315841
4.4139229
4.3972197
4.3814072
4.3664239
4.3522136
4.3387248
4.3259103
4.3137264
4.3021329
4.2910926
4.2805711
4.2705366
4.2609597
4.2518129
4.243071
4.2347104
4.2267093
4.2190475
4.2117059
4.2046673
4.1979152
4.1914344
4.185211
4.1792319
4.1734849
4.1679586
4.1626423
4.157526
4.1526007
4.1478576
4.1432888
4.1388868
4.1346444
4.1305551
4.1266126
4.1228112
4.1191451
4.1156093
4.1121989
4.1089093
4.105736
4.1026748
4.0997218
4.0968733
4.0941255
4.091475
4.0889184
4.0864525
4.0840743
4.0817804
4.0795685
4.0774338
4.0753776
4.0733848
4.0714836
4.0695736
4.0679646
4.0652982
4.2169081
4.1937659
4.1720263
4.1515755
4.1323129
4.1141505
4.0970075
4.0808095
4.0654887
4.0509834
4.0372375
4.0241997
4.0118228
4.0000635
3.988882
3.9782414
3.9681077
3.9584495
3.9492376
3.940445
3.9320468
3.9240197
3.9163422
3.9089943
3.9019574
3.8952142
3.8887487
3.882546
3.8765921
3.8708743
3.8653805
3.8600995
3.8550209
3.8501349
3.8454323
3.8409049
3.8365446
3.8323441
3.8282965
3.8243953
3.8206346
3.8170085
3.8135118
3.8101391
3.806886
3.8037478
3.8007204
3.7977997
3.7949818
3.7922632
3.7896404
3.7871099
3.7846688
3.7823138
3.780042
3.7778507
3.7757367
3.7736981
3.7717302
3.7698345
3.767997
3.7662436
3.7644822
3.762998
3.7605374
3.9148452
3.8934772
3.873402
3.8545147
3.8367228
3.8199453
3.8041077
3.7891415
3.7749843
3.7615792
3.7488746
3.7368233
3.7253816
3.7145099
3.7041714
3.6943321
3.6849606
3.6760281
3.6675075
3.6593742
3.6516049
3.6441784
3.6370746
3.6302753
3.6237632
3.6175224
3.6115381
3.6057965
3.6002847
3.5949911
3.5899043
3.5850142
3.580311
3.5757857
3.5714299
3.5672359
3.5631963
3.5593043
3.5555535
3.5519381
3.5484523
3.5450909
3.541849
3.5387218
3.5357049
3.5327943
3.529986
3.5272762
3.5246615
3.5221385
3.519704
3.5173549
3.5150882
3.5129013
3.5107913
3.5087556
3.5067914
3.5048969
3.5030679
3.5013056
3.4995973
3.4979666
3.4963288
3.4949483
3.4926584
3.6482423
3.6283857
3.6097279
3.5921721
3.5756325
3.560034
3.5453075
3.5313896
3.5182224
3.5057533
3.4939345
3.4827221
3.4720758
3.4619587
3.4523367
3.4431784
3.4344547
3.4261387
3.4182055
3.410632
3.4033969
3.3964802
3.3898636
3.3835299
3.3774632
3.3716486
3.3660725
3.3607221
3.3555853
3.3506513
3.3459096
3.3413507
3.3369657
3.332746
3.328684
3.3247723
3.3210042
3.3173733
3.3138738
3.3105
3.3072467
3.3041091
3.3010827
3.2981628
3.2953455
3.292627
3.2900037
3.2874719
3.2850286
3.2826705
3.2803948
3.2781984
3.2760788
3.2740334
3.2720594
3.2701547
3.2683166
3.2665432
3.2648309
3.2631807
3.2615808
3.2600532
3.258519
3.2572254
3.2550785
3.4109779
3.3924209
3.374982
3.3585708
3.3431075
3.3285221
3.3147503
3.3017329
3.2894161
3.2777508
3.2666926
3.2562003
3.2462367
3.2367671
3.22776
3.2191859
3.2110178
3.2032305
3.1958009
3.1887075
3.1819302
3.1754505
3.1692513
3.1633165
3.1576312
3.1521818
3.1469552
3.1419396
3.1371238
3.1324975
3.1280511
3.1237756
3.1196626
3.1157043
3.1118933
3.1082229
3.1046868
3.1012789
3.0979939
3.0948264
3.0917717
3.088825
3.0859823
3.0832392
3.0805921
3.0780373
3.0755715
3.0731913
3.0708938
3.0686761
3.0665354
3.0644689
3.0624743
3.060549
3.0586907
3.0568971
3.0551659
3.0534953
3.0518819
3.0503266
3.0488186
3.0473782
3.0459317
3.0447118
3.0426857
3.1982604
3.1808304
3.1644482
3.1490292
3.1344988
3.1207914
3.1078467
3.0956093
3.084029
3.0730598
3.0626599
3.0527911
3.0434182
3.034509
3.0260338
3.017965
3.0102774
3.0029473
2.9959531
2.9892745
2.9828929
2.9767908
2.9709522
2.9653619
2.9600062
2.9548719
2.9499471
2.9452205
2.9406816
2.9363209
2.9321292
2.9280981
2.9242197
2.9204866
2.916892
2.9134295
2.9100932
2.9068775
2.9037771
2.9007872
2.8979032
2.8951208
2.892436
2.8898449
2.887344
2.8849298
2.8825993
2.8803493
2.8781769
2.8760796
2.8740546
2.8720995
2.8702119
2.8683895
2.8666301
2.8649316
2.8632918
2.8617091
2.8601801
2.8587059
2.8572763
2.8559103
2.8545387
2.8533815
2.8514583
3.0062897
2.9898444
2.9743852
2.9598327
2.9461168
2.9331758
2.9209531
2.9093965
2.8984587
2.8880967
2.8782711
2.8689459
2.8600881
2.8516674
2.8436557
2.8360274
2.8287583
2.8218265
2.8152115
2.8088942
2.8028571
2.7970837
2.7915588
2.7862684
2.7811993
2.7763392
2.7716769
2.7672016
2.7629035
2.7587736
2.7548031
2.7509844
2.7473097
2.7437723
2.7403656
2.7370835
2.7339206
2.7308714
2.7279312
2.7250953
2.7223593
2.7197192
2.7171713
2.7147118
2.7123374
2.7100449
2.7078314
2.7056939
2.7036297
2.7016364
2.6997113
2.6978523
2.696057
2.6943234
2.6926493
2.6910327
2.6894716
2.6879645
2.6865083
2.6851038
2.6837416
2.6824395
2.6811321
2.6800288
2.6781938
2.8320153
2.8164359
2.8017884
2.7879978
2.774998
2.7627306
2.7511423
2.7401838
2.7298105
2.7199818
2.7106604
2.7018126
2.6934069
2.6854149
2.67781
2.670568
2.6636661
2.6570836
2.6508011
2.6448006
2.6390654
2.63358
2.6283302
2.6233025
2.6184844
2.6138645
2.6094319
2.6051766
2.6010893
2.5971613
2.5933845
2.5897514
2.586255
2.5828886
2.5796461
2.5765217
2.5735103
2.5706067
2.5678063
2.5651047
2.5624979
2.559982
2.5575534
2.5552086
2.5529445
2.5507581
2.5486464
2.5466068
2.5446368
2.5427339
2.5408957
2.5391202
2.5374052
2.5357486
2.5341484
2.532603
2.5311101
2.5296685
2.5282753
2.5269311
2.5256272
2.5243803
2.5231286
2.5220718
2.5203129
2.672961
2.6581481
2.6442188
2.6311023
2.6187359
2.6070644
2.596037
2.5856073
2.575733
2.5663755
2.5574998
2.5490736
2.5410673
2.5334539
2.5262082
2.5193073
2.5127296
2.5064553
2.5004661
2.494745
2.4892762
2.4840449
2.4790376
2.4742414
2.4696447
2.4652364
2.4610063
2.4569448
2.4530431
2.449293
2.4456867
2.4422171
2.4388775
2.4356615
2.4325635
2.4295778
2.4266995
2.4239239
2.4212464
2.4186629
2.4161695
2.4137626
2.4114387
2.4091946
2.4070272
2.4049337
2.4029113
2.4009575
2.3990699
2.3972462
2.3954841
2.3937816
2.3921367
2.3905474
2.3890119
2.3875284
2.3860951
2.3847106
2.3833723
2.3820807
2.3808275
2.3796287
2.3784252
2.377409
2.375716
2.5270972
2.5129666
2.4996766
2.4871599
2.475357
2.4642155
2.4536872
2.4437277
2.4342971
2.4253586
2.4168789
2.4088274
2.401176
2.3938989
2.3869723
2.3803742
2.3740843
2.3680837
2.362355
2.3568819
2.3516494
2.3466435
2.3418512
2.3372605
2.33286
2.3286393
2.3245887
2.320699
2.3169618
2.3133692
2.3099139
2.3065891
2.3033884
2.3003057
2.2973354
2.2944725
2.291712
2.2890495
2.2864806
2.2840015
2.2816084
2.2792978
2.2770664
2.2749111
2.272829
2.2708175
2.2688739
2.2669957
2.2651807
2.2634267
2.2617315
2.2600933
2.25851
2.2569799
2.2555012
2.2540722
2.2526912
2.2513568
2.2500665
2.248821
2.2476122
2.2464555
2.2452944
2.2443135
2.2426782
2.3927446
2.3792247
2.3665068
2.3545269
2.3432282
2.3325608
2.3224787
2.3129398
2.3039058
2.2953419
2.2872162
2.2794996
2.2721652
2.2651886
2.258547
2.2522195
2.2461866
2.2404303
2.234934
2.2296823
2.2246607
2.2198559
2.2152556
2.210848
2.2066226
2.2025692
2.1986786
2.194942
2.1913514
2.1878992
2.1845785
2.1813827
2.1783056
2.1753415
2.1724851
2.1697314
2.1670758
2.1645139
2.1620416
2.1596553
2.1573513
2.1551262
2.152977
2.1509006
2.1488943
2.1469555
2.1450817
2.1432706
2.14152
2.1398278
2.1381919
2.1366105
2.1350818
2.1336041
2.1321755
2.1307947
2.1294598
2.1281696
2.1269218
2.1257169
2.1245472
2.1234276
2.1223036
2.1213539
2.1197691
2.2685027
2.2555323
2.2433291
2.2318319
2.2209868
2.2107458
2.201065
2.1919041
2.1832267
2.1749993
2.1671918
2.159776
2.1527266
2.1460199
2.1396342
2.1335496
2.1277474
2.1222105
2.1169229
2.1118698
2.1070375
2.1024132
2.097985
2.0937418
2.0896733
2.0857699
2.0820228
2.0784235
2.0749643
2.071638
2.0684378
2.0653575
2.0623912
2.0595334
2.0567788
2.0541229
2.0515611
2.0490893
2.0467035
2.0444001
2.0421758
2.0400272
2.0379514
2.0359455
2.0340069
2.0321331
2.0303216
2.0285703
2.0268771
2.0252399
2.0236569
2.0221262
2.0206461
2.0192149
2.017831
2.0164929
2.015199
2.0139481
2.0127379
2.011569
2.010434
2.0093472
2.0082561
2.007334
2.0057939
2.1531942
2.1407208
2.128983
2.1179224
2.1074872
2.0976316
2.0883135
2.0794943
2.071139
2.0632158
2.0556956
2.0485517
2.0417595
2.0352965
2.029142
2.0232767
2.0176828
2.0123439
2.0072446
2.0023708
1.9977093
1.9932477
1.9889748
1.9848798
1.9809528
1.9771848
1.973567
1.9700915
1.9667507
1.9635378
1.9604463
1.9574701
1.9546035
1.9518414
1.9491786
1.9466107
1.9441334
1.9417426
1.9394346
1.9372059
1.9350532
1.9329734
1.9309636
1.9290211
1.9271433
1.9253277
1.9235723
1.9218747
1.9202329
1.9186452
1.9171095
1.9156242
1.9141875
1.912798
1.9114541
1.9101543
1.908897
1.9076812
1.9065046
1.9053678
1.9042638
1.9032062
1.9021445
1.9012469
1.8997465
2.045823
2.0338013
2.0224864
2.0118225
2.0017598
1.9922544
1.9832658
1.9747569
1.9666943
1.9590473
1.9517881
1.9448909
1.9383323
1.9320905
1.9261458
1.9204795
1.9150747
1.9099154
1.904987
1.9002758
1.8957691
1.8914553
1.8873231
1.8833626
1.879564
1.8759186
1.8724181
1.8690547
1.8658213
1.8627112
1.8597181
1.8568362
1.8540601
1.8513846
1.848805
1.8463168
1.843916
1.8415986
1.839361
1.8371998
1.8351119
1.8330943
1.8311442
1.829259
1.8274361
1.8256733
1.8239684
1.8223193
1.8207241
1.8191808
1.8176879
1.8162435
1.8148461
1.8134941
1.8121861
1.8109208
1.8096964
1.8085122
1.8073658
1.8062578
1.8051816
1.8041502
1.8031148
1.8022393
1.8007743
1.9455409
1.9339317
1.9230031
1.9127014
1.9029788
1.8937931
1.8851053
1.8768797
1.8690842
1.8616894
1.8546683
1.8479964
1.8416509
1.8356111
1.8298577
1.824373
1.8191406
1.8141452
1.8093727
1.8048098
1.8004444
1.7962652
1.7922615
1.7884235
1.784742
1.7812084
1.7778148
1.7745537
1.7714181
1.7684017
1.7654983
1.7627024
1.7600086
1.7574121
1.7549082
1.7524926
1.7501614
1.7479109
1.7457374
1.7436377
1.7416088
1.7396479
1.7377521
1.7359189
1.734146
1.7324312
1.7307722
1.7291672
1.7276142
1.7261114
1.7246572
1.72325
1.7218882
1.7205703
1.7192949
1.7180607
1.7168662
1.7157104
1.7145914
1.7135095
1.7124584
1.7114506
1.7104389
1.7095833
1.7081502
1.8516212
1.8403905
1.8298163
1.819847
1.8104366
1.8015443
1.7931324
1.7851668
1.7776164
1.7704529
1.7636503
1.757185
1.751035
1.7451804
1.7396026
1.7342845
1.7292102
1.7243651
1.7197354
1.7153086
1.7110728
1.707017
1.703131
1.6994054
1.6958311
1.6924001
1.6891044
1.6859371
1.6828912
1.6799606
1.6771395
1.6744223
1.6718041
1.6692799
1.6668454
1.6644964
1.662229
1.6600396
1.6579248
1.6558815
1.6539067
1.6519976
1.6501515
1.648366
1.6466389
1.6449679
1.6433509
1.6417862
1.6402718
1.6388061
1.6373873
1.636014
1.6346847
1.6333978
1.6321522
1.6309464
1.6297792
1.6286494
1.6275552
1.6264971
1.6254688
1.6244825
1.6234924
1.6226548
1.6212507
1.7634382
1.7525566
1.7423092
1.7326464
1.7235238
1.714902
1.7067446
1.6990187
1.6916943
1.684744
1.6781429
1.6718681
1.6658984
1.6602145
1.6547985
1.649634
1.6447055
1.6399989
1.6355011
1.6311996
1.6270832
1.6231412
1.6193638
1.6157418
1.6122664
1.6089299
1.6057246
1.6026436
1.5996804
1.596829
1.5940837
1.5914391
1.5888904
1.586433
1.5840624
1.5817747
1.5795661
1.5774332
1.5753725
1.5733811
1.5714561
1.5695947
1.5677944
1.5660529
1.5643679
1.5627373
1.561159
1.5596314
1.5581526
1.5567209
1.5553347
1.5539926
1.5526931
1.5514349
1.5502165
1.5490369
1.5478946
1.5467887
1.5457174
1.544681
1.5436736
1.542707
1.5417366
1.5409155
1.5395378
1.6804503
1.6698921
1.6599475
1.6505687
1.6417128
1.6333416
1.6254201
1.6179163
1.6108013
1.6040487
1.5976343
1.591536
1.5857334
1.5802077
1.5749418
1.5699196
1.5651262
1.5605481
1.5561723
1.5519871
1.5479814
1.5441449
1.5404681
1.536942
1.5335584
1.5303094
1.5271879
1.524187
1.5213005
1.5185224
1.5158474
1.5132702
1.510786
1.5083904
1.5060791
1.5038483
1.5016942
1.4996136
1.4976031
1.4956598
1.493781
1.4919639
1.4902061
1.4885053
1.4868593
1.4852661
1.4837238
1.4822305
1.4807846
1.4793844
1.4780285
1.4767153
1.4754434
1.4742116
1.4730186
1.4718631
1.4707439
1.4696601
1.4686098
1.4675936
1.4666054
1.465657
1.4647048
1.463899
1.4625456
1.447329
1.4446194
1.4420098
1.4394954
1.4370714
1.4347334
1.4324775
1.4302997
1.4281965
1.4261647
1.424201
1.4223027
1.4204669
1.4186911
1.4169729
1.4153101
1.4137006
1.4121423
1.4106335
1.4091723
1.4077571
1.4063863
1.4050586
1.4037723
1.4025262
1.4013191
1.4001496
1.3990167
1.397919
1.3968557
1.3958251
1.3948275
1.3938573
1.3929258
1.3919906
1.3911988
1.389868
1.3722032
1.3697476
1.3673801
1.3650962
1.3628922
1.3607642
1.3587087
1.3567227
1.354803
1.3529468
1.3511514
1.3494145
1.3477335
1.3461064
1.3445311
1.3430056
1.3415282
1.3400971
1.3387108
1.3373677
1.3360664
1.3348054
1.3335836
1.3323996
1.3312522
1.3301404
1.3290629
1.3280189
1.3270067
1.3260267
1.3250733
1.3241577
1.3232382
1.3224597
1.32115
)
;

boundaryField
{
    inlet
    {
        type            zeroGradient;
    }
    top
    {
        type            zeroGradient;
    }
    outlet
    {
        type            zeroGradient;
    }
    slipsurface
    {
        type            slip;
    }
    bottom
    {
        type            epsilonWallFunction;
        value           nonuniform List<scalar> 
65
(
16.573078
16.473396
16.379759
16.291676
16.208714
16.130495
16.056671
15.98692
15.92095
15.858495
15.799314
15.743186
15.689906
15.639288
15.591161
15.545364
15.501751
15.460187
15.420546
15.382711
15.346574
15.312035
15.279001
15.247387
15.217111
15.188099
15.160282
15.133596
15.107981
15.083382
15.059746
15.037026
15.015177
14.994156
14.973926
14.954448
14.935691
14.917621
14.90021
14.883429
14.867253
14.851657
14.836618
14.822115
14.808127
14.794635
14.781621
14.769067
14.756957
14.745275
14.734007
14.723139
14.712656
14.702545
14.692795
14.683392
14.674324
14.665581
14.657145
14.649021
14.641151
14.633641
14.626107
14.619759
14.609226
)
;
    }
    frontandback
    {
        type            empty;
    }
    procBoundary2to0
    {
        type            processor;
        value           nonuniform List<scalar> 
26
(
16.679322
9.8609809
8.5000026
7.503524
6.6889557
6.0190196
5.461536
4.9912492
4.5892738
4.2415722
3.9376158
3.6693996
3.4307477
3.2168268
3.0238047
2.8486052
2.6887322
2.5421394
2.4071342
2.2823051
2.1664655
2.0586117
1.9578888
1.8635646
1.7750087
1.6916754
)
;
    }
    procBoundary2to3
    {
        type            processor;
        value           nonuniform List<scalar> 
67
(
1.6021868
1.5919296
1.5822669
1.5731524
1.5645448
1.556407
1.5487052
1.5414082
1.5344883
1.5279197
1.5216793
1.5157454
1.5100984
1.5047202
1.499594
1.4947044
1.490037
1.4855785
1.4813165
1.4772396
1.473337
1.4695989
1.4660158
1.4625792
1.459281
1.4561137
1.4530702
1.450144
1.450144
1.3773967
1.3747512
1.3747512
1.3061044
1.3037044
1.3013901
1.2991573
1.2970022
1.2949212
1.2929109
1.2909681
1.2890899
1.2872735
1.2855164
1.2838161
1.2821703
1.2805769
1.2790339
1.2775395
1.2760918
1.2746892
1.2733302
1.2720132
1.2707369
1.2694999
1.2683009
1.2671388
1.2660124
1.2649206
1.2638622
1.2628364
1.2618415
1.2608781
1.2599407
1.25904
1.2581355
1.2573695
1.2560797
)
;
    }
}


// ************************************************************************* //
