/*--------------------------------*- C++ -*----------------------------------*\
  =========                 |
  \\      /  F ield         | OpenFOAM: The Open Source CFD Toolbox
   \\    /   O peration     | Website:  https://openfoam.org
    \\  /    A nd           | Version:  12
     \\/     M anipulation  |
\*---------------------------------------------------------------------------*/
FoamFile
{
    format      ascii;
    class       volScalarField;
    location    "1900";
    object      p;
}
// * * * * * * * * * * * * * * * * * * * * * * * * * * * * * * * * * * * * * //

dimensions      [0 2 -2 0 0 0 0];

internalField   nonuniform List<scalar> 
1762
(
0.00046009562
0.00045233007
0.00044597128
0.00044079005
0.00043658652
0.00043321864
0.00043053075
0.00042840504
0.0004267309
0.00042540878
0.00042435624
0.00042348856
0.00042276505
0.00042210614
0.00042144027
0.00042074691
0.00041997017
0.00041907476
0.00041802509
0.00041679023
0.00041534191
0.00041365449
0.00041170463
0.00040947107
0.00040693452
0.00040407745
0.00040088385
0.00039733904
0.00039342963
0.00038914362
0.00038447032
0.0003794002
0.00037392443
0.00036803487
0.00036172433
0.00035498687
0.00034781735
0.0003402118
0.0003321666
0.0003236809
0.00031475244
0.00030537984
0.00029556541
0.0002853111
0.00027462101
0.00026350103
0.00025195925
0.00024000653
0.00022765559
0.00021492706
0.00020184005
0.00018843282
0.00017472682
0.00016080814
0.00014666899
0.00013255374
0.00011826099
0.00010465056
9.0540256e-05
7.9444392e-05
6.5512167e-05
6.18267e-05
2.9447385e-05
0.00018088582
-0.00023519304
0.00046011362
0.00045234662
0.00044598651
0.00044080409
0.00043659948
0.00043323061
0.00043054182
0.00042841529
0.00042674039
0.00042541759
0.00042436441
0.00042349615
0.00042277211
0.0004221127
0.00042144638
0.0004207526
0.00041997547
0.00041907971
0.0004180297
0.00041679454
0.00041534593
0.00041365825
0.00041170815
0.00040947436
0.0004069376
0.00040408033
0.00040088655
0.00039734156
0.000393432
0.00038914584
0.0003844724
0.00037940216
0.00037392627
0.0003680366
0.00036172595
0.00035498839
0.00034781878
0.00034021314
0.00033216786
0.00032368209
0.00031475356
0.00030538089
0.00029556641
0.00028531204
0.00027462189
0.00026350187
0.00025196003
0.00024000727
0.0002276563
0.00021492772
0.00020184067
0.00018843341
0.00017472738
0.00016080867
0.00014666949
0.00013255421
0.00011826143
0.00010465098
9.0540656e-05
7.9444772e-05
6.5512527e-05
6.1827046e-05
2.9447735e-05
0.0001808862
-0.00023519278
0.00046014105
0.00045237182
0.00044600969
0.00044082545
0.00043661917
0.00043324879
0.00043055863
0.00042843083
0.00042675479
0.00042543093
0.00042437679
0.00042350764
0.00042278279
0.00042212263
0.00042145561
0.0004207612
0.00041998348
0.00041908718
0.00041803667
0.00041680104
0.000415352
0.00041366392
0.00041171344
0.00040947932
0.00040694224
0.00040408467
0.00040089061
0.00039734537
0.00039343556
0.00038914918
0.00038447554
0.00037940509
0.00037392903
0.00036803919
0.00036172839
0.00035499068
0.00034782093
0.00034021516
0.00033216976
0.00032368388
0.00031475524
0.00030538248
0.0002955679
0.00028531345
0.00027462322
0.00026350312
0.00025196121
0.00024000839
0.00022765734
0.00021492871
0.00020184161
0.00018843429
0.00017472821
0.00016080945
0.00014667023
0.00013255491
0.0001182621
0.00010465161
9.0541254e-05
7.9445341e-05
6.5513066e-05
6.1827562e-05
2.9448225e-05
0.00018088676
-0.00023519242
0.0004601767
0.00045240456
0.00044603979
0.00044085316
0.00043664473
0.00043327237
0.00043058042
0.00042845098
0.00042677344
0.00042544821
0.00042439282
0.00042352251
0.0004227966
0.00042213547
0.00042146756
0.00042077231
0.00041999383
0.00041909683
0.00041804567
0.00041680944
0.00041535984
0.00041367123
0.00041172028
0.00040948571
0.00040694821
0.00040409026
0.00040089585
0.00039735027
0.00039344016
0.00038915349
0.00038447958
0.00037940888
0.00037393258
0.00036804252
0.00036173152
0.00035499362
0.00034782369
0.00034021776
0.00033217221
0.00032368618
0.00031475741
0.00030538452
0.00029556982
0.00028531525
0.00027462492
0.00026350472
0.00025196272
0.00024000981
0.00022765869
0.00021492998
0.00020184281
0.00018843543
0.00017472929
0.00016081047
0.00014667119
0.00013255582
0.00011826296
0.00010465243
9.0542023e-05
7.9446071e-05
6.5513757e-05
6.1828226e-05
2.9448828e-05
0.00018088748
-0.00023519197
0.00046021719
0.00045244174
0.00044607399
0.00044088465
0.00043667376
0.00043329917
0.00043060517
0.00042847388
0.00042679464
0.00042546786
0.00042441103
0.00042353942
0.00042281231
0.00042215007
0.00042148114
0.00042078495
0.0004200056
0.00041910779
0.00041805589
0.00041681898
0.00041536874
0.00041367955
0.00041172806
0.00040949298
0.00040695501
0.00040409662
0.0004009018
0.00039735585
0.00039344538
0.00038915839
0.00038448417
0.00037941319
0.00037393663
0.00036804632
0.00036173509
0.00035499697
0.00034782684
0.00034022072
0.00033217499
0.0003236888
0.00031475987
0.00030538684
0.000295572
0.00028531731
0.00027462686
0.00026350655
0.00025196445
0.00024001144
0.00022766023
0.00021493143
0.00020184418
0.00018843672
0.0001747305
0.00016081162
0.00014667228
0.00013255685
0.00011826393
0.00010465335
9.0542897e-05
7.9446902e-05
6.5514544e-05
6.182898e-05
2.9449512e-05
0.00018088829
-0.00023519147
0.00046026021
0.00045248125
0.00044611031
0.0004409181
0.00043670459
0.00043332762
0.00043063146
0.00042849819
0.00042681714
0.0004254887
0.00042443036
0.00042355736
0.00042282897
0.00042216555
0.00042149554
0.00042079835
0.00042001808
0.00041911943
0.00041806674
0.00041682909
0.00041537819
0.00041368837
0.0004117363
0.00040950068
0.00040696222
0.00040410336
0.00040090811
0.00039736176
0.00039345092
0.00038916358
0.00038448903
0.00037941775
0.00037394091
0.00036805034
0.00036173886
0.00035500051
0.00034783017
0.00034022385
0.00033217794
0.00032369157
0.00031476248
0.00030538929
0.00029557432
0.00028531949
0.00027462891
0.00026350848
0.00025196627
0.00024001316
0.00022766185
0.00021493296
0.00020184562
0.00018843808
0.0001747318
0.00016081284
0.00014667343
0.00013255794
0.00011826496
0.00010465433
9.0543822e-05
7.9447781e-05
6.5515376e-05
6.1829779e-05
2.9450237e-05
0.00018088916
-0.00023519093
0.00046030521
0.00045252255
0.00044614828
0.00044095304
0.00043673679
0.00043335733
0.00043065889
0.00042852355
0.00042684061
0.00042551044
0.00042445052
0.00042357606
0.00042284633
0.00042218168
0.00042151054
0.00042081231
0.00042003108
0.00041913153
0.00041807803
0.00041683962
0.00041538801
0.00041369755
0.00041174487
0.00040950869
0.00040696971
0.00040411037
0.00040091467
0.0003973679
0.00039345667
0.00038916897
0.00038449409
0.00037942249
0.00037394535
0.00036805451
0.00036174278
0.00035500419
0.00034783363
0.0003402271
0.000332181
0.00032369444
0.00031476518
0.00030539184
0.00029557671
0.00028532175
0.00027463104
0.00026351049
0.00025196816
0.00024001494
0.00022766353
0.00021493455
0.00020184712
0.0001884395
0.00017473313
0.0001608141
0.00014667463
0.00013255907
0.00011826603
0.00010465534
9.0544781e-05
7.9448693e-05
6.5516239e-05
6.1830606e-05
2.9450989e-05
0.00018089006
-0.00023519038
0.00046035204
0.00045256552
0.00044618777
0.00044098937
0.00043677026
0.00043338819
0.00043068739
0.00042854989
0.00042686498
0.00042553301
0.00042447143
0.00042359546
0.00042286434
0.00042219841
0.00042152609
0.00042082678
0.00042004455
0.00041914408
0.00041808972
0.00041685052
0.00041539818
0.00041370704
0.00041175373
0.00040951698
0.00040697745
0.00040411762
0.00040092145
0.00039737425
0.00039346262
0.00038917454
0.00038449931
0.00037942739
0.00037394995
0.00036805882
0.00036174683
0.000355008
0.0003478372
0.00034023046
0.00033218415
0.00032369741
0.00031476798
0.00030539447
0.00029557919
0.00028532408
0.00027463324
0.00026351256
0.00025197011
0.00024001678
0.00022766527
0.00021493619
0.00020184867
0.00018844096
0.00017473451
0.00016081541
0.00014667586
0.00013256024
0.00011826714
0.00010465638
9.0545769e-05
7.9449632e-05
6.5517128e-05
6.1831459e-05
2.9451763e-05
0.00018089098
-0.0002351898
0.00046040058
0.00045261005
0.00044622866
0.00044102698
0.00043680489
0.00043342013
0.00043071687
0.00042857713
0.00042689017
0.00042555633
0.00042449303
0.00042361549
0.00042288293
0.00042221568
0.00042154214
0.0004208417
0.00042005844
0.00041915701
0.00041810177
0.00041686176
0.00041540867
0.00041371683
0.00041176287
0.00040952551
0.00040698543
0.00040412508
0.00040092844
0.00039738078
0.00039346874
0.00038918027
0.00038450468
0.00037943243
0.00037395468
0.00036806326
0.00036175099
0.00035501191
0.00034784088
0.00034023391
0.0003321874
0.00032370047
0.00031477085
0.00030539717
0.00029558173
0.00028532647
0.00027463549
0.00026351469
0.00025197212
0.00024001868
0.00022766705
0.00021493787
0.00020185026
0.00018844246
0.00017473593
0.00016081675
0.00014667712
0.00013256143
0.00011826827
0.00010465745
9.0546783e-05
7.9450596e-05
6.551804e-05
6.1832334e-05
2.9452558e-05
0.00018089193
-0.00023518922
0.00046045071
0.000452656
0.00044627086
0.00044106578
0.00043684061
0.00043345306
0.00043074725
0.00042860519
0.00042691612
0.00042558034
0.00042451528
0.00042363611
0.00042290206
0.00042223344
0.00042155864
0.00042085705
0.00042007272
0.00041917031
0.00041811416
0.00041687331
0.00041541944
0.00041372688
0.00041177226
0.00040953428
0.00040699363
0.00040413274
0.0004009356
0.00039738749
0.00039347502
0.00038918615
0.00038451019
0.0003794376
0.00037395952
0.0003680678
0.00036175526
0.00035501591
0.00034784464
0.00034023745
0.00033219072
0.00032370359
0.00031477379
0.00030539994
0.00029558434
0.00028532893
0.0002746378
0.00026351686
0.00025197417
0.00024002061
0.00022766888
0.00021493959
0.00020185188
0.000188444
0.00017473738
0.00016081812
0.00014667842
0.00013256266
0.00011826942
0.00010465855
9.0547819e-05
7.9451581e-05
6.5518972e-05
6.1833228e-05
2.9453371e-05
0.00018089289
-0.00023518862
0.00046050232
0.00045270331
0.00044631428
0.00044110569
0.00043687735
0.0004334869
0.00043077847
0.00042863402
0.00042694276
0.00042560499
0.00042453811
0.00042365728
0.00042292169
0.00042225166
0.00042157557
0.00042087279
0.00042008736
0.00041918394
0.00041812685
0.00041688514
0.00041543047
0.00041373717
0.00041178186
0.00040954325
0.00040700201
0.00040414058
0.00040094293
0.00039739435
0.00039348144
0.00038919217
0.00038451583
0.00037944288
0.00037396447
0.00036807245
0.00036175962
0.00035502001
0.00034784849
0.00034024106
0.00033219412
0.00032370678
0.00031477679
0.00030540276
0.000295587
0.00028533143
0.00027464016
0.00026351909
0.00025197627
0.00024002259
0.00022767074
0.00021494135
0.00020185354
0.00018844556
0.00017473886
0.00016081951
0.00014667974
0.0001325639
0.0001182706
0.00010465967
9.0548876e-05
7.9452585e-05
6.5519923e-05
6.183414e-05
2.9454199e-05
0.00018089388
-0.00023518801
0.00046055535
0.0004527519
0.00044635887
0.00044114666
0.00043691504
0.00043352162
0.00043081049
0.00042866358
0.00042697008
0.00042563026
0.0004245615
0.00042367895
0.00042294179
0.00042227032
0.00042159289
0.00042088889
0.00042010233
0.00041919787
0.00041813983
0.00041689723
0.00041544174
0.00041374768
0.00041179168
0.00040955241
0.00040701057
0.00040414858
0.00040095041
0.00039740135
0.00039348799
0.0003891983
0.00038452158
0.00037944827
0.00037396953
0.00036807719
0.00036176407
0.00035502418
0.00034785241
0.00034024475
0.00033219758
0.00032371004
0.00031477985
0.00030540564
0.00029558971
0.00028533398
0.00027464257
0.00026352135
0.0002519784
0.0002400246
0.00022767264
0.00021494314
0.00020185523
0.00018844716
0.00017474036
0.00016082093
0.00014668108
0.00013256517
0.00011827181
0.0001046608
9.0549952e-05
7.9453607e-05
6.5520889e-05
6.1835067e-05
2.9455041e-05
0.00018089488
-0.00023518738
0.00046060975
0.00045280173
0.00044640457
0.00044118864
0.00043695365
0.00043355718
0.00043084327
0.00042869383
0.00042699802
0.0004256561
0.00042458541
0.0004237011
0.00042296233
0.00042228937
0.00042161059
0.00042090533
0.00042011762
0.0004192121
0.00041815307
0.00041690957
0.00041545324
0.00041375841
0.00041180168
0.00040956176
0.0004070193
0.00040415674
0.00040095804
0.00039740849
0.00039349467
0.00038920456
0.00038452744
0.00037945376
0.00037397467
0.00036808201
0.00036176859
0.00035502843
0.0003478564
0.00034024849
0.0003322011
0.00032371335
0.00031478297
0.00030540857
0.00029559246
0.00028533658
0.00027464501
0.00026352365
0.00025198057
0.00024002664
0.00022767456
0.00021494496
0.00020185694
0.00018844877
0.00017474189
0.00016082238
0.00014668245
0.00013256646
0.00011827302
0.00010466196
9.0551043e-05
7.9454645e-05
6.5521871e-05
6.1836008e-05
2.9455896e-05
0.0001808959
-0.00023518675
0.00046066547
0.00045285275
0.00044645135
0.00044123159
0.00043699314
0.00043359353
0.00043087677
0.00042872474
0.00042702657
0.00042568249
0.00042460984
0.00042372372
0.00042298329
0.00042230882
0.00042162864
0.0004209221
0.00042013321
0.0004192266
0.00041816657
0.00041692214
0.00041546495
0.00041376933
0.00041181187
0.00040957127
0.00040702818
0.00040416504
0.0004009658
0.00039741574
0.00039350146
0.00038921091
0.00038453339
0.00037945933
0.0003739799
0.00036808692
0.00036177319
0.00035503275
0.00034786045
0.0003402523
0.00033220468
0.00032371671
0.00031478613
0.00030541154
0.00029559526
0.00028533921
0.00027464749
0.00026352599
0.00025198277
0.00024002872
0.00022767652
0.0002149468
0.00020185868
0.00018845042
0.00017474344
0.00016082384
0.00014668383
0.00013256777
0.00011827426
0.00010466313
9.055215e-05
7.9455697e-05
6.5522866e-05
6.1836962e-05
2.9456763e-05
0.00018089693
-0.00023518611
0.00046072248
0.00045290492
0.00044649917
0.00044127549
0.00043703349
0.00043363066
0.00043091098
0.00042875629
0.0004270557
0.00042570941
0.00042463474
0.00042374678
0.00042300466
0.00042232863
0.00042164703
0.00042093918
0.00042014908
0.00041924136
0.0004181803
0.00041693493
0.00041547687
0.00041378044
0.00041182224
0.00040958094
0.00040703722
0.00040417348
0.00040097369
0.00039742312
0.00039350836
0.00038921737
0.00038453944
0.000379465
0.00037398521
0.0003680919
0.00036177786
0.00035503713
0.00034786456
0.00034025616
0.00033220831
0.00032372012
0.00031478933
0.00030541456
0.0002955981
0.00028534188
0.00027465
0.00026352836
0.000251985
0.00024003082
0.0002276785
0.00021494867
0.00020186045
0.00018845208
0.00017474501
0.00016082533
0.00014668523
0.0001325691
0.00011827551
0.00010466431
9.0553271e-05
7.9456762e-05
6.5523873e-05
6.1837928e-05
2.945764e-05
0.00018089797
-0.00023518546
0.00046078073
0.00045295822
0.00044654801
0.0004413203
0.00043707466
0.00043366854
0.00043094587
0.00042878846
0.00042708539
0.00042573685
0.00042466011
0.00042377026
0.00042302641
0.0004223488
0.00042166574
0.00042095655
0.00042016523
0.00041925637
0.00041819427
0.00041694793
0.00041548899
0.00041379173
0.00041183277
0.00040959077
0.00040704639
0.00040418205
0.0004009817
0.00039743061
0.00039351536
0.00038922393
0.00038454557
0.00037947075
0.0003739906
0.00036809695
0.0003617826
0.00035504157
0.00034786873
0.00034026008
0.00033221198
0.00032372358
0.00031479258
0.00030541762
0.00029560097
0.00028534459
0.00027465255
0.00026353075
0.00025198726
0.00024003295
0.00022768051
0.00021495056
0.00020186223
0.00018845377
0.0001747466
0.00016082683
0.00014668665
0.00013257044
0.00011827678
0.00010466551
9.0554405e-05
7.9457839e-05
6.5524892e-05
6.1838905e-05
2.9458527e-05
0.00018089902
-0.00023518481
0.00046084021
0.00045301262
0.00044659784
0.00044136601
0.00043711665
0.00043370715
0.00043098142
0.00042882123
0.00042711563
0.00042576477
0.00042468593
0.00042379416
0.00042304854
0.00042236931
0.00042168477
0.00042097421
0.00042018163
0.00041927162
0.00041820846
0.00041696114
0.00041550129
0.0004138032
0.00041184346
0.00040960074
0.00040705569
0.00040419074
0.00040098982
0.0003974382
0.00039352246
0.00038923057
0.00038455179
0.00037947657
0.00037399605
0.00036810206
0.00036178739
0.00035504607
0.00034787296
0.00034026405
0.00033221571
0.00032372708
0.00031479587
0.00030542071
0.00029560388
0.00028534732
0.00027465513
0.00026353318
0.00025198954
0.0002400351
0.00022768254
0.00021495248
0.00020186404
0.00018845547
0.00017474821
0.00016082835
0.00014668808
0.00013257179
0.00011827806
0.00010466672
9.055555e-05
7.9458926e-05
6.552592e-05
6.1839891e-05
2.9459423e-05
0.00018090009
-0.00023518414
0.0004609009
0.00045306811
0.00044664864
0.00044141259
0.00043715942
0.00043374647
0.00043101761
0.00042885458
0.0004271464
0.00042579319
0.00042471219
0.00042381845
0.00042307104
0.00042239016
0.0004217041
0.00042099215
0.0004201983
0.00041928711
0.00041822286
0.00041697454
0.00041551377
0.00041381482
0.00041185429
0.00040961085
0.00040706513
0.00040419955
0.00040099805
0.00039744589
0.00039352966
0.0003892373
0.00038455809
0.00037948247
0.00037400158
0.00036810724
0.00036179225
0.00035505063
0.00034787723
0.00034026806
0.00033221948
0.00032373062
0.0003147992
0.00030542384
0.00029560682
0.00028535009
0.00027465773
0.00026353563
0.00025199185
0.00024003728
0.00022768459
0.00021495441
0.00020186586
0.00018845719
0.00017474983
0.00016082988
0.00014668953
0.00013257316
0.00011827935
0.00010466795
9.0556707e-05
7.9460025e-05
6.5526959e-05
6.1840887e-05
2.9460327e-05
0.00018090116
-0.00023518347
0.00046096277
0.00045312465
0.0004467004
0.00044146003
0.00043720297
0.0004337865
0.00043105444
0.00042888851
0.00042717769
0.00042582207
0.00042473888
0.00042384313
0.00042309389
0.00042241132
0.00042172372
0.00042101036
0.0004202152
0.00041930282
0.00041823747
0.00041698813
0.00041552642
0.00041382661
0.00041186528
0.00040962109
0.00040707469
0.00040420847
0.00040100638
0.00039745368
0.00039353694
0.00038924411
0.00038456447
0.00037948844
0.00037400717
0.00036811248
0.00036179716
0.00035505523
0.00034788155
0.00034027211
0.00033222328
0.00032373419
0.00031480256
0.000305427
0.0002956098
0.00028535289
0.00027466036
0.00026353811
0.00025199419
0.00024003947
0.00022768666
0.00021495636
0.0002018677
0.00018845893
0.00017475147
0.00016083143
0.00014669099
0.00013257454
0.00011828066
0.00010466918
9.0557873e-05
7.9461132e-05
6.5528006e-05
6.184189e-05
2.9461239e-05
0.00018090224
-0.0002351828
0.00046102582
0.00045318225
0.0004467531
0.00044150832
0.00043724728
0.00043382721
0.00043109189
0.000428923
0.00042720948
0.00042585141
0.00042476598
0.0004238682
0.00042311708
0.0004224328
0.00042174363
0.00042102883
0.00042023235
0.00041931875
0.00041825227
0.0004170019
0.00041553923
0.00041383854
0.0004118764
0.00040963146
0.00040708436
0.0004042175
0.00040101481
0.00039746156
0.0003935443
0.000389251
0.00038457091
0.00037949447
0.00037401282
0.00036811777
0.00036180212
0.00035505989
0.00034788592
0.00034027621
0.00033222713
0.00032373781
0.00031480596
0.00030543019
0.0002956128
0.00028535571
0.00027466302
0.00026354061
0.00025199654
0.00024004169
0.00022768875
0.00021495833
0.00020186956
0.00018846068
0.00017475313
0.00016083299
0.00014669246
0.00013257593
0.00011828197
0.00010467042
9.0559048e-05
7.9462248e-05
6.5529061e-05
6.1842902e-05
2.9462157e-05
0.00018090333
-0.00023518212
0.00046109003
0.00045324089
0.00044680674
0.00044155745
0.00043729234
0.0004338686
0.00043112996
0.00042895804
0.00042724178
0.0004258812
0.0004247935
0.00042389363
0.00042314061
0.00042245459
0.00042176382
0.00042104756
0.00042024973
0.00041933489
0.00041826727
0.00041701585
0.00041555221
0.00041385063
0.00041188766
0.00040964196
0.00040709415
0.00040422664
0.00040102334
0.00039746953
0.00039355175
0.00038925796
0.00038457743
0.00037950057
0.00037401853
0.00036812312
0.00036180714
0.00035506459
0.00034789033
0.00034028035
0.00033223102
0.00032374146
0.00031480938
0.00030543341
0.00029561583
0.00028535856
0.0002746657
0.00026354313
0.00025199892
0.00024004393
0.00022769086
0.00021496032
0.00020187143
0.00018846244
0.00017475479
0.00016083456
0.00014669395
0.00013257733
0.0001182833
0.00010467168
9.0560232e-05
7.9463372e-05
6.5530123e-05
6.184392e-05
2.9463082e-05
0.00018090442
-0.00023518143
0.00046115541
0.00045330057
0.0004468613
0.00044160742
0.00043733816
0.00043391067
0.00043116863
0.00042899363
0.00042727457
0.00042591145
0.00042482142
0.00042391943
0.00042316447
0.00042247668
0.00042178428
0.00042106653
0.00042026733
0.00041935123
0.00041828246
0.00041702997
0.00041556535
0.00041386286
0.00041189906
0.00040965258
0.00040710405
0.00040423587
0.00040103197
0.00039747758
0.00039355928
0.000389265
0.00038458401
0.00037950673
0.0003740243
0.00036812852
0.0003618122
0.00035506933
0.00034789478
0.00034028452
0.00033223494
0.00032374514
0.00031481284
0.00030543666
0.00029561888
0.00028536143
0.0002746684
0.00026354568
0.00025200131
0.00024004618
0.00022769298
0.00021496232
0.00020187332
0.00018846422
0.00017475647
0.00016083614
0.00014669544
0.00013257874
0.00011828463
0.00010467294
9.0561424e-05
7.9464504e-05
6.5531193e-05
6.1844945e-05
2.9464012e-05
0.00018090552
-0.00023518074
0.00046122194
0.00045336129
0.00044691679
0.00044165821
0.00043738472
0.0004339534
0.0004312079
0.00042902976
0.00042730785
0.00042594213
0.00042484974
0.0004239456
0.00042318867
0.00042249907
0.00042180502
0.00042108575
0.00042028516
0.00041936778
0.00041829784
0.00041704427
0.00041557865
0.00041387523
0.00041191058
0.00040966332
0.00040711406
0.00040424521
0.00040104068
0.00039748572
0.00039356688
0.00038927211
0.00038459066
0.00037951295
0.00037403012
0.00036813398
0.00036181731
0.00035507412
0.00034789927
0.00034028874
0.00033223889
0.00032374885
0.00031481633
0.00030543993
0.00029562196
0.00028536433
0.00027467112
0.00026354824
0.00025200372
0.00024004845
0.00022769512
0.00021496434
0.00020187522
0.00018846602
0.00017475816
0.00016083774
0.00014669695
0.00013258017
0.00011828597
0.00010467421
9.0562623e-05
7.9465642e-05
6.5532268e-05
6.1845976e-05
2.9464948e-05
0.00018090663
-0.00023518004
0.00046128964
0.00045342305
0.00044697322
0.00044170984
0.00043743202
0.00043399681
0.00043124777
0.00042906644
0.00042734162
0.00042597326
0.00042487846
0.00042397212
0.00042321319
0.00042252175
0.00042182603
0.00042110522
0.00042030321
0.00041938454
0.0004183134
0.00041705873
0.00041559209
0.00041388774
0.00041192223
0.00040967417
0.00040712418
0.00040425465
0.00040104949
0.00039749394
0.00039357456
0.00038927929
0.00038459737
0.00037951923
0.000374036
0.00036813948
0.00036182246
0.00035507895
0.0003479038
0.00034029298
0.00033224287
0.00032375259
0.00031481984
0.00030544323
0.00029562506
0.00028536724
0.00027467387
0.00026355082
0.00025200615
0.00024005074
0.00022769728
0.00021496637
0.00020187713
0.00018846782
0.00017475986
0.00016083934
0.00014669846
0.0001325816
0.00011828732
0.00010467548
9.0563829e-05
7.9466787e-05
6.553335e-05
6.1847012e-05
2.9465889e-05
0.00018090774
-0.00023517934
0.00046135852
0.00045348585
0.00044703057
0.00044176229
0.00043748007
0.00043404088
0.00043128825
0.00042910365
0.00042737587
0.00042600483
0.00042490758
0.00042399901
0.00042323803
0.00042254473
0.0004218473
0.00042112492
0.00042032148
0.00041940149
0.00041832914
0.00041707335
0.00041560569
0.00041390039
0.000411934
0.00040968513
0.0004071344
0.00040426418
0.00040105838
0.00039750224
0.00039358231
0.00038928653
0.00038460414
0.00037952556
0.00037404192
0.00036814503
0.00036182766
0.00035508382
0.00034790836
0.00034029727
0.00033224689
0.00032375636
0.00031482338
0.00030544656
0.00029562819
0.00028537018
0.00027467663
0.00026355342
0.0002520086
0.00024005305
0.00022769944
0.00021496841
0.00020187906
0.00018846963
0.00017476157
0.00016084096
0.00014669999
0.00013258303
0.00011828868
0.00010467677
9.0565042e-05
7.9467938e-05
6.5534437e-05
6.1848054e-05
2.9466835e-05
0.00018090885
-0.00023517864
0.00046142857
0.0004535497
0.00044708886
0.00044181559
0.00043752887
0.00043408563
0.00043132933
0.00042914141
0.00042741062
0.00042603683
0.00042493709
0.00042402625
0.0004232632
0.000422568
0.00042186883
0.00042114487
0.00042033997
0.00041941864
0.00041834506
0.00041708814
0.00041561943
0.00041391318
0.0004119459
0.00040969621
0.00040714472
0.0004042738
0.00040106736
0.00039751062
0.00039359014
0.00038929384
0.00038461097
0.00037953195
0.0003740479
0.00036815063
0.0003618329
0.00035508873
0.00034791297
0.00034030158
0.00033225094
0.00032376016
0.00031482695
0.00030544991
0.00029563134
0.00028537314
0.00027467941
0.00026355604
0.00025201106
0.00024005536
0.00022770163
0.00021497046
0.000201881
0.00018847146
0.00017476329
0.00016084258
0.00014670152
0.00013258448
0.00011829005
0.00010467806
9.0566261e-05
7.9469094e-05
6.553553e-05
6.18491e-05
2.9467785e-05
0.00018090997
-0.00023517793
0.00039359803
0.00038930122
0.00038461787
0.0003795384
0.00037405393
0.00036815627
0.00036183818
0.00035509368
0.0003479176
0.00034030593
0.00033225502
0.00032376399
0.00031483054
0.00030545329
0.00029563451
0.00028537612
0.00027468221
0.00026355867
0.00025201354
0.0002400577
0.00022770382
0.00021497253
0.00020188294
0.0001884733
0.00017476503
0.00016084421
0.00014670306
0.00013258593
0.00011829142
0.00010467935
9.0567486e-05
7.9470256e-05
6.5536627e-05
6.1850151e-05
2.9468739e-05
0.0001809111
-0.00023517721
0.00038462482
0.0003795449
0.00037406001
0.00036816196
0.00036184351
0.00035509867
0.00034792228
0.00034031031
0.00033225913
0.00032376784
0.00031483416
0.00030545668
0.0002956377
0.00028537912
0.00027468503
0.00026356132
0.00025201603
0.00024006004
0.00022770603
0.00021497461
0.0002018849
0.00018847514
0.00017476677
0.00016084585
0.00014670461
0.00013258739
0.0001182928
0.00010468066
9.0568716e-05
7.9471423e-05
6.5537729e-05
6.1851206e-05
2.9469697e-05
0.00018091222
-0.00023517649
)
;

boundaryField
{
    inlet
    {
        type            zeroGradient;
    }
    top
    {
        type            zeroGradient;
    }
    outlet
    {
        type            fixedValue;
        value           uniform 0;
    }
    slipsurface
    {
        type            slip;
    }
    bottom
    {
        type            zeroGradient;
    }
    frontandback
    {
        type            empty;
    }
    procBoundary2to0
    {
        type            processor;
        value           nonuniform List<scalar> 
26
(
0.00046950156
0.00046952115
0.00046955106
0.00046958994
0.00046963409
0.00046968101
0.00046973011
0.00046978123
0.00046983423
0.00046988897
0.00046994537
0.00047000334
0.00047006283
0.00047012379
0.00047018617
0.00047024995
0.00047031509
0.00047038158
0.0004704494
0.00047051853
0.00047058896
0.0004706607
0.00047073374
0.0004708081
0.00047088377
0.00047096077
)
;
    }
    procBoundary2to3
    {
        type            processor;
        value           nonuniform List<scalar> 
67
(
0.00046149982
0.00045361462
0.00044714811
0.00044186974
0.00043757843
0.00043413105
0.00043137102
0.00042917972
0.00042744585
0.00042606928
0.00042496701
0.00042405385
0.00042328869
0.00042259157
0.00042189063
0.00042116506
0.00042035868
0.00041943599
0.00041836116
0.00041710309
0.00041563333
0.0004139261
0.00041195792
0.00040970741
0.00040715515
0.00040428352
0.00040107642
0.00039751908
0.00039751908
0.000393606
0.00038930866
0.00038930866
0.00038463183
0.00037955145
0.00037406614
0.00036816769
0.00036184888
0.0003551037
0.00034792699
0.00034031473
0.00033226327
0.00032377172
0.0003148378
0.0003054601
0.00029564091
0.00028538214
0.00027468787
0.00026356399
0.00025201854
0.0002400624
0.00022770825
0.0002149767
0.00020188687
0.000188477
0.00017476851
0.0001608475
0.00014670616
0.00013258886
0.00011829418
0.00010468196
9.0569951e-05
7.9472594e-05
6.5538835e-05
6.1852267e-05
2.9470658e-05
0.00018091335
-0.00023517577
)
;
    }
}


// ************************************************************************* //
