/*--------------------------------*- C++ -*----------------------------------*\
  =========                 |
  \\      /  F ield         | OpenFOAM: The Open Source CFD Toolbox
   \\    /   O peration     | Website:  https://openfoam.org
    \\  /    A nd           | Version:  12
     \\/     M anipulation  |
\*---------------------------------------------------------------------------*/
FoamFile
{
    format      ascii;
    class       volScalarField;
    location    "1500";
    object      nut;
}
// * * * * * * * * * * * * * * * * * * * * * * * * * * * * * * * * * * * * * //

dimensions      [0 2 -1 0 0 0 0];

internalField   nonuniform List<scalar> 
822
(
0.00023581587
0.00023558108
0.00023534081
0.00023509496
0.00023484348
0.00023458635
0.00023432353
0.00023405498
0.00023378062
0.00023350034
0.00023321402
0.00023292148
0.00023262254
0.00023231697
0.00023200451
0.00023168487
0.00023135777
0.00025324298
0.00025301564
0.00025278426
0.00025254859
0.00025230843
0.00025206366
0.00025181418
0.00025155991
0.00025130076
0.00025103666
0.00025076748
0.00025049313
0.00025021346
0.0002499283
0.00024963747
0.00024934075
0.00024903791
0.00024872869
0.00024841278
0.00024808986
0.00024775957
0.00024742153
0.00024707532
0.00024672048
0.00024635651
0.00024598288
0.00024559898
0.00024520418
0.00024479778
0.00024437902
0.00024394706
0.00024350101
0.00024303987
0.00024256253
0.00024206788
0.00026885831
0.0002686281
0.00026839479
0.00026815814
0.00026791795
0.0002676741
0.00026742647
0.00026717493
0.00026691939
0.00026665974
0.00026639587
0.00026612765
0.00026585494
0.00026557758
0.00026529541
0.00026500823
0.00026471582
0.00026441795
0.00026411435
0.00026380475
0.00026348884
0.00026316626
0.00026283666
0.00026249962
0.00026215471
0.00026180146
0.00026143934
0.00026106778
0.00026068617
0.00026029383
0.00025989003
0.00025947396
0.00025904473
0.00025860136
0.00025814288
0.00028260452
0.00028237154
0.00028213626
0.00028189847
0.00028165803
0.0002814148
0.00028116867
0.00028091952
0.00028066725
0.00028041174
0.00028015289
0.00027989056
0.00027962464
0.00027935498
0.00027908143
0.00027880381
0.00027852194
0.00027823563
0.00027794464
0.00027764875
0.00027734768
0.00027704114
0.00027672884
0.00027641042
0.00027608553
0.00027575374
0.00027541464
0.00027506773
0.0002747125
0.00027434837
0.00027397472
0.00027359086
0.00027319604
0.00027278941
0.00027237018
0.00029408415
0.00029384846
0.00029361117
0.00029337211
0.00029313115
0.0002928882
0.00029264314
0.00029239589
0.00029214634
0.0002918944
0.00029163996
0.00029138292
0.00029112317
0.00029086058
0.00029059502
0.00029032636
0.00029005443
0.00028977908
0.00028950013
0.00028921738
0.00028893062
0.00028863962
0.00028834413
0.00028804387
0.00028773856
0.00028742785
0.00028711141
0.00028678885
0.00028645974
0.00028612363
0.00028578001
0.00028542832
0.00028506796
0.00028469822
0.00028431851
0.00030309292
0.00030285467
0.00030261541
0.00030237498
0.0003021333
0.00030189028
0.00030164586
0.00030139995
0.00030115247
0.00030090335
0.0003006525
0.00030039984
0.00030014527
0.00029988869
0.00029963001
0.00029936911
0.00029910587
0.00029884017
0.00029857186
0.0002983008
0.00029802682
0.00029774975
0.0002974694
0.00029718555
0.00029689798
0.00029660644
0.00029631067
0.00029601036
0.00029570521
0.00029539484
0.00029507889
0.00029475692
0.00029442846
0.00029409298
0.00029375004
0.0003096747
0.00030943417
0.00030919309
0.00030895132
0.00030870881
0.00030846549
0.00030822132
0.00030797623
0.00030773016
0.00030748307
0.00030723488
0.00030698553
0.00030673495
0.00030648306
0.0003062298
0.00030597507
0.00030571879
0.00030546086
0.00030520118
0.00030493964
0.00030467613
0.0003044105
0.00030414263
0.00030387237
0.00030359953
0.00030332396
0.00030304545
0.00030276378
0.00030247873
0.00030219004
0.00030189743
0.00030160058
0.00030129916
0.00030099277
0.00030068115
0.00031412293
0.00031388055
0.00031363794
0.00031339501
0.0003131517
0.00031290796
0.00031266377
0.00031241909
0.00031217387
0.00031192807
0.00031168165
0.00031143456
0.00031118675
0.00031093817
0.00031068876
0.00031043847
0.00031018722
0.00030993496
0.0003096816
0.00030942707
0.00030917129
0.00030891417
0.0003086556
0.00030839548
0.0003081337
0.00030787013
0.00030760463
0.00030733706
0.00030706724
0.00030679501
0.00030652016
0.00030624249
0.00030596175
0.00030567764
0.00030539008
0.00031691193
0.0003166682
0.00031642447
0.00031618065
0.00031593668
0.00031569255
0.00031544822
0.00031520367
0.00031495888
0.00031471381
0.00031446843
0.00031422271
0.00031397662
0.00031373011
0.00031348314
0.00031323568
0.00031298768
0.00031273908
0.00031248984
0.0003122399
0.00031198921
0.00031173769
0.00031148529
0.00031123192
0.0003109775
0.00031072195
0.00031046517
0.00031020705
0.00030994749
0.00030968637
0.00030942353
0.00030915884
0.00030889215
0.00030862321
0.00030835205
0.00031857289
0.0003183283
0.00031808385
0.00031783943
0.00031759501
0.00031735057
0.00031710609
0.00031686155
0.00031661693
0.00031637221
0.00031612737
0.00031588238
0.00031563721
0.00031539184
0.00031514623
0.00031490036
0.00031465419
0.00031440769
0.00031416081
0.00031391351
0.00031366576
0.00031341749
0.00031316867
0.00031291924
0.00031266913
0.00031241828
0.00031216663
0.00031191409
0.0003116606
0.00031140604
0.00031115034
0.00031089337
0.00031063503
0.00031037516
0.0003101138
0.00031956579
0.00031932072
0.00031907586
0.0003188311
0.00031858641
0.00031834177
0.00031809718
0.00031785261
0.00031760805
0.00031736347
0.00031711887
0.00031687422
0.00031662949
0.00031638468
0.00031613974
0.00031589466
0.00031564941
0.00031540396
0.00031515827
0.00031491232
0.00031466607
0.00031441947
0.00031417249
0.00031392509
0.0003136772
0.0003134288
0.00031317981
0.00031293017
0.00031267983
0.00031242871
0.00031217674
0.00031192382
0.00031166987
0.00031141475
0.00031115856
0.00032020655
0.00031996123
0.00031971616
0.00031947121
0.00031922638
0.00031898164
0.00031873697
0.00031849237
0.00031824782
0.0003180033
0.0003177588
0.00031751429
0.00031726976
0.0003170252
0.00031678057
0.00031653586
0.00031629103
0.00031604607
0.00031580095
0.00031555563
0.00031531008
0.00031506428
0.00031481817
0.00031457174
0.00031432492
0.00031407768
0.00031382997
0.00031358173
0.00031333291
0.00031308344
0.00031283326
0.0003125823
0.00031233047
0.00031207765
0.00031182396
0.00032067036
0.00032042492
0.00032017974
0.0003199347
0.00031968979
0.00031944499
0.00031920029
0.00031895567
0.00031871111
0.00031846661
0.00031822215
0.00031797772
0.00031773329
0.00031748884
0.00031724436
0.00031699982
0.0003167552
0.00031651048
0.00031626563
0.00031602062
0.00031577542
0.00031553
0.00031528433
0.00031503837
0.00031479208
0.00031454541
0.00031429833
0.00031405078
0.00031380271
0.00031355406
0.00031330477
0.00031305477
0.000312804
0.00031255231
0.00031229985
0.0003210394
0.00032079389
0.00032054863
0.00032030354
0.00032005859
0.00031981375
0.00031956902
0.00031932438
0.00031907983
0.00031883534
0.0003185909
0.0003183465
0.00031810212
0.00031785773
0.00031761333
0.00031736889
0.00031712439
0.0003168798
0.0003166351
0.00031639026
0.00031614525
0.00031590005
0.00031565462
0.00031540893
0.00031516293
0.00031491659
0.00031466987
0.0003144227
0.00031417506
0.00031392687
0.00031367808
0.00031342862
0.00031317843
0.00031292739
0.00031267563
0.00032135032
0.00032110475
0.00032085945
0.00032061432
0.00032036934
0.00032012447
0.00031987973
0.00031963508
0.00031939052
0.00031914604
0.00031890161
0.00031865723
0.00031841288
0.00031816854
0.00031792419
0.00031767981
0.00031743538
0.00031719088
0.00031694628
0.00031670155
0.00031645668
0.00031621162
0.00031596635
0.00031572083
0.00031547502
0.00031522889
0.0003149824
0.00031473549
0.00031448812
0.00031424023
0.00031399177
0.00031374267
0.00031349287
0.00031324224
0.00031299093
0.00032162123
0.00032137562
0.00032113029
0.00032088512
0.00032064011
0.00032039523
0.00032015046
0.0003199058
0.00031966124
0.00031941675
0.00031917234
0.00031892797
0.00031868364
0.00031843932
0.000318195
0.00031795067
0.00031770628
0.00031746184
0.0003172173
0.00031697266
0.00031672786
0.0003164829
0.00031623774
0.00031599234
0.00031574667
0.00031550069
0.00031525435
0.00031500762
0.00031476044
0.00031451276
0.00031426453
0.00031401568
0.00031376614
0.00031351581
0.00031326482
0.00032186305
0.00032161742
0.00032137205
0.00032112687
0.00032088183
0.00032063693
0.00032039215
0.00032014748
0.00031990291
0.00031965842
0.00031941401
0.00031916965
0.00031892533
0.00031868104
0.00031843674
0.00031819244
0.00031794809
0.00031770369
0.0003174592
0.00031721461
0.00031696988
0.00031672499
0.00031647991
0.0003162346
0.00031598903
0.00031574315
0.00031549694
0.00031525034
0.0003150033
0.00031475578
0.00031450772
0.00031425905
0.00031400971
0.0003137596
0.00031350884
0.000322083
0.00032183733
0.00032159194
0.00032134673
0.00032110167
0.00032085675
0.00032061196
0.00032036728
0.0003201227
0.00031987821
0.00031963379
0.00031938944
0.00031914512
0.00031890084
0.00031865656
0.00031841227
0.00031816795
0.00031792357
0.00031767912
0.00031743456
0.00031718988
0.00031694504
0.00031670001
0.00031645476
0.00031620926
0.00031596346
0.00031571733
0.00031547082
0.00031522389
0.00031497648
0.00031472854
0.00031448
0.00031423081
0.00031398086
0.00031373027
0.0003222864
0.00032204071
0.0003217953
0.00032155007
0.000321305
0.00032106006
0.00032081526
0.00032057057
0.00032032598
0.00032008149
0.00031983707
0.00031959272
0.00031934841
0.00031910413
0.00031885986
0.00031861559
0.00031837129
0.00031812693
0.00031788251
0.00031763798
0.00031739333
0.00031714853
0.00031690355
0.00031665835
0.0003164129
0.00031616716
0.0003159211
0.00031567467
0.00031542781
0.00031518049
0.00031493265
0.00031468422
0.00031443514
0.00031418531
0.00031393486
0.00032247703
0.00032223131
0.00032198588
0.00032174064
0.00032149555
0.0003212506
0.00032100578
0.00032076108
0.00032051648
0.00032027198
0.00032002756
0.0003197832
0.00031953889
0.00031929462
0.00031905035
0.00031880608
0.00031856179
0.00031831745
0.00031807303
0.00031782853
0.0003175839
0.00031733912
0.00031709417
0.000316849
0.00031660359
0.00031635789
0.00031611188
0.00031586549
0.00031561869
0.00031537143
0.00031512366
0.0003148753
0.0003146263
0.00031437656
0.0003141262
0.00032265773
0.000322412
0.00032216656
0.0003219213
0.0003216762
0.00032143124
0.00032118641
0.0003209417
0.0003206971
0.0003204526
0.00032020817
0.00031996381
0.00031971951
0.00031947523
0.00031923098
0.00031898672
0.00031874243
0.0003184981
0.00031825371
0.00031800922
0.00031776461
0.00031751986
0.00031727493
0.00031702979
0.00031678441
0.00031653875
0.00031629278
0.00031604644
0.00031579969
0.00031555248
0.00031530476
0.00031505647
0.00031480754
0.00031455787
0.00031430759
0.00032283083
0.00032258508
0.00032233962
0.00032209434
0.00032184922
0.00032160424
0.0003213594
0.00032111468
0.00032087007
0.00032062555
0.00032038111
0.00032013674
0.00031989243
0.00031964815
0.00031940388
0.00031915962
0.00031891533
0.000318671
0.0003184266
0.00031818212
0.00031793751
0.00031769277
0.00031744785
0.00031720272
0.00031695735
0.00031671171
0.00031646575
0.00031621943
0.00031597271
0.00031572553
0.00031547783
0.00031522957
0.00031498068
0.00031473105
0.00031448081
0.00032299813
0.00032275236
0.00032250689
0.0003222616
0.00032201647
0.00032177149
0.00032152663
0.0003212819
0.00032103729
0.00032079276
0.00032054832
0.00032030395
0.00032005964
0.00031981535
0.00031957109
0.00031932683
0.00031908255
0.00031883822
0.00031859383
0.00031834935
0.00031810476
0.00031786003
0.00031761512
0.00031737001
0.00031712466
0.00031687904
0.0003166331
0.00031638681
0.00031614011
0.00031589296
0.0003156453
0.00031539707
0.00031514822
0.00031489863
0.00031464844
0.00032316818
0.0003229224
0.00032267691
0.0003224316
0.00032218645
0.00032194145
0.00032169659
0.00032145185
0.00032120721
0.00032096268
0.00032071823
0.00032047385
0.00032022952
0.00031998523
0.00031974096
0.00031949669
0.0003192524
0.00031900807
0.00031876367
0.00031851919
0.0003182746
0.00031802986
0.00031778496
0.00031753985
0.0003172945
0.00031704889
0.00031680295
0.00031655667
0.00031630998
0.00031606284
0.0003158152
0.00031556699
0.00031531816
0.0003150686
0.00031481844
)
;

boundaryField
{
    bottom
    {
        type            nutLowReWallFunction;
        Cmu             0.09;
        kappa           0.41;
        E               9.8;
        value           nonuniform List<scalar> 0();
    }
    back
    {
        type            empty;
    }
    front
    {
        type            empty;
    }
    inlet
    {
        type            calculated;
        value           nonuniform List<scalar> 0();
    }
    outlet
    {
        type            calculated;
        value           nonuniform List<scalar> 0();
    }
    top
    {
        type            calculated;
        value           nonuniform List<scalar> 
35
(
0.00032316818
0.0003229224
0.00032267691
0.0003224316
0.00032218645
0.00032194145
0.00032169659
0.00032145185
0.00032120721
0.00032096268
0.00032071823
0.00032047385
0.00032022952
0.00031998523
0.00031974096
0.00031949669
0.0003192524
0.00031900807
0.00031876367
0.00031851919
0.0003182746
0.00031802986
0.00031778496
0.00031753985
0.0003172945
0.00031704889
0.00031680295
0.00031655667
0.00031630998
0.00031606284
0.0003158152
0.00031556699
0.00031531816
0.0003150686
0.00031481844
)
;
    }
    slipsurface
    {
        type            slip;
    }
    procBoundary1to0
    {
        type            processor;
        value           nonuniform List<scalar> 
34
(
0.00021803697
0.00021780307
0.00021756264
0.00021731568
0.00021706223
0.00021680235
0.00021653608
0.00021626343
0.00021598434
0.00021569875
0.00021540654
0.00021510754
0.00021480157
0.00021448837
0.0002141677
0.00021383923
0.00021350264
0.0002310226
0.0002310226
0.00023067934
0.00023032746
0.00022996645
0.00022959581
0.00022921498
0.00022882337
0.00022842035
0.0002280052
0.00022757718
0.00022713546
0.00022667913
0.00022620723
0.00022571869
0.00022521233
0.00022468694
)
;
    }
    procBoundary1to2
    {
        type            processor;
        value           nonuniform List<scalar> 
23
(
0.00024155428
0.00025766762
0.00027193675
0.00028392732
0.00029339826
0.000300363
0.00030509781
0.00030807747
0.00030984982
0.00031090016
0.00031156827
0.0003120455
0.00031242202
0.00031273781
0.00031301205
0.00031325632
0.00031347794
0.00031368267
0.00031387412
0.0003140556
0.00031422886
0.00031439654
0.00031456657
)
;
    }
    procBoundary1to6
    {
        type            processor;
        value           nonuniform List<scalar> 3(0.00023626967 0.00023604541 0.00023604541);
    }
    procBoundary1to7
    {
        type            processor;
        value           nonuniform List<scalar> 
23
(
0.00025346675
0.00026908583
0.00028283559
0.0002943186
0.0003033305
0.00030991502
0.00031436545
0.00031715603
0.00031881798
0.00031981143
0.00032045246
0.00032091642
0.00032128554
0.00032159652
0.00032186747
0.00032210933
0.00032232931
0.00032253273
0.00032272338
0.0003229041
0.00032307723
0.00032324454
0.00032341461
)
;
    }
}


// ************************************************************************* //
