/*--------------------------------*- C++ -*----------------------------------*\
  =========                 |
  \\      /  F ield         | OpenFOAM: The Open Source CFD Toolbox
   \\    /   O peration     | Website:  https://openfoam.org
    \\  /    A nd           | Version:  12
     \\/     M anipulation  |
\*---------------------------------------------------------------------------*/
FoamFile
{
    format      ascii;
    class       surfaceScalarField;
    location    "1100";
    object      phi;
}
// * * * * * * * * * * * * * * * * * * * * * * * * * * * * * * * * * * * * * //

dimensions      [0 3 -1 0 0 0 0];

internalField   nonuniform List<scalar> 
1589
(
0.0069497897
1.0179162e-05
0.0069498392
1.0504347e-05
0.0069498902
1.0852524e-05
0.0069499431
1.1225888e-05
0.0069499979
1.1626926e-05
0.0069500549
1.2058459e-05
0.0069501142
1.2523707e-05
0.0069501761
1.3026373e-05
0.0069502407
1.3570755e-05
0.0069503083
1.4161924e-05
0.0069503793
1.4805928e-05
0.0069504543
1.5510361e-05
0.0069505304
1.558419e-05
0.0069506055
1.5270892e-05
0.0069506796
1.4974142e-05
0.0069507523
1.4692726e-05
0.0069508239
1.442625e-05
0.0069508942
1.4173967e-05
1.3934934e-05
0.0078514977
1.0124001e-05
0.0078515546
1.0447515e-05
0.0078516132
1.0793862e-05
0.0078516739
1.1165225e-05
0.0078517368
1.1564076e-05
0.007851802
1.199322e-05
0.0078518698
1.2455859e-05
0.0078519405
1.2955677e-05
0.0078520143
1.3496947e-05
0.0078520916
1.4084702e-05
0.0078521726
1.4724913e-05
0.007852258
1.5424957e-05
0.0078523446
1.54976e-05
0.0078524301
1.518541e-05
0.0078525142
1.4890011e-05
0.0078525969
1.4610036e-05
0.0078526782
1.4344976e-05
0.007852758
1.4094095e-05
0.0078528365
1.3856468e-05
0.0078529135
1.3631271e-05
0.0078529891
1.3417827e-05
0.0078530633
1.3215556e-05
0.0078531358
1.3024001e-05
0.0078532066
1.2842863e-05
0.0078532755
1.2672058e-05
0.0078533423
1.2511805e-05
0.0078534067
1.2362723e-05
0.0078534682
1.2226289e-05
0.0078535264
1.21048e-05
0.0078535805
1.200419e-05
0.0078536298
1.1931404e-05
0.0078536748
1.191279e-05
0.007853728
1.1965856e-05
0.0078538529
1.2214126e-05
1.2078966e-05
0.0088701869
1.0060384e-05
0.0088702523
1.0382051e-05
0.0088703198
1.0726371e-05
0.0088703895
1.1095513e-05
0.0088704617
1.149193e-05
0.0088705365
1.1918409e-05
0.0088706142
1.2378134e-05
0.0088706951
1.2874763e-05
0.0088707795
1.341254e-05
0.0088708678
1.3996452e-05
0.0088709603
1.4632388e-05
0.0088710577
1.5327527e-05
0.0088711564
1.5398966e-05
0.0088712536
1.5088136e-05
0.0088713493
1.4794311e-05
0.0088714434
1.4516002e-05
0.0088715358
1.4252584e-05
0.0088716265
1.4003321e-05
0.0088717157
1.376731e-05
0.0088718032
1.3543741e-05
0.0088718891
1.3331953e-05
0.0088719733
1.3131398e-05
0.0088720556
1.2941651e-05
0.008872136
1.2762452e-05
0.0088722143
1.2593766e-05
0.0088722902
1.2435871e-05
0.0088723635
1.228947e-05
0.0088724337
1.2156117e-05
0.0088725002
1.2038281e-05
0.0088725626
1.1941758e-05
0.0088726204
1.1873631e-05
0.0088726757
1.1857512e-05
0.0088727394
1.1902169e-05
0.0088728628
1.2090706e-05
1.2027943e-05
0.010021029
9.9868788e-06
0.010021105
1.0306512e-05
0.010021182
1.0648592e-05
0.010021263
1.1015271e-05
0.010021346
1.1408984e-05
0.010021432
1.1832497e-05
0.010021521
1.2288968e-05
0.010021613
1.278203e-05
0.01002171
1.3315891e-05
0.010021811
1.3895484e-05
0.010021917
1.4526609e-05
0.010022028
1.5216265e-05
0.010022141
1.52865e-05
0.010022251
1.497734e-05
0.01002236
1.4685362e-05
0.010022467
1.4408986e-05
0.010022572
1.4147473e-05
0.010022676
1.3900082e-05
0.010022777
1.3665935e-05
0.010022877
1.3444238e-05
0.010022974
1.3234351e-05
0.01002307
1.3035757e-05
0.010023163
1.2848065e-05
0.010023255
1.2671058e-05
0.010023344
1.2504751e-05
0.01002343
1.234948e-05
0.010023514
1.220603e-05
0.010023594
1.2076015e-05
0.01002367
1.1962033e-05
0.010023742
1.1869617e-05
0.01002381
1.1805824e-05
0.010023877
1.1790103e-05
0.010023952
1.1827404e-05
0.010024077
1.1966276e-05
1.195076e-05
0.011321163
9.9017859e-06
0.01132125
1.0219183e-05
0.01132134
1.0558792e-05
0.011321433
1.0922747e-05
0.011321528
1.131346e-05
0.011321627
1.1733674e-05
0.011321729
1.218652e-05
0.011321836
1.2675596e-05
0.011321947
1.320507e-05
0.011322062
1.3779814e-05
0.011322183
1.4405534e-05
0.011322311
1.5089067e-05
0.011322439
1.5158121e-05
0.011322565
1.4851015e-05
0.011322689
1.4561213e-05
0.011322811
1.4287089e-05
0.011322931
1.4027794e-05
0.011323048
1.3782573e-05
0.011323164
1.355058e-05
0.011323277
1.333104e-05
0.011323388
1.3123334e-05
0.011323497
1.292698e-05
0.011323603
1.2741623e-05
0.011323707
1.2567092e-05
0.011323809
1.2403449e-05
0.011323907
1.2251089e-05
0.011324002
1.2110866e-05
0.011324094
1.1984436e-05
0.011324181
1.1874456e-05
0.011324265
1.1786098e-05
0.011324345
1.1726037e-05
0.011324425
1.1709421e-05
0.011324514
1.1739046e-05
0.011324641
1.1838368e-05
1.1850677e-05
0.012789947
9.803099e-06
0.012790048
1.0118044e-05
0.012790152
1.0454934e-05
0.012790259
1.081588e-05
0.012790369
1.1203272e-05
0.012790483
1.1619822e-05
0.012790601
1.206863e-05
0.012790723
1.2553257e-05
0.012790851
1.3077822e-05
0.012790983
1.364713e-05
0.012791122
1.4266788e-05
0.012791268
1.4943481e-05
0.012791414
1.5011402e-05
0.012791559
1.4706822e-05
0.0127917
1.4419602e-05
0.012791839
1.4148109e-05
0.012791976
1.38914e-05
0.012792109
1.3648702e-05
0.012792241
1.3419202e-05
0.01279237
1.3202149e-05
0.012792496
1.2996951e-05
0.01279262
1.2803155e-05
0.012792741
1.2620452e-05
0.012792859
1.244871e-05
0.012792975
1.2288043e-05
0.012793087
1.2138896e-05
0.012793196
1.2002179e-05
0.012793301
1.1879559e-05
0.012793401
1.1773674e-05
0.012793498
1.1689222e-05
0.012793592
1.1632212e-05
0.012793688
1.1613783e-05
0.012793791
1.1635396e-05
0.012793926
1.1704041e-05
1.1729466e-05
0.014449249
9.6884345e-06
0.014449367
1.0000695e-05
0.014449487
1.0334597e-05
0.014449611
1.0692226e-05
0.014449738
1.1075942e-05
0.014449869
1.1488429e-05
0.014450005
1.1932746e-05
0.014450146
1.2412412e-05
0.014450292
1.2931489e-05
0.014450445
1.349471e-05
0.014450604
1.4107578e-05
0.014450771
1.477664e-05
0.014450939
1.4843515e-05
0.014451103
1.4542034e-05
0.014451265
1.4257894e-05
0.014451424
1.3989487e-05
0.014451579
1.3735802e-05
0.014451732
1.3496045e-05
0.014451882
1.3269435e-05
0.014452029
1.3055255e-05
0.014452173
1.2852938e-05
0.014452314
1.2662067e-05
0.014452452
1.2482373e-05
0.014452587
1.231377e-05
0.014452718
1.2156414e-05
0.014452847
1.2010797e-05
0.014452971
1.187786e-05
0.014453091
1.1759242e-05
0.014453207
1.1657479e-05
0.01445332
1.1576699e-05
0.01445343
1.1522042e-05
0.014453543
1.1501185e-05
0.014453663
1.1514678e-05
0.014453807
1.1560019e-05
1.1588039e-05
0.01632377
9.5550041e-06
0.016323906
9.8643296e-06
0.016324046
1.019495e-05
0.016324189
1.0548924e-05
0.016324336
1.0928578e-05
0.016324488
1.1336559e-05
0.016324645
1.1775886e-05
0.016324807
1.2250023e-05
0.016324976
1.2762972e-05
0.016325151
1.3319384e-05
0.016325334
1.3924656e-05
0.016325526
1.4585196e-05
0.016325718
1.4651152e-05
0.016325906
1.4353468e-05
0.016326091
1.4073014e-05
0.016326273
1.3808243e-05
0.01632645
1.35581e-05
0.016326625
1.3321778e-05
0.016326795
1.3098526e-05
0.016326963
1.2887665e-05
0.016327127
1.2688661e-05
0.016327288
1.2501132e-05
0.016327446
1.2324848e-05
0.0163276
1.2159767e-05
0.01632775
1.2006085e-05
0.016327897
1.1864321e-05
0.016328039
1.1735424e-05
0.016328177
1.1620965e-05
0.016328311
1.1523287e-05
0.016328442
1.1445888e-05
0.016328571
1.1392924e-05
0.016328703
1.136931e-05
0.016328843
1.137485e-05
0.016329
1.1402777e-05
1.1427415e-05
0.018441407
9.3995061e-06
0.018441566
9.7056186e-06
0.018441728
1.0032634e-05
0.018441894
1.0382579e-05
0.018442065
1.0757744e-05
0.018442241
1.1160731e-05
0.018442422
1.159451e-05
0.01844261
1.206249e-05
0.018442804
1.2568599e-05
0.018443006
1.3117401e-05
0.018443217
1.3714182e-05
0.018443437
1.4365223e-05
0.018443657
1.4430446e-05
0.018443873
1.4137402e-05
0.018444085
1.3861376e-05
0.018444292
1.3600903e-05
0.018444496
1.3354922e-05
0.018444695
1.3122618e-05
0.01844489
1.2903274e-05
0.018445081
1.2696254e-05
0.018445269
1.2501059e-05
0.018445453
1.2317344e-05
0.018445633
1.214492e-05
0.018445809
1.1983781e-05
0.018445981
1.1834155e-05
0.018446148
1.1696573e-05
0.018446312
1.1571963e-05
0.018446471
1.1461777e-05
0.018446626
1.1368094e-05
0.018446778
1.129376e-05
0.018446929
1.1241932e-05
0.018447083
1.1215468e-05
0.018447244
1.1213607e-05
0.018447419
1.1228541e-05
1.1246283e-05
0.020833677
9.2181654e-06
0.020833862
9.5207492e-06
0.020834051
9.843795e-06
0.020834244
1.0189291e-05
0.020834443
1.0559485e-05
0.020834646
1.0956931e-05
0.020834856
1.1384542e-05
0.020835073
1.184566e-05
0.020835298
1.2344135e-05
0.020835531
1.2884434e-05
0.020835773
1.3471727e-05
0.020836026
1.4112148e-05
0.02083628
1.417688e-05
0.020836528
1.3889484e-05
0.02083677
1.3618778e-05
0.020837008
1.3363403e-05
0.02083724
1.312232e-05
0.020837468
1.2894725e-05
0.020837692
1.2679935e-05
0.020837911
1.2477361e-05
0.020838125
1.2286546e-05
0.020838335
1.2107183e-05
0.020838541
1.1939117e-05
0.020838742
1.1782378e-05
0.020838939
1.1637212e-05
0.020839132
1.1504145e-05
0.02083932
1.1384045e-05
0.020839503
1.1278211e-05
0.020839683
1.1188405e-05
0.02083986
1.1116834e-05
0.020840036
1.1065732e-05
0.020840215
1.1036555e-05
0.020840401
1.1028048e-05
0.020840596
1.1033467e-05
1.1044445e-05
0.023536176
9.0065392e-06
0.023536392
9.30522e-06
0.023536612
9.6238689e-06
0.023536837
9.96443e-06
0.023537067
1.0329103e-05
0.023537303
1.0720384e-05
0.023537547
1.1141122e-05
0.023537798
1.1594584e-05
0.023538058
1.208453e-05
0.023538327
1.2615321e-05
0.023538606
1.3192006e-05
0.023538898
1.3820593e-05
0.02353919
1.3885167e-05
0.023539475
1.3604632e-05
0.023539753
1.3340326e-05
0.023540025
1.3091012e-05
0.023540292
1.2855704e-05
0.023540553
1.2633631e-05
0.023540809
1.2424151e-05
0.023541059
1.2226728e-05
0.023541305
1.2040948e-05
0.023541546
1.1866542e-05
0.023541781
1.1703392e-05
0.023542012
1.155155e-05
0.023542238
1.141127e-05
0.023542459
1.1283048e-05
0.023542676
1.116767e-05
0.023542888
1.1066245e-05
0.023543096
1.0980193e-05
0.023543302
1.0911142e-05
0.023543507
1.0860542e-05
0.023543714
1.0828954e-05
0.023543927
1.081492e-05
0.023544148
1.0813161e-05
1.0816692e-05
0.026589121
8.7597956e-06
0.026589372
9.0541093e-06
0.026589628
9.3678421e-06
0.026589889
9.702888e-06
0.026590157
1.0061389e-05
0.026590432
1.0445778e-05
0.026590714
1.0858828e-05
0.026591005
1.130372e-05
0.026591305
1.1784116e-05
0.026591616
1.230426e-05
0.026591939
1.2869065e-05
0.026592275
1.3484358e-05
0.026592611
1.3549161e-05
0.026592939
1.3276913e-05
0.026593259
1.3020279e-05
0.026593572
1.277817e-05
0.026593878
1.254968e-05
0.026594178
1.2334087e-05
0.026594471
1.2130801e-05
0.026594758
1.1939342e-05
0.02659504
1.1759346e-05
0.026595316
1.1590583e-05
0.026595586
1.1432965e-05
0.026595851
1.128656e-05
0.026596111
1.1151615e-05
0.026596365
1.1028579e-05
0.026596615
1.0918128e-05
0.02659686
1.0821169e-05
0.026597101
1.0738785e-05
0.02659734
1.0672108e-05
0.026597579
1.0621972e-05
0.02659782
1.0588459e-05
0.026598065
1.0569924e-05
0.026598314
1.05633e-05
1.0562745e-05
0.03003793
8.4722671e-06
0.030038223
8.7616092e-06
0.030038521
9.0697675e-06
0.030038825
9.3985773e-06
0.030039137
9.7501148e-06
0.030039456
1.0126737e-05
0.030039783
1.0531134e-05
0.030040121
1.0966387e-05
0.030040469
1.1436046e-05
0.030040829
1.1944223e-05
0.030041202
1.2495689e-05
0.03004159
1.3096146e-05
0.030041978
1.3161699e-05
0.030042355
1.289943e-05
0.030042723
1.2651994e-05
0.030043083
1.2418449e-05
0.030043435
1.2198003e-05
0.030043779
1.199001e-05
0.030044116
1.1793945e-05
0.030044446
1.1609389e-05
0.030044769
1.1436031e-05
0.030045086
1.1273683e-05
0.030045397
1.1122281e-05
0.030045701
1.0981901e-05
0.030046
1.0852769e-05
0.030046293
1.0735276e-05
0.030046582
1.0629973e-05
0.030046865
1.0537564e-05
0.030047145
1.045883e-05
0.030047423
1.0394502e-05
0.0300477
1.0344992e-05
0.030047978
1.0310133e-05
0.03004826
1.0288462e-05
0.030048545
1.0277875e-05
1.0271497e-05
0.033933942
8.1384233e-06
0.033934282
8.4219813e-06
0.033934628
8.7237e-06
0.033934981
9.0453469e-06
0.033935342
9.3889217e-06
0.033935712
9.7566956e-06
0.033936092
1.015126e-05
0.033936483
1.0575585e-05
0.033936886
1.1033092e-05
0.033937303
1.152775e-05
0.033937734
1.2064156e-05
0.033938182
1.2647754e-05
0.03393863
1.2714562e-05
0.033939065
1.2464204e-05
0.033939489
1.2227701e-05
0.033939903
1.2004301e-05
0.033940308
1.1793331e-05
0.033940704
1.159424e-05
0.033941091
1.1406583e-05
0.03394147
1.1230007e-05
0.033941842
1.106426e-05
0.033942207
1.0909193e-05
0.033942564
1.0764767e-05
0.033942915
1.0631058e-05
0.03394326
1.0508264e-05
0.033943598
1.0396705e-05
0.033943931
1.0296812e-05
0.03394426
1.02091e-05
0.033944585
1.0134097e-05
0.033944907
1.0072244e-05
0.033945228
1.0023665e-05
0.03394555
9.9881574e-06
0.033945874
9.964269e-06
0.0339462
9.952052e-06
9.9457585e-06
0.038335122
7.7515934e-06
0.038335516
8.0282553e-06
0.038335917
8.3223736e-06
0.038336327
8.6356375e-06
0.038336746
8.9699589e-06
0.038337175
9.3275099e-06
0.038337616
9.7107693e-06
0.038338069
1.012258e-05
0.038338536
1.0566218e-05
0.038339018
1.1045484e-05
0.038339517
1.1564807e-05
0.038340035
1.2129509e-05
0.038340552
1.2198262e-05
0.038341054
1.1962064e-05
0.038341543
1.1738544e-05
0.03834202
1.1527114e-05
0.038342486
1.1327267e-05
0.038342942
1.1138571e-05
0.038343388
1.0960673e-05
0.038343825
1.07933e-05
0.038344253
1.0636258e-05
0.038344672
1.0489443e-05
0.038345084
1.0352835e-05
0.038345489
1.022651e-05
0.038345886
1.0110634e-05
0.038346278
1.0005456e-05
0.038346663
9.9112959e-06
0.038347044
9.8285128e-06
0.03834742
9.7574398e-06
0.038347794
9.6983206e-06
0.038348167
9.6511437e-06
0.038348539
9.6157021e-06
0.038348913
9.5908753e-06
0.038349289
9.5762264e-06
9.5645609e-06
0.043307034
7.3067878e-06
0.043307487
7.5750301e-06
0.043307949
7.8599759e-06
0.043308422
8.1632255e-06
0.043308905
8.4865905e-06
0.0433094
8.8321299e-06
0.043309909
9.2021942e-06
0.043310432
9.5994809e-06
0.043310971
1.0027101e-05
0.043311528
1.0488665e-05
0.043312104
1.0988361e-05
0.043312703
1.1531117e-05
0.043313299
1.1602243e-05
0.043313878
1.1382629e-05
0.043314442
1.1174291e-05
0.043314993
1.0976877e-05
0.04331553
1.0790018e-05
0.043316055
1.0613409e-05
0.043316569
1.0446803e-05
0.043317072
1.0290013e-05
0.043317566
1.014291e-05
0.04331805
1.0005436e-05
0.043318525
9.8775937e-06
0.043318992
9.7594571e-06
0.043319451
9.6511627e-06
0.043319904
9.5529007e-06
0.04332035
9.4648987e-06
0.043320791
9.3873957e-06
0.043321228
9.320589e-06
0.043321662
9.2646056e-06
0.043322094
9.2193444e-06
0.043322525
9.1847316e-06
0.043322956
9.1597472e-06
0.043323386
9.1463286e-06
9.1389406e-06
0.048923656
6.7967632e-06
0.048924176
7.0545403e-06
0.048924708
7.328217e-06
0.048925252
7.6192939e-06
0.048925809
7.9294697e-06
0.048926381
8.2606757e-06
0.048926968
8.6151174e-06
0.048927572
8.995327e-06
0.048928195
9.4042277e-06
0.048928838
9.8452201e-06
0.048929504
1.0322293e-05
0.048930195
1.0840278e-05
0.048930883
1.0914469e-05
0.048931551
1.0714176e-05
0.048932202
1.0523554e-05
0.048932836
1.0342407e-05
0.048933456
1.0170578e-05
0.048934061
1.0007913e-05
0.048934654
9.8542819e-06
0.048935234
9.7095885e-06
0.048935803
9.5737771e-06
0.048936362
9.4468361e-06
0.048936911
9.3287972e-06
0.048937451
9.2197368e-06
0.048937982
9.119771e-06
0.048938506
9.0290453e-06
0.048939023
8.9477215e-06
0.048939534
8.8759569e-06
0.048940041
8.8138693e-06
0.048940544
8.761521e-06
0.048941045
8.7188246e-06
0.048941544
8.6856775e-06
0.048942042
8.6612372e-06
0.048942543
8.6454485e-06
8.6316702e-06
0.055268771
6.2195986e-06
0.055269361
6.4642214e-06
0.055269965
6.7238693e-06
0.055270585
6.9999334e-06
0.05527122
7.2939876e-06
0.055271873
7.6078212e-06
0.055272545
7.9434771e-06
0.055273237
8.3033015e-06
0.055273951
8.6900017e-06
0.055274689
9.1067198e-06
0.055275454
9.5570948e-06
0.055276249
1.0045363e-05
0.055277041
1.0122422e-05
0.055277812
9.944098e-06
0.055278561
9.7736489e-06
0.055279293
9.6111482e-06
0.055280007
9.456564e-06
0.055280705
9.3098724e-06
0.055281388
9.1710642e-06
0.055282057
9.0401413e-06
0.055282714
8.917123e-06
0.055283359
8.8020509e-06
0.055283993
8.6949888e-06
0.055284616
8.5960248e-06
0.055285231
8.5052669e-06
0.055285837
8.4228346e-06
0.055286436
8.3488493e-06
0.055287028
8.2834221e-06
0.055287616
8.2266257e-06
0.055288199
8.1785076e-06
0.055288779
8.1389858e-06
0.055289356
8.1081969e-06
0.055289932
8.0855798e-06
0.055290503
8.0738579e-06
8.0678104e-06
0.062436769
5.5669781e-06
0.062437438
5.7950818e-06
0.062438125
6.037236e-06
0.06243883
6.294713e-06
0.062439555
6.5689512e-06
0.062440301
6.8615842e-06
0.06244107
7.1744769e-06
0.062441864
7.5097711e-06
0.062442684
7.8699438e-06
0.062443532
8.2578865e-06
0.062444413
8.6770214e-06
0.062445326
9.1315274e-06
0.062446237
9.2117204e-06
0.062447123
9.0581996e-06
0.062447986
8.9106123e-06
0.062448828
8.7691436e-06
0.062449651
8.6339932e-06
0.062450455
8.5053041e-06
0.062451243
8.3831857e-06
0.062452015
8.2677344e-06
0.062452773
8.1590458e-06
0.062453518
8.0572184e-06
0.062454251
7.962355e-06
0.062454972
7.8745645e-06
0.062455684
7.7939603e-06
0.062456386
7.7206545e-06
0.06245708
7.6547529e-06
0.062457767
7.5963468e-06
0.062458448
7.5454971e-06
0.062459124
7.5022355e-06
0.062459797
7.4664946e-06
0.062460467
7.4382104e-06
0.062461136
7.4166832e-06
0.062461808
7.4018703e-06
7.3886011e-06
0.070534789
4.8440775e-06
0.070535532
5.0515532e-06
0.070536298
5.27194e-06
0.070537086
5.5063819e-06
0.070537899
5.7561698e-06
0.070538737
6.0227666e-06
0.070539604
6.3078395e-06
0.070540501
6.6132977e-06
0.070541429
6.9413392e-06
0.070542393
7.294504e-06
0.070543394
7.6757194e-06
0.070544437
8.0883471e-06
0.070545479
8.1698885e-06
0.070546494
8.0434136e-06
0.070547483
7.9209039e-06
0.07054845
7.8027878e-06
0.070549394
7.6893229e-06
0.070550319
7.5807433e-06
0.070551225
7.4772666e-06
0.070552114
7.3790837e-06
0.070552986
7.2863643e-06
0.070553844
7.1992636e-06
0.070554689
7.1179266e-06
0.070555521
7.042491e-06
0.070556342
6.9730874e-06
0.070557152
6.9098365e-06
0.070557954
6.8528472e-06
0.070558748
6.8022161e-06
0.070559536
6.7580168e-06
0.070560318
6.7203285e-06
0.070561095
6.6891723e-06
0.070561868
6.6648241e-06
0.070562638
6.6470492e-06
0.070563402
6.6382673e-06
6.6338391e-06
0.079683201
4.0371269e-06
0.079684033
4.2193009e-06
0.079684892
4.4130197e-06
0.079685779
4.6192895e-06
0.079686696
4.8392428e-06
0.079687645
5.0741604e-06
0.079688627
5.3254999e-06
0.079689645
5.5949316e-06
0.079690702
5.8843863e-06
0.079691801
6.1961205e-06
0.079692944
6.5328202e-06
0.079694134
6.8977557e-06
0.079695324
6.979719e-06
0.079696485
6.8824025e-06
0.079697619
6.7870772e-06
0.079698728
6.6942006e-06
0.079699813
6.6042358e-06
0.079700876
6.5175521e-06
0.079701919
6.4344483e-06
0.079702943
6.3551812e-06
0.079703949
6.2799796e-06
0.079704939
6.2090489e-06
0.079705915
6.1425732e-06
0.079706877
6.0807199e-06
0.079707826
6.0236411e-06
0.079708764
5.9714725e-06
0.079709693
5.9243333e-06
0.079710613
5.8823247e-06
0.079711525
5.8455199e-06
0.079712432
5.813969e-06
0.079713333
5.7876436e-06
0.079714232
5.7665255e-06
0.079715128
5.7501273e-06
0.079716028
5.7386962e-06
5.7287717e-06
0.090019057
3.1653489e-06
0.09001996
3.3169054e-06
0.090020895
3.4782932e-06
0.090021863
3.6503615e-06
0.090022869
3.8340625e-06
0.090023912
4.0304682e-06
0.090024997
4.2407918e-06
0.090026126
4.4664137e-06
0.090027301
4.7089117e-06
0.090028527
4.9700959e-06
0.090029808
5.2520436e-06
0.090031148
5.5571239e-06
0.090032493
5.6352312e-06
0.090033807
5.5680558e-06
0.090035093
5.5011011e-06
0.090036353
5.4349505e-06
0.090037587
5.3700287e-06
0.090038798
5.3067254e-06
0.090039987
5.245401e-06
0.090041155
5.1863731e-06
0.090042306
5.1299193e-06
0.090043438
5.076285e-06
0.090044555
5.0256894e-06
0.090045658
4.9783298e-06
0.090046747
4.9343849e-06
0.090047824
4.8940152e-06
0.090048891
4.8573652e-06
0.090049949
4.8245668e-06
0.090050999
4.7957368e-06
0.090052042
4.7709969e-06
0.090053079
4.7504362e-06
0.090054111
4.7342886e-06
0.090055139
4.7224394e-06
0.090056161
4.7162095e-06
4.7124756e-06
0.10169604
2.1965436e-06
0.10169704
2.311928e-06
0.10169809
2.4350652e-06
0.10169917
2.5666285e-06
0.1017003
2.70737e-06
0.10170147
2.8581351e-06
0.10170269
3.0198783e-06
0.10170396
3.1936847e-06
0.10170529
3.3807973e-06
0.10170668
3.5826515e-06
0.10170813
3.8009293e-06
0.10170965
4.0376041e-06
0.10171118
4.1089414e-06
0.10171267
4.0728566e-06
0.10171414
4.035476e-06
0.10171557
3.9973065e-06
0.10171699
3.9588301e-06
0.10171837
3.9204596e-06
0.10171973
3.8825528e-06
0.10172108
3.8454285e-06
0.1017224
3.8093743e-06
0.1017237
3.7746495e-06
0.10172498
3.7414878e-06
0.10172625
3.7101009e-06
0.1017275
3.6806808e-06
0.10172874
3.6534009e-06
0.10172997
3.6284179e-06
0.10173119
3.6058724e-06
0.1017324
3.5858865e-06
0.1017336
3.5685725e-06
0.1017348
3.5540008e-06
0.10173599
3.5422972e-06
0.10173718
3.5333017e-06
0.10173837
3.5276636e-06
3.52314e-06
0.11488868
0.11488974
0.11489084
0.11489199
0.11489319
0.11489445
0.11489577
0.11489714
0.11489859
0.11490011
0.1149017
0.11490338
0.11490507
0.11490673
0.11490836
0.11490997
0.11491155
0.11491311
0.11491464
0.11491615
0.11491765
0.11491912
0.11492058
0.11492202
0.11492345
0.11492486
0.11492627
0.11492766
0.11492905
0.11493042
0.1149318
0.11493316
0.11493453
0.11493589
)
;

boundaryField
{
    bottom
    {
        type            calculated;
        value           nonuniform List<scalar> 0();
    }
    back
    {
        type            empty;
    }
    front
    {
        type            empty;
    }
    inlet
    {
        type            calculated;
        value           nonuniform List<scalar> 0();
    }
    outlet
    {
        type            calculated;
        value           nonuniform List<scalar> 
23
(
0.0078538764
0.0088729138
0.010024154
0.011324742
0.012794047
0.014453949
0.016329161
0.0184476
0.020840797
0.023544376
0.026598568
0.030048836
0.033946526
0.03834967
0.043323811
0.04894305
0.055291067
0.062462487
0.070564156
0.079716933
0.090057178
0.10173956
0.11493725
)
;
    }
    top
    {
        type            calculated;
        value           nonuniform List<scalar> 
35
(
1.1811784e-06
1.253838e-06
1.3316371e-06
1.4150332e-06
1.5045365e-06
1.6007188e-06
1.7042238e-06
1.8157798e-06
1.9362164e-06
2.0664833e-06
2.2076838e-06
2.3610864e-06
2.418418e-06
2.4113601e-06
2.4019341e-06
2.3905554e-06
2.3775896e-06
2.3633814e-06
2.3482524e-06
2.3324972e-06
2.3163849e-06
2.3001623e-06
2.2840564e-06
2.2682766e-06
2.2530168e-06
2.2384556e-06
2.2247582e-06
2.2120769e-06
2.2005507e-06
2.1903081e-06
2.1814573e-06
2.1741153e-06
2.1683055e-06
2.1642759e-06
2.1614503e-06
)
;
    }
    slipsurface
    {
        type            calculated;
        value           nonuniform List<scalar> 0();
    }
    procBoundary13to12
    {
        type            processor;
        value           nonuniform List<scalar> 
36
(
-1.0227076e-05
-1.0553771e-05
-1.0903596e-05
-1.1278759e-05
-1.168176e-05
-1.2115432e-05
-1.2583012e-05
-1.308822e-05
-1.3635372e-05
-1.4229572e-05
-1.4876936e-05
-1.5585294e-05
-1.5660278e-05
-1.5346072e-05
-1.5048155e-05
-1.4765494e-05
-1.4497792e-05
-1.4244291e-05
-1.4004035e-05
0.0069509633
-1.3708322e-05
-1.3493432e-05
-1.328966e-05
-1.3096514e-05
-1.2913662e-05
-1.2740974e-05
-1.257861e-05
-1.2427105e-05
-1.2287846e-05
-1.216294e-05
-1.2058338e-05
-1.1980717e-05
-1.1957782e-05
-1.2019082e-05
-1.2338999e-05
-1.2102412e-05
)
;
    }
    procBoundary13to15
    {
        type            processor;
        value           nonuniform List<scalar> 
24
(
-0.0069497418
-0.0078514426
-0.0088701232
-0.010020956
-0.011321078
-0.012789849
-0.014449135
-0.016323636
-0.018441251
-0.020833496
-0.023535965
-0.026588874
-0.030037643
-0.033933608
-0.038334735
-0.043306589
-0.048923146
-0.055268193
-0.062436116
-0.070534066
-0.079682394
-0.090018186
-0.10169507
-0.11488766
)
;
    }
}


// ************************************************************************* //
