/*--------------------------------*- C++ -*----------------------------------*\
  =========                 |
  \\      /  F ield         | OpenFOAM: The Open Source CFD Toolbox
   \\    /   O peration     | Website:  https://openfoam.org
    \\  /    A nd           | Version:  12
     \\/     M anipulation  |
\*---------------------------------------------------------------------------*/
FoamFile
{
    format      ascii;
    class       surfaceScalarField;
    location    "300";
    object      phi;
}
// * * * * * * * * * * * * * * * * * * * * * * * * * * * * * * * * * * * * * //

dimensions      [0 3 -1 0 0 0 0];

internalField   nonuniform List<scalar> 
348
(
-1.93812771681e-13
2.45665363447e-06
-6.86663213884e-13
6.55474835876e-06
-1.30425092106e-12
9.50105356245e-06
-1.89207374797e-12
1.14473689096e-05
-2.35124190346e-12
1.25656822217e-05
-2.63965596847e-12
1.30251970544e-05
-2.75752124243e-12
1.298020916e-05
-2.72983869594e-12
1.25645894844e-05
-2.59200914801e-12
1.18902569611e-05
-2.38027279135e-12
1.10479514205e-05
-2.12650504036e-12
1.01092216708e-05
-1.85613362025e-12
9.12894688388e-06
-1.58803749497e-12
8.14797716868e-06
7.19565532703e-06
-1.41946813495e-13
2.45665377643e-06
-5.00040269079e-13
6.55474871692e-06
-9.49290166309e-13
9.50105401187e-06
-1.37854019384e-12
1.14473693391e-05
-1.71621777573e-12
1.25656825596e-05
-1.93124837699e-12
1.30251972696e-05
-2.02286796307e-12
1.29802092518e-05
-2.00826580512e-12
1.25645894699e-05
-1.9124420479e-12
1.18902568653e-05
-1.76144195503e-12
1.10479512695e-05
-1.57862177555e-12
1.0109221488e-05
-1.38306065479e-12
9.12894668837e-06
-1.18927730266e-12
8.14797697491e-06
7.19565514388e-06
-1.01457772122e-13
2.45665387788e-06
-3.5974698189e-13
6.55474897514e-06
-6.83368388085e-13
9.50105433533e-06
-9.92016856754e-13
1.14473696475e-05
-1.23454688277e-12
1.25656828019e-05
-1.38901228701e-12
1.30251974239e-05
-1.45516266624e-12
1.29802093178e-05
-1.44556769326e-12
1.25645894602e-05
-1.37830256625e-12
1.18902567979e-05
-1.27203632376e-12
1.10479511631e-05
-1.1432667463e-12
1.01092213592e-05
-1.00515180956e-12
9.12894655023e-06
-8.67338634415e-13
8.14797683709e-06
7.19565501286e-06
-7.02463540641e-14
2.45665394813e-06
-2.48906918554e-13
6.55474915379e-06
-4.72421962878e-13
9.5010545587e-06
-6.85181895389e-13
1.14473698601e-05
-8.51901949004e-13
1.25656829684e-05
-9.57676192419e-13
1.30251975295e-05
-1.0026281334e-12
1.29802093626e-05
-9.95634962469e-13
1.2564589453e-05
-9.49219166053e-13
1.18902567513e-05
-8.76184842549e-13
1.104795109e-05
-7.87771228093e-13
1.01092212707e-05
-6.92890486845e-13
9.1289464553e-06
-5.9803799464e-13
8.14797674219e-06
7.19565492236e-06
-4.80054647206e-14
2.45665399613e-06
-1.70266691734e-13
6.55474927601e-06
-3.23488324843e-13
9.5010547117e-06
-4.69525864967e-13
1.14473700057e-05
-5.8410227039e-13
1.25656830825e-05
-6.56931588863e-13
1.30251976018e-05
-6.8808437011e-13
1.29802093933e-05
-6.83680580478e-13
1.25645894483e-05
-6.5232473412e-13
1.18902567198e-05
-6.02753022628e-13
1.10479510403e-05
-5.42587093101e-13
1.01092212105e-05
-4.77854702332e-13
9.12894639054e-06
-4.12966738234e-13
8.14797667732e-06
7.19565486035e-06
-3.26907015158e-14
2.45665402881e-06
-1.16367696575e-13
6.55474935956e-06
-2.21560888618e-13
9.50105481657e-06
-3.22009446382e-13
1.14473701057e-05
-4.00974907147e-13
1.2565683161e-05
-4.51407672122e-13
1.30251976518e-05
-4.7340964508e-13
1.29802094149e-05
-4.71167326942e-13
1.25645894457e-05
-4.50528797899e-13
1.18902566989e-05
-4.17438676034e-13
1.1047951007e-05
-3.77077188002e-13
1.010922117e-05
-3.33522183808e-13
9.12894634688e-06
-2.89724624596e-13
8.14797663346e-06
7.1956548183e-06
-2.23279139448e-14
2.45665405112e-06
-7.99489806354e-14
6.554749417e-06
-1.52855076072e-13
9.50105488907e-06
-2.22935245163e-13
1.14473701752e-05
-2.78582793567e-13
1.2565683216e-05
-3.14841990898e-13
1.30251976875e-05
-3.31711454394e-13
1.29802094313e-05
-3.31995944028e-13
1.25645894456e-05
-3.1960830217e-13
1.18902566862e-05
-2.98526082346e-13
1.10479509858e-05
-2.72251420379e-13
1.01092211436e-05
-2.43574480766e-13
9.12894631814e-06
-2.1452510519e-13
8.14797660437e-06
7.19565479024e-06
-1.53060273369e-14
2.4566540664e-06
-5.50413277944e-14
6.55474945657e-06
-1.05528034912e-13
9.50105493923e-06
-1.54250052393e-13
1.14473702236e-05
-1.9328601684e-13
1.25656832547e-05
-2.19251765732e-13
1.30251977131e-05
-2.32029424364e-13
1.29802094438e-05
-2.33427672459e-13
1.25645894467e-05
-2.26065078153e-13
1.18902566786e-05
-2.12610729856e-13
1.10479509722e-05
-1.95398906053e-13
1.01092211263e-05
-1.76292156218e-13
9.12894629902e-06
-1.56683477425e-13
8.1479765848e-06
7.19565477118e-06
-1.03929392187e-14
2.45665407678e-06
-3.734465594e-14
6.55474948337e-06
-7.17391372633e-14
9.50105497322e-06
-1.05043186383e-13
1.14473702564e-05
-1.31702965233e-13
1.25656832808e-05
-1.49380789582e-13
1.30251977303e-05
-1.57981989381e-13
1.29802094519e-05
-1.58704902038e-13
1.25645894471e-05
-1.53341180179e-13
1.1890256673e-05
-1.43760124028e-13
1.10479509623e-05
-1.31589123115e-13
1.01092211139e-05
-1.18065976426e-13
9.12894628532e-06
-1.04089733964e-13
8.14797657075e-06
7.19565475744e-06
-7.05994014861e-15
2.45665408384e-06
-2.52329838829e-14
6.5547495015e-06
-4.83067929878e-14
9.50105499611e-06
-7.06469606174e-14
1.14473702784e-05
-8.84283821293e-14
1.25656832982e-05
-9.99768893131e-14
1.30251977416e-05
-1.05271558709e-13
1.2980209457e-05
-1.05167717134e-13
1.25645894469e-05
-1.00824113461e-13
1.18902566686e-05
-9.34746344187e-14
1.1047950955e-05
-8.42815677422e-14
1.01092211048e-05
-7.42066677205e-14
9.12894627523e-06
-6.39242845231e-14
8.14797656038e-06
7.19565474727e-06
-4.93382366996e-15
2.45665408875e-06
-1.73948160888e-14
6.55474951383e-06
-3.30200389422e-14
9.50105501156e-06
-4.80575944116e-14
1.14473702932e-05
-6.00619820994e-14
1.256568331e-05
-6.78650337196e-14
1.30251977492e-05
-7.14054827055e-14
1.29802094604e-05
-7.12905438443e-14
1.25645894465e-05
-6.83197844888e-14
1.18902566654e-05
-6.32301049846e-14
1.10479509498e-05
-5.6696035353e-14
1.01092210982e-05
-4.93629122597e-14
9.12894626801e-06
-4.18479784465e-14
8.14797655297e-06
7.19565473987e-06
-3.20053765501e-15
2.45665409194e-06
-1.17855766845e-14
6.55474952232e-06
-2.26606964182e-14
9.50105502232e-06
-3.28197753228e-14
1.14473703033e-05
-4.05524469241e-14
1.25656833177e-05
-4.54364844857e-14
1.30251977539e-05
-4.75144464385e-14
1.29802094624e-05
-4.72793126946e-14
1.25645894463e-05
-4.53698825924e-14
1.18902566635e-05
-4.24525313786e-14
1.10479509467e-05
-3.90126589775e-14
1.01092210944e-05
-3.52389777305e-14
9.12894626382e-06
-3.11559961792e-14
8.14797654871e-06
7.19565473558e-06
-3.38837547854e-15
2.45665409533e-06
-1.22530130547e-14
6.55474953116e-06
-2.44368572764e-14
9.50105503442e-06
-3.86584028521e-14
1.14473703175e-05
-5.60736833533e-14
1.25656833351e-05
-7.16985424769e-14
1.30251977695e-05
-8.28084138096e-14
-8.80830425515e-14
-8.56599218658e-14
-8.04201609542e-14
-7.47283450886e-14
-6.94351336727e-14
-6.44226255471e-14
4.02127084633e-15
9.7116135873e-15
1.29828930157e-14
8.79746867329e-15
-6.38341456761e-15
)
;

boundaryField
{
    top
    {
        type            calculated;
        value           nonuniform List<scalar> 0();
    }
    inlet
    {
        type            calculated;
        value           nonuniform List<scalar> 0();
    }
    outlet
    {
        type            calculated;
        value           nonuniform List<scalar> 0();
    }
    front
    {
        type            wedge;
        value           nonuniform List<scalar> 
188
(
2.5228845764e-18
5.70560151046e-18
3.25166454042e-18
-6.10695680154e-19
-5.27354447584e-18
-7.08182299741e-18
-7.13518879974e-18
-6.28738222776e-18
-5.07354472421e-18
-3.80115768084e-18
-2.63080489911e-18
-1.62599649164e-18
-8.05782498471e-19
-1.52657940708e-19
4.45906314241e-18
1.20393988111e-17
1.2725738317e-17
6.51456715643e-18
3.83430656145e-19
-2.20014351259e-18
-2.94966927362e-18
-2.76239792596e-18
-2.15333284996e-18
-1.41287072773e-18
-6.94900770993e-19
-6.74270373245e-20
4.41340670468e-19
8.3360918025e-19
5.47989670344e-18
1.50996223837e-17
1.86338256851e-17
1.08013116684e-17
4.32818947252e-18
1.4238047122e-18
2.58290322161e-19
-1.57427008581e-20
1.37304204058e-19
4.57340735638e-19
8.03893049016e-19
1.11090685403e-18
1.35090225272e-18
1.53363297597e-18
5.899790847e-18
1.43677171199e-17
1.50840846429e-17
1.20339791528e-17
7.01448136193e-18
4.19402977743e-18
2.77712045671e-18
2.15199702559e-18
1.94048249103e-18
1.92190323497e-18
1.9740521836e-18
2.03724520356e-18
2.08409280434e-18
2.10900701867e-18
6.62637239545e-18
1.77750028391e-17
2.14854262274e-17
1.56238658178e-17
9.58395735025e-18
6.47958372451e-18
4.79725748113e-18
3.88030126749e-18
3.37829129947e-18
3.08971788639e-18
2.89898748961e-18
2.74161297751e-18
2.57748581323e-18
2.38352015671e-18
6.79921894084e-18
1.66601068877e-17
1.89170823373e-17
1.60535875229e-17
1.12449960513e-17
8.22066770601e-18
6.2461680414e-18
5.0039486506e-18
4.28938483761e-18
3.83488332145e-18
3.52610561033e-18
3.28329400194e-18
3.06312720892e-18
2.86519872872e-18
7.6722668323e-18
1.98565076289e-17
2.23537458546e-17
1.80063596655e-17
1.10621309219e-17
7.99261612249e-18
7.22250477062e-18
7.44709584407e-18
6.55302529331e-18
5.34045415505e-18
4.49035592562e-18
3.53594320143e-18
3.0051762131e-18
2.59389538801e-18
7.62616575026e-18
2.07305699242e-17
2.65442107228e-17
1.91941846714e-17
1.25634453656e-17
9.32427014089e-18
8.11379820829e-18
7.38481629784e-18
6.48747937673e-18
5.62414314928e-18
4.79001757633e-18
4.07069457789e-18
3.49013878354e-18
3.01801945835e-18
7.48201668548e-18
1.84039200257e-17
2.09569622819e-17
1.85715525318e-17
1.381625814e-17
1.08513984358e-17
8.92550438433e-18
7.54339427216e-18
6.5016734163e-18
5.63041452728e-18
4.89920448119e-18
4.28667511085e-18
3.76921057423e-18
3.34314341905e-18
7.71503989839e-18
2.05758072074e-17
2.53007675869e-17
2.05040102017e-17
1.47571488083e-17
1.14886765511e-17
9.31533073793e-18
7.75363677124e-18
6.57449345017e-18
5.64975326255e-18
4.90367689225e-18
4.2873486238e-18
3.77286082226e-18
3.35360941381e-18
8.24845740626e-18
2.18596708952e-17
2.67650222353e-17
2.16542041564e-17
1.53256862056e-17
1.17593175446e-17
9.45313662307e-18
7.82028172717e-18
6.5982540907e-18
5.64716711835e-18
4.88457694805e-18
4.25744621046e-18
3.7252888549e-18
3.24555255068e-18
7.95748410507e-18
2.18539690755e-17
2.80607333355e-17
2.15670867403e-17
1.51500862774e-17
1.16636189227e-17
9.42883797815e-18
7.84271705842e-18
6.64937841526e-18
5.71965891371e-18
4.97833316434e-18
4.37709547859e-18
3.88244091351e-18
3.46977318302e-18
6.95426161118e-18
1.78186995306e-17
2.23562587949e-17
1.88115453373e-17
1.44224011364e-17
1.15097826828e-17
9.42946144009e-18
7.86987337272e-18
6.65971075268e-18
5.69576113202e-18
4.91262033633e-18
4.26921477096e-18
3.74176025175e-18
3.31834724414e-18
7.41789164693e-18
1.7913400917e-17
1.98831943948e-17
1.89908491804e-17
1.47337874741e-17
1.16871044579e-17
)
;
    }
    back
    {
        type            wedge;
        value           nonuniform List<scalar> 
188
(
-2.52307569515e-18
-5.70496956052e-18
-3.25156371036e-18
6.1041748751e-19
5.27342801947e-18
7.08109043255e-18
7.1348948555e-18
6.28707375391e-18
5.07351575758e-18
3.80156727046e-18
2.63030529676e-18
1.62666617219e-18
8.05176661828e-19
1.53038160481e-19
-4.45919954757e-18
-1.20389411365e-17
-1.27256637897e-17
-6.51476572789e-18
-3.8350007131e-19
2.19961496677e-18
2.9494572316e-18
2.76216911507e-18
2.15331259378e-18
1.41317099723e-18
6.94530837019e-19
6.7916134197e-20
-4.41787987645e-19
-8.33327057041e-19
-5.4799929087e-18
-1.50992878919e-17
-1.86337696082e-17
-1.08014541804e-17
-4.32822546748e-18
-1.42418674488e-18
-2.58442906881e-19
1.55722799046e-20
-1.37318030467e-19
-4.57121450835e-19
-8.04166883026e-19
-1.11055172991e-18
-1.35123085773e-18
-1.53342656877e-18
-5.89985472709e-18
-1.43674823252e-17
-1.50840434786e-17
-1.20340763621e-17
-7.01449034742e-18
-4.19429333672e-18
-2.77722489595e-18
-2.15212002984e-18
-1.94049106866e-18
-1.92175062896e-18
-1.97424591265e-18
-2.03700333893e-18
-2.08432010836e-18
-2.10886496665e-18
-6.62641338509e-18
-1.77748397565e-17
-2.14853958224e-17
-1.56239304883e-17
-9.58394707615e-18
-6.4797634666e-18
-4.79732813759e-18
-3.88039129368e-18
-3.37829626164e-18
-3.08961074056e-18
-2.89912715862e-18
-2.74144696346e-18
-2.5776452985e-18
-2.38342141048e-18
-6.7992442094e-18
-1.66599928899e-17
-1.89170592921e-17
-1.60536299119e-17
-1.12449725596e-17
-8.2207897084e-18
-6.24621527981e-18
-5.00401560314e-18
-4.28938723939e-18
-3.83480882526e-18
-3.52620585968e-18
-3.28318413367e-18
-3.06323585047e-18
-2.86513283321e-18
-7.67228132537e-18
-1.98564273288e-17
-2.23537278689e-17
-1.80063867286e-17
-1.10620983406e-17
-7.99269851345e-18
-7.22253602883e-18
-7.44714717637e-18
-6.55302597833e-18
-5.340401323e-18
-4.49043034137e-18
-3.53586944164e-18
-3.00525318676e-18
-2.59384948008e-18
-7.62617300632e-18
-2.07305123544e-17
-2.65441961587e-17
-1.91942013512e-17
-1.25634066152e-17
-9.32432558975e-18
-8.11381857488e-18
-7.38485696825e-18
-6.48747888931e-18
-5.62410511313e-18
-4.79007430991e-18
-4.07064587831e-18
-3.49019271573e-18
-3.01798861704e-18
-7.48201904894e-18
-1.8403877698e-17
-2.09569499914e-17
-1.85715623668e-17
-1.38162153472e-17
-1.08514362529e-17
-8.92551758729e-18
-7.54342785365e-18
-6.50167213713e-18
-5.63038667953e-18
-4.89924876615e-18
-4.28664431415e-18
-3.76924852241e-18
-3.34312256974e-18
-7.71503877514e-18
-2.05757758309e-17
-2.53007569543e-17
-2.05040149799e-17
-1.47571030022e-17
-1.14887011763e-17
-9.31533857777e-18
-7.75366503732e-18
-6.57449157435e-18
-5.64973315261e-18
-4.90371164962e-18
-4.28733162752e-18
-3.77288624968e-18
-3.35359642702e-18
-8.2484540313e-18
-2.18596467411e-17
-2.67650127233e-17
-2.16542054253e-17
-1.53256382453e-17
-1.17593324512e-17
-9.45314041838e-18
-7.82030593547e-18
-6.59825175762e-18
-5.64715296064e-18
-4.88460432747e-18
-4.257439824e-18
-3.72530517801e-18
-3.24554450745e-18
-7.95747889326e-18
-2.18539507388e-17
-2.80607247208e-17
-2.15670851983e-17
-1.51500365758e-17
-1.16636258216e-17
-9.42883834075e-18
-7.84273770524e-18
-6.64937567199e-18
-5.71965011168e-18
-4.97835378086e-18
-4.37710036172e-18
-3.8824430889e-18
-3.46977901189e-18
-6.95425634235e-18
-1.78186817878e-17
-2.23562503275e-17
-1.88115434281e-17
-1.44223514565e-17
-1.1509791275e-17
-9.42946313663e-18
-7.86989573847e-18
-6.65970820195e-18
-5.69575024212e-18
-4.91264340901e-18
-4.26921348541e-18
-3.74177506405e-18
-3.31833619548e-18
-7.41787998246e-18
-1.79133995833e-17
-1.98831880725e-17
-1.89908415909e-17
-1.47337349715e-17
-1.16871035365e-17
)
;
    }
    procBoundary12to6
    {
        type            processor;
        value           nonuniform List<scalar> 
14
(
-2.45665344067e-06
-6.55474786599e-06
-9.50105294508e-06
-1.14473683221e-05
-1.2565681763e-05
-1.30251967665e-05
-1.29802090426e-05
-1.25645895124e-05
-1.18902570991e-05
-1.10479516323e-05
-1.01092219247e-05
-9.12894715437e-06
-8.14797743686e-06
-7.19565558005e-06
)
;
    }
    procBoundary12to13
    {
        type            processor;
        value           nonuniform List<scalar> 
15
(
1.29802094734e-05
1.25645894514e-05
1.1890256661e-05
1.10479509416e-05
1.0109221089e-05
9.12894625873e-06
8.14797654377e-06
7.19565473079e-06
2.45665409131e-06
6.55474952547e-06
9.50105503105e-06
1.14473703215e-05
1.25656833502e-05
-1.8402546582e-14
1.30251977901e-05
)
;
    }
    procBoundary12to14
    {
        type            processor;
        value           nonuniform List<scalar> 
13
(
-1.32887019296e-12
-1.01093473629e-12
-7.27053290945e-13
-5.26772649485e-13
-3.43391976997e-13
-2.52068306186e-13
-1.77038069409e-13
-1.14283955115e-13
-9.65855266218e-14
-4.36374342698e-14
-5.23761918378e-14
-2.17031549161e-14
-4.35917128726e-14
)
;
    }
}


// ************************************************************************* //
