/*--------------------------------*- C++ -*----------------------------------*\
  =========                 |
  \\      /  F ield         | OpenFOAM: The Open Source CFD Toolbox
   \\    /   O peration     | Website:  https://openfoam.org
    \\  /    A nd           | Version:  12
     \\/     M anipulation  |
\*---------------------------------------------------------------------------*/
FoamFile
{
    format      ascii;
    class       volVectorField;
    location    "1700";
    object      U;
}
// * * * * * * * * * * * * * * * * * * * * * * * * * * * * * * * * * * * * * //

dimensions      [0 1 -1 0 0 0 0];

internalField   nonuniform List<vector> 
1763
(
(0.99858097 0.002122064 0)
(0.99869222 0.0022468525 0)
(0.99882103 0.0023492175 0)
(0.99895952 0.0024257654 0)
(0.99909831 0.0024783951 0)
(0.99923123 0.0025122821 0)
(0.99935638 0.0025321571 0)
(0.99947371 0.0025410035 0)
(0.99958314 0.0025412157 0)
(0.99968459 0.002535258 0)
(0.99977861 0.0025251421 0)
(0.99986609 0.0025121157 0)
(0.99861041 0.0020996564 0)
(0.99871672 0.0022206496 0)
(0.99883984 0.0023210863 0)
(0.99897276 0.0023976386 0)
(0.99910691 0.002451607 0)
(0.99923637 0.0024873831 0)
(0.99935896 0.0025092893 0)
(0.99947438 0.0025202185 0)
(0.99958243 0.0025224677 0)
(0.99968297 0.002518367 0)
(0.9997764 0.0025098816 0)
(0.99986353 0.0024982846 0)
(0.99994514 0.0024844132 0)
(1.0000218 0.0024689242 0)
(1.0000942 0.0024523215 0)
(1.0001626 0.0024349679 0)
(1.0002276 0.0024171089 0)
(1.0002896 0.0023989229 0)
(1.0003489 0.0023805503 0)
(1.0004057 0.0023621022 0)
(1.0004603 0.002343666 0)
(1.0005128 0.0023253114 0)
(0.99863963 0.0020776069 0)
(0.99874124 0.0021949125 0)
(0.99885892 0.0022933803 0)
(0.99898645 0.0023697684 0)
(0.99911603 0.0024248773 0)
(0.999242 0.0024623957 0)
(0.99936198 0.0024862343 0)
(0.99947542 0.0024991707 0)
(0.99958202 0.0025034058 0)
(0.99968158 0.0025011406 0)
(0.99977437 0.0024942819 0)
(0.99986107 0.0024841216 0)
(0.9999424 0.0024715196 0)
(1.0000189 0.0024571446 0)
(1.0000912 0.0024415191 0)
(1.0001596 0.0024250265 0)
(1.0002246 0.0024079301 0)
(1.0002867 0.0023904221 0)
(1.000346 0.0023726548 0)
(1.0004028 0.0023547492 0)
(1.0004575 0.0023368009 0)
(1.0005102 0.0023188863 0)
(1.0005611 0.0023010657 0)
(1.0006104 0.0022833892 0)
(1.0006582 0.0022658935 0)
(1.0007046 0.0022486047 0)
(1.0007499 0.0022315432 0)
(1.0007941 0.0022147231 0)
(1.0008374 0.0021981536 0)
(1.0008797 0.0021818402 0)
(1.0009213 0.0021657862 0)
(1.0009622 0.0021499928 0)
(1.0010025 0.0021344596 0)
(1.0010422 0.002119185 0)
(1.0010814 0.0021041636 0)
(1.0011202 0.002089388 0)
(1.0011586 0.0020748566 0)
(1.0011966 0.0020605641 0)
(1.0012344 0.002046494 0)
(0.99866863 0.0020559061 0)
(0.99876578 0.0021696297 0)
(0.99887826 0.0022660972 0)
(0.9990006 0.0023421677 0)
(0.99912568 0.0023982283 0)
(0.99924814 0.0024373407 0)
(0.99936545 0.0024630095 0)
(0.99947686 0.0024778747 0)
(0.99958195 0.0024840412 0)
(0.99968045 0.002483585 0)
(0.99977253 0.0024783469 0)
(0.99985876 0.0024696264 0)
(0.99993978 0.0024583027 0)
(1.0000161 0.0024450564 0)
(1.0000883 0.0024304256 0)
(1.0001566 0.0024148104 0)
(1.0002217 0.0023984919 0)
(1.0002837 0.002381677 0)
(1.0003431 0.0023645294 0)
(1.0004 0.0023471799 0)
(1.0004547 0.0023297323 0)
(1.0005075 0.0023122696 0)
(1.0005585 0.0022948579 0)
(1.0006078 0.0022775517 0)
(1.0006557 0.0022603926 0)
(1.0007023 0.0022434104 0)
(1.0007476 0.0022266286 0)
(1.0007919 0.0022100641 0)
(1.0008353 0.0021937289 0)
(1.0008777 0.0021776306 0)
(1.0009194 0.0021617745 0)
(1.0009603 0.0021461636 0)
(1.0010007 0.002130799 0)
(1.0010404 0.0021156802 0)
(1.0010797 0.0021008034 0)
(1.0011186 0.0020861623 0)
(1.001157 0.002071756 0)
(1.0011951 0.0020575802 0)
(1.001233 0.0020436191 0)
(0.99869742 0.0020345446 0)
(0.99879031 0.0021447893 0)
(0.99889784 0.0022392329 0)
(0.99901517 0.0023148475 0)
(0.99913585 0.0023716804 0)
(0.99925478 0.0024122386 0)
(0.99936938 0.0024396322 0)
(0.9994787 0.0024563457 0)
(0.99958222 0.0024643854 0)
(0.9996796 0.0024657073 0)
(0.99977092 0.0024620796 0)
(0.99985662 0.0024547994 0)
(0.99993729 0.0024447616 0)
(1.0000134 0.0024326567 0)
(1.0000854 0.0024190353 0)
(1.0001537 0.0024043132 0)
(1.0002187 0.0023887885 0)
(1.0002807 0.0023726822 0)
(1.0003401 0.0023561691 0)
(1.0003971 0.0023393897 0)
(1.0004519 0.0023224557 0)
(1.0005047 0.002305457 0)
(1.0005558 0.0022884654 0)
(1.0006052 0.0022715401 0)
(1.0006532 0.002254727 0)
(1.0006998 0.00223806 0)
(1.0007453 0.0022215659 0)
(1.0007897 0.0022052646 0)
(1.0008331 0.0021891705 0)
(1.0008756 0.0021732938 0)
(1.0009174 0.0021576418 0)
(1.0009584 0.002142219 0)
(1.0009988 0.0021270282 0)
(1.0010386 0.0021120701 0)
(1.001078 0.0020973423 0)
(1.0011169 0.0020828402 0)
(1.0011554 0.0020685629 0)
(1.0011935 0.0020545072 0)
(1.0012314 0.0020406592 0)
(0.99872599 0.0020135131 0)
(0.99881483 0.0021203792 0)
(0.99891764 0.0022127828 0)
(0.99903016 0.0022878171 0)
(0.99914652 0.0023452531 0)
(0.99926193 0.00238711 0)
(0.99937378 0.0024161204 0)
(0.99948096 0.0024345991 0)
(0.99958285 0.0024444506 0)
(0.99967904 0.0024475154 0)
(0.99976953 0.0024454842 0)
(0.99985466 0.0024396422 0)
(0.99993492 0.0024308955 0)
(1.0000108 0.0024199427 0)
(1.0000826 0.0024073444 0)
(1.0001508 0.0023935306 0)
(1.0002158 0.0023788153 0)
(1.0002778 0.0023634327 0)
(1.0003372 0.0023475688 0)
(1.0003942 0.0023313733 0)
(1.0004491 0.002314966 0)
(1.000502 0.0022984434 0)
(1.0005531 0.0022818833 0)
(1.0006026 0.0022653495 0)
(1.0006506 0.0022488923 0)
(1.0006974 0.0022325496 0)
(1.0007429 0.0022163517 0)
(1.0007874 0.0022003213 0)
(1.0008308 0.0021844757 0)
(1.0008734 0.0021688273 0)
(1.0009153 0.0021533855 0)
(1.0009564 0.0021381566 0)
(1.0009968 0.0021231448 0)
(1.0010367 0.0021083524 0)
(1.0010761 0.0020937784 0)
(1.0011151 0.0020794193 0)
(1.0011537 0.0020652751 0)
(1.0011919 0.0020513433 0)
(1.0012298 0.0020376121 0)
(0.99875435 0.0019928024 0)
(0.99883934 0.0020963877 0)
(0.99893765 0.0021867419 0)
(0.99904553 0.0022610843 0)
(0.99915766 0.0023189645 0)
(0.99926958 0.0023619752 0)
(0.99937865 0.0023924922 0)
(0.99948363 0.0024126509 0)
(0.99958383 0.0024242498 0)
(0.99967878 0.0024290182 0)
(0.99976838 0.0024285658 0)
(0.99985287 0.002424157 0)
(0.99993269 0.0024167044 0)
(1.0000082 0.0024069126 0)
(1.0000799 0.0023953498 0)
(1.0001479 0.0023824587 0)
(1.0002128 0.0023685675 0)
(1.0002749 0.0023539236 0)
(1.0003343 0.0023387232 0)
(1.0003913 0.0023231254 0)
(1.0004462 0.0023072579 0)
(1.0004992 0.0022912237 0)
(1.0005503 0.0022751065 0)
(1.0005999 0.0022589749 0)
(1.000648 0.0022428835 0)
(1.0006948 0.0022268745 0)
(1.0007405 0.0022109813 0)
(1.000785 0.0021952299 0)
(1.0008286 0.0021796403 0)
(1.0008712 0.002164227 0)
(1.0009131 0.0021490018 0)
(1.0009543 0.0021339727 0)
(1.0009948 0.0021191455 0)
(1.0010348 0.0021045239 0)
(1.0010743 0.0020901083 0)
(1.0011133 0.0020758968 0)
(1.0011519 0.0020618898 0)
(1.0011902 0.0020480859 0)
(1.0012282 0.0020344749 0)
(0.99878251 0.0019724036 0)
(0.99886382 0.0020728034 0)
(0.99895784 0.0021611044 0)
(0.99906126 0.0022346557 0)
(0.99916928 0.0022928315 0)
(0.99927772 0.0023368541 0)
(0.99938398 0.0023687659 0)
(0.99948673 0.0023905172 0)
(0.99958519 0.0024037967 0)
(0.99967883 0.0024102254 0)
(0.99976748 0.00241133 0)
(0.99985129 0.0024083466 0)
(0.99993062 0.0024021888 0)
(1.0000058 0.0023935648 0)
(1.0000772 0.0023830488 0)
(1.0001452 0.0023710936 0)
(1.00021 0.0023580409 0)
(1.0002719 0.00234415 0)
(1.0003313 0.0023296274 0)
(1.0003884 0.002314641 0)
(1.0004433 0.0022993262 0)
(1.0004963 0.0022837928 0)
(1.0005476 0.00226813 0)
(1.0005972 0.0022524115 0)
(1.0006454 0.0022366961 0)
(1.0006923 0.0022210302 0)
(1.000738 0.0022054506 0)
(1.0007826 0.0021899864 0)
(1.0008262 0.0021746602 0)
(1.000869 0.0021594892 0)
(1.0009109 0.002144487 0)
(1.0009522 0.0021296638 0)
(1.0009928 0.0021150269 0)
(1.0010328 0.0021005813 0)
(1.0010723 0.0020863291 0)
(1.0011114 0.0020722697 0)
(1.0011501 0.0020584042 0)
(1.0011884 0.0020447321 0)
(1.0012265 0.0020312451 0)
(0.99881045 0.0019523078 0)
(0.99888827 0.0020496148 0)
(0.99897819 0.0021358645 0)
(0.99907733 0.0022085366 0)
(0.99918134 0.0022668695 0)
(0.99928633 0.0023117659 0)
(0.99938978 0.0023449601 0)
(0.99949026 0.0023682149 0)
(0.99958693 0.0023831054 0)
(0.9996792 0.0023911475 0)
(0.99976684 0.0023937837 0)
(0.99984992 0.0023922147 0)
(0.99992871 0.0023873499 0)
(1.0000035 0.0023798988 0)
(1.0000747 0.0023704391 0)
(1.0001424 0.0023594321 0)
(1.0002071 0.0023472313 0)
(1.000269 0.0023341073 0)
(1.0003284 0.0023202764 0)
(1.0003855 0.002305915 0)
(1.0004404 0.0022911659 0)
(1.0004935 0.0022761456 0)
(1.0005447 0.0022609489 0)
(1.0005945 0.0022456544 0)
(1.0006427 0.0022303253 0)
(1.0006897 0.002215012 0)
(1.0007354 0.002199755 0)
(1.0007801 0.0021845862 0)
(1.0008238 0.0021695312 0)
(1.0008666 0.0021546097 0)
(1.0009087 0.0021398373 0)
(1.00095 0.0021252262 0)
(1.0009907 0.0021107853 0)
(1.0010308 0.0020965213 0)
(1.0010704 0.0020824374 0)
(1.0011095 0.0020685347 0)
(1.0011482 0.0020548151 0)
(1.0011866 0.002041279 0)
(1.0012247 0.0020279199 0)
(0.99883819 0.0019325063 0)
(0.99891268 0.0020268109 0)
(0.9989987 0.0021110157 0)
(0.99909372 0.0021827311 0)
(0.99919383 0.0022410926 0)
(0.99929542 0.0022867294 0)
(0.99939604 0.0023210933 0)
(0.99949422 0.0023457608 0)
(0.99958905 0.0023621907 0)
(0.9996799 0.0023717958 0)
(0.99976647 0.0023759344 0)
(0.99984876 0.0023757656 0)
(0.99992697 0.0023721895 0)
(1.0000014 0.0023659141 0)
(1.0000722 0.0023575187 0)
(1.0001398 0.0023474711 0)
(1.0002043 0.0023361348 0)
(1.0002661 0.0023237912 0)
(1.0003255 0.0023106655 0)
(1.0003825 0.0022969423 0)
(1.0004375 0.0022827719 0)
(1.0004906 0.0022682769 0)
(1.0005419 0.0022535581 0)
(1.0005917 0.0022386986 0)
(1.00064 0.0022237663 0)
(1.000687 0.0022088153 0)
(1.0007328 0.0021938899 0)
(1.0007776 0.0021790251 0)
(1.0008214 0.0021642492 0)
(1.0008643 0.0021495845 0)
(1.0009064 0.0021350488 0)
(1.0009477 0.0021206561 0)
(1.0009885 0.0021064172 0)
(1.0010287 0.0020923402 0)
(1.0010683 0.0020784299 0)
(1.0011075 0.0020646887 0)
(1.0011463 0.0020511195 0)
(1.0011848 0.0020377237 0)
(1.0012229 0.0020244963 0)
(0.99886571 0.0019129906 0)
(0.99893704 0.0020043808 0)
(0.99901934 0.0020865514 0)
(0.99911041 0.0021572422 0)
(0.99920673 0.0022155137 0)
(0.99930496 0.0022617625 0)
(0.99940275 0.0022971838 0)
(0.99949861 0.002323172 0)
(0.99959156 0.0023410675 0)
(0.99968094 0.0023521824 0)
(0.99976639 0.0023577904 0)
(0.99984783 0.0023590045 0)
(0.99992542 0.0023567102 0)
(0.99999935 0.0023516113 0)
(1.0000699 0.0023442864 0)
(1.0001372 0.0023352079 0)
(1.0002016 0.002324748 0)
(1.0002633 0.0023131974 0)
(1.0003226 0.0023007901 0)
(1.0003796 0.0022877182 0)
(1.0004346 0.0022741391 0)
(1.0004877 0.0022601818 0)
(1.000539 0.0022459525 0)
(1.0005888 0.0022315391 0)
(1.0006372 0.002217014 0)
(1.0006843 0.0022024353 0)
(1.0007302 0.0021878507 0)
(1.000775 0.0021732985 0)
(1.0008189 0.0021588098 0)
(1.0008618 0.0021444094 0)
(1.000904 0.0021301174 0)
(1.0009455 0.0021159497 0)
(1.0009863 0.0021019189 0)
(1.0010265 0.0020880346 0)
(1.0010662 0.0020743032 0)
(1.0011055 0.0020607284 0)
(1.0011443 0.0020473143 0)
(1.0011828 0.0020340631 0)
(1.0012211 0.0020209716 0)
(0.99889304 0.0018937523 0)
(0.99896134 0.0019823138 0)
(0.9990401 0.0020624648 0)
(0.99912738 0.0021320718 0)
(0.99922002 0.0021901443 0)
(0.99931496 0.0022368822 0)
(0.99940992 0.0022732499 0)
(0.99950343 0.0023004659 0)
(0.99959446 0.0023197516 0)
(0.99968233 0.0023323199 0)
(0.9997666 0.0023393609 0)
(0.99984715 0.0023419375 0)
(0.99992406 0.0023409154 0)
(0.99999748 0.0023369913 0)
(1.0000676 0.0023307414 0)
(1.0001347 0.0023226404 0)
(1.0001989 0.0023130675 0)
(1.0002605 0.002302322 0)
(1.0003197 0.0022906456 0)
(1.0003767 0.0022782378 0)
(1.0004316 0.0022652626 0)
(1.0004847 0.0022518552 0)
(1.0005361 0.002238127 0)
(1.000586 0.002224171 0)
(1.0006344 0.0022100636 0)
(1.0006816 0.0021958671 0)
(1.0007275 0.0021816327 0)
(1.0007724 0.0021674019 0)
(1.0008163 0.0021532086 0)
(1.0008593 0.0021390802 0)
(1.0009016 0.002125039 0)
(1.0009431 0.002111103 0)
(1.000984 0.0020972865 0)
(1.0010243 0.0020836008 0)
(1.001064 0.0020700537 0)
(1.0011034 0.0020566505 0)
(1.0011423 0.0020433961 0)
(1.0011809 0.002030294 0)
(1.0012191 0.0020173425 0)
(0.99892015 0.001874783 0)
(0.99898558 0.0019605992 0)
(0.99906096 0.0020387486 0)
(0.99914461 0.0021072211 0)
(0.99923369 0.0021649945 0)
(0.99932538 0.0022121046 0)
(0.99941754 0.0022493094 0)
(0.99950868 0.0022776599 0)
(0.99959776 0.0022982587 0)
(0.99968406 0.0023122215 0)
(0.99976711 0.0023206558 0)
(0.99984671 0.002324571 0)
(0.9999229 0.0023248088 0)
(0.99999578 0.0023220558 0)
(1.0000655 0.0023168834 0)
(1.0001323 0.0023097668 0)
(1.0001963 0.0023010906 0)
(1.0002577 0.0022911613 0)
(1.0003168 0.0022802279 0)
(1.0003738 0.0022684965 0)
(1.0004287 0.0022561375 0)
(1.0004818 0.002243292 0)
(1.0005332 0.0022300767 0)
(1.0005831 0.0022165891 0)
(1.0006316 0.0022029101 0)
(1.0006788 0.0021891059 0)
(1.0007248 0.0021752311 0)
(1.0007697 0.0021613306 0)
(1.0008137 0.0021474411 0)
(1.0008568 0.0021335925 0)
(1.0008991 0.0021198095 0)
(1.0009407 0.002106112 0)
(1.0009816 0.0020925162 0)
(1.001022 0.002079035 0)
(1.0010618 0.0020656778 0)
(1.0011012 0.0020524513 0)
(1.0011402 0.0020393617 0)
(1.0011788 0.0020264133 0)
(1.0012171 0.0020136061 0)
(0.99894706 0.0018560747 0)
(0.99900975 0.0019392269 0)
(0.99908191 0.0020153954 0)
(0.99916208 0.0020826903 0)
(0.99924771 0.0021400735 0)
(0.99933622 0.0021874448 0)
(0.99942559 0.0022253798 0)
(0.99951436 0.0022547713 0)
(0.99960147 0.002276605 0)
(0.99968616 0.0022919011 0)
(0.99976793 0.0023016859 0)
(0.99984654 0.0023069128 0)
(0.99992196 0.0023083954 0)
(0.99999425 0.0023068071 0)
(1.0000635 0.0023027127 0)
(1.00013 0.0022965859 0)
(1.0001937 0.0022888147 0)
(1.000255 0.0022797119 0)
(1.000314 0.0022695328 0)
(1.0003709 0.0022584898 0)
(1.0004258 0.0022467591 0)
(1.0004788 0.0022344873 0)
(1.0005303 0.0022217964 0)
(1.0005802 0.0022087885 0)
(1.0006287 0.0021955485 0)
(1.0006759 0.0021821467 0)
(1.000722 0.0021686412 0)
(1.000767 0.00215508 0)
(1.000811 0.0021415028 0)
(1.0008542 0.0021279419 0)
(1.0008966 0.0021144245 0)
(1.0009382 0.0021009725 0)
(1.0009792 0.002087604 0)
(1.0010196 0.0020743334 0)
(1.0010595 0.0020611718 0)
(1.001099 0.0020481275 0)
(1.001138 0.0020352075 0)
(1.0011767 0.0020224176 0)
(1.0012151 0.0020097591 0)
(0.99897376 0.0018376193 0)
(0.99903384 0.0019181866 0)
(0.99910293 0.0019923979 0)
(0.99917977 0.0020584788 0)
(0.99926206 0.0021153891 0)
(0.99934747 0.0021629171 0)
(0.99943407 0.0022014781 0)
(0.99952046 0.0022318173 0)
(0.99960557 0.0022548068 0)
(0.99968861 0.002271373 0)
(0.99976906 0.0022824623 0)
(0.99984664 0.002288971 0)
(0.99992124 0.0022916806 0)
(0.9999929 0.0022912483 0)
(1.0000617 0.0022882302 0)
(1.0001278 0.0022830968 0)
(1.0001913 0.0022762378 0)
(1.0002524 0.0022679708 0)
(1.0003112 0.0022585568 0)
(1.000368 0.0022482134 0)
(1.0004228 0.0022371227 0)
(1.0004759 0.0022254363 0)
(1.0005273 0.0022132813 0)
(1.0005772 0.0022007641 0)
(1.0006258 0.0021879738 0)
(1.000673 0.0021749846 0)
(1.0007192 0.002161858 0)
(1.0007642 0.0021486453 0)
(1.0008083 0.0021353889 0)
(1.0008515 0.002122124 0)
(1.000894 0.0021088797 0)
(1.0009357 0.0020956804 0)
(1.0009767 0.0020825458 0)
(1.0010172 0.0020694921 0)
(1.0010572 0.002056532 0)
(1.0010967 0.0020436753 0)
(1.0011358 0.0020309302 0)
(1.0011745 0.0020183035 0)
(1.001213 0.0020057983 0)
(0.99900025 0.0018194091 0)
(0.99905785 0.0018974684 0)
(0.99912401 0.0019697483 0)
(0.99919766 0.0020345853 0)
(0.99927673 0.0020909479 0)
(0.9993591 0.0021385344 0)
(0.99944297 0.0021776204 0)
(0.99952698 0.0022088153 0)
(0.99961007 0.0022328806 0)
(0.99969144 0.0022506519 0)
(0.99977052 0.0022629973 0)
(0.99984701 0.0022707546 0)
(0.99992075 0.0022746705 0)
(0.99999174 0.0022753832 0)
(1.00006 0.0022734377 0)
(1.0001257 0.0022692995 0)
(1.0001889 0.0022633584 0)
(1.0002498 0.0022559354 0)
(1.0003085 0.0022472962 0)
(1.0003651 0.0022376633 0)
(1.0004199 0.0022272237 0)
(1.0004729 0.0022161342 0)
(1.0005243 0.0022045263 0)
(1.0005743 0.0021925108 0)
(1.0006228 0.0021801809 0)
(1.0006701 0.0021676145 0)
(1.0007163 0.0021548766 0)
(1.0007614 0.0021420216 0)
(1.0008055 0.0021290948 0)
(1.0008488 0.0021161339 0)
(1.0008913 0.0021031706 0)
(1.0009331 0.0020902312 0)
(1.0009742 0.0020773373 0)
(1.0010147 0.0020645069 0)
(1.0010548 0.0020517543 0)
(1.0010943 0.0020390908 0)
(1.0011335 0.0020265259 0)
(1.0011723 0.0020140675 0)
(1.0012108 0.0020017202 0)
(0.99902654 0.0018014362 0)
(0.99908177 0.0018770626 0)
(0.99914514 0.0019474389 0)
(0.99921573 0.0020110081 0)
(0.99929169 0.0020667556 0)
(0.9993711 0.0021143089 0)
(0.99945228 0.0021538227 0)
(0.99953392 0.0021857819 0)
(0.99961497 0.0022108429 0)
(0.99969463 0.0022297528 0)
(0.99977232 0.0022433033 0)
(0.99984767 0.0022522734 0)
(0.99992051 0.0022573722 0)
(0.99999078 0.0022592161 0)
(1.0000585 0.0022583373 0)
(1.0001238 0.0022551943 0)
(1.0001866 0.0022501752 0)
(1.0002472 0.0022436033 0)
(1.0003058 0.0022357479 0)
(1.0003623 0.0022268356 0)
(1.000417 0.0022170581 0)
(1.0004699 0.0022065764 0)
(1.0005213 0.0021955267 0)
(1.0005713 0.0021840239 0)
(1.0006198 0.002172165 0)
(1.0006672 0.0021600316 0)
(1.0007134 0.0021476922 0)
(1.0007585 0.0021352042 0)
(1.0008027 0.0021226158 0)
(1.000846 0.0021099674 0)
(1.0008886 0.0020972929 0)
(1.0009304 0.0020846208 0)
(1.0009716 0.0020719746 0)
(1.0010122 0.0020593741 0)
(1.0010523 0.0020468352 0)
(1.0010919 0.0020343706 0)
(1.0011311 0.0020219913 0)
(1.00117 0.0020097063 0)
(1.0012085 0.0019975216 0)
(0.99905262 0.0017836931 0)
(0.9991056 0.0018569595 0)
(0.9991663 0.0019254618 0)
(0.99923396 0.0019877444 0)
(0.99930693 0.0020428169 0)
(0.99938345 0.0020902515 0)
(0.99946199 0.0021300996 0)
(0.99954127 0.0021627337 0)
(0.99962027 0.0021887103 0)
(0.9996982 0.0022086911 0)
(0.99977444 0.0022233935 0)
(0.99984862 0.0022335378 0)
(0.99992052 0.0022397932 0)
(0.99999004 0.0022427521 0)
(1.0000572 0.0022429319 0)
(1.0001219 0.0022407821 0)
(1.0001845 0.0022366878 0)
(1.0002448 0.0022309727 0)
(1.0003031 0.002223909 0)
(1.0003595 0.0022157268 0)
(1.0004141 0.0022066214 0)
(1.000467 0.0021967583 0)
(1.0005183 0.0021862776 0)
(1.0005682 0.0021752981 0)
(1.0006168 0.0021639207 0)
(1.0006642 0.0021522305 0)
(1.0007104 0.0021402994 0)
(1.0007556 0.0021281878 0)
(1.0007998 0.0021159467 0)
(1.0008432 0.0021036193 0)
(1.0008858 0.0020912416 0)
(1.0009277 0.0020788442 0)
(1.0009689 0.0020664529 0)
(1.0010096 0.0020540889 0)
(1.0010497 0.0020417699 0)
(1.0010894 0.0020295102 0)
(1.0011287 0.002017322 0)
(1.0011676 0.0020052156 0)
(1.0012062 0.0019931986 0)
(0.99907849 0.0017661724 0)
(0.99912931 0.0018371498 0)
(0.99918749 0.0019038091 0)
(0.99925234 0.0019647914 0)
(0.99932243 0.0020191354 0)
(0.99939615 0.0020663721 0)
(0.99947207 0.0021064655 0)
(0.99954901 0.0021396868 0)
(0.99962597 0.0021664993 0)
(0.99970213 0.0021874822 0)
(0.99977691 0.0022032814 0)
(0.99984987 0.0022145587 0)
(0.99992078 0.0022219421 0)
(0.9999895 0.0022259974 0)
(1.000056 0.0022272252 0)
(1.0001203 0.0022260647 0)
(1.0001824 0.0022228961 0)
(1.0002424 0.0022180424 0)
(1.0003005 0.0022117773 0)
(1.0003567 0.0022043337 0)
(1.0004112 0.0021959102 0)
(1.000464 0.0021866759 0)
(1.0005153 0.0021767747 0)
(1.0005652 0.0021663292 0)
(1.0006138 0.0021554438 0)
(1.0006611 0.002144207 0)
(1.0007074 0.0021326939 0)
(1.0007526 0.0021209681 0)
(1.0007969 0.0021090834 0)
(1.0008403 0.0020970853 0)
(1.0008829 0.0020850125 0)
(1.0009249 0.0020728976 0)
(1.0009662 0.0020607683 0)
(1.0010069 0.0020486477 0)
(1.0010471 0.002036555 0)
(1.0010868 0.0020245062 0)
(1.0011262 0.0020125148 0)
(1.0011651 0.0020005924 0)
(1.0012038 0.0019887479 0)
(0.99910414 0.0017488667 0)
(0.99915292 0.0018176242 0)
(0.99920868 0.0018824728 0)
(0.99927085 0.0019421454 0)
(0.99933816 0.0019957138 0)
(0.99940916 0.0020426796 0)
(0.99948253 0.0020829335 0)
(0.99955715 0.0021166569 0)
(0.99963205 0.0021442259 0)
(0.99970644 0.0021661418 0)
(0.99977972 0.0021829811 0)
(0.99985143 0.0021953478 0)
(0.99992131 0.0022038276 0)
(0.9999892 0.0022089581 0)
(1.000055 0.0022112211 0)
(1.0001188 0.002211044 0)
(1.0001805 0.0022088002 0)
(1.0002402 0.0022048109 0)
(1.000298 0.0021993502 0)
(1.000354 0.0021926529 0)
(1.0004083 0.0021849202 0)
(1.000461 0.0021763244 0)
(1.0005123 0.0021670128 0)
(1.0005621 0.0021571115 0)
(1.0006107 0.0021467283 0)
(1.000658 0.002135955 0)
(1.0007043 0.0021248698 0)
(1.0007496 0.0021135393 0)
(1.0007939 0.0021020199 0)
(1.0008373 0.00209036 0)
(1.00088 0.0020786003 0)
(1.000922 0.0020667756 0)
(1.0009634 0.0020549157 0)
(1.0010041 0.0020430453 0)
(1.0010444 0.0020311855 0)
(1.0010842 0.0020193538 0)
(1.0011236 0.002007565 0)
(1.0011626 0.0019958321 0)
(1.0012013 0.0019841654 0)
(0.99912959 0.0017317689 0)
(0.99917641 0.0017983736 0)
(0.99922986 0.001861445 0)
(0.99928948 0.0019198025 0)
(0.99935412 0.0019725541 0)
(0.99942247 0.002019182 0)
(0.99949334 0.0020595162 0)
(0.99956566 0.002093659 0)
(0.99963852 0.0021219065 0)
(0.99971112 0.002144686 0)
(0.99978287 0.0021625071 0)
(0.9998533 0.0021759177 0)
(0.99992211 0.0021854601 0)
(0.99998913 0.0021916422 0)
(1.0000542 0.0021949255 0)
(1.0001174 0.0021957236 0)
(1.0001786 0.0021944022 0)
(1.000238 0.0021912789 0)
(1.0002955 0.0021866272 0)
(1.0003513 0.0021806828 0)
(1.0004055 0.0021736491 0)
(1.0004581 0.002165701 0)
(1.0005093 0.0021569887 0)
(1.0005591 0.0021476416 0)
(1.0006076 0.0021377706 0)
(1.0006549 0.0021274708 0)
(1.0007012 0.0021168232 0)
(1.0007465 0.0021058974 0)
(1.0007908 0.0020947525 0)
(1.0008343 0.0020834393 0)
(1.0008771 0.002072001 0)
(1.0009191 0.0020604745 0)
(1.0009605 0.0020488914 0)
(1.0010013 0.0020372784 0)
(1.0010416 0.0020256582 0)
(1.0010815 0.0020140498 0)
(1.0011209 0.0020024696 0)
(1.00116 0.0019909317 0)
(1.0011987 0.0019794481 0)
(0.99915482 0.0017148717 0)
(0.99919978 0.0017793892 0)
(0.99925103 0.0018407175 0)
(0.9993082 0.0018977582 0)
(0.99937027 0.0019496572 0)
(0.99943606 0.0019958857 0)
(0.99950448 0.0020362245 0)
(0.99957455 0.002070707 0)
(0.99964536 0.0020995561 0)
(0.99971617 0.0021231294 0)
(0.99978636 0.0021418731 0)
(0.99985548 0.0021562798 0)
(0.99992319 0.0021668487 0)
(0.99998929 0.0021740564 0)
(1.0000537 0.0021783424 0)
(1.0001162 0.0021801056 0)
(1.000177 0.0021797022 0)
(1.0002359 0.0021774448 0)
(1.0002932 0.0021736053 0)
(1.0003487 0.0021684197 0)
(1.0004027 0.0021620924 0)
(1.0004552 0.0021548004 0)
(1.0005062 0.0021466967 0)
(1.000556 0.0021379135 0)
(1.0006045 0.0021285645 0)
(1.0006518 0.0021187478 0)
(1.0006981 0.0021085475 0)
(1.0007433 0.0020980357 0)
(1.0007877 0.0020872744 0)
(1.0008312 0.0020763166 0)
(1.000874 0.002065208 0)
(1.0009161 0.0020539875 0)
(1.0009575 0.0020426887 0)
(1.0009984 0.0020313402 0)
(1.0010388 0.0020199663 0)
(1.0010787 0.0020085876 0)
(1.0011182 0.001997222 0)
(1.0011573 0.0019858849 0)
(1.0011961 0.0019745896 0)
(0.99917983 0.0016981686 0)
(0.99922302 0.0017606625 0)
(0.99927218 0.0018202829 0)
(0.99932701 0.0018760083 0)
(0.9993866 0.0019270243 0)
(0.99944992 0.0019727979 0)
(0.99951595 0.0020130705 0)
(0.99958378 0.0020478162 0)
(0.99965257 0.0020771917 0)
(0.99972158 0.0021014897 0)
(0.99979021 0.0021210958 0)
(0.99985798 0.0021364493 0)
(0.99992456 0.0021480065 0)
(0.99998971 0.0021562114 0)
(1.0000533 0.0021614806 0)
(1.0001152 0.0021641966 0)
(1.0001754 0.0021647048 0)
(1.000234 0.0021633118 0)
(1.0002909 0.0021602865 0)
(1.0003462 0.0021558642 0)
(1.0004 0.0021502499 0)
(1.0004523 0.002143622 0)
(1.0005032 0.0021361357 0)
(1.0005529 0.0021279257 0)
(1.0006013 0.0021191085 0)
(1.0006486 0.0021097848 0)
(1.0006949 0.0021000414 0)
(1.0007402 0.0020899531 0)
(1.0007845 0.0020795846 0)
(1.0008281 0.0020689912 0)
(1.0008709 0.0020582207 0)
(1.000913 0.0020473145 0)
(1.0009545 0.0020363078 0)
(1.0009954 0.0020252312 0)
(1.0010358 0.0020141106 0)
(1.0010758 0.0020029682 0)
(1.0011153 0.0019918234 0)
(1.0011545 0.001980693 0)
(1.0011934 0.0019695917 0)
(0.99920463 0.0016816517 0)
(0.99924612 0.0017421838 0)
(0.99929328 0.0018001314 0)
(0.99934587 0.0018545459 0)
(0.9994031 0.0019046528 0)
(0.99946402 0.0019499209 0)
(0.99952773 0.0019900611 0)
(0.99959337 0.0020249966 0)
(0.99966014 0.0020548251 0)
(0.99972735 0.002079779 0)
(0.99979439 0.0021001867 0)
(0.99986079 0.0021164363 0)
(0.99992621 0.0021289411 0)
(0.99999038 0.0021381126 0)
(1.0000531 0.002144343 0)
(1.0001144 0.0021479972 0)
(1.000174 0.0021494086 0)
(1.0002321 0.0021488762 0)
(1.0002887 0.0021466654 0)
(1.0003437 0.0021430096 0)
(1.0003972 0.0021381134 0)
(1.0004494 0.0021321564 0)
(1.0005002 0.0021252954 0)
(1.0005498 0.0021176672 0)
(1.0005981 0.0021093907 0)
(1.0006454 0.002100569 0)
(1.0006916 0.0020912917 0)
(1.0007369 0.0020816362 0)
(1.0007813 0.0020716692 0)
(1.0008249 0.0020614488 0)
(1.0008677 0.0020510249 0)
(1.0009099 0.0020404409 0)
(1.0009514 0.002029734 0)
(1.0009924 0.0020189365 0)
(1.0010328 0.0020080762 0)
(1.0010728 0.0019971768 0)
(1.0011124 0.0019862591 0)
(1.0011516 0.0019753414 0)
(1.0011905 0.0019644396 0)
(0.99922921 0.0016653171 0)
(0.99926909 0.0017239478 0)
(0.99931434 0.0017802588 0)
(0.99936479 0.0018333698 0)
(0.99941974 0.0018825463 0)
(0.99947835 0.0019272638 0)
(0.99953979 0.0019672102 0)
(0.99960328 0.002002266 0)
(0.99966807 0.0020324765 0)
(0.99973347 0.0020580188 0)
(0.99979892 0.0020791675 0)
(0.99986393 0.0020962615 0)
(0.99992815 0.0021096724 0)
(0.9999913 0.0021197782 0)
(1.0000532 0.0021269462 0)
(1.0001137 0.0021315225 0)
(1.0001728 0.0021338273 0)
(1.0002304 0.002134151 0)
(1.0002866 0.002132754 0)
(1.0003413 0.0021298671 0)
(1.0003946 0.0021256939 0)
(1.0004465 0.0021204143 0)
(1.0004972 0.0021141863 0)
(1.0005467 0.0021071483 0)
(1.000595 0.0020994214 0)
(1.0006422 0.0020911111 0)
(1.0006884 0.0020823091 0)
(1.0007336 0.0020730954 0)
(1.000778 0.0020635391 0)
(1.0008216 0.0020537004 0)
(1.0008645 0.0020436316 0)
(1.0009067 0.0020333778 0)
(1.0009482 0.0020229784 0)
(1.0009892 0.0020124675 0)
(1.0010297 0.0020018744 0)
(1.0010698 0.0019912246 0)
(1.0011094 0.0019805403 0)
(1.0011487 0.001969841 0)
(1.0011876 0.0019591444 0)
(0.99925356 0.0016491518 0)
(0.9992919 0.0017059392 0)
(0.99933534 0.0017606493 0)
(0.99938375 0.0018124657 0)
(0.99943652 0.001860694 0)
(0.99949289 0.0019048196 0)
(0.99955212 0.0019445145 0)
(0.9996135 0.0019796238 0)
(0.99967633 0.0020101467 0)
(0.99973994 0.0020362099 0)
(0.99980378 0.0020580379 0)
(0.99986738 0.0020759229 0)
(0.99993038 0.0020901955 0)
(0.99999249 0.0021012006 0)
(1.0000535 0.0021092794 0)
(1.0001133 0.0021147588 0)
(1.0001718 0.0021179445 0)
(1.0002289 0.0021191172 0)
(1.0002846 0.0021185312 0)
(1.000339 0.0021164141 0)
(1.000392 0.0021129672 0)
(1.0004437 0.0021083702 0)
(1.0004942 0.0021027819 0)
(1.0005436 0.0020963421 0)
(1.0005918 0.0020891734 0)
(1.0006389 0.0020813833 0)
(1.0006851 0.0020730659 0)
(1.0007303 0.0020643032 0)
(1.0007747 0.0020551667 0)
(1.0008183 0.0020457188 0)
(1.0008612 0.0020360137 0)
(1.0009034 0.0020260986 0)
(1.000945 0.002016015 0)
(1.000986 0.0020057984 0)
(1.0010266 0.0019954801 0)
(1.0010666 0.0019850871 0)
(1.0011063 0.001974643 0)
(1.0011456 0.0019641689 0)
(1.0011847 0.0019536836 0)
(0.99927769 0.001633164 0)
(0.99931456 0.0016881662 0)
(0.99935627 0.0017413126 0)
(0.99940272 0.0017918473 0)
(0.9994534 0.0018391145 0)
(0.99950761 0.0018826135 0)
(0.99956471 0.0019220053 0)
(0.99962403 0.0019571065 0)
(0.99968491 0.0019878761 0)
(0.99974674 0.0020143954 0)
(0.99980897 0.0020368425 0)
(0.99987115 0.0020554652 0)
(0.99993291 0.0020705546 0)
(0.99999394 0.0020824226 0)
(1.000054 0.0020913843 0)
(1.0001131 0.0020977459 0)
(1.0001709 0.0021017983 0)
(1.0002274 0.0021038109 0)
(1.0002827 0.0021040316 0)
(1.0003367 0.0021026833 0)
(1.0003895 0.0020999647 0)
(1.000441 0.0020960544 0)
(1.0004913 0.0020911115 0)
(1.0005405 0.0020852764 0)
(1.0005885 0.0020786735 0)
(1.0006356 0.0020714118 0)
(1.0006817 0.0020635873 0)
(1.0007269 0.0020552842 0)
(1.0007713 0.0020465759 0)
(1.0008149 0.002037527 0)
(1.0008578 0.0020281938 0)
(1.0009 0.0020186253 0)
(1.0009416 0.0020088649 0)
(1.0009827 0.0019989499 0)
(1.0010233 0.0019889132 0)
(1.0010634 0.0019787834 0)
(1.0011031 0.0019685858 0)
(1.0011425 0.0019583425 0)
(1.0011816 0.0019480741 0)
(0.99930159 0.0016173142 0)
(0.99933706 0.0016705851 0)
(0.99937711 0.0017222032 0)
(0.99942171 0.0017714685 0)
(0.99947037 0.0018177637 0)
(0.99952251 0.0018606037 0)
(0.99957754 0.0018996439 0)
(0.99963484 0.001934678 0)
(0.99969381 0.0019656306 0)
(0.99975387 0.0019925424 0)
(0.9998145 0.0020155486 0)
(0.99987524 0.0020348552 0)
(0.99993573 0.0020507155 0)
(0.99999566 0.0020634088 0)
(1.0000548 0.0020732235 0)
(1.000113 0.0020804452 0)
(1.0001702 0.0020853484 0)
(1.0002262 0.0020881907 0)
(1.000281 0.0020892125 0)
(1.0003346 0.0020886315 0)
(1.000387 0.0020866423 0)
(1.0004382 0.0020834223 0)
(1.0004883 0.0020791301 0)
(1.0005374 0.0020739066 0)
(1.0005853 0.002067877 0)
(1.0006323 0.002061152 0)
(1.0006784 0.0020538292 0)
(1.0007235 0.0020459947 0)
(1.0007679 0.0020377238 0)
(1.0008115 0.002029083 0)
(1.0008543 0.0020201306 0)
(1.0008966 0.0020109176 0)
(1.0009382 0.0020014891 0)
(1.0009793 0.001991884 0)
(1.0010199 0.0019821371 0)
(1.0010601 0.0019722783 0)
(1.0010999 0.0019623346 0)
(1.0011393 0.0019523294 0)
(1.0011784 0.0019422848 0)
(0.99932527 0.0016016583 0)
(0.99935939 0.0016532522 0)
(0.99939787 0.001703378 0)
(0.99944068 0.0017513889 0)
(0.99948742 0.0017967044 0)
(0.99953757 0.0018388575 0)
(0.99959058 0.0018775016 0)
(0.99964591 0.001912413 0)
(0.99970301 0.0019434873 0)
(0.99976132 0.001970729 0)
(0.99982034 0.0019942343 0)
(0.99987964 0.0020141703 0)
(0.99993884 0.0020307538 0)
(0.99999766 0.0020442324 0)
(1.0000558 0.0020548681 0)
(1.0001132 0.002062925 0)
(1.0001696 0.0020686609 0)
(1.000225 0.00207232 0)
(1.0002793 0.002074135 0)
(1.0003325 0.0020743177 0)
(1.0003846 0.0020730571 0)
(1.0004356 0.002070529 0)
(1.0004854 0.002066891 0)
(1.0005343 0.002062284 0)
(1.0005821 0.0020568338 0)
(1.000629 0.0020506521 0)
(1.000675 0.0020438381 0)
(1.0007201 0.0020364794 0)
(1.0007644 0.0020286532 0)
(1.000808 0.002020428 0)
(1.0008508 0.0020118637 0)
(1.0008931 0.0020030132 0)
(1.0009347 0.0019939233 0)
(1.0009759 0.0019846349 0)
(1.0010165 0.0019751841 0)
(1.0010567 0.0019656024 0)
(1.0010965 0.0019559184 0)
(1.0011359 0.0019461569 0)
(1.0011751 0.0019363413 0)
(0.9993487 0.0015861061 0)
(0.99938155 0.0016360768 0)
(0.99941852 0.0016847483 0)
(0.99945964 0.0017315228 0)
(0.99950454 0.0017758559 0)
(0.99955276 0.0018172994 0)
(0.99960382 0.0018555087 0)
(0.99965724 0.0018902472 0)
(0.9997125 0.0019213861 0)
(0.99976907 0.0019488986 0)
(0.9998265 0.0019728452 0)
(0.99988434 0.001993357 0)
(0.99994225 0.0020106163 0)
(0.99999992 0.0020248401 0)
(1.0000571 0.0020362639 0)
(1.0001136 0.0020451301 0)
(1.0001693 0.0020516796 0)
(1.000224 0.0020561422 0)
(1.0002778 0.002058742 0)
(1.0003306 0.0020596841 0)
(1.0003823 0.0020591514 0)
(1.0004329 0.0020573175 0)
(1.0004826 0.0020543381 0)
(1.0005312 0.0020503537 0)
(1.0005789 0.0020454902 0)
(1.0006256 0.00203986 0)
(1.0006715 0.0020335634 0)
(1.0007166 0.0020266896 0)
(1.0007608 0.0020193174 0)
(1.0008044 0.0020115168 0)
(1.0008472 0.0020033497 0)
(1.0008895 0.0019948706 0)
(1.0009312 0.001986128 0)
(1.0009723 0.0019771645 0)
(1.001013 0.0019680176 0)
(1.0010532 0.0019587207 0)
(1.001093 0.0019493035 0)
(1.0011325 0.0019397923 0)
(1.0011717 0.0019302123 0)
(0.99937191 0.0015707318 0)
(0.99940353 0.0016191258 0)
(0.99943907 0.0016663755 0)
(0.99947856 0.0017119288 0)
(0.99952169 0.0017552753 0)
(0.99956806 0.001795987 0)
(0.99961725 0.001833724 0)
(0.9996688 0.0018682404 0)
(0.99972225 0.001899388 0)
(0.99977712 0.0019271121 0)
(0.99983295 0.0019514417 0)
(0.99988935 0.0019724741 0)
(0.99994595 0.0019903598 0)
(1.0000025 0.0020052856 0)
(1.0000586 0.0020174613 0)
(1.0001142 0.0020271078 0)
(1.0001691 0.0020344479 0)
(0.99999975 1.6645172e-07 0)
(0.9999686 1.9669484e-05 0)
(0.99991186 4.417769e-05 0)
(0.99983891 6.7684382e-05 0)
(0.99974949 9.4730274e-05 0)
(0.99964469 0.00012805372 0)
(0.99952661 0.0001691443 0)
(0.9993972 0.00022021573 0)
(0.99925823 0.0002841305 0)
(0.99911199 0.00036418893 0)
(0.99896202 0.00046393398 0)
(0.99881359 0.00058669373 0)
(0.99867401 0.00073458139 0)
(0.99855238 0.00090709956 0)
(0.99845828 0.0010996937 0)
(0.99839943 0.001303237 0)
(0.99837911 0.0015052979 0)
(0.9983945 0.0016931803 0)
(0.99843787 0.0018571972 0)
(0.99849793 0.0019933537 0)
(0.99999974 1.8174316e-07 0)
(0.99996867 2.0177031e-05 0)
(0.99991195 4.5389178e-05 0)
(0.99983908 6.9554218e-05 0)
(0.99974991 9.7319791e-05 0)
(0.99964548 0.00013150732 0)
(0.99952793 0.00017362669 0)
(0.99939933 0.00022590627 0)
(0.99926153 0.00029120653 0)
(0.99911701 0.00037278053 0)
(0.99896945 0.00047404294 0)
(0.9988243 0.00059806684 0)
(0.99868894 0.00074656286 0)
(0.99857228 0.00091851973 0)
(0.99848345 0.0011089169 0)
(0.99842938 0.0013084526 0)
(0.99841253 0.0015050054 0)
(0.99842951 0.0016866443 0)
(0.99847251 0.0018446103 0)
(0.99853075 0.0019756012 0)
(0.99999973 1.9850843e-07 0)
(0.99996874 2.0701731e-05 0)
(0.99991204 4.663252e-05 0)
(0.99983927 7.1471876e-05 0)
(0.99975035 9.9974235e-05 0)
(0.9996463 0.00013504365 0)
(0.99952933 0.00017820972 0)
(0.99940156 0.00023171286 0)
(0.999265 0.00029840638 0)
(0.99912225 0.00038148773 0)
(0.99897718 0.00048423163 0)
(0.99883538 0.00060944443 0)
(0.99870426 0.00075842941 0)
(0.99859256 0.00092967642 0)
(0.99850887 0.0011177407 0)
(0.99845941 0.0013132032 0)
(0.99844581 0.0015042962 0)
(0.9984642 0.0016798498 0)
(0.99850676 0.0018319821 0)
(0.9985632 0.0019580187 0)
(0.99999971 2.168952e-07 0)
(0.99996882 2.1244398e-05 0)
(0.99991213 4.7908452e-05 0)
(0.99983947 7.3438313e-05 0)
(0.99975081 0.00010269473 0)
(0.99964717 0.00013866389 0)
(0.99953079 0.00018289425 0)
(0.9994039 0.0002376355 0)
(0.99926862 0.00030572828 0)
(0.99912771 0.00039030585 0)
(0.99898521 0.00049449139 0)
(0.99884682 0.00062081344 0)
(0.99871998 0.00077016521 0)
(0.99861319 0.00094055541 0)
(0.99853454 0.0011261578 0)
(0.99848947 0.0013174922 0)
(0.99847891 0.0015031819 0)
(0.99849857 0.00167281 0)
(0.99854063 0.0018193205 0)
(0.9985953 0.0019406053 0)
(0.99999969 2.3706712e-07 0)
(0.9999689 2.1805907e-05 0)
(0.99991223 4.9217722e-05 0)
(0.99983968 7.5454458e-05 0)
(0.9997513 0.00010548243 0)
(0.99964809 0.00014236917 0)
(0.99953233 0.00018768101 0)
(0.99940636 0.00024367395 0)
(0.99927241 0.00031317017 0)
(0.99913341 0.0003992298 0)
(0.99899354 0.00050481302 0)
(0.99885862 0.00063216042 0)
(0.99873608 0.0007817545 0)
(0.99863416 0.00095114302 0)
(0.99856041 0.0011341622 0)
(0.99851956 0.0013213237 0)
(0.99851184 0.0015016744 0)
(0.9985326 0.0016655376 0)
(0.99857411 0.0018066324 0)
(0.99862706 0.00192336 0)
(0.99999968 2.5920571e-07 0)
(0.99996899 2.2387194e-05 0)
(0.99991234 5.0561084e-05 0)
(0.9998399 7.7521235e-05 0)
(0.99975181 0.00010833846 0)
(0.99964905 0.00014616053 0)
(0.99953394 0.00019257061 0)
(0.99940893 0.00024982775 0)
(0.99927638 0.00032072956 0)
(0.99913935 0.00040825395 0)
(0.99900218 0.00051518675 0)
(0.99887079 0.00064347153 0)
(0.99875256 0.00079318157 0)
(0.99865546 0.0009614262 0)
(0.99858649 0.0011417485 0)
(0.99854966 0.0013247027 0)
(0.99854459 0.0014997859 0)
(0.99856631 0.0016580453 0)
(0.99860721 0.0017939248 0)
(0.99865847 0.0019062814 0)
(0.99999966 2.8351262e-07 0)
(0.99996908 2.2989249e-05 0)
(0.99991245 5.1939293e-05 0)
(0.99984013 7.9639554e-05 0)
(0.99975235 0.00011126391 0)
(0.99965006 0.00015003893 0)
(0.99953564 0.00019756348 0)
(0.99941163 0.00025609619 0)
(0.99928053 0.00032840365 0)
(0.99914553 0.0004173722 0)
(0.99901113 0.00052560232 0)
(0.99888333 0.00065473264 0)
(0.99876941 0.00080443086 0)
(0.99867707 0.00097139264 0)
(0.99861274 0.0011489127 0)
(0.99857975 0.0013276348 0)
(0.99857713 0.0014975285 0)
(0.99859968 0.0016503449 0)
(0.99863994 0.0017812036 0)
(0.99868956 0.0018893679 0)
(0.99999964 3.1021227e-07 0)
(0.99996918 2.3613132e-05 0)
(0.99991256 5.3353106e-05 0)
(0.99984038 8.1810313e-05 0)
(0.99975291 0.00011425986 0)
(0.99965112 0.00015400529 0)
(0.99953742 0.00020265991 0)
(0.99941446 0.0002624783 0)
(0.99928486 0.00033618919 0)
(0.99915197 0.00042657793 0)
(0.9990204 0.00053604898 0)
(0.99889622 0.00066592932 0)
(0.99878663 0.00081548703 0)
(0.99869898 0.00098103071 0)
(0.99863915 0.0011556514 0)
(0.99860981 0.0013301264 0)
(0.99860946 0.0014949143 0)
(0.99863272 0.0016424482 0)
(0.9986723 0.0017684747 0)
(0.99872031 0.0018726175 0)
(0.99999962 3.395549e-07 0)
(0.99996928 2.4259972e-05 0)
(0.99991269 5.4803276e-05 0)
(0.99984064 8.4034396e-05 0)
(0.99975351 0.00011732731 0)
(0.99965224 0.00015806039 0)
(0.9995393 0.00020786005 0)
(0.99941743 0.00026897282 0)
(0.99928939 0.00034408256 0)
(0.99915867 0.00043586403 0)
(0.99902999 0.00054651547 0)
(0.99890948 0.00067704695 0)
(0.99880421 0.00082633497 0)
(0.99872118 0.0009903296 0)
(0.9986657 0.0011619624 0)
(0.99863982 0.0013321842 0)
(0.99864156 0.0014919555 0)
(0.99866543 0.0016343662 0)
(0.99870429 0.0017557431 0)
(0.99875075 0.0018560282 0)
(0.9999996 3.718201e-07 0)
(0.99996938 2.4930977e-05 0)
(0.99991282 5.6290549e-05 0)
(0.99984091 8.6312668e-05 0)
(0.99975414 0.00012046726 0)
(0.99965341 0.00016220494 0)
(0.99954126 0.00021316382 0)
(0.99942053 0.0002755782 0)
(0.99929411 0.00035207968 0)
(0.99916562 0.00044522286 0)
(0.99903991 0.00055699007 0)
(0.99892311 0.00068807072 0)
(0.99882214 0.00083695994 0)
(0.99874364 0.00099927927 0)
(0.99869237 0.0011678441 0)
(0.99866977 0.0013338158 0)
(0.99867344 0.0014886643 0)
(0.99869779 0.0016261095 0)
(0.99873593 0.0017430136 0)
(0.99878087 0.0018395977 0)
(0.99999958 4.0732097e-07 0)
(0.9999695 2.562744e-05 0)
(0.99991296 5.7815661e-05 0)
(0.99984119 8.8645973e-05 0)
(0.9997548 0.00012368064 0)
(0.99965465 0.00016643953 0)
(0.99954332 0.00021857097 0)
(0.99942378 0.00028229256 0)
(0.99929904 0.00036017605 0)
(0.99917285 0.00045464625 0)
(0.99905015 0.00056746066 0)
(0.99893709 0.00069898569 0)
(0.99884041 0.00084734754 0)
(0.99876636 0.0010078705 0)
(0.99871913 0.0011732961 0)
(0.99869964 0.0013350291 0)
(0.99870508 0.0014850525 0)
(0.99872983 0.0016176885 0)
(0.99876721 0.0017302904 0)
(0.99881067 0.0018233234 0)
(0.99999955 4.464091e-07 0)
(0.99996962 2.6350751e-05 0)
(0.9999131 5.9379332e-05 0)
(0.9998415 9.103513e-05 0)
(0.99975549 0.00012696832 0)
(0.99965594 0.00017076464 0)
(0.99954548 0.00022408104 0)
(0.99942717 0.00028911372 0)
(0.99930417 0.00036836671 0)
(0.99918034 0.00046412555 0)
(0.99906072 0.00057791467 0)
(0.99895142 0.00070977688 0)
(0.998859 0.00085748386 0)
(0.9987893 0.001016095 0)
(0.99874599 0.0011783188 0)
(0.99872941 0.0013358323 0)
(0.99873648 0.0014811321 0)
(0.99876153 0.0016091127 0)
(0.99879814 0.0017175774 0)
(0.99884018 0.0018072028 0)
(0.99999953 4.8948037e-07 0)
(0.99996974 2.7102399e-05 0)
(0.99991326 6.0982261e-05 0)
(0.99984181 9.3480934e-05 0)
(0.99975622 0.00013033111 0)
(0.9996573 0.0001751806 0)
(0.99954774 0.00022969332 0)
(0.99943072 0.00029603913 0)
(0.99930952 0.00037664624 0)
(0.99918812 0.00047365158 0)
(0.99907162 0.00058833918 0)
(0.99896611 0.0007204293 0)
(0.99887792 0.00086735544 0)
(0.99881247 0.0010239453 0)
(0.9987729 0.0011829132 0)
(0.99875908 0.0013362342 0)
(0.99876762 0.0014769146 0)
(0.99879289 0.0016003914 0)
(0.99882873 0.001704878 0)
(0.99886938 0.0017912329 0)
(0.9999995 5.3698201e-07 0)
(0.99996987 2.788399e-05 0)
(0.99991342 6.262512e-05 0)
(0.99984215 9.5984149e-05 0)
(0.99975699 0.00013376975 0)
(0.99965873 0.0001796876 0)
(0.99955011 0.00023540688 0)
(0.99943443 0.00030306587 0)
(0.99931509 0.00038500873 0)
(0.99919618 0.00048321468 0)
(0.99908285 0.00059872092 0)
(0.99898114 0.00073092798 0)
(0.99889713 0.00087694939 0)
(0.99883583 0.0010314147 0)
(0.99879986 0.0011870813 0)
(0.99878862 0.0013362438 0)
(0.99879851 0.0014724115 0)
(0.99882392 0.0015915333 0)
(0.99885897 0.0016921953 0)
(0.99889828 0.0017754108 0)
(0.99999947 5.8942102e-07 0)
(0.99997001 2.8697257e-05 0)
(0.99991359 6.4308543e-05 0)
(0.9998425 9.8545507e-05 0)
(0.99975779 0.00013728491 0)
(0.99966023 0.00018428567 0)
(0.99955259 0.00024122052 0)
(0.9994383 0.00031019065 0)
(0.99932088 0.00039344781 0)
(0.99920452 0.00049280468 0)
(0.99909441 0.00060904635 0)
(0.9989965 0.00074125808 0)
(0.99891663 0.00088625342 0)
(0.99885938 0.0010384975 0)
(0.99882684 0.0011908258 0)
(0.99881803 0.0013358703 0)
(0.99882913 0.0014676339 0)
(0.99885462 0.0015825466 0)
(0.99888888 0.0016795318 0)
(0.99892688 0.0017597334 0)
(0.99999945 6.4737448e-07 0)
(0.99997016 2.954407e-05 0)
(0.99991377 6.6033121e-05 0)
(0.99984287 0.00010116571 0)
(0.99975864 0.00014087716 0)
(0.9996618 0.00018897468 0)
(0.99955519 0.00024713276 0)
(0.99944235 0.00031740979 0)
(0.9993269 0.00040195659 0)
(0.99921314 0.00050241095 0)
(0.9991063 0.00061930162 0)
(0.9990122 0.00075140494 0)
(0.99893641 0.00089525585 0)
(0.99888308 0.0010451888 0)
(0.99885384 0.00119415 0)
(0.99884729 0.0013351231 0)
(0.99885947 0.0014625927 0)
(0.99888499 0.0015734392 0)
(0.99891845 0.0016668898 0)
(0.9989552 0.0017441975 0)
(0.99999941 7.1150205e-07 0)
(0.99997031 3.0426456e-05 0)
(0.99991396 6.7799387e-05 0)
(0.99984325 0.00010384541 0)
(0.99975952 0.00014454696 0)
(0.99966344 0.00019375428 0)
(0.99955791 0.00025314184 0)
(0.99944656 0.00032471918 0)
(0.99933315 0.00041052771 0)
(0.99922206 0.00051202242 0)
(0.99911852 0.00062947273 0)
(0.99902822 0.00076135409 0)
(0.99895645 0.0009039457 0)
(0.99890693 0.0010514847 0)
(0.99888082 0.001197058 0)
(0.99887638 0.0013340118 0)
(0.99888955 0.0014572985 0)
(0.99891502 0.0015642184 0)
(0.9989477 0.0016542713 0)
(0.99898323 0.0017287998 0)
(0.99999938 7.8256156e-07 0)
(0.99997047 3.1346613e-05 0)
(0.99991415 6.9607804e-05 0)
(0.99984366 0.00010658524 0)
(0.99976045 0.0001482947 0)
(0.99966517 0.00019862396 0)
(0.99956075 0.00025924567 0)
(0.99945095 0.0003321143 0)
(0.99933964 0.00041915332 0)
(0.99923127 0.00052162756 0)
(0.99913105 0.00063954546 0)
(0.99904455 0.00077109136 0)
(0.99897674 0.00091231267 0)
(0.99893091 0.001057382 0)
(0.99890777 0.0011995543 0)
(0.9989053 0.0013325461 0)
(0.99891934 0.0014517615 0)
(0.99894472 0.001554891 0)
(0.99897662 0.0016416778 0)
(0.99901097 0.0017135369 0)
(0.99999935 8.6142824e-07 0)
(0.99997064 3.230693e-05 0)
(0.99991436 7.1458754e-05 0)
(0.99984409 0.00010938578 0)
(0.99976143 0.00015212063 0)
(0.99966697 0.00020358295 0)
(0.99956371 0.00026544187 0)
(0.99945553 0.0003395902 0)
(0.99934637 0.00042782506 0)
(0.99924077 0.00053121447 0)
(0.99914391 0.00064950553 0)
(0.99906118 0.00078060291 0)
(0.99899726 0.0009203472 0)
(0.99895499 0.0010628784 0)
(0.99893469 0.0012016441 0)
(0.99893404 0.0013307357 0)
(0.99894885 0.0014459916 0)
(0.9989741 0.0015454634 0)
(0.99900521 0.0016291108 0)
(0.99903843 0.0016984053 0)
(0.99999931 9.4911909e-07 0)
(0.99997081 3.3310006e-05 0)
(0.99991457 7.3352512e-05 0)
(0.99984454 0.0001122476 0)
(0.99976245 0.00015602486 0)
(0.99966886 0.00020863028 0)
(0.99956681 0.00027172769 0)
(0.99946029 0.00034714147 0)
(0.99935335 0.00043653408 0)
(0.99925056 0.00054077084 0)
(0.99915708 0.00065933856 0)
(0.99907811 0.00078987529 0)
(0.99901799 0.0009280405 0)
(0.99897916 0.0010679723 0)
(0.99896154 0.001203333 0)
(0.99896259 0.0013285903 0)
(0.99897806 0.0014399983 0)
(0.99900314 0.0015359415 0)
(0.99903349 0.0016165711 0)
(0.99906561 0.0016834014 0)
(0.99999928 1.0468237e-06 0)
(0.999971 3.4358679e-05 0)
(0.9999148 7.5289233e-05 0)
(0.99984501 0.00011517119 0)
(0.99976353 0.00016000738 0)
(0.99967084 0.00021376472 0)
(0.99957005 0.00027810004 0)
(0.99946524 0.00035476224 0)
(0.99936057 0.00044527107 0)
(0.99926065 0.00055028403 0)
(0.99917056 0.00066903017 0)
(0.99909531 0.00079889547 0)
(0.99903891 0.00093538454 0)
(0.99900339 0.0010726631 0)
(0.99898831 0.0012046271 0)
(0.99899092 0.0013261195 0)
(0.99900699 0.0014337908 0)
(0.99903186 0.0015263309 0)
(0.99906144 0.0016040595 0)
(0.99909251 0.0016685215 0)
(0.99999924 1.1559438e-06 0)
(0.99997119 3.5456048e-05 0)
(0.99991503 7.7268919e-05 0)
(0.99984551 0.00011815706 0)
(0.99976465 0.00016406801 0)
(0.99967291 0.00021898475 0)
(0.99957342 0.00028455547 0)
(0.99947038 0.00036244619 0)
(0.99936804 0.00045402624 0)
(0.99927102 0.0005597411 0)
(0.99918434 0.00067856604 0)
(0.99911278 0.00080765093 0)
(0.99906002 0.00094237207 0)
(0.99902768 0.0010769507 0)
(0.99901499 0.0012055328 0)
(0.99901904 0.0013233331 0)
(0.99903562 0.0014273779 0)
(0.99906025 0.0015166367 0)
(0.99908909 0.0015915765 0)
(0.99911914 0.0016537621 0)
(0.9999992 1.2781449e-06 0)
(0.99997139 3.6605505e-05 0)
(0.99991527 7.9291399e-05 0)
(0.99984603 0.00012120568 0)
(0.99976583 0.00016820639 0)
(0.99967507 0.0002242886 0)
(0.99957693 0.00029109012 0)
(0.99947573 0.00037018653 0)
(0.99937577 0.00046278932 0)
(0.99928169 0.00056912883 0)
(0.99919841 0.00068793195 0)
(0.99913051 0.00081612968 0)
(0.99908128 0.00094899666 0)
(0.999052 0.0010808359 0)
(0.99904157 0.0012060568 0)
(0.99904694 0.0013202403 0)
(0.99906396 0.0014207679 0)
(0.99908832 0.0015068636 0)
(0.99911641 0.0015791222 0)
(0.99914548 0.0016391195 0)
(0.99999915 1.4154235e-06 0)
(0.9999716 3.7810767e-05 0)
(0.99991552 8.1356285e-05 0)
(0.99984657 0.00012431749 0)
(0.99976706 0.00017242199 0)
(0.99967732 0.00022967418 0)
(0.99958059 0.00029769976 0)
(0.99948127 0.00037797601 0)
(0.99938374 0.00047154963 0)
(0.99929264 0.00057843375 0)
(0.99921278 0.00069711378 0)
(0.99914847 0.00082432028 0)
(0.99910269 0.00095525269 0)
(0.99907633 0.0010843202 0)
(0.99906802 0.0012062064 0)
(0.99907461 0.0013168507 0)
(0.99909199 0.0014139687 0)
(0.99911606 0.0014970157 0)
(0.99914343 0.0015666963 0)
(0.99917155 0.0016245892 0)
(0.99999911 1.570198e-06 0)
(0.99997182 3.907591e-05 0)
(0.99991578 8.3462939e-05 0)
(0.99984714 0.00012749296 0)
(0.99976835 0.00017671404 0)
(0.99967967 0.00023513906 0)
(0.9995844 0.00030437974 0)
(0.99948702 0.00038580693 0)
(0.99939197 0.00048029614 0)
(0.99930388 0.00058764226 0)
(0.99922742 0.0007060976 0)
(0.99916666 0.00083221173 0)
(0.99912423 0.00096113507 0)
(0.99910066 0.0010874055 0)
(0.99909434 0.0012059888 0)
(0.99910203 0.0013131738 0)
(0.99911972 0.0014069888 0)
(0.99914348 0.001487098 0)
(0.99917014 0.0015543002 0)
(0.99919735 0.0016101696 0)
(0.99999906 1.7454298e-06 0)
(0.99997205 4.0405407e-05 0)
(0.99991605 8.5610411e-05 0)
(0.99984774 0.00013073261 0)
(0.9997697 0.00018108161 0)
(0.99968213 0.00024068051 0)
(0.99958837 0.00031112486 0)
(0.99949297 0.00039367092 0)
(0.99940045 0.0004890174 0)
(0.99931539 0.00059674093 0)
(0.99924233 0.00071487026 0)
(0.99918506 0.00083979419 0)
(0.99914587 0.0009666397 0)
(0.99912496 0.0010900937 0)
(0.99912051 0.0012054103 0)
(0.99912921 0.0013092162 0)
(0.99914714 0.0013998321 0)
(0.99917057 0.0014771103 0)
(0.99919654 0.0015419286 0)
(0.99922287 0.0015958512 0)
(0.99999901 1.9447911e-06 0)
(0.99997229 4.1804184e-05 0)
(0.99991633 8.7797389e-05 0)
(0.99984837 0.00013403685 0)
(0.9997711 0.00018552348 0)
(0.99968468 0.00024629585 0)
(0.99959248 0.00031792984 0)
(0.99949914 0.00040155885 0)
(0.99940919 0.00049770054 0)
(0.99932718 0.00060571496 0)
(0.99925749 0.00072341825 0)
(0.99920365 0.00084705913 0)
(0.99916759 0.00097176574 0)
(0.99914923 0.0010923923 0)
(0.99914652 0.0012044841 0)
(0.99915613 0.0013049941 0)
(0.99917425 0.0013925145 0)
(0.99919734 0.0014670658 0)
(0.99922263 0.0015295926 0)
(0.99924811 0.0015816434 0)
(0.99999896 2.1729001e-06 0)
(0.99997254 4.327764e-05 0)
(0.99991662 9.0022317e-05 0)
(0.99984903 0.00013740608 0)
(0.99977257 0.0001900372 0)
(0.99968735 0.00025198164 0)
(0.99959676 0.0003247906 0)
(0.99950551 0.00040946399 0)
(0.99941818 0.00050633448 0)
(0.99933924 0.00061454904 0)
(0.9992729 0.000731724 0)
(0.99922241 0.00085398969 0)
(0.99918939 0.00097649935 0)
(0.99917344 0.0010942905 0)
(0.99917236 0.0012032009 0)
(0.99918279 0.0013004959 0)
(0.99920105 0.0013850196 0)
(0.99922379 0.0014569421 0)
(0.99924841 0.0015172629 0)
(0.99927308 0.0015675113 0)
(0.9999989 2.4356533e-06 0)
(0.9999728 4.4831351e-05 0)
(0.99991692 9.2283696e-05 0)
(0.99984972 0.0001408431 0)
(0.99977411 0.00019461946 0)
(0.99969012 0.00025772842 0)
(0.9996012 0.00033169644 0)
(0.9995121 0.00041737807 0)
(0.99942741 0.00051491544 0)
(0.99935156 0.0006232454 0)
(0.99928854 0.00073979786 0)
(0.99924134 0.0008606066 0)
(0.99921124 0.00098087283 0)
(0.99919757 0.0010958315 0)
(0.999198 0.0012016116 0)
(0.99920918 0.0012957774 0)
(0.99922754 0.0013774045 0)
(0.99924991 0.001446796 0)
(0.99927388 0.0015049958 0)
(0.99929777 0.0015535109 0)
(0.99999885 2.7407162e-06 0)
(0.99997306 4.6471655e-05 0)
(0.99991722 9.4576184e-05 0)
(0.99985044 0.00014435386 0)
(0.9997757 0.00019928124 0)
(0.999693 0.00026353462 0)
(0.9996058 0.00033862437 0)
(0.99951889 0.00042525731 0)
(0.99943689 0.00052338295 0)
(0.99936413 0.00063173192 0)
(0.99930441 0.00074756138 0)
(0.99926041 0.00086682987 0)
(0.99923311 0.00098480771 0)
(0.99922162 0.0010969388 0)
(0.99922345 0.0011996408 0)
(0.99923529 0.0012907613 0)
(0.99925371 0.0013695887 0)
(0.99927571 0.001436543 0)
(0.99929905 0.0014927033 0)
(0.99932219 0.001539552 0)
(0.99999878 3.0982439e-06 0)
(0.99997333 4.820635e-05 0)
(0.99991753 9.6874134e-05 0)
(0.99985119 0.00014791637 0)
(0.99977737 0.00020404951 0)
(0.999696 0.00026947072 0)
(0.99961056 0.00034567302 0)
(0.9995259 0.00043321453 0)
(0.99944662 0.00053185545 0)
(0.99937694 0.00064012919 0)
(0.99932047 0.00075513704 0)
(0.9992796 0.00087278433 0)
(0.99925501 0.00098843092 0)
(0.99924555 0.0010977397 0)
(0.99924869 0.0011974124 0)
(0.99926112 0.0012855651 0)
(0.99927956 0.0013616809 0)
(0.99930119 0.0014262817 0)
(0.99932391 0.0014804737 0)
(0.99934632 0.0015257141 0)
)
;

boundaryField
{
    inlet
    {
        type            fixedValue;
        value           uniform (1 0 0);
    }
    top
    {
        type            zeroGradient;
    }
    outlet
    {
        type            zeroGradient;
    }
    slipsurface
    {
        type            slip;
    }
    bottom
    {
        type            fixedValue;
        value           nonuniform List<vector> 0();
    }
    frontandback
    {
        type            empty;
    }
    procBoundary9to8
    {
        type            processor;
        value           nonuniform List<vector> 
60
(
(1.0002232 0.0020397002 0)
(1.0002764 0.0020430735 0)
(1.0003287 0.0020447642 0)
(1.00038 0.0020449551 0)
(1.0004303 0.0020438141 0)
(1.0004797 0.0020414949 0)
(1.0005281 0.0020381366 0)
(1.0005756 0.0020338648 0)
(1.0006222 0.0020287925 0)
(1.000668 0.0020230206 0)
(1.000713 0.0020166396 0)
(1.0007572 0.0020097298 0)
(1.0008007 0.0020023624 0)
(1.0008436 0.0019946012 0)
(1.0008858 0.0019865023 0)
(1.0009275 0.0019781156 0)
(1.0009686 0.0019694854 0)
(1.0010093 0.0019606508 0)
(1.0010496 0.0019516467 0)
(1.0010894 0.0019425041 0)
(1.0011289 0.0019332512 0)
(1.0011682 0.0019239132 0)
(0.99939487 0.0015555282 0)
(0.99942532 0.0016023936 0)
(0.99945949 0.0016482569 0)
(0.99949742 0.0016926072 0)
(0.99953887 0.0017349673 0)
(0.99958346 0.0017749299 0)
(0.99963083 0.001812162 0)
(0.99968057 0.0018464123 0)
(0.99973225 0.0018775167 0)
(0.99978544 0.001905397 0)
(0.9998397 0.0019300538 0)
(0.99989464 0.0019515539 0)
(0.99994993 0.0019700172 0)
(1.0000053 0.0019856023 0)
(1.0000604 0.0019984935 0)
(1.0001151 0.0020088902 0)
(1.0002232 0.0020397002 0)
(1.0001692 0.0020169971 0)
(0.99999872 3.5219395e-06 0)
(0.99997361 5.0036537e-05 0)
(0.99991784 9.9299341e-05 0)
(0.99985199 0.00015149185 0)
(0.99977911 0.00020874872 0)
(0.99969911 0.00027535169 0)
(0.99961549 0.0003526628 0)
(0.99953312 0.00044108065 0)
(0.99945658 0.0005401794 0)
(0.99938999 0.0006483012 0)
(0.99933673 0.00076240829 0)
(0.9992989 0.00087837461 0)
(0.99927689 0.00099166824 0)
(0.99926937 0.0010981787 0)
(0.9992737 0.0011948859 0)
(0.99928666 0.0012801591 0)
(0.99930508 0.0013536582 0)
(0.99932633 0.0014159938 0)
(0.99934846 0.0014682921 0)
(0.99937018 0.0015119837 0)
)
;
    }
    procBoundary9to10
    {
        type            processor;
        value           nonuniform List<vector> 
28
(
(1.0012719 0.0020326347 0)
(1.0012705 0.0020298628 0)
(1.0012691 0.0020270102 0)
(1.0012675 0.0020240735 0)
(1.0012659 0.0020210503 0)
(1.0012643 0.002017938 0)
(1.0012626 0.0020147336 0)
(1.0012608 0.0020114347 0)
(1.001259 0.0020080382 0)
(1.0012571 0.0020045414 0)
(1.0012552 0.0020009411 0)
(1.0012532 0.0019972344 0)
(1.0012511 0.0019934181 0)
(1.001249 0.0019894888 0)
(1.0012468 0.0019854435 0)
(1.0012445 0.0019812783 0)
(1.0012421 0.0019769902 0)
(1.0012397 0.0019725749 0)
(1.0012372 0.00196803 0)
(1.0012346 0.0019633487 0)
(1.0012319 0.0019585334 0)
(1.0012292 0.0019535692 0)
(1.0012263 0.001948467 0)
(1.0012234 0.0019432052 0)
(1.0012203 0.0019377997 0)
(1.0012172 0.0019322209 0)
(1.0012139 0.0019264931 0)
(1.0012106 0.0019205858 0)
)
;
    }
    procBoundary9to12
    {
        type            processor;
        value           nonuniform List<vector> 
29
(
(0.99994797 0.0024969902 0)
(0.99994797 0.0024969902 0)
(1.0000248 0.0024803971 0)
(1.0000972 0.0024628276 0)
(1.0001656 0.0024446319 0)
(1.0002305 0.0024260288 0)
(1.0002925 0.0024071816 0)
(1.0003516 0.002388219 0)
(1.0004084 0.0023692425 0)
(1.0004629 0.0023503316 0)
(1.0005154 0.0023315491 0)
(1.0005636 0.0023070935 0)
(1.0005636 0.0023070935 0)
(1.0006128 0.0022890558 0)
(1.0006605 0.0022712324 0)
(1.0007069 0.0022536463 0)
(1.0007521 0.0022363137 0)
(1.0007962 0.0022192458 0)
(1.0008394 0.0022024492 0)
(1.0008817 0.0021859273 0)
(1.0009232 0.0021696814 0)
(1.000964 0.0021537112 0)
(1.0010042 0.0021380145 0)
(1.0010438 0.0021225889 0)
(1.001083 0.0021074273 0)
(1.0011217 0.0020925211 0)
(1.0011601 0.0020778685 0)
(1.0011981 0.002063463 0)
(1.0012358 0.002049287 0)
)
;
    }
    procBoundary9to13
    {
        type            processor;
        value           nonuniform List<vector> 
32
(
(0.99855132 0.0021448396 0)
(0.99866775 0.0022735348 0)
(0.99880255 0.0023777774 0)
(0.99894682 0.0024541349 0)
(0.9990903 0.0025052192 0)
(0.99922665 0.0025370724 0)
(0.99935428 0.0025548214 0)
(0.99947346 0.0025615117 0)
(0.9995842 0.0025596401 0)
(0.9996865 0.0025518083 0)
(0.99978103 0.0025400625 0)
(0.99986886 0.0025256147 0)
(0.99999977 1.5250064e-07 0)
(0.99996853 1.9178348e-05 0)
(0.99991178 4.2997339e-05 0)
(0.99983874 6.5861439e-05 0)
(0.9997491 9.2204506e-05 0)
(0.99964395 0.00012468163 0)
(0.99952535 0.00016476164 0)
(0.99939518 0.00021464108 0)
(0.99925507 0.00027717968 0)
(0.99910719 0.00035571713 0)
(0.99895487 0.00045391299 0)
(0.99880322 0.00057533785 0)
(0.99865948 0.00072250067 0)
(0.99853285 0.00089543081 0)
(0.99843337 0.001090079 0)
(0.99836955 0.0012975538 0)
(0.99834555 0.0015051622 0)
(0.99835917 0.001699444 0)
(0.99840282 0.0018697345 0)
(0.99846475 0.0020112767 0)
)
;
    }
}


// ************************************************************************* //
