/*--------------------------------*- C++ -*----------------------------------*\
  =========                 |
  \\      /  F ield         | OpenFOAM: The Open Source CFD Toolbox
   \\    /   O peration     | Website:  https://openfoam.org
    \\  /    A nd           | Version:  12
     \\/     M anipulation  |
\*---------------------------------------------------------------------------*/
FoamFile
{
    format      ascii;
    class       volVectorField;
    location    "1900";
    object      U;
}
// * * * * * * * * * * * * * * * * * * * * * * * * * * * * * * * * * * * * * //

dimensions      [0 1 -1 0 0 0 0];

internalField   nonuniform List<vector> 
817
(
(0.87568016 0.00066131575 0)
(0.87128087 0.0006282851 0)
(0.86696691 0.00059657637 0)
(0.86273585 0.00056642509 0)
(0.85858341 0.00053796448 0)
(0.85449878 0.00051090535 0)
(0.85047276 0.00048493594 0)
(0.84649834 0.00046026821 0)
(0.84258046 0.00043694663 0)
(0.8387073 0.00041451117 0)
(0.83486638 0.00039294975 0)
(0.83105567 0.00037257063 0)
(0.82727238 0.00035309989 0)
(0.82350331 0.00033412987 0)
(0.81973913 0.00031604072 0)
(0.81597046 0.00029904616 0)
(0.81227254 0.00028289353 0)
(0.80875944 0.00026802303 0)
(0.80544295 0.00025466614 0)
(0.80230865 0.00024238347 0)
(0.79934376 0.00023095852 0)
(0.79653225 0.0002205725 0)
(0.79385281 0.0002112155 0)
(0.79129713 0.0002025306 0)
(0.788858 0.00019433049 0)
(0.78652763 0.0001867418 0)
(0.78429165 0.00017985856 0)
(0.78214307 0.000173502 0)
(0.78007742 0.00016747728 0)
(0.77809076 0.00016175876 0)
(0.77617715 0.0001564612 0)
(0.77432868 0.00015168997 0)
(0.77253895 0.00014724721 0)
(0.77080729 0.00014349038 0)
(0.76911939 0.00013930727 0)
(0.76749926 0.00013855492 0)
(0.76584238 0.00013147181 0)
(0.76442495 0.00016221159 0)
(0.76199605 0.00010601167 0)
(0.89705459 0.00080634352 0)
(0.89207539 0.00076409178 0)
(0.88720855 0.00072354017 0)
(0.88244734 0.00068517418 0)
(0.87777845 0.00064920849 0)
(0.87318922 0.00061513512 0)
(0.86868058 0.00058246899 0)
(0.86425026 0.0005514206 0)
(0.85989431 0.00052213545 0)
(0.8556 0.00049424012 0)
(0.85135737 0.00046752739 0)
(0.84716531 0.00044220492 0)
(0.84302123 0.00041810538 0)
(0.83891084 0.00039489746 0)
(0.83482098 0.00037285285 0)
(0.83075859 0.00035216847 0)
(0.8267907 0.00033261783 0)
(0.82303161 0.0003146954 0)
(0.81950226 0.00029863518 0)
(0.81617889 0.00028391469 0)
(0.81304243 0.00027027756 0)
(0.81007275 0.00025795316 0)
(0.80724546 0.00024683989 0)
(0.80455422 0.00023648711 0)
(0.80199019 0.00022672667 0)
(0.79954381 0.00021774725 0)
(0.79719787 0.00020962309 0)
(0.79494666 0.00020209186 0)
(0.79278541 0.00019495021 0)
(0.79070936 0.00018818618 0)
(0.78871147 0.00018194342 0)
(0.7867827 0.00017632448 0)
(0.78491701 0.00017108142 0)
(0.78311377 0.00016661948 0)
(0.78135826 0.0001616822 0)
(0.77967457 0.00016067414 0)
(0.77795533 0.00015234993 2.5118183e-20)
(0.7764864 0.00018765246 0)
(0.77397122 0.00012318636 0)
(0.92062082 0.00099165571 0)
(0.91506813 0.00093726659 0)
(0.90961909 0.00088587878 0)
(0.90425061 0.00083731313 0)
(0.89896314 0.00079161239 0)
(0.89376681 0.00074803234 0)
(0.88867855 0.00070626567 0)
(0.88369217 0.00066676892 0)
(0.87879371 0.00062976873 0)
(0.87397018 0.00059464291 0)
(0.8692247 0.00056098295 0)
(0.86455595 0.00052911067 0)
(0.85995415 0.00049897336 0)
(0.85540555 0.00047021908 0)
(0.85089896 0.00044287249 0)
(0.84644117 0.00041718522 0)
(0.84210909 0.00039320169 0)
(0.8380204 0.00037134457 0)
(0.83420937 0.00035178548 0)
(0.8306392 0.00033392782 0)
(0.82728038 0.0003174856 0)
(0.8241094 0.0003026598 0)
(0.82110542 0.00028931119 0)
(0.81825378 0.00027690843 0)
(0.81554217 0.00026524969 0)
(0.81295867 0.00025460318 0)
(0.81048257 0.00024497135 0)
(0.80811089 0.00023599147 0)
(0.8058378 0.00022747624 0)
(0.80365736 0.00021943835 0)
(0.801561 0.00021205952 0)
(0.79953841 0.00020541827 0)
(0.79758443 0.00019919775 0)
(0.79569826 0.00019386841 0)
(0.79386459 0.00018801417 0)
(0.79210752 0.00018666878 0)
(0.79031612 0.0001768731 -7.2473903e-21)
(0.78878755 0.00021740845 -8.0465282e-20)
(0.78617345 0.00014341391 0)
(0.94585922 0.0012145053 0)
(0.94005281 0.0011510984 0)
(0.93416355 0.0010911146 0)
(0.92822821 0.0010318417 0)
(0.92232396 0.00097365422 0)
(0.91652575 0.00091757032 0)
(0.91082593 0.00086459296 0)
(0.90520065 0.00081457427 0)
(0.89965101 0.00076750214 0)
(0.89419177 0.00072251328 0)
(0.88884123 0.00067949122 0)
(0.88358783 0.00063902768 0)
(0.87841386 0.00060100687 0)
(0.87331344 0.00056483626 0)
(0.86828511 0.00053040946 0)
(0.86332805 0.00049816948 0)
(0.85852855 0.00046838345 0)
(0.85401844 0.00044126559 0)
(0.84983173 0.00041694175 0)
(0.84592854 0.00039494046 0)
(0.84227078 0.00037487838 0)
(0.8388312 0.00035683503 0)
(0.8355943 0.00034058922 0)
(0.8325337 0.00032555191 0)
(0.82963095 0.00031150607 0)
(0.82687086 0.00029869911 0)
(0.8242387 0.00028712431 0)
(0.82172429 0.00027635659 0)
(0.81931894 0.00026616266 0)
(0.81701511 0.00025658317 0)
(0.81480223 0.00024784176 0)
(0.81266866 0.0002399536 0)
(0.81061099 0.00023252474 0)
(0.80862775 0.00022611803 0)
(0.80670274 0.00021913952 0)
(0.80485999 0.00021735429 0)
(0.802984 0.00020581215 0)
(0.80138567 0.00025235314 0)
(0.79865683 0.00016734686 0)
(0.97128281 0.0014920403 0)
(0.96543722 0.0014105471 0)
(0.9594688 0.0013334673 0)
(0.9534171 0.0012618219 0)
(0.94731325 0.001192349 0)
(0.94125196 0.0011268627 0)
(0.93509254 0.0010648088 0)
(0.92886873 0.0010035723 0)
(0.92266768 0.00094343838 0)
(0.91657877 0.00088559632 0)
(0.91057525 0.00083120342 0)
(0.90463586 0.00077990679 0)
(0.89877101 0.00073138363 0)
(0.89300445 0.00068511468 0)
(0.88733947 0.00064126685 0)
(0.8817635 0.00060046734 0)
(0.87637613 0.00056295078 0)
(0.8713382 0.00052877129 0)
(0.86667911 0.00049816822 0)
(0.86234996 0.00047074326 0)
(0.8583077 0.00044591515 0)
(0.85452108 0.00042352829 0)
(0.85097047 0.00040334388 0)
(0.8476277 0.00038485051 0)
(0.84446793 0.00036773486 0)
(0.84147178 0.00035215955 0)
(0.83863316 0.00033806039 0)
(0.83593223 0.00032497091 0)
(0.83335525 0.0003126519 0)
(0.83089166 0.00030112429 0)
(0.82853121 0.00029060807 0)
(0.82626477 0.00028111685 0)
(0.82408421 0.00027219366 0)
(0.82198612 0.00026445855 0)
(0.81995307 0.00025611014 0)
(0.81800903 0.00025376973 0)
(0.81603246 0.00024014214 -1.9555816e-20)
(0.81435188 0.00029357752 1.0977944e-19)
(0.81148834 0.00019581493 0)
(0.99316277 0.0017600367 0)
(0.98885789 0.0016940576 0)
(0.9838478 0.0016242626 0)
(0.97833684 0.0015475721 0)
(0.97246628 0.0014650764 0)
(0.96637709 0.0013813884 0)
(0.96013146 0.0013017769 0)
(0.95377746 0.0012275758 0)
(0.94735404 0.0011554875 0)
(0.94097426 0.0010881143 0)
(0.93443483 0.001024003 0)
(0.92782884 0.00096020835 0)
(0.92127334 0.00089797168 0)
(0.91481725 0.00083888814 0)
(0.90843111 0.00078330554 0)
(0.90211529 0.00073131839 0)
(0.89602037 0.00068327946 0)
(0.89034237 0.00063965228 0)
(0.88510075 0.00060084349 0)
(0.88023597 0.00056627309 0)
(0.87570888 0.0005350364 0)
(0.87148696 0.00050684792 0)
(0.86754012 0.00048149721 0)
(0.8638351 0.00045848369 0)
(0.86034397 0.0004373421 0)
(0.85704519 0.00041802956 0)
(0.85392876 0.00040046034 0)
(0.85097563 0.00038429683 0)
(0.84816734 0.00036922566 0)
(0.84548922 0.00035520567 0)
(0.84293188 0.00034240894 0)
(0.84048994 0.0003308213 0)
(0.83814879 0.00031995177 0)
(0.83590151 0.00031051221 0)
(0.83372867 0.00030045645 0)
(0.83165301 0.00029729584 0)
(0.82955375 0.00028104943 2.2927714e-20)
(0.82777563 0.00034235675 0)
(0.82475194 0.00022984968 0)
(1.0014994 0.0018467595 0)
(1.0008031 0.0018334586 0)
(0.99945632 0.0018108003 0)
(0.99721742 0.001776401 0)
(0.99390683 0.0017245612 0)
(0.9894899 0.0016576756 0)
(0.98426228 0.0015856518 0)
(0.97846227 0.0015061086 0)
(0.97225562 0.0014201055 0)
(0.96580643 0.0013332288 0)
(0.95916933 0.0012516903 0)
(0.95239639 0.0011749534 0)
(0.94558026 0.0011015834 0)
(0.93868382 0.0010322334 0)
(0.93164591 0.00096457236 0)
(0.92459364 0.00089843231 0)
(0.91778503 0.00083688231 0)
(0.91139922 0.00078166686 0)
(0.90546574 0.00073236641 0)
(0.89995287 0.00068816607 0)
(0.89483921 0.00064821093 0)
(0.89008466 0.00061230531 0)
(0.88564577 0.00058022765 0)
(0.88148347 0.00055124886 0)
(0.8775738 0.0005246645 0)
(0.87389589 0.00050034204 0)
(0.87043004 0.00047821802 0)
(0.86715436 0.00045802704 0)
(0.86404739 0.00043936086 0)
(0.86109311 0.00042204295 0)
(0.85828047 0.00040613205 0)
(0.85560224 0.00039166287 0)
(0.85304405 0.00037821096 0)
(0.85059553 0.00036653709 0)
(0.84823471 0.00035429949 0)
(0.84598239 0.00034998912 0)
(0.84372103 0.00033049122 -2.7132061e-20)
(0.84181176 0.00040066343 1.8093895e-19)
(0.83858049 0.00027095197 0)
(1.0020525 0.0018430325 0)
(1.002075 0.0018338726 0)
(1.0020683 0.0018240543 0)
(1.0019839 0.0018138459 0)
(1.0017359 0.0018033916 0)
(1.0010681 0.001790149 0)
(0.99969393 0.0017671512 0)
(0.99731858 0.0017310671 0)
(0.99372942 0.0016754529 0)
(0.98888951 0.0016045367 0)
(0.98320168 0.0015284891 0)
(0.97690344 0.0014430386 0)
(0.97019799 0.0013522896 0)
(0.96322192 0.0012633954 0)
(0.95604507 0.0011798747 0)
(0.94874132 0.0011007213 0)
(0.94155816 0.0010287087 0)
(0.93456269 0.00096262613 0)
(0.92794354 0.00090063149 0)
(0.92178113 0.0008438477 0)
(0.91604774 0.00079300648 0)
(0.91068225 0.00074748081 0)
(0.90565163 0.00070666531 0)
(0.90093492 0.00066957952 0)
(0.89651947 0.00063553321 0)
(0.89237875 0.00060451603 0)
(0.88848085 0.00057647411 0)
(0.88479925 0.0005510266 0)
(0.88131345 0.00052754891 0)
(0.87801114 0.00050574545 0)
(0.87487889 0.00048567428 0)
(0.8719029 0.00046741848 0)
(0.86906695 0.00045058402 0)
(0.86635839 0.00043596901 0)
(0.86375458 0.00042088311 0)
(0.86127632 0.00041483559 0)
(0.85880007 0.00039109108 3.2452546e-20)
(0.85671072 0.00047153213 0)
(0.85319958 0.00032130524 0)
(1.0020574 0.0018391667 0)
(1.0020927 0.0018285988 0)
(1.0021286 0.0018181897 0)
(1.0021644 0.0018085533 0)
(1.0021999 0.0017995243 0)
(1.0022289 0.0017903534 0)
(1.0022287 0.0017804494 0)
(1.002145 0.0017699931 0)
(1.0018657 0.0017588205 0)
(1.0010702 0.001743652 0)
(0.99941029 0.0017173379 0)
(0.99652727 0.0016734659 0)
(0.99219743 0.0016092508 0)
(0.98661084 0.0015322586 0)
(0.98016276 0.0014460904 0)
(0.97311873 0.0013523141 0)
(0.96586633 0.0012601699 0)
(0.95875049 0.0011772214 0)
(0.95192655 0.0011024903 0)
(0.9454903 0.0010357151 0)
(0.93930956 0.00097595148 0)
(0.93337517 0.00092039745 0)
(0.92774943 0.00086847781 0)
(0.92247677 0.00082066649 0)
(0.91752871 0.00077733175 0)
(0.91285992 0.00073802519 0)
(0.9084445 0.00070239626 0)
(0.90426901 0.00066991236 0)
(0.9003245 0.0006397941 0)
(0.8966012 0.00061184406 0)
(0.89307766 0.00058624881 0)
(0.889732 0.00056308207 0)
(0.88654575 0.00054184684 0)
(0.88350664 0.00052327888 0)
(0.88059542 0.00050430559 0)
(0.87783428 0.00049569467 0)
(0.87508844 0.00046656673 0)
(0.87277269 0.00055929566 0)
(0.86889891 0.00038412707 0)
(1.0020529 0.0018360606 0)
(1.0020885 0.0018258917 0)
(1.002125 0.0018157923 0)
(1.002163 0.0018057342 0)
(1.0022022 0.0017954215 0)
(1.002242 0.0017846905 0)
(1.0022827 0.0017740747 0)
(1.0023235 0.0017642544 0)
(1.0023643 0.0017550858 0)
(1.002397 0.001745817 0)
(1.002388 0.0017355745 0)
(1.0022694 0.0017245704 0)
(1.0018183 0.0017117574 0)
(1.0006139 0.001690518 0)
(0.99819608 0.0016541972 0)
(0.99416572 0.0015948672 0)
(0.98865721 0.0015192586 0)
(0.98245229 0.0014393239 0)
(0.97600825 0.0013545066 0)
(0.9695934 0.0012705842 0)
(0.96332512 0.0011937354 0)
(0.95726171 0.0011256003 0)
(0.95143509 0.0010631974 0)
(0.9459146 0.0010070606 0)
(0.94057701 0.00095644874 0)
(0.93541732 0.00090883206 0)
(0.9304847 0.00086386155 0)
(0.92580969 0.00082188947 0)
(0.92139987 0.00078312986 0)
(0.9172201 0.00074765401 0)
(0.91324125 0.00071517011 0)
(0.90944944 0.00068566431 0)
(0.90583554 0.0006585299 0)
(0.90239545 0.0006344448 0)
(0.89911323 0.00061008348 0)
(0.89600763 0.00059777435 0)
(0.89292845 0.00056181782 0)
(0.89033171 0.00066903727 0)
(0.88599695 0.0004636706 0)
(1.0020511 0.0018330822 0)
(1.0020865 0.0018230025 0)
(1.0021228 0.001812857 0)
(1.0021602 0.0018026876 0)
(1.0021987 0.0017924307 0)
(1.0022385 0.001782053 0)
(1.0022797 0.0017717485 0)
(1.0023229 0.0017614598 0)
(1.0023678 0.0017508618 0)
(1.0024135 0.0017398103 0)
(1.0024606 0.0017289822 0)
(1.0025082 0.0017191104 0)
(1.0025551 0.0017096964 0)
(1.0025827 0.001699804 0)
(1.0025303 0.0016886865 0)
(1.0022422 0.0016762184 0)
(1.0012768 0.0016584015 0)
(0.99926813 0.0016291567 0)
(0.99601261 0.0015820094 0)
(0.99157326 0.0015192993 0)
(0.98641141 0.0014520316 0)
(0.98091801 0.0013807219 0)
(0.97531923 0.0013069053 0)
(0.96977593 0.0012349906 0)
(0.96435378 0.001169258 0)
(0.95908321 0.0011106672 0)
(0.95399403 0.0010569398 0)
(0.94911458 0.0010069113 0)
(0.94444317 0.00096181838 0)
(0.93988254 0.00092030225 0)
(0.93546437 0.00088053119 0)
(0.93122347 0.00084301317 0)
(0.92717543 0.00080775034 0)
(0.92333243 0.00077629808 0)
(0.91965646 0.00074534164 0)
(0.91615812 0.00072834985 0)
(0.91267991 0.00068379239 -2.8727477e-20)
(0.90974182 0.00080842445 1.720043e-19)
(0.90484531 0.00056582516 0)
(1.0020495 0.0018293069 0)
(1.002085 0.0018192714 0)
(1.0021213 0.0018091622 0)
(1.0021587 0.0017990725 0)
(1.0021971 0.0017889588 0)
(1.0022369 0.001778716 0)
(1.0022779 0.0017684019 0)
(1.0023203 0.0017580195 0)
(1.0023644 0.0017474909 0)
(1.0024102 0.0017368071 0)
(1.002458 0.0017262396 0)
(1.0025086 0.0017155891 0)
(1.0025612 0.0017044389 0)
(1.0026155 0.0016930288 0)
(1.0026711 0.0016822819 0)
(1.0027278 0.0016725656 0)
(1.0027741 0.0016631439 0)
(1.0027586 0.0016527699 0)
(1.0026022 0.0016420926 0)
(1.0020519 0.0016300504 0)
(1.0008261 0.0016102185 0)
(0.99871633 0.0015804669 0)
(0.99563452 0.0015364957 0)
(0.99167202 0.0014808603 0)
(0.98718346 0.0014232999 0)
(0.98243745 0.0013626186 0)
(0.97759639 0.0012993057 0)
(0.97276836 0.0012363402 0)
(0.96802541 0.0011768785 0)
(0.96338245 0.0011236065 0)
(0.95885939 0.0010756209 0)
(0.95447767 0.0010311285 0)
(0.95024987 0.00098884354 0)
(0.94619955 0.00095215295 0)
(0.94221328 0.00091658107 0)
(0.93834586 0.00089542791 0)
(0.93447025 0.00084060871 -6.7955781e-20)
(0.93118703 0.00098580768 0)
(0.92572185 0.00069727131 0)
(1.0020476 0.0018253264 0)
(1.0020831 0.0018153606 0)
(1.0021194 0.0018053319 0)
(1.0021568 0.0017953203 0)
(1.0021954 0.0017852676 0)
(1.0022352 0.0017750585 0)
(1.0022762 0.0017647575 0)
(1.0023186 0.0017544326 0)
(1.0023627 0.0017440351 0)
(1.0024084 0.0017334802 0)
(1.002456 0.0017228767 0)
(1.0025056 0.0017121295 0)
(1.0025575 0.0017011266 0)
(1.0026119 0.0016900581 0)
(1.0026695 0.0016790422 0)
(1.0027307 0.0016677585 0)
(1.0027927 0.0016562606 0)
(1.0028539 0.0016455412 0)
(1.0029126 0.0016363334 0)
(1.002966 0.0016278495 0)
(1.0029957 0.0016191816 0)
(1.0029548 0.001610235 0)
(1.0027763 0.0016017384 0)
(1.0022642 0.0015921662 0)
(1.0012263 0.0015760196 0)
(0.99952137 0.0015513888 0)
(0.99707037 0.0015173405 0)
(0.99391096 0.0014727638 0)
(0.99019327 0.0014235654 0)
(0.98618989 0.0013739232 0)
(0.98204302 0.0013213313 0)
(0.97784686 0.0012673031 0)
(0.973664 0.0012138563 0)
(0.96954663 0.0011644454 0)
(0.96549333 0.0011179169 0)
(0.96154675 0.0010909887 0)
(0.95756432 0.0010267868 0)
(0.95417039 0.001197684 4.8438266e-19)
(0.94843711 0.00085927219 0)
(1.0020452 0.0018205592 0)
(1.0020807 0.0018106915 0)
(1.0021172 0.0018007562 0)
(1.0021546 0.0017908188 0)
(1.0021932 0.0017808315 0)
(1.002233 0.0017706998 0)
(1.0022741 0.0017604857 0)
(1.0023166 0.001750252 0)
(1.0023607 0.0017399328 0)
(1.0024065 0.0017294248 0)
(1.0024541 0.0017188389 0)
(1.0025037 0.0017081717 0)
(1.0025556 0.0016973295 0)
(1.0026098 0.0016863547 0)
(1.0026668 0.00167528 0)
(1.0027267 0.0016640088 0)
(1.0027886 0.001652833 0)
(1.0028508 0.0016422721 0)
(1.0029131 0.0016320846 0)
(1.002974 0.0016218887 0)
(1.0030333 0.0016120856 0)
(1.0030909 0.0016034008 0)
(1.0031463 0.0015958614 0)
(1.0031969 0.0015886163 0)
(1.0032291 0.0015811172 0)
(1.0032135 0.0015738193 0)
(1.0031065 0.0015672242 0)
(1.0028072 0.0015605992 0)
(1.0021731 0.0015511608 0)
(1.0010863 0.0015352543 0)
(0.99946485 0.0015127344 0)
(0.9972671 0.001483596 0)
(0.99453204 0.0014458533 0)
(0.99134258 0.0014060622 0)
(0.98790059 0.0013643938 0)
(0.98435241 0.0013374516 0)
(0.98059822 0.0012602347 -3.9182372e-20)
(0.97733764 0.001459856 0)
(0.97157281 0.0010603101 0)
(1.0020424 0.0018153876 0)
(1.0020779 0.001805618 0)
(1.0021144 0.0017957748 0)
(1.0021519 0.0017859154 0)
(1.0021906 0.0017760058 0)
(1.0022305 0.0017659652 0)
(1.0022716 0.0017558374 0)
(1.0023142 0.0017456735 0)
(1.0023583 0.0017354157 0)
(1.0024041 0.0017249786 0)
(1.0024518 0.0017144675 0)
(1.0025015 0.0017038861 0)
(1.0025534 0.001693116 0)
(1.0026077 0.0016821684 0)
(1.0026646 0.0016711255 0)
(1.0027246 0.0016599726 0)
(1.0027864 0.0016489375 0)
(1.0028482 0.0016383485 0)
(1.0029092 0.0016280874 0)
(1.0029695 0.0016181171 0)
(1.003029 0.0016086955 0)
(1.0030881 0.0015998486 0)
(1.003147 0.0015912301 0)
(1.0032048 0.0015825857 0)
(1.0032611 0.0015743288 0)
(1.0033162 0.0015670024 0)
(1.0033695 0.0015605352 0)
(1.0034201 0.0015544886 0)
(1.0034631 0.0015483453 0)
(1.0034848 0.001542315 0)
(1.0034613 0.0015369635 0)
(1.0033603 0.0015327592 0)
(1.0031096 0.001528744 0)
(1.0026157 0.0015249416 0)
(1.0017757 0.0015133106 0)
(1.0005805 0.0015155664 0)
(0.99879589 0.0014518019 -9.817942e-20)
(0.9970682 0.0017145081 2.8534769e-19)
(0.99281093 0.0012909683 0)
(1.002039 0.0018093739 0)
(1.0020746 0.0017997163 0)
(1.0021112 0.001789982 0)
(1.0021487 0.0017802199 0)
(1.0021874 0.0017704055 0)
(1.0022274 0.0017604683 0)
(1.0022686 0.0017504365 0)
(1.0023112 0.0017403561 0)
(1.0023554 0.0017301832 0)
(1.0024013 0.0017198441 0)
(1.002449 0.0017094207 0)
(1.0024987 0.0016989154 0)
(1.0025507 0.0016882202 0)
(1.002605 0.0016773502 0)
(1.002662 0.0016663958 0)
(1.002722 0.0016553329 0)
(1.0027839 0.0016443437 0)
(1.0028458 0.0016337662 0)
(1.0029068 0.0016235926 0)
(1.002967 0.0016137786 0)
(1.0030263 0.0016044121 0)
(1.0030848 0.0015954779 0)
(1.0031427 0.0015868582 0)
(1.0031999 0.0015785406 0)
(1.0032564 0.0015707013 0)
(1.0033124 0.0015633144 0)
(1.0033682 0.0015561573 0)
(1.0034232 0.001549077 0)
(1.0034767 0.0015421722 0)
(1.0035288 0.0015358993 0)
(1.0035793 0.0015305263 0)
(1.0036278 0.0015260028 0)
(1.0036724 0.0015218294 0)
(1.0037128 0.0015194779 0)
(1.0037294 0.0015149417 0)
(1.0037382 0.0015278677 0)
(1.003623 0.0014881657 0)
(1.0035855 0.0017527103 0)
(1.0029821 0.001402605 -1.2432624e-19)
(1.0020348 0.0018026748 0)
(1.0020706 0.0017931429 0)
(1.0021072 0.0017835316 0)
(1.0021448 0.0017738801 0)
(1.0021836 0.0017641716 0)
(1.0022236 0.0017543466 0)
(1.0022649 0.0017444217 0)
(1.0023075 0.0017344376 0)
(1.0023518 0.0017243607 0)
(1.0023977 0.0017141256 0)
(1.0024455 0.001703792 0)
(1.0024953 0.0016933681 0)
(1.0025473 0.0016827637 0)
(1.0026017 0.0016719881 0)
(1.0026588 0.0016611179 0)
(1.0027189 0.001650128 0)
(1.0027808 0.0016392029 0)
(1.0028427 0.0016286956 0)
(1.0029038 0.0016186119 0)
(1.002964 0.0016088676 0)
(1.0030234 0.0015995249 0)
(1.0030819 0.0015906303 0)
(1.0031398 0.0015821282 0)
(1.0031969 0.0015739471 0)
(1.0032533 0.0015661192 0)
(1.0033089 0.0015586361 0)
(1.0033639 0.001551466 0)
(1.0034181 0.001544619 0)
(1.0034715 0.0015381426 0)
(1.0035239 0.0015321455 0)
(1.0035754 0.0015265745 0)
(1.0036261 0.0015215425 0)
(1.0036742 0.0015167135 0)
(1.0037224 0.0015142094 0)
(1.003757 0.0015094456 0)
(1.0038197 0.0015239322 0)
(1.0038131 0.0014993236 0)
(1.0038305 0.001739178 0)
(1.0039003 0.0014227895 -1.3197009e-19)
(1.0020299 0.0017950333 0)
(1.0020657 0.0017856419 0)
(1.0021024 0.0017761688 0)
(1.0021401 0.0017666437 0)
(1.0021789 0.0017570564 0)
(1.002219 0.0017473581 0)
(1.0022603 0.0017375561 0)
(1.0023031 0.001727684 0)
(1.0023474 0.001717717 0)
(1.0023934 0.001707598 0)
(1.0024412 0.0016973696 0)
(1.0024911 0.0016870442 0)
(1.0025432 0.0016765466 0)
(1.0025977 0.0016658767 0)
(1.0026548 0.001655099 0)
(1.002715 0.0016441976 0)
(1.002777 0.0016333615 0)
(1.0028389 0.0016229361 0)
(1.0029 0.001612931 0)
(1.0029603 0.0016032616 0)
(1.0030197 0.0015939938 0)
(1.0030783 0.0015851834 0)
(1.0031362 0.0015767632 0)
(1.0031934 0.0015686362 0)
(1.0032498 0.0015608367 0)
(1.0033055 0.0015534165 0)
(1.0033604 0.0015463749 0)
(1.0034146 0.0015396754 0)
(1.0034679 0.0015332819 0)
(1.0035203 0.0015272632 0)
(1.0035714 0.0015216831 0)
(1.0036214 0.0015167899 0)
(1.0036691 0.0015123615 0)
(1.0037162 0.0015103192 0)
(1.0037555 0.0015066946 0)
(1.0038012 0.0015188076 0)
(1.0038087 0.0015059488 0)
(1.0038323 0.0017027453 0)
(1.0039044 0.001449142 0)
(1.0020238 0.0017863979 0)
(1.0020597 0.0017771665 0)
(1.0020965 0.0017678509 0)
(1.0021343 0.0017584723 0)
(1.0021732 0.0017490247 0)
(1.0022133 0.0017394696 0)
(1.0022548 0.0017298072 0)
(1.0022976 0.0017200635 0)
(1.002342 0.0017102211 0)
(1.0023881 0.0017002321 0)
(1.002436 0.0016901243 0)
(1.0024859 0.0016799113 0)
(1.0025381 0.0016695317 0)
(1.0025927 0.0016589782 0)
(1.0026499 0.0016483058 0)
(1.0027101 0.0016375065 0)
(1.0027722 0.0016267696 0)
(1.0028341 0.0016164304 0)
(1.0028953 0.0016065107 0)
(1.0029556 0.001596934 0)
(1.0030151 0.0015877565 0)
(1.0030737 0.0015790241 0)
(1.0031317 0.0015706721 0)
(1.0031889 0.0015626174 0)
(1.0032454 0.0015549008 0)
(1.0033011 0.0015475749 0)
(1.0033561 0.001540622 0)
(1.0034103 0.001533991 0)
(1.0034637 0.0015276593 0)
(1.0035161 0.0015217322 0)
(1.0035673 0.001516309 0)
(1.0036173 0.0015116377 0)
(1.003665 0.0015074498 0)
(1.0037129 0.0015056492 0)
(1.0037492 0.0015022135 0)
(1.0038091 0.0015123449 0)
(1.0038071 0.0015037207 0)
(1.0038311 0.0016761064 0)
(1.0038922 0.0014809266 0)
(1.0020164 0.0017766396 0)
(1.0020524 0.0017675879 0)
(1.0020893 0.0017584493 0)
(1.0021272 0.0017492374 0)
(1.0021662 0.0017399492 0)
(1.0022064 0.001730555 0)
(1.0022479 0.0017210502 0)
(1.0022908 0.0017114536 0)
(1.0023353 0.0017017535 0)
(1.0023815 0.0016919108 0)
(1.0024295 0.0016819411 0)
(1.0024795 0.0016718574 0)
(1.0025317 0.0016616109 0)
(1.0025863 0.0016511902 0)
(1.0026436 0.0016406399 0)
(1.0027039 0.0016299579 0)
(1.0027661 0.0016193335 0)
(1.0028281 0.0016090945 0)
(1.0028893 0.0015992757 0)
(1.0029497 0.0015898061 0)
(1.0030092 0.0015807281 0)
(1.003068 0.0015720814 0)
(1.0031259 0.0015638131 0)
(1.0031832 0.0015558529 0)
(1.0032398 0.001548232 0)
(1.0032955 0.0015409938 0)
(1.0033506 0.0015341221 0)
(1.0034048 0.0015275799 0)
(1.0034583 0.0015213636 0)
(1.0035107 0.0015155794 0)
(1.003562 0.0015103148 0)
(1.0036121 0.0015058187 0)
(1.0036602 0.0015018376 0)
(1.0037073 0.0015003161 0)
(1.0037481 0.0014975708 0)
(1.003793 0.00150704 0)
(1.0038062 0.0015119213 0)
(1.0038265 0.0016486623 1.5762563e-19)
(1.0038871 0.0015046279 0)
(1.0020082 0.0017655296 0)
(1.0020443 0.0017566824 0)
(1.0020813 0.0017477448 0)
(1.0021193 0.0017387241 0)
(1.0021583 0.0017296188 0)
(1.0021986 0.001720407 0)
(1.0022402 0.0017110809 0)
(1.0022833 0.0017016528 0)
(1.0023278 0.0016921152 0)
(1.0023741 0.0016824371 0)
(1.002 0.0017530421 0)
(1.0020361 0.001744428 0)
(1.0020732 0.0017357188 0)
(1.0021113 0.0017269174 0)
(1.0021505 0.0017180225 0)
(1.0021909 0.0017090181 0)
(1.0022326 0.0016998956 0)
(1.0022757 0.0016906614 0)
(1.0023203 0.0016813107 0)
(1.0019904 0.0017387481 0)
(1.0020266 0.001730397 0)
(1.0020638 0.0017219449 0)
(1.002102 0.0017133913 0)
(1.0021413 0.0017047348 0)
(1.0021818 0.0016959639 0)
(1.0019786 0.001722759 0)
(1.002015 0.0017147121 0)
(1.0020523 0.0017065565 0)
(1.0020906 0.00169829 0)
(1.00213 0.0016899106 0)
(1.0021707 0.0016814099 0)
(1.0019644 0.0017043235 0)
(1.0020009 0.0016966158 0)
(1.0020383 0.0016887901 0)
(1.0020768 0.0016808434 0)
(1.0021163 0.001672773 0)
(1.0021571 0.0016645728 0)
)
;

boundaryField
{
    bottom
    {
        type            fixedValue;
        value           nonuniform List<vector> 0();
    }
    back
    {
        type            empty;
    }
    front
    {
        type            empty;
    }
    inlet
    {
        type            fixedValue;
        value           nonuniform List<vector> 0();
    }
    outlet
    {
        type            zeroGradient;
    }
    top
    {
        type            zeroGradient;
    }
    slipsurface
    {
        type            slip;
    }
    procBoundary12to9
    {
        type            processor;
        value           nonuniform List<vector> 
13
(
(0.85630149 0.00054796863 0)
(0.852385 0.00052173666 0)
(0.84853247 0.00049653315 0)
(0.844737 0.00047257606 0)
(0.84100258 0.00044992629 0)
(0.83732029 0.00042820559 0)
(0.83367907 0.00040720411 0)
(0.83007049 0.00038732133 0)
(0.82650115 0.00036857737 0)
(0.8229568 0.00035032609 0)
(0.81942961 0.00033264816 0)
(0.8159119 0.00031592097 0)
(0.81239694 0.00029990889 0)
)
;
    }
    procBoundary12to11
    {
        type            processor;
        value           nonuniform List<vector> 
26
(
(0.80888162 0.00028420897 0)
(0.8053613 0.00026919071 0)
(0.80181559 0.00025505202 0)
(0.79832523 0.00024156373 0)
(0.795002 0.00022906634 0)
(0.79186104 0.00021782073 0)
(0.78888628 0.00020750828 0)
(0.78606663 0.00019790238 0)
(0.78338896 0.00018912642 0)
(0.78083477 0.00018120924 0)
(0.77839477 0.00017387925 0)
(0.77606256 0.00016695338 0)
(0.77383159 0.00016051849 0)
(0.77168969 0.00015466751 0)
(0.76962943 0.00014927476 0)
(0.76764637 0.00014416681 0)
(0.7657371 0.00013931161 0)
(0.7638965 0.00013480156 0)
(0.76211758 0.00013073669 0)
(0.76039386 0.00012695639 0)
(0.75872464 0.00012377864 0)
(0.75709582 0.00012022114 0)
(0.75553135 0.00011966209 0)
(0.753929 0.00011362753 0)
(0.75255649 0.00014038768 0)
(0.75020371 9.1372858e-05 0)
)
;
    }
    procBoundary12to13
    {
        type            processor;
        value           nonuniform List<vector> 
38
(
(1.0024221 0.0016726246 0)
(1.0024722 0.0016626886 0)
(1.0025245 0.0016525919 0)
(1.0025792 0.0016423206 0)
(1.0026366 0.0016319092 0)
(1.002697 0.0016213593 0)
(1.0027592 0.0016108619 0)
(1.0028213 0.0016007377 0)
(1.0028826 0.0015910326 0)
(1.002943 0.0015816807 0)
(1.0030026 0.0015727127 0)
(1.0030613 0.0015641636 0)
(1.0031194 0.0015559918 0)
(1.0031767 0.0015481352 0)
(1.0032333 0.001540615 0)
(1.0032891 0.0015334711 0)
(1.0033442 0.0015266961 0)
(1.0033985 0.0015202643 0)
(1.003452 0.0015141783 0)
(1.0035045 0.0015085351 0)
(1.0035558 0.0015034255 0)
(1.003606 0.0014991012 0)
(1.0036544 0.0014954003 0)
(1.0037013 0.0014940452 0)
(1.0037438 0.0014921415 0)
(1.0037849 0.0015006434 0)
(1.0038162 0.0015078998 0)
(1.0038485 0.0016250772 0)
(1.0039001 0.0015236855 0)
(1.0024221 0.0016726246 0)
(1.0023666 0.0016718193 0)
(1.0022236 0.00168707 0)
(1.0022668 0.0016780551 0)
(1.0023666 0.0016718193 0)
(1.0023115 0.0016689155 0)
(1.0022236 0.00168707 0)
(1.0022126 0.0016727801 0)
(1.0021991 0.001656236 0)
)
;
    }
    procBoundary12to14
    {
        type            processor;
        value           nonuniform List<vector> 
23
(
(0.88016335 0.00069613244 0)
(0.90213125 0.00085059515 0)
(0.92628995 0.0010482018 0)
(0.95172571 0.0012819287 0)
(0.97695536 0.0015728222 0)
(0.9964787 0.0018130819 0)
(1.0017867 0.0018571052 0)
(1.0020217 0.0018519473 0)
(1.0020224 0.0018493951 0)
(1.0020184 0.0018461444 0)
(1.0020167 0.0018430461 0)
(1.002015 0.0018392068 0)
(1.002013 0.0018351732 0)
(1.0020106 0.0018303217 0)
(1.0020077 0.0018250599 0)
(1.0020042 0.0018189414 0)
(1.002 0.0018121223 0)
(1.001995 0.0018043442 0)
(1.0019889 0.0017955502 0)
(1.0019813 0.0017856116 0)
(1.0019731 0.0017742943 0)
(1.0019647 0.0017615688 0)
(1.001955 0.0017470049 0)
)
;
    }
    procBoundary12to15
    {
        type            processor;
        value           nonuniform List<vector> 8((1.0019431 0.0017307031 0) (1.0019288 0.0017119183 0) (1.0019472 0.0016838852 0) (1.0019838 0.0016765742 0) (1.0020214 0.0016691343 0) (1.0020599 0.0016615624 0) (1.0020996 0.0016538552 0) (1.0021405 0.0016460081 0));
    }
}


// ************************************************************************* //
