/*--------------------------------*- C++ -*----------------------------------*\
  =========                 |
  \\      /  F ield         | OpenFOAM: The Open Source CFD Toolbox
   \\    /   O peration     | Website:  https://openfoam.org
    \\  /    A nd           | Version:  12
     \\/     M anipulation  |
\*---------------------------------------------------------------------------*/
FoamFile
{
    format      ascii;
    class       volScalarField;
    location    "800";
    object      nut;
}
// * * * * * * * * * * * * * * * * * * * * * * * * * * * * * * * * * * * * * //

dimensions      [0 2 -1 0 0 0 0];

internalField   nonuniform List<scalar> 
466
(
1.647651e-07
1.6451148e-07
1.6425523e-07
1.6399638e-07
1.6373496e-07
1.6347102e-07
1.6320459e-07
1.6293569e-07
1.6266438e-07
1.6239068e-07
1.6211463e-07
1.6183628e-07
1.6155567e-07
1.6127283e-07
1.6098781e-07
1.6070065e-07
1.6041139e-07
1.6012008e-07
1.5982676e-07
1.5953148e-07
1.5923427e-07
1.5893519e-07
1.5863428e-07
1.6476524e-07
1.6451161e-07
1.6425536e-07
1.639965e-07
1.6373509e-07
1.6347114e-07
1.632047e-07
1.629358e-07
1.6266448e-07
1.6239077e-07
1.6211472e-07
1.6183637e-07
1.6155575e-07
1.6127291e-07
1.6098788e-07
1.6070072e-07
1.6041146e-07
1.6012014e-07
1.5982682e-07
1.5953153e-07
1.5923432e-07
1.5893523e-07
1.5863432e-07
1.5833162e-07
1.5802718e-07
1.5772105e-07
1.5741327e-07
1.6476538e-07
1.6451175e-07
1.6425549e-07
1.6399663e-07
1.6373521e-07
1.6347126e-07
1.6320481e-07
1.6293591e-07
1.6266458e-07
1.6239087e-07
1.6211482e-07
1.6183646e-07
1.6155583e-07
1.6127299e-07
1.6098796e-07
1.6070079e-07
1.6041152e-07
1.601202e-07
1.5982687e-07
1.5953158e-07
1.5923437e-07
1.5893528e-07
1.5863436e-07
1.5833166e-07
1.5802722e-07
1.5772108e-07
1.574133e-07
1.6476552e-07
1.6451189e-07
1.6425562e-07
1.6399676e-07
1.6373533e-07
1.6347138e-07
1.6320493e-07
1.6293602e-07
1.6266469e-07
1.6239097e-07
1.6211491e-07
1.6183655e-07
1.6155592e-07
1.6127307e-07
1.6098803e-07
1.6070086e-07
1.6041159e-07
1.6012026e-07
1.5982693e-07
1.5953163e-07
1.5923441e-07
1.5893532e-07
1.586344e-07
1.5833169e-07
1.5802725e-07
1.5772111e-07
1.5741333e-07
1.6476566e-07
1.6451202e-07
1.6425576e-07
1.6399689e-07
1.6373546e-07
1.634715e-07
1.6320504e-07
1.6293613e-07
1.6266479e-07
1.6239107e-07
1.6211501e-07
1.6183664e-07
1.61556e-07
1.6127315e-07
1.6098811e-07
1.6070093e-07
1.6041165e-07
1.6012032e-07
1.5982699e-07
1.5953169e-07
1.5923446e-07
1.5893537e-07
1.5863444e-07
1.5833173e-07
1.5802729e-07
1.5772115e-07
1.5741336e-07
1.647658e-07
1.6451216e-07
1.6425589e-07
1.6399702e-07
1.6373559e-07
1.6347162e-07
1.6320516e-07
1.6293624e-07
1.626649e-07
1.6239117e-07
1.621151e-07
1.6183673e-07
1.6155609e-07
1.6127323e-07
1.6098818e-07
1.60701e-07
1.6041172e-07
1.6012039e-07
1.5982705e-07
1.5953174e-07
1.5923451e-07
1.5893541e-07
1.5863448e-07
1.5833177e-07
1.5802732e-07
1.5772118e-07
1.5741339e-07
1.6476594e-07
1.645123e-07
1.6425602e-07
1.6399715e-07
1.6373571e-07
1.6347174e-07
1.6320528e-07
1.6293635e-07
1.62665e-07
1.6239127e-07
1.621152e-07
1.6183682e-07
1.6155618e-07
1.6127331e-07
1.6098826e-07
1.6070107e-07
1.6041179e-07
1.6012045e-07
1.598271e-07
1.5953179e-07
1.5923456e-07
1.5893546e-07
1.5863453e-07
1.5833181e-07
1.5802736e-07
1.5772121e-07
1.5741342e-07
1.6476608e-07
1.6451244e-07
1.6425616e-07
1.6399728e-07
1.6373584e-07
1.6347186e-07
1.6320539e-07
1.6293646e-07
1.6266511e-07
1.6239138e-07
1.621153e-07
1.6183691e-07
1.6155626e-07
1.6127339e-07
1.6098834e-07
1.6070114e-07
1.6041185e-07
1.6012051e-07
1.5982716e-07
1.5953185e-07
1.5923461e-07
1.589355e-07
1.5863457e-07
1.5833185e-07
1.5802739e-07
1.5772124e-07
1.5741344e-07
1.6476622e-07
1.6451257e-07
1.6425629e-07
1.6399741e-07
1.6373596e-07
1.6347199e-07
1.6320551e-07
1.6293658e-07
1.6266522e-07
1.6239148e-07
1.6211539e-07
1.61837e-07
1.6155635e-07
1.6127347e-07
1.6098841e-07
1.6070121e-07
1.6041192e-07
1.6012057e-07
1.5982722e-07
1.595319e-07
1.5923466e-07
1.5893555e-07
1.5863461e-07
1.5833188e-07
1.5802742e-07
1.5772127e-07
1.5741347e-07
1.6476636e-07
1.6451271e-07
1.6425643e-07
1.6399754e-07
1.6373609e-07
1.6347211e-07
1.6320563e-07
1.6293669e-07
1.6266533e-07
1.6239158e-07
1.6211549e-07
1.618371e-07
1.6155644e-07
1.6127355e-07
1.6098849e-07
1.6070129e-07
1.6041199e-07
1.6012064e-07
1.5982728e-07
1.5953195e-07
1.5923471e-07
1.5893559e-07
1.5863465e-07
1.5833192e-07
1.5802746e-07
1.577213e-07
1.574135e-07
1.647665e-07
1.6451285e-07
1.6425656e-07
1.6399767e-07
1.6373621e-07
1.6347223e-07
1.6320574e-07
1.629368e-07
1.6266543e-07
1.6239168e-07
1.6211559e-07
1.6183719e-07
1.6155652e-07
1.6127363e-07
1.6098856e-07
1.6070136e-07
1.6041205e-07
1.601207e-07
1.5982733e-07
1.59532e-07
1.5923476e-07
1.5893564e-07
1.5863469e-07
1.5833196e-07
1.5802749e-07
1.5772133e-07
1.5741352e-07
1.6476664e-07
1.6451298e-07
1.6425669e-07
1.639978e-07
1.6373634e-07
1.6347234e-07
1.6320586e-07
1.6293691e-07
1.6266554e-07
1.6239178e-07
1.6211568e-07
1.6183728e-07
1.6155661e-07
1.6127371e-07
1.6098864e-07
1.6070143e-07
1.6041212e-07
1.6012076e-07
1.5982739e-07
1.5953206e-07
1.592348e-07
1.5893568e-07
1.5863473e-07
1.5833199e-07
1.5802752e-07
1.5772135e-07
1.5741354e-07
1.6476677e-07
1.6451311e-07
1.6425682e-07
1.6399792e-07
1.6373646e-07
1.6347246e-07
1.6320597e-07
1.6293702e-07
1.6266564e-07
1.6239188e-07
1.6211578e-07
1.6183736e-07
1.6155669e-07
1.6127379e-07
1.6098871e-07
1.6070149e-07
1.6041218e-07
1.6012082e-07
1.5982744e-07
1.595321e-07
1.5923485e-07
1.5893572e-07
1.5863476e-07
1.5833202e-07
1.5802755e-07
1.5772138e-07
1.5741356e-07
1.647669e-07
1.6451324e-07
1.6425694e-07
1.6399805e-07
1.6373658e-07
1.6347258e-07
1.6320608e-07
1.6293712e-07
1.6266574e-07
1.6239198e-07
1.6211587e-07
1.6183745e-07
1.6155677e-07
1.6127387e-07
1.6098879e-07
1.6070156e-07
1.6041224e-07
1.6012087e-07
1.598275e-07
1.5953215e-07
1.5923489e-07
1.5893576e-07
1.586348e-07
1.5833205e-07
1.5802757e-07
1.577214e-07
1.5741358e-07
1.6476706e-07
1.6451339e-07
1.6425709e-07
1.6399819e-07
1.6373672e-07
1.6347272e-07
1.6320621e-07
1.6293725e-07
1.6266587e-07
1.623921e-07
1.6211598e-07
1.6183756e-07
1.6155687e-07
1.6127397e-07
1.6098888e-07
1.6070165e-07
1.6041232e-07
1.6012095e-07
1.5982756e-07
1.5953222e-07
1.5923495e-07
1.5893581e-07
1.5863485e-07
1.583321e-07
1.5802761e-07
1.5772143e-07
1.5741361e-07
1.6501826e-07
1.6476726e-07
1.6451359e-07
1.6425729e-07
1.6399839e-07
1.6373691e-07
1.6347291e-07
1.632064e-07
1.6293744e-07
1.6266605e-07
1.6239227e-07
1.6211615e-07
1.6183773e-07
1.6155704e-07
1.6127412e-07
1.6098903e-07
1.6070179e-07
1.6041247e-07
1.6012109e-07
1.598277e-07
1.5953235e-07
1.5923508e-07
1.5893593e-07
1.5863496e-07
1.5833221e-07
1.5802772e-07
1.5772154e-07
1.5741371e-07
1.6501844e-07
1.6476743e-07
1.6451376e-07
1.6425746e-07
1.6399855e-07
1.6373708e-07
1.6347307e-07
1.6320656e-07
1.6293759e-07
1.6266619e-07
1.6239242e-07
1.6211629e-07
1.6183786e-07
1.6155717e-07
1.6127425e-07
1.6098915e-07
1.6070191e-07
1.6041258e-07
1.6012119e-07
1.598278e-07
1.5953245e-07
1.5923517e-07
1.5893602e-07
1.5863505e-07
1.5833229e-07
1.580278e-07
1.5772161e-07
1.5741378e-07
1.5982787e-07
1.5953251e-07
1.5923523e-07
1.5893607e-07
1.5863509e-07
1.5833233e-07
1.5802783e-07
1.5772165e-07
1.5741381e-07
)
;

boundaryField
{
    inlet
    {
        type            calculated;
        value           nonuniform List<scalar> 0();
    }
    top
    {
        type            calculated;
        value           nonuniform List<scalar> 0();
    }
    outlet
    {
        type            calculated;
        value           nonuniform List<scalar> 0();
    }
    slipsurface
    {
        type            slip;
    }
    bottom
    {
        type            nutUSpaldingWallFunction;
        Cmu             0.09;
        kappa           0.41;
        E               9.8;
        value           nonuniform List<scalar> 0();
    }
    frontandback
    {
        type            empty;
    }
    procBoundary0to1
    {
        type            processor;
        value           nonuniform List<scalar> 
29
(
1.6501858e-07
1.6476758e-07
1.6451391e-07
1.642576e-07
1.6399869e-07
1.6373721e-07
1.634732e-07
1.6320668e-07
1.6293771e-07
1.6266631e-07
1.6239253e-07
1.621164e-07
1.6183797e-07
1.6155727e-07
1.6127434e-07
1.6098924e-07
1.6070199e-07
1.6041266e-07
1.6012127e-07
1.6012127e-07
1.5982793e-07
1.5953256e-07
1.5923528e-07
1.5893612e-07
1.5863513e-07
1.5833236e-07
1.5802786e-07
1.5772166e-07
1.5741382e-07
)
;
    }
    procBoundary0to2
    {
        type            processor;
        value           nonuniform List<scalar> 
17
(
1.6501606e-07
1.650162e-07
1.6501635e-07
1.6501649e-07
1.6501663e-07
1.6501678e-07
1.6501692e-07
1.6501707e-07
1.6501721e-07
1.6501735e-07
1.6501749e-07
1.6501763e-07
1.6501777e-07
1.650179e-07
1.6501806e-07
1.6501806e-07
1.6526657e-07
)
;
    }
    procBoundary0to3
    {
        type            processor;
        value           uniform 1.6526674e-07;
    }
    procBoundary0to4
    {
        type            processor;
        value           nonuniform List<scalar> 
28
(
1.6476496e-07
1.6451134e-07
1.642551e-07
1.6399625e-07
1.6373484e-07
1.6347091e-07
1.6320448e-07
1.6293559e-07
1.6266428e-07
1.6239058e-07
1.6211454e-07
1.618362e-07
1.6155559e-07
1.6127276e-07
1.6098774e-07
1.6070059e-07
1.6041133e-07
1.6012003e-07
1.5982671e-07
1.5953143e-07
1.5923423e-07
1.5893515e-07
1.5863424e-07
1.5833158e-07
1.5833158e-07
1.5802715e-07
1.5772102e-07
1.5741325e-07
)
;
    }
    procBoundary0to10
    {
        type            processor;
        value           uniform 1.5710438e-07;
    }
    procBoundary0to11
    {
        type            processor;
        value           nonuniform List<scalar> 
16
(
1.571039e-07
1.5710392e-07
1.5710395e-07
1.5710397e-07
1.57104e-07
1.5710403e-07
1.5710405e-07
1.5710407e-07
1.5710409e-07
1.5710412e-07
1.5710413e-07
1.5710415e-07
1.5710417e-07
1.5710419e-07
1.5710429e-07
1.5710436e-07
)
;
    }
}


// ************************************************************************* //
