/*--------------------------------*- C++ -*----------------------------------*\
  =========                 |
  \\      /  F ield         | OpenFOAM: The Open Source CFD Toolbox
   \\    /   O peration     | Website:  https://openfoam.org
    \\  /    A nd           | Version:  12
     \\/     M anipulation  |
\*---------------------------------------------------------------------------*/
FoamFile
{
    format      ascii;
    class       faceList;
    location    "constant/polyMesh";
    object      faces;
}
// * * * * * * * * * * * * * * * * * * * * * * * * * * * * * * * * * * * * * //


776
(
4(17 1 217 233)
4(16 17 233 232)
4(18 2 218 234)
4(17 18 234 233)
4(19 3 219 235)
4(18 19 235 234)
4(20 4 220 236)
4(19 20 236 235)
4(21 5 221 237)
4(20 21 237 236)
4(22 6 222 238)
4(21 22 238 237)
4(23 7 223 239)
4(22 23 239 238)
4(24 8 224 240)
4(23 24 240 239)
4(25 9 225 241)
4(24 25 241 240)
4(26 10 226 242)
4(25 26 242 241)
4(27 11 227 243)
4(26 27 243 242)
4(28 12 228 244)
4(27 28 244 243)
4(28 29 245 244)
4(31 15 231 247)
4(30 31 247 246)
4(32 16 232 248)
4(31 32 248 247)
4(33 17 233 249)
4(32 33 249 248)
4(34 18 234 250)
4(33 34 250 249)
4(35 19 235 251)
4(34 35 251 250)
4(36 20 236 252)
4(35 36 252 251)
4(37 21 237 253)
4(36 37 253 252)
4(38 22 238 254)
4(37 38 254 253)
4(39 23 239 255)
4(38 39 255 254)
4(40 24 240 256)
4(39 40 256 255)
4(41 25 241 257)
4(40 41 257 256)
4(42 26 242 258)
4(41 42 258 257)
4(43 27 243 259)
4(42 43 259 258)
4(44 28 244 260)
4(43 44 260 259)
4(44 45 261 260)
4(47 31 247 263)
4(46 47 263 262)
4(48 32 248 264)
4(47 48 264 263)
4(49 33 249 265)
4(48 49 265 264)
4(50 34 250 266)
4(49 50 266 265)
4(51 35 251 267)
4(50 51 267 266)
4(52 36 252 268)
4(51 52 268 267)
4(53 37 253 269)
4(52 53 269 268)
4(54 38 254 270)
4(53 54 270 269)
4(55 39 255 271)
4(54 55 271 270)
4(56 40 256 272)
4(55 56 272 271)
4(57 41 257 273)
4(56 57 273 272)
4(58 42 258 274)
4(57 58 274 273)
4(59 43 259 275)
4(58 59 275 274)
4(60 44 260 276)
4(59 60 276 275)
4(60 61 277 276)
4(63 47 263 279)
4(62 63 279 278)
4(64 48 264 280)
4(63 64 280 279)
4(65 49 265 281)
4(64 65 281 280)
4(66 50 266 282)
4(65 66 282 281)
4(67 51 267 283)
4(66 67 283 282)
4(68 52 268 284)
4(67 68 284 283)
4(69 53 269 285)
4(68 69 285 284)
4(70 54 270 286)
4(69 70 286 285)
4(71 55 271 287)
4(70 71 287 286)
4(72 56 272 288)
4(71 72 288 287)
4(73 57 273 289)
4(72 73 289 288)
4(74 58 274 290)
4(73 74 290 289)
4(75 59 275 291)
4(74 75 291 290)
4(76 60 276 292)
4(75 76 292 291)
4(76 77 293 292)
4(79 63 279 295)
4(78 79 295 294)
4(80 64 280 296)
4(79 80 296 295)
4(81 65 281 297)
4(80 81 297 296)
4(82 66 282 298)
4(81 82 298 297)
4(83 67 283 299)
4(82 83 299 298)
4(84 68 284 300)
4(83 84 300 299)
4(85 69 285 301)
4(84 85 301 300)
4(86 70 286 302)
4(85 86 302 301)
4(87 71 287 303)
4(86 87 303 302)
4(88 72 288 304)
4(87 88 304 303)
4(89 73 289 305)
4(88 89 305 304)
4(90 74 290 306)
4(89 90 306 305)
4(91 75 291 307)
4(90 91 307 306)
4(92 76 292 308)
4(91 92 308 307)
4(92 93 309 308)
4(95 79 295 311)
4(94 95 311 310)
4(96 80 296 312)
4(95 96 312 311)
4(97 81 297 313)
4(96 97 313 312)
4(98 82 298 314)
4(97 98 314 313)
4(99 83 299 315)
4(98 99 315 314)
4(100 84 300 316)
4(99 100 316 315)
4(101 85 301 317)
4(100 101 317 316)
4(102 86 302 318)
4(101 102 318 317)
4(103 87 303 319)
4(102 103 319 318)
4(104 88 304 320)
4(103 104 320 319)
4(105 89 305 321)
4(104 105 321 320)
4(106 90 306 322)
4(105 106 322 321)
4(107 91 307 323)
4(106 107 323 322)
4(108 92 308 324)
4(107 108 324 323)
4(108 109 325 324)
4(111 95 311 327)
4(110 111 327 326)
4(112 96 312 328)
4(111 112 328 327)
4(113 97 313 329)
4(112 113 329 328)
4(114 98 314 330)
4(113 114 330 329)
4(115 99 315 331)
4(114 115 331 330)
4(116 100 316 332)
4(115 116 332 331)
4(117 101 317 333)
4(116 117 333 332)
4(118 102 318 334)
4(117 118 334 333)
4(119 103 319 335)
4(118 119 335 334)
4(120 104 320 336)
4(119 120 336 335)
4(121 105 321 337)
4(120 121 337 336)
4(122 106 322 338)
4(121 122 338 337)
4(123 107 323 339)
4(122 123 339 338)
4(124 108 324 340)
4(123 124 340 339)
4(124 125 341 340)
4(127 111 327 343)
4(126 127 343 342)
4(128 112 328 344)
4(127 128 344 343)
4(129 113 329 345)
4(128 129 345 344)
4(130 114 330 346)
4(129 130 346 345)
4(131 115 331 347)
4(130 131 347 346)
4(132 116 332 348)
4(131 132 348 347)
4(133 117 333 349)
4(132 133 349 348)
4(134 118 334 350)
4(133 134 350 349)
4(135 119 335 351)
4(134 135 351 350)
4(136 120 336 352)
4(135 136 352 351)
4(137 121 337 353)
4(136 137 353 352)
4(138 122 338 354)
4(137 138 354 353)
4(139 123 339 355)
4(138 139 355 354)
4(140 124 340 356)
4(139 140 356 355)
4(140 141 357 356)
4(143 127 343 359)
4(142 143 359 358)
4(144 128 344 360)
4(143 144 360 359)
4(145 129 345 361)
4(144 145 361 360)
4(146 130 346 362)
4(145 146 362 361)
4(147 131 347 363)
4(146 147 363 362)
4(148 132 348 364)
4(147 148 364 363)
4(149 133 349 365)
4(148 149 365 364)
4(150 134 350 366)
4(149 150 366 365)
4(151 135 351 367)
4(150 151 367 366)
4(152 136 352 368)
4(151 152 368 367)
4(153 137 353 369)
4(152 153 369 368)
4(154 138 354 370)
4(153 154 370 369)
4(155 139 355 371)
4(154 155 371 370)
4(156 140 356 372)
4(155 156 372 371)
4(156 157 373 372)
4(159 143 359 375)
4(158 159 375 374)
4(160 144 360 376)
4(159 160 376 375)
4(161 145 361 377)
4(160 161 377 376)
4(162 146 362 378)
4(161 162 378 377)
4(163 147 363 379)
4(162 163 379 378)
4(164 148 364 380)
4(163 164 380 379)
4(165 149 365 381)
4(164 165 381 380)
4(166 150 366 382)
4(165 166 382 381)
4(167 151 367 383)
4(166 167 383 382)
4(168 152 368 384)
4(167 168 384 383)
4(169 153 369 385)
4(168 169 385 384)
4(170 154 370 386)
4(169 170 386 385)
4(171 155 371 387)
4(170 171 387 386)
4(172 156 372 388)
4(171 172 388 387)
4(172 173 389 388)
4(175 159 375 391)
4(174 175 391 390)
4(176 160 376 392)
4(175 176 392 391)
4(177 161 377 393)
4(176 177 393 392)
4(178 162 378 394)
4(177 178 394 393)
4(179 163 379 395)
4(178 179 395 394)
4(180 164 380 396)
4(179 180 396 395)
4(181 165 381 397)
4(180 181 397 396)
4(182 166 382 398)
4(181 182 398 397)
4(183 167 383 399)
4(182 183 399 398)
4(184 168 384 400)
4(183 184 400 399)
4(185 169 385 401)
4(184 185 401 400)
4(186 170 386 402)
4(185 186 402 401)
4(187 171 387 403)
4(186 187 403 402)
4(188 172 388 404)
4(187 188 404 403)
4(188 189 405 404)
4(191 175 391 407)
4(190 191 407 406)
4(192 176 392 408)
4(191 192 408 407)
4(193 177 393 409)
4(192 193 409 408)
4(194 178 394 410)
4(193 194 410 409)
4(195 179 395 411)
4(194 195 411 410)
4(196 180 396 412)
4(195 196 412 411)
4(197 181 397 413)
4(196 197 413 412)
4(198 182 398 414)
4(197 198 414 413)
4(199 183 399 415)
4(198 199 415 414)
4(200 184 400 416)
4(201 185 401 417)
4(202 186 402 418)
4(203 187 403 419)
4(204 188 404 420)
4(207 191 407 423)
4(208 192 408 424)
4(209 193 409 425)
4(210 194 410 426)
4(211 195 411 427)
4(212 196 412 428)
4(213 197 413 429)
4(214 198 414 430)
4(29 13 229 245)
4(45 29 245 261)
4(61 45 261 277)
4(77 61 277 293)
4(93 77 293 309)
4(109 93 309 325)
4(125 109 325 341)
4(141 125 341 357)
4(157 141 357 373)
4(173 157 373 389)
4(189 173 389 405)
4(205 189 405 421)
4(216 232 233 217)
4(217 233 234 218)
4(218 234 235 219)
4(219 235 236 220)
4(220 236 237 221)
4(221 237 238 222)
4(222 238 239 223)
4(223 239 240 224)
4(224 240 241 225)
4(225 241 242 226)
4(226 242 243 227)
4(227 243 244 228)
4(228 244 245 229)
4(230 246 247 231)
4(231 247 248 232)
4(232 248 249 233)
4(233 249 250 234)
4(234 250 251 235)
4(235 251 252 236)
4(236 252 253 237)
4(237 253 254 238)
4(238 254 255 239)
4(239 255 256 240)
4(240 256 257 241)
4(241 257 258 242)
4(242 258 259 243)
4(243 259 260 244)
4(244 260 261 245)
4(246 262 263 247)
4(247 263 264 248)
4(248 264 265 249)
4(249 265 266 250)
4(250 266 267 251)
4(251 267 268 252)
4(252 268 269 253)
4(253 269 270 254)
4(254 270 271 255)
4(255 271 272 256)
4(256 272 273 257)
4(257 273 274 258)
4(258 274 275 259)
4(259 275 276 260)
4(260 276 277 261)
4(262 278 279 263)
4(263 279 280 264)
4(264 280 281 265)
4(265 281 282 266)
4(266 282 283 267)
4(267 283 284 268)
4(268 284 285 269)
4(269 285 286 270)
4(270 286 287 271)
4(271 287 288 272)
4(272 288 289 273)
4(273 289 290 274)
4(274 290 291 275)
4(275 291 292 276)
4(276 292 293 277)
4(278 294 295 279)
4(279 295 296 280)
4(280 296 297 281)
4(281 297 298 282)
4(282 298 299 283)
4(283 299 300 284)
4(284 300 301 285)
4(285 301 302 286)
4(286 302 303 287)
4(287 303 304 288)
4(288 304 305 289)
4(289 305 306 290)
4(290 306 307 291)
4(291 307 308 292)
4(292 308 309 293)
4(294 310 311 295)
4(295 311 312 296)
4(296 312 313 297)
4(297 313 314 298)
4(298 314 315 299)
4(299 315 316 300)
4(300 316 317 301)
4(301 317 318 302)
4(302 318 319 303)
4(303 319 320 304)
4(304 320 321 305)
4(305 321 322 306)
4(306 322 323 307)
4(307 323 324 308)
4(308 324 325 309)
4(310 326 327 311)
4(311 327 328 312)
4(312 328 329 313)
4(313 329 330 314)
4(314 330 331 315)
4(315 331 332 316)
4(316 332 333 317)
4(317 333 334 318)
4(318 334 335 319)
4(319 335 336 320)
4(320 336 337 321)
4(321 337 338 322)
4(322 338 339 323)
4(323 339 340 324)
4(324 340 341 325)
4(326 342 343 327)
4(327 343 344 328)
4(328 344 345 329)
4(329 345 346 330)
4(330 346 347 331)
4(331 347 348 332)
4(332 348 349 333)
4(333 349 350 334)
4(334 350 351 335)
4(335 351 352 336)
4(336 352 353 337)
4(337 353 354 338)
4(338 354 355 339)
4(339 355 356 340)
4(340 356 357 341)
4(342 358 359 343)
4(343 359 360 344)
4(344 360 361 345)
4(345 361 362 346)
4(346 362 363 347)
4(347 363 364 348)
4(348 364 365 349)
4(349 365 366 350)
4(350 366 367 351)
4(351 367 368 352)
4(352 368 369 353)
4(353 369 370 354)
4(354 370 371 355)
4(355 371 372 356)
4(356 372 373 357)
4(358 374 375 359)
4(359 375 376 360)
4(360 376 377 361)
4(361 377 378 362)
4(362 378 379 363)
4(363 379 380 364)
4(364 380 381 365)
4(365 381 382 366)
4(366 382 383 367)
4(367 383 384 368)
4(368 384 385 369)
4(369 385 386 370)
4(370 386 387 371)
4(371 387 388 372)
4(372 388 389 373)
4(374 390 391 375)
4(375 391 392 376)
4(376 392 393 377)
4(377 393 394 378)
4(378 394 395 379)
4(379 395 396 380)
4(380 396 397 381)
4(381 397 398 382)
4(382 398 399 383)
4(383 399 400 384)
4(384 400 401 385)
4(385 401 402 386)
4(386 402 403 387)
4(387 403 404 388)
4(388 404 405 389)
4(390 406 407 391)
4(391 407 408 392)
4(392 408 409 393)
4(393 409 410 394)
4(394 410 411 395)
4(395 411 412 396)
4(396 412 413 397)
4(397 413 414 398)
4(398 414 415 399)
4(399 415 416 400)
4(400 416 417 401)
4(401 417 418 402)
4(402 418 419 403)
4(403 419 420 404)
4(404 420 421 405)
4(406 422 423 407)
4(407 423 424 408)
4(408 424 425 409)
4(409 425 426 410)
4(410 426 427 411)
4(411 427 428 412)
4(412 428 429 413)
4(413 429 430 414)
4(414 430 431 415)
4(0 1 17 16)
4(1 2 18 17)
4(2 3 19 18)
4(3 4 20 19)
4(4 5 21 20)
4(5 6 22 21)
4(6 7 23 22)
4(7 8 24 23)
4(8 9 25 24)
4(9 10 26 25)
4(10 11 27 26)
4(11 12 28 27)
4(12 13 29 28)
4(14 15 31 30)
4(15 16 32 31)
4(16 17 33 32)
4(17 18 34 33)
4(18 19 35 34)
4(19 20 36 35)
4(20 21 37 36)
4(21 22 38 37)
4(22 23 39 38)
4(23 24 40 39)
4(24 25 41 40)
4(25 26 42 41)
4(26 27 43 42)
4(27 28 44 43)
4(28 29 45 44)
4(30 31 47 46)
4(31 32 48 47)
4(32 33 49 48)
4(33 34 50 49)
4(34 35 51 50)
4(35 36 52 51)
4(36 37 53 52)
4(37 38 54 53)
4(38 39 55 54)
4(39 40 56 55)
4(40 41 57 56)
4(41 42 58 57)
4(42 43 59 58)
4(43 44 60 59)
4(44 45 61 60)
4(46 47 63 62)
4(47 48 64 63)
4(48 49 65 64)
4(49 50 66 65)
4(50 51 67 66)
4(51 52 68 67)
4(52 53 69 68)
4(53 54 70 69)
4(54 55 71 70)
4(55 56 72 71)
4(56 57 73 72)
4(57 58 74 73)
4(58 59 75 74)
4(59 60 76 75)
4(60 61 77 76)
4(62 63 79 78)
4(63 64 80 79)
4(64 65 81 80)
4(65 66 82 81)
4(66 67 83 82)
4(67 68 84 83)
4(68 69 85 84)
4(69 70 86 85)
4(70 71 87 86)
4(71 72 88 87)
4(72 73 89 88)
4(73 74 90 89)
4(74 75 91 90)
4(75 76 92 91)
4(76 77 93 92)
4(78 79 95 94)
4(79 80 96 95)
4(80 81 97 96)
4(81 82 98 97)
4(82 83 99 98)
4(83 84 100 99)
4(84 85 101 100)
4(85 86 102 101)
4(86 87 103 102)
4(87 88 104 103)
4(88 89 105 104)
4(89 90 106 105)
4(90 91 107 106)
4(91 92 108 107)
4(92 93 109 108)
4(94 95 111 110)
4(95 96 112 111)
4(96 97 113 112)
4(97 98 114 113)
4(98 99 115 114)
4(99 100 116 115)
4(100 101 117 116)
4(101 102 118 117)
4(102 103 119 118)
4(103 104 120 119)
4(104 105 121 120)
4(105 106 122 121)
4(106 107 123 122)
4(107 108 124 123)
4(108 109 125 124)
4(110 111 127 126)
4(111 112 128 127)
4(112 113 129 128)
4(113 114 130 129)
4(114 115 131 130)
4(115 116 132 131)
4(116 117 133 132)
4(117 118 134 133)
4(118 119 135 134)
4(119 120 136 135)
4(120 121 137 136)
4(121 122 138 137)
4(122 123 139 138)
4(123 124 140 139)
4(124 125 141 140)
4(126 127 143 142)
4(127 128 144 143)
4(128 129 145 144)
4(129 130 146 145)
4(130 131 147 146)
4(131 132 148 147)
4(132 133 149 148)
4(133 134 150 149)
4(134 135 151 150)
4(135 136 152 151)
4(136 137 153 152)
4(137 138 154 153)
4(138 139 155 154)
4(139 140 156 155)
4(140 141 157 156)
4(142 143 159 158)
4(143 144 160 159)
4(144 145 161 160)
4(145 146 162 161)
4(146 147 163 162)
4(147 148 164 163)
4(148 149 165 164)
4(149 150 166 165)
4(150 151 167 166)
4(151 152 168 167)
4(152 153 169 168)
4(153 154 170 169)
4(154 155 171 170)
4(155 156 172 171)
4(156 157 173 172)
4(158 159 175 174)
4(159 160 176 175)
4(160 161 177 176)
4(161 162 178 177)
4(162 163 179 178)
4(163 164 180 179)
4(164 165 181 180)
4(165 166 182 181)
4(166 167 183 182)
4(167 168 184 183)
4(168 169 185 184)
4(169 170 186 185)
4(170 171 187 186)
4(171 172 188 187)
4(172 173 189 188)
4(174 175 191 190)
4(175 176 192 191)
4(176 177 193 192)
4(177 178 194 193)
4(178 179 195 194)
4(179 180 196 195)
4(180 181 197 196)
4(181 182 198 197)
4(182 183 199 198)
4(183 184 200 199)
4(184 185 201 200)
4(185 186 202 201)
4(186 187 203 202)
4(187 188 204 203)
4(188 189 205 204)
4(190 191 207 206)
4(191 192 208 207)
4(192 193 209 208)
4(193 194 210 209)
4(194 195 211 210)
4(195 196 212 211)
4(196 197 213 212)
4(197 198 214 213)
4(198 199 215 214)
4(199 200 416 415)
4(200 201 417 416)
4(201 202 418 417)
4(202 203 419 418)
4(203 204 420 419)
4(204 205 421 420)
4(207 208 424 423)
4(208 209 425 424)
4(209 210 426 425)
4(210 211 427 426)
4(211 212 428 427)
4(212 213 429 428)
4(213 214 430 429)
4(215 199 415 431)
4(214 215 431 430)
4(30 246 230 14)
4(46 262 246 30)
4(62 278 262 46)
4(78 294 278 62)
4(94 310 294 78)
4(110 326 310 94)
4(126 342 326 110)
4(142 358 342 126)
4(158 374 358 142)
4(174 390 374 158)
4(190 406 390 174)
4(206 422 406 190)
4(206 207 423 422)
4(0 216 217 1)
4(1 217 218 2)
4(2 218 219 3)
4(3 219 220 4)
4(4 220 221 5)
4(5 221 222 6)
4(6 222 223 7)
4(7 223 224 8)
4(8 224 225 9)
4(9 225 226 10)
4(10 226 227 11)
4(11 227 228 12)
4(12 228 229 13)
4(14 230 231 15)
4(16 232 216 0)
4(15 231 232 16)
)


// ************************************************************************* //
