/*--------------------------------*- C++ -*----------------------------------*\
  =========                 |
  \\      /  F ield         | OpenFOAM: The Open Source CFD Toolbox
   \\    /   O peration     | Website:  https://openfoam.org
    \\  /    A nd           | Version:  12
     \\/     M anipulation  |
\*---------------------------------------------------------------------------*/
FoamFile
{
    format      ascii;
    class       volScalarField;
    location    "100";
    object      epsilon;
}
// * * * * * * * * * * * * * * * * * * * * * * * * * * * * * * * * * * * * * //

dimensions      [0 2 -3 0 0 0 0];

internalField   nonuniform List<scalar> 
467
(
4.3483504e-05
4.3794075e-05
4.4103818e-05
4.4412424e-05
4.4719569e-05
4.5024903e-05
4.5328052e-05
4.5628615e-05
4.5926159e-05
4.6220217e-05
4.6510275e-05
4.6795775e-05
4.7076098e-05
4.7350559e-05
4.76184e-05
4.7878779e-05
4.8130768e-05
4.8373343e-05
4.860538e-05
4.2748193e-05
4.3062411e-05
4.3375878e-05
4.3688253e-05
4.3999173e-05
4.4308255e-05
4.4615096e-05
4.4919274e-05
4.5220349e-05
4.5517854e-05
4.5811296e-05
4.610015e-05
4.6383844e-05
4.6661756e-05
4.6933201e-05
4.719742e-05
4.7453575e-05
4.770074e-05
4.793789e-05
4.8163898e-05
4.8377516e-05
4.8577366e-05
4.8761919e-05
4.8929483e-05
4.907819e-05
4.9206002e-05
4.9310724e-05
4.9390032e-05
4.2088639e-05
4.2406353e-05
4.2723431e-05
4.3039526e-05
4.3354262e-05
4.3667246e-05
4.3978063e-05
4.4286282e-05
4.4591454e-05
4.4893116e-05
4.5190781e-05
4.5483939e-05
4.5772046e-05
4.6054514e-05
4.6330703e-05
4.6599908e-05
4.6861352e-05
4.7114173e-05
4.7357421e-05
4.7590043e-05
4.781087e-05
4.8018607e-05
4.821181e-05
4.8388873e-05
4.854802e-05
4.8687299e-05
4.8804593e-05
4.8897654e-05
4.1549747e-05
4.1869533e-05
4.2188755e-05
4.2507071e-05
4.2824122e-05
4.3139527e-05
4.3452891e-05
4.3763806e-05
4.4071848e-05
4.4376581e-05
4.467755e-05
4.4974275e-05
4.5266245e-05
4.5552904e-05
4.5833646e-05
4.6107798e-05
4.6374617e-05
4.6633274e-05
4.6882854e-05
4.7122337e-05
4.7350593e-05
4.7566362e-05
4.7768242e-05
4.7954666e-05
4.8123902e-05
4.8274042e-05
4.8403013e-05
4.8508602e-05
4.1121244e-05
4.1441342e-05
4.1760914e-05
4.2079643e-05
4.2397197e-05
4.2713238e-05
4.3027415e-05
4.3339372e-05
4.364874e-05
4.3955135e-05
4.4258154e-05
4.4557362e-05
4.4852287e-05
4.5142404e-05
4.542713e-05
4.570581e-05
4.5977709e-05
4.6242005e-05
4.6497784e-05
4.6744029e-05
4.697961e-05
4.7203269e-05
4.7413605e-05
4.7609056e-05
4.7787893e-05
4.7948217e-05
4.8087964e-05
4.8204933e-05
4.0770187e-05
4.1089235e-05
4.1407825e-05
4.172569e-05
4.2042557e-05
4.2358154e-05
4.26722e-05
4.2984407e-05
4.3294471e-05
4.3602064e-05
4.3906828e-05
4.4208361e-05
4.4506209e-05
4.4799856e-05
4.5088716e-05
4.5372121e-05
4.5649318e-05
4.5919465e-05
4.6181621e-05
4.6434746e-05
4.6677691e-05
4.6909179e-05
4.7127794e-05
4.7331956e-05
4.751992e-05
4.7689771e-05
4.7839438e-05
4.7966714e-05
4.0468312e-05
4.0785661e-05
4.1102766e-05
4.1419437e-05
4.173548e-05
4.2050698e-05
4.2364877e-05
4.2677781e-05
4.2989146e-05
4.3298667e-05
4.3605992e-05
4.3910713e-05
4.4212359e-05
4.4510385e-05
4.480417e-05
4.5093008e-05
4.5376107e-05
4.5652585e-05
4.5921468e-05
4.6181684e-05
4.6432057e-05
4.667129e-05
4.6897948e-05
4.7110436e-05
4.7306986e-05
4.7485659e-05
4.7644361e-05
4.7780875e-05
4.019813e-05
4.0514162e-05
4.0830402e-05
4.1146726e-05
4.1462998e-05
4.1779056e-05
4.2094707e-05
4.2409719e-05
4.2723814e-05
4.303666e-05
4.334787e-05
4.3656991e-05
4.3963505e-05
4.4266821e-05
4.4566273e-05
4.4861114e-05
4.5150519e-05
4.5433578e-05
4.5709293e-05
4.5976574e-05
4.6234226e-05
4.6480937e-05
4.6715258e-05
4.6935579e-05
4.7140107e-05
4.7326867e-05
4.7493729e-05
4.7638449e-05
3.9952023e-05
4.026819e-05
4.0585164e-05
4.0902836e-05
4.1221061e-05
4.1539659e-05
4.1858408e-05
4.2177037e-05
4.2495229e-05
4.281261e-05
4.312875e-05
4.3443156e-05
4.375527e-05
4.4064464e-05
4.4370036e-05
4.4671208e-05
4.4967123e-05
4.525684e-05
4.5539335e-05
4.5813491e-05
4.6078086e-05
4.6331786e-05
4.6573116e-05
4.6800448e-05
4.7011969e-05
4.720568e-05
4.737941e-05
4.7530894e-05
3.9730429e-05
4.0048629e-05
4.0368164e-05
4.068887e-05
4.1010541e-05
4.133293e-05
4.1655759e-05
4.1978711e-05
4.2301437e-05
4.2623547e-05
4.294461e-05
4.3264141e-05
4.3581597e-05
4.3896364e-05
4.420775e-05
4.451498e-05
4.4817187e-05
4.511341e-05
4.5402591e-05
4.568357e-05
4.5955075e-05
4.6215714e-05
4.6463953e-05
4.6698109e-05
4.6916329e-05
4.7116566e-05
4.7296588e-05
4.7454067e-05
3.9535122e-05
3.9856684e-05
4.0179964e-05
4.0504777e-05
4.0830903e-05
4.1158083e-05
4.1486014e-05
4.1814353e-05
4.214271e-05
4.2470647e-05
4.2797673e-05
4.3123242e-05
4.3446742e-05
4.3767499e-05
4.4084767e-05
4.4397725e-05
4.4705475e-05
4.500704e-05
4.5301356e-05
4.558727e-05
4.5863529e-05
4.6128759e-05
4.6381452e-05
4.6619948e-05
4.6842419e-05
4.7046843e-05
4.7230981e-05
4.7392464e-05
3.9368192e-05
3.9693967e-05
4.0021679e-05
4.0351105e-05
4.0681982e-05
4.1014006e-05
4.1346837e-05
4.1680097e-05
4.2013369e-05
4.2346197e-05
4.2678084e-05
4.300848e-05
4.3336786e-05
4.3662337e-05
4.3984401e-05
4.4302169e-05
4.4614751e-05
4.4921172e-05
4.5220363e-05
4.5511157e-05
4.5792279e-05
4.6062329e-05
4.6319766e-05
4.6562891e-05
4.6789839e-05
4.6998591e-05
4.7186921e-05
4.7352295e-05
3.9226815e-05
3.9556577e-05
3.9888346e-05
4.0221929e-05
4.0557101e-05
4.0893597e-05
4.1231107e-05
4.1569268e-05
4.1907659e-05
4.22458e-05
4.2583144e-05
4.2919081e-05
4.3252932e-05
4.3583951e-05
4.3911325e-05
4.423417e-05
4.4551539e-05
4.486241e-05
4.5165694e-05
4.5460218e-05
4.5744715e-05
4.6017813e-05
4.6278002e-05
4.6523623e-05
4.6752852e-05
4.6963736e-05
4.7154065e-05
4.7321271e-05
3.9112984e-05
3.9447558e-05
3.9784209e-05
4.012269e-05
4.0462719e-05
4.0803978e-05
4.1146107e-05
4.1488698e-05
4.1831299e-05
4.2173405e-05
4.251446e-05
4.2853857e-05
4.3190935e-05
4.3524974e-05
4.3855199e-05
4.4180768e-05
4.4500775e-05
4.481424e-05
4.5120102e-05
4.5417213e-05
4.5704319e-05
4.5980047e-05
4.6242878e-05
4.6491124e-05
4.6722946e-05
4.6936371e-05
4.7129309e-05
4.7298912e-05
3.9016967e-05
3.9355444e-05
3.9696055e-05
4.0038528e-05
4.0382552e-05
4.0727776e-05
4.1073815e-05
4.1420244e-05
4.17666e-05
4.2112376e-05
4.2457022e-05
4.2799935e-05
4.3140461e-05
4.3477885e-05
4.3811429e-05
4.4140244e-05
4.4463408e-05
4.477992e-05
4.5088699e-05
4.5388569e-05
4.5678255e-05
4.5956364e-05
4.6221364e-05
4.6471556e-05
4.6705094e-05
4.6920056e-05
4.711436e-05
4.7285059e-05
3.8946702e-05
3.9289066e-05
3.9633413e-05
3.9979465e-05
4.0326912e-05
4.0675409e-05
4.1024573e-05
4.1373985e-05
4.1723179e-05
4.2071648e-05
4.2418833e-05
4.2764126e-05
4.3106866e-05
4.3446332e-05
4.3781743e-05
4.4112254e-05
4.4436949e-05
4.475484e-05
4.506486e-05
4.5365855e-05
4.5656572e-05
4.593564e-05
4.6201547e-05
4.645261e-05
4.6686997e-05
4.6902819e-05
4.7098009e-05
4.7269518e-05
3.8889176e-05
3.9234501e-05
3.958171e-05
3.9930523e-05
4.028063e-05
4.0631688e-05
4.0983317e-05
4.1335101e-05
4.1686582e-05
4.203726e-05
4.2386582e-05
4.2733949e-05
4.3078702e-05
4.3420124e-05
4.3757433e-05
4.4089778e-05
4.4416239e-05
4.4735817e-05
4.5047435e-05
4.5349928e-05
4.564203e-05
4.5922363e-05
4.6189404e-05
4.6441465e-05
4.6676704e-05
4.6893243e-05
4.7089053e-05
4.726108e-05
)
;

boundaryField
{
    inlet
    {
        type            zeroGradient;
    }
    top
    {
        type            zeroGradient;
    }
    outlet
    {
        type            zeroGradient;
    }
    slipsurface
    {
        type            slip;
    }
    bottom
    {
        type            epsilonWallFunction;
        value           nonuniform List<scalar> 0();
    }
    frontandback
    {
        type            empty;
    }
    procBoundary1to0
    {
        type            processor;
        value           nonuniform List<scalar> 
29
(
4.4184919e-05
4.4492745e-05
4.4799772e-05
4.5105731e-05
4.5410325e-05
4.5713224e-05
4.6014063e-05
4.6312434e-05
4.6607888e-05
4.6899922e-05
4.7187983e-05
4.7471452e-05
4.7749647e-05
4.8021809e-05
4.8287097e-05
4.8544587e-05
4.8793258e-05
4.9031997e-05
4.9259584e-05
4.8825646e-05
4.8825646e-05
4.9032785e-05
4.9225307e-05
4.9401566e-05
4.955975e-05
4.9697877e-05
4.9813795e-05
4.9905204e-05
4.9969686e-05
)
;
    }
    procBoundary1to3
    {
        type            processor;
        value           nonuniform List<scalar> 
17
(
4.3172387e-05
4.2433541e-05
4.1770612e-05
4.1229709e-05
4.0800918e-05
4.0450945e-05
4.0150908e-05
3.9882416e-05
3.9636746e-05
3.9413689e-05
3.9215421e-05
3.9044538e-05
3.8899226e-05
3.87807e-05
3.8680857e-05
3.860657e-05
3.8545984e-05
)
;
    }
    procBoundary1to10
    {
        type            processor;
        value           nonuniform List<scalar> 
16
(
4.9441471e-05
4.896409e-05
4.8588451e-05
4.8296768e-05
4.8069239e-05
4.7892842e-05
4.7758661e-05
4.7657782e-05
4.758666e-05
4.7528957e-05
4.749207e-05
4.7462815e-05
4.7441919e-05
4.742884e-05
4.7414029e-05
4.7405566e-05
)
;
    }
}


// ************************************************************************* //
