/*--------------------------------*- C++ -*----------------------------------*\
  =========                 |
  \\      /  F ield         | OpenFOAM: The Open Source CFD Toolbox
   \\    /   O peration     | Website:  https://openfoam.org
    \\  /    A nd           | Version:  12
     \\/     M anipulation  |
\*---------------------------------------------------------------------------*/
FoamFile
{
    format      ascii;
    class       volScalarField;
    location    "1100";
    object      k;
}
// * * * * * * * * * * * * * * * * * * * * * * * * * * * * * * * * * * * * * //

dimensions      [0 2 -2 0 0 0 0];

internalField   nonuniform List<scalar> 
819
(
0.0026292768
0.0027666107
0.0028921178
0.0030068857
0.0019127856
0.0020800338
0.0022405778
0.0023928219
0.0010884565
0.0012884403
0.001478786
0.0016575481
0.0018265678
0.0019867347
0.0021401666
0.0022872471
0.002426324
0.0025569119
0.0026774369
0.0027888384
0.0028918208
0.0029871572
0.0030752745
0.0031563903
0.0032307325
0.0032987849
0.0033611981
0.0034185787
0.0034713195
0.0035196892
0.0035639593
0.0036044312
0.0036415161
0.003675587
0.00032742409
0.00047573102
0.00064356861
0.00082389329
0.0010106592
0.0011997074
0.0013836553
0.001557128
0.0017211588
0.0018773435
0.0020258129
0.0021699636
0.0023075206
0.0024378519
0.0025593386
0.0026719284
0.0027764002
0.0028733476
0.002963419
0.0030469004
0.0031238216
0.0031944331
0.0032592919
0.0033189692
0.003373932
0.0034244862
2.811881e-05
5.6404152e-05
0.00010451665
0.0001777266
0.00028245677
0.00041452716
0.00056816682
0.00073569373
0.00091184007
0.0010914675
0.0012718365
0.0014429318
0.001604711
0.0017590325
0.0019063498
0.0020486213
0.0021860559
0.0023169847
0.0024409341
0.0025561395
0.0026633355
0.0027630772
0.0028559781
0.0029423436
0.0030222785
0.003095898
3.1514939e-06
3.9883847e-06
6.150556e-06
1.1117282e-05
2.1310326e-05
4.2691454e-05
8.0657072e-05
0.00013991467
0.00022701209
0.0003418313
0.00048162569
0.00063699292
0.00080326878
0.00097539079
0.0011505648
0.0013218613
0.0014844158
0.0016390233
0.0017872155
0.0019288127
0.0020672899
0.0022003739
0.0023272542
0.0024462458
0.0025570486
0.0026603174
0.0027565685
0.0028463374
0.0029297797
0.0030068273
0.0030777031
2.7215748e-06
2.6936764e-06
2.6781145e-06
2.705145e-06
2.841383e-06
3.3385335e-06
4.7100821e-06
7.9839183e-06
1.4862222e-05
2.9347814e-05
5.7284309e-05
0.000103445
0.00017270178
0.00027076258
0.00039411437
0.00053734309
0.00069400211
0.00085980335
0.001029959
0.0012024616
0.0013672667
0.0015239389
0.001674152
0.0018182936
0.0019581242
0.002093942
0.0022239787
0.0023474388
0.0024625755
0.0025699903
0.0026701445
2.717723e-06
2.6831877e-06
2.6490569e-06
2.6156328e-06
2.5831346e-06
2.5527807e-06
2.5285631e-06
2.525037e-06
2.5809719e-06
2.8138905e-06
3.5804457e-06
5.537111e-06
9.9907483e-06
1.904665e-05
3.8066313e-05
7.2280918e-05
0.00012623667
0.00020606516
0.00031318516
0.00044524615
0.00059324483
0.00075295241
0.00091965815
0.0010906531
0.0012592607
0.0014200698
0.0015737027
0.0017215317
0.0018637995
0.0020032718
0.0021374798
2.7537575e-06
2.7192334e-06
2.684776e-06
2.6503767e-06
2.6157887e-06
2.5811101e-06
2.5466145e-06
2.5126593e-06
2.4790365e-06
2.4462409e-06
2.4143831e-06
2.3854267e-06
2.364951e-06
2.3745044e-06
2.4638928e-06
2.8220032e-06
3.8943964e-06
6.5390608e-06
1.2262287e-05
2.4396121e-05
4.8768526e-05
9.0348902e-05
0.00015407347
0.00024686663
0.00036577661
0.00050569258
0.00066019754
0.00082505167
0.00099557794
0.0011685471
0.0013343465
0.0014926251
2.7536325e-06
2.7191551e-06
2.6847799e-06
2.6504983e-06
2.6162943e-06
2.5821514e-06
2.5480555e-06
2.5139875e-06
2.4799103e-06
2.445513e-06
2.4111418e-06
2.3770542e-06
2.3433716e-06
2.3100928e-06
2.2775368e-06
2.2461966e-06
2.2184146e-06
2.2026998e-06
2.2261701e-06
2.3653787e-06
2.9079151e-06
4.4092086e-06
8.0589203e-06
1.5636171e-05
3.2407513e-05
6.414294e-05
0.00011597485
0.00019470742
0.00030298918
0.00043756676
0.00058924047
0.00075377219
2.753493e-06
2.719005e-06
2.6846199e-06
2.6503304e-06
2.6161297e-06
2.5820113e-06
2.5479677e-06
2.5139889e-06
2.4800672e-06
2.4461833e-06
2.4123242e-06
2.3784754e-06
2.3446233e-06
2.3106474e-06
2.2764104e-06
2.2421796e-06
2.2083242e-06
2.1747437e-06
2.1416431e-06
2.1091691e-06
2.0783846e-06
2.0520242e-06
2.0444668e-06
2.0895116e-06
2.3284578e-06
3.1728362e-06
5.4584607e-06
1.0707997e-05
2.2482165e-05
4.7342152e-05
9.1089136e-05
0.00016024121
2.753431e-06
2.7189406e-06
2.6845526e-06
2.6502596e-06
2.6160542e-06
2.5819294e-06
2.5478781e-06
2.5138933e-06
2.4799681e-06
2.4460966e-06
2.4122722e-06
2.3784867e-06
2.3447314e-06
2.3109959e-06
2.2772635e-06
2.243521e-06
2.209754e-06
2.1759487e-06
2.1418985e-06
2.1076446e-06
2.0733947e-06
2.0395908e-06
2.0059686e-06
1.9729579e-06
1.9406097e-06
1.9104398e-06
1.8879431e-06
1.8947128e-06
1.9968003e-06
2.4880587e-06
4.0117595e-06
7.9442966e-06
2.7533958e-06
2.7189056e-06
2.6845179e-06
2.650225e-06
2.6160197e-06
2.5818948e-06
2.5478431e-06
2.5138575e-06
2.4799309e-06
2.4460565e-06
2.4122275e-06
2.3784371e-06
2.3446786e-06
2.3109454e-06
2.2772318e-06
2.2435311e-06
2.2098348e-06
2.1761352e-06
2.142419e-06
2.1086719e-06
2.0748796e-06
2.0410269e-06
2.0070948e-06
1.9727444e-06
1.9382807e-06
1.9039254e-06
1.8699214e-06
1.8361908e-06
1.8030176e-06
1.7711226e-06
1.7425362e-06
1.7320956e-06
2.7533689e-06
2.7188789e-06
2.6844913e-06
2.6501986e-06
2.6159936e-06
2.5818689e-06
2.5478174e-06
2.5138321e-06
2.4799058e-06
2.4460317e-06
2.4122027e-06
2.3784121e-06
2.3446529e-06
2.3109185e-06
2.2772021e-06
2.2434972e-06
2.2097972e-06
2.1760954e-06
2.1423857e-06
2.1086622e-06
2.0749184e-06
2.0411449e-06
2.007335e-06
1.9734711e-06
1.9395402e-06
1.9055285e-06
1.8714231e-06
1.8371175e-06
1.8024167e-06
1.7675808e-06
1.7331557e-06
1.698874e-06
2.7533514e-06
2.7188614e-06
2.6844737e-06
2.6501811e-06
2.615976e-06
2.5818513e-06
2.5477999e-06
2.5138146e-06
2.4798883e-06
2.4460142e-06
2.4121853e-06
2.3783948e-06
2.3446357e-06
2.3109014e-06
2.2771851e-06
2.24348e-06
2.2097794e-06
2.1760768e-06
2.1423655e-06
2.1086388e-06
2.0748903e-06
2.0411135e-06
2.0073017e-06
1.9734494e-06
1.9395504e-06
1.9055972e-06
1.8715813e-06
1.8374929e-06
1.8033155e-06
1.7690327e-06
1.734633e-06
1.7000997e-06
2.7533423e-06
2.7188522e-06
2.6844644e-06
2.6501715e-06
2.6159664e-06
2.5818416e-06
2.54779e-06
2.5138046e-06
2.4798782e-06
2.446004e-06
2.412175e-06
2.3783844e-06
2.3446253e-06
2.3108909e-06
2.2771745e-06
2.2434694e-06
2.2097689e-06
2.1760663e-06
2.1423549e-06
2.1086281e-06
2.0748793e-06
2.0411018e-06
2.007289e-06
1.9734344e-06
1.9395313e-06
1.9055733e-06
1.8715538e-06
1.8374664e-06
1.8033053e-06
1.7690644e-06
1.7347344e-06
1.7003082e-06
2.7533404e-06
2.71885e-06
2.6844619e-06
2.6501688e-06
2.6159634e-06
2.5818383e-06
2.5477865e-06
2.5138009e-06
2.4798743e-06
2.4459999e-06
2.4121707e-06
2.3783799e-06
2.3446206e-06
2.3108861e-06
2.2771695e-06
2.2434643e-06
2.2097636e-06
2.1760608e-06
2.1423493e-06
2.1086225e-06
2.0748736e-06
2.041096e-06
2.0072832e-06
1.9734284e-06
1.9395251e-06
1.9055666e-06
1.8715463e-06
1.8374574e-06
1.8032933e-06
1.7690475e-06
1.7347134e-06
1.7002841e-06
2.7533448e-06
2.7188539e-06
2.6844654e-06
2.650172e-06
2.6159661e-06
2.5818408e-06
2.5477886e-06
2.5138026e-06
2.4798757e-06
2.446001e-06
2.4121716e-06
2.3783804e-06
2.3446209e-06
2.3108861e-06
2.2771692e-06
2.2434637e-06
2.2097628e-06
2.1760598e-06
2.1423481e-06
2.108621e-06
2.0748719e-06
2.0410941e-06
2.0072811e-06
1.9734262e-06
1.9395228e-06
1.9055641e-06
1.8715436e-06
1.8374546e-06
1.8032904e-06
1.7690442e-06
1.7347094e-06
1.7002791e-06
2.7533548e-06
2.7188634e-06
2.6844744e-06
2.6501804e-06
2.6159741e-06
2.5818482e-06
2.5477956e-06
2.5138092e-06
2.4798819e-06
2.4460068e-06
2.4121769e-06
2.3783854e-06
2.3446254e-06
2.3108902e-06
2.2771731e-06
2.2434672e-06
2.2097659e-06
2.1760626e-06
2.1423506e-06
2.1086232e-06
2.0748738e-06
2.0410958e-06
2.0072825e-06
1.9734273e-06
1.9395236e-06
1.9055647e-06
1.871544e-06
1.8374547e-06
1.8032903e-06
1.7690439e-06
1.7347089e-06
1.7002785e-06
2.7533699e-06
2.7188778e-06
2.6844882e-06
2.6501936e-06
2.6159867e-06
2.5818603e-06
2.5478071e-06
2.5138201e-06
2.4798923e-06
2.4460166e-06
2.4121862e-06
2.3783942e-06
2.3446338e-06
2.3108981e-06
2.2771805e-06
2.2434742e-06
2.2097725e-06
2.1760688e-06
2.1423563e-06
2.1086285e-06
2.0748788e-06
2.0411003e-06
2.0072867e-06
1.9734312e-06
1.9395271e-06
1.9055679e-06
1.8715469e-06
1.8374573e-06
1.8032926e-06
1.769046e-06
1.7347107e-06
1.70028e-06
2.7533898e-06
2.7188969e-06
2.6845065e-06
2.6502112e-06
2.6160036e-06
2.5818764e-06
2.5478226e-06
2.5138349e-06
2.4799065e-06
2.4460302e-06
2.4121992e-06
2.3784066e-06
2.3446456e-06
2.3109093e-06
2.2771912e-06
2.2434843e-06
2.2097821e-06
2.1760779e-06
2.142365e-06
2.1086367e-06
2.0748864e-06
2.0411076e-06
2.0072935e-06
1.9734375e-06
1.9395331e-06
1.9055734e-06
1.871552e-06
1.8374621e-06
1.803297e-06
1.76905e-06
1.7347144e-06
1.7002833e-06
2.753414e-06
2.7189203e-06
2.6845291e-06
2.6502329e-06
2.6160244e-06
2.5818965e-06
2.5478418e-06
2.5138534e-06
2.4799242e-06
2.4460472e-06
2.4122154e-06
2.3784222e-06
2.3446605e-06
2.3109236e-06
2.2772048e-06
2.2434973e-06
2.2097945e-06
2.1760897e-06
2.1423761e-06
2.1086473e-06
2.0748965e-06
2.0411171e-06
2.0073025e-06
1.973446e-06
1.9395411e-06
1.905581e-06
1.8715591e-06
1.8374687e-06
1.8033031e-06
1.7690557e-06
1.7347197e-06
1.7002882e-06
2.7534425e-06
2.7189477e-06
2.6845555e-06
2.6502583e-06
2.6160489e-06
2.5819201e-06
2.5478645e-06
2.5138752e-06
2.4799451e-06
2.4460673e-06
2.4122348e-06
2.3784407e-06
2.3446782e-06
2.3109406e-06
2.277221e-06
2.2435128e-06
2.2098093e-06
2.1761038e-06
2.1423896e-06
2.1086601e-06
2.0749087e-06
2.0411286e-06
2.0073134e-06
1.9734564e-06
1.9395508e-06
1.9055902e-06
1.8715677e-06
1.8374768e-06
1.8033108e-06
1.7690629e-06
1.7347263e-06
1.7002944e-06
2.7534749e-06
2.718979e-06
2.6845856e-06
2.6502874e-06
2.6160769e-06
2.581947e-06
2.5478904e-06
2.5139001e-06
2.4799691e-06
2.4460903e-06
2.4122568e-06
2.3784618e-06
2.3446985e-06
2.31096e-06
2.2772396e-06
2.2435306e-06
2.2098263e-06
2.17612e-06
2.142405e-06
2.1086748e-06
2.0749226e-06
2.0411419e-06
2.007326e-06
1.9734683e-06
1.9395621e-06
1.9056008e-06
1.8715777e-06
1.8374862e-06
1.8033196e-06
1.7690711e-06
1.734734e-06
1.7003016e-06
2.7535108e-06
2.7190137e-06
2.6846191e-06
2.6503196e-06
2.6161079e-06
2.5819768e-06
2.5479192e-06
2.5139278e-06
2.4799956e-06
2.4461158e-06
2.4122813e-06
2.3784853e-06
2.3447209e-06
2.3109815e-06
2.2772602e-06
2.2435502e-06
2.209845e-06
2.1761379e-06
2.1424221e-06
2.108691e-06
2.074938e-06
2.0411565e-06
2.0073398e-06
1.9734814e-06
1.9395744e-06
1.9056124e-06
1.8715887e-06
1.8374965e-06
1.8033292e-06
1.7690801e-06
1.7347424e-06
1.7003094e-06
2.7535529e-06
2.7190543e-06
2.6846583e-06
2.6503574e-06
2.6161444e-06
2.582012e-06
2.547953e-06
2.5139604e-06
2.480027e-06
2.4461459e-06
2.4123102e-06
2.3785131e-06
2.3447476e-06
2.3110071e-06
2.2772846e-06
2.2435737e-06
2.2098674e-06
2.1761592e-06
2.1424425e-06
2.1087104e-06
2.0749565e-06
2.0411741e-06
2.0073565e-06
1.9734972e-06
1.9395894e-06
1.9056266e-06
1.8716021e-06
1.8375091e-06
1.803341e-06
1.7690912e-06
1.7347528e-06
1.700319e-06
2.7536033e-06
2.719103e-06
2.6847054e-06
2.650403e-06
2.6161884e-06
2.5820545e-06
2.547994e-06
2.5139999e-06
2.4800651e-06
2.4461827e-06
2.4123457e-06
2.3785472e-06
2.3447804e-06
2.3110386e-06
2.2773149e-06
2.2436027e-06
2.2098953e-06
2.1761859e-06
2.142468e-06
2.1087349e-06
2.0749799e-06
2.0411964e-06
2.0073778e-06
1.9735174e-06
1.9396087e-06
1.9056449e-06
1.8716194e-06
1.8375255e-06
1.8033566e-06
1.7691058e-06
1.7347665e-06
1.700332e-06
2.7536584e-06
2.7191563e-06
2.684757e-06
2.6504528e-06
2.6162366e-06
2.582101e-06
2.5480389e-06
2.5140433e-06
2.4801069e-06
2.4462229e-06
2.4123844e-06
2.3785845e-06
2.3448163e-06
2.3110731e-06
2.2773481e-06
2.2436345e-06
2.2099258e-06
2.1762152e-06
2.142496e-06
2.1087616e-06
2.0750054e-06
2.0412208e-06
2.007401e-06
1.9735396e-06
1.9396297e-06
1.9056649e-06
1.8716383e-06
1.8375435e-06
1.8033735e-06
1.7691218e-06
1.7347816e-06
1.7003461e-06
)
;

boundaryField
{
    bottom
    {
        type            kqRWallFunction;
        value           nonuniform List<scalar> 0();
    }
    back
    {
        type            empty;
    }
    front
    {
        type            empty;
    }
    inlet
    {
        type            fixedValue;
        value           nonuniform List<scalar> 0();
    }
    outlet
    {
        type            zeroGradient;
    }
    top
    {
        type            zeroGradient;
    }
    slipsurface
    {
        type            slip;
    }
    procBoundary14to1
    {
        type            processor;
        value           nonuniform List<scalar> 4(0.0032074001 0.0033071114 0.0033972891 0.0034785323);
    }
    procBoundary14to4
    {
        type            processor;
        value           nonuniform List<scalar> 3(2.7881617e-06 2.7882137e-06 2.7882706e-06);
    }
    procBoundary14to6
    {
        type            processor;
        value           nonuniform List<scalar> 
26
(
0.0024792727
0.0017352803
0.00088974127
0.00020838595
1.4059884e-05
2.8964786e-06
2.7535297e-06
2.7528032e-06
2.7528032e-06
2.7883651e-06
2.7882223e-06
2.7880913e-06
2.7880312e-06
2.7879958e-06
2.7879687e-06
2.7879513e-06
2.7879424e-06
2.7879408e-06
2.7879456e-06
2.7879561e-06
2.7879719e-06
2.7879926e-06
2.7880178e-06
2.7880473e-06
2.7880808e-06
2.7881181e-06
)
;
    }
    procBoundary14to9
    {
        type            processor;
        value           nonuniform List<scalar> 
32
(
0.0031119641
0.0025358296
0.0025358296
0.0026683541
0.0027901139
0.0029021
0.0030051308
0.0031000516
0.0031873184
0.0032671189
0.0033398432
0.0034062159
0.0034669233
0.0035225009
0.0035733211
0.0036197406
0.0036620669
0.003700699
0.0037360845
0.0037685478
0.0037982183
0.0038252115
0.0038498113
0.0038722984
0.003706871
0.0034708955
0.0031635929
0.0031635929
0.0032259294
0.0032834516
0.0033364852
0.0033852601
)
;
    }
    procBoundary14to12
    {
        type            processor;
        value           nonuniform List<scalar> 
23
(
0.0031429569
0.0027636874
0.0022658046
0.0016451303
0.00092561629
0.00026165109
1.6883397e-05
1.7763034e-06
1.6650758e-06
1.6650846e-06
1.6657689e-06
1.665754e-06
1.6657467e-06
1.6657459e-06
1.6657471e-06
1.6657501e-06
1.6657546e-06
1.6657604e-06
1.665767e-06
1.6657742e-06
1.6657832e-06
1.6657953e-06
1.6658086e-06
)
;
    }
    procBoundary14to15
    {
        type            processor;
        value           nonuniform List<scalar> 
32
(
2.7537175e-06
2.7192135e-06
2.6848122e-06
2.6505062e-06
2.6162882e-06
2.5821508e-06
2.548087e-06
2.5140895e-06
2.4801515e-06
2.4462659e-06
2.4124258e-06
2.3786242e-06
2.3448545e-06
2.3111098e-06
2.2773833e-06
2.2436683e-06
2.2099581e-06
2.1762461e-06
2.1425256e-06
2.1087899e-06
2.0750324e-06
2.0412464e-06
2.0074254e-06
1.9735627e-06
1.9396517e-06
1.9056857e-06
1.871658e-06
1.8375621e-06
1.803391e-06
1.7691383e-06
1.7347971e-06
1.7003606e-06
)
;
    }
}


// ************************************************************************* //
