/*--------------------------------*- C++ -*----------------------------------*\
  =========                 |
  \\      /  F ield         | OpenFOAM: The Open Source CFD Toolbox
   \\    /   O peration     | Website:  https://openfoam.org
    \\  /    A nd           | Version:  12
     \\/     M anipulation  |
\*---------------------------------------------------------------------------*/
FoamFile
{
    format      ascii;
    class       surfaceScalarField;
    location    "400";
    object      phi;
}
// * * * * * * * * * * * * * * * * * * * * * * * * * * * * * * * * * * * * * //

dimensions      [0 3 -1 0 0 0 0];

internalField   nonuniform List<scalar> 
3414
(
7.3380383e-06
1.6398955e-08
7.3366654e-06
1.5256765e-08
7.335387e-06
1.4223265e-08
7.3341952e-06
1.3293715e-08
7.3330839e-06
1.2427993e-08
7.3320471e-06
1.1629189e-08
7.3310788e-06
1.0900865e-08
7.3301736e-06
1.0236853e-08
7.3293267e-06
9.6290394e-09
7.3285335e-06
9.0710805e-09
7.32779e-06
8.5580967e-09
7.3270925e-06
8.0859419e-09
7.3264377e-06
7.6509197e-09
7.3258223e-06
7.2497075e-09
7.3252435e-06
6.8793148e-09
7.3246985e-06
6.5370426e-09
7.3241848e-06
6.2204467e-09
7.3237003e-06
5.9273731e-09
5.6547583e-09
7.6726599e-06
1.9369663e-08
7.6710482e-06
1.8010704e-08
7.6695488e-06
1.6756182e-08
7.6681522e-06
1.5619817e-08
7.6668502e-06
1.4595722e-08
7.6656359e-06
1.3642258e-08
7.6645029e-06
1.2762185e-08
7.6634448e-06
1.1958964e-08
7.6624558e-06
1.1225938e-08
7.6615304e-06
1.0554399e-08
7.660664e-06
9.9374985e-09
7.6598521e-06
9.3699494e-09
7.6590908e-06
8.8472518e-09
7.6583763e-06
8.3653925e-09
7.6577053e-06
7.9207629e-09
7.6570745e-06
7.5101139e-09
7.656481e-06
7.1305112e-09
7.6559222e-06
6.7792958e-09
7.6553954e-06
6.4541203e-09
7.6548985e-06
6.151683e-09
7.6544293e-06
5.8694309e-09
5.6083134e-09
8.0191582e-06
2.2923003e-08
8.0172656e-06
2.1262208e-08
8.0155062e-06
1.9770158e-08
8.0138688e-06
1.8393523e-08
8.0123434e-06
1.7145237e-08
8.010921e-06
1.6018148e-08
8.0095941e-06
1.4969078e-08
8.0083559e-06
1.4000403e-08
8.0071995e-06
1.3115435e-08
8.0061184e-06
1.2306996e-08
8.005107e-06
1.1565747e-08
8.0041602e-06
1.0884307e-08
8.0032732e-06
1.0256947e-08
8.0024417e-06
9.6787914e-09
8.0016616e-06
9.1454867e-09
8.0009293e-06
8.6531189e-09
8.0002412e-06
8.1981623e-09
7.9995943e-06
7.7774311e-09
7.9989855e-06
7.3880374e-09
7.9984122e-06
7.027427e-09
7.9978719e-06
6.6920414e-09
7.9973621e-06
6.3791634e-09
7.9968808e-06
6.0896683e-09
7.9964257e-06
5.8219901e-09
7.9959949e-06
5.5738601e-09
7.9955867e-06
5.3445752e-09
5.1304791e-09
8.3779989e-06
2.7206155e-08
8.3757758e-06
2.5146056e-08
8.3737111e-06
2.3326895e-08
8.3717909e-06
2.1690337e-08
8.3700034e-06
2.0181083e-08
8.3683375e-06
1.8811133e-08
8.3667837e-06
1.7571956e-08
8.3653339e-06
1.6418814e-08
8.3639807e-06
1.5353635e-08
8.3627166e-06
1.4379533e-08
8.3615348e-06
1.3488774e-08
8.3604292e-06
1.2671351e-08
8.3593942e-06
1.1919312e-08
8.3584247e-06
1.1226461e-08
8.357516e-06
1.0587515e-08
8.3566637e-06
9.9977597e-09
8.3558639e-06
9.4529531e-09
8.3551128e-06
8.9492744e-09
8.3544069e-06
8.4832697e-09
8.3537432e-06
8.0518066e-09
8.3531185e-06
7.6521107e-09
8.3525302e-06
7.2803536e-09
8.3519757e-06
6.9336424e-09
8.3514526e-06
6.6127611e-09
8.3509586e-06
6.3160047e-09
8.3504915e-06
6.0409449e-09
8.3500493e-06
5.7867267e-09
8.3496303e-06
5.5495062e-09
8.3492328e-06
5.3247716e-09
8.3488554e-06
5.1142407e-09
4.9212299e-09
8.7470556e-06
2.9819178e-08
8.7446323e-06
2.7569273e-08
8.7423807e-06
2.557852e-08
8.7402858e-06
2.3785216e-08
8.7383349e-06
2.213206e-08
8.736516e-06
2.0629982e-08
8.734819e-06
1.9268949e-08
8.7332352e-06
1.8002635e-08
8.7317564e-06
1.6832452e-08
8.7303747e-06
1.5761263e-08
8.7290827e-06
1.4780741e-08
8.7278739e-06
1.388017e-08
8.7267422e-06
1.3050992e-08
8.7256821e-06
1.2286508e-08
8.7246887e-06
1.1581001e-08
8.7237571e-06
1.0929369e-08
8.722883e-06
1.0327021e-08
8.7220624e-06
9.7698199e-09
8.7212917e-06
9.254027e-09
8.7205672e-06
8.7762494e-09
8.7198859e-06
8.3334775e-09
8.7192446e-06
7.9216004e-09
8.7186407e-06
7.5375374e-09
8.7180715e-06
7.1819693e-09
8.7175345e-06
6.853042e-09
8.7170273e-06
6.5481589e-09
8.7165477e-06
6.2663033e-09
8.7160938e-06
6.0034304e-09
8.7156637e-06
5.7548029e-09
8.7152559e-06
5.5220812e-09
8.7148685e-06
5.3086026e-09
8.7145001e-06
5.107847e-09
8.7141493e-06
4.9175528e-09
8.7138149e-06
4.7415028e-09
8.7134955e-06
4.5769537e-09
8.71319e-06
4.4210613e-09
8.7128976e-06
4.2735487e-09
8.7126172e-06
4.1342447e-09
8.7123479e-06
4.0024759e-09
3.8785306e-09
9.1287579e-06
3.2664418e-08
9.1261177e-06
3.0209426e-08
9.1236633e-06
2.8032914e-08
9.1213788e-06
2.6069756e-08
9.1192502e-06
2.4260606e-08
9.117265e-06
2.2615174e-08
9.1154122e-06
2.1121808e-08
9.1136823e-06
1.9732553e-08
9.1120665e-06
1.844824e-08
9.1105563e-06
1.7271418e-08
9.1091439e-06
1.6193126e-08
9.1078222e-06
1.5201901e-08
9.1065847e-06
1.4288533e-08
9.1054254e-06
1.344579e-08
9.1043389e-06
1.2667488e-08
9.1033202e-06
1.1948109e-08
9.1023645e-06
1.1282692e-08
9.1014675e-06
1.0666761e-08
9.1006253e-06
1.0096274e-08
9.099834e-06
9.5675603e-09
9.0990901e-06
9.0773605e-09
9.0983904e-06
8.6212676e-09
9.097732e-06
8.1960006e-09
9.0971118e-06
7.8021253e-09
9.0965272e-06
7.4376276e-09
9.0959757e-06
7.0997342e-09
9.0954547e-06
6.7872566e-09
9.0949622e-06
6.4959408e-09
9.0944962e-06
6.2208167e-09
9.0940548e-06
5.9634762e-09
9.0936361e-06
5.7272632e-09
9.0932385e-06
5.5054506e-09
9.0928605e-06
5.2955628e-09
9.0925006e-06
5.1014069e-09
9.0921574e-06
4.9201419e-09
9.0918297e-06
4.7487393e-09
9.0915165e-06
4.5868337e-09
9.0912165e-06
4.4341879e-09
9.0909289e-06
4.2900473e-09
9.0906528e-06
4.1546586e-09
9.0903874e-06
4.0245761e-09
9.0901318e-06
3.9003264e-09
9.0898856e-06
3.7834671e-09
3.6765882e-09
9.0869549e-06
2.8741014e-09
1.6942664e-09
9.5235022e-06
3.5760797e-08
9.5206272e-06
3.30844e-08
9.5179531e-06
3.0706987e-08
9.5154629e-06
2.8559952e-08
9.5131417e-06
2.6581859e-08
9.5109758e-06
2.4781053e-08
9.5089535e-06
2.3144131e-08
9.5070646e-06
2.1621469e-08
9.5052996e-06
2.0213237e-08
9.5036494e-06
1.8921615e-08
9.5021055e-06
1.7736957e-08
9.5006604e-06
1.6647009e-08
9.4993071e-06
1.564187e-08
9.4980392e-06
1.4713732e-08
9.4968507e-06
1.3855913e-08
9.4957364e-06
1.3062453e-08
9.4946911e-06
1.2327991e-08
9.4937102e-06
1.1647693e-08
9.4927892e-06
1.1017191e-08
9.4919243e-06
1.0432521e-08
9.4911115e-06
9.8901582e-09
9.4903474e-06
9.3853842e-09
9.4896287e-06
8.9147058e-09
9.4889522e-06
8.4785607e-09
9.4883151e-06
8.0747643e-09
9.4877145e-06
7.7003579e-09
9.4871478e-06
7.3539707e-09
9.4866126e-06
7.0311318e-09
9.4861067e-06
6.7266312e-09
9.4856282e-06
6.4419805e-09
9.485175e-06
6.1805204e-09
9.4847451e-06
5.9353131e-09
9.484337e-06
5.7036607e-09
9.483949e-06
5.4893828e-09
9.4835797e-06
5.2895361e-09
9.4832275e-06
5.100901e-09
9.4828913e-06
4.9230144e-09
9.4825699e-06
4.7555654e-09
9.4822623e-06
4.5977103e-09
9.4819673e-06
4.4496431e-09
9.4816841e-06
4.3077663e-09
9.4814119e-06
4.1725427e-09
9.4811499e-06
4.0454572e-09
9.4808971e-06
3.9293325e-09
9.4806531e-06
3.8145383e-09
9.4804175e-06
3.7000065e-09
9.4801895e-06
3.5964004e-09
9.4799687e-06
3.4963772e-09
9.4797546e-06
3.3992555e-09
9.4795469e-06
3.3059219e-09
9.4793452e-06
3.2161011e-09
9.4791491e-06
3.1297073e-09
9.4789584e-06
3.045854e-09
9.4787727e-06
2.9670555e-09
9.478592e-06
2.887381e-09
9.4784141e-06
2.8339317e-09
9.4782445e-06
2.708919e-09
9.4780502e-06
3.0683997e-09
1.8104044e-09
9.9316907e-06
3.9128444e-08
9.9285619e-06
3.6213241e-08
9.9256501e-06
3.361876e-08
9.9229372e-06
3.1272867e-08
9.920407e-06
2.9111989e-08
9.9180451e-06
2.7142951e-08
9.9158388e-06
2.5350471e-08
9.9137771e-06
2.3683201e-08
9.9118497e-06
2.2140576e-08
9.910047e-06
2.0724333e-08
9.9083599e-06
1.9424095e-08
9.9067801e-06
1.8226771e-08
9.9053003e-06
1.712172e-08
9.9039135e-06
1.6100519e-08
9.9026134e-06
1.5155953e-08
9.9013943e-06
1.4281587e-08
9.9002507e-06
1.3471634e-08
9.8991775e-06
1.272088e-08
9.8981701e-06
1.2024608e-08
9.897224e-06
1.1378542e-08
9.8963353e-06
1.0778874e-08
9.8955001e-06
1.0220562e-08
9.894715e-06
9.6998876e-09
9.8939764e-06
9.2171458e-09
9.8932812e-06
8.7699712e-09
9.8926263e-06
8.355211e-09
9.892009e-06
7.9713015e-09
9.8914266e-06
7.6135471e-09
9.8908767e-06
7.2764908e-09
9.8903571e-06
6.9615528e-09
9.8898656e-06
6.6720599e-09
9.8894e-06
6.4008605e-09
9.8889587e-06
6.1450259e-09
9.8885397e-06
5.9083764e-09
9.8881414e-06
5.6878613e-09
9.8877622e-06
5.4800639e-09
9.8874008e-06
5.2844133e-09
9.8870559e-06
5.100517e-09
9.8867261e-06
4.9274348e-09
9.8864105e-06
4.7653002e-09
9.8861079e-06
4.610357e-09
9.8858174e-06
4.4629969e-09
9.8855383e-06
4.3246167e-09
9.8852693e-06
4.1982771e-09
9.88501e-06
4.0738921e-09
9.8847598e-06
3.9501359e-09
9.8845181e-06
3.8381744e-09
9.8842841e-06
3.7303495e-09
9.8840575e-06
3.6258675e-09
9.8838378e-06
3.5256334e-09
9.8836245e-06
3.4293392e-09
9.8834174e-06
3.3368639e-09
9.883216e-06
3.2472154e-09
9.8830199e-06
3.1631186e-09
9.8828292e-06
3.0780937e-09
9.8826415e-06
3.0216318e-09
9.8824626e-06
2.8878407e-09
9.8822575e-06
3.2735352e-09
1.9331673e-09
1.0353731e-05
4.2788747e-08
1.0350328e-05
3.96162e-08
1.034716e-05
3.6787411e-08
1.0344206e-05
3.4226676e-08
1.034145e-05
3.1868234e-08
1.0338875e-05
2.9717232e-08
1.033647e-05
2.7756377e-08
1.033422e-05
2.5932533e-08
1.0332116e-05
2.4244317e-08
1.0330148e-05
2.2692951e-08
1.0328305e-05
2.1267276e-08
1.0326578e-05
1.9953308e-08
1.032496e-05
1.8739622e-08
1.0323444e-05
1.7617133e-08
1.0322022e-05
1.6578057e-08
1.0320688e-05
1.561545e-08
1.0319436e-05
1.472307e-08
1.0318262e-05
1.3895295e-08
1.0317159e-05
1.312704e-08
1.0316124e-05
1.2413696e-08
1.0315152e-05
1.1751156e-08
1.0314238e-05
1.1134037e-08
1.031338e-05
1.0558382e-08
1.0312573e-05
1.002433e-08
1.0311813e-05
9.5293242e-09
1.0311099e-05
9.0700088e-09
1.0310425e-05
8.6446162e-09
1.0309791e-05
8.2482185e-09
1.0309192e-05
7.8751056e-09
1.0308627e-05
7.5265943e-09
1.0308093e-05
7.2059868e-09
1.0307588e-05
6.9059153e-09
1.030711e-05
6.6232119e-09
1.0306657e-05
6.3616851e-09
1.0306226e-05
6.1181725e-09
1.0305817e-05
5.8890535e-09
1.0305428e-05
5.6736402e-09
1.0305057e-05
5.4714499e-09
1.0304703e-05
5.2814382e-09
1.0304365e-05
5.1036703e-09
1.0304041e-05
4.9342241e-09
1.030373e-05
4.7734127e-09
1.0303432e-05
4.6225284e-09
1.0303146e-05
4.4848784e-09
1.030287e-05
4.3499108e-09
1.0302604e-05
4.2160161e-09
1.0302347e-05
4.094873e-09
1.0302099e-05
3.9785006e-09
1.0301859e-05
3.8659805e-09
1.0301626e-05
3.7582323e-09
1.0301401e-05
3.6549123e-09
1.0301182e-05
3.5558586e-09
1.0300969e-05
3.4599607e-09
1.0300762e-05
3.3701712e-09
1.0300561e-05
3.2794095e-09
1.0300363e-05
3.2197599e-09
1.0300174e-05
3.0766189e-09
1.0299957e-05
3.4901424e-09
2.062948e-09
1.0790039e-05
4.6764388e-08
1.078634e-05
4.3314772e-08
1.0782894e-05
4.0233315e-08
1.077968e-05
3.7440707e-08
1.077668e-05
3.4868939e-08
1.0773875e-05
3.2521329e-08
1.0771253e-05
3.0378426e-08
1.0768801e-05
2.8385242e-08
1.0766506e-05
2.6539484e-08
1.0764357e-05
2.4841783e-08
1.0762344e-05
2.3280139e-08
1.0760458e-05
2.1839623e-08
1.0758689e-05
2.0507971e-08
1.0757031e-05
1.9275391e-08
1.0755475e-05
1.8133486e-08
1.0754016e-05
1.707477e-08
1.0752647e-05
1.6092514e-08
1.0751361e-05
1.518066e-08
1.0750155e-05
1.4333732e-08
1.0749022e-05
1.3546766e-08
1.0747957e-05
1.2815338e-08
1.0746958e-05
1.2133707e-08
1.0746018e-05
1.1497666e-08
1.0745136e-05
1.0907183e-08
1.0744305e-05
1.0359497e-08
1.0743524e-05
9.8510421e-09
1.0742789e-05
9.3798348e-09
1.0742097e-05
8.9407078e-09
1.0741444e-05
8.5276918e-09
1.0740829e-05
8.1419891e-09
1.0740248e-05
7.7868656e-09
1.0739699e-05
7.4547356e-09
1.073918e-05
7.1421841e-09
1.0738689e-05
6.8529951e-09
1.0738223e-05
6.5838901e-09
1.0737781e-05
6.3310386e-09
1.0737361e-05
6.0936257e-09
1.0736961e-05
5.8710705e-09
1.0736581e-05
5.6622162e-09
1.0736217e-05
5.4670515e-09
1.073587e-05
5.2814818e-09
1.0735538e-05
5.1057334e-09
1.0735219e-05
4.9409764e-09
1.0734913e-05
4.7907739e-09
1.0734619e-05
4.6440977e-09
1.0734336e-05
4.4990268e-09
1.0734063e-05
4.3677629e-09
1.07338e-05
4.2419945e-09
1.0733545e-05
4.1206655e-09
1.0733299e-05
4.0047059e-09
1.073306e-05
3.8937323e-09
1.0732828e-05
3.7875362e-09
1.0732603e-05
3.6848744e-09
1.0732384e-05
3.5889456e-09
1.0732172e-05
3.4920121e-09
1.0731963e-05
3.4289705e-09
1.0731763e-05
3.275857e-09
1.0731535e-05
3.7189125e-09
2.2001714e-09
1.1241034e-05
5.1079384e-08
1.1237017e-05
4.7331737e-08
1.1233272e-05
4.3978084e-08
1.1229777e-05
4.0935473e-08
1.1226512e-05
3.8133596e-08
1.122346e-05
3.5573777e-08
1.1220604e-05
3.3234264e-08
1.1217931e-05
3.1058137e-08
1.1215429e-05
2.9042102e-08
1.1213084e-05
2.7186113e-08
1.1210887e-05
2.5477269e-08
1.1208827e-05
2.3899636e-08
1.1206895e-05
2.2440055e-08
1.1205082e-05
2.1087977e-08
1.1203382e-05
1.9834347e-08
1.1201785e-05
1.86711e-08
1.1200287e-05
1.7590985e-08
1.119888e-05
1.658748e-08
1.1197559e-05
1.565469e-08
1.1196319e-05
1.4787276e-08
1.1195153e-05
1.3980475e-08
1.1194059e-05
1.3228176e-08
1.1193031e-05
1.2525901e-08
1.1192064e-05
1.1873436e-08
1.1191156e-05
1.1267805e-08
1.1190302e-05
1.070522e-08
1.1189498e-05
1.0183473e-08
1.1188742e-05
9.697149e-09
1.118803e-05
9.2400148e-09
1.1187358e-05
8.8131463e-09
1.1186726e-05
8.4197617e-09
1.1186128e-05
8.0520565e-09
1.1185564e-05
7.7063607e-09
1.1185031e-05
7.3864211e-09
1.1184526e-05
7.088839e-09
1.1184047e-05
6.8095683e-09
1.1183593e-05
6.5476574e-09
1.1183162e-05
6.3024189e-09
1.1182751e-05
6.0725755e-09
1.118236e-05
5.8580312e-09
1.1181987e-05
5.6545121e-09
1.1181631e-05
5.4621499e-09
1.118129e-05
5.2819734e-09
1.1180963e-05
5.1178104e-09
1.1180649e-05
4.9581479e-09
1.1180347e-05
4.8007235e-09
1.1180057e-05
4.6582704e-09
1.1179776e-05
4.5221407e-09
1.1179506e-05
4.3911253e-09
1.1179245e-05
4.2661604e-09
1.1178991e-05
4.1468183e-09
1.1178746e-05
4.0328381e-09
1.1178508e-05
3.922828e-09
1.1178277e-05
3.8202527e-09
1.1178052e-05
3.7166551e-09
1.1177831e-05
3.6499826e-09
1.1177621e-05
3.4862145e-09
1.1177379e-05
3.9605975e-09
2.3452987e-09
1.1707144e-05
5.5759136e-08
1.1702784e-05
5.1691203e-08
1.1698718e-05
4.8044603e-08
1.1694921e-05
4.4732719e-08
1.1691371e-05
4.1682877e-08
1.1688051e-05
3.8894252e-08
1.1684942e-05
3.6342638e-08
1.1682032e-05
3.3969095e-08
1.1679304e-05
3.1769229e-08
1.1676748e-05
2.9742228e-08
1.1674351e-05
2.7874222e-08
1.1672103e-05
2.6148214e-08
1.1669993e-05
2.4550085e-08
1.1668012e-05
2.3068476e-08
1.1666153e-05
2.1693629e-08
1.1664407e-05
2.0416853e-08
1.1662768e-05
1.9230344e-08
1.1661228e-05
1.8127081e-08
1.1659782e-05
1.7100724e-08
1.1658424e-05
1.6145533e-08
1.1657148e-05
1.5256389e-08
1.1655949e-05
1.4426788e-08
1.1654823e-05
1.3651971e-08
1.1653765e-05
1.2931523e-08
1.1652771e-05
1.2262242e-08
1.1651836e-05
1.1640111e-08
1.1650957e-05
1.1062684e-08
1.165013e-05
1.0524292e-08
1.1649351e-05
1.0018432e-08
1.1648618e-05
9.5460437e-09
1.1647928e-05
9.1102853e-09
1.1647277e-05
8.703133e-09
1.1646662e-05
8.3206551e-09
1.1646082e-05
7.966548e-09
1.1645534e-05
7.6372895e-09
1.1645015e-05
7.3286121e-09
1.1644523e-05
7.0394184e-09
1.1644056e-05
6.7689063e-09
1.1643613e-05
6.5156703e-09
1.1643192e-05
6.279521e-09
1.164279e-05
6.0559986e-09
1.1642407e-05
5.8451323e-09
1.1642042e-05
5.6477898e-09
1.1641691e-05
5.4680727e-09
1.1641356e-05
5.2939747e-09
1.1641033e-05
5.1228612e-09
1.1640724e-05
4.9680046e-09
1.1640425e-05
4.8204147e-09
1.1640138e-05
4.6787137e-09
1.163986e-05
4.5438386e-09
1.1639592e-05
4.4153133e-09
1.1639332e-05
4.2928172e-09
1.163908e-05
4.1747935e-09
1.1638835e-05
4.0649936e-09
1.1638597e-05
3.9541736e-09
1.1638364e-05
3.8835883e-09
1.1638142e-05
3.7084161e-09
1.1637886e-05
4.2160203e-09
2.4988335e-09
1.2188804e-05
6.0830461e-08
1.2184077e-05
5.641864e-08
1.2179664e-05
5.2457072e-08
1.2175542e-05
4.885545e-08
1.2171686e-05
4.5538675e-08
1.2168076e-05
4.2503607e-08
1.2164696e-05
3.9723431e-08
1.2161528e-05
3.7137092e-08
1.2158558e-05
3.4738989e-08
1.2155773e-05
3.2527451e-08
1.2153159e-05
3.0487566e-08
1.2150706e-05
2.8601205e-08
1.2148403e-05
2.685323e-08
1.214624e-05
2.5231411e-08
1.2144209e-05
2.3725233e-08
1.21423e-05
2.2325337e-08
1.2140507e-05
2.1023326e-08
1.2138823e-05
1.9811644e-08
1.213724e-05
1.868348e-08
1.2135753e-05
1.7632666e-08
1.2134355e-05
1.66537e-08
1.2133042e-05
1.5739672e-08
1.2131809e-05
1.4885525e-08
1.213065e-05
1.4090625e-08
1.2129561e-05
1.3351531e-08
1.2128537e-05
1.2663988e-08
1.2127574e-05
1.2025304e-08
1.2126669e-05
1.1429547e-08
1.2125817e-05
1.0869939e-08
1.2125016e-05
1.0347273e-08
1.2124262e-05
9.864636e-09
1.2123551e-05
9.413785e-09
1.2122881e-05
8.9905204e-09
1.2122249e-05
8.5984751e-09
1.2121653e-05
8.2340004e-09
1.2121089e-05
7.8926026e-09
1.2120555e-05
7.5730293e-09
1.2120049e-05
7.274356e-09
1.211957e-05
6.9950413e-09
1.2119115e-05
6.7347938e-09
1.2118682e-05
6.4889619e-09
1.211827e-05
6.2574642e-09
1.2117876e-05
6.040987e-09
1.2117501e-05
5.8439139e-09
1.2117141e-05
5.6537391e-09
1.2116796e-05
5.4674224e-09
1.2116465e-05
5.2987825e-09
1.2116147e-05
5.138482e-09
1.2115841e-05
4.9849572e-09
1.2115546e-05
4.8391404e-09
1.2115261e-05
4.7005022e-09
1.2114985e-05
4.5686553e-09
1.2114718e-05
4.4418587e-09
1.2114459e-05
4.3241741e-09
1.2114207e-05
4.2054965e-09
1.211396e-05
4.1306656e-09
1.2113725e-05
3.9432618e-09
1.2113455e-05
4.4860848e-09
2.6613278e-09
1.2686457e-05
6.6321634e-08
1.2681335e-05
6.1540921e-08
1.2676551e-05
5.7241041e-08
1.2672078e-05
5.3327974e-08
1.2667893e-05
4.9724136e-08
1.2663973e-05
4.6423903e-08
1.2660298e-05
4.3397697e-08
1.2656853e-05
4.0582235e-08
1.2653622e-05
3.7970605e-08
1.2650589e-05
3.5560169e-08
1.2647742e-05
3.3334902e-08
1.2645067e-05
3.1275471e-08
1.2642555e-05
2.9365646e-08
1.2640194e-05
2.7592265e-08
1.2637975e-05
2.5944002e-08
1.263589e-05
2.4410783e-08
1.263393e-05
2.2983569e-08
1.2632087e-05
2.1654241e-08
1.2630355e-05
2.0415476e-08
1.2628727e-05
1.9260653e-08
1.2627197e-05
1.8183868e-08
1.2625759e-05
1.7177778e-08
1.2624407e-05
1.6237013e-08
1.2623137e-05
1.5360703e-08
1.2621944e-05
1.4545157e-08
1.2620822e-05
1.3785872e-08
1.2619767e-05
1.3079895e-08
1.2618776e-05
1.2421027e-08
1.2617843e-05
1.1802212e-08
1.2616966e-05
1.1224084e-08
1.2616141e-05
1.0689649e-08
1.2615365e-05
1.0190444e-08
1.2614633e-05
9.7219956e-09
1.2613944e-05
9.2878621e-09
1.2613294e-05
8.8842648e-09
1.261268e-05
8.50648e-09
1.26121e-05
8.1530919e-09
1.2611551e-05
7.823046e-09
1.2611031e-05
7.5146575e-09
1.2610539e-05
7.2275251e-09
1.2610071e-05
6.9567993e-09
1.2609626e-05
6.7022806e-09
1.2609203e-05
6.4644529e-09
1.2608798e-05
6.2479899e-09
1.2608412e-05
6.0398814e-09
1.2608043e-05
5.836647e-09
1.2607689e-05
5.6526575e-09
1.260735e-05
5.4782245e-09
1.2607023e-05
5.3115803e-09
1.2606708e-05
5.1536459e-09
1.2606405e-05
5.0038335e-09
1.2606112e-05
4.8616819e-09
1.2605829e-05
4.7252454e-09
1.2605554e-05
4.5989206e-09
1.2605288e-05
4.4716611e-09
1.2605026e-05
4.3921907e-09
1.2604778e-05
4.1916379e-09
1.2604492e-05
4.7717895e-09
2.8333903e-09
1.3200553e-05
7.2262426e-08
1.3195007e-05
6.7086361e-08
1.3189825e-05
6.2423446e-08
1.3184977e-05
5.8175937e-08
1.3180437e-05
5.4263693e-08
1.3176183e-05
5.0678448e-08
1.3172193e-05
4.7387689e-08
1.3168449e-05
4.4325798e-08
1.3164935e-05
4.1484426e-08
1.3161636e-05
3.8859869e-08
1.3158536e-05
3.64349e-08
1.3155622e-05
3.4188909e-08
1.3152883e-05
3.2104503e-08
1.3150308e-05
3.0167517e-08
1.3147886e-05
2.8365755e-08
1.3145609e-05
2.6688374e-08
1.3143467e-05
2.5125653e-08
1.3141452e-05
2.366886e-08
1.3139557e-05
2.2310133e-08
1.3137776e-05
2.1042366e-08
1.31361e-05
1.9859223e-08
1.3134525e-05
1.8752911e-08
1.3133044e-05
1.7717726e-08
1.3131653e-05
1.6752545e-08
1.3130344e-05
1.5853413e-08
1.3129115e-05
1.5015568e-08
1.3127959e-05
1.4235788e-08
1.3126872e-05
1.3507597e-08
1.3125851e-05
1.2823657e-08
1.312489e-05
1.2184435e-08
1.3123987e-05
1.1592842e-08
1.3123137e-05
1.1040198e-08
1.3122338e-05
1.0521753e-08
1.3121585e-05
1.0040977e-08
1.3120875e-05
9.5939578e-09
1.3120206e-05
9.17574e-09
1.3119574e-05
8.784736e-09
1.3118977e-05
8.4197546e-09
1.3118413e-05
8.078961e-09
1.3117879e-05
7.7618358e-09
1.3117372e-05
7.4633264e-09
1.3116891e-05
7.1831081e-09
1.3116434e-05
6.9214408e-09
1.3115999e-05
6.6832965e-09
1.3115584e-05
6.455157e-09
1.3115187e-05
6.2330664e-09
1.3114808e-05
6.0319515e-09
1.3114444e-05
5.8417707e-09
1.3114095e-05
5.6605327e-09
1.311376e-05
5.4891405e-09
1.3113437e-05
5.326943e-09
1.3113125e-05
5.1733968e-09
1.3112824e-05
5.0263292e-09
1.3112532e-05
4.8904991e-09
1.311225e-05
4.7538302e-09
1.3111973e-05
4.669254e-09
1.311171e-05
4.4545311e-09
1.3111408e-05
5.074242e-09
3.0156953e-09
1.3731548e-05
7.8684146e-08
1.372555e-05
7.3084749e-08
1.3719941e-05
6.8032647e-08
1.371469e-05
6.3426355e-08
1.3709771e-05
5.9183105e-08
1.3705158e-05
5.5291823e-08
1.3700828e-05
5.1716898e-08
1.3696764e-05
4.8390247e-08
1.3692946e-05
4.5301964e-08
1.3689359e-05
4.2447161e-08
1.3685987e-05
3.9807325e-08
1.3682815e-05
3.7360489e-08
1.3679832e-05
3.5088015e-08
1.3677024e-05
3.2974665e-08
1.3674383e-05
3.100731e-08
1.3671897e-05
2.9174278e-08
1.3669558e-05
2.7465116e-08
1.3667356e-05
2.5870441e-08
1.3665284e-05
2.4381806e-08
1.3663335e-05
2.2991591e-08
1.3661501e-05
2.1693e-08
1.3659776e-05
2.0477766e-08
1.3658154e-05
1.9339831e-08
1.3656629e-05
1.8277799e-08
1.3655195e-05
1.7287436e-08
1.3653847e-05
1.6363712e-08
1.365258e-05
1.5503124e-08
1.3651388e-05
1.4698911e-08
1.3650268e-05
1.394345e-08
1.3649216e-05
1.3237032e-08
1.3648226e-05
1.2582462e-08
1.3647296e-05
1.1970845e-08
1.364642e-05
1.1397149e-08
1.3645596e-05
1.0864743e-08
1.3644821e-05
1.0369585e-08
1.364409e-05
9.9064821e-09
1.3643401e-05
9.4736682e-09
1.3642751e-05
9.0698092e-09
1.3642137e-05
8.6929147e-09
1.3641557e-05
8.3423392e-09
1.3641007e-05
8.0128228e-09
1.3640486e-05
7.7039091e-09
1.3639992e-05
7.4156123e-09
1.3639522e-05
7.1532101e-09
1.3639075e-05
6.9026755e-09
1.3638648e-05
6.6595399e-09
1.3638241e-05
6.4392895e-09
1.3637851e-05
6.2315281e-09
1.3637478e-05
6.0340207e-09
1.3637119e-05
5.8476448e-09
1.3636774e-05
5.6716806e-09
1.3636442e-05
5.5054947e-09
1.3636122e-05
5.346663e-09
1.3635812e-05
5.2003359e-09
1.3635513e-05
5.0533115e-09
1.3635219e-05
4.9630778e-09
1.363494e-05
4.7330439e-09
1.363462e-05
5.3946765e-09
3.208993e-09
1.4279911e-05
8.5619673e-08
1.4273428e-05
7.9567391e-08
1.4267362e-05
7.4098461e-08
1.4261681e-05
6.9107652e-08
1.4256355e-05
6.4509486e-08
1.4251357e-05
6.0289922e-08
1.4246663e-05
5.6410078e-08
1.4242254e-05
5.2799274e-08
1.423811e-05
4.9445913e-08
1.4234214e-05
4.6343807e-08
1.4230548e-05
4.3473064e-08
1.4227098e-05
4.0810271e-08
1.4223851e-05
3.8335465e-08
1.4220793e-05
3.6032255e-08
1.4217914e-05
3.3886509e-08
1.4215203e-05
3.1885669e-08
1.4212649e-05
3.0018492e-08
1.4210245e-05
2.8274896e-08
1.4207981e-05
2.6645812e-08
1.4205849e-05
2.5123065e-08
1.4203843e-05
2.3699371e-08
1.4201955e-05
2.2365962e-08
1.4200178e-05
2.1116404e-08
1.4198507e-05
1.9949009e-08
1.4196935e-05
1.8859245e-08
1.4195457e-05
1.7841806e-08
1.4194067e-05
1.6892896e-08
1.4192761e-05
1.600546e-08
1.4191533e-05
1.5171586e-08
1.4190378e-05
1.439138e-08
1.4189293e-05
1.3667534e-08
1.4188273e-05
1.2990934e-08
1.4187314e-05
1.2356268e-08
1.4186412e-05
1.1766794e-08
1.4185563e-05
1.1218335e-08
1.4184764e-05
1.0705461e-08
1.4184012e-05
1.0226222e-08
1.4183302e-05
9.7791365e-09
1.4182633e-05
9.3620518e-09
1.4182001e-05
8.9741901e-09
1.4181404e-05
8.6100803e-09
1.4180839e-05
8.2691287e-09
1.4180303e-05
7.9510823e-09
1.4179795e-05
7.6615318e-09
1.4179312e-05
7.3859427e-09
1.4178852e-05
7.1192956e-09
1.4178414e-05
6.8776382e-09
1.4177995e-05
6.6502201e-09
1.4177594e-05
6.4345412e-09
1.4177211e-05
6.2314462e-09
1.4176842e-05
6.0401407e-09
1.4176488e-05
5.8598934e-09
1.4176146e-05
5.6880025e-09
1.4175817e-05
5.5300418e-09
1.4175499e-05
5.3715795e-09
1.4175187e-05
5.2750365e-09
1.4174891e-05
5.0284125e-09
1.4174551e-05
5.7344737e-09
3.4141221e-09
1.4846115e-05
9.3103495e-08
1.4839115e-05
8.6567141e-08
1.4832561e-05
8.06522e-08
1.4826419e-05
7.5249692e-08
1.4820657e-05
7.0271342e-08
1.4815247e-05
6.5699979e-08
1.4810164e-05
6.1493281e-08
1.4805386e-05
5.7577824e-08
1.4800891e-05
5.3940187e-08
1.4796662e-05
5.0572753e-08
1.4792681e-05
4.7454151e-08
1.4788932e-05
4.4559435e-08
1.47854e-05
4.1867227e-08
1.4782073e-05
3.93599e-08
1.4778937e-05
3.7022245e-08
1.4775982e-05
3.484075e-08
1.4773197e-05
3.2803327e-08
1.4770573e-05
3.0899139e-08
1.47681e-05
2.9118452e-08
1.4765771e-05
2.7452498e-08
1.4763577e-05
2.5893469e-08
1.476151e-05
2.4432069e-08
1.4759565e-05
2.3061462e-08
1.4757735e-05
2.1779646e-08
1.4756012e-05
2.0581778e-08
1.4754392e-05
1.9462258e-08
1.4752868e-05
1.8416986e-08
1.4751435e-05
1.7438608e-08
1.4750087e-05
1.6518917e-08
1.4748821e-05
1.5657827e-08
1.474763e-05
1.4857902e-08
1.4746512e-05
1.4109819e-08
1.474546e-05
1.3407977e-08
1.4744471e-05
1.2755518e-08
1.4743541e-05
1.2148127e-08
1.4742667e-05
1.1580138e-08
1.4741843e-05
1.1049412e-08
1.4741068e-05
1.0554315e-08
1.4740338e-05
1.0092528e-08
1.4739649e-05
9.6631365e-09
1.4738998e-05
9.2604537e-09
1.4738384e-05
8.8837448e-09
1.4737802e-05
8.5324684e-09
1.4737251e-05
8.2125349e-09
1.4736728e-05
7.9089063e-09
1.4736232e-05
7.6159742e-09
1.4735759e-05
7.3503482e-09
1.4735308e-05
7.100926e-09
1.4734878e-05
6.8649204e-09
1.4734466e-05
6.643135e-09
1.4734072e-05
6.434696e-09
1.4733693e-05
6.2387655e-09
1.4733329e-05
6.052336e-09
1.4732977e-05
5.8814395e-09
1.4732638e-05
5.7103007e-09
1.4732307e-05
5.6066795e-09
1.4731993e-05
5.3420267e-09
1.4731632e-05
6.0951842e-09
3.6320239e-09
1.5430644e-05
1.0117175e-07
1.5423092e-05
9.4118438e-08
1.5416018e-05
8.7726706e-08
1.5409384e-05
8.1883818e-08
1.5403157e-05
7.6498602e-08
1.5397306e-05
7.1550602e-08
1.5391805e-05
6.6993885e-08
1.5386631e-05
6.275213e-08
1.5381761e-05
5.8809943e-08
1.5377176e-05
5.515815e-08
1.5372856e-05
5.1773796e-08
1.5368785e-05
4.8630306e-08
1.5364948e-05
4.5704792e-08
1.5361329e-05
4.2978306e-08
1.5357917e-05
4.0434479e-08
1.5354699e-05
3.8058778e-08
1.5351664e-05
3.5838201e-08
1.5348802e-05
3.3761106e-08
1.5346104e-05
3.181704e-08
1.534356e-05
2.9996599e-08
1.5341162e-05
2.8291415e-08
1.5338902e-05
2.6691633e-08
1.5336774e-05
2.518999e-08
1.5334769e-05
2.3784142e-08
1.5332882e-05
2.2468917e-08
1.5331106e-05
2.123841e-08
1.5329435e-05
2.0088204e-08
1.5327863e-05
1.9010634e-08
1.5326384e-05
1.7997196e-08
1.5324994e-05
1.7047602e-08
1.5323688e-05
1.6164282e-08
1.532246e-05
1.5337701e-08
1.5321306e-05
1.4561973e-08
1.5320222e-05
1.384011e-08
1.5319202e-05
1.3167664e-08
1.5318243e-05
1.2538733e-08
1.5317342e-05
1.1950984e-08
1.5316494e-05
1.1402628e-08
1.5315695e-05
1.0891177e-08
1.5314943e-05
1.0415573e-08
1.5314233e-05
9.9699148e-09
1.5313563e-05
9.5533213e-09
1.5312931e-05
9.1649427e-09
1.5312333e-05
8.8110156e-09
1.5311765e-05
8.4760057e-09
1.5311228e-05
8.153677e-09
1.5310717e-05
7.8612001e-09
1.5310231e-05
7.5871249e-09
1.5309767e-05
7.3283548e-09
1.5309325e-05
7.0856439e-09
1.5308901e-05
6.8580343e-09
1.5308496e-05
6.6445731e-09
1.5308106e-05
6.4419168e-09
1.5307731e-05
6.2565938e-09
1.530737e-05
6.0713615e-09
1.5307017e-05
5.959758e-09
1.5306683e-05
5.6754538e-09
1.53063e-05
6.4785541e-09
3.8637586e-09
1.6033991e-05
1.0986226e-07
1.6025852e-05
1.0225735e-07
1.6018222e-05
9.5356385e-08
1.6011063e-05
8.9042884e-08
1.6004339e-05
8.3222656e-08
1.5998018e-05
7.787181e-08
1.5992071e-05
7.2940628e-08
1.5986474e-05
6.8349735e-08
1.5981202e-05
6.408161e-08
1.5976235e-05
6.0125384e-08
1.5971552e-05
5.6456406e-08
1.5967136e-05
5.3046374e-08
1.596297e-05
4.9870791e-08
1.5959039e-05
4.6909293e-08
1.5955329e-05
4.4144268e-08
1.5951828e-05
4.1560081e-08
1.5948523e-05
3.9142753e-08
1.5945405e-05
3.6879772e-08
1.5942462e-05
3.4759915e-08
1.5939685e-05
3.2773093e-08
1.5937066e-05
3.0910339e-08
1.5934597e-05
2.9161202e-08
1.5932269e-05
2.7517964e-08
1.5930075e-05
2.5977913e-08
1.5928008e-05
2.4535526e-08
1.5926062e-05
2.3184578e-08
1.592423e-05
2.1920319e-08
1.5922506e-05
2.0734766e-08
1.5920884e-05
1.9619113e-08
1.5919359e-05
1.8572863e-08
1.5917925e-05
1.7598299e-08
1.5916577e-05
1.6685676e-08
1.591531e-05
1.5828827e-08
1.591412e-05
1.5030625e-08
1.5913001e-05
1.4286487e-08
1.5911949e-05
1.3590279e-08
1.5910961e-05
1.2939473e-08
1.5910031e-05
1.2332119e-08
1.5909157e-05
1.1765564e-08
1.5908334e-05
1.1238599e-08
1.5907559e-05
1.0745108e-08
1.5906828e-05
1.0284063e-08
1.5906138e-05
9.8542865e-09
1.5905487e-05
9.462347e-09
1.5904871e-05
9.0922244e-09
1.5904288e-05
8.7370167e-09
1.5903734e-05
8.4144534e-09
1.5903209e-05
8.1127435e-09
1.5902709e-05
7.8284573e-09
1.5902232e-05
7.5622918e-09
1.5901777e-05
7.3132002e-09
1.5901341e-05
7.080107e-09
1.5900924e-05
6.8593e-09
1.5900523e-05
6.6578458e-09
1.5900137e-05
6.4569007e-09
1.5899761e-05
6.3362543e-09
1.5899406e-05
6.0304643e-09
1.5898998e-05
6.8865559e-09
4.1105239e-09
1.6656659e-05
1.1921457e-07
1.6647894e-05
1.1102158e-07
1.6639673e-05
1.0357725e-07
1.6631955e-05
9.676129e-08
1.6624701e-05
9.0476385e-08
1.6617878e-05
8.4695061e-08
1.6611455e-05
7.9363641e-08
1.6605405e-05
7.439953e-08
1.6599704e-05
6.978292e-08
1.6594328e-05
6.5501101e-08
1.6589257e-05
6.1527613e-08
1.6584471e-05
5.783232e-08
1.6579953e-05
5.4389014e-08
1.6575686e-05
5.1175814e-08
1.6571657e-05
4.8173774e-08
1.6567851e-05
4.5366078e-08
1.6564256e-05
4.2737693e-08
1.6560861e-05
4.0275174e-08
1.6557654e-05
3.7966465e-08
1.6554626e-05
3.5800745e-08
1.6551768e-05
3.3768399e-08
1.6549071e-05
3.1858346e-08
1.6546527e-05
3.0062377e-08
1.6544127e-05
2.8377384e-08
1.6541865e-05
2.6797468e-08
1.6539734e-05
2.5316069e-08
1.6537726e-05
2.392809e-08
1.6535836e-05
2.2625215e-08
1.6534056e-05
2.1398333e-08
1.6532382e-05
2.0246728e-08
1.6530808e-05
1.9172526e-08
1.6529328e-05
1.8165778e-08
1.6527937e-05
1.7220033e-08
1.652663e-05
1.6338019e-08
1.6525401e-05
1.551502e-08
1.6524247e-05
1.4744671e-08
1.6523162e-05
1.4024251e-08
1.6522142e-05
1.3351649e-08
1.6521184e-05
1.2724042e-08
1.6520282e-05
1.2140072e-08
1.6519434e-05
1.1593407e-08
1.6518635e-05
1.1082874e-08
1.6517883e-05
1.0606948e-08
1.6517172e-05
1.0172536e-08
1.6516501e-05
9.7631459e-09
1.6515867e-05
9.3711724e-09
1.6515267e-05
9.0149007e-09
1.6514697e-05
8.6822076e-09
1.6514157e-05
8.3693069e-09
1.6513642e-05
8.0768309e-09
1.6513152e-05
7.8036403e-09
1.6512683e-05
7.5485296e-09
1.6512235e-05
7.307383e-09
1.6511805e-05
7.0878513e-09
1.6511393e-05
6.8693442e-09
1.651099e-05
6.7384151e-09
1.6510612e-05
6.409062e-09
1.6510177e-05
7.3214221e-09
4.373676e-09
1.7299159e-05
1.2926999e-07
1.728973e-05
1.2045057e-07
1.7280881e-05
1.1242695e-07
1.7272567e-05
1.0507502e-07
1.7264749e-05
9.8294202e-08
1.7257391e-05
9.2053288e-08
1.725046e-05
8.6294479e-08
1.7243928e-05
8.0931781e-08
1.7237768e-05
7.5942934e-08
1.7231956e-05
7.1313238e-08
1.7226469e-05
6.7014301e-08
1.7221287e-05
6.3014042e-08
1.7216392e-05
5.9284435e-08
1.7211766e-05
5.5801977e-08
1.7207393e-05
5.2546293e-08
1.720326e-05
4.9499297e-08
1.7199353e-05
4.6644824e-08
1.719566e-05
4.3968421e-08
1.7192169e-05
4.145714e-08
1.718887e-05
3.909937e-08
1.7185754e-05
3.6884797e-08
1.7182811e-05
3.4801671e-08
1.7180032e-05
3.2841254e-08
1.7177409e-05
3.1000007e-08
1.7174935e-05
2.9271633e-08
1.7172602e-05
2.7649214e-08
1.7170403e-05
2.612729e-08
1.7168331e-05
2.4697202e-08
1.7166379e-05
2.3349523e-08
1.7164543e-05
2.2083312e-08
1.7162815e-05
2.090053e-08
1.716119e-05
1.9791019e-08
1.7159662e-05
1.8748051e-08
1.7158225e-05
1.77742e-08
1.7156876e-05
1.6864621e-08
1.7155608e-05
1.6012723e-08
1.7154416e-05
1.5215587e-08
1.7153297e-05
1.4470947e-08
1.7152245e-05
1.377581e-08
1.7151257e-05
1.3128667e-08
1.7150327e-05
1.2522975e-08
1.7149453e-05
1.1957416e-08
1.714863e-05
1.1430101e-08
1.7147854e-05
1.0948281e-08
1.7147122e-05
1.0495013e-08
1.7146431e-05
1.0061948e-08
1.7145778e-05
9.6679236e-09
1.714516e-05
9.3004972e-09
1.7144574e-05
8.9555022e-09
1.7144017e-05
8.6334986e-09
1.7143487e-05
8.3332528e-09
1.7142982e-05
8.053422e-09
1.71425e-05
7.7894502e-09
1.7142039e-05
7.5496229e-09
1.7141597e-05
7.3114456e-09
1.7141166e-05
7.1687891e-09
1.7140762e-05
6.8135164e-09
1.7140297e-05
7.7856838e-09
4.6547543e-09
1.7962017e-05
1.4007163e-07
1.7951882e-05
1.3058545e-07
1.7942364e-05
1.2194481e-07
1.7933417e-05
1.1402169e-07
1.7924999e-05
1.0671209e-07
1.7917072e-05
9.9980937e-08
1.79096e-05
9.3766153e-08
1.7902554e-05
8.7978163e-08
1.7895904e-05
8.2592077e-08
1.7889627e-05
7.7591049e-08
1.7883696e-05
7.2944628e-08
1.7878092e-05
6.8618676e-08
1.7872793e-05
6.4583233e-08
1.7867782e-05
6.0813067e-08
1.7863042e-05
5.7286269e-08
1.7858558e-05
5.3983391e-08
1.7854315e-05
5.0887051e-08
1.7850302e-05
4.7981715e-08
1.7846506e-05
4.5253469e-08
1.7842915e-05
4.2689851e-08
1.783952e-05
4.0279796e-08
1.7836311e-05
3.8010837e-08
1.7833279e-05
3.5873667e-08
1.7830415e-05
3.386428e-08
1.782771e-05
3.1975951e-08
1.7825158e-05
3.0201382e-08
1.7822751e-05
2.8534732e-08
1.7820481e-05
2.6966981e-08
1.7818342e-05
2.5488383e-08
1.7816328e-05
2.409776e-08
1.7814431e-05
2.2796894e-08
1.7812647e-05
2.1575425e-08
1.7810968e-05
2.0426345e-08
1.7809391e-05
1.9352071e-08
1.7807908e-05
1.8347629e-08
1.7806514e-05
1.7406208e-08
1.7805205e-05
1.6524696e-08
1.7803975e-05
1.5700668e-08
1.780282e-05
1.4930969e-08
1.7801735e-05
1.4213939e-08
1.7800715e-05
1.3542825e-08
1.7799756e-05
1.291617e-08
1.7798855e-05
1.233171e-08
1.7798006e-05
1.1797039e-08
1.7797206e-05
1.1294788e-08
1.7796452e-05
1.0815831e-08
1.7795741e-05
1.0379553e-08
1.7795068e-05
9.9732063e-09
1.7794431e-05
9.5922187e-09
1.7793828e-05
9.2370731e-09
1.7793254e-05
8.9064405e-09
1.7792709e-05
8.5988356e-09
1.7792189e-05
8.3092221e-09
1.7791692e-05
8.0465764e-09
1.7791217e-05
7.7863291e-09
1.7790756e-05
7.6302684e-09
1.7790323e-05
7.2464008e-09
1.7789826e-05
8.2822141e-09
4.9555078e-09
1.8657357e-05
1.6270186e-07
1.8645764e-05
1.516645e-07
1.863488e-05
1.4146918e-07
1.8624653e-05
1.321719e-07
1.8615034e-05
1.2364057e-07
1.8605979e-05
1.1576762e-07
1.8597446e-05
1.0851401e-07
1.8589399e-05
1.0181317e-07
1.8581805e-05
9.5571794e-08
1.8574635e-05
8.9762167e-08
1.8567861e-05
8.4365137e-08
1.8561457e-05
7.934806e-08
1.8555401e-05
7.4674625e-08
1.8549672e-05
7.0312818e-08
1.8544249e-05
6.6235563e-08
1.8539116e-05
6.2419313e-08
1.8534256e-05
5.8843156e-08
1.8529655e-05
5.5488405e-08
1.8525298e-05
5.2338358e-08
1.8521174e-05
4.9378067e-08
1.851727e-05
4.6594147e-08
1.8513575e-05
4.3974726e-08
1.8510079e-05
4.1506567e-08
1.8506773e-05
3.9179748e-08
1.8503647e-05
3.6989758e-08
1.8500694e-05
3.492941e-08
1.8497904e-05
3.2991e-08
1.8495271e-05
3.1168283e-08
1.8492786e-05
2.9451867e-08
1.8490443e-05
2.7831669e-08
1.8488234e-05
2.6306268e-08
1.8486154e-05
2.4877256e-08
1.8484195e-05
2.3534067e-08
1.8482352e-05
2.2269419e-08
1.8480618e-05
2.1085566e-08
1.8478989e-05
1.9977404e-08
1.8477457e-05
1.8937912e-08
1.8476018e-05
1.7963785e-08
1.8474666e-05
1.7052446e-08
1.8473396e-05
1.6200577e-08
1.8472204e-05
1.5406372e-08
1.8471084e-05
1.4662877e-08
1.8470032e-05
1.3968498e-08
1.8469043e-05
1.3320585e-08
1.8468113e-05
1.2727081e-08
1.8467237e-05
1.2170218e-08
1.8466413e-05
1.164006e-08
1.8465636e-05
1.1156535e-08
1.8464903e-05
1.0706605e-08
1.846421e-05
1.0285271e-08
1.8463554e-05
9.8929329e-09
1.8462932e-05
9.5281696e-09
1.8462342e-05
9.1893478e-09
1.846178e-05
8.8709085e-09
1.8461244e-05
8.5825821e-09
1.8460733e-05
8.2975388e-09
1.8460237e-05
8.1261345e-09
1.8459773e-05
7.7106327e-09
1.845924e-05
8.8142761e-09
5.2779265e-09
1.9363378e-05
1.7594787e-07
1.9350947e-05
1.6409549e-07
1.9339269e-05
1.5314652e-07
1.932829e-05
1.4315105e-07
1.9317958e-05
1.3397264e-07
1.9308226e-05
1.2550005e-07
1.9299049e-05
1.1769008e-07
1.9290391e-05
1.1047158e-07
1.9282216e-05
1.0374727e-07
1.9274491e-05
9.7486451e-08
1.9267189e-05
9.1667484e-08
1.9260282e-05
8.6255399e-08
1.9253745e-05
8.1211584e-08
1.9247556e-05
7.6501853e-08
1.9241694e-05
7.2097166e-08
1.9236141e-05
6.7972224e-08
1.923088e-05
6.4104548e-08
1.9225894e-05
6.047405e-08
1.922117e-05
5.7062773e-08
1.9216693e-05
5.3854651e-08
1.9212452e-05
5.0835308e-08
1.9208435e-05
4.7991997e-08
1.9204631e-05
4.5310657e-08
1.920103e-05
4.2780701e-08
1.9197622e-05
4.0397065e-08
1.91944e-05
3.8152064e-08
1.9191353e-05
3.6037561e-08
1.9188474e-05
3.4046884e-08
1.9185756e-05
3.2170243e-08
1.9183191e-05
3.0397212e-08
1.9180771e-05
2.8726111e-08
1.917849e-05
2.715833e-08
1.9176341e-05
2.5683096e-08
1.9174317e-05
2.4292854e-08
1.9172413e-05
2.2989689e-08
1.9170622e-05
2.1768371e-08
1.9168938e-05
2.0621673e-08
1.9167356e-05
1.9546104e-08
1.916587e-05
1.8538938e-08
1.9164473e-05
1.75967e-08
1.9163162e-05
1.6717443e-08
1.9161931e-05
1.5894017e-08
1.9160775e-05
1.5124703e-08
1.9159689e-05
1.4406453e-08
1.9158669e-05
1.3747564e-08
1.9157709e-05
1.3129901e-08
1.9156806e-05
1.2542688e-08
1.9155956e-05
1.200639e-08
1.9155155e-05
1.1507703e-08
1.9154399e-05
1.1041175e-08
1.9153685e-05
1.0607121e-08
1.9153009e-05
1.0204031e-08
1.9152369e-05
9.8301222e-09
1.915176e-05
9.4792671e-09
1.9151181e-05
9.1620201e-09
1.9150629e-05
8.8490912e-09
1.9150095e-05
8.6601092e-09
1.9149596e-05
8.2095199e-09
1.9149025e-05
9.3855775e-09
5.6242748e-09
2.0105623e-05
2.0395465e-07
2.009144e-05
1.9013114e-07
2.0078122e-05
1.774135e-07
2.0065604e-05
1.6566416e-07
2.0053828e-05
1.549269e-07
2.004274e-05
1.4506065e-07
2.003229e-05
1.359503e-07
2.0022432e-05
1.2754838e-07
2.0013124e-05
1.1977899e-07
2.0004331e-05
1.1254071e-07
1.9996018e-05
1.0579964e-07
1.9988154e-05
9.953149e-08
1.998071e-05
9.3698813e-08
1.9973661e-05
8.8260572e-08
1.9966983e-05
8.3180284e-08
1.9960653e-05
7.842682e-08
1.9954652e-05
7.3973012e-08
1.9948962e-05
6.9794704e-08
1.9943566e-05
6.5870306e-08
1.9938448e-05
6.2180512e-08
1.9933595e-05
5.8708053e-08
1.9928993e-05
5.5437482e-08
1.992463e-05
5.2355107e-08
1.9920494e-05
4.9445983e-08
1.9916576e-05
4.6698802e-08
1.9912865e-05
4.4107897e-08
1.9909352e-05
4.1665043e-08
1.9906028e-05
3.9361637e-08
1.9902885e-05
3.7190552e-08
1.9899913e-05
3.5141578e-08
1.9897107e-05
3.3203929e-08
1.9894457e-05
3.1375654e-08
1.9891957e-05
2.9657925e-08
1.9889601e-05
2.8039757e-08
1.988738e-05
2.6513326e-08
1.9885289e-05
2.5080541e-08
1.9883322e-05
2.3736049e-08
1.9881471e-05
2.2472422e-08
1.9879731e-05
2.1285989e-08
1.9878096e-05
2.0173877e-08
1.987656e-05
1.9132467e-08
1.9875118e-05
1.8159671e-08
1.9873764e-05
1.7248156e-08
1.9872493e-05
1.6396089e-08
1.9871299e-05
1.5600015e-08
1.9870178e-05
1.4868589e-08
1.9869125e-05
1.418335e-08
1.9868135e-05
1.3532649e-08
1.9867204e-05
1.2937489e-08
1.9866327e-05
1.2384324e-08
1.9865501e-05
1.186722e-08
1.9864722e-05
1.138641e-08
1.9863985e-05
1.0940306e-08
1.9863288e-05
1.0526973e-08
1.9862628e-05
1.0139666e-08
1.9862e-05
9.7898412e-09
1.9861404e-05
9.4455331e-09
1.9860827e-05
9.2364099e-09
1.986029e-05
8.7468102e-09
1.9859675e-05
1.000033e-08
5.9971301e-09
2.0857289e-05
2.2012217e-07
2.0842115e-05
2.0530497e-07
2.0827859e-05
1.9166946e-07
2.0814452e-05
1.7907074e-07
2.0801833e-05
1.6754599e-07
2.0789945e-05
1.5694914e-07
2.0778734e-05
1.4716104e-07
2.0768153e-05
1.3812981e-07
2.0758157e-05
1.2977465e-07
2.0748708e-05
1.219898e-07
2.073977e-05
1.1473796e-07
2.0731309e-05
1.0799201e-07
2.0723296e-05
1.0171188e-07
2.0715703e-05
9.5853967e-08
2.0708504e-05
9.037937e-08
2.0701676e-05
8.5254742e-08
2.0695198e-05
8.045092e-08
2.068905e-05
7.5941962e-08
2.0683216e-05
7.1704663e-08
2.0677678e-05
6.7718273e-08
2.0672422e-05
6.3964227e-08
2.0667434e-05
6.0425924e-08
2.06627e-05
5.7088651e-08
2.065821e-05
5.393651e-08
2.0653951e-05
5.0957411e-08
2.0649914e-05
4.814503e-08
2.0646088e-05
4.5490556e-08
2.0642465e-05
4.2984881e-08
2.0639035e-05
4.0620391e-08
2.063579e-05
3.8386432e-08
2.0632723e-05
3.6271837e-08
2.0629824e-05
3.4274367e-08
2.0627087e-05
3.239496e-08
2.0624504e-05
3.0622415e-08
2.0622069e-05
2.8948635e-08
2.0619774e-05
2.7375351e-08
2.0617613e-05
2.5897083e-08
2.0615579e-05
2.4506214e-08
2.0613666e-05
2.3198893e-08
2.0611868e-05
2.1972112e-08
2.0610178e-05
2.082211e-08
2.0608591e-05
1.974667e-08
2.0607101e-05
1.8738284e-08
2.0605702e-05
1.7795018e-08
2.0604389e-05
1.691301e-08
2.0603157e-05
1.6101271e-08
2.0601999e-05
1.5341058e-08
2.0600912e-05
1.4619827e-08
2.059989e-05
1.3959117e-08
2.0598929e-05
1.3345169e-08
2.0598025e-05
1.2771536e-08
2.0597173e-05
1.2238376e-08
2.0596369e-05
1.1744038e-08
2.059561e-05
1.1286434e-08
2.0594891e-05
1.0858149e-08
2.059421e-05
1.0471631e-08
2.0593563e-05
1.0092004e-08
2.059294e-05
9.8598105e-09
2.059236e-05
9.3267463e-09
2.0591697e-05
1.0663314e-08
6.3994242e-09
2.1632208e-05
2.3739484e-07
2.1615988e-05
2.2152489e-07
2.1600741e-05
2.069164e-07
2.1586395e-05
1.9341695e-07
2.1572884e-05
1.8105679e-07
2.1560149e-05
1.6968454e-07
2.1548133e-05
1.5917675e-07
2.1536786e-05
1.4947702e-07
2.1526061e-05
1.4049946e-07
2.1515917e-05
1.3213382e-07
2.1506316e-05
1.2433918e-07
2.1497222e-05
1.1708539e-07
2.1488605e-05
1.1032961e-07
2.1480433e-05
1.0402554e-07
2.1472681e-05
9.8131717e-08
2.1465323e-05
9.2612449e-08
2.1458337e-05
8.7436455e-08
2.1451703e-05
8.2575883e-08
2.1445402e-05
7.8005805e-08
2.1439417e-05
7.370392e-08
2.1433731e-05
6.965027e-08
2.142833e-05
6.5827012e-08
2.14232e-05
6.2218327e-08
2.1418329e-05
5.8807295e-08
2.1413706e-05
5.5580974e-08
2.1409318e-05
5.2532323e-08
2.1405157e-05
4.9651894e-08
2.1401212e-05
4.693003e-08
2.1397474e-05
4.4358594e-08
2.1393934e-05
4.1926459e-08
2.1390583e-05
3.9622054e-08
2.1387415e-05
3.744283e-08
2.138442e-05
3.5389476e-08
2.1381592e-05
3.345056e-08
2.1378923e-05
3.1617718e-08
2.1376406e-05
2.989249e-08
2.1374034e-05
2.826927e-08
2.13718e-05
2.6740257e-08
2.1369697e-05
2.5301428e-08
2.136772e-05
2.3949643e-08
2.1365861e-05
2.2681012e-08
2.1364114e-05
2.1493193e-08
2.1362474e-05
2.037852e-08
2.1360934e-05
1.9334967e-08
2.1359489e-05
1.8358271e-08
2.1358132e-05
1.7457796e-08
2.1356859e-05
1.6614569e-08
2.1355663e-05
1.5815126e-08
2.1354541e-05
1.5081547e-08
2.1353486e-05
1.4399892e-08
2.1352495e-05
1.3763168e-08
2.1351562e-05
1.3171469e-08
2.1350683e-05
1.2623102e-08
2.1349853e-05
1.2115831e-08
2.134907e-05
1.164151e-08
2.1348328e-05
1.1213681e-08
2.1347625e-05
1.0794304e-08
2.134695e-05
1.0535707e-08
2.1346322e-05
9.9541257e-09
2.1345606e-05
1.1379954e-08
6.8344905e-09
2.2430981e-05
2.5583321e-07
2.2413657e-05
2.3884875e-07
2.2397364e-05
2.2320957e-07
2.2382025e-05
2.0875557e-07
2.2367572e-05
1.9550982e-07
2.2353942e-05
1.8331521e-07
2.2341075e-05
1.7204378e-07
2.2328917e-05
1.6163443e-07
2.2317421e-05
1.5199607e-07
2.2306541e-05
1.4301373e-07
2.2296237e-05
1.3464267e-07
2.2286473e-05
1.2684952e-07
2.2277214e-05
1.1958851e-07
2.2268429e-05
1.1281049e-07
2.226009e-05
1.0647131e-07
2.2252169e-05
1.005328e-07
2.2244644e-05
9.4961416e-08
2.2237493e-05
8.9727281e-08
2.2230695e-05
8.480363e-08
2.2224232e-05
8.0166498e-08
2.2218088e-05
7.5794434e-08
2.2212247e-05
7.1668253e-08
2.2206694e-05
6.7770948e-08
2.2201417e-05
6.4084494e-08
2.2196403e-05
6.0595025e-08
2.2191641e-05
5.7294718e-08
2.2187119e-05
5.4173429e-08
2.2182828e-05
5.1220903e-08
2.2178759e-05
4.8428443e-08
2.2174901e-05
4.5784409e-08
2.2171246e-05
4.3276801e-08
2.2167786e-05
4.0902739e-08
2.2164513e-05
3.8662636e-08
2.2161418e-05
3.6544822e-08
2.2158496e-05
3.4540657e-08
2.2155737e-05
3.2651485e-08
2.2153134e-05
3.0871571e-08
2.2150682e-05
2.9192934e-08
2.2148372e-05
2.7611383e-08
2.2146198e-05
2.6123655e-08
2.2144153e-05
2.4725738e-08
2.2142231e-05
2.3415176e-08
2.2140425e-05
2.2184155e-08
2.213873e-05
2.103058e-08
2.2137138e-05
1.9949784e-08
2.2135644e-05
1.8951486e-08
2.2134242e-05
1.8016538e-08
2.2132927e-05
1.7130531e-08
2.2131693e-05
1.6316107e-08
2.2130533e-05
1.5559171e-08
2.2129444e-05
1.4852148e-08
2.2128421e-05
1.4195085e-08
2.2127457e-05
1.3586281e-08
2.212655e-05
1.3023356e-08
2.2125694e-05
1.2497364e-08
2.2124885e-05
1.202306e-08
2.212412e-05
1.1558966e-08
2.2123386e-05
1.1270188e-08
2.2122705e-05
1.0634364e-08
2.2121929e-05
1.2156392e-08
7.306114e-09
2.3254223e-05
2.7550045e-07
2.3235735e-05
2.5733685e-07
2.3218338e-05
2.4060652e-07
2.3201952e-05
2.251416e-07
2.3186504e-05
2.1095767e-07
2.3171928e-05
1.9789153e-07
2.3158161e-05
1.8581043e-07
2.3145147e-05
1.7464835e-07
2.3132835e-05
1.643089e-07
2.3121176e-05
1.546722e-07
2.3110129e-05
1.4568946e-07
2.3099655e-05
1.373239e-07
2.3089717e-05
1.2952662e-07
2.3080282e-05
1.2224551e-07
2.307132e-05
1.1543357e-07
2.3062802e-05
1.0905002e-07
2.3054705e-05
1.0305893e-07
2.3047004e-05
9.7428258e-08
2.3039678e-05
9.2129281e-08
2.3032708e-05
8.7136261e-08
2.3026077e-05
8.2426144e-08
2.3019767e-05
7.7978305e-08
2.3013763e-05
7.3774452e-08
2.3008052e-05
6.9795373e-08
2.3002621e-05
6.6026197e-08
2.2997458e-05
6.2458246e-08
2.299255e-05
5.9080617e-08
2.2987889e-05
5.5882405e-08
2.2983463e-05
5.2854304e-08
2.2979263e-05
4.9984124e-08
2.2975281e-05
4.7259401e-08
2.2971507e-05
4.4676898e-08
2.2967932e-05
4.2236728e-08
2.296455e-05
3.9926965e-08
2.2961352e-05
3.7738686e-08
2.2958331e-05
3.567303e-08
2.2955478e-05
3.3724125e-08
2.2952787e-05
3.1883817e-08
2.2950251e-05
3.014775e-08
2.2947862e-05
2.8512542e-08
2.2945614e-05
2.6974069e-08
2.2943499e-05
2.5529769e-08
2.2941512e-05
2.41717e-08
2.2939644e-05
2.2897708e-08
2.2937892e-05
2.1702736e-08
2.2936246e-05
2.059685e-08
2.2934702e-05
1.9560788e-08
2.2933253e-05
1.8579181e-08
2.2931894e-05
1.767525e-08
2.2930618e-05
1.6834782e-08
2.2929421e-05
1.6049574e-08
2.2928296e-05
1.531965e-08
2.2927239e-05
1.4643347e-08
2.2926245e-05
1.4018146e-08
2.2925308e-05
1.3434228e-08
2.2924423e-05
1.2907692e-08
2.2923589e-05
1.2393329e-08
2.2922789e-05
1.2070109e-08
2.292205e-05
1.1373567e-08
2.2921206e-05
1.2999578e-08
7.8185871e-09
2.4102566e-05
2.9646241e-07
2.408285e-05
2.7705205e-07
2.406429e-05
2.5916726e-07
2.4046799e-05
2.4263236e-07
2.4030301e-05
2.274552e-07
2.4014727e-05
2.1346603e-07
2.400001e-05
2.0052699e-07
2.3986092e-05
1.8856703e-07
2.3972916e-05
1.7748426e-07
2.3960435e-05
1.671537e-07
2.3948602e-05
1.5752231e-07
2.3937376e-05
1.4854967e-07
2.3926719e-05
1.4018358e-07
2.3916596e-05
1.3236881e-07
2.3906974e-05
1.250554e-07
2.3897824e-05
1.1819977e-07
2.388912e-05
1.1176349e-07
2.3880836e-05
1.0571223e-07
2.387295e-05
1.0001518e-07
2.3865442e-05
9.46447e-08
2.3858292e-05
8.9576028e-08
2.3851483e-05
8.4786994e-08
2.3844999e-05
8.0257918e-08
2.3838827e-05
7.5968315e-08
2.383295e-05
7.1902222e-08
2.3827359e-05
6.8050026e-08
2.3822039e-05
6.4399997e-08
2.3816981e-05
6.0940519e-08
2.3812174e-05
5.7661625e-08
2.3807607e-05
5.455053e-08
2.3803273e-05
5.1594271e-08
2.379916e-05
4.8789218e-08
2.3795262e-05
4.6135159e-08
2.3791569e-05
4.3619886e-08
2.3788073e-05
4.1234188e-08
2.3784768e-05
3.8978983e-08
2.3781643e-05
3.6848256e-08
2.3778694e-05
3.4833678e-08
2.3775911e-05
3.2930731e-08
2.3773287e-05
3.1135921e-08
2.3770816e-05
2.944502e-08
2.3768491e-05
2.785537e-08
2.3766303e-05
2.6358911e-08
2.3764248e-05
2.4953455e-08
2.3762317e-05
2.3633563e-08
2.3760504e-05
2.2409639e-08
2.3758802e-05
2.1262376e-08
2.3757206e-05
2.0175421e-08
2.3755709e-05
1.9172616e-08
2.3754304e-05
1.8239665e-08
2.3752986e-05
1.7367677e-08
2.3751749e-05
1.6556688e-08
2.3750587e-05
1.5805133e-08
2.3749495e-05
1.5110365e-08
2.3748467e-05
1.4461602e-08
2.3747499e-05
1.3876441e-08
2.3746586e-05
1.3305623e-08
2.3745713e-05
1.2943174e-08
2.3744908e-05
1.2178597e-08
2.3743991e-05
1.3917359e-08
8.3767695e-09
2.4976655e-05
2.4955647e-05
2.493586e-05
2.4917204e-05
2.48996e-05
2.4882973e-05
2.4867254e-05
2.485238e-05
2.4838294e-05
2.4824943e-05
2.481228e-05
2.480026e-05
2.4788842e-05
2.4777991e-05
2.4767671e-05
2.4757852e-05
2.4748504e-05
2.4739603e-05
2.4731123e-05
2.4723043e-05
2.4715343e-05
2.4708005e-05
2.4701011e-05
2.4694346e-05
2.4687997e-05
2.4681948e-05
2.4676189e-05
2.4670707e-05
2.4665492e-05
2.4660533e-05
2.465582e-05
2.4651345e-05
2.4647098e-05
2.464307e-05
2.4639253e-05
2.463564e-05
2.4632222e-05
2.4628991e-05
2.462594e-05
2.4623061e-05
2.4620347e-05
2.4617791e-05
2.4615385e-05
2.4613122e-05
2.4610996e-05
2.4608999e-05
2.4607123e-05
2.4605364e-05
2.4603714e-05
2.082309e-08
2.4602165e-05
1.9787999e-08
2.4600713e-05
1.8819897e-08
2.4599351e-05
1.79189e-08
2.4598072e-05
1.7083617e-08
2.4596871e-05
1.6311282e-08
2.4595743e-05
1.5590047e-08
2.459468e-05
1.4939187e-08
2.4593681e-05
1.4305049e-08
2.4592726e-05
1.389802e-08
2.4591847e-05
1.305716e-08
2.4590846e-05
1.4918577e-08
8.9861531e-09
2.5476501e-05
2.5474794e-05
2.5473192e-05
2.5471691e-05
2.5470283e-05
1.8491982e-08
2.5468961e-05
1.7633356e-08
2.546772e-05
1.6831276e-08
2.5466552e-05
1.6106921e-08
2.5465455e-05
1.5401866e-08
2.5464409e-05
1.4944301e-08
2.5463448e-05
1.4017921e-08
2.5462353e-05
2.636782e-05
2.6366363e-05
2.6364997e-05
2.6363712e-05
2.6362506e-05
2.6361358e-05
)
;

boundaryField
{
    inlet
    {
        type            calculated;
        value           nonuniform List<scalar> 0();
    }
    top
    {
        type            calculated;
        value           nonuniform List<scalar> 0();
    }
    outlet
    {
        type            calculated;
        value           nonuniform List<scalar> 
28
(
9.0868451e-06
9.4779341e-06
9.8821347e-06
1.0299827e-05
1.0731397e-05
1.1177234e-05
1.1637733e-05
1.2113293e-05
1.260432e-05
1.3111226e-05
1.3634427e-05
1.4174346e-05
1.4731415e-05
1.5306068e-05
1.5898751e-05
1.6509914e-05
1.7140016e-05
1.7789526e-05
1.8458918e-05
1.9148679e-05
1.9859303e-05
2.0591295e-05
2.134517e-05
2.2121457e-05
2.2920694e-05
2.3743432e-05
2.4590237e-05
2.5461687e-05
)
;
    }
    slipsurface
    {
        type            calculated;
        value           nonuniform List<scalar> 0();
    }
    bottom
    {
        type            calculated;
        value           nonuniform List<scalar> 0();
    }
    frontandback
    {
        type            empty;
    }
    procBoundary10to8
    {
        type            processor;
        value           nonuniform List<scalar> 
33
(
-1.4922778e-08
-7.3395145e-06
-1.7635442e-08
-7.6743941e-06
-2.0884418e-08
-8.0211967e-06
-2.4807601e-08
-8.3803974e-06
-8.7496686e-06
-9.1316031e-06
-9.5265986e-06
-9.9350583e-06
-1.0357392e-05
-1.0794014e-05
-1.1245349e-05
-1.1711824e-05
-1.2193875e-05
-1.2691948e-05
-1.3206493e-05
-1.373797e-05
-1.4286846e-05
-1.4853599e-05
-1.5438712e-05
-1.6042681e-05
-1.6666011e-05
-1.7309215e-05
-1.7972818e-05
-1.5034192e-07
-1.8669717e-05
-1.9376624e-05
-1.8883413e-07
-2.0120744e-05
-2.0873456e-05
)
;
    }
    procBoundary10to11
    {
        type            processor;
        value           nonuniform List<scalar> 
62
(
-1.3883856e-08
-1.2944814e-08
-1.2101965e-08
-1.1316695e-08
-1.0592362e-08
-9.9325945e-09
-9.3316767e-09
-8.7820611e-09
-8.2778787e-09
-7.8146274e-09
-7.3884924e-09
-6.996074e-09
-6.6343149e-09
-6.3004688e-09
-5.9920552e-09
-5.7068307e-09
-5.4428218e-09
-5.1971939e-09
7.3232427e-06
-5.4002151e-09
-5.1647598e-09
7.6539857e-06
-5.3669067e-09
-5.1430892e-09
-4.936293e-09
-4.7430474e-09
7.9951992e-06
-4.9272928e-09
-4.7367643e-09
-4.5621934e-09
8.3484963e-06
-4.7394245e-09
-4.5667883e-09
-4.4070405e-09
-4.2575425e-09
-4.1156266e-09
-3.9810969e-09
-3.8538362e-09
-3.7332468e-09
-3.6196584e-09
8.7120891e-06
-3.7591192e-09
-3.6448194e-09
-3.5372378e-09
-3.4387527e-09
-2.6900451e-09
-1.5843825e-09
9.0896478e-06
-3.5705103e-09
-3.4644034e-09
-3.368422e-09
-3.2755475e-09
-3.185187e-09
-3.0982203e-09
-3.0143703e-09
-2.9336367e-09
-2.8551641e-09
-2.7813176e-09
-2.7066469e-09
-2.656056e-09
-9.087139e-06
-2.5393025e-09
)
;
    }
    procBoundary10to12
    {
        type            processor;
        value           nonuniform List<scalar> 5(-2.1649481e-05 -2.2449419e-05 -2.327389e-05 -2.4123528e-05 -2.499898e-05);
    }
    procBoundary10to14
    {
        type            processor;
        value           nonuniform List<scalar> 
64
(
3.1878786e-07
2.9805988e-07
2.7895436e-07
2.6128764e-07
2.4505955e-07
2.3009341e-07
2.1624592e-07
2.0344075e-07
1.9157039e-07
1.8050457e-07
1.7018577e-07
1.6056969e-07
1.5160068e-07
1.4322022e-07
1.353752e-07
1.2801917e-07
1.2111102e-07
1.1461399e-07
1.0849506e-07
1.0272457e-07
9.7275941e-08
9.2125337e-08
8.7251586e-08
8.2632834e-08
7.8251943e-08
7.4098275e-08
7.0159194e-08
6.6422303e-08
6.2876932e-08
5.9509633e-08
5.6306915e-08
5.3264712e-08
5.0382442e-08
4.7647627e-08
4.5050689e-08
4.2592364e-08
4.0266465e-08
3.8064485e-08
3.5981749e-08
3.4014648e-08
3.2158863e-08
3.0411644e-08
2.8764826e-08
2.7216208e-08
2.5759981e-08
2.4406889e-08
2.3137638e-08
2.193485e-08
-2.5478321e-05
2.264295e-08
2.1495242e-08
2.0420958e-08
1.9420217e-08
1.601319e-08
9.6529061e-09
-2.6369373e-05
2.0044798e-08
1.9090288e-08
1.8198225e-08
1.7391832e-08
1.6607481e-08
1.6092789e-08
2.6360305e-05
1.5070462e-08
)
;
    }
}


// ************************************************************************* //
