/*--------------------------------*- C++ -*----------------------------------*\
  =========                 |
  \\      /  F ield         | OpenFOAM: The Open Source CFD Toolbox
   \\    /   O peration     | Website:  https://openfoam.org
    \\  /    A nd           | Version:  12
     \\/     M anipulation  |
\*---------------------------------------------------------------------------*/
FoamFile
{
    format      ascii;
    class       surfaceScalarField;
    location    "600";
    object      phi;
}
// * * * * * * * * * * * * * * * * * * * * * * * * * * * * * * * * * * * * * //

dimensions      [0 3 -1 0 0 0 0];

internalField   nonuniform List<scalar> 
1578
(
0.00026464961
9.405643e-06
0.00026294269
9.0849579e-06
0.00026129846
8.7850719e-06
8.5095856e-06
0.00030792515
1.1482096e-05
0.00030588789
1.1122214e-05
0.00030387191
1.0801056e-05
1.0489485e-05
0.00035802589
1.3783215e-05
0.00035571647
1.3431634e-05
0.00035341575
1.3101772e-05
0.00035113488
1.2770358e-05
0.0003488913
1.2422565e-05
0.0003466876
1.2077514e-05
0.00034450569
1.1765546e-05
0.00034234761
1.1473495e-05
0.00034023466
1.1180946e-05
0.00033818461
1.0888398e-05
0.00033620084
1.060314e-05
0.00033427397
1.0336816e-05
0.00033239889
1.0092245e-05
0.00033057575
9.8657395e-06
0.00032880659
9.6518879e-06
0.00032709271
9.4463147e-06
0.00032543125
9.2529574e-06
0.000323817
9.0768888e-06
0.0003222453
8.9190598e-06
0.00032071432
8.7727162e-06
0.0003192237
8.6334308e-06
0.00031777126
8.5053922e-06
0.00031635383
8.3910684e-06
0.00031496803
8.2890262e-06
0.00031361102
8.1958767e-06
8.1108957e-06
0.00041468921
1.5520221e-05
0.00041263125
1.5489592e-05
0.00041036343
1.5369591e-05
0.00040796635
1.5167436e-05
0.00040550013
1.4888784e-05
0.00040300998
1.4567669e-05
0.00040051903
1.4256489e-05
0.00039803893
1.3953601e-05
0.00039558301
1.3636866e-05
0.00039317156
1.3299841e-05
0.00039078743
1.2987276e-05
0.00038840988
1.2714367e-05
0.00038606277
1.243935e-05
0.00038376935
1.2159165e-05
0.00038154134
1.1879897e-05
0.00037937518
1.161247e-05
0.00037726275
1.136539e-05
0.00037520167
1.1137968e-05
0.00037319336
1.0927365e-05
0.00037124112
1.0724964e-05
0.00036934513
1.0529414e-05
0.00036750019
1.0350334e-05
0.00036570067
1.0190587e-05
0.00036394315
1.0046549e-05
0.00036222687
9.9121568e-06
9.7871557e-06
0.00047386803
1.5836138e-05
0.00047328937
1.6068254e-05
0.00047236587
1.629309e-05
0.00047103695
1.6496361e-05
0.00046928792
1.6637809e-05
0.00046716956
1.6686029e-05
0.00046478421
1.6641839e-05
0.00046222942
1.6508396e-05
0.00045957153
1.629475e-05
0.00045686474
1.6006635e-05
0.00045414321
1.5708805e-05
0.00045142063
1.5436948e-05
0.00044870881
1.5151173e-05
0.00044602745
1.4840525e-05
0.00044337809
1.4529251e-05
0.0004407381
1.4252466e-05
0.0004381106
1.3992888e-05
0.00043552166
1.3726906e-05
0.00043299425
1.3454773e-05
0.00043053437
1.3184848e-05
0.00042813125
1.2932535e-05
0.00042577888
1.2702705e-05
0.00042347825
1.249121e-05
0.00042123312
1.2291686e-05
0.00041904634
1.209893e-05
1.1918251e-05
0.00053601849
1.5832476e-05
0.00053600515
1.6081594e-05
0.00053595523
1.6343011e-05
0.00053583385
1.661774e-05
0.00053556862
1.6903045e-05
0.00053506054
1.7194109e-05
0.00053421846
1.748392e-05
0.00053296399
1.7762862e-05
0.00053125897
1.7999774e-05
0.00052911465
1.8150954e-05
0.00052662182
1.8201634e-05
0.00052390244
1.8156325e-05
0.00052103228
1.8021337e-05
0.00051807218
1.7800621e-05
0.00051506986
1.7531576e-05
0.00051205029
1.7272037e-05
0.00050902751
1.7015668e-05
0.00050601681
1.6737598e-05
0.00050304453
1.6427057e-05
0.00050008993
1.6139445e-05
0.00049712407
1.58984e-05
0.00049417691
1.5649869e-05
0.00049127951
1.5388604e-05
0.0004884492
1.5121992e-05
0.0004856832
1.4864935e-05
0.00048297168
1.4629774e-05
0.00048031237
1.4416527e-05
0.00047770873
1.4220342e-05
0.00047516618
1.4031124e-05
0.00047268486
1.3849759e-05
1.3689034e-05
0.00060560037
1.5817042e-05
0.00060561532
1.6066638e-05
0.00060562928
1.6329052e-05
0.0006056414
1.6605626e-05
0.00060564863
1.6895813e-05
0.00060564332
1.719942e-05
0.00060560974
1.7517494e-05
0.00060552101
1.7851598e-05
0.00060531993
1.8200851e-05
0.00060490872
1.8562168e-05
0.00060418148
1.8928874e-05
0.00060304527
1.929253e-05
0.00060142937
1.9637237e-05
0.00059931301
1.9916978e-05
0.00059675243
2.0092154e-05
0.00059386389
2.0160587e-05
0.00059075546
2.0124094e-05
0.00058750154
1.9991516e-05
0.00058416532
1.9763281e-05
0.00058078875
1.9516016e-05
0.00057738942
1.9297725e-05
0.00057398252
1.9056774e-05
0.00057059334
1.877778e-05
0.00056722645
1.8488878e-05
0.0005638531
1.8238291e-05
0.00056047603
1.8006841e-05
0.00055713161
1.7760944e-05
0.00055385121
1.7500743e-05
0.00055064217
1.7240171e-05
0.00054749123
1.7000692e-05
1.6787379e-05
0.00068423738
1.5800771e-05
0.00068425362
1.6050396e-05
0.00068427008
1.6312597e-05
0.0006842868
1.6588898e-05
0.00068430351
1.6879111e-05
0.00068431993
1.7182994e-05
0.00068433565
1.7501772e-05
0.00068434999
1.7837257e-05
0.00068436124
1.8189607e-05
0.00068436408
1.855933e-05
0.00068434668
1.8946268e-05
0.0006842868
1.935241e-05
0.00068414451
1.9779527e-05
0.0006838362
2.0225285e-05
0.00068324352
2.0684841e-05
0.00068225325
2.115085e-05
0.00068076445
2.1612902e-05
0.00067871797
2.203799e-05
0.00067611134
2.2369911e-05
0.00067304676
2.2580596e-05
0.00066967275
2.2671741e-05
0.00066608148
2.2648042e-05
0.00066234791
2.2511346e-05
0.000658533
2.2303787e-05
0.00065467063
2.2100661e-05
0.00065078088
2.189659e-05
0.00064688686
2.1654966e-05
0.00064301787
2.1369731e-05
0.00063914504
2.1113009e-05
0.00063523994
2.0905788e-05
2.0680364e-05
0.00077309097
1.5544007e-05
0.00077310919
1.5782547e-05
0.00077312719
1.6032396e-05
0.00077314504
1.6294748e-05
0.00077316289
1.6571048e-05
0.00077318077
1.6861236e-05
0.00077319865
1.7165109e-05
0.00077321673
1.7483693e-05
0.00077323521
1.7818782e-05
0.00077325389
1.8170926e-05
0.00077327255
1.8540664e-05
0.00077329082
1.8928002e-05
0.00077330811
1.9335114e-05
0.00077332357
1.9764074e-05
0.00077333408
2.0214768e-05
0.00077333128
2.0687646e-05
0.00077329781
2.1184317e-05
0.00077320343
2.1707283e-05
0.00077298447
2.2256951e-05
0.00077252336
2.2831019e-05
0.0007716818
2.3422158e-05
0.00077033271
2.4020835e-05
0.00076836932
2.4611429e-05
0.00076574572
2.5134948e-05
0.00076252053
2.5528975e-05
0.00075883907
2.5782126e-05
0.00075484193
2.5893728e-05
0.00075062676
2.5870129e-05
0.00074627665
2.5719846e-05
0.00074184466
2.5545001e-05
0.00073735634
2.5394109e-05
2.5199963e-05
0.00087349906
1.5522678e-05
0.00087352022
1.5761386e-05
0.00087354113
1.6011482e-05
0.00087356185
1.6274032e-05
0.00087358251
1.655039e-05
0.00087360311
1.6840635e-05
0.00087362358
1.7144635e-05
0.00087364394
1.7463333e-05
0.00087366432
1.7798404e-05
0.00087368477
1.8150482e-05
0.00087370535
1.8520081e-05
0.00087372606
1.8907297e-05
0.00087374715
1.9314018e-05
0.00087376872
1.9742505e-05
0.00087379044
2.0193049e-05
0.00087381206
2.0666022e-05
0.0008738332
2.1163177e-05
0.00087385336
2.1687127e-05
0.00087387101
2.2239298e-05
0.00087388061
2.2821417e-05
0.00087386917
2.3433602e-05
0.00087381075
2.4079254e-05
0.00087366009
2.4762089e-05
0.00087331432
2.5480721e-05
0.00087261304
2.6230252e-05
0.00087139307
2.7002094e-05
0.00086950366
2.7783139e-05
0.00086684529
2.8528498e-05
0.00086341097
2.9154171e-05
0.00085934318
2.9612786e-05
0.00085483853
2.9898764e-05
3.0016608e-05
0.00098690744
1.5497465e-05
0.00098693247
1.5736355e-05
0.00098695724
1.5986706e-05
0.00098698182
1.6249461e-05
0.00098700632
1.6525882e-05
0.00098703078
1.6816175e-05
0.00098705513
1.7120289e-05
0.00098707935
1.7439107e-05
0.00098710356
1.7774195e-05
0.00098712779
1.812626e-05
0.00098715205
1.8495817e-05
0.00098717626
1.888309e-05
0.00098720048
1.9289797e-05
0.00098722489
1.9718089e-05
0.00098724952
2.016842e-05
0.00098727436
2.0641182e-05
0.00098729955
2.1137987e-05
0.00098732517
2.1661511e-05
0.00098735105
2.2213413e-05
0.00098737718
2.279529e-05
0.00098740328
2.3407502e-05
0.00098742913
2.4053409e-05
0.000987454
2.4737218e-05
0.00098747464
2.5460078e-05
0.00098748139
2.6223503e-05
0.00098745253
2.7030953e-05
0.00098734854
2.7887129e-05
0.00098708237
2.8794667e-05
0.00098648506
2.975148e-05
0.00098534897
3.074888e-05
0.0009834742
3.1773536e-05
3.2792448e-05
0.0011149822
1.5467969e-05
0.0011150115
1.5707046e-05
0.0011150406
1.5957647e-05
0.0011150695
1.6220606e-05
0.0011150982
1.6497096e-05
0.001115127
1.6787438e-05
0.0011151556
1.7091664e-05
0.0011151841
1.7410583e-05
0.0011152127
1.7745651e-05
0.0011152413
1.8097649e-05
0.00111527
1.8467116e-05
0.0011152987
1.8854401e-05
0.0011153274
1.9261071e-05
0.0011153563
1.9689166e-05
0.0011153854
2.01393e-05
0.0011154147
2.0611932e-05
0.0011154441
2.1108609e-05
0.0011154737
2.1631878e-05
0.0011155037
2.2183453e-05
0.0011155341
2.2764904e-05
0.0011155647
2.3376855e-05
0.0011155957
2.4022456e-05
0.0011156271
2.4705769e-05
0.001115659
2.5428189e-05
0.0011156911
2.6191369e-05
0.0011157233
2.699876e-05
0.0011157553
2.7855197e-05
0.0011157854
2.87645e-05
0.0011158068
2.973014e-05
0.0011158004
3.0755201e-05
0.0011157274
3.1846565e-05
3.3010687e-05
0.0012596511
1.5434363e-05
0.0012596845
1.5673645e-05
0.0012597177
1.59245e-05
0.0012597506
1.618767e-05
0.0012597834
1.6464233e-05
0.0012598163
1.6754611e-05
0.001259849
1.7058925e-05
0.0012598817
1.7377928e-05
0.0012599144
1.7712968e-05
0.0012599471
1.8064882e-05
0.00125998
1.8434239e-05
0.0012600129
1.8821493e-05
0.0012600459
1.9228085e-05
0.0012600791
1.9655939e-05
0.0012601126
2.0105819e-05
0.0012601463
2.057826e-05
0.0012601801
2.1074755e-05
0.0012602143
2.1597725e-05
0.0012602488
2.2148937e-05
0.0012602837
2.2729955e-05
0.001260319
2.3341618e-05
0.0012603546
2.3986861e-05
0.0012603908
2.4669581e-05
0.0012604275
2.5391402e-05
0.001260465
2.6153955e-05
0.0012605031
2.6960673e-05
0.0012605418
2.7816416e-05
0.0012605812
2.8725168e-05
0.001260621
2.9690299e-05
0.0012606611
3.0715064e-05
0.0012607013
3.1806421e-05
3.2971237e-05
0.0014230891
1.5396353e-05
0.0014231268
1.5635877e-05
0.0014231643
1.5887009e-05
0.0014232016
1.6150416e-05
0.0014232387
1.6427084e-05
0.0014232758
1.6717513e-05
0.0014233128
1.7021919e-05
0.0014233497
1.7341011e-05
0.0014233867
1.767603e-05
0.0014234237
1.8027855e-05
0.0014234608
1.8397096e-05
0.001423498
1.8784298e-05
0.0014235353
1.9190797e-05
0.0014235729
1.9618395e-05
0.0014236107
2.0067989e-05
0.0014236488
2.0540201e-05
0.001423687
2.1036473e-05
0.0014237257
2.1559102e-05
0.0014237647
2.2109897e-05
0.0014238042
2.2690431e-05
0.0014238441
2.3301736e-05
0.0014238844
2.3946559e-05
0.0014239254
2.4628625e-05
0.001423967
2.5349779e-05
0.0014240092
2.6111732e-05
0.0014240521
2.6917831e-05
0.0014240957
2.7772788e-05
0.0014241402
2.8680624e-05
0.0014241858
2.9644765e-05
0.0014242323
3.0668481e-05
0.0014242803
3.1758514e-05
3.2922067e-05
0.0016077342
1.5353269e-05
0.0016077769
1.5593084e-05
0.0016078194
1.5844524e-05
0.0016078616
1.6108199e-05
0.0016079037
1.6385008e-05
0.0016079457
1.6675514e-05
0.0016079876
1.6980024e-05
0.0016080294
1.7299214e-05
0.0016080712
1.7634225e-05
0.0016081131
1.7985966e-05
0.0016081551
1.8355092e-05
0.0016081972
1.8742227e-05
0.0016082394
1.914862e-05
0.0016082818
1.9575956e-05
0.0016083245
2.0025241e-05
0.0016083676
2.0497193e-05
0.0016084108
2.0993211e-05
0.0016084544
2.1515469e-05
0.0016084985
2.2065806e-05
0.0016085432
2.2645813e-05
0.0016085882
2.3256697e-05
0.0016086337
2.3901045e-05
0.0016086799
2.45824e-05
0.0016087269
2.5302814e-05
0.0016087745
2.6064091e-05
0.0016088229
2.6869496e-05
0.0016088721
2.7723592e-05
0.0016089223
2.863043e-05
0.0016089735
2.9593514e-05
0.0016090257
3.0616274e-05
0.0016090791
3.1705167e-05
3.2867304e-05
0.0018163365
1.5304387e-05
0.0018163851
1.5544546e-05
0.0018164332
1.5796329e-05
0.0018164811
1.6060306e-05
0.0018165289
1.6337296e-05
0.0018165765
1.6627908e-05
0.0018166239
1.6932534e-05
0.0018166713
1.7251829e-05
0.0018167187
1.7586844e-05
0.0018167662
1.7938505e-05
0.0018168138
1.8307514e-05
0.0018168614
1.8694564e-05
0.0018169092
1.9100835e-05
0.0018169573
1.9527897e-05
0.0018170057
1.9976848e-05
0.0018170543
2.0448504e-05
0.0018171033
2.0944228e-05
0.0018171527
2.1466076e-05
0.0018172026
2.2015908e-05
0.0018172531
2.2595339e-05
0.0018173041
2.3205729e-05
0.0018173556
2.3849536e-05
0.0018174078
2.453012e-05
0.001817461
2.5249708e-05
0.0018175148
2.6010215e-05
0.0018175695
2.6814828e-05
0.0018176251
2.7667962e-05
0.0018176819
2.8573691e-05
0.0018177398
2.9535601e-05
0.0018177988
3.0557276e-05
0.001817859
3.1644914e-05
3.2805516e-05
0.0020520038
1.5248899e-05
0.0020520589
1.5489467e-05
0.0020521136
1.5741635e-05
0.0020521679
1.6005952e-05
0.0020522221
1.6283168e-05
0.0020522761
1.6573921e-05
0.0020523299
1.6878679e-05
0.0020523837
1.7198088e-05
0.0020524374
1.7533122e-05
0.0020524912
1.7884708e-05
0.0020525451
1.82536e-05
0.0020525991
1.8640545e-05
0.0020526533
1.9046672e-05
0.0020527077
1.9473449e-05
0.0020527625
1.9922048e-05
0.0020528177
2.0393355e-05
0.0020528732
2.0888738e-05
0.0020529291
2.1410134e-05
0.0020529856
2.1959405e-05
0.0020530427
2.2538203e-05
0.0020531004
2.3148018e-05
0.0020531588
2.3791206e-05
0.002053218
2.4470944e-05
0.0020532781
2.5189609e-05
0.002053339
2.5949238e-05
0.0020534009
2.6752948e-05
0.0020534639
2.7605005e-05
0.0020535281
2.8509494e-05
0.0020535936
2.9470085e-05
0.0020536603
3.049051e-05
0.0020537285
3.1576729e-05
3.2735619e-05
0.0023182474
1.5185891e-05
0.00231831
1.5426941e-05
0.002318372
1.5679548e-05
0.0023184338
1.594425e-05
0.0023184952
1.6221743e-05
0.0023185564
1.6512679e-05
0.0023186175
1.681759e-05
0.0023186785
1.7137125e-05
0.0023187394
1.7472194e-05
0.0023188004
1.7823716e-05
0.0023188615
1.8192489e-05
0.0023189227
1.8579311e-05
0.0023189841
1.898527e-05
0.0023190458
1.9411748e-05
0.0023191079
1.9859949e-05
0.0023191704
2.0330881e-05
0.0023192333
2.082587e-05
0.0023192966
2.1346763e-05
0.0023193606
2.1895415e-05
0.0023194253
2.2473515e-05
0.0023194907
2.3082666e-05
0.0023195567
2.3725143e-05
0.0023196237
2.4403955e-05
0.0023196918
2.5121589e-05
0.0023197608
2.5880217e-05
0.0023198308
2.6682897e-05
0.0023199021
2.7533745e-05
0.0023199747
2.8436848e-05
0.0023200489
2.939596e-05
0.0023201244
3.0414948e-05
0.0023202016
3.1499565e-05
3.2656545e-05
0.002619034
1.5114316e-05
0.002619105
1.5355932e-05
0.0026191755
1.5609043e-05
0.0026192456
1.5874183e-05
0.0026193153
1.615201e-05
0.0026193848
1.6443177e-05
0.0026194542
1.674827e-05
0.0026195233
1.7067948e-05
0.0026195925
1.7403068e-05
0.0026196616
1.7754539e-05
0.0026197309
1.8123195e-05
0.0026198004
1.8509876e-05
0.00261987
1.8915644e-05
0.0026199399
1.9341805e-05
0.0026200103
1.9789589e-05
0.0026200811
2.0260087e-05
0.0026201523
2.0754624e-05
0.0026202242
2.1274957e-05
0.0026202966
2.1822926e-05
0.0026203699
2.2400258e-05
0.0026204439
2.3008646e-05
0.0026205188
2.3650307e-05
0.0026205946
2.43281e-05
0.0026206716
2.504459e-05
0.0026207497
2.5802079e-05
0.0026208291
2.6603583e-05
0.0026209097
2.7453075e-05
0.002620992
2.8354629e-05
0.0026210758
2.9312082e-05
0.0026211614
3.0329426e-05
0.0026212487
3.1412231e-05
3.2567079e-05
0.0029588448
1.5032975e-05
0.0029589255
1.5275256e-05
0.0029590056
1.5528948e-05
0.0029590852
1.5794591e-05
0.0029591644
1.6072814e-05
0.0029592433
1.636427e-05
0.002959322
1.6669582e-05
0.0029594005
1.6989424e-05
0.002959479
1.7324617e-05
0.0029595574
1.7676053e-05
0.002959636
1.8044595e-05
0.0029597148
1.8431119e-05
0.0029597938
1.883667e-05
0.0029598731
1.9262494e-05
0.0029599528
1.9709832e-05
0.0029600331
2.0179846e-05
0.0029601138
2.0673864e-05
0.0029601952
2.1193574e-05
0.0029602774
2.1740791e-05
0.0029603603
2.2317272e-05
0.0029604442
2.2924789e-05
0.002960529
2.3565519e-05
0.0029606149
2.4242186e-05
0.0029607021
2.4957405e-05
0.0029607906
2.5713603e-05
0.0029608804
2.6513765e-05
0.0029609717
2.7361733e-05
0.0029610648
2.8261556e-05
0.0029611597
2.9217149e-05
0.0029612565
3.0232614e-05
0.0029613554
3.1313368e-05
3.2465836e-05
0.0033427422
1.4940512e-05
0.0033428338
1.5183566e-05
0.0033429249
1.5437932e-05
0.0033430153
1.5704154e-05
0.0033431053
1.5982845e-05
0.0033431949
1.6274654e-05
0.0033432842
1.6580231e-05
0.0033433734
1.6900264e-05
0.0033434625
1.7235553e-05
0.0033435515
1.7586974e-05
0.0033436407
1.7955408e-05
0.0033437301
1.8341761e-05
0.0033438197
1.8747069e-05
0.0033439096
1.9172532e-05
0.0033440001
1.9619393e-05
0.0033440911
2.0088867e-05
0.0033441826
2.0582295e-05
0.0033442749
2.110131e-05
0.003344368
2.1647695e-05
0.003344462
2.2223237e-05
0.0033445571
2.2829765e-05
0.0033446531
2.3469433e-05
0.0033447505
2.4144852e-05
0.0033448492
2.4858661e-05
0.0033449494
2.5613395e-05
0.0033450512
2.6412029e-05
0.0033451546
2.7258284e-05
0.00334526
2.8156174e-05
0.0033453675
2.910968e-05
0.0033454771
3.0123002e-05
0.003345589
3.1201434e-05
3.2351244e-05
0.003776445
1.4835376e-05
0.0037765492
1.507933e-05
0.0037766527
1.5334476e-05
0.0037767554
1.5601366e-05
0.0037768577
1.5880605e-05
0.0037769595
1.617284e-05
0.003777061
1.6478737e-05
0.0037771623
1.6798998e-05
0.0037772634
1.7134411e-05
0.0037773645
1.7485838e-05
0.0037774658
1.7854173e-05
0.0037775672
1.8240344e-05
0.0037776689
1.8645382e-05
0.003777771
1.9070457e-05
0.0037778735
1.9516806e-05
0.0037779767
1.9985683e-05
0.0037780806
2.0478445e-05
0.0037781852
2.0996682e-05
0.0037782907
2.1542149e-05
0.0037783973
2.211665e-05
0.003778505
2.2722061e-05
0.003778614
2.336052e-05
0.0037787243
2.4034551e-05
0.0037788361
2.4746795e-05
0.0037789496
2.5499876e-05
0.0037790649
2.6296772e-05
0.0037791821
2.7141099e-05
0.0037793014
2.8036828e-05
0.0037794231
2.8987993e-05
0.0037795472
2.9998878e-05
0.003779674
3.1074678e-05
3.2221514e-05
0.0042664137
1.4715822e-05
0.0042665322
1.4960813e-05
0.0042666498
1.5216861e-05
0.0042667667
1.5484522e-05
0.0042668829
1.5764401e-05
0.0042669986
1.6057143e-05
0.0042671139
1.6363423e-05
0.0042672289
1.6683957e-05
0.0042673438
1.7019526e-05
0.0042674587
1.7370984e-05
0.0042675736
1.773923e-05
0.0042676887
1.8125209e-05
0.0042678042
1.8529953e-05
0.00426792
1.8954607e-05
0.0042680364
1.9400405e-05
0.0042681535
1.9868622e-05
0.0042682713
2.0360635e-05
0.00426839
2.0878003e-05
0.0042685097
2.1422453e-05
0.0042686305
2.1995799e-05
0.0042687526
2.2599951e-05
0.0042688761
2.323704e-05
0.0042690011
2.3909521e-05
0.0042691279
2.4620026e-05
0.0042692565
2.5371245e-05
0.0042693871
2.6166166e-05
0.0042695199
2.7008323e-05
0.0042696551
2.7901633e-05
0.0042697929
2.8850171e-05
0.0042699335
2.9858289e-05
0.0042700771
3.0931109e-05
3.2074614e-05
0.0048199465
1.4579877e-05
0.0048200813
1.4826059e-05
0.004820215
1.5083142e-05
0.0048203478
1.5351692e-05
0.0048204799
1.5632312e-05
0.0048206114
1.5925648e-05
0.0048207424
1.6232384e-05
0.0048208732
1.6553242e-05
0.0048210037
1.6889006e-05
0.0048211341
1.7240522e-05
0.0048212647
1.7608691e-05
0.0048213954
1.799447e-05
0.0048215265
1.8398892e-05
0.004821658
1.8823091e-05
0.0048217901
1.9268291e-05
0.0048219229
1.9735784e-05
0.0048220566
2.0226956e-05
0.0048221913
2.0743352e-05
0.0048223271
2.1286673e-05
0.0048224641
2.1858737e-05
0.0048226026
2.2461474e-05
0.0048227426
2.3097014e-05
0.0048228844
2.3767762e-05
0.0048230281
2.4476329e-05
0.0048231739
2.5225454e-05
0.0048233219
2.6018138e-05
0.0048234724
2.6857847e-05
0.0048236256
2.7748447e-05
0.0048237817
2.8694037e-05
0.004823941
2.9699021e-05
0.0048241036
3.0768466e-05
3.1908234e-05
0.0054452876
1.4425346e-05
0.0054454408
1.4672883e-05
0.0054455928
1.4931148e-05
0.0054457438
1.5200712e-05
0.0054458939
1.5482183e-05
0.0054460433
1.5776209e-05
0.0054461923
1.6083478e-05
0.0054463408
1.640472e-05
0.0054464891
1.6740719e-05
0.0054466373
1.7092319e-05
0.0054467855
1.7460423e-05
0.005446934
1.7845994e-05
0.0054470828
1.8250068e-05
0.0054472322
1.867377e-05
0.0054473821
1.9118318e-05
0.0054475329
1.9585011e-05
0.0054476846
2.0075246e-05
0.0054478374
2.0590554e-05
0.0054479915
2.1132619e-05
0.0054481469
2.1703255e-05
0.005448304
2.2304405e-05
0.0054484628
2.2938198e-05
0.0054486236
2.3607001e-05
0.0054487865
2.4313407e-05
0.0054489518
2.5060178e-05
0.0054491196
2.585033e-05
0.0054492902
2.6687279e-05
0.0054494638
2.7574839e-05
0.0054496407
2.8517118e-05
0.0054498212
2.9518557e-05
0.0054500054
3.0584183e-05
3.1719752e-05
0.0061517563
1.4249815e-05
0.0061519303
1.4498876e-05
0.006152103
1.4758474e-05
0.0061522745
1.5029185e-05
0.0061524451
1.5311622e-05
0.0061526149
1.5606435e-05
0.006152784
1.5914317e-05
0.0061529528
1.6236003e-05
0.0061531212
1.657228e-05
0.0061532895
1.692399e-05
0.0061534579
1.7292038e-05
0.0061536265
1.7677391e-05
0.0061537955
1.8081085e-05
0.006153965
1.8504242e-05
0.0061541353
1.8948075e-05
0.0061543064
1.9413885e-05
0.0061544786
1.9903072e-05
0.006154652
2.0417163e-05
0.0061548268
2.0957827e-05
0.0061550031
2.1526869e-05
0.0061551813
2.212624e-05
0.0061553614
2.2758064e-05
0.0061555438
2.3424686e-05
0.0061557285
2.4128673e-05
0.0061559159
2.4872801e-05
0.0061561061
2.5660093e-05
0.0061562995
2.6493929e-05
0.0061564962
2.7378076e-05
0.0061566967
2.8316636e-05
0.0061569012
2.9314071e-05
0.00615711
3.0375377e-05
3.1506224e-05
0.0069498821
1.4050644e-05
0.0069500796
1.4301393e-05
0.0069502756
1.4562469e-05
0.0069504703
1.4834456e-05
0.006950664
1.5117969e-05
0.0069508568
1.5413664e-05
0.0069510488
1.5722235e-05
0.0069512404
1.6044422e-05
0.0069514317
1.6381014e-05
0.0069516228
1.6732856e-05
0.006951814
1.7100849e-05
0.0069520054
1.7485964e-05
0.0069521973
1.7889239e-05
0.0069523897
1.8311792e-05
0.006952583
1.8754832e-05
0.0069527772
1.9219658e-05
0.0069529726
1.9707674e-05
0.0069531694
2.0220401e-05
0.0069533677
2.0759494e-05
0.0069535678
2.1326754e-05
0.0069537699
2.1924129e-05
0.0069539743
2.2553737e-05
0.006954181
2.3217905e-05
0.0069543905
2.3919182e-05
0.006954603
2.466034e-05
0.0069548187
2.5444404e-05
0.0069550379
2.6274728e-05
0.0069552609
2.7155037e-05
0.0069554881
2.8089415e-05
0.0069557199
2.9082331e-05
0.0069559565
3.0138755e-05
3.1264286e-05
0.007851546
0.0078517699
0.0078519921
0.0078522129
0.0078524326
0.0078526513
0.0078528693
0.0078530867
0.0078533038
0.0078535208
0.0078537378
0.0078539551
0.0078541728
0.0078543913
0.0078546106
0.0078548311
0.0078550528
0.0078552761
0.0078555012
0.0078557283
0.0078559576
0.0078561894
0.007856424
0.0078566616
0.0078569026
0.0078571472
0.0078573958
0.0078576487
0.0078579063
0.0078581691
0.0078584373
)
;

boundaryField
{
    bottom
    {
        type            calculated;
        value           nonuniform List<scalar> 0();
    }
    back
    {
        type            empty;
    }
    front
    {
        type            empty;
    }
    inlet
    {
        type            calculated;
        value           nonuniform List<scalar> 0();
    }
    outlet
    {
        type            calculated;
        value           nonuniform List<scalar> 0();
    }
    top
    {
        type            calculated;
        value           nonuniform List<scalar> 0();
    }
    slipsurface
    {
        type            calculated;
        value           nonuniform List<scalar> 0();
    }
    procBoundary14to1
    {
        type            processor;
        value           nonuniform List<scalar> 4(-7.6289599e-06 -7.3780389e-06 -7.1408445e-06 -6.9220062e-06);
    }
    procBoundary14to4
    {
        type            processor;
        value           nonuniform List<scalar> 3(-0.0061515808 -0.006949683 -0.0078513204);
    }
    procBoundary14to6
    {
        type            processor;
        value           nonuniform List<scalar> 
26
(
-0.00026642629
-0.0003100016
-0.00036032701
-0.00041642621
-0.00047418395
-0.00053601483
-0.00060558493
-0.00068422111
-1.5562373e-05
-0.0007730726
-0.00087347773
-0.00098688222
-0.0011149527
-0.0012596175
-0.001423051
-0.0016076911
-0.0018162876
-0.0020519483
-0.0023181844
-0.0026189625
-0.0029587635
-0.0033426497
-0.0037763398
-0.0042662941
-0.0048198106
-0.0054451331
)
;
    }
    procBoundary14to9
    {
        type            processor;
        value           nonuniform List<scalar> 
32
(
0.00025971088
0.00030189201
-1.0178982e-05
-9.873819e-06
-9.5836383e-06
-9.3154089e-06
-9.0679944e-06
-8.8383524e-06
-8.6193633e-06
-8.4099503e-06
-8.2171611e-06
-8.042601e-06
-7.8827267e-06
-7.7324377e-06
-7.5914981e-06
-7.4626388e-06
-7.3473578e-06
-7.2417351e-06
-7.1428126e-06
-7.0529501e-06
-6.9736407e-06
-6.9032185e-06
-6.8388639e-06
-6.7805504e-06
0.00031228067
0.00036055061
0.00041691525
-1.1757219e-05
-1.1616698e-05
-1.1488579e-05
-1.1368434e-05
-1.1262407e-05
)
;
    }
    procBoundary14to12
    {
        type            processor;
        value           nonuniform List<scalar> 
23
(
0.00047025823
0.00054439289
0.00063134696
0.00073283674
0.00085002188
0.00098069836
0.0011155092
0.0012607407
0.0014243294
0.0016091338
0.0018179208
0.0020537984
0.0023202807
0.0026213382
0.0029614566
0.0033457036
0.0037798037
0.004270224
0.00482427
0.0054501939
0.0061573235
0.0069561984
0.0078587115
)
;
    }
    procBoundary14to15
    {
        type            processor;
        value           nonuniform List<scalar> 
32
(
1.3824982e-05
1.407756e-05
1.4340241e-05
1.4613613e-05
1.4898297e-05
1.519495e-05
1.550427e-05
1.5827e-05
1.6163931e-05
1.6515907e-05
1.6883831e-05
1.7268673e-05
1.7671471e-05
1.8093342e-05
1.8535489e-05
1.8999211e-05
1.9485908e-05
1.9997097e-05
2.0534424e-05
2.109968e-05
2.1694807e-05
2.2321916e-05
2.2983321e-05
2.368155e-05
2.4419365e-05
2.5199786e-05
2.6026145e-05
2.6902129e-05
2.7831797e-05
2.8819613e-05
2.987052e-05
3.0990057e-05
)
;
    }
}


// ************************************************************************* //
