/*--------------------------------*- C++ -*----------------------------------*\
  =========                 |
  \\      /  F ield         | OpenFOAM: The Open Source CFD Toolbox
   \\    /   O peration     | Website:  https://openfoam.org
    \\  /    A nd           | Version:  12
     \\/     M anipulation  |
\*---------------------------------------------------------------------------*/
FoamFile
{
    format      ascii;
    class       volVectorField;
    location    "1500";
    object      U;
}
// * * * * * * * * * * * * * * * * * * * * * * * * * * * * * * * * * * * * * //

dimensions      [0 1 -1 0 0 0 0];

internalField   nonuniform List<vector> 
467
(
(1.0011403 0.0019623208 0)
(1.0011809 0.0019527124 0)
(1.0012214 0.0019429945 0)
(1.0012616 0.0019331742 0)
(1.0013017 0.0019232661 0)
(1.0013416 0.0019132817 0)
(1.0013814 0.0019032259 0)
(1.001421 0.0018931083 0)
(1.0014605 0.0018829499 0)
(1.0015 0.0018727629 0)
(1.0015395 0.0018625487 0)
(1.0015789 0.0018523201 0)
(1.0016183 0.0018420973 0)
(1.0016578 0.0018318852 0)
(1.0016974 0.0018216834 0)
(1.001737 0.001811514 0)
(1.0017768 0.0018013819 0)
(1.0018167 0.0017912819 0)
(1.0018568 0.0017812347 0)
(1.001897 0.0017712431 0)
(1.0019376 0.0017613012 0)
(1.0019783 0.0017514294 0)
(1.0020194 0.0017416265 0)
(1.0020607 0.0017318874 0)
(1.0021024 0.0017222296 0)
(1.0021444 0.0017126504 0)
(1.0021868 0.0017031521 0)
(1.0022296 0.0016937386 0)
(1.0011361 0.0019540139 0)
(1.0011768 0.001944698 0)
(1.0012172 0.0019352599 0)
(1.0012575 0.0019257066 0)
(1.0012976 0.0019160522 0)
(1.0013375 0.0019063087 0)
(1.0013773 0.0018964823 0)
(1.001417 0.0018865836 0)
(1.0014566 0.0018766322 0)
(1.0014961 0.0018666411 0)
(1.0015356 0.0018566138 0)
(1.0015751 0.0018465628 0)
(1.0016146 0.0018365076 0)
(1.0016541 0.0018264543 0)
(1.0016937 0.0018164043 0)
(1.0017334 0.0018063779 0)
(1.0017732 0.0017963815 0)
(1.0018131 0.0017864114 0)
(1.0018532 0.0017764867 0)
(1.0018936 0.0017666117 0)
(1.0019342 0.0017567816 0)
(1.001975 0.0017470154 0)
(1.0020161 0.0017373134 0)
(1.0020575 0.0017276714 0)
(1.0020992 0.0017181058 0)
(1.0021413 0.0017086151 0)
(1.0021838 0.0016992017 0)
(1.0022266 0.0016898699 0)
(1.0011317 0.0019454232 0)
(1.0011724 0.00193641 0)
(1.0012129 0.0019272609 0)
(1.0012532 0.0019179835 0)
(1.0012933 0.0019085913 0)
(1.0013333 0.0018990966 0)
(1.0013731 0.0018895074 0)
(1.0014128 0.0018798347 0)
(1.0014525 0.0018700973 0)
(1.001492 0.0018603088 0)
(1.0015315 0.0018504745 0)
(1.0015711 0.0018406071 0)
(1.0016106 0.0018307251 0)
(1.0016501 0.0018208361 0)
(1.0016898 0.001810943 0)
(1.0017295 0.0018010646 0)
(1.0017693 0.0017912084 0)
(1.0018093 0.0017813725 0)
(1.0018495 0.0017715746 0)
(1.0018899 0.0017618199 0)
(1.0019305 0.0017521054 0)
(1.0019714 0.0017424484 0)
(1.0020125 0.0017328505 0)
(1.002054 0.0017233087 0)
(1.0020958 0.0017138382 0)
(1.0021379 0.0017044388 0)
(1.0021804 0.0016951129 0)
(1.0022234 0.0016858651 0)
(1.0011271 0.00193654 0)
(1.0011678 0.0019278397 0)
(1.0012084 0.0019189893 0)
(1.0012487 0.0019099966 0)
(1.0012888 0.0019008752 0)
(1.0013288 0.0018916378 0)
(1.0013687 0.0018822935 0)
(1.0014084 0.0018728541 0)
(1.0014481 0.0018633379 0)
(1.0014877 0.0018537589 0)
(1.0015273 0.0018441241 0)
(1.0015668 0.0018344463 0)
(1.0016064 0.0018247435 0)
(1.001646 0.0018150245 0)
(1.0016856 0.0018052934 0)
(1.0017254 0.0017955681 0)
(1.0017653 0.0017858569 0)
(1.0018053 0.0017761598 0)
(1.0018456 0.0017664929 0)
(1.001886 0.0017568628 0)
(1.0019266 0.0017472676 0)
(1.0019676 0.0017377235 0)
(1.0020087 0.0017282333 0)
(1.0020503 0.0017187949 0)
(1.0020921 0.0017094227 0)
(1.0021343 0.0017001173 0)
(1.0021769 0.0016908817 0)
(1.0022198 0.0016817205 0)
(1.0011223 0.0019273552 0)
(1.001163 0.0019189784 0)
(1.0012036 0.0019104364 0)
(1.0012439 0.0019017378 0)
(1.0012841 0.001892896 0)
(1.0013241 0.0018839242 0)
(1.001364 0.0018748328 0)
(1.0014038 0.0018656344 0)
(1.0014435 0.0018563466 0)
(1.0014831 0.0018469841 0)
(1.0015227 0.0018375555 0)
(1.0015623 0.0018280736 0)
(1.0016019 0.0018185561 0)
(1.0016416 0.0018090128 0)
(1.0016813 0.0017994493 0)
(1.0017211 0.0017898823 0)
(1.001761 0.0017803212 0)
(1.0018011 0.0017707674 0)
(1.0018413 0.0017612362 0)
(1.0018818 0.0017517349 0)
(1.0019225 0.001742263 0)
(1.0019635 0.0017328357 0)
(1.0020047 0.0017234567 0)
(1.0020463 0.0017141252 0)
(1.0020881 0.0017048545 0)
(1.0021304 0.0016956463 0)
(1.002173 0.0016865039 0)
(1.002216 0.001677432 0)
(1.0011172 0.00191786 0)
(1.001158 0.0019098172 0)
(1.0011986 0.0019015936 0)
(1.001239 0.0018931984 0)
(1.0012792 0.0018846452 0)
(1.0013192 0.0018759477 0)
(1.0013591 0.0018671175 0)
(1.0013989 0.0018581677 0)
(1.0014387 0.0018491159 0)
(1.0014783 0.0018399772 0)
(1.001518 0.0018307614 0)
(1.0015576 0.001821482 0)
(1.0015972 0.001812156 0)
(1.0016369 0.0018027945 0)
(1.0016766 0.001793404 0)
(1.0017165 0.0017840008 0)
(1.0017565 0.001774595 0)
(1.0017966 0.0017651894 0)
(1.0018369 0.0017557985 0)
(1.0018774 0.0017464305 0)
(1.0019181 0.0017370861 0)
(1.0019591 0.0017277796 0)
(1.0020004 0.0017185157 0)
(1.002042 0.0017092946 0)
(1.0020839 0.0017001288 0)
(1.0021262 0.0016910211 0)
(1.0021689 0.0016819749 0)
(1.0022119 0.0016729953 0)
(1.001112 0.0019080451 0)
(1.0011528 0.0019003473 0)
(1.0011934 0.0018924522 0)
(1.0012338 0.00188437 0)
(1.001274 0.0018761145 0)
(1.001314 0.0018677 0)
(1.001354 0.0018591393 0)
(1.0013938 0.0018504461 0)
(1.0014336 0.0018416379 0)
(1.0014733 0.0018327303 0)
(1.0015129 0.0018237345 0)
(1.0015526 0.0018146641 0)
(1.0015922 0.0018055362 0)
(1.001632 0.0017963625 0)
(1.0016717 0.001787151 0)
(1.0017116 0.0017779171 0)
(1.0017516 0.0017686719 0)
(1.0017918 0.0017594196 0)
(1.0018321 0.0017501738 0)
(1.0018727 0.0017409437 0)
(1.0019135 0.0017317311 0)
(1.0019545 0.0017225496 0)
(1.0019958 0.0017134048 0)
(1.0020374 0.0017042978 0)
(1.0020794 0.0016952406 0)
(1.0021217 0.0016862367 0)
(1.0021644 0.00167729 0)
(1.0022076 0.0016684057 0)
(1.0011065 0.0018979017 0)
(1.0011473 0.0018905597 0)
(1.0011879 0.0018830034 0)
(1.0012283 0.0018752437 0)
(1.0012685 0.0018672952 0)
(1.0013086 0.0018591727 0)
(1.0013486 0.0018508899 0)
(1.0013884 0.0018424615 0)
(1.0014282 0.0018339047 0)
(1.0014679 0.0018252358 0)
(1.0015076 0.001816467 0)
(1.0015473 0.0018076125 0)
(1.001587 0.0017986892 0)
(1.0016267 0.0017897096 0)
(1.0016666 0.001780683 0)
(1.0017065 0.0017716243 0)
(1.0017465 0.0017625452 0)
(1.0017867 0.0017534513 0)
(1.0018271 0.0017443558 0)
(1.0018677 0.0017352682 0)
(1.0019085 0.001726192 0)
(1.0019496 0.0017171398 0)
(1.0019909 0.0017081182 0)
(1.0020326 0.0016991292 0)
(1.0020746 0.0016901843 0)
(1.002117 0.0016812879 0)
(1.0021597 0.001672444 0)
(1.0022029 0.0016636583 0)
(1.0011008 0.0018874205 0)
(1.0011415 0.0018804454 0)
(1.0011821 0.0018732381 0)
(1.0012225 0.0018658109 0)
(1.0012628 0.0018581787 0)
(1.0013029 0.0018503572 0)
(1.0013428 0.001842361 0)
(1.0013827 0.0018342055 0)
(1.0014225 0.0018259081 0)
(1.0014623 0.0018174855 0)
(1.001502 0.001808951 0)
(1.0015417 0.0018003194 0)
(1.0015814 0.0017916075 0)
(1.0016212 0.0017828286 0)
(1.0016611 0.0017739929 0)
(1.001701 0.0017651153 0)
(1.0017411 0.001756208 0)
(1.0017814 0.0017472778 0)
(1.0018218 0.0017383376 0)
(1.0018624 0.0017293977 0)
(1.0019033 0.0017204624 0)
(1.0019444 0.001711544 0)
(1.0019858 0.0017026499 0)
(1.0020275 0.0016937829 0)
(1.0020695 0.0016849543 0)
(1.0021119 0.0016761689 0)
(1.0021547 0.0016674314 0)
(1.0021979 0.0016587477 0)
(1.0010947 0.0018765925 0)
(1.0011355 0.0018699952 0)
(1.0011761 0.0018631474 0)
(1.0012165 0.0018560625 0)
(1.0012567 0.0018487562 0)
(1.0012968 0.0018412448 0)
(1.0013368 0.0018335439 0)
(1.0013767 0.0018256696 0)
(1.0014165 0.0018176397 0)
(1.0014563 0.0018094711 0)
(1.001496 0.0018011785 0)
(1.0015358 0.0017927769 0)
(1.0015756 0.0017842832 0)
(1.0016154 0.0017757116 0)
(1.0016553 0.0017670731 0)
(1.0016953 0.0017583827 0)
(1.0017354 0.001749653 0)
(1.0017757 0.001740892 0)
(1.0018161 0.0017321126 0)
(1.0018568 0.0017233253 0)
(1.0018977 0.0017145358 0)
(1.0019388 0.0017057559 0)
(1.0019803 0.0016969937 0)
(1.002022 0.001688253 0)
(1.0020641 0.0016795445 0)
(1.0021065 0.0016708742 0)
(1.0021494 0.0016622467 0)
(1.0021926 0.0016536685 0)
(1.0010884 0.0018654086 0)
(1.0011292 0.0018592 0)
(1.0011698 0.0018527221 0)
(1.0012101 0.0018459894 0)
(1.0012504 0.0018390185 0)
(1.0012905 0.0018318264 0)
(1.0013305 0.0018244297 0)
(1.0013704 0.0018168451 0)
(1.0014102 0.0018090908 0)
(1.00145 0.0018011843 0)
(1.0014898 0.001793141 0)
(1.0015295 0.0017849767 0)
(1.0015693 0.0017767083 0)
(1.0016092 0.0017683507 0)
(1.0016491 0.0017599159 0)
(1.0016892 0.0017514189 0)
(1.0017293 0.0017428728 0)
(1.0017696 0.0017342867 0)
(1.0018101 0.0017256734 0)
(1.0018508 0.001717044 0)
(1.0018918 0.0017084052 0)
(1.001933 0.0016997686 0)
(1.0019744 0.0016911429 0)
(1.0020162 0.0016825328 0)
(1.0020584 0.0016739488 0)
(1.0021008 0.0016653974 0)
(1.0021437 0.0016568838 0)
(1.002187 0.0016484148 0)
(1.0010818 0.0018538596 0)
(1.0011226 0.0018480507 0)
(1.0011631 0.001841953 0)
(1.0012035 0.0018355825 0)
(1.0012437 0.0018289566 0)
(1.0012838 0.001822093 0)
(1.0013238 0.0018150093 0)
(1.0013637 0.001807723 0)
(1.0014035 0.0018002526 0)
(1.0014434 0.0017926162 0)
(1.0014831 0.00178483 0)
(1.0015229 0.0017769103 0)
(1.0015628 0.0017688744 0)
(1.0016027 0.0017607377 0)
(1.0016426 0.0017525132 0)
(1.0016827 0.0017442159 0)
(1.0017229 0.0017358595 0)
(1.0017632 0.0017274542 0)
(1.0018038 0.0017190126 0)
(1.0018445 0.0017105466 0)
(1.0018855 0.0017020636 0)
(1.0019267 0.0016935752 0)
(1.0019683 0.0016850907 0)
(1.0020101 0.0016766157 0)
(1.0020523 0.0016681605 0)
(1.0020948 0.0016597322 0)
(1.0021377 0.0016513365 0)
(1.002181 0.0016429804 0)
(1.0010749 0.0018419364 0)
(1.0011156 0.0018365379 0)
(1.0011561 0.0018308308 0)
(1.0011964 0.0018248323 0)
(1.0012367 0.001818561 0)
(1.0012767 0.0018120352 0)
(1.0013167 0.0018052735 0)
(1.0013567 0.0017982941 0)
(1.0013965 0.001791116 0)
(1.0014363 0.0017837578 0)
(1.0014762 0.0017762365 0)
(1.001516 0.001768569 0)
(1.0015558 0.0017607728 0)
(1.0015958 0.0017528641 0)
(1.0016357 0.0017448566 0)
(1.0016759 0.0017367655 0)
(1.0017161 0.0017286052 0)
(1.0017565 0.0017203865 0)
(1.0017971 0.0017121225 0)
(1.0018378 0.0017038253 0)
(1.0018789 0.0016955034 0)
(1.0019201 0.0016871683 0)
(1.0019617 0.00167883 0)
(1.0020036 0.0016704946 0)
(1.0020458 0.0016621727 0)
(1.0020884 0.0016538718 0)
(1.0021313 0.0016455982 0)
(1.0021747 0.0016373589 0)
(1.0010677 0.0018296297 0)
(1.0011083 0.0018246522 0)
(1.0011488 0.0018193458 0)
(1.0011891 0.0018137293 0)
(1.0012293 0.001807822 0)
(1.0012693 0.0018016434 0)
(1.0013093 0.0017952127 0)
(1.0013493 0.0017885489 0)
(1.0013891 0.0017816715 0)
(1.001429 0.0017745996 0)
(1.0014688 0.0017673512 0)
(1.0015086 0.0017599435 0)
(1.0015485 0.0017523946 0)
(1.0015885 0.0017447209 0)
(1.0016285 0.0017369373 0)
(1.0016686 0.0017290591 0)
(1.0017089 0.0017211012 0)
(1.0017493 0.0017130754 0)
(1.00179 0.0017049948 0)
(1.0018308 0.0016968722 0)
(1.0018719 0.0016887168 0)
(1.0019132 0.0016805403 0)
(1.0019548 0.0016723531 0)
(1.0019967 0.0016641623 0)
(1.002039 0.0016559783 0)
(1.0020816 0.0016478093 0)
(1.0021246 0.0016396619 0)
(1.002168 0.0016315437 0)
(1.0010601 0.0018169305 0)
(1.0011007 0.0018123842 0)
(1.0011411 0.0018074886 0)
(1.0011814 0.0018022638 0)
(1.0012215 0.0017967301 0)
(1.0012616 0.0017909078 0)
(1.0013016 0.001784817 0)
(1.0013415 0.0017784776 0)
(1.0013813 0.0017719094 0)
(1.0014212 0.0017651323 0)
(1.001461 0.0017581646 0)
(1.0015009 0.0017510245 0)
(1.0015408 0.0017437303 0)
(1.0015808 0.0017362991 0)
(1.0016209 0.0017287464 0)
(1.001661 0.001721088 0)
(1.0017013 0.001713339 0)
(1.0017418 0.0017055123 0)
(1.0017825 0.0016976213 0)
(1.0018234 0.0016896791 0)
(1.0018645 0.0016816958 0)
(1.0019058 0.0016736834 0)
(1.0019475 0.0016656525 0)
(1.0019895 0.0016576112 0)
(1.0020318 0.0016495699 0)
(1.0020745 0.0016415373 0)
(1.0021175 0.0016335207 0)
(1.002161 0.0016255277 0)
(1.0010522 0.0018038313 0)
(1.0010927 0.0017997261 0)
(1.001133 0.0017952509 0)
(1.0011733 0.0017904273 0)
(1.0012134 0.0017852764 0)
(1.0012534 0.0017798196 0)
(1.0012934 0.0017740778 0)
(1.0013333 0.0017680713 0)
(1.0013732 0.0017618209 0)
(1.001413 0.0017553468 0)
(1.0014529 0.001748668 0)
(1.0014928 0.0017418034 0)
(1.0015327 0.0017347715 0)
(1.0015727 0.0017275901 0)
(1.0016128 0.0017202754 0)
(1.001653 0.0017128436 0)
(1.0016934 0.0017053103 0)
(1.0017339 0.0016976891 0)
(1.0017746 0.0016899939 0)
(1.0018155 0.001682238 0)
(1.0018567 0.0016744326 0)
(1.0018981 0.0016665897 0)
(1.0019398 0.0016587205 0)
(1.0019819 0.0016508338 0)
(1.0020242 0.0016429402 0)
(1.0020669 0.0016350488 0)
(1.00211 0.0016271674 0)
(1.0021536 0.0016193042 0)
(1.0014042 0.001744813 0)
(1.001444 0.0017384436 0)
(1.0014839 0.001731874 0)
(1.0015239 0.0017251234 0)
(1.0015639 0.0017182101 0)
(1.0016041 0.0017111508 0)
(1.0016443 0.0017039623 0)
(1.0016847 0.0016966608 0)
(1.0017253 0.0016892605 0)
(1.001766 0.0016817758 0)
(1.001807 0.0016742205 0)
(1.0018482 0.0016666065 0)
(1.0018897 0.0016589461 0)
(1.0019315 0.0016512511 0)
(1.0019735 0.0016435309 0)
(1.0020159 0.0016357963 0)
(1.0020587 0.0016280571 0)
(1.0021019 0.0016203215 0)
(1.0021454 0.001612598 0)
)
;

boundaryField
{
    inlet
    {
        type            fixedValue;
        value           nonuniform List<vector> 0();
    }
    top
    {
        type            zeroGradient;
    }
    outlet
    {
        type            zeroGradient;
    }
    slipsurface
    {
        type            slip;
    }
    bottom
    {
        type            fixedValue;
        value           nonuniform List<vector> 0();
    }
    frontandback
    {
        type            empty;
    }
    procBoundary2to0
    {
        type            processor;
        value           uniform (1.0021357 0.0016046499 0);
    }
    procBoundary2to1
    {
        type            processor;
        value           nonuniform List<vector> 
17
(
(1.0022728 0.0016844098 0)
(1.0022699 0.00168062 0)
(1.0022667 0.0016766963 0)
(1.0022632 0.0016726351 0)
(1.0022595 0.0016684327 0)
(1.0022554 0.0016640848 0)
(1.0022511 0.001659587 0)
(1.0022465 0.0016549343 0)
(1.0022415 0.0016501217 0)
(1.0022363 0.0016451439 0)
(1.0022307 0.001639995 0)
(1.0022248 0.0016346691 0)
(1.0022185 0.0016291599 0)
(1.0022119 0.0016234609 0)
(1.0022049 0.0016175653 0)
(1.0021975 0.0016114662 0)
(1.0021894 0.0016048944 0)
)
;
    }
    procBoundary2to3
    {
        type            processor;
        value           nonuniform List<vector> 
28
(
(1.0010436 0.001789762 0)
(1.001084 0.001786126 0)
(1.0011243 0.0017820986 0)
(1.0011645 0.0017777024 0)
(1.0012046 0.0017729599 0)
(1.0012446 0.0017678932 0)
(1.0012845 0.001762524 0)
(1.0013244 0.0017568735 0)
(1.0013643 0.0017509629 0)
(1.0013643 0.0017509629 0)
(1.0013936 0.0017323414 0)
(1.0014334 0.0017263362 0)
(1.0014734 0.0017201142 0)
(1.0015133 0.0017136952 0)
(1.0015534 0.0017070979 0)
(1.0015936 0.0017003401 0)
(1.0016339 0.001693439 0)
(1.0016743 0.0016864114 0)
(1.0017149 0.0016792722 0)
(1.0017557 0.0016720364 0)
(1.0017968 0.0016647185 0)
(1.001838 0.0016573309 0)
(1.0018796 0.0016498867 0)
(1.0019214 0.001642398 0)
(1.0019635 0.001634875 0)
(1.002006 0.0016273291 0)
(1.0020489 0.0016197703 0)
(1.0020921 0.0016122076 0)
)
;
    }
    procBoundary2to5
    {
        type            processor;
        value           uniform (1.0022322 0.0016974744 0);
    }
    procBoundary2to6
    {
        type            processor;
        value           nonuniform List<vector> 
27
(
(1.0011443 0.0019703528 0)
(1.0011849 0.0019604617 0)
(1.0012254 0.0019504732 0)
(1.0012656 0.0019403944 0)
(1.0013056 0.0019302408 0)
(1.0013455 0.0019200235 0)
(1.0013852 0.0019097454 0)
(1.0014248 0.001899416 0)
(1.0014643 0.0018890573 0)
(1.0015037 0.0018786808 0)
(1.0015431 0.0018682858 0)
(1.0015825 0.0018578853 0)
(1.0016219 0.0018475006 0)
(1.0016613 0.0018371347 0)
(1.0017008 0.001826786 0)
(1.0017404 0.0018164782 0)
(1.0017802 0.001806215 0)
(1.00182 0.0017959893 0)
(1.00186 0.0017858235 0)
(1.0019003 0.0017757192 0)
(1.0019407 0.0017656689 0)
(1.0019814 0.0017556947 0)
(1.0020224 0.001745794 0)
(1.0020637 0.0017359608 0)
(1.0021053 0.0017262135 0)
(1.0021472 0.0017165483 0)
(1.0021895 0.0017069674 0)
)
;
    }
    procBoundary2to8
    {
        type            processor;
        value           uniform (1.0010994 0.001971823 0);
    }
    procBoundary2to12
    {
        type            processor;
        value           nonuniform List<vector> 
15
(
(1.0010951 0.0019632091 0)
(1.0010907 0.0019543008 0)
(1.0010861 0.0019450888 0)
(1.0010813 0.001935564 0)
(1.0010762 0.0019257173 0)
(1.001071 0.0019155395 0)
(1.0010655 0.0019050214 0)
(1.0010597 0.001894154 0)
(1.0010537 0.0018829281 0)
(1.0010475 0.0018713347 0)
(1.0010409 0.0018593649 0)
(1.001034 0.0018470096 0)
(1.0010268 0.00183426 0)
(1.0010193 0.0018211074 0)
(1.0010115 0.0018075447 0)
)
;
    }
}


// ************************************************************************* //
