/*--------------------------------*- C++ -*----------------------------------*\
  =========                 |
  \\      /  F ield         | OpenFOAM: The Open Source CFD Toolbox
   \\    /   O peration     | Website:  https://openfoam.org
    \\  /    A nd           | Version:  12
     \\/     M anipulation  |
\*---------------------------------------------------------------------------*/
FoamFile
{
    format      ascii;
    class       volVectorField;
    location    "1400";
    object      U;
}
// * * * * * * * * * * * * * * * * * * * * * * * * * * * * * * * * * * * * * //

dimensions      [0 1 -1 0 0 0 0];

internalField   nonuniform List<vector> 
1762
(
(0.99929668 0.0017456296 0)
(0.99941846 0.001826413 0)
(0.99955352 0.0018822985 0)
(0.99969226 0.0019128101 0)
(0.99982767 0.0019204193 0)
(0.99995519 0.0019084027 0)
(1.0000717 0.0018811742 0)
(1.0001758 0.0018431022 0)
(1.0002676 0.0017977947 0)
(1.0003477 0.0017481704 0)
(1.0004174 0.0016964406 0)
(1.0004779 0.00164417 0)
(0.99931893 0.0017176528 0)
(0.99943493 0.0017953425 0)
(0.99956368 0.0018503061 0)
(0.99969665 0.0018816186 0)
(0.9998272 0.0018912475 0)
(0.99995095 0.0018820581 0)
(1.0000648 0.0018579796 0)
(1.0001672 0.0018230389 0)
(1.000258 0.0017806546 0)
(1.0003378 0.0017336381 0)
(1.0004075 0.0016841656 0)
(1.0004682 0.0016338118 0)
(0.9993408 0.0016901985 0)
(0.99945133 0.0017649032 0)
(0.99957407 0.0018188548 0)
(0.99970146 0.0018507998 0)
(0.99982726 0.0018622533 0)
(0.99994723 0.0018556987 0)
(1.0000583 0.0018346185 0)
(1.0001589 0.0018027049 0)
(1.0002487 0.0017631819 0)
(1.000328 0.0017187466 0)
(1.0003976 0.0016715295 0)
(1.0004585 0.0016231066 0)
(0.9993623 0.0016632486 0)
(0.99946765 0.001735076 0)
(0.99958468 0.001787942 0)
(0.99970667 0.0018203639 0)
(0.99982781 0.001833456 0)
(0.99994404 0.0018293489 0)
(1.0000524 0.0018111143 0)
(1.0001511 0.0017821197 0)
(1.0002398 0.0017453909 0)
(1.0003185 0.0017035043 0)
(1.0003879 0.0016585361 0)
(1.0004489 0.0016120546 0)
(0.99938343 0.0016367864 0)
(0.99948388 0.0017058421 0)
(0.99959548 0.001757564 0)
(0.99971226 0.0017903195 0)
(0.99982885 0.0018048736 0)
(0.99994136 0.0018030322 0)
(1.0000469 0.0017874904 0)
(1.0001437 0.0017613033 0)
(1.0002311 0.0017272967 0)
(1.0003092 0.0016879212 0)
(1.0003784 0.0016451903 0)
(1.0004394 0.0016006568 0)
(0.99940421 0.0016107964 0)
(0.99950002 0.0016771834 0)
(0.99960645 0.0017277158 0)
(0.99971821 0.0017606741 0)
(0.99983035 0.001776523 0)
(0.99993918 0.0017767713 0)
(1.0000419 0.0017637703 0)
(1.0001367 0.0017402763 0)
(1.0002228 0.0017089151 0)
(1.0003001 0.001672008 0)
(1.000369 0.0016314982 0)
(1.00043 0.001588915 0)
(0.99942463 0.0015852639 0)
(0.99951605 0.0016490826 0)
(0.99961757 0.0016983915 0)
(0.9997245 0.0017314335 0)
(0.9998323 0.0017484194 0)
(0.9999375 0.001750588 0)
(1.0000374 0.001739977 0)
(1.0001301 0.0017190596 0)
(1.0002148 0.0016902631 0)
(1.0002913 0.0016557765 0)
(1.0003598 0.0016174665 0)
(1.0004208 0.001576832 0)
(0.99944472 0.0015601755 0)
(0.99953196 0.0016215228 0)
(0.9996288 0.0016695843 0)
(0.9997311 0.0017026027 0)
(0.99983469 0.0017205773 0)
(0.99993629 0.0017245031 0)
(1.0000333 0.0017161334 0)
(1.000124 0.0016976743 0)
(1.0002072 0.001671358 0)
(1.0002828 0.0016392393 0)
(1.0003508 0.0016031034 0)
(1.0004116 0.0015644117 0)
(0.99946448 0.0015355185 0)
(0.99954776 0.0015944881 0)
(0.99964015 0.0016412869 0)
(0.99973799 0.0016741853 0)
(0.99983748 0.0016930093 0)
(0.99993555 0.0016985364 0)
(1.0000297 0.0016922617 0)
(1.0001182 0.0016761418 0)
(1.0002 0.0016522179 0)
(1.0002746 0.00162241 0)
(1.000342 0.0015884178 0)
(1.0004026 0.0015516588 0)
(0.9994839 0.0015112807 0)
(0.99956342 0.001567963 0)
(0.99965159 0.0016134913 0)
(0.99974515 0.0016461836 0)
(0.99984067 0.0016657273 0)
(0.99993527 0.0016727065 0)
(1.0000266 0.001668384 0)
(1.0001129 0.0016544833 0)
(1.0001931 0.0016328612 0)
(1.0002666 0.0016053032 0)
(1.0003334 0.0015734195 0)
(1.0003937 0.001538579 0)
(0.99950301 0.0014874507 0)
(0.99957896 0.0015419328 0)
(0.9996631 0.001586189 0)
(0.99975256 0.0016185991 0)
(0.99984423 0.0016387417 0)
(0.99993543 0.0016470311 0)
(1.0000239 0.0016445212 0)
(1.000108 0.0016327202 0)
(1.0001866 0.001613307 0)
(1.000259 0.0015879339 0)
(1.0003251 0.0015581194 0)
(1.000385 0.0015251791 0)
(0.9995218 0.0014640178 0)
(0.99959435 0.0015163834 0)
(0.99967466 0.0015593712 0)
(0.9997602 0.001591432 0)
(0.99984814 0.0016120615 0)
(0.99993601 0.0016215265 0)
(1.0000217 0.0016206939 0)
(1.0001036 0.0016108736 0)
(1.0001804 0.0015935745 0)
(1.0002517 0.0015703179 0)
(1.000317 0.0015425294 0)
(1.0003765 0.0015114665 0)
(0.99954029 0.0014409713 0)
(0.9996096 0.0014913013 0)
(0.99968627 0.001533029 0)
(0.99976805 0.0015646818 0)
(0.99985238 0.001585695 0)
(0.999937 0.0015962082 0)
(1.0000199 0.0015969218 0)
(1.0000995 0.0015889643 0)
(1.0001747 0.0015736832 0)
(1.0002447 0.0015524719 0)
(1.0003092 0.0015266619 0)
(1.0003682 0.00149745 0)
(0.99955846 0.0014183015 0)
(0.99962471 0.0014666734 0)
(0.99969791 0.0015071531 0)
(0.99977609 0.0015383472 0)
(0.99985694 0.0015596489 0)
(0.99993839 0.0015710901 0)
(1.0000186 0.0015732238 0)
(1.0000959 0.0015670128 0)
(1.0001693 0.0015536527 0)
(1.000238 0.0015344126 0)
(1.0003016 0.0015105303 0)
(1.0003601 0.001483139 0)
(0.99957634 0.0013959987 0)
(0.99963966 0.0014424873 0)
(0.99970956 0.0014817341 0)
(0.99978429 0.0015124258 0)
(0.9998618 0.0015339291 0)
(0.99994015 0.0015461854 0)
(1.0000176 0.0015496178 0)
(1.0000927 0.0015450392 0)
(1.0001643 0.0015335026 0)
(1.0002317 0.0015161575 0)
(1.0002944 0.0014941486 0)
(1.0003522 0.0014685438 0)
(0.99959392 0.0013740537 0)
(0.99965445 0.001418731 0)
(0.99972121 0.0014567628 0)
(0.99979266 0.001486915 0)
(0.99986692 0.0015085405 0)
(0.99994227 0.0015215059 0)
(1.0000171 0.0015261208 0)
(1.0000899 0.0015230629 0)
(1.0001597 0.0015132526 0)
(1.0002257 0.0014977245 0)
(1.0002874 0.0014775317 0)
(1.0003446 0.0014536756 0)
(0.99961121 0.0013524576 0)
(0.99966909 0.0013953929 0)
(0.99973286 0.0014322296 0)
(0.99980116 0.0014618111 0)
(0.99987231 0.0014834866 0)
(0.99994473 0.0014970623 0)
(1.0000169 0.0015027489 0)
(1.0000875 0.0015011028 0)
(1.0001555 0.0014929219 0)
(1.0002201 0.0014791313 0)
(1.0002807 0.0014606948 0)
(1.0003371 0.0014385463 0)
(0.99962821 0.001331202 0)
(0.99968356 0.001372462 0)
(0.99974449 0.0014081252 0)
(0.99980977 0.0014371101 0)
(0.99987793 0.0014587706 0)
(0.99994752 0.0014728643 0)
(1.0000171 0.0014795171 0)
(1.0000855 0.0014791773 0)
(1.0001517 0.0014725297 0)
(1.0002148 0.0014603962 0)
(1.0002743 0.0014436536 0)
(1.00033 0.0014231686 0)
(0.99964493 0.0013102786 0)
(0.99969787 0.0013499273 0)
(0.99975608 0.0013844403 0)
(0.9998185 0.0014128076 0)
(0.99988378 0.0014343942 0)
(0.99995061 0.0014489204 0)
(1.0000177 0.0014564394 0)
(1.0000839 0.0014573037 0)
(1.0001482 0.0014520948 0)
(1.0002098 0.0014415373 0)
(1.0002682 0.0014264244 0)
(1.0003231 0.0014075559 0)
(0.99966137 0.0012896793 0)
(0.99971201 0.0013277787 0)
(0.99976764 0.0013611655 0)
(0.99982731 0.0013888987 0)
(0.99988982 0.0014103588 0)
(0.999954 0.0014252383 0)
(1.0000187 0.0014335289 0)
(1.0000827 0.0014354988 0)
(1.0001451 0.0014316355 0)
(1.0002052 0.0014225729 0)
(1.0002624 0.0014090236 0)
(1.0003164 0.001391722 0)
(0.99967752 0.0012693963 0)
(0.99972598 0.0013060059 0)
(0.99977915 0.0013382918 0)
(0.9998362 0.001365378 0)
(0.99989606 0.0013866647 0)
(0.99995766 0.0014018243 0)
(1.0000199 0.0014107976 0)
(1.0000818 0.0014137785 0)
(1.0001424 0.0014111698 0)
(1.000201 0.001403521 0)
(1.000257 0.0013914681 0)
(1.00031 0.0013756814 0)
(0.9996934 0.0012494223 0)
(0.99973978 0.0012845993 0)
(0.9997906 0.00131581 0)
(0.99984514 0.00134224 0)
(0.99990245 0.0013633116 0)
(0.99996157 0.0013786843 0)
(1.0000215 0.0013882564 0)
(1.0000813 0.0013921578 0)
(1.0001401 0.001390715 0)
(1.0001971 0.0013843993 0)
(1.0002519 0.0013737747 0)
(1.0003039 0.0013594489 0)
(0.99970901 0.0012297498 0)
(0.99975339 0.0012635494 0)
(0.99980198 0.0012937113 0)
(0.99985414 0.0013194788 0)
(0.999909 0.0013402987 0)
(0.99996572 0.0013558228 0)
(1.0000234 0.0013659155 0)
(1.0000811 0.0013706509 0)
(1.000138 0.0013702876 0)
(1.0001935 0.0013652256 0)
(1.000247 0.0013559604 0)
(1.0002981 0.0013430399 0)
(0.99972435 0.0012103718 0)
(0.99976683 0.0012428471 0)
(0.99981329 0.0012719867 0)
(0.99986316 0.0012970885 0)
(0.99991569 0.0013176243 0)
(0.99997009 0.0013332438 0)
(1.0000255 0.0013437836 0)
(1.0000812 0.001349271 0)
(1.0001364 0.0013499038 0)
(1.0001903 0.0013460169 0)
(1.0002425 0.0013380421 0)
(1.0002926 0.0013264699 0)
(0.99973941 0.0011912814 0)
(0.99978009 0.0012224835 0)
(0.99982452 0.0012506276 0)
(0.99987221 0.0012750628 0)
(0.99992249 0.0012952866 0)
(0.99997466 0.0013109501 0)
(1.000028 0.0013218691 0)
(1.0000817 0.0013280304 0)
(1.000135 0.0013295789 0)
(1.0001875 0.0013267901 0)
(1.0002384 0.0013200368 0)
(1.0002874 0.0013097545 0)
(0.99975421 0.0011724718 0)
(0.99979316 0.00120245 0)
(0.99983566 0.0012296255 0)
(0.99988127 0.0012533952 0)
(0.9999294 0.0012732829 0)
(0.99997942 0.0012889442 0)
(1.0000307 0.001300179 0)
(1.0000824 0.0013069405 0)
(1.000134 0.0013093274 0)
(1.0001849 0.0013075615 0)
(1.0002345 0.001301961 0)
(1.0002824 0.0012929098 0)
(0.99976874 0.0011539366 0)
(0.99980604 0.0011827382 0)
(0.9998467 0.001208972 0)
(0.99989033 0.0012320794 0)
(0.9999364 0.0012516103 0)
(0.99998435 0.0012672274 0)
(1.0000336 0.0012787195 0)
(1.0000835 0.001286012 0)
(1.0001333 0.0012891629 0)
(1.0001827 0.0012883468 0)
(1.0002309 0.0012838311 0)
(1.0002778 0.0012759516 0)
(0.99978301 0.0011356693 0)
(0.99981874 0.0011633399 0)
(0.99985764 0.0011886587 0)
(0.99989937 0.0012111088 0)
(0.99994347 0.0012302655 0)
(0.99998943 0.0012458008 0)
(1.0000367 0.0012574961 0)
(1.0000847 0.0012652543 0)
(1.0001329 0.0012690986 0)
(1.0001807 0.001269161 0)
(1.0002277 0.0012656634 0)
(1.0002734 0.0012588958 0)
(0.99979701 0.0011176637 0)
(0.99983124 0.0011442472 0)
(0.99986846 0.0011686776 0)
(0.99990839 0.0011904767 0)
(0.9999506 0.0012092448 0)
(0.99999466 0.0012246645 0)
(1.0000401 0.0012365134 0)
(1.0000863 0.0012446761 0)
(1.0001328 0.0012491465 0)
(1.0001791 0.0012500188 0)
(1.0002247 0.0012474734 0)
(1.0002693 0.0012417582 0)
(0.99981075 0.0010999137 0)
(0.99984355 0.0011254524 0)
(0.99987917 0.0011490207 0)
(0.99991737 0.0011701764 0)
(0.99995778 0.0011885441 0)
(1 0.0012038183 0)
(1.0000436 0.0012157752 0)
(1.0000881 0.0012242855 0)
(1.000133 0.0012293179 0)
(1.0001778 0.0012309339 0)
(1.0002221 0.0012292763 0)
(1.0002655 0.0012245544 0)
(0.99982423 0.0010824134 0)
(0.99985566 0.001106948 0)
(0.99988976 0.0011296801 0)
(0.99992631 0.0011502012 0)
(0.99996499 0.0011681593 0)
(1.0000055 0.0011832613 0)
(1.0000473 0.0011952846 0)
(1.0000901 0.0012040893 0)
(1.0001334 0.0012096233 0)
(1.0001767 0.0012119194 0)
(1.0002197 0.001211087 0)
(1.000262 0.0012072997 0)
(0.99983745 0.0010651569 0)
(0.99986757 0.0010887265 0)
(0.99990021 0.0011106482 0)
(0.99993519 0.0011305444 0)
(0.99997223 0.0011480857 0)
(1.000011 0.0011629921 0)
(1.0000512 0.0011750439 0)
(1.0000923 0.0011840937 0)
(1.000134 0.0011900723 0)
(1.0001759 0.0011929877 0)
(1.0002176 0.0011929196 0)
(1.0002587 0.0011900091 0)
(0.9998504 0.0010481387 0)
(0.99987928 0.001070781 0)
(0.99991053 0.0010919173 0)
(0.99994402 0.0011111993 0)
(0.99997947 0.0011283187 0)
(1.0000166 0.001143009 0)
(1.0000552 0.001155055 0)
(1.0000947 0.0011643041 0)
(1.0001349 0.0011706736 0)
(1.0001754 0.0011741504 0)
(1.0002158 0.0011747876 0)
(0.9998631 0.001031353 0)
(0.99989078 0.0010531042 0)
(0.99992071 0.0010734802 0)
(0.99995276 0.0010921591 0)
(0.99998671 0.0011088534 0)
(1.0000223 0.0011233098 0)
(1.0000593 0.0011353188 0)
(1.0000973 0.0011447253 0)
(1.000136 0.0011514354 0)
(1.0001751 0.0011554183 0)
(1.0002142 0.0011567041 0)
(0.99987553 0.0010147945 0)
(0.99990207 0.0010356895 0)
(0.99993075 0.0010553294 0)
(0.99996143 0.0010734172 0)
(0.99999393 0.0010896846 0)
(1.000028 0.0011038919 0)
(1.0000635 0.0011158361 0)
(1.0001 0.001125361 0)
(1.0001373 0.0011323647 0)
(1.000175 0.0011368014 0)
(1.0002129 0.0011386812 0)
(0.9998877 0.00099845769 0)
(0.99991316 0.0010185302 0)
(0.99994063 0.0010374579 0)
(0.99997001 0.0010549669 0)
(1.0000011 0.0010708072 0)
(1.0000338 0.0010847524 0)
(1.0000678 0.0010966067 0)
(1.0001029 0.0011062147 0)
(1.0001388 0.0011134681 0)
(1.0001752 0.0011183091 0)
(1.0002118 0.0011207306 0)
(0.99989961 0.0009823374 0)
(0.99992403 0.0010016196 0)
(0.99995035 0.0010198586 0)
(0.99997849 0.0010368016 0)
(1.0000083 0.001052216 0)
(1.0000396 0.0010658881 0)
(1.0000722 0.0010776302 0)
(1.0001059 0.0010872887 0)
(1.0001405 0.0010947512 0)
(1.0001755 0.00109995 0)
(0.99991127 0.00096642844 0)
(0.99993469 0.00098495158 0)
(0.99995991 0.0010025247 0)
(0.99998686 0.0010189148 0)
(1.0000154 0.0010339054 0)
(1.0000454 0.0010472957 0)
(1.0000767 0.0010589058 0)
(1.0001091 0.0010685853 0)
(1.0001423 0.0010762191 0)
(1.0001761 0.0010817319 0)
(0.99992266 0.00095072577 0)
(0.99994513 0.00096851976 0)
(0.9999693 0.00098544937 0)
(0.99999512 0.0010012999 0)
(1.0000225 0.0010158701 0)
(1.0000512 0.0010289713 0)
(1.0000812 0.0010404321 0)
(1.0001123 0.0010501058 0)
(1.0001442 0.0010578761 0)
(0.99993378 0.00093522447 0)
(0.99995535 0.00095231819 0)
(0.99997853 0.00096862621 0)
(1.0000033 0.00098395066 0)
(1.0000295 0.0009981047 0)
(1.000057 0.0010109114 0)
(1.0000858 0.0010222076 0)
(1.0001156 0.0010318512 0)
(1.0001463 0.001039726 0)
(0.99994465 0.0009199198 0)
(0.99996535 0.00093634105 0)
(0.99998757 0.00095204885 0)
(1.0000113 0.00096686089 0)
(1.0000364 0.00098060381 0)
(1.0000628 0.00099311187 0)
(1.0000904 0.0010042305 0)
(1.000119 0.0010138222 0)
(1.0001485 0.001021772 0)
(1.0001787 0.0010279915 0)
(1.0002094 0.0010324212 0)
(0.99995525 0.00090480734 0)
(0.99997512 0.00092058288 0)
(0.99999643 0.00093571126 0)
(1.0000191 0.00095002459 0)
(1.0000432 0.00096336216 0)
(1.0000685 0.00097556891 0)
(1.0000949 0.00098649854 0)
(1.0001224 0.0009960189 0)
(1.0001508 0.0010040169 0)
(1.0001799 0.0010104023 0)
(1.0002095 0.0010151105 0)
(0.99996559 0.00088988279 0)
(0.99998466 0.00090503859 0)
(1.0000051 0.00091960788 0)
(1.0000269 0.00093343621 0)
(1.0000499 0.00094637475 0)
(1.0000742 0.00095827863 0)
(1.0000995 0.00096900967 0)
(1.0001259 0.00097844125 0)
(1.0001532 0.00098646279 0)
(1.0001811 0.00099298335 0)
(1.0002097 0.00099793447 0)
(0.99997565 0.00087514183 0)
(0.99999396 0.00088970275 0)
(1.0000136 0.0009037329 0)
(1.0000344 0.00091709012 0)
(1.0000565 0.00092963664 0)
(1.0000798 0.00094123725 0)
(1.0001041 0.00095176165 0)
(1.0001294 0.00096108888 0)
(1.0001556 0.00096911143 0)
(1.0001825 0.00097573851 0)
(1.00021 0.00098089895 0)
(0.99998542 0.0008605951 0)
(1.000003 0.00087458358 0)
(1.0000218 0.00088809238 0)
(1.0000418 0.00090099071 0)
(1.000063 0.00091315125 0)
(1.0000853 0.00092444784 0)
(1.0001086 0.0009347578 0)
(1.0001329 0.00094396595 0)
(1.000158 0.00095196827 0)
(1.0001839 0.0009586749 0)
(1.0002104 0.00096401295 0)
(0.99999488 0.00084611182 0)
(1.0000118 0.00085955216 0)
(1.0000298 0.00087256049 0)
(1.000049 0.00088501694 0)
(1.0000693 0.00089680414 0)
(1.0000907 0.0009078046 0)
(1.000113 0.00091790284 0)
(1.0001364 0.0009269893 0)
(1.0001605 0.00093496346 0)
(1.0001854 0.00094173668 0)
(1.000211 0.00094723488 0)
(0.99999983 5.684846e-06 -1.1507591e-21)
(0.99998143 1.8582074e-05 0)
(0.99994517 3.3300879e-05 0)
(0.99989711 5.0331433e-05 0)
(0.99983736 7.1384821e-05 0)
(0.99976776 9.8004907e-05 0)
(0.99968847 0.00013176947 0)
(0.99960101 0.00017550694 0)
(0.99950594 0.00023085743 0)
(0.99940637 0.0003022891 0)
(0.99930481 0.00039061467 0)
(0.9992072 0.00050100686 0)
(0.99911983 0.00063105163 0)
(0.99905055 0.00078226547 0)
(0.99900738 0.00094637835 0)
(0.99899465 0.0011164511 0)
(0.99901387 0.0012807207 0)
(0.99906027 0.0014289603 0)
(0.99912626 0.0015546069 0)
(0.99920181 0.0016549988 0)
(0.99999982 5.8450249e-06 0)
(0.99998145 1.9095138e-05 0)
(0.99994528 3.4214964e-05 0)
(0.99989736 5.1700686e-05 0)
(0.99983784 7.3299789e-05 0)
(0.99976858 0.00010058137 0)
(0.99968984 0.00013514308 0)
(0.99960319 0.00017981554 0)
(0.99950934 0.00023623266 0)
(0.99941148 0.00030874598 0)
(0.99931237 0.00039809671 0)
(0.99921793 0.00050902464 0)
(0.99913456 0.00063897677 0)
(0.99906977 0.00078869474 0)
(0.99903108 0.00094993525 0)
(0.99902215 0.0011153902 0)
(0.99904366 0.0012738889 0)
(0.99909053 0.0014159184 0)
(0.99915518 0.0015356914 0)
(0.99922813 0.001631276 0)
(0.99999981 6.0095828e-06 0)
(0.99998148 1.9621462e-05 0)
(0.99994539 3.5152169e-05 0)
(0.99989762 5.3103479e-05 0)
(0.99983834 7.5259438e-05 0)
(0.99976945 0.00010321372 0)
(0.99969129 0.00013858251 0)
(0.99960547 0.00018419449 0)
(0.99951289 0.00024167312 0)
(0.99941679 0.00031524283 0)
(0.99932018 0.00040556469 0)
(0.99922896 0.0005169383 0)
(0.99914958 0.00064666477 0)
(0.99908922 0.00079475175 0)
(0.99905485 0.00095299285 0)
(0.9990495 0.0011138091 0)
(0.99907306 0.0012666236 0)
(0.99912023 0.0014026451 0)
(0.99918348 0.0015168163 0)
(0.99925388 0.001607836 0)
(0.9999998 6.1786292e-06 0)
(0.99998151 2.0161319e-05 0)
(0.9999455 3.6112928e-05 0)
(0.99989789 5.4540344e-05 0)
(0.99983887 7.7264284e-05 0)
(0.99977037 0.00010590225 0)
(0.9996928 0.00014208747 0)
(0.99960786 0.00018864226 0)
(0.99951659 0.0002471752 0)
(0.99942232 0.00032177304 0)
(0.99932826 0.00041300805 0)
(0.9992403 0.00052473411 0)
(0.99916489 0.0006541009 0)
(0.99910888 0.00080042567 0)
(0.99907867 0.00095555121 0)
(0.99907666 0.0011117195 0)
(0.99910206 0.0012589471 0)
(0.99914936 0.0013891633 0)
(0.99921117 0.0014979938 0)
(0.99927909 0.00158468 0)
(0.99999978 6.3522752e-06 0)
(0.99998154 2.0714983e-05 0)
(0.99994563 3.7097668e-05 0)
(0.99989818 5.6011796e-05 0)
(0.99983943 7.9314804e-05 0)
(0.99977133 0.00010864716 0)
(0.99969439 0.00014565748 0)
(0.99961037 0.00019315711 0)
(0.99952045 0.0002527349 0)
(0.99942806 0.00032832956 0)
(0.9993366 0.00042041582 0)
(0.99925193 0.00053239822 0)
(0.99918048 0.00066127089 0)
(0.99912874 0.00080570665 0)
(0.99910252 0.00095761171 0)
(0.99910362 0.0011091338 0)
(0.99913064 0.0012508816 0)
(0.99917794 0.001375495 0)
(0.99923827 0.0014792354 0)
(0.99930377 0.001561808 0)
(0.99999977 6.5306339e-06 0)
(0.99998158 2.1282727e-05 0)
(0.99994576 3.8106811e-05 0)
(0.99989848 5.7518328e-05 0)
(0.99984001 8.1411428e-05 0)
(0.99977234 0.00011144858 0)
(0.99969606 0.00014929194 0)
(0.99961299 0.00019773702 0)
(0.99952448 0.0002583479 0)
(0.99943402 0.00033490493 0)
(0.99934521 0.00042777671 0)
(0.99926386 0.00053991671 0)
(0.99919634 0.000668161 0)
(0.99914876 0.00081058594 0)
(0.99912636 0.00095917704 0)
(0.99913037 0.0011060656 0)
(0.99915881 0.0012424491 0)
(0.99920596 0.001361661 0)
(0.99926479 0.0014605515 0)
(0.99932794 0.0015392196 0)
(0.99999976 6.71382e-06 0)
(0.99998161 2.1864823e-05 0)
(0.9999459 3.9140768e-05 0)
(0.9998988 5.9060413e-05 0)
(0.99984063 8.3554537e-05 0)
(0.99977341 0.00011430651 0)
(0.99969781 0.00015299005 0)
(0.99961573 0.00020237971 0)
(0.99952867 0.0002640095 0)
(0.9994402 0.00034149129 0)
(0.99935409 0.00043507908 0)
(0.99927608 0.00054727564 0)
(0.99921245 0.00067475807 0)
(0.99916894 0.00081505591 0)
(0.99915019 0.0009602512 0)
(0.99915687 0.0011025293 0)
(0.99918655 0.0012336711 0)
(0.99923344 0.0013476813 0)
(0.99929074 0.0014419514 0)
(0.99935161 0.0015169134 0)
(0.99999975 6.9019499e-06 -1.3524302e-21)
(0.99998165 2.2461542e-05 0)
(0.99994604 4.0199941e-05 0)
(0.99989913 6.0638494e-05 0)
(0.99984128 8.5744452e-05 0)
(0.99977453 0.00011722088 0)
(0.99969964 0.00015675085 0)
(0.99961859 0.00020708264 0)
(0.99953304 0.00026971462 0)
(0.99944661 0.00034808035 0)
(0.99936323 0.000442311 0)
(0.99928859 0.00055446109 0)
(0.99922881 0.00068104961 0)
(0.99918925 0.00081911008 0)
(0.99917397 0.00096083935 0)
(0.99918312 0.00109854 0)
(0.99921385 0.0012245689 0)
(0.99926037 0.0013335744 0)
(0.99931615 0.0014234438 0)
(0.99937479 0.0014948877 0)
(0.99999973 7.0951414e-06 0)
(0.99998169 2.3073148e-05 0)
(0.9999462 4.1284721e-05 0)
(0.99989949 6.2252987e-05 0)
(0.99984196 8.7981434e-05 0)
(0.9997757 0.00012019149 0)
(0.99970156 0.00016057316 0)
(0.99962158 0.00021184296 0)
(0.99953758 0.00027545778 0)
(0.99945325 0.00035466341 0)
(0.99937264 0.00044946031 0)
(0.99930137 0.00056145928 0)
(0.99924539 0.00068702387 0)
(0.99920967 0.00082274318 0)
(0.99919768 0.00096094782 0)
(0.9992091 0.0010941135 0)
(0.99924071 0.0012151632 0)
(0.99928677 0.0013193581 0)
(0.99934101 0.0014050366 0)
(0.9993975 0.0014731403 0)
(0.99999972 7.2935134e-06 0)
(0.99998173 2.3699904e-05 0)
(0.99994636 4.2395484e-05 0)
(0.99989986 6.3904272e-05 0)
(0.99984268 9.0265675e-05 0)
(0.99977693 0.000123218 0)
(0.99970358 0.00016445563 0)
(0.99962471 0.00021665754 0)
(0.99954231 0.00028123315 0)
(0.99946012 0.0003612314 0)
(0.99938232 0.00045651464 0)
(0.99931442 0.00056825658 0)
(0.99926219 0.00069266986 0)
(0.99923018 0.00082595111 0)
(0.9992213 0.00096058403 0)
(0.99923479 0.0010892659 0)
(0.99926713 0.0012054741 0)
(0.99931264 0.0013050489 0)
(0.99936535 0.0013867368 0)
(0.99941976 0.0014516688 0)
(0.9999997 7.4971865e-06 0)
(0.99998177 2.4342068e-05 0)
(0.99994653 4.3532588e-05 0)
(0.99990026 6.5592694e-05 0)
(0.99984343 9.2597291e-05 0)
(0.99977823 0.00012629996 0)
(0.99970568 0.00016839666 0)
(0.99962797 0.00022152291 0)
(0.99954721 0.00028703449 0)
(0.99946722 0.00036777487 0)
(0.99939226 0.00046346145 0)
(0.99932772 0.00057483962 0)
(0.99927918 0.00069797747 0)
(0.99925076 0.00082873099 0)
(0.99924482 0.00095975638 0)
(0.99926018 0.001084014 0)
(0.9992931 0.0011955212 0)
(0.99933799 0.0012906625 0)
(0.99938917 0.0013685507 0)
(0.99944157 0.0014304703 0)
(0.99999968 7.7062821e-06 0)
(0.99998182 2.4999891e-05 0)
(0.99994671 4.4696375e-05 0)
(0.99990067 6.7318554e-05 0)
(0.99984423 9.4976318e-05 0)
(0.99977959 0.00012943676 0)
(0.99970788 0.00017239444 0)
(0.99963137 0.00022643532 0)
(0.99955231 0.00029285516 0)
(0.99947455 0.00037428402 0)
(0.99940245 0.00047028808 0)
(0.99934128 0.00058119534 0)
(0.99929635 0.00070293744 0)
(0.99927138 0.00083108115 0)
(0.9992682 0.00095847421 0)
(0.99928526 0.0010783745 0)
(0.99931862 0.0011853236 0)
(0.99936282 0.0012762134 0)
(0.9994125 0.001350484 0)
(0.99946294 0.001409542 0)
(0.99999966 7.9209227e-06 0)
(0.99998187 2.5673617e-05 0)
(0.9999469 4.5887164e-05 0)
(0.99990111 6.9082105e-05 0)
(0.99984506 9.7402701e-05 0)
(0.99978101 0.00013262766 0)
(0.99971019 0.00017644691 0)
(0.99963491 0.00023139066 0)
(0.99955759 0.00029868817 0)
(0.99948212 0.00038074871 0)
(0.99941291 0.00047698185 0)
(0.99935508 0.00058731104 0)
(0.99931368 0.00070754147 0)
(0.99929203 0.00083300113 0)
(0.99929143 0.00095674771 0)
(0.99931001 0.0010723647 0)
(0.9993437 0.0011748997 0)
(0.99938715 0.0012617153 0)
(0.99943533 0.0013325419 0)
(0.99948389 0.0013888806 0)
(0.99999964 8.1412316e-06 0)
(0.99998192 2.6363482e-05 0)
(0.9999471 4.7105251e-05 0)
(0.99990157 7.0883553e-05 0)
(0.99984593 9.9876291e-05 0)
(0.9997825 0.00013587173 0)
(0.99971259 0.00018055178 0)
(0.9996386 0.0002363845 0)
(0.99956307 0.00030452611 0)
(0.99948992 0.00038715851 0)
(0.99942361 0.00048353002 0)
(0.99936911 0.0005931745 0)
(0.99933116 0.00071178221 0)
(0.99931268 0.00083449163 0)
(0.99931449 0.00095458783 0)
(0.99933443 0.0010660017 0)
(0.99936832 0.0011642671 0)
(0.99941099 0.0012471807 0)
(0.99945769 0.0013147287 0)
(0.99950443 0.0013684829 0)
(0.99999962 8.3673326e-06 -7.7764325e-22)
(0.99998197 2.7069712e-05 0)
(0.99994731 4.8350904e-05 0)
(0.99990205 7.2723044e-05 0)
(0.99984685 0.00010239683 0)
(0.99978406 0.00013916789 0)
(0.9997151 0.00018470648 0)
(0.99964244 0.00024141205 0)
(0.99956874 0.00031036122 0)
(0.99949796 0.0003935027 0)
(0.99943456 0.00048991995 0)
(0.99938335 0.00059877397 0)
(0.99934877 0.00071565333 0)
(0.99933332 0.00083555449 0)
(0.99933737 0.0009520062 0)
(0.99935851 0.0010593026 0)
(0.99939249 0.001153443 0)
(0.99943433 0.0012326217 0)
(0.99947958 0.0012970484 0)
(0.99952456 0.0013483456 0)
(0.9999996 8.5993503e-06 0)
(0.99998203 2.7792521e-05 0)
(0.99994753 4.9624363e-05 0)
(0.99990256 7.4600664e-05 0)
(0.99984782 0.00010496396 0)
(0.9997857 0.00014251487 0)
(0.99971773 0.00018890817 0)
(0.99964644 0.0002464682 0)
(0.99957461 0.00031618537 0)
(0.99950623 0.00039977033 0)
(0.99944575 0.00049613907 0)
(0.99939779 0.00060409831 0)
(0.99936648 0.0007191495 0)
(0.99935392 0.00083619267 0)
(0.99936005 0.00094901502 0)
(0.99938223 0.0010522846 0)
(0.99941621 0.0011424436 0)
(0.9994572 0.0012180492 0)
(0.99950102 0.0012795046 0)
(0.9995443 0.0013284652 0)
(0.99999958 8.837409e-06 0)
(0.99998209 2.8532113e-05 0)
(0.99994777 5.0925832e-05 0)
(0.99990309 7.6516431e-05 0)
(0.99984883 0.00010757718 0)
(0.99978741 0.00014591119 0)
(0.99972046 0.00019315373 0)
(0.99965059 0.00025154745 0)
(0.99958068 0.00032199008 0)
(0.99951473 0.00040595026 0)
(0.99945717 0.00050217499 0)
(0.99941242 0.000609137 0)
(0.99938428 0.00072226643 0)
(0.99937446 0.0008364102 0)
(0.99938251 0.00094562704 0)
(0.99940559 0.0010449646 0)
(0.99943948 0.0011312848 0)
(0.99947959 0.0012034733 0)
(0.99952201 0.0012621 0)
(0.99956365 0.0013088382 0)
(0.99999956 9.0816334e-06 0)
(0.99998215 2.9288675e-05 0)
(0.99994801 5.2255479e-05 0)
(0.99990365 7.8470289e-05 0)
(0.99984989 0.00011023588 0)
(0.9997892 0.00014935519 0)
(0.99972331 0.00019743975 0)
(0.9996549 0.00025664397 0)
(0.99958695 0.00032776654 0)
(0.99952346 0.00041203115 0)
(0.99946881 0.00050801557 0)
(0.99942723 0.00061388019 0)
(0.99940215 0.00072500087 0)
(0.99939492 0.00083621211 0)
(0.99940473 0.00094185541 0)
(0.99942859 0.0010373594 0)
(0.99946231 0.0011199814 0)
(0.99950151 0.0011889037 0)
(0.99954256 0.0012448374 0)
(0.99958263 0.0012894611 0)
(0.99999953 9.3321478e-06 0)
(0.99998222 3.0062378e-05 0)
(0.99994827 5.3613432e-05 0)
(0.99990424 8.0462103e-05 0)
(0.999851 0.0001129393 0)
(0.99979107 0.00015284499 0)
(0.99972628 0.00020176252 0)
(0.99965937 0.00026175158 0)
(0.99959341 0.00033350562 0)
(0.99953241 0.00041800157 0)
(0.99948067 0.00051364892 0)
(0.99944219 0.00061831881 0)
(0.99942008 0.00072735061 0)
(0.99941529 0.00083560437 0)
(0.9994267 0.00093771363 0)
(0.99945121 0.0010294852 0)
(0.99948469 0.0011085478 0)
(0.99952297 0.0011743489 0)
(0.99956268 0.0012277187 0)
(0.99960123 0.0012703301 0)
(0.9999995 9.5890761e-06 -8.4170829e-22)
(0.99998229 3.0853379e-05 0)
(0.99994855 5.4999775e-05 0)
(0.99990486 8.2491651e-05 0)
(0.99985216 0.00011568655 0)
(0.99979303 0.00015637846 0)
(0.99972937 0.00020611802 0)
(0.999664 0.00026686373 0)
(0.99960008 0.00033919791 0)
(0.99954158 0.00042385 0)
(0.99949274 0.00051906353 0)
(0.9994573 0.00062244454 0)
(0.99943803 0.00072931445 0)
(0.99943554 0.00083459386 0)
(0.99944842 0.00093321547 0)
(0.99947346 0.0010213583 0)
(0.99950663 0.0010969974 0)
(0.99954399 0.0011598172 0)
(0.99958239 0.0012107459 0)
(0.99961947 0.0012514418 0)
(0.99999948 9.8525413e-06 -8.5274068e-22)
(0.99998236 3.166181e-05 0)
(0.99994883 5.641454e-05 0)
(0.99990551 8.455862e-05 0)
(0.99985338 0.00011847656 0)
(0.99979507 0.00015995327 0)
(0.99973259 0.00021050193 0)
(0.9996688 0.00027197354 0)
(0.99960695 0.00034483371 0)
(0.99955097 0.00042956491 0)
(0.999505 0.00052424826 0)
(0.99947254 0.00062624991 0)
(0.999456 0.00073089222 0)
(0.99945566 0.00083318826 0)
(0.99946986 0.0009283749 0)
(0.99949533 0.0010129943 0)
(0.99952814 0.0010853434 0)
(0.99956456 0.001145316 0)
(0.99960168 0.0011939203 0)
(0.99963735 0.0012327925 0)
(0.99999945 1.0122665e-05 -8.6295372e-22)
(0.99998244 3.2487783e-05 0)
(0.99994913 5.785771e-05 0)
(0.99990618 8.6662595e-05 0)
(0.99985465 0.0001213081 0)
(0.9997972 0.00016356683 0)
(0.99973593 0.00021490958 0)
(0.99967377 0.00027707378 0)
(0.99961401 0.0003504031 0)
(0.99956057 0.00043513477 0)
(0.99951744 0.00052919245 0)
(0.99948788 0.0006297283 0)
(0.99947395 0.00073208475 0)
(0.99947563 0.000831396 0)
(0.99949103 0.000923206 0)
(0.99951682 0.0010044085 0)
(0.99954922 0.0010735977 0)
(0.99958469 0.001130852 0)
(0.99962057 0.0011772431 0)
(0.99965488 0.0012143785 0)
(0.99999942 1.0399569e-05 -1.7444684e-21)
(0.99998252 3.3331387e-05 0)
(0.99994945 5.9329208e-05 0)
(0.9999069 8.8803054e-05 0)
(0.99985598 0.00012417978 0)
(0.99979942 0.00016721629 0)
(0.9997394 0.00021933602 0)
(0.9996789 0.00028215691 0)
(0.99962128 0.00035589596 0)
(0.99957038 0.00044054816 0)
(0.99953005 0.00053388597 0)
(0.99950332 0.00063287399 0)
(0.99949189 0.0007328938 0)
(0.99949544 0.00082922618 0)
(0.99951189 0.00091772291 0)
(0.99953792 0.00099561564 0)
(0.99956986 0.0010617722 0)
(0.9996044 0.0011164317 0)
(0.99963906 0.001160715 0)
(0.99967207 0.0011961962 0)
(0.99999938 1.0683372e-05 0)
(0.9999826 3.4192684e-05 0)
(0.99994978 6.0828895e-05 0)
(0.99990764 9.0979361e-05 0)
(0.99985737 0.00012709002 0)
(0.99980173 0.00017089855 0)
(0.999743 0.00022377594 0)
(0.9996842 0.00028721504 0)
(0.99962873 0.00036130199 0)
(0.99958038 0.00044579377 0)
(0.99954282 0.00053831922 0)
(0.99951883 0.00063568216 0)
(0.99950978 0.00073332209 0)
(0.99951507 0.00082668852 0)
(0.99953246 0.00091193974 0)
(0.99955864 0.00098663012 0)
(0.99959008 0.0010498775 0)
(0.99962368 0.0011020608 0)
(0.99965717 0.0011443367 0)
(0.99968892 0.0011782419 0)
(0.99999935 1.097419e-05 0)
(0.99998269 3.5071704e-05 0)
(0.99995013 6.2356563e-05 0)
(0.99990842 9.3190757e-05 0)
(0.99985883 0.00013003703 0)
(0.99980414 0.00017461024 0)
(0.99974673 0.00022822372 0)
(0.99968967 0.00029224001 0)
(0.99963638 0.00036661075 0)
(0.99959056 0.00045086047 0)
(0.99955574 0.00054248325 0)
(0.9995344 0.00063814891 0)
(0.9995276 0.00073337319 0)
(0.9995345 0.00082379322 0)
(0.99955271 0.00090587057 0)
(0.99957896 0.00097746575 0)
(0.99960988 0.0010379242 0)
(0.99964255 0.0010877445 0)
(0.99967489 0.0011281084 0)
(0.99970543 0.0011605118 0)
(0.99999931 1.1272139e-05 0)
(0.99998279 3.596845e-05 0)
(0.99995049 6.3911934e-05 0)
(0.99990924 9.5436353e-05 0)
(0.99986034 0.00013301884 0)
(0.99980664 0.00017834769 0)
(0.9997506 0.00023267344 0)
(0.99969531 0.00029722336 0)
(0.99964422 0.00037181173 0)
(0.99960093 0.00045573739 0)
(0.99956879 0.00054636974 0)
(0.99955001 0.00064027128 0)
(0.99954535 0.00073305152 0)
(0.99955372 0.00082055096 0)
(0.99957264 0.00089952931 0)
(0.9995989 0.00096813584 0)
(0.99962926 0.0010259217 0)
(0.99966101 0.0010734877 0)
(0.99969223 0.0011120304 0)
(0.99972161 0.0011430024 0)
(0.99999927 1.1577332e-05 0)
(0.99998288 3.6882886e-05 0)
(0.99995088 6.5494651e-05 0)
(0.99991009 9.7715122e-05 0)
(0.99986192 0.00013603324 0)
(0.99980925 0.00018210699 0)
(0.9997546 0.00023711882 0)
(0.99970112 0.00030215637 0)
(0.99965224 0.00037689434 0)
(0.99961147 0.00046041396 0)
(0.99958196 0.00054997107 0)
(0.99956564 0.00064204722 0)
(0.99956299 0.00073236229 0)
(0.99957272 0.00081697277 0)
(0.99959225 0.00089292972 0)
(0.99961844 0.00095865315 0)
(0.99964822 0.0010138793 0)
(0.99967907 0.0010592948 0)
(0.99970921 0.0010961023 0)
(0.99973747 0.0011257099 0)
(0.99999923 1.1889877e-05 0)
(0.99998298 3.7814943e-05 0)
(0.99995128 6.7104274e-05 0)
(0.99991098 0.00010002589 0)
(0.99986357 0.00013907784 0)
(0.99981195 0.00018588389 0)
(0.99975874 0.0002415533 0)
(0.99970709 0.00030703009 0)
(0.99966043 0.00038184802 0)
(0.99962217 0.00046487993 0)
(0.99959522 0.00055328037 0)
(0.99958128 0.00064347562 0)
(0.99958052 0.00073131144 0)
(0.99959148 0.00081306998 0)
(0.99961153 0.00088608534 0)
(0.9996376 0.00094902993 0)
(0.99966678 0.0010018054 0)
(0.99969673 0.0010451695 0)
(0.99972582 0.001080324 0)
(0.999753 0.0011086306 0)
(0.99999919 1.2209883e-05 -1.8016155e-21)
(0.99998309 3.8764507e-05 0)
(0.9999517 6.8740276e-05 0)
(0.99991192 0.00010236734 0)
(0.99986528 0.00014215 0)
(0.99981476 0.0001896739 0)
(0.99976301 0.00024597 0)
(0.99971323 0.00031183536 0)
(0.9996688 0.00038666223 0)
(0.99963301 0.00046912549 0)
(0.99960857 0.00055629151 0)
(0.99959691 0.00064455625 0)
(0.99959792 0.00072990559 0)
(0.99960999 0.00080885415 0)
(0.99963047 0.00087900945 0)
(0.99965636 0.00093927789 0)
(0.99968493 0.00098970804 0)
(0.99971399 0.0010311156 0)
(0.99974207 0.001064695 0)
(0.99976822 0.001091761 0)
(0.99999914 1.2537452e-05 0)
(0.9999832 3.9731426e-05 0)
(0.99995213 7.0402035e-05 0)
(0.99991289 0.00010473798 0)
(0.99986707 0.00014524683 0)
(0.99981766 0.00019347221 0)
(0.99976742 0.00025036177 0)
(0.99971953 0.00031656282 0)
(0.99967733 0.00039132652 0)
(0.99964399 0.00047314127 0)
(0.999622 0.00055899915 0)
(0.9996125 0.00064528979 0)
(0.99961517 0.00072815195 0)
(0.99962824 0.00080433701 0)
(0.99964906 0.00087171503 0)
(0.99967474 0.00092940818 0)
(0.99970268 0.00097759459 0)
(0.99973087 0.0010171361 0)
(0.99975797 0.0010492145 0)
(0.99978312 0.0010750974 0)
(0.9999991 1.2872685e-05 0)
(0.99998331 4.0715499e-05 0)
(0.99995259 7.2088833e-05 0)
(0.9999139 0.00010713615 0)
(0.99986892 0.00014836524 0)
(0.99982068 0.00019727372 0)
(0.99977197 0.00025472115 0)
(0.99972598 0.00032120299 0)
(0.99968602 0.00039583058 0)
(0.9996551 0.00047691838 0)
(0.99963547 0.00056139875 0)
(0.99962804 0.00064567773 0)
(0.99963225 0.00072605831 0)
(0.99964623 0.00079953037 0)
(0.99966731 0.00086421472 0)
(0.99969273 0.00091943143 0)
(0.99972003 0.00096547201 0)
(0.99974737 0.001003234 0)
(0.99977352 0.0010338819 0)
(0.99979771 0.0010586361 0)
(0.99999905 1.3215682e-05 0)
(0.99998343 4.1716479e-05 0)
(0.99995307 7.3799849e-05 0)
(0.99991495 0.00010956004 0)
(0.99987085 0.00015150186 0)
(0.99982379 0.00020107304 0)
(0.99977665 0.00025904045 0)
(0.99973259 0.00032574627 0)
(0.99969486 0.00040016429 0)
(0.99966632 0.00048044851 0)
(0.99964898 0.00056348656 0)
(0.99964352 0.00064572241 0)
(0.99964916 0.00072363293 0)
(0.99966393 0.00079444608 0)
(0.99968521 0.00085652083 0)
(0.99971032 0.00090935773 0)
(0.99973699 0.00095334671 0)
(0.99976349 0.0009894116 0)
(0.99978872 0.001018696 0)
(0.99981199 0.0010423734 0)
(0.999999 1.3566539e-05 0)
(0.99998356 4.2734068e-05 0)
(0.99995357 7.5534158e-05 0)
(0.99991605 0.00011200764 0)
(0.99987284 0.00015465308 0)
(0.99982701 0.0002048645 0)
(0.99978146 0.00026331171 0)
(0.99973935 0.00033018295 0)
(0.99970384 0.00040431777 0)
(0.99967763 0.0004837239 0)
(0.99966251 0.00056525965 0)
(0.99965891 0.00064542694 0)
(0.99966587 0.00072088451 0)
(0.99968135 0.00078909596 0)
(0.99970275 0.00084864526 0)
(0.99972754 0.00089919666 0)
(0.99975355 0.00094122465 0)
(0.99977924 0.00097567118 0)
(0.99980358 0.0010036559 0)
(0.99982596 0.0010263059 0)
(0.99999894 1.3925351e-05 0)
(0.99998368 4.3767916e-05 0)
(0.99995409 7.7290724e-05 0)
(0.99991719 0.00011447675 0)
(0.99987491 0.00015781504 0)
(0.99983034 0.00020864213 0)
(0.9997864 0.00026752674 0)
(0.99974625 0.00033450333 0)
(0.99971295 0.00040828139 0)
(0.99968902 0.00048673743 0)
(0.99967604 0.00056671592 0)
(0.9996742 0.00064479515 0)
(0.99968237 0.0007178221 0)
(0.99969846 0.00078349176 0)
(0.99971994 0.00084059952 0)
(0.99974436 0.00088895724 0)
(0.99976973 0.00092911133 0)
(0.99979462 0.00096201462 0)
(0.99981809 0.00098876022 0)
(0.99983963 0.0010104297 0)
(0.99999888 1.4292218e-05 0)
(0.99998382 4.4817624e-05 0)
(0.99995463 7.9068405e-05 0)
(0.99991837 0.00011696499 0)
(0.99987705 0.00016098361 0)
(0.99983376 0.00021239969 0)
(0.99979147 0.00027167717 0)
(0.99975328 0.00033869768 0)
(0.99972218 0.00041204587 0)
(0.99970049 0.00048948263 0)
(0.99968956 0.00056785403 0)
(0.99968937 0.00064383156 0)
(0.99969866 0.00071445505 0)
(0.99971528 0.00077764509 0)
(0.99973676 0.0008323947 0)
(0.9997608 0.00087864803 0)
(0.99978553 0.00091701183 0)
(0.99980963 0.0009484435 0)
(0.99983228 0.00097400772 0)
(0.999853 0.00099474138 0)
(0.99999882 1.4667245e-05 1.6773527e-21)
(0.99998395 4.5882744e-05 0)
(0.99995518 8.0865944e-05 0)
(0.9999196 0.00011946978 0)
(0.99987926 0.00016415441 0)
(0.99983729 0.00021613064 0)
(0.99979666 0.00027575442 0)
(0.99976045 0.00034275629 0)
(0.99973151 0.0004156023 0)
(0.999712 0.00049195368 0)
(0.99970304 0.00056867345 0)
(0.99970441 0.00064254129 0)
(0.99971471 0.00071079295 0)
(0.99973178 0.00077156742 0)
(0.99975323 0.00082404146 0)
(0.99977686 0.00086827705 0)
(0.99980095 0.00090493078 0)
(0.99982428 0.00093495916 0)
(0.99984613 0.00095939692 0)
(0.99986606 0.00097923726 0)
(0.99999876 1.5050552e-05 3.2697988e-21)
(0.99998409 4.6962785e-05 0)
(0.99995576 8.2681972e-05 0)
(0.99992086 0.00012198832 0)
(0.99988154 0.00016732276 0)
(0.99984092 0.00021982818 0)
(0.99980198 0.00027974975 0)
(0.99976774 0.00034666956 0)
(0.99974094 0.00041894215 0)
(0.99972356 0.00049414546 0)
(0.99971648 0.00056917439 0)
(0.99971929 0.00064093007 0)
(0.99973051 0.00070684555 0)
(0.99974796 0.00076526999 0)
(0.99976932 0.00081555 0)
(0.99979253 0.00085785184 0)
(0.99981598 0.00089287244 0)
(0.99983858 0.00092156268 0)
(0.99985965 0.00094492623 0)
(0.99987883 0.00096391377 0)
(0.99999869 1.5442289e-05 0)
(0.99998423 4.8057216e-05 0)
(0.99995636 8.4515001e-05 0)
(0.99992217 0.0001245176 0)
(0.99988389 0.0001704837 0)
(0.99984464 0.00022348521 0)
(0.99980741 0.00028365426 0)
(0.99977514 0.00035042797 0)
(0.99975046 0.00042205736 0)
(0.99973513 0.00049605356 0)
(0.99972985 0.0005693578 0)
(0.99973402 0.00063900411 0)
(0.99974606 0.00070262274 0)
(0.99976382 0.00075876377 0)
(0.99978506 0.00080693009 0)
(0.99980783 0.00084737947 0)
(0.99983065 0.00088084068 0)
(0.99985252 0.00090825491 0)
(0.99987284 0.000930594 0)
(0.9998913 0.00094876733 0)
(0.99999861 1.584266e-05 -7.6325848e-22)
(0.99998437 4.9165476e-05 0)
(0.99995697 8.6363408e-05 0)
(0.99992351 0.00012705432 0)
(0.99988631 0.00017363195 0)
(0.99984846 0.00022709438 0)
(0.99981295 0.00028745895 0)
(0.99978266 0.00035402217 0)
(0.99976005 0.00042494032 0)
(0.99974672 0.00049767428 0)
(0.99974313 0.00056922536 0)
(0.99974857 0.00063677012 0)
(0.99976135 0.00069813445 0)
(0.99977935 0.00075205951 0)
(0.99980043 0.00079819105 0)
(0.99982275 0.00083686657 0)
(0.99984495 0.00086883901 0)
(0.99986611 0.00089503648 0)
(0.99988571 0.00091639849 0)
(0.99990347 0.00093379438 0)
(0.99999853 1.6251985e-05 0)
(0.9999845 5.0287001e-05 0)
(0.99995759 8.8225415e-05 0)
(0.99992489 0.00012959492 0)
(0.99988879 0.00017676189 0)
(0.99985237 0.00023064803 0)
(0.9998186 0.00029115471 0)
(0.99979026 0.00035744299 0)
(0.99976969 0.00042758396 0)
(0.99975829 0.00049900464 0)
(0.99975632 0.0005687794 0)
(0.99976292 0.00063423518 0)
(0.99977636 0.0006933907 0)
(0.99979455 0.00074516765 0)
(0.99981543 0.00078934177 0)
(0.99983729 0.00082631932 0)
(0.99985887 0.00085687064 0)
(0.99987935 0.00088190784 0)
(0.99989826 0.00090233791 0)
(0.99991535 0.00091899144 0)
(0.99999845 1.6670751e-05 1.3832467e-21)
(0.99998463 5.1421296e-05 0)
(0.99995822 9.0099037e-05 0)
(0.99992631 0.0001321355 0)
(0.99989135 0.00017986756 0)
(0.99985638 0.00023413825 0)
(0.99982435 0.00029473235 0)
(0.99979796 0.00036068147 0)
(0.99977939 0.0004299817 0)
(0.99976984 0.00050004232 0)
(0.9997694 0.00056802284 0)
(0.99977707 0.00063140671 0)
(0.9997911 0.00068840138 0)
(0.99980941 0.00073809832 0)
(0.99983007 0.00078039071 0)
(0.99985146 0.00081574354 0)
(0.99987244 0.00084493851 0)
(0.99989225 0.00086886936 0)
(0.99991049 0.00088841049 0)
(0.99992694 0.00090435512 0)
(0.99999834 1.7099408e-05 -6.4859708e-22)
(0.99998474 5.2567761e-05 0)
(0.99995886 9.1981857e-05 0)
(0.99992776 0.0001346716 0)
(0.99989396 0.00018294258 0)
(0.99986048 0.00023755685 0)
(0.9998302 0.00029818269 0)
(0.99980574 0.00036372898 0)
(0.99978912 0.00043212758 0)
(0.99978135 0.0005007858 0)
(0.99978236 0.00056695928 0)
(0.99979101 0.00062829244 0)
(0.99980554 0.00068317638 0)
(0.99982394 0.00073086125 0)
(0.99984434 0.00077134581 0)
(0.99986526 0.00080514454 0)
(0.99988564 0.00083304521 0)
(0.99990481 0.00085592121 0)
(0.99992239 0.00087461453 0)
(0.99993823 0.00088988225 0)
(0.99999822 1.7537989e-05 1.2021876e-21)
(0.99998482 5.3724451e-05 0)
(0.9999595 9.3870486e-05 0)
(0.99992925 0.0001371976 0)
(0.99989665 0.00018597985 0)
(0.99986467 0.00024089552 0)
(0.99983615 0.000301497 0)
(0.9998136 0.00036657809 0)
(0.99979888 0.0004340175 0)
(0.99979282 0.00050123573 0)
(0.99979517 0.00056559448 0)
(0.99980472 0.00062490196 0)
(0.99981969 0.00067772696 0)
(0.99983812 0.00072346721 0)
(0.99985824 0.00076221569 0)
(0.99987869 0.00079452798 0)
(0.99989849 0.00082119333 0)
(0.99991702 0.0008430633 0)
(0.99993398 0.00086094788 0)
(0.99994923 0.0008755694 0)
(0.99999806 1.7989027e-05 0)
(0.99998486 5.4887206e-05 0)
(0.99996015 9.5761406e-05 0)
(0.99993079 0.00013970795 0)
(0.99989942 0.00018897235 0)
(0.99986895 0.00024414665 0)
(0.99984219 0.00030466791 0)
(0.99982152 0.00036922323 0)
(0.99980865 0.00043564964 0)
(0.99980422 0.00050139524 0)
(0.99980783 0.00056393657 0)
(0.9998182 0.00062124713 0)
(0.99983353 0.00067206665 0)
(0.99985194 0.00071592948 0)
(0.99987178 0.00075301206 0)
(0.99989174 0.00078390332 0)
(0.99991096 0.0008093898 0)
(0.99992889 0.00083029979 0)
(0.99994525 0.00084741158 0)
(0.99995992 0.00086141434 0)
(0.99999782 1.8471837e-05 -4.9098483e-22)
(0.99998486 5.6061459e-05 0)
(0.99996083 9.7658431e-05 0)
(0.99993238 0.00014220684 0)
(0.99990226 0.00019191854 0)
(0.99987333 0.0002473036 0)
(0.99984832 0.00030768369 0)
(0.99982951 0.00037164814 0)
(0.99981842 0.00043700532 0)
(0.99981553 0.00050124533 0)
(0.99982032 0.00056196768 0)
(0.99983142 0.00061731154 0)
(0.99984706 0.00066618017 0)
(0.99986541 0.00070823348 0)
(0.99988493 0.00074372117 0)
(0.99990442 0.00077325855 0)
(0.99992307 0.00079762602 0)
(0.9999404 0.00081762769 0)
(0.99995618 0.0008340101 0)
(0.9999703 0.0008474283 0)
(0.99999742 1.9012232e-05 0)
(0.99998486 5.7288524e-05 0)
(0.99996156 9.9567743e-05 0)
(0.99993404 0.00014470744 0)
(0.9999052 0.00019481826 0)
(0.99987781 0.00025034666 0)
(0.99985453 0.00031050706 0)
(0.99983754 0.0003738007 0)
(0.99982817 0.00043802421 0)
(0.99982675 0.00050072505 0)
(0.99983262 0.00055963209 0)
(0.99984437 0.00061304646 0)
(0.99986024 0.0006600237 0)
(0.99987851 0.00070033565 0)
(0.99989769 0.00073429401 0)
(0.99991669 0.00076253351 0)
(0.99993479 0.00078582589 0)
(0.99995155 0.00080495178 0)
(0.99996676 0.00082062886 0)
(0.99998035 0.0008334822 0)
(0.99999717 2.0499424e-05 0)
(0.99998526 6.0937516e-05 0)
(0.99996385 0.00010488491 0)
(0.99993902 0.00015169025 0)
(0.99991385 0.00020284525 0)
(0.9998909 0.00025859965 0)
(0.99987257 0.00031794718 0)
(0.99986065 0.00037917962 0)
(0.99985603 0.00044009936 0)
(0.99985856 0.00049845641 0)
(0.99986728 0.0005523511 0)
(0.99988067 0.00060051961 0)
(0.99989705 0.00064240796 0)
(0.99991493 0.00067806501 0)
(0.99993309 0.0007079491 0)
(0.9999507 0.00073273356 0)
(0.99996722 0.00075315823 0)
(0.99998236 0.00076993627 0)
(0.99999601 0.00078370703 0)
(1.0000082 0.00079501989 0)
(0.99999763 2.2763798e-05 0)
(0.99998776 6.710009e-05 0)
(0.99997008 0.00011355587 0)
(0.99995027 0.00016261473 0)
(0.99993163 0.00021484058 0)
(0.9999163 0.00026997084 0)
(0.99990602 0.00032672118 0)
(0.99990185 0.0003832586 0)
(0.99990388 0.00043761551 0)
(0.99991143 0.00048807544 0)
(0.99992325 0.00053344238 0)
(0.99993793 0.00057313745 0)
(0.99995413 0.00060713177 0)
(0.99997076 0.00063578668 0)
(0.99998702 0.00065968055 0)
(1.0000024 0.00067947025 0)
(1.0000165 0.00069580134 0)
(1.0000293 0.00070926008 0)
(1.0000408 0.00072035444 0)
(1.0000509 0.00072951181 0)
(0.9999983 2.5256306e-05 0)
(0.9999912 7.3900665e-05 0)
(0.9999787 0.00012293179 0)
(0.99996555 0.00017349202 0)
(0.9999548 0.00022549272 0)
(0.99994799 0.00027819612 0)
(0.99994598 0.00033025364 0)
(0.99994901 0.00038008341 0)
(0.99995657 0.00042627358 0)
(0.99996769 0.00046783723 0)
(0.99998121 0.00050429637 0)
(0.999996 0.00053562946 0)
(1.0000111 0.00056214473 0)
(1.0000259 0.00058434039 0)
(1.0000399 0.00060278972 0)
(1.0000528 0.0006180637 0)
(1.0000645 0.0006306871 0)
(1.0000749 0.0006411191 0)
(1.0000842 0.00064974912 0)
(1.0000923 0.00065690051 0)
(0.99999908 2.7475989e-05 0)
(0.99999526 7.9880954e-05 0)
(0.99998904 0.00013057877 0)
(0.99998371 0.00018081147 0)
(0.99998142 0.00023021223 0)
(0.99998294 0.00027791016 0)
(0.99998831 0.00032286472 0)
(0.99999709 0.00036411921 0)
(1.0000085 0.00040101832 0)
(1.0000216 0.00043328965 0)
(1.0000355 0.0004610038 0)
(1.0000494 0.00048447612 0)
(1.0000629 0.00050416066 0)
(1.0000755 0.00052056291 0)
(1.0000871 0.00053418011 0)
(1.0000976 0.0005454672 0)
(1.0001069 0.0005548219 0)
(1.0001151 0.00056258199 0)
(1.0001224 0.00056902909 0)
(1.0001287 0.0005743952 0)
(0.99999994 2.8604789e-05 0)
(0.99999952 8.2715786e-05 0)
(0.99999965 0.00013302828 0)
(1.0000017 0.00018060625 0)
(1.0000065 0.00022518772 0)
(1.0000141 0.00026620176 0)
(1.0000241 0.00030316689 0)
(1.0000357 0.00033581282 0)
(1.0000483 0.00036412179 0)
(1.0000612 0.0003883038 0)
(1.0000739 0.00040872645 0)
(1.000086 0.00042583686 0)
(1.0000972 0.00044009928 0)
(1.0001075 0.00045195456 0)
(1.0001167 0.0004617986 0)
(1.000125 0.00046997415 0)
(1.0001322 0.00047677088 0)
(1.0001386 0.00048242982 0)
(1.0001441 0.00048714415 0)
(1.000149 0.00049107601 0)
(1.0000006 2.7562525e-05 0)
(1.0000034 7.9120524e-05 0)
(1.0000089 0.00012495172 0)
(1.0000169 0.00016605686 0)
(1.0000268 0.00020267647 0)
(1.0000382 0.00023488401 0)
(1.0000504 0.00026283203 0)
(1.0000629 0.00028678516 0)
(1.0000752 0.00030709887 0)
(1.0000869 0.00032418514 0)
(1.0000979 0.00033847393 0)
(1.0001079 0.00035038049 0)
(1.0001169 0.00036028418 0)
(1.0001249 0.00036851826 0)
(1.000132 0.0003753678 0)
(1.0001382 0.00038107222 0)
(1.0001437 0.00038583024 0)
(1.0001484 0.00038980562 0)
(1.0001525 0.0003931328 0)
(1.000156 0.00039592274 0)
(1.0000007 2.4292062e-05 0)
(1.0000039 6.9589833e-05 0)
(1.0000104 0.00010889452 0)
(1.0000193 0.00014291288 0)
(1.0000293 0.00017212326 0)
(1.00004 0.00019697783 0)
(1.0000509 0.00021795606 0)
(1.0000615 0.00023554871 0)
(1.0000716 0.00025023294 0)
(1.0000809 0.00026245306 0)
(1.0000894 0.00027260783 0)
(1.0000971 0.0002810445 0)
(1.0001039 0.00028805851 0)
(1.00011 0.00029389724 0)
(1.0001153 0.00029876555 0)
(1.0001199 0.00030283199 0)
(1.0001239 0.00030623472 0)
(1.0001274 0.00030908687 0)
(1.0001304 0.00031148116 0)
(1.000133 0.00031349477 0)
(1.0000012 1.7356443e-05 0)
(1.0000066 4.9296986e-05 0)
(1.0000151 7.6237055e-05 0)
(1.0000249 9.895535e-05 0)
(1.0000349 0.00011806279 0)
(1.0000447 0.00013405908 0)
(1.000054 0.00014739689 0)
(1.0000626 0.00015848719 0)
(1.0000704 0.00016771018 0)
(1.0000775 0.000175386 0)
(1.0000837 0.0001817495 0)
(1.0000892 0.00018702194 0)
(1.0000941 0.00019140758 0)
(1.0000983 0.0001950715 0)
(1.0001019 0.00019814142 0)
(1.0001051 0.00020071444 0)
(1.0001078 0.0002028736 0)
(1.0001102 0.00020468795 0)
(1.0001122 0.00020621441 0)
(1.0001139 0.00020750082 0)
(0.99999951 1.2956636e-05 0)
(1 3.6697983e-05 0)
(1.0000027 5.652277e-05 0)
(1.0000079 7.3010834e-05 0)
(1.0000141 8.6697983e-05 0)
(1.0000204 9.8053043e-05 0)
(1.0000266 0.00010747714 0)
(1.0000325 0.00011530415 0)
(1.000038 0.0001218128 0)
(1.0000431 0.00012723468 0)
(1.0000476 0.00013176073 0)
(1.0000516 0.00013554329 0)
(1.0000552 0.00013870477 0)
(1.0000583 0.00014135287 0)
(1.000061 0.00014357794 0)
(1.0000634 0.00014545093 0)
(1.0000654 0.00014702951 0)
(1.0000672 0.00014836109 0)
(1.0000687 0.00014948493 0)
(1.00007 0.00015043483 0)
(1.0000008 7.3647269e-07 0)
(1.0000045 2.4790473e-06 0)
(1.0000098 4.2156016e-06 0)
(1.0000154 5.7083645e-06 4.1935686e-21)
(1.0000209 6.939821e-06 0)
(1.0000261 7.9365008e-06 0)
(1.0000309 8.7265014e-06 0)
(1.0000353 9.34146e-06 0)
(1.0000392 9.8146448e-06 0)
(1.0000427 1.0176213e-05 0)
(1.0000458 1.0451154e-05 0)
(1.0000485 1.0659455e-05 0)
(1.0000509 1.0816853e-05 0)
(1.0000529 1.0935649e-05 0)
(1.0000547 1.1026999e-05 8.5872218e-22)
(1.0000563 1.1097831e-05 0)
(1.0000576 1.1151923e-05 0)
(1.0000587 1.1193083e-05 1.5267675e-22)
(1.0000597 1.1224554e-05 1.2246596e-22)
(1.0000606 1.1250699e-05 0)
(1.0000211 0.00080617494 0)
(1.0000361 0.00081809541 0)
(1.0000521 0.00082969625 0)
(1.0000691 0.00084088372 0)
(1.000087 0.00085156518 0)
(1.0001059 0.00086164693 0)
(1.0001257 0.0008710353 0)
(1.0001464 0.000879639 0)
(1.0001679 0.00088737147 0)
(1.0001901 0.00089415289 0)
(1.0002129 0.00089991229 0)
(1.0000616 0.00073859465 0)
(1.000074 0.00074836917 0)
(1.0000871 0.00075796784 0)
(1.0001009 0.00076732789 0)
(1.0001156 0.00077638592 0)
(1.000131 0.00078507674 0)
(1.0001471 0.00079333346 0)
(1.0001639 0.00080108853 0)
(1.0001815 0.00080827509 0)
(1.0001997 0.00081482819 0)
(1.0002185 0.00082068617 0)
(1.0001009 0.00066403094 0)
(1.0001107 0.00067175225 0)
(1.0001211 0.00067939471 0)
(1.000132 0.00068691995 0)
(1.0001435 0.0006942888 0)
(1.0001556 0.00070146028 0)
(1.0001683 0.00070839148 0)
(1.0001815 0.00071503799 0)
(1.0001953 0.00072135441 0)
(1.0002097 0.000727295 0)
(1.0002246 0.00073281429 0)
(1.0001353 0.0005797753 0)
(1.0001429 0.00058563838 0)
(1.0001508 0.00059148686 0)
(1.0001592 0.00059729924 0)
(1.000168 0.00060305333 0)
(1.0001772 0.00060872547 0)
(1.0001868 0.00061429046 0)
(1.0001968 0.00061972158 0)
(1.0002073 0.00062499085 0)
(1.0002182 0.00063006919 0)
(1.0002296 0.00063492667 0)
(1.000154 0.00049505283 0)
(1.0001597 0.00049942323 0)
(1.0001657 0.00050380123 0)
(1.000172 0.00050818457 0)
(1.0001785 0.00051256346 0)
(1.0001854 0.0005169258 0)
(1.0001925 0.00052125814 0)
(1.0002 0.00052554595 0)
(1.0002077 0.00052977372 0)
(1.0002158 0.00053392496 0)
(1.0002242 0.00053798227 0)
(1.0001597 0.00039874656 0)
(1.0001639 0.00040185854 0)
(1.0001682 0.00040500779 0)
(1.0001728 0.0004081877 0)
(1.0001775 0.00041138907 0)
(1.0001824 0.00041460496 0)
(1.0001876 0.00041781253 0)
(1.0001929 0.0004209956 0)
(1.0001985 0.00042416656 0)
(1.0002043 0.00042733432 0)
(1.0002103 0.00043048766 0)
(1.0001357 0.00031554125 0)
(1.0001387 0.00031780424 0)
(1.0001419 0.00032010032 0)
(1.0001452 0.00032242723 0)
(1.0001486 0.00032478268 0)
(1.0001522 0.0003271641 0)
(1.0001559 0.00032956863 0)
(1.0001597 0.00033199307 0)
(1.0001637 0.00033443386 0)
(1.0001678 0.00033688709 0)
(1.0001721 0.00033934849 0)
(1.0001157 0.00020881181 0)
(1.0001177 0.00021026559 0)
(1.0001199 0.00021174529 0)
(1.000122 0.0002132501 0)
(1.0001243 0.0002147792 0)
(1.0001267 0.00021633167 0)
(1.0001291 0.00021790646 0)
(1.0001317 0.00021950236 0)
(1.0001343 0.00022111803 0)
(1.0001371 0.00022275195 0)
(1.0001399 0.00022440241 0)
(1.0000714 0.00015140776 0)
(1.0000729 0.00015249173 0)
(1.0000745 0.00015360054 0)
(1.0000762 0.00015473416 0)
(1.0000779 0.00015589263 0)
(1.0000797 0.00015707577 0)
(1.0000815 0.00015827506 0)
(1.0000835 0.00015948758 0)
(1.0000855 0.00016071131 0)
(1.0000875 0.00016194461 0)
(1.0000897 0.00016318573 0)
(1.0000614 1.1278868e-05 0)
(1.0000624 1.1311549e-05 0)
(1.0000635 1.1346583e-05 2.8005877e-22)
(1.0000645 1.1383904e-05 -1.4509712e-22)
(1.0000656 1.1423621e-05 0)
(1.0000668 1.1465885e-05 0)
(1.000068 1.1510862e-05 -1.6089294e-22)
(1.0000692 1.1558732e-05 -1.6634059e-22)
(1.0000705 1.1609683e-05 3.4373949e-22)
(1.0000719 1.1663917e-05 0)
(1.0000733 1.1721648e-05 0)
)
;

boundaryField
{
    inlet
    {
        type            fixedValue;
        value           uniform (1 0 0);
    }
    top
    {
        type            zeroGradient;
    }
    outlet
    {
        type            zeroGradient;
    }
    slipsurface
    {
        type            slip;
    }
    bottom
    {
        type            fixedValue;
        value           nonuniform List<vector> 0();
    }
    frontandback
    {
        type            empty;
    }
    procBoundary1to0
    {
        type            processor;
        value           nonuniform List<vector> 
61
(
(1.0005304 0.0015924283 0)
(1.0005211 0.0015836771 0)
(1.0005118 0.0015746025 0)
(1.0005025 0.0015652018 0)
(1.0004933 0.001555473 0)
(1.000484 0.001545415 0)
(1.0004749 0.0015350272 0)
(1.0004658 0.0015243102 0)
(1.0004568 0.0015132651 0)
(1.0004479 0.0015018941 0)
(1.0004391 0.0014902003 0)
(1.0004304 0.0014781875 0)
(1.0004219 0.0014658608 0)
(1.0004135 0.0014532259 0)
(1.0004053 0.0014402894 0)
(1.0003972 0.0014270589 0)
(1.0003893 0.001413543 0)
(1.0003817 0.0013997508 0)
(1.0003742 0.0013856926 0)
(1.0003669 0.0013713791 0)
(1.0003599 0.001356822 0)
(1.0003531 0.0013420335 0)
(1.0003465 0.0013270264 0)
(1.0003402 0.001311814 0)
(1.0003341 0.0012964103 0)
(1.0003283 0.0012808293 0)
(1.0003228 0.0012650856 0)
(1.0003175 0.001249194 0)
(1.0003125 0.0012331693 0)
(1.0003077 0.0012170266 0)
(1.0003032 0.0012007809 0)
(1.0002989 0.001184447 0)
(1.0002557 0.0011726973 0)
(1.0002557 0.0011726973 0)
(1.000253 0.0011553784 0)
(1.0002505 0.0011380661 0)
(1.0002483 0.0011207738 0)
(1.0002109 0.0011028633 0)
(1.0002109 0.0011028633 0)
(1.0002103 0.0010850895 0)
(1.0001768 0.0010636619 0)
(1.0001768 0.0010636619 0)
(1.0001777 0.0010457465 0)
(1.0001777 0.0010457465 0)
(1.0002095 0.0010498598 0)
(1.0002405 0.0010350323 0)
(1.0002395 0.0010181044 0)
(1.0002386 0.0010012721 0)
(1.000238 0.00098454324 0)
(1.0002374 0.00096792868 0)
(1.000237 0.00095140074 0)
(1.0002363 0.00090458937 0)
(1.0002379 0.00082579197 0)
(1.00024 0.00073786779 0)
(1.0002413 0.00063953273 0)
(1.0002329 0.00054192737 0)
(1.0002165 0.00043360817 0)
(1.0001766 0.00034181339 0)
(1.0001429 0.0002260675 0)
(1.0000919 0.00016443278 -4.9790385e-23)
(1.0000747 1.1783104e-05 -1.8886888e-22)
)
;
    }
    procBoundary1to3
    {
        type            processor;
        value           nonuniform List<vector> 
32
(
(0.99927403 0.0017741489 0)
(0.99940194 0.0018581345 0)
(0.99954362 0.0019148331 0)
(0.99968833 0.001944363 0)
(0.99982867 0.001949748 0)
(0.99995996 0.0019347076 0)
(1.000079 0.0019041789 0)
(1.0001848 0.0018628758 0)
(1.0002774 0.001814589 0)
(1.0003579 0.0017623357 0)
(1.0004275 0.0017083516 0)
(1.0004876 0.0016541822 0)
(0.99999984 5.5289381e-06 -1.1231115e-21)
(0.9999814 1.8081993e-05 0)
(0.99994507 3.2409479e-05 0)
(0.99989688 4.8995174e-05 0)
(0.99983691 6.951398e-05 0)
(0.99976697 9.5483973e-05 0)
(0.99968716 0.00012846186 0)
(0.99959894 0.00017126999 0)
(0.99950269 0.00022555072 0)
(0.99940146 0.00029587837 0)
(0.99929752 0.00038312876 0)
(0.99919679 0.00049289847 0)
(0.99910542 0.00062290443 0)
(0.99903158 0.00077547577 0)
(0.99898378 0.00094232352 0)
(0.99896701 0.0011169815 0)
(0.99898371 0.0012870964 0)
(0.99902944 0.0014417466 0)
(0.99909671 0.0015735492 0)
(0.9991749 0.0016790025 0)
)
;
    }
}


// ************************************************************************* //
