/*--------------------------------*- C++ -*----------------------------------*\
  =========                 |
  \\      /  F ield         | OpenFOAM: The Open Source CFD Toolbox
   \\    /   O peration     | Website:  https://openfoam.org
    \\  /    A nd           | Version:  12
     \\/     M anipulation  |
\*---------------------------------------------------------------------------*/
FoamFile
{
    format      ascii;
    class       volScalarField;
    location    "800";
    object      epsilon;
}
// * * * * * * * * * * * * * * * * * * * * * * * * * * * * * * * * * * * * * //

dimensions      [0 2 -3 0 0 0 0];

internalField   nonuniform List<scalar> 
467
(
2.8275275e-05
2.8780766e-05
2.9328568e-05
2.9925634e-05
3.057996e-05
3.1301814e-05
3.2104083e-05
3.3001949e-05
2.1813358e-05
2.2053806e-05
2.2297116e-05
2.2543476e-05
2.2793257e-05
2.304703e-05
2.3305584e-05
2.3569954e-05
2.3841446e-05
2.4121615e-05
2.4412242e-05
2.4715301e-05
2.5032995e-05
2.5367794e-05
2.5722394e-05
2.60998e-05
2.6503587e-05
2.6937929e-05
2.7407585e-05
2.7918338e-05
2.8477339e-05
2.9093043e-05
2.9775673e-05
3.0538255e-05
3.139711e-05
3.2371976e-05
3.3488606e-05
2.0519615e-05
2.0718386e-05
2.0920216e-05
2.1125028e-05
2.1332861e-05
2.1543884e-05
2.175841e-05
2.1976918e-05
2.2200082e-05
2.2428776e-05
2.2664063e-05
2.2907184e-05
2.3159557e-05
2.3422788e-05
2.3698654e-05
2.3989124e-05
2.4296461e-05
2.4623287e-05
2.4972587e-05
2.5347864e-05
2.5753357e-05
2.6194075e-05
2.667595e-05
2.7206289e-05
2.7794126e-05
2.8450213e-05
2.9188139e-05
1.94555e-05
1.9617943e-05
1.9783729e-05
1.9952661e-05
2.0124607e-05
2.0299519e-05
2.0477438e-05
2.0658515e-05
2.0843032e-05
2.1031417e-05
2.1224245e-05
2.1422234e-05
2.1626252e-05
2.1837314e-05
2.2056572e-05
2.228532e-05
2.2525034e-05
2.2777412e-05
2.3044386e-05
2.3328189e-05
2.3631461e-05
2.3957312e-05
2.4309384e-05
2.4692052e-05
2.5110651e-05
2.5571479e-05
2.6082289e-05
1.8571444e-05
1.870231e-05
1.883673e-05
1.897447e-05
1.9115332e-05
1.9259162e-05
1.940586e-05
1.9555395e-05
1.970782e-05
1.9863288e-05
2.002206e-05
2.0184503e-05
2.0351103e-05
2.0522458e-05
2.0699283e-05
2.0882401e-05
2.1072766e-05
2.127148e-05
2.1479811e-05
2.1699218e-05
2.1931405e-05
2.2178367e-05
2.244243e-05
2.2726341e-05
2.3033404e-05
2.3367504e-05
2.3733331e-05
1.782851e-05
1.7932184e-05
1.8039479e-05
1.8150178e-05
1.8264074e-05
1.8380981e-05
1.8500739e-05
1.8623228e-05
1.8748378e-05
1.8876185e-05
1.9006718e-05
1.9140124e-05
1.9276634e-05
1.9416567e-05
1.9560331e-05
1.970842e-05
1.9861422e-05
2.0020037e-05
2.0185079e-05
2.0357503e-05
2.0538422e-05
2.072914e-05
2.0931178e-05
2.1146316e-05
2.1376675e-05
2.1624738e-05
2.1893469e-05
1.7195618e-05
1.7276223e-05
1.736035e-05
1.7447828e-05
1.7538478e-05
1.7632127e-05
1.7728606e-05
1.7827766e-05
1.7929483e-05
1.8033674e-05
1.81403e-05
1.8249377e-05
1.8360977e-05
1.8475241e-05
1.8592371e-05
1.8712637e-05
1.8836377e-05
1.8964011e-05
1.909604e-05
1.9233069e-05
1.9375815e-05
1.9525125e-05
1.9682e-05
1.9847613e-05
2.0023351e-05
2.0210844e-05
2.0412019e-05
1.6647751e-05
1.6709159e-05
1.6773837e-05
1.684167e-05
1.6912529e-05
1.6986276e-05
1.7062767e-05
1.714186e-05
1.7223422e-05
1.730734e-05
1.7393527e-05
1.7481927e-05
1.7572525e-05
1.7665347e-05
1.7760471e-05
1.7858017e-05
1.795816e-05
1.8061129e-05
1.8167215e-05
1.8276779e-05
1.8390262e-05
1.8508201e-05
1.8631241e-05
1.8760147e-05
1.8895833e-05
1.9039378e-05
1.9192058e-05
1.6164746e-05
1.6210553e-05
1.6259251e-05
1.6310786e-05
1.6365083e-05
1.6422052e-05
1.648159e-05
1.6543584e-05
1.660792e-05
1.6674486e-05
1.6743184e-05
1.6813931e-05
1.6886666e-05
1.6961356e-05
1.7038001e-05
1.7116633e-05
1.7197321e-05
1.7280172e-05
1.7365337e-05
1.7453015e-05
1.7543461e-05
1.7636997e-05
1.773402e-05
1.7835016e-05
1.7940574e-05
1.80514e-05
1.8168341e-05
1.5730465e-05
1.5763934e-05
1.5799832e-05
1.5838159e-05
1.5878892e-05
1.592199e-05
1.5967396e-05
1.6015035e-05
1.6064825e-05
1.6116679e-05
1.6170507e-05
1.6226227e-05
1.6283765e-05
1.6343062e-05
1.6404079e-05
1.6466797e-05
1.6531221e-05
1.6597384e-05
1.6665348e-05
1.6735209e-05
1.68071e-05
1.6881199e-05
1.6957736e-05
1.7037003e-05
1.7119365e-05
1.7205271e-05
1.7295268e-05
1.5332184e-05
1.5356188e-05
1.5382125e-05
1.5410034e-05
1.5439936e-05
1.5471831e-05
1.5505705e-05
1.5541525e-05
1.5579243e-05
1.5618803e-05
1.5660141e-05
1.570319e-05
1.5747882e-05
1.5794155e-05
1.5841957e-05
1.5891246e-05
1.5941993e-05
1.5994189e-05
1.6047843e-05
1.6102986e-05
1.6159675e-05
1.6217996e-05
1.6278071e-05
1.6340063e-05
1.6404184e-05
1.6470705e-05
1.6539967e-05
1.4960087e-05
1.4977072e-05
1.4995502e-05
1.5015441e-05
1.5036937e-05
1.5060025e-05
1.5084724e-05
1.5111035e-05
1.5138945e-05
1.516843e-05
1.5199454e-05
1.5231972e-05
1.5265936e-05
1.5301294e-05
1.5337996e-05
1.5375996e-05
1.5415254e-05
1.5455739e-05
1.5497432e-05
1.5540327e-05
1.5584434e-05
1.5629785e-05
1.5676432e-05
1.5724456e-05
1.577397e-05
1.5825127e-05
1.5878127e-05
1.4606821e-05
1.4618791e-05
1.4631759e-05
1.4645801e-05
1.4660981e-05
1.4677352e-05
1.4694957e-05
1.4713821e-05
1.4733961e-05
1.4755377e-05
1.4778062e-05
1.4801996e-05
1.4827151e-05
1.4853494e-05
1.4880986e-05
1.4909588e-05
1.4939261e-05
1.4969969e-05
1.5001682e-05
1.5034376e-05
1.5068037e-05
1.5102661e-05
1.5138262e-05
1.5174869e-05
1.5212533e-05
1.5251331e-05
1.529137e-05
1.4267074e-05
1.42756e-05
1.4284746e-05
1.4294584e-05
1.4305182e-05
1.4316602e-05
1.4328894e-05
1.4342102e-05
1.4356259e-05
1.4371387e-05
1.4387498e-05
1.4404595e-05
1.4422669e-05
1.4441706e-05
1.4461684e-05
1.4482576e-05
1.4504352e-05
1.4526981e-05
1.4550431e-05
1.4574673e-05
1.4599681e-05
1.4625438e-05
1.4651932e-05
1.4679164e-05
1.4707147e-05
1.4735909e-05
1.4765502e-05
1.3937168e-05
1.3943433e-05
1.3950015e-05
1.3956977e-05
1.396438e-05
1.3972281e-05
1.3980736e-05
1.3989792e-05
1.399949e-05
1.4009865e-05
1.4020942e-05
1.4032738e-05
1.4045264e-05
1.4058519e-05
1.4072497e-05
1.4087186e-05
1.4102567e-05
1.4118618e-05
1.4135312e-05
1.4152624e-05
1.4170527e-05
1.4188996e-05
1.420801e-05
1.4227554e-05
1.4247619e-05
1.4268208e-05
1.4289334e-05
1.3614683e-05
1.3619537e-05
1.3624481e-05
1.3629564e-05
1.3634834e-05
1.364034e-05
1.3646132e-05
1.3652255e-05
1.365875e-05
1.3665655e-05
1.3673003e-05
1.368082e-05
1.3689123e-05
1.3697927e-05
1.3707238e-05
1.3717053e-05
1.3727367e-05
1.3738167e-05
1.3749436e-05
1.3761155e-05
1.3773299e-05
1.3785847e-05
1.3798773e-05
1.3812056e-05
1.3825678e-05
1.3839625e-05
1.3853891e-05
1.3298128e-05
1.3302154e-05
1.330611e-05
1.3310027e-05
1.3313944e-05
1.3317897e-05
1.3321925e-05
1.3326066e-05
1.3330356e-05
1.333483e-05
1.333952e-05
1.3344454e-05
1.3349655e-05
1.3355142e-05
1.336093e-05
1.3367025e-05
1.337343e-05
1.3380142e-05
1.3387152e-05
1.3394448e-05
1.3402012e-05
1.3409826e-05
1.3417868e-05
1.3426116e-05
1.3434548e-05
1.3443143e-05
1.3451884e-05
1.2986657e-05
1.2990232e-05
1.299363e-05
1.2996872e-05
1.2999983e-05
1.3002989e-05
1.3005914e-05
1.3008787e-05
1.3011634e-05
1.3014484e-05
1.3017363e-05
1.3020298e-05
1.302331e-05
1.302642e-05
1.3029645e-05
1.3032996e-05
1.3036482e-05
1.3040105e-05
1.3043865e-05
1.3047754e-05
1.3051762e-05
1.3055875e-05
1.3060076e-05
1.3064346e-05
1.3068662e-05
1.3073004e-05
1.3077348e-05
)
;

boundaryField
{
    inlet
    {
        type            zeroGradient;
    }
    top
    {
        type            zeroGradient;
    }
    outlet
    {
        type            zeroGradient;
    }
    slipsurface
    {
        type            slip;
    }
    bottom
    {
        type            epsilonWallFunction;
        value           nonuniform List<scalar> 0();
    }
    frontandback
    {
        type            empty;
    }
    procBoundary14to4
    {
        type            processor;
        value           nonuniform List<scalar> 
17
(
2.1575736e-05
2.0324068e-05
1.9296639e-05
1.8444379e-05
1.7728669e-05
1.7118694e-05
1.6589704e-05
1.6121858e-05
1.5699403e-05
1.5310052e-05
1.4944463e-05
1.4595763e-05
1.4259087e-05
1.3931154e-05
1.3609872e-05
1.3294003e-05
1.2982887e-05
)
;
    }
    procBoundary14to11
    {
        type            processor;
        value           nonuniform List<scalar> 
27
(
1.2679829e-05
1.2683185e-05
1.2686301e-05
1.268919e-05
1.2691865e-05
1.2694338e-05
1.2696625e-05
1.2698742e-05
1.2700705e-05
1.2702535e-05
1.270425e-05
1.270587e-05
1.2707414e-05
1.2708898e-05
1.271034e-05
1.271175e-05
1.271314e-05
1.2714516e-05
1.2715879e-05
1.2717227e-05
1.2718557e-05
1.2719857e-05
1.2721115e-05
1.2722316e-05
1.272344e-05
1.2724468e-05
1.2725376e-05
)
;
    }
    procBoundary14to13
    {
        type            processor;
        value           nonuniform List<scalar> 
17
(
3.4780042e-05
3.0024674e-05
2.6652452e-05
2.413648e-05
2.2186369e-05
2.0629143e-05
1.9355371e-05
1.8292394e-05
1.7390015e-05
1.6612388e-05
1.5933223e-05
1.5332795e-05
1.4795998e-05
1.4311027e-05
1.386848e-05
1.3460766e-05
1.3081692e-05
)
;
    }
    procBoundary14to15
    {
        type            processor;
        value           nonuniform List<scalar> 
29
(
3.1594224e-05
3.229866e-05
3.3073715e-05
3.3931634e-05
3.4886985e-05
3.5959951e-05
3.7175698e-05
3.8564064e-05
2.340121e-05
2.368979e-05
2.3981459e-05
2.42769e-05
2.4577086e-05
2.4883282e-05
2.519708e-05
2.55204e-05
2.5855505e-05
2.6204942e-05
2.6571508e-05
2.6958218e-05
2.736847e-05
2.7806102e-05
2.7806102e-05
3.4014526e-05
3.4014526e-05
3.5167191e-05
3.649219e-05
3.8029703e-05
3.9834158e-05
)
;
    }
}


// ************************************************************************* //
