/*--------------------------------*- C++ -*----------------------------------*\
  =========                 |
  \\      /  F ield         | OpenFOAM: The Open Source CFD Toolbox
   \\    /   O peration     | Website:  https://openfoam.org
    \\  /    A nd           | Version:  12
     \\/     M anipulation  |
\*---------------------------------------------------------------------------*/
FoamFile
{
    format      ascii;
    class       volScalarField;
    location    "1300";
    object      epsilon;
}
// * * * * * * * * * * * * * * * * * * * * * * * * * * * * * * * * * * * * * //

dimensions      [0 2 -3 0 0 0 0];

internalField   nonuniform List<scalar> 
1762
(
0.07226077
0.24735929
0.41301738
0.51930238
0.57365899
0.59344588
0.59240076
0.57994846
0.56211703
0.54242574
0.52272365
0.50387756
0.48623574
0.46989443
0.45483621
0.44099154
0.42826185
0.41654604
0.40574723
0.39577505
0.38654718
0.37798952
0.37003581
0.36262712
0.3557112
0.34924181
0.34317795
0.33748339
0.33212573
0.32707649
9.2819965e-05
9.1497585e-05
9.0069324e-05
8.959284e-05
9.4726515e-05
0.00015320625
0.0017961881
0.040412503
0.18695103
0.35252164
0.46790461
0.53105219
0.55756865
0.56145959
0.55259583
0.53737096
0.5195914
0.50132111
0.48357718
0.46680796
0.45117511
0.43670461
0.42335736
0.41105616
0.39971468
0.38924703
0.379571
0.37061048
0.36229613
0.35456537
0.34736223
0.34063679
0.33434469
0.3284465
0.32290724
0.31769558
0.31278395
9.3141087e-05
9.1827229e-05
9.0398386e-05
8.9496694e-05
9.2301056e-05
0.00012387416
0.00073425498
0.020188597
0.13321975
0.29334179
0.41614269
0.48796358
0.52141567
0.53045515
0.52535133
0.51286382
0.49709248
0.48032336
0.46373069
0.44786868
0.43296871
0.41910307
0.40626515
0.3944006
0.38343893
0.37330593
0.36392812
0.35523595
0.34716511
0.33965698
0.33265862
0.32612262
0.32000659
0.31427268
0.30888727
0.30382013
0.2990446
9.3472854e-05
9.2167228e-05
9.0754253e-05
8.9564251e-05
9.0945502e-05
0.00010855323
0.00035147133
0.0089481419
0.088011442
0.23647166
0.36427895
0.44440257
0.48493669
0.49932941
0.49816037
0.48854653
0.47488543
0.45969167
0.44430337
0.42938634
0.41524613
0.40200447
0.38968929
0.37827078
0.36769536
0.35790129
0.34882437
0.34040204
0.33257535
0.32528982
0.31849577
0.31214838
0.30620733
0.30063649
0.29540358
0.29047955
0.28583867
9.3811533e-05
9.2515035e-05
9.1124187e-05
8.9775057e-05
9.0210836e-05
0.00010012035
0.00020926877
0.0035759343
0.052705492
0.18307873
0.3127106
0.40042641
0.4480958
0.46802889
0.47096995
0.46437061
0.4529269
0.43938748
0.42526064
0.41132958
0.39797857
0.38538202
0.37360464
0.36264279
0.35246108
0.34301101
0.33423831
0.32608785
0.31850635
0.31144374
0.30485379
0.29869441
0.29292746
0.2875186
0.28243697
0.27765473
0.27314714
9.4153399e-05
9.2867891e-05
9.1500281e-05
9.0076723e-05
8.9845027e-05
9.5383426e-05
0.00014998991
0.001366202
0.028173145
0.13434561
0.26200196
0.35615765
0.41087757
0.43650677
0.44372945
0.44028846
0.43117389
0.41937232
0.40656802
0.39366719
0.38113745
0.36920923
0.35798635
0.34749313
0.33771362
0.3286135
0.32014902
0.31227299
0.30493818
0.29809917
0.29171341
0.28574166
0.28014814
0.27490031
0.26996886
0.2653272
0.26095161
9.4494783e-05
9.3222775e-05
9.18774e-05
9.0445852e-05
8.9715252e-05
9.2718588e-05
0.00012196115
0.00056319533
0.013290052
0.091937858
0.21293203
0.31180392
0.3732955
0.40472576
0.41639168
0.41625376
0.40958385
0.39960791
0.38819113
0.37636807
0.36469432
0.35345981
0.34280986
0.33279861
0.32343091
0.31468754
0.30653602
0.29893757
0.29185142
0.28523708
0.27905589
0.27327168
0.26785107
0.26276352
0.25798128
0.2534791
0.2492343
9.4832112e-05
9.357645e-05
9.22524e-05
9.0838805e-05
8.9769989e-05
9.1256072e-05
0.00010743491
0.00028517539
0.0055254307
0.057407938
0.16648853
0.26768393
0.33540366
0.37266228
0.38891438
0.39222215
0.38811497
0.38005622
0.37009568
0.35940118
0.34862086
0.33810764
0.32805083
0.31853631
0.30959118
0.30121231
0.29337921
0.28606212
0.27922708
0.2728389
0.26686301
0.26126649
0.25601853
0.25109067
0.24645682
0.24209311
0.23797801
9.516193e-05
9.3925537e-05
9.2622662e-05
9.1238028e-05
8.9979165e-05
9.0477243e-05
9.9494547e-05
0.00018149835
0.0020962997
0.031799857
0.12378666
0.2242557
0.2973125
0.34031214
0.36126236
0.36815202
0.3667266
0.36067966
0.35224753
0.34273558
0.33288878
0.32312667
0.31368505
0.30468352
0.2961729
0.28816725
0.28065885
0.27362752
0.26704658
0.26088646
0.25511696
0.24970857
0.24463323
0.23986466
0.23537854
0.23115244
0.22716603
9.5480908e-05
9.4266615e-05
9.2985601e-05
9.1633221e-05
9.0283673e-05
9.0098564e-05
9.5069988e-05
0.00013694054
0.00080353371
0.015598273
0.085909502
0.18214819
0.25920849
0.30769828
0.33341043
0.34400576
0.3453797
0.34144132
0.33461281
0.32634039
0.31746991
0.30849096
0.29968845
0.29121767
0.28315475
0.27553206
0.26835546
0.26161497
0.25529169
0.24936199
0.24380032
0.23858082
0.23367833
0.22906886
0.22472997
0.22064076
0.21678214
9.5785853e-05
9.4596287e-05
9.3338496e-05
9.2018111e-05
9.0650619e-05
8.996675e-05
9.2609903e-05
0.00011525004
0.00036414841
0.0066836193
0.054530611
0.14221663
0.22137501
0.2748813
0.30534747
0.31975143
0.32403769
0.32230532
0.31715807
0.31018495
0.30233612
0.29417463
0.28603703
0.27811633
0.27051559
0.26328664
0.25644979
0.25000596
0.24394446
0.23824804
0.23289605
0.22786653
0.22313736
0.21868704
0.21449507
0.21054218
0.20681058
9.6073707e-05
9.4911238e-05
9.3678453e-05
9.2389063e-05
9.1036052e-05
9.0018576e-05
9.1279928e-05
0.00010380342
0.00021114188
0.0025547054
0.030755196
0.1054683
0.18422188
0.24197412
0.27708208
0.29536498
0.30266738
0.3032373
0.29985054
0.29423885
0.28745944
0.28015188
0.27270689
0.26535719
0.2582344
0.25141105
0.24492284
0.23878219
0.23298723
0.22752744
0.22238741
0.2175493
0.21299425
0.20870334
0.20465819
0.20084119
0.19723598
9.6341551e-05
9.520827e-05
9.400247e-05
9.2743407e-05
9.1419887e-05
9.0219508e-05
9.058262e-05
9.7496076e-05
0.00015001268
0.00095358877
0.015147394
0.072905249
0.14831312
0.20916099
0.24865026
0.27083342
0.28124043
0.28420511
0.28265845
0.27847216
0.27281209
0.26639701
0.25967417
0.25291799
0.24629027
0.23988552
0.23375572
0.22792559
0.22240255
0.21718328
0.21225795
0.20761306
0.20323321
0.19910225
0.19520401
0.19152268
0.18804336
9.6586606e-05
9.5484329e-05
9.430751e-05
9.3078768e-05
9.1790428e-05
9.0505578e-05
9.0248293e-05
9.3986114e-05
0.00012174138
0.00041050069
0.0064661903
0.045882535
0.11440868
0.17671817
0.22012584
0.24615913
0.2597352
0.2651797
0.2655515
0.26285565
0.25836664
0.25288449
0.24691515
0.24077657
0.2346624
0.22869038
0.22292975
0.21741824
0.2121732
0.20719891
0.20249147
0.19804199
0.19383877
0.18986858
0.18611758
0.18257188
0.17921813
9.6806231e-05
9.5736516e-05
9.4590585e-05
9.3392787e-05
9.2140728e-05
9.084563e-05
9.0140623e-05
9.2043685e-05
0.00010725924
0.00022720958
0.0024444618
0.025482724
0.083426689
0.14504069
0.19163481
0.22136579
0.23813933
0.24613637
0.24850151
0.24736112
0.24409616
0.23958905
0.23440622
0.22891088
0.22333007
0.21780606
0.21242633
0.2072424
0.20228212
0.19755786
0.19307199
0.18882055
0.18479574
0.18098741
0.17738423
0.17397433
0.17074599
9.6997931e-05
9.59621e-05
9.4848813e-05
9.3683033e-05
9.2467071e-05
9.1192049e-05
9.0203565e-05
9.0995385e-05
9.9394905e-05
0.00015666256
0.0009044949
0.012200528
0.056302436
0.1146688
0.163374
0.1965065
0.21645324
0.22705637
0.23148324
0.23196188
0.22997453
0.22648582
0.22212402
0.217299
0.21227268
0.20721311
0.20222701
0.19738046
0.19271242
0.18824385
0.18398375
0.17993341
0.17608914
0.1724441
0.16898959
0.16571587
0.16261297
9.7159354e-05
9.615852e-05
9.5079463e-05
9.3947038e-05
9.2766938e-05
9.1525831e-05
9.0388227e-05
9.0442667e-05
9.5016417e-05
0.00012488199
0.00039166219
0.0050306628
0.03419085
0.086321177
0.13563193
0.17167476
0.19469496
0.20792919
0.21447554
0.21663333
0.2159767
0.21355056
0.21004551
0.2059192
0.20146977
0.19689219
0.19231344
0.18781493
0.18344736
0.17924075
0.17521118
0.17136545
0.16770426
0.16422425
0.16091954
0.15778263
0.15480541
9.7288303e-05
9.6323398e-05
9.527999e-05
9.4182373e-05
9.3038276e-05
9.1836183e-05
9.0649392e-05
9.017748e-05
9.256945e-05
0.00010884611
0.00021985642
0.0018540777
0.018026012
0.060859984
0.10881377
0.14701954
0.17290674
0.18875552
0.19746282
0.2013538
0.20207921
0.20075984
0.19814812
0.19475004
0.19090104
0.18682412
0.18266741
0.17852845
0.17447033
0.17053263
0.16673888
0.16310175
0.15962658
0.1563137
0.1531602
0.15016099
0.14730989
9.7382735e-05
9.6454545e-05
9.5448062e-05
9.438671e-05
9.327916e-05
9.2117504e-05
9.0929511e-05
9.0112797e-05
9.1218182e-05
0.0001001964
0.0001533865
0.00069862196
0.0081242774
0.03912724
0.083465927
0.12276491
0.15116402
0.16955139
0.18043715
0.18610561
0.18826075
0.18809147
0.18640997
0.18377049
0.18054649
0.17698988
0.17327085
0.16950382
0.16576487
0.16210365
0.1585516
0.15512756
0.15184176
0.14869848
0.14569793
0.14283756
0.14011327
9.7440772e-05
9.6549974e-05
9.5581571e-05
9.4557881e-05
9.3487707e-05
9.2366569e-05
9.1202111e-05
9.0186121e-05
9.0477411e-05
9.537461e-05
0.0001231923
0.00032352997
0.003160274
0.022176523
0.060310214
0.099230816
0.12958749
0.15035384
0.16340091
0.1708765
0.17450302
0.17552494
0.17481016
0.17296009
0.17038642
0.16737069
0.16410587
0.16072396
0.15731465
0.15393818
0.15063426
0.1474283
0.14433569
0.14136484
0.1385193
0.13579921
0.13320264
9.7460712e-05
9.6607911e-05
9.5678648e-05
9.4693908e-05
9.3662069e-05
9.2581255e-05
9.1451437e-05
9.0355838e-05
9.0070895e-05
9.2659342e-05
0.00010784672
0.00019460894
0.0011483567
0.010631277
0.040168452
0.076856814
0.10835974
0.13122873
0.14637056
0.15566154
0.16079168
0.163042
0.16332911
0.16229919
0.16040169
0.1579481
0.15515481
0.15217199
0.14910351
0.14602069
0.14297195
0.13998956
0.13709439
0.13429922
0.13161109
0.12903301
0.12656533
0.12420585
0.12195245
0.11980122
9.7441041e-05
9.6626809e-05
9.5737667e-05
9.4793018e-05
9.3800461e-05
9.2759867e-05
9.1669053e-05
9.0562569e-05
8.9887151e-05
9.1124493e-05
9.9514962e-05
0.0001422903
0.00046808956
0.0043772693
0.023792113
0.056218655
0.087746293
0.11228137
0.12938173
0.14046571
0.14711786
0.15062751
0.15194907
0.15176923
0.15057378
0.1487041
0.14640031
0.14383126
0.14111547
0.13833584
0.1355499
0.13279711
0.13010408
0.12748821
0.12496026
0.12252622
0.12018889
0.11794812
0.1158033
0.11375195
0.11179092
9.7380425e-05
9.6605357e-05
9.5757238e-05
9.4853627e-05
9.3901177e-05
9.2900832e-05
9.1850518e-05
9.0763163e-05
8.9855455e-05
9.0255098e-05
9.4836027e-05
0.00011757665
0.00024650006
0.0016125861
0.012063894
0.038047962
0.068115929
0.093670681
0.1124962
0.12530736
0.13347993
0.13827048
0.1406547
0.1413531
0.14088514
0.13962128
0.13782541
0.13568538
0.13333479
0.13086849
0.12835351
0.12583685
0.12335115
0.12091863
0.11855397
0.11626632
0.11406108
0.11194023
0.10990479
0.10795377
0.10608522
0.10429656
0.10258486
0.10094693
0.09937949
0.097879274
9.7277734e-05
9.6542483e-05
9.5736177e-05
9.4874314e-05
9.396259e-05
9.3002594e-05
9.1993115e-05
9.0938561e-05
8.9928697e-05
8.9743778e-05
9.216983e-05
0.0001046833
0.00016438247
0.00062033488
0.0051447504
0.02306317
0.049962253
0.075628553
0.095811501
0.11022297
0.11988606
0.12596545
0.12943399
0.13103573
0.13131943
0.13068303
0.1294137
0.12771837
0.12574599
0.12360372
0.1213684
0.11909489
0.11682214
0.11457744
0.11237955
0.11024099
0.10816984
0.10617038
0.10424534
0.1023953
0.10061957
0.098916636
0.097284405
0.095720451
0.094222116
0.092786663
9.7132065e-05
9.6437339e-05
9.5673452e-05
9.4853758e-05
9.3983135e-05
9.3063576e-05
9.2094863e-05
9.107845e-05
9.0052434e-05
8.9464982e-05
9.0626263e-05
9.7554171e-05
0.00012824715
0.00029855625
0.0019245733
0.012016668
0.033916654
0.058480237
0.079473841
0.095273665
0.10635752
0.1137144
0.11827926
0.12080466
0.12186199
0.12187378
0.12114946
0.11991471
0.11833396
0.11652686
0.11458039
0.11255755
0.11050382
0.1084518
0.10642455
0.10443808
0.10250334
0.10062698
0.098813604
0.097065404
0.095383023
0.093766053
0.092213334
0.090723212
0.089293689
0.087922591
9.6942754e-05
9.628924e-05
9.5568095e-05
9.4790677e-05
9.3961277e-05
9.3082179e-05
9.2154043e-05
9.117771e-05
9.0168108e-05
8.935005e-05
8.9707995e-05
9.3491227e-05
0.00011017564
0.00018524688
0.00072557197
0.0052037877
0.020656338
0.042663451
0.063695265
0.080554188
0.092933375
0.1015292
0.10718864
0.110651
0.11250035
0.11317943
0.11301791
0.11225955
0.11108402
0.10962362
0.10797561
0.10621136
0.10438314
0.10252906
0.10067667
0.098845648
0.097049917
0.095298674
0.093598446
0.091953146
0.090364825
0.088834245
0.08736122
0.085944916
0.084584029
0.08327698
9.6709353e-05
9.6097539e-05
9.5419081e-05
9.4683748e-05
9.3895483e-05
9.3056785e-05
9.2169013e-05
9.1233256e-05
9.025498e-05
8.9338827e-05
8.9148524e-05
9.1128146e-05
0.00010038935
0.00013787338
0.000334153
0.0019697126
0.010791618
0.028731241
0.048773241
0.06620513
0.079676726
0.089435042
0.096168016
0.10057049
0.10322499
0.1045877
0.10500552
0.10473885
0.10398212
0.10288011
0.10154047
0.10004312
0.098447292
0.096796789
0.095123834
0.09345193
0.091798131
0.090174264
0.088588925
0.087047811
0.08555446
0.084110864
0.08271787
0.081375507
0.080083203
0.078840005
9.6431479e-05
9.5861391e-05
9.5225203e-05
9.4531566e-05
9.3784202e-05
9.2985768e-05
9.2138148e-05
9.1242912e-05
9.0302215e-05
8.9365667e-05
8.8824618e-05
8.9710522e-05
9.4832737e-05
0.00011495743
0.00019917844
0.00074609045
0.004666389
0.017303141
0.03510679
0.052428749
0.066683504
0.077474996
0.08523355
0.090565095
0.094030192
0.0960888
0.097100343
0.097339672
0.09701492
0.096282987
0.095261829
0.094039957
0.09268372
0.091242776
0.089754171
0.08824538
0.086736724
0.085242773
0.083774308
0.08233889
0.080941618
0.079585784
0.078273318
0.077005163
0.075781517
0.074602086
9.6108297e-05
9.5579492e-05
9.4985016e-05
9.4332633e-05
9.3625874e-05
9.2867514e-05
9.2059837e-05
9.1204889e-05
9.0304189e-05
8.9380001e-05
8.8649074e-05
8.8816848e-05
9.1599367e-05
0.00010276397
0.0001441411
0.00034262635
0.001779611
0.0088906067
0.023197104
0.039507804
0.05409428
0.065716405
0.074415203
0.080644987
0.084915356
0.08767617
0.089292577
0.090050485
0.090170087
0.089819617
0.089127033
0.088189387
0.087080197
0.085855084
0.084556047
0.083214664
0.081854648
0.080493423
0.079144064
0.077816077
0.076516201
0.075249088
0.074017816
0.072824286
0.071669508
0.070553879
9.5738342e-05
9.525011e-05
9.4696908e-05
9.4085406e-05
9.3418954e-05
9.270045e-05
9.1932506e-05
9.1117583e-05
9.0257566e-05
8.9361885e-05
8.8549616e-05
8.8258688e-05
8.9648557e-05
9.5881216e-05
0.00011795086
0.00020286951
0.00068952779
0.0037810595
0.013606111
0.027819055
0.042109371
0.054259618
0.063761484
0.070831255
0.075886561
0.079347493
0.081575171
0.082861613
0.083436536
0.083478238
0.083124077
0.082479408
0.081624863
0.080622078
0.079518087
0.078348681
0.077141074
0.075915642
0.074687862
0.07346927
0.072268311
0.071091071
0.069941828
0.068823493
0.067737931
0.066686265
0.00031688048
0.00029051688
0.00025227662
0.00021625333
0.00018733208
0.0001654954
0.00014925262
0.00013708061
0.00012780912
0.0001206194
0.00011495249
0.00011042374
0.00010676315
0.00010377613
0.00010131986
9.9286328e-05
9.7595092e-05
9.617809e-05
9.5010707e-05
9.3952163e-05
0.00031003258
0.00028515195
0.00024885132
0.00021432777
0.00018635592
0.00016506668
0.00014912874
0.00013712744
0.00012795464
0.0001208245
0.0001151951
0.00011069085
0.00010704673
0.00010407102
0.00010162268
9.9594808e-05
9.7907652e-05
9.6493798e-05
9.5328509e-05
9.4273668e-05
0.00030329012
0.00027983135
0.00024539592
0.00021233838
0.00018531179
0.00016457918
0.00014895848
0.00013713923
0.00012807428
0.0001210108
0.0001154244
0.0001109489
0.0001073246
0.00010436291
0.00010192468
9.9904299e-05
9.8222725e-05
9.6813384e-05
9.5651095e-05
9.4601779e-05
0.00029665357
0.00027455623
0.00024191335
0.00021028707
0.00018419988
0.00016403156
0.00014873952
0.00013711309
0.00012816484
0.00012117498
0.00011563696
0.00011119446
0.00010759333
0.00010464836
0.00010222244
0.00010021137
9.853689e-05
9.713343e-05
9.5975089e-05
9.4932953e-05
0.00029012325
0.00026932779
0.00023840656
0.00020817588
0.00018302057
0.00016342275
0.00014846975
0.0001370463
0.00012822329
0.00012131382
0.00011582952
0.0001114242
0.00010784958
0.00010492402
0.00010251262
0.00010051269
9.8846814e-05
9.7450597e-05
9.6297191e-05
9.5263759e-05
0.00028369941
0.00026414722
0.00023487845
0.00020600697
0.00018177447
0.0001627519
0.00014814731
0.00013693639
0.00012824678
0.0001214243
0.00011599893
0.00011163493
0.00010809014
0.00010518667
0.00010279197
0.00010080501
9.9149257e-05
9.7761639e-05
9.6614184e-05
9.5590867e-05
0.00027738214
0.00025901572
0.00023133191
0.00020378262
0.00018046237
0.00016201841
0.00014777056
0.00013678105
0.00012823264
0.00012150353
0.0001161422
0.00011182359
0.0001083119
0.00010543319
0.00010305737
0.0001010852
9.9441076e-05
9.8063401e-05
9.692294e-05
9.5911058e-05
0.00027117146
0.00025393452
0.00022776978
0.0002015052
0.00017908527
0.00016122189
0.00014733811
0.00013657821
0.0001281784
0.0001215488
0.00011625647
0.00011198725
0.00010851188
0.00010566056
0.00010330579
0.00010135021
9.9719227e-05
9.8352827e-05
9.7220421e-05
9.6221213e-05
0.00026506726
0.00024890483
0.00022419492
0.00019917719
0.00017764435
0.00016036221
0.00014684877
0.00013632603
0.00012808178
0.00012155758
0.00011633905
0.00011212312
0.00010868725
0.00010586591
0.00010353431
0.00010159712
9.9980773e-05
9.8626963e-05
9.7503685e-05
9.6518318e-05
0.00025906936
0.00024392785
0.00022061013
0.00019680113
0.00017614097
0.00015943943
0.00014630161
0.00013602287
0.0001279407
0.0001215275
0.00011638741
0.00011222857
0.00010883529
0.00010604647
0.00010374017
0.00010182313
0.00010022289
9.8882964e-05
9.7769894e-05
9.6799466e-05
0.00025317747
0.00023900476
0.0002170182
0.00019437966
0.00017457664
0.00015845385
0.00014569591
0.00013566729
0.00012775327
0.00012145639
0.0001163992
0.00011230111
0.00010895343
0.00010619964
0.00010392068
0.00010202553
0.00010044286
9.9118096e-05
9.8016314e-05
9.7061858e-05
0.00024739123
0.00023413672
0.00021342188
0.00019191547
0.00017295305
0.00015740595
0.00014503119
0.00013525812
0.00012751782
0.00012134225
0.00011637222
0.00011233841
0.00010903927
0.00010632292
0.00010407333
0.00010220177
0.0001006381
9.9329743e-05
9.8240328e-05
9.7302809e-05
0.00024171019
0.00022932488
0.0002098239
0.0001894113
0.00017127203
0.00015629645
0.00014430719
0.00013479436
0.00012723288
0.0001211833
0.00011630444
0.00011233831
0.00010909052
0.00010641397
0.00010419573
0.00010234941
0.00010080615
9.9515413e-05
9.8439434e-05
9.7519754e-05
0.00023613384
0.00022457033
0.00020622695
0.00018686997
0.00016953553
0.00015512623
0.00014352384
0.00013427526
0.00012689718
0.00012097794
0.00011619405
0.00011229882
0.0001091051
0.00010647062
0.00010428562
0.00010246616
0.00010094468
9.967274e-05
9.8611255e-05
9.7710249e-05
0.00023066158
0.00021987413
0.00020263366
0.00018429429
0.00016774565
0.00015389638
0.00014268132
0.00013370026
0.00012650967
0.00012072474
0.00011603938
0.00011221812
0.00010908105
0.00010649082
0.0001043409
0.00010254986
0.00010105149
9.9799492e-05
9.8753542e-05
9.7871977e-05
0.00022529275
0.0002152373
0.00019904666
0.00018168715
0.0001659046
0.00015260815
0.00014177999
0.00013306904
0.00012606951
0.00012042251
0.00011583898
0.00011209455
0.00010901659
0.00010647271
0.00010435963
0.00010259852
0.00010112453
9.9893577e-05
9.886418e-05
9.8002756e-05
0.00022002664
0.00021066082
0.0001954685
0.00017905143
0.0001640147
0.00015126297
0.00014082042
0.00013238147
0.00012557605
0.00012007023
0.00011559156
0.00011192665
0.00010891011
0.00010641455
0.00010434001
0.00010261026
0.00010116189
9.995304e-05
9.8941191e-05
9.8100539e-05
0.00021486246
0.0002061456
0.00019190168
0.00017639004
0.00016207836
0.00014986242
0.00013980337
0.00013163764
0.00012502887
0.0001196671
0.00011529604
0.00011171313
0.00010876019
0.00010631482
0.00010428041
0.00010258339
0.00010116182
9.9976078e-05
9.898274e-05
9.8163427e-05
0.00020979937
0.00020169251
0.00018834868
0.0001737059
0.00016009808
0.00014840823
0.00013872978
0.00013083781
0.00012442773
0.00011921249
0.00011495153
0.0001114529
0.00010856556
0.00010617213
0.00010417935
0.00010251636
0.00010112272
9.9961034e-05
9.8987137e-05
9.818967e-05
0.00020483649
0.00019730234
0.00018481187
0.00017100192
0.00015807644
0.00014690226
0.00013760078
0.00012998248
0.00012377259
0.00011870599
0.00011455732
0.00011114502
0.00010832514
0.00010598527
0.00010403554
0.0001024078
0.00010104313
9.9906408e-05
9.8952842e-05
9.8177642e-05
0.00019997288
0.00019297585
0.00018129361
0.00016828101
0.00015601608
0.00014534653
0.00013641766
0.0001290723
0.00012306362
0.00011814738
0.0001141129
0.00011078878
0.00010803803
0.00010575321
0.00010384783
0.00010225647
0.00010092178
9.9810856e-05
9.8878468e-05
9.8125969e-05
0.00019520755
0.00018871371
0.00017779614
0.00016554604
0.00015391969
0.00014374315
0.00013518186
0.00012810812
0.00012230118
0.00011753663
0.00011361794
0.0001103836
0.0001077035
0.00010547509
0.00010361526
0.00010206134
0.00010075754
9.9673192e-05
9.8762785e-05
9.8033323e-05
0.00019053949
0.00018451652
0.00017432167
0.0001627999
0.00015179003
0.00014209433
0.00013389499
0.00012709096
0.0001214858
0.00011687389
0.0001130723
0.00010992914
0.00010732102
0.00010515023
0.00010333704
0.00010182151
0.00010054945
9.9492395e-05
9.8604722e-05
9.7898556e-05
0.00018596761
0.00018038483
0.00017087232
0.00016004541
0.00014962987
0.0001404024
0.00013255878
0.000126022
0.00012061819
0.00011615951
0.00011247603
0.00010942521
0.0001068902
0.00010477812
0.00010301254
0.00010153626
0.00010029673
9.9267605e-05
9.840337e-05
9.7720671e-05
0.00018149083
0.00017631911
0.00016745014
0.00015728537
0.00014744201
0.00013866975
0.00013117509
0.00012490259
0.00011969925
0.000115394
0.00011182936
0.00010887179
0.00010641087
0.00010435842
0.00010264131
0.00010120506
9.9998733e-05
9.8998127e-05
9.8157979e-05
9.749883e-05
0.00017710801
0.00017231977
0.00016405707
0.00015452252
0.00014522927
0.00013689888
0.00012974592
0.00012373421
0.00011873002
0.00011457805
0.00011113268
0.00010826905
0.00010588301
0.00010389097
0.00010222307
0.00010082751
9.9655012e-05
9.8683431e-05
9.7867959e-05
9.723237e-05
0.00017281797
0.00016838712
0.000160695
0.00015175957
0.00014299449
0.00013509231
0.00012827335
0.00012251849
0.00011771172
0.00011371252
0.00011038656
0.00010761735
0.00010530677
0.00010337578
0.0001017577
0.00010040342
9.9265269e-05
9.8323151e-05
9.7532877e-05
9.6920815e-05
0.00016861953
0.00016452143
0.00015736571
0.00014899915
0.00014074047
0.00013325265
0.00012675958
0.00012125718
0.0001166457
0.00011279843
0.00010959175
0.00010691719
0.00010468249
0.00010281302
0.00010124527
9.9932723e-05
9.8829374e-05
9.7917088e-05
9.7152457e-05
9.6563913e-05
0.00016451145
0.00016072288
0.00015407089
0.00014624383
0.00013847002
0.00013138252
0.00012520687
0.00011995216
0.00011553346
0.00011183695
0.00010874915
0.00010616924
0.00010401066
0.00010220305
0.00010068599
9.9415549e-05
9.8347359e-05
9.7465203e-05
9.6726581e-05
9.6161625e-05
)
;

boundaryField
{
    inlet
    {
        type            zeroGradient;
    }
    top
    {
        type            zeroGradient;
    }
    outlet
    {
        type            zeroGradient;
    }
    slipsurface
    {
        type            slip;
    }
    bottom
    {
        type            epsilonWallFunction;
        value           nonuniform List<scalar> 0();
    }
    frontandback
    {
        type            empty;
    }
    procBoundary7to1
    {
        type            processor;
        value           nonuniform List<scalar> 
58
(
0.11657977
0.3126692
0.47406458
0.57017931
0.61580861
0.62910746
0.62333978
0.60746492
0.58715152
0.56563926
0.54456984
0.52466677
0.50618389
0.48915613
0.47352546
0.45919379
0.44604262
0.43395702
0.42282983
0.41256295
0.40306825
0.39426714
0.38608982
0.37847458
0.37136695
0.36471885
0.35848784
0.35263643
0.34713116
0.34194275
9.2513151e-05
9.1180825e-05
8.9786585e-05
8.9906252e-05
9.8961973e-05
0.00021446375
0.0045572667
0.0045572667
0.0003238339
0.000295924
0.00025566882
0.00021811329
0.00018824035
0.00016586691
0.00014933267
0.00013700185
0.00012764109
0.00012039902
0.00011470009
0.00011015112
0.00010647743
0.00010348178
0.00010101976
9.8982372e-05
9.7288546e-05
9.5869763e-05
9.4701144e-05
9.3640917e-05
)
;
    }
    procBoundary7to4
    {
        type            processor;
        value           nonuniform List<scalar> 
31
(
0.32231121
0.30814854
0.29453755
0.28145853
0.2688925
0.25682114
0.24522674
0.23409217
0.2234008
0.21313651
0.20328364
0.19382693
0.18475154
0.17604298
0.16768713
0.15967017
0.1519786
0.1445992
0.13751904
0.13072542
0.13072542
0.12836402
0.12611317
0.11774787
0.11774787
0.10991664
0.10991664
0.10812535
0.10641318
0.10477624
0.10321076
)
;
    }
    procBoundary7to5
    {
        type            processor;
        value           nonuniform List<scalar> 8(0.096443053 0.09141127 0.086607523 0.082021825 0.077644452 0.073465928 0.069477021 0.065668729);
    }
    procBoundary7to6
    {
        type            processor;
        value           nonuniform List<scalar> 
66
(
9.5320557e-05
9.4871656e-05
9.435931e-05
9.3788392e-05
9.3161971e-05
9.248309e-05
9.1754666e-05
9.0979512e-05
9.0160147e-05
8.9300609e-05
8.8464029e-05
8.7914625e-05
8.8409465e-05
9.1858284e-05
0.00010411758
0.00014578848
0.00032594615
0.0014465235
0.0067577365
0.017826899
0.031006475
0.043249839
0.053346045
0.061159628
0.066958785
0.071106049
0.073944705
0.075765789
0.076804832
0.077248242
0.07724178
0.076898625
0.076306329
0.075532494
0.074629225
0.073636597
0.07258541
0.071499084
0.070395591
0.069288575
0.068188262
0.067102235
0.06603603
0.06499362
0.063977766
0.062990353
0.00016049251
0.0001569916
0.00015081215
0.00014349613
0.00013618594
0.00012948459
0.00012361758
0.00011860541
0.00011437662
0.00011082939
0.00010785979
0.00010537434
0.00010329192
0.00010154636
0.00010008024
9.8852174e-05
9.7819417e-05
9.6967619e-05
9.6255285e-05
9.5714067e-05
)
;
    }
}


// ************************************************************************* //
