/*--------------------------------*- C++ -*----------------------------------*\
  =========                 |
  \\      /  F ield         | OpenFOAM: The Open Source CFD Toolbox
   \\    /   O peration     | Website:  https://openfoam.org
    \\  /    A nd           | Version:  12
     \\/     M anipulation  |
\*---------------------------------------------------------------------------*/
FoamFile
{
    format      ascii;
    class       volScalarField;
    location    "800";
    object      p;
}
// * * * * * * * * * * * * * * * * * * * * * * * * * * * * * * * * * * * * * //

dimensions      [0 2 -2 0 0 0 0];

internalField   nonuniform List<scalar> 
820
(
0.0016874544
0.0016864613
0.0016851693
0.0016836111
0.0016818101
0.001679763
0.0016774453
0.0016748308
0.001671886
0.0016685564
0.0016647763
0.0016604688
0.0016555364
0.0016498532
0.0016432593
0.0016355531
0.0016264811
0.0016157138
0.0016028151
0.0015872029
0.0015680852
0.0015443666
0.0015145029
0.00147625
0.0014262639
0.0013593477
0.0012674873
0.001136262
0.000942308
0.00066543439
0.00012556464
-0.00018462913
0.0021700795
0.00541245
0.0016945826
0.0016926892
0.001690668
0.0016885089
0.0016862061
0.0016837345
0.0016810545
0.0016781284
0.0016749128
0.0016713472
0.0016673602
0.0016628709
0.0016577782
0.001651954
0.0016452367
0.0016374238
0.0016282611
0.0016174194
0.0016044642
0.0015888163
0.0015696893
0.0015459976
0.0015162132
0.0014781219
0.0014284354
0.0013620704
0.001271206
0.0011421521
0.00095240744
0.0006842895
0.00018794671
-7.7604928e-05
0.0021770375
0.0052808773
0.0017026394
0.0016997287
0.0016968833
0.0016940454
0.0016911757
0.0016882246
0.0016851354
0.0016818574
0.0016783364
0.0016745042
0.0016702841
0.0016655898
0.0016603167
0.001654334
0.0016474783
0.0016395461
0.0016302826
0.0016193591
0.0016063428
0.0015906583
0.001571526
0.0015478716
0.0015181869
0.0014802928
0.0014309668
0.0013652585
0.0012755779
0.0011490415
0.00096425244
0.00070694491
0.00025517392
3.7130191e-05
0.0021844853
0.0051409639
0.0017117407
0.0017076818
0.001703906
0.0017003017
0.0016967921
0.0016932998
0.0016897488
0.0016860738
0.0016822081
0.0016780754
0.0016735925
0.0016686674
0.0016631914
0.0016570307
0.0016500201
0.0016419548
0.0016325795
0.0016215662
0.0016084846
0.0015927636
0.0015736316
0.0015500283
0.0015204687
0.0014828155
0.0014339236
0.0013689988
0.0012807257
0.0011571098
0.00097814182
0.00073347596
0.00032772214
0.00015939251
0.0021922996
0.0049931766
0.0017220153
0.0017166625
0.0017118375
0.0017073687
0.0017031375
0.0016990348
0.0016949628
0.0016908402
0.001686586
0.0016821148
0.0016773358
0.0016721511
0.0016664471
0.0016600868
0.0016529029
0.0016446894
0.0016351907
0.0016240795
0.0016109285
0.0015951721
0.0015760486
0.001552514
0.0015231113
0.0014857528
0.0014373844
0.0013733949
0.0012867953
0.0011665682
0.00099439925
0.00076410645
0.00040592713
0.00028886906
0.0022005111
0.0048381203
0.0017336057
0.0017267974
0.0017207908
0.0017153482
0.0017103038
0.0017055133
0.0017008543
0.0016962273
0.0016915355
0.0016866831
0.0016815711
0.0016760945
0.0016701346
0.0016635508
0.0016561734
0.0016477953
0.0016381605
0.0016269431
0.0016137195
0.0015979307
0.0015788269
0.0015553837
0.0015261775
0.0014891797
0.0014414431
0.0013785705
0.0012939592
0.0011776621
0.0010133769
0.00079925634
0.00048987478
0.00042485945
0.0022098662
0.0046763351
0.0017466691
0.0017382265
0.0017308918
0.0017243535
0.0017183942
0.0017128292
0.0017075094
0.0017023147
0.0016971304
0.0016918491
0.0016863627
0.0016805583
0.0016743115
0.0016674778
0.0016598848
0.0016513244
0.0016415402
0.0016302085
0.00161691
0.0016010942
0.0015820251
0.0015587023
0.0015297419
0.0014931855
0.0014462118
0.0013846723
0.0013024196
0.001190671
0.0010354779
0.00083928897
0.00057942459
0.00056643694
0.0022210958
0.0045087793
0.0017613747
0.0017511024
0.001742278
0.0017345095
0.0017275226
0.0017210871
0.0017150238
0.001709191
0.0017034533
0.0016976902
0.0016917831
0.0016856111
0.0016790432
0.0016719304
0.0016640978
0.0016553359
0.0016453888
0.001633935
0.0016205611
0.0016047264
0.0015857124
0.0015625468
0.0015338934
0.0014978768
0.0014518238
0.0013918735
0.0013124111
0.0012059148
0.0010610915
0.00088464176
0.00067442986
0.00071228834
0.0022337298
0.0043374863
0.0017778978
0.0017655895
0.0017550995
0.0017459525
0.0017378139
0.0017304028
0.0017235046
0.0017169546
0.0017105958
0.0017042922
0.0016979138
0.0016913301
0.0016844034
0.0016769798
0.0016688815
0.001659898
0.0016497739
0.0016381912
0.0016247435
0.0016089024
0.0015899699
0.001567008
0.0015387371
0.0015033798
0.0014584365
0.0014003768
0.0013242024
0.0012237453
0.0010906257
0.00093566467
0.0007745005
0.00086087132
0.0022469782
0.0041648774
0.0017964191
0.0017818529
0.0017695109
0.0017588272
0.0017493971
0.0017408969
0.0017330713
0.0017257164
0.0017186605
0.0017117515
0.0017048456
0.001697802
0.0016904752
0.0016827063
0.0016743144
0.0016650881
0.0016547734
0.0016430564
0.0016295395
0.0016137095
0.0015948931
0.0015721931
0.0015443972
0.0015098434
0.0014662342
0.0014104164
0.001338095
0.0012445405
0.0011244716
0.0009925537
0.0008790901
0.0010105761
0.0022603235
0.0039918706
0.0018171172
0.0018000579
0.0017856715
0.0017732849
0.0017624185
0.0017527057
0.0017438463
0.0017355928
0.0017277584
0.0017201735
0.0017126791
0.001705123
0.0016973516
0.0016892005
0.0016804856
0.0016709949
0.0016604765
0.0016486221
0.0016350448
0.0016192498
0.0016005938
0.001578228
0.0015510197
0.0015174419
0.0014754306
0.0014222585
0.0013544196
0.0012686906
0.0011629731
0.0010552995
0.00098742524
0.0011596792
0.0022749552
0.0038177222
0.0018401555
0.0018203732
0.0018037466
0.0017894836
0.0017770353
0.0017659757
0.001755959
0.0017467084
0.0017380103
0.0017296743
0.0017215257
0.0017134007
0.001705137
0.0016965643
0.0016874958
0.0016777192
0.0016669854
0.0016549935
0.00164137
0.0016256422
0.0016072026
0.0015852599
0.0015587749
0.0015263767
0.001486269
0.001436199
0.0013735271
0.001296575
0.001206387
0.0011236918
0.0010984681
0.0013061523
0.0022899947
0.0036437152
0.0018656752
0.0018429521
0.0018238922
0.0018075804
0.0017933945
0.0017808498
0.0017695564
0.0017592047
0.0017495502
0.0017403815
0.0017315083
0.0017227542
0.0017139477
0.0017049126
0.0016954592
0.0016853756
0.0016744172
0.0016622921
0.0016486432
0.0016330245
0.0016148711
0.0015934593
0.0015678587
0.0015368776
0.0014990212
0.0014525569
0.0013957718
0.0013285325
0.001254831
0.0011973362
0.0012109431
0.0014464256
0.0023041199
0.0034738635
0.0018937637
0.0018679149
0.0018462453
0.0018277215
0.0018116461
0.0017974794
0.0017847874
0.0017732251
0.0017625173
0.0017524312
0.0017427599
0.001733314
0.0017239124
0.001714373
0.0017045036
0.001694094
0.001682905
0.0016706565
0.0016570112
0.0016415552
0.0016237736
0.0016030216
0.0015784937
0.0015492006
0.0015139817
0.0014716619
0.001421488
0.0013648177
0.0013082411
0.0012755298
0.0013232636
0.0015764625
0.002316209
0.0033123452
0.0019244317
0.0018953312
0.0018709081
0.0018500298
0.0018319262
0.001816007
0.0018017963
0.0017889142
0.0017770562
0.0017659671
0.0017554231
0.0017452215
0.0017351718
0.0017250865
0.0017147717
0.0017040196
0.0016925989
0.0016802439
0.0016666412
0.0016514146
0.0016341078
0.0016141664
0.0015909266
0.001563623
0.0015314567
0.0014938342
0.0014509551
0.001405554
0.0013662875
0.0013573027
0.0014328008
0.0016928925
0.0023260026
0.0031627427
0.0019575755
0.0019251886
0.0018979243
0.0018745866
0.0018543415
0.0018365554
0.0018207164
0.0018064123
0.0017933108
0.0017811352
0.0017696452
0.0017586253
0.0017478763
0.0017372057
0.0017264193
0.0017153131
0.001703666
0.0016912299
0.00167772
0.0016628041
0.001646093
0.0016271348
0.0016054221
0.0015804326
0.001551746
0.0015193538
0.0014843549
0.0014506682
0.0014283719
0.0014410614
0.0015374139
0.0017950795
0.0023331383
0.0030262671
0.0019929491
0.0019573648
0.001927255
0.0019014099
0.0018789518
0.001859214
0.0018416574
0.0018258433
0.0018114155
0.0017980775
0.0017855738
0.001773678
0.001762183
0.0017508927
0.0017396137
0.0017281485
0.0017162885
0.0017038069
0.0016904524
0.0016759434
0.0016599661
0.0016421818
0.0016222522
0.0015999094
0.0015751154
0.0015484218
0.00152172
0.0014998418
0.001493568
0.0015249816
0.0016353891
0.0018827024
0.0023365346
0.0029032254
0.0020301317
0.0019915908
0.0019587453
0.0019304269
0.0019057457
0.0018840176
0.0018646882
0.0018473015
0.0018314834
0.0018169217
0.0018033487
0.001790529
0.0017782499
0.0017663135
0.0017545296
0.0017427094
0.0017306598
0.0017181797
0.0017050559
0.0016910635
0.001675972
0.0016595635
0.0016416766
0.0016222992
0.00160176
0.0015811124
0.0015628804
0.0015524707
0.0015606478
0.0016071428
0.0017251575
0.0019558076
0.0023354884
0.0027934875
0.0020685104
0.0020274244
0.0019920945
0.0019614449
0.0019346138
0.0019109219
0.0018898151
0.0018708324
0.0018535905
0.001837768
0.0018230895
0.0018093142
0.0017962268
0.0017836306
0.0017713413
0.0017591815
0.0017469776
0.0017345575
0.0017217511
0.0017083954
0.0016943483
0.001679517
0.0016639163
0.0016477782
0.0016317593
0.0016173221
0.0016074184
0.0016076543
0.0016281347
0.0016856318
0.0018054073
0.0020149268
0.0023297901
0.0026963142
0.0021072766
0.0020642331
0.0020268289
0.0019941216
0.0019653193
0.0019397759
0.0019169561
0.001896409
0.0018777544
0.0018606699
0.0018448791
0.0018301409
0.0018162418
0.0018029902
0.0017902107
0.0017777412
0.0017654308
0.0017531403
0.0017407462
0.0017281509
0.0017153022
0.0017022307
0.0016891167
0.0016764086
0.0016650287
0.0016567236
0.0016546423
0.001664219
0.0016943954
0.0017586841
0.0018752233
0.0020609877
0.0023196247
0.0026105116
0.0021454463
0.0021011971
0.0020622895
0.002027943
0.0019974721
0.0019702935
0.0019459126
0.0019239055
0.0019039089
0.0018856107
0.0018687417
0.0018530675
0.0018383821
0.0018245033
0.0018112692
0.0017985365
0.0017861804
0.0017740975
0.0017622132
0.0017504951
0.0017389783
0.0017278068
0.0017173046
0.001708092
0.0017012738
0.0016987362
0.0017035919
0.0017207828
0.0017577677
0.001824821
0.0019341562
0.0020951917
0.002305487
0.0025346981
0.002181913
0.0021373396
0.0020976418
0.0020622172
0.0020305115
0.0020020309
0.0019763428
0.001953068
0.001931875
0.0019124746
0.0018946151
0.0018780767
0.0018626674
0.0018482204
0.0018345919
0.0018216609
0.0018093316
0.0017975381
0.001786254
0.0017755091
0.0017654165
0.0017562157
0.0017483407
0.0017425249
0.0017399597
0.0017425219
0.001753082
0.0017758587
0.0018167059
0.0018829564
0.0019822346
0.0021189152
0.0022880736
0.0024675028
0.0022155317
0.0021715861
0.0021319135
0.0020960912
0.0020637073
0.0020343755
0.0020077429
0.0019834907
0.0019613336
0.001941018
0.00192232
0.0019050437
0.0018890186
0.0018740991
0.001860164
0.0018471185
0.0018348972
0.0018234715
0.00181286
0.0018031465
0.0017945071
0.0017872506
0.0017818781
0.0017791702
0.0017803062
0.0017870211
0.0018017889
0.0018279857
0.001869918
0.0019324593
0.0020199251
0.0021336221
0.0022681617
0.0024076844
0.0022452242
0.0022028505
0.0021640597
0.0021285949
0.0020961839
0.0020665536
0.0020394412
0.0020145997
0.0019918013
0.0019708386
0.0019515259
0.0019336994
0.0019172176
0.0019019616
0.0018878374
0.0018747783
0.0018627501
0.0018517584
0.0018418604
0.0018331817
0.0018259409
0.0018204842
0.0018173335
0.0018172499
0.0018213145
0.0018310209
0.0018483609
0.001875859
0.0019164667
0.00197316
0.0020480449
0.002140781
0.0022465071
0.0023541767
0.0020676543
0.0021417984
0.0022237842
0.002306092
)
;

boundaryField
{
    bottom
    {
        type            zeroGradient;
    }
    back
    {
        type            empty;
    }
    front
    {
        type            empty;
    }
    inlet
    {
        type            zeroGradient;
    }
    outlet
    {
        type            fixedValue;
        value           nonuniform List<scalar> 0();
    }
    top
    {
        type            zeroGradient;
    }
    slipsurface
    {
        type            slip;
    }
    procBoundary6to0
    {
        type            processor;
        value           nonuniform List<scalar> 
24
(
0.0055653836
0.0054868977
0.0053989356
0.005300864
0.0051923229
0.0050729629
0.0049426592
0.0048017009
0.0046510712
0.0044922825
0.0043247656
0.0041501546
0.003971057
0.0037902279
0.0036107471
0.0034355397
0.0032678774
0.003110721
0.0029662114
0.0028355676
0.0027190988
0.002616322
0.0025261915
0.0024473555
)
;
    }
    procBoundary6to1
    {
        type            processor;
        value           nonuniform List<scalar> 3(0.0022005404 0.0023783786 0.0022626782);
    }
    procBoundary6to5
    {
        type            processor;
        value           nonuniform List<scalar> 
24
(
0.00168811
0.0016963739
0.0017057136
0.0017162629
0.0017281689
0.0017415946
0.0017567183
0.0017737291
0.0017928191
0.0018141813
0.0018379973
0.0018644128
0.0018935294
0.001925363
0.0019598249
0.0019966804
0.002035528
0.0020757701
0.0021166031
0.0021570284
0.0021958983
0.0022319998
0.0022641683
0.0022914043
)
;
    }
    procBoundary6to7
    {
        type            processor;
        value           nonuniform List<scalar> 
33
(
0.0022700884
0.002230139
0.002193054
0.0021587156
0.002126975
0.0020976666
0.002070618
0.0020456585
0.0020226239
0.0020013606
0.001981728
0.0019636015
0.0019468739
0.0019314582
0.00191729
0.0019043319
0.001892579
0.0018820662
0.0018728797
0.0018651712
0.0018591788
0.001855253
0.0018538914
0.0018557798
0.0018618382
0.0018732633
0.0018915486
0.0019184487
0.0019558277
0.0020053112
0.0020053112
0.0020799261
0.0021379506
)
;
    }
    procBoundary6to11
    {
        type            processor;
        value           uniform 0.0055351663;
    }
    procBoundary6to12
    {
        type            processor;
        value           nonuniform List<scalar> 
33
(
0.0016811501
0.0016809532
0.0016803061
0.0016792792
0.0016779222
0.0016762507
0.0016742538
0.001671915
0.0016692099
0.0016660896
0.0016624927
0.0016583465
0.0016535564
0.0016479986
0.0016415146
0.0016339037
0.0016249131
0.0016142131
0.0016013665
0.0015857885
0.0015666825
0.0015429452
0.0015130183
0.001474633
0.0014243972
0.001357018
0.0012643185
0.0011312179
0.0009337009
0.00065001406
6.7763458e-05
-0.00028378909
0.0021637478
)
;
    }
}


// ************************************************************************* //
