/*--------------------------------*- C++ -*----------------------------------*\
  =========                 |
  \\      /  F ield         | OpenFOAM: The Open Source CFD Toolbox
   \\    /   O peration     | Website:  https://openfoam.org
    \\  /    A nd           | Version:  12
     \\/     M anipulation  |
\*---------------------------------------------------------------------------*/
FoamFile
{
    format      ascii;
    class       volScalarField;
    location    "600";
    object      p;
}
// * * * * * * * * * * * * * * * * * * * * * * * * * * * * * * * * * * * * * //

dimensions      [0 2 -2 0 0 0 0];

internalField   nonuniform List<scalar> 
1765
(
-0.0018414666
-0.0017265072
-0.0016184697
-0.0015169929
-0.0014215136
-0.001332456
-0.0012493603
-0.0011718043
-0.0010994542
-0.0010319092
-0.00096880101
-0.00090979303
-0.00085456488
-0.00080281505
-0.00075426612
-0.00070866587
-0.00066578614
-0.00062542085
-0.00058738392
-0.00055150667
-0.00051763691
-0.00048563515
-0.00045537614
-0.00042674046
-0.00039963054
-0.00037395468
-0.00034960943
-0.00032652107
-0.00030461907
-0.00028384521
-0.00026412666
-0.00024539631
-0.0018413729
-0.0017264309
-0.0016184068
-0.0015169406
-0.0014214696
-0.0013324188
-0.0012493286
-0.0011717771
-0.0010994308
-0.001031889
-0.00096878346
-0.00090977774
-0.00085455151
-0.00080280333
-0.00075425582
-0.00070865679
-0.00066577812
-0.00062541375
-0.00058737762
-0.00055150108
-0.00051763193
-0.00048563071
-0.00045537218
-0.00042673692
-0.00039962737
-0.00037395184
-0.00034960687
-0.00032651877
-0.000304617
-0.00028384335
-0.00026412498
-0.00024539479
-0.0018412331
-0.0017263173
-0.0016183134
-0.001516863
-0.0014214046
-0.0013323638
-0.0012492819
-0.0011717372
-0.0010993964
-0.0010318593
-0.00096875772
-0.00090975534
-0.00085453196
-0.0008027862
-0.00075424078
-0.00070864355
-0.00066576643
-0.00062540342
-0.00058736847
-0.00055149295
-0.0005176247
-0.00048562427
-0.00045536643
-0.00042673178
-0.00039962277
-0.00037394771
-0.00034960316
-0.00032651544
-0.000304614
-0.00028384064
-0.00026412254
-0.00024539259
-0.001726175
-0.0016181966
-0.0015167661
-0.0014213235
-0.0013322955
-0.0012492238
-0.0011716875
-0.0010993538
-0.0010318226
-0.00096872587
-0.00090972764
-0.00085450779
-0.00080276506
-0.00075422222
-0.00070862723
-0.00066575204
-0.00062539069
-0.00058735719
-0.00055148294
-0.0005176158
-0.00048561635
-0.00045535936
-0.00042672546
-0.00039961711
-0.00037394264
-0.00034959861
-0.00032651135
-0.00030461032
-0.00028383732
-0.00026411955
-0.00024538989
-0.0017260205
-0.00161807
-0.0015166612
-0.0014212359
-0.0013322216
-0.0012491611
-0.001171634
-0.0010993079
-0.001031783
-0.00096869159
-0.00090969786
-0.00085448182
-0.00080274234
-0.0007542023
-0.0007086097
-0.00066573659
-0.00062537704
-0.00058734511
-0.00055147222
-0.00051760627
-0.00048560786
-0.00045535179
-0.00042671869
-0.00039961106
-0.00037393721
-0.00034959375
-0.00032650698
-0.00030460638
-0.00028383378
-0.00026411635
-0.000245387
-0.00022760938
-0.0017258627
-0.0016179408
-0.0015165544
-0.0014211466
-0.0013321465
-0.0012490975
-0.0011715797
-0.0010992614
-0.0010317429
-0.00096865693
-0.00090966776
-0.0008544556
-0.00080271943
-0.00075418221
-0.00070859205
-0.00066572104
-0.00062536331
-0.00058733296
-0.00055146144
-0.0005175967
-0.00048559934
-0.00045534419
-0.00042671191
-0.00039960499
-0.00037393177
-0.00034958886
-0.00032650259
-0.00030460243
-0.00028383022
-0.00026411314
-0.0002453841
-0.00022760676
-0.0017257034
-0.0016178106
-0.0015164469
-0.0014210571
-0.0013320712
-0.0012490338
-0.0011715255
-0.0010992149
-0.0010317029
-0.0009686224
-0.00090963781
-0.00085442953
-0.00080269666
-0.00075416227
-0.00070857454
-0.00066570562
-0.00062534971
-0.00058732092
-0.00055145078
-0.00051758722
-0.00048559091
-0.00045533668
-0.0004267052
-0.00039959899
-0.0003739264
-0.00034958404
-0.00032649826
-0.00030459853
-0.00028382671
-0.00026410998
-0.00024538125
-0.00022760417
-0.0017255435
-0.0016176802
-0.0015163394
-0.0014209676
-0.0013319961
-0.0012489703
-0.0011714715
-0.0010991687
-0.0010316633
-0.00096858817
-0.00090960815
-0.00085440374
-0.00080267416
-0.00075414258
-0.00070855726
-0.00066569042
-0.0006253363
-0.00058730907
-0.00055144028
-0.0005175779
-0.00048558262
-0.00045532929
-0.00042669861
-0.00039959309
-0.00037392112
-0.00034957931
-0.00032649401
-0.00030459471
-0.00028382326
-0.00026410688
-0.00024537844
-0.00022760164
-0.0017253838
-0.0016175502
-0.0015162324
-0.0014208787
-0.0013319216
-0.0012489074
-0.0011714181
-0.0010991232
-0.0010316241
-0.00096855443
-0.00090957895
-0.00085437837
-0.00080265205
-0.00075412325
-0.00070854031
-0.00066567552
-0.00062532316
-0.00058729747
-0.00055143001
-0.00051756879
-0.00048557452
-0.00045532208
-0.00042669217
-0.00039958734
-0.00037391597
-0.00034957469
-0.00032648986
-0.00030459098
-0.0002838199
-0.00026410385
-0.00024537571
-0.00022759917
-0.001725225
-0.0016174212
-0.0015161264
-0.0014207908
-0.0013318481
-0.0012488455
-0.0011713656
-0.0010990784
-0.0010315857
-0.00096852137
-0.00090955036
-0.00085435356
-0.00080263044
-0.00075410438
-0.00070852378
-0.00066566099
-0.00062531037
-0.00058728618
-0.00055142002
-0.00051755993
-0.00048556665
-0.00045531507
-0.00042668592
-0.00039958176
-0.00037391097
-0.00034957021
-0.00032648584
-0.00030458736
-0.00028381665
-0.00026410092
-0.00024537306
-0.00022759677
-0.0017250678
-0.0016172937
-0.0015160219
-0.0014207043
-0.0013317759
-0.0012487847
-0.0011713142
-0.0010990345
-0.0010315482
-0.00096848911
-0.0009095225
-0.00085432941
-0.00080260943
-0.00075408604
-0.00070850773
-0.00066564691
-0.00062529798
-0.00058727524
-0.00055141035
-0.00051755136
-0.00048555904
-0.0004553083
-0.00042667988
-0.00039957637
-0.00037390615
-0.00034956589
-0.00032648196
-0.00030458387
-0.00028381351
-0.00026409809
-0.00024537051
-0.00022759447
-0.0018394889
-0.0017249126
-0.0016171681
-0.0015159192
-0.0014206195
-0.0013317052
-0.0012487253
-0.0011712639
-0.0010989918
-0.0010315117
-0.00096845776
-0.00090949547
-0.000854306
-0.00080258909
-0.00075406831
-0.00070849222
-0.00066563331
-0.00062528602
-0.0005872647
-0.00055140103
-0.00051754312
-0.00048555172
-0.00045530179
-0.00042667408
-0.00039957119
-0.00037390152
-0.00034956174
-0.00032647824
-0.00030458053
-0.0002838105
-0.00026409538
-0.00024536807
-0.00022759226
-0.0018392972
-0.0017247598
-0.0016170448
-0.0015158186
-0.0014205365
-0.0013316361
-0.0012486675
-0.0011712151
-0.0010989504
-0.0010314763
-0.00096842742
-0.00090946933
-0.0008542834
-0.00080256948
-0.00075405123
-0.0007084773
-0.00066562024
-0.00062527454
-0.00058725459
-0.0005513921
-0.00051753521
-0.00048554471
-0.00045529556
-0.00042666854
-0.00039956624
-0.00037389709
-0.00034955778
-0.00032647469
-0.00030457733
-0.00028380762
-0.00026409279
-0.00024536573
-0.00022759015
-0.0019565626
-0.0018391085
-0.0017246097
-0.001616924
-0.0015157202
-0.0014204555
-0.0013315689
-0.0012486112
-0.0011711677
-0.0010989102
-0.0010314421
-0.00096839814
-0.00090944415
-0.00085426166
-0.00080255064
-0.00075403484
-0.00070846301
-0.00066560773
-0.00062526356
-0.00058724493
-0.00055138358
-0.00051752768
-0.00048553803
-0.00045528963
-0.00042666326
-0.00039956153
-0.00037389289
-0.00034955401
-0.00032647131
-0.0003045743
-0.00028380489
-0.00026409033
-0.00024536352
-0.00022758814
-0.0019563248
-0.001838923
-0.0017244626
-0.0016168058
-0.0015156242
-0.0014203767
-0.0013315037
-0.0012485568
-0.001171122
-0.0010988715
-0.0010314092
-0.00096836999
-0.00090941998
-0.00085424082
-0.0008025326
-0.00075401918
-0.00070844936
-0.0006655958
-0.0006252531
-0.00058723574
-0.00055137548
-0.00051752052
-0.00048553169
-0.00045528401
-0.00042665826
-0.00039955707
-0.00037388891
-0.00034955045
-0.00032646812
-0.00030457143
-0.00028380231
-0.00026408801
-0.00024536142
-0.00022758625
-0.0019560908
-0.0018387409
-0.0017243186
-0.0016166904
-0.0015155308
-0.0014203003
-0.0013314405
-0.0012485041
-0.0011710778
-0.0010988343
-0.0010313776
-0.00096834302
-0.00090939687
-0.00085422093
-0.00080251542
-0.00075400428
-0.0007084364
-0.00066558449
-0.0006252432
-0.00058722704
-0.00055136783
-0.00051751377
-0.00048552572
-0.0004552787
-0.00042665354
-0.00039955288
-0.00037388516
-0.0003495471
-0.00032646512
-0.00030456874
-0.00028379989
-0.00026408583
-0.00024535946
-0.00022758448
-0.0019558607
-0.0018385624
-0.0017241778
-0.001616578
-0.00151544
-0.0014202261
-0.0013313794
-0.0012484534
-0.0011710353
-0.0010987985
-0.0010313473
-0.00096831725
-0.00090937483
-0.00085420201
-0.0008024991
-0.00075399016
-0.00070842413
-0.00066557379
-0.00062523385
-0.00058721885
-0.00055136062
-0.00051750742
-0.00048552011
-0.00045527373
-0.00042664913
-0.00039954895
-0.00037388166
-0.00034954397
-0.00032646232
-0.00030456623
-0.00028379763
-0.0002640838
-0.00024535763
-0.00022758283
-0.0019556344
-0.0018383875
-0.0017240403
-0.0016164686
-0.0015153519
-0.0014201544
-0.0013313204
-0.0012484046
-0.0011709946
-0.0010987643
-0.0010313184
-0.00096829272
-0.0009093539
-0.00085418407
-0.00080248367
-0.00075397683
-0.00070841257
-0.00066556374
-0.00062522508
-0.00058721117
-0.00055135389
-0.00051750149
-0.00048551487
-0.0004552691
-0.00042664502
-0.0003995453
-0.00037387841
-0.00034954107
-0.00032645972
-0.0003045639
-0.00028379554
-0.00026408192
-0.00024535594
-0.0002275813
-0.0019554121
-0.0018382162
-0.0017239061
-0.0016163621
-0.0015152665
-0.0014200851
-0.0013312637
-0.0012483577
-0.0011709556
-0.0010987317
-0.0010312909
-0.00096826944
-0.0009093341
-0.00085416714
-0.00080246913
-0.0007539643
-0.00070840174
-0.00066555434
-0.0006252169
-0.00058720402
-0.00055134762
-0.00051749598
-0.00048551002
-0.00045526482
-0.00042664123
-0.00039954193
-0.00037387541
-0.0003495384
-0.00032645733
-0.00030456176
-0.00028379362
-0.0002640802
-0.00024535438
-0.00022757989
-0.0019551935
-0.0018380484
-0.0017237751
-0.0016162586
-0.0015151837
-0.0014200182
-0.0013312091
-0.0012483128
-0.0011709184
-0.0010987006
-0.0010312648
-0.00096824742
-0.00090931541
-0.00085415122
-0.00080245551
-0.0007539526
-0.00070839164
-0.0006655456
-0.0006252093
-0.0005871974
-0.00055134183
-0.00051749091
-0.00048550556
-0.00045526088
-0.00042663775
-0.00039953885
-0.00037387267
-0.00034953596
-0.00032645515
-0.00030455981
-0.00028379187
-0.00026407863
-0.00024535297
-0.00022757862
-0.0019549785
-0.001837884
-0.0017236473
-0.001616158
-0.0015151036
-0.0014199537
-0.0013311567
-0.0012482698
-0.0011708829
-0.0010986711
-0.0010312402
-0.00096822666
-0.00090929786
-0.00085413632
-0.00080244279
-0.00075394171
-0.00070838228
-0.00066553752
-0.0006252023
-0.00058719132
-0.00055133653
-0.00051748627
-0.00048550149
-0.00045525731
-0.00042663459
-0.00039953605
-0.00037387019
-0.00034953376
-0.00032645319
-0.00030455806
-0.0002837903
-0.00026407722
-0.00024535171
-0.00022757748
-0.0019547668
-0.0018377228
-0.0017235225
-0.0016160601
-0.0015150261
-0.0014198916
-0.0013311064
-0.0012482287
-0.0011708491
-0.0010986431
-0.0010312169
-0.00096820715
-0.00090928144
-0.00085412242
-0.00080243099
-0.00075393164
-0.00070837366
-0.00066553011
-0.00062519591
-0.00058718578
-0.00055133172
-0.00051748208
-0.00048549782
-0.00045525409
-0.00042663176
-0.00039953356
-0.00037386798
-0.0003495318
-0.00032645145
-0.0003045565
-0.00028378891
-0.00026407598
-0.0002453506
-0.00022757648
-0.0019545579
-0.0018375645
-0.0017234005
-0.0016159649
-0.001514951
-0.0014198317
-0.0013310581
-0.0012481895
-0.001170817
-0.0010986167
-0.0010311949
-0.00096818887
-0.00090926613
-0.00085410954
-0.0008024201
-0.00075392239
-0.00070836577
-0.00066552336
-0.00062519011
-0.00058718078
-0.0005513274
-0.00051747832
-0.00048549456
-0.00045525123
-0.00042662926
-0.00039953136
-0.00037386605
-0.00034953008
-0.00032644993
-0.00030455515
-0.00028378771
-0.0002640749
-0.00024534963
-0.00022757562
-0.0019543513
-0.0018374088
-0.001723281
-0.0016158722
-0.0015148782
-0.0014197739
-0.0013310118
-0.0012481521
-0.0011707866
-0.0010985917
-0.0010311744
-0.00096817182
-0.00090925192
-0.00085409764
-0.0008024101
-0.00075391395
-0.00070835862
-0.00066551727
-0.00062518491
-0.00058717633
-0.00055132357
-0.00051747502
-0.00048549169
-0.00045524874
-0.00042662709
-0.00039952946
-0.00037386438
-0.00034952861
-0.00032644863
-0.000304554
-0.00028378669
-0.000264074
-0.00024534883
-0.00022757489
-0.0019541466
-0.0018372553
-0.0017231638
-0.0016157817
-0.0015148075
-0.0014197181
-0.0013309674
-0.0012481164
-0.0011707577
-0.0010985682
-0.0010311551
-0.00096815595
-0.00090923879
-0.00085408673
-0.00080240099
-0.00075390631
-0.00070835219
-0.00066551185
-0.00062518031
-0.00058717242
-0.00055132023
-0.00051747215
-0.00048548923
-0.00045524662
-0.00042662525
-0.00039952786
-0.00037386299
-0.0003495274
-0.00032644757
-0.00030455306
-0.00028378586
-0.00026407326
-0.00024534818
-0.00022757432
-0.0019539431
-0.0018371035
-0.0017230485
-0.0016156931
-0.0015147388
-0.0014196643
-0.0013309247
-0.0012480824
-0.0011707303
-0.001098546
-0.0010311371
-0.00096814124
-0.00090922671
-0.00085407677
-0.00080239275
-0.00075389946
-0.00070834649
-0.00066550707
-0.00062517631
-0.00058716904
-0.00055131737
-0.00051746974
-0.00048548718
-0.00045524487
-0.00042662375
-0.00039952657
-0.00037386188
-0.00034952643
-0.00032644673
-0.00030455233
-0.00028378522
-0.0002640727
-0.00024534769
-0.00022757388
-0.0019537399
-0.0018369529
-0.0017229348
-0.0016156063
-0.0015146719
-0.0014196121
-0.0013308836
-0.0012480498
-0.0011707044
-0.0010985252
-0.0010311203
-0.00096812763
-0.00090921565
-0.00085406774
-0.00080238535
-0.00075389339
-0.00070834148
-0.00066550294
-0.00062517289
-0.0005871662
-0.00055131501
-0.00051746776
-0.00048548552
-0.00045524348
-0.00042662259
-0.00039952559
-0.00037386104
-0.00034952573
-0.00032644613
-0.00030455182
-0.00028378478
-0.00026407232
-0.00024534736
-0.0002275736
-0.0019535362
-0.0018368028
-0.0017228221
-0.0016155207
-0.0015146063
-0.0014195613
-0.001330844
-0.0012480187
-0.0011706797
-0.0010985056
-0.0010311047
-0.00096811509
-0.00090920556
-0.00085405961
-0.00080237879
-0.00075388808
-0.00070833718
-0.00066549944
-0.00062517004
-0.00058716389
-0.00055131313
-0.00051746623
-0.00048548428
-0.00045524246
-0.00042662176
-0.00039952491
-0.00037386049
-0.00034952528
-0.00032644576
-0.00030455152
-0.00028378453
-0.00026407212
-0.00024534719
-0.00022757347
-0.0019533311
-0.0018366527
-0.0017227099
-0.0016154361
-0.0015145419
-0.0014195119
-0.0013308057
-0.0012479888
-0.0011706563
-0.0010984872
-0.0010310901
-0.00096810356
-0.00090919642
-0.00085405235
-0.00080237302
-0.0007538835
-0.00070833354
-0.00066549656
-0.00062516777
-0.0005871621
-0.00055131172
-0.00051746514
-0.00048548343
-0.00045524181
-0.00042662126
-0.00039952454
-0.00037386022
-0.00034952508
-0.00032644563
-0.00030455144
-0.00028378449
-0.0002640721
-0.0002453472
-0.00022757349
-0.0019531235
-0.0018365016
-0.0017225977
-0.001615352
-0.0015144784
-0.0014194634
-0.0013307685
-0.00124796
-0.001170634
-0.0010984698
-0.0010310765
-0.00096809297
-0.00090918815
-0.00085404591
-0.00080236801
-0.00075387962
-0.00070833056
-0.00066549429
-0.00062516605
-0.00058716082
-0.00055131079
-0.00051746447
-0.00048548298
-0.00045524153
-0.0004266211
-0.00039952448
-0.00037386023
-0.00034952515
-0.00032644573
-0.00030455157
-0.00028378464
-0.00026407227
-0.00024534738
-0.0019529121
-0.0018363488
-0.0017224849
-0.0016152679
-0.0015144152
-0.0014194156
-0.0013307321
-0.0012479322
-0.0011706126
-0.0010984534
-0.0010310639
-0.00096808325
-0.00090918071
-0.00085404024
-0.00080236373
-0.00075387643
-0.00070832821
-0.0006654926
-0.00062516487
-0.00058716004
-0.00055131032
-0.00051746424
-0.00048548292
-0.0004552416
-0.00042662128
-0.00039952473
-0.00037386053
-0.00034952548
-0.00032644608
-0.00030455193
-0.000283785
-0.00026407262
-0.0019526956
-0.0018361933
-0.0017223708
-0.0016151833
-0.0015143522
-0.0014193682
-0.0013306963
-0.001247905
-0.001170592
-0.0010984377
-0.001031052
-0.00096807432
-0.00090917403
-0.0008540353
-0.00080236014
-0.00075387388
-0.00070832646
-0.00066549147
-0.00062516422
-0.00058715975
-0.0005513103
-0.00051746442
-0.00048548325
-0.00045524204
-0.00042662178
-0.00039952528
-0.0003738611
-0.00034952607
-0.00032644667
-0.00030455251
-0.00028378556
-0.0019524725
-0.0018360342
-0.0017222545
-0.0016150976
-0.0015142887
-0.0014193209
-0.0013306608
-0.0012478784
-0.001170572
-0.0010984227
-0.0010310409
-0.00096806608
-0.00090916803
-0.00085403103
-0.00080235718
-0.00075387193
-0.00070832529
-0.00066549089
-0.00062516408
-0.00058715993
-0.00055131072
-0.00051746502
-0.00048548396
-0.00045524283
-0.00042662262
-0.00039952613
-0.00037386196
-0.00034952692
-0.0003264475
-0.00030455331
-0.0019522413
-0.0018358701
-0.0017221352
-0.0016150102
-0.0015142243
-0.0014192732
-0.0013306253
-0.001247852
-0.0011705524
-0.0010984083
-0.0010310303
-0.00096805845
-0.00090916264
-0.00085402735
-0.00080235481
-0.00075387055
-0.00070832465
-0.00066549081
-0.00062516441
-0.00058716057
-0.00055131157
-0.00051746601
-0.00048548505
-0.00045524396
-0.00042662378
-0.00039952729
-0.0003738631
-0.00034952802
-0.00032644857
-0.00030455434
-0.001952
-0.0018356999
-0.0017220121
-0.0016149203
-0.0015141584
-0.0014192247
-0.0013305896
-0.0012478257
-0.001170533
-0.0010983942
-0.0010310201
-0.0009680513
-0.00090915777
-0.0008540242
-0.00080235296
-0.00075386968
-0.00070832451
-0.00066549121
-0.0006251652
-0.00058716164
-0.00055131283
-0.00051746738
-0.00048548649
-0.00045524544
-0.00042662525
-0.00039952875
-0.00037386452
-0.00034952939
-0.00032644988
-0.00030455559
-0.0019517468
-0.0018355222
-0.001721884
-0.0016148272
-0.0015140905
-0.001419175
-0.0013305531
-0.001247799
-0.0011705136
-0.0010983802
-0.0010310103
-0.00096804451
-0.0009091533
-0.00085402148
-0.00080235156
-0.00075386926
-0.00070832483
-0.00066549205
-0.00062516642
-0.00058716311
-0.00055131447
-0.00051746913
-0.00048548829
-0.00045524725
-0.00042662704
-0.00039953049
-0.00037386621
-0.00034953102
-0.00032645143
-0.00030455707
-0.0019514796
-0.0018353356
-0.00172175
-0.0016147301
-0.0015140199
-0.0014191235
-0.0013305156
-0.0012477717
-0.0011704939
-0.0010983662
-0.0010310005
-0.00096803795
-0.00090914914
-0.00085401912
-0.00080235055
-0.00075386925
-0.00070832554
-0.00066549329
-0.00062516803
-0.00058716497
-0.00055131649
-0.00051747123
-0.00048549042
-0.00045524937
-0.00042662913
-0.00039953253
-0.00037386817
-0.00034953289
-0.00032645322
-0.00030455877
-0.001951196
-0.0018351383
-0.0017216087
-0.0016146279
-0.0015139459
-0.0014190697
-0.0013304765
-0.0012477435
-0.0011704737
-0.0010983519
-0.0010309907
-0.00096803146
-0.00090914516
-0.00085401702
-0.00080234983
-0.00075386956
-0.00070832661
-0.00066549489
-0.00062517
-0.00058716718
-0.00055131885
-0.00051747367
-0.00048549288
-0.00045525181
-0.00042663151
-0.00039953484
-0.00037387039
-0.00034953502
-0.00032645524
-0.00030456069
-0.0019508935
-0.0018349286
-0.0017214588
-0.0016145198
-0.0015138676
-0.001419013
-0.0013304355
-0.0012477139
-0.0011704526
-0.0010983371
-0.0010309806
-0.00096802489
-0.00090914122
-0.00085401504
-0.00080234933
-0.00075387013
-0.00070832795
-0.00066549679
-0.00062517228
-0.00058716971
-0.00055132152
-0.00051747641
-0.00048549563
-0.00045525453
-0.00042663417
-0.00039953741
-0.00037387287
-0.00034953738
-0.00032645749
-0.00030456282
-0.0019505693
-0.0018347046
-0.001721299
-0.0016144047
-0.0015137844
-0.0014189528
-0.0013303919
-0.0012476826
-0.0011704303
-0.0010983215
-0.00103097
-0.00096801804
-0.00090913718
-0.00085401309
-0.00080234892
-0.00075387086
-0.00070832951
-0.00066549893
-0.00062517482
-0.00058717251
-0.00055132447
-0.00051747943
-0.00048549866
-0.00045525752
-0.0004266371
-0.00039954024
-0.00037387559
-0.00034953998
-0.00032645996
-0.00030456517
-0.0019502206
-0.0018344642
-0.0017211277
-0.0016142813
-0.0015136952
-0.0014188882
-0.0013303452
-0.001247649
-0.0011704064
-0.0010983048
-0.0010309587
-0.00096801073
-0.00090913286
-0.00085401102
-0.00080234851
-0.00075387167
-0.00070833121
-0.00066550125
-0.00062517757
-0.00058717555
-0.00055132767
-0.00051748271
-0.00048550195
-0.00045526077
-0.00042664027
-0.00039954332
-0.00037387855
-0.00034954281
-0.00032646265
-0.00030456773
-0.0019498442
-0.0018342052
-0.0017209433
-0.0016141484
-0.0015135992
-0.0014188186
-0.0013302949
-0.0012476127
-0.0011703805
-0.0010982867
-0.0010309463
-0.00096800273
-0.0009091281
-0.00085400868
-0.00080234797
-0.00075387246
-0.00070833295
-0.00066550369
-0.00062518048
-0.00058717876
-0.00055133107
-0.0005174862
-0.00048550546
-0.00045526424
-0.00042664367
-0.00039954662
-0.00037388173
-0.00034954585
-0.00032646555
-0.00030457049
-0.0019494367
-0.001833925
-0.0017207439
-0.0016140046
-0.0015134951
-0.0014187431
-0.0013302401
-0.0012475732
-0.0011703523
-0.0010982668
-0.0010309327
-0.0009679938
-0.0009091227
-0.0008540059
-0.00080234716
-0.0007538731
-0.00070833465
-0.00066550615
-0.00062518347
-0.0005871821
-0.00055133462
-0.00051748986
-0.00048550916
-0.00045526792
-0.00042664727
-0.00039955012
-0.00037388511
-0.00034954909
-0.00032646864
-0.00030457343
-0.0019489944
-0.0018336212
-0.0017205276
-0.0016138485
-0.0015133819
-0.0014186608
-0.0013301803
-0.0012475299
-0.0011703211
-0.0010982448
-0.0010309175
-0.00096798369
-0.00090911643
-0.00085400252
-0.00080234593
-0.00075387347
-0.00070833621
-0.00066550855
-0.00062518647
-0.0005871855
-0.00055133828
-0.00051749366
-0.00048551301
-0.00045527176
-0.00042665105
-0.00039955381
-0.00037388867
-0.00034955252
-0.00032647192
-0.00030457656
-0.0019485135
-0.0018332909
-0.0017202923
-0.0016136785
-0.0015132583
-0.0014185707
-0.0013301145
-0.0012474821
-0.0011702866
-0.0010982202
-0.0010309003
-0.00096797211
-0.00090910907
-0.00085399833
-0.00080234413
-0.00075387345
-0.0007083375
-0.00066551079
-0.00062518939
-0.0005871889
-0.00055134198
-0.00051749754
-0.00048551697
-0.00045527573
-0.00042665498
-0.00039955765
-0.00037389241
-0.00034955612
-0.00032647537
-0.00030457986
-0.0019479899
-0.0018329312
-0.0017200358
-0.0016134928
-0.001513123
-0.0014184717
-0.0013300421
-0.0012474291
-0.0011702482
-0.0010981925
-0.0010308808
-0.00096795876
-0.00090910035
-0.00085399312
-0.00080234156
-0.00075387287
-0.00070833839
-0.00066551277
-0.00062519216
-0.00058719221
-0.00055134566
-0.00051750145
-0.000485521
-0.0004552798
-0.00042665903
-0.00039956163
-0.00037389628
-0.00034955986
-0.00032647897
-0.00030458332
-0.0019474194
-0.0018325388
-0.0017197557
-0.0016132896
-0.0015129745
-0.0014183627
-0.001329962
-0.0012473703
-0.0011702051
-0.0010981614
-0.0010308586
-0.00096794329
-0.00090909
-0.00085398666
-0.00080233804
-0.00075387157
-0.00070833876
-0.00066551437
-0.00062519466
-0.00058719535
-0.00055134925
-0.00051750532
-0.00048552504
-0.00045528392
-0.00042666315
-0.00039956571
-0.00037390027
-0.00034956373
-0.0003264827
-0.00030458691
-0.0019467972
-0.0018321105
-0.0017194494
-0.0016130669
-0.0015128114
-0.0014182426
-0.0013298733
-0.0012473048
-0.0011701569
-0.0010981262
-0.0010308332
-0.00096792534
-0.00090907772
-0.00085397869
-0.00080233335
-0.00075386937
-0.00070833844
-0.00066551546
-0.00062519679
-0.00058719824
-0.00055135266
-0.00051750909
-0.00048552904
-0.00045528803
-0.00042666731
-0.00039956984
-0.00037390434
-0.0003495677
-0.00032648655
-0.00030459062
-0.0019461189
-0.0018316426
-0.0017191144
-0.0016128227
-0.0015126319
-0.0014181099
-0.0013297748
-0.0012472317
-0.0011701029
-0.0010980864
-0.0010308042
-0.00096790452
-0.00090906317
-0.00085396893
-0.00080232726
-0.00075386607
-0.00070833727
-0.0006655159
-0.00062519842
-0.00058720075
-0.00055135581
-0.00051751269
-0.00048553292
-0.00045529209
-0.00042667145
-0.000399574
-0.00037390846
-0.00034957174
-0.00032649047
-0.00030459442
-0.0019453793
-0.0018311314
-0.0017187476
-0.0016125548
-0.0015124343
-0.0014179632
-0.0013296656
-0.0012471502
-0.0011700421
-0.0010980413
-0.001030771
-0.0009678804
-0.00090904599
-0.00085395709
-0.00080231951
-0.00075386146
-0.00070833506
-0.00066551552
-0.00062519943
-0.00058720279
-0.00055135861
-0.00051751602
-0.00048553662
-0.00045529603
-0.00042667552
-0.00039957813
-0.00037391258
-0.00034957581
-0.00032649445
-0.0003045983
-0.0019445736
-0.001830573
-0.0017183461
-0.0016122607
-0.0015122168
-0.0014178012
-0.0013295444
-0.0012470593
-0.0011699739
-0.0010979903
-0.0010307331
-0.00096785252
-0.0009090258
-0.00085394283
-0.00080230983
-0.00075385531
-0.00070833163
-0.00066551417
-0.00062519966
-0.00058720422
-0.00055136093
-0.000517519
-0.00048554006
-0.00045529978
-0.00042667947
-0.00039958219
-0.00037391667
-0.00034957987
-0.00032649846
-0.00030460222
-0.0019436963
-0.0018299634
-0.0017179067
-0.001611938
-0.0015119773
-0.0014176221
-0.0013294098
-0.0012469579
-0.0011698974
-0.0010979327
-0.0010306899
-0.00096782037
-0.00090900218
-0.0008539258
-0.00080229791
-0.00075384736
-0.00070832674
-0.00066551165
-0.00062519896
-0.00058720492
-0.00055136267
-0.00051752152
-0.00048554316
-0.00045530328
-0.00042668323
-0.00039958611
-0.00037392068
-0.0003495839
-0.00032650245
-0.00030460616
-0.0019427424
-0.0018292984
-0.0017174261
-0.0016115841
-0.0015117139
-0.0014174244
-0.0013292606
-0.0012468448
-0.0011698116
-0.0010978676
-0.0010306407
-0.00096778341
-0.00090897467
-0.00085390563
-0.00080228344
-0.00075383733
-0.00070832017
-0.00066550777
-0.00062519716
-0.00058720472
-0.00055136371
-0.00051752348
-0.0004855458
-0.00045530642
-0.00042668673
-0.00039958984
-0.00037392455
-0.00034958782
-0.00032650639
-0.0019417064
-0.0018285737
-0.001716901
-0.0016111963
-0.0015114242
-0.0014172062
-0.0013290952
-0.001246719
-0.0011697156
-0.0010977943
-0.0010305849
-0.00096774108
-0.00090894279
-0.00085388189
-0.00080226606
-0.00075382492
-0.00070831166
-0.0006655023
-0.00062519407
-0.00058720348
-0.00055136389
-0.00051752475
-0.0004855479
-0.00045530913
-0.00042668988
-0.00039959331
-0.00037392822
-0.00034959161
-0.00032651023
-0.001940583
-0.0018277849
-0.0017163277
-0.0016107717
-0.001511106
-0.0014169656
-0.0013289121
-0.001246579
-0.0011696083
-0.001097712
-0.0010305217
-0.00096769275
-0.00090890603
-0.00085385416
-0.00080224541
-0.00075380983
-0.00070830094
-0.00066549502
-0.0006251895
-0.00058720101
-0.00055136307
-0.00051752521
-0.00048554934
-0.00045531131
-0.00042669261
-0.00039959644
-0.00037393163
-0.00034959519
-0.0013287098
-0.0012464236
-0.0011694885
-0.0010976196
-0.0010304504
-0.00096763777
-0.00090886381
-0.00085382195
-0.00080222107
-0.0007537917
-0.00070828772
-0.00066548567
-0.00062518321
-0.00058719714
-0.0005513611
-0.00051752472
-0.00048555
-0.00045531286
-0.00042669483
-0.00039959916
-0.00037393471
-0.00034959852
)
;

boundaryField
{
    inlet
    {
        type            zeroGradient;
    }
    top
    {
        type            zeroGradient;
    }
    outlet
    {
        type            fixedValue;
        value           nonuniform List<scalar> 0();
    }
    slipsurface
    {
        type            slip;
    }
    bottom
    {
        type            zeroGradient;
    }
    frontandback
    {
        type            empty;
    }
    procBoundary8to9
    {
        type            processor;
        value           nonuniform List<scalar> 
58
(
-0.0019595427
-0.0019594258
-0.0019592506
-0.0018410575
-0.0018410575
-0.0018408669
-0.0018406717
-0.0018404744
-0.0018402759
-0.0018400772
-0.0018398794
-0.0018396831
-0.0018396831
-0.0019570482
-0.0019568038
-0.0019568038
-0.002076927
-0.0020766141
-0.0020763053
-0.0020760009
-0.0020757008
-0.0020754049
-0.002075113
-0.0020748248
-0.0020745397
-0.0020742571
-0.0020739763
-0.0020736965
-0.0020734166
-0.0020731355
-0.0020728518
-0.002072564
-0.0020722707
-0.0020719698
-0.0020716593
-0.0020713371
-0.0020710007
-0.0020706475
-0.0020702744
-0.0020698783
-0.0020694559
-0.0020690033
-0.0020685167
-0.0020679917
-0.0020674238
-0.0020668082
-0.0020661398
-0.0020654133
-0.0020646232
-0.0020637635
-0.0020628283
-0.0020618114
-0.0020607067
-0.0020595077
-0.002058208
-0.0020568012
-0.002055281
-0.0020536412
)
;
    }
    procBoundary8to10
    {
        type            processor;
        value           nonuniform List<scalar> 
33
(
-0.00022757367
-0.00022757367
-0.00024534773
-0.00024534773
-0.00026407317
-0.00026407317
-0.00028378633
-0.00028378633
-0.00028378731
-0.0002837885
-0.0002837899
-0.0002837915
-0.00028379331
-0.00028379532
-0.00028379754
-0.00028379995
-0.00028380255
-0.00028380534
-0.00028380831
-0.00028381144
-0.00028381473
-0.00028381815
-0.0002838217
-0.00028382536
-0.0002838291
-0.0002838329
-0.00028383673
-0.00030461007
-0.00030461007
-0.00030461392
-0.00032651392
-0.00032651392
-0.0003265174
)
;
    }
    procBoundary8to11
    {
        type            processor;
        value           nonuniform List<scalar> 
30
(
-0.0002276178
-0.00022761643
-0.00022761444
-0.00022761199
-0.00022761199
-0.00021073354
-0.00021073117
-0.00021072883
-0.00021072654
-0.0002107243
-0.00021072213
-0.00021072004
-0.00021071804
-0.00021071613
-0.00021071432
-0.00021071261
-0.000210711
-0.00021070951
-0.00021070812
-0.00021070685
-0.0002107057
-0.00021070468
-0.00021070377
-0.00021070299
-0.00021070234
-0.00021070182
-0.00021070143
-0.00021070119
-0.00021070107
-0.00021070111
)
;
    }
    procBoundary8to12
    {
        type            processor;
        value           nonuniform List<scalar> 
29
(
-0.0019393668
-0.0018269274
-0.0017157026
-0.0016103073
-0.001510757
-0.0014167008
-0.0014167008
-0.0013284865
-0.0012462514
-0.0011693552
-0.0010975161
-0.00103037
-0.00096757542
-0.00090881554
-0.00085378475
-0.00080219261
-0.00075377016
-0.00070827166
-0.00066547397
-0.00062517497
-0.00058719164
-0.00055135777
-0.00051752311
-0.00048554973
-0.00045531364
-0.00042669642
-0.00039960137
-0.00037393737
-0.00034960151
)
;
    }
}


// ************************************************************************* //
