/*--------------------------------*- C++ -*----------------------------------*\
  =========                 |
  \\      /  F ield         | OpenFOAM: The Open Source CFD Toolbox
   \\    /   O peration     | Website:  https://openfoam.org
    \\  /    A nd           | Version:  12
     \\/     M anipulation  |
\*---------------------------------------------------------------------------*/
FoamFile
{
    format      ascii;
    class       volScalarField;
    location    "1000";
    object      k;
}
// * * * * * * * * * * * * * * * * * * * * * * * * * * * * * * * * * * * * * //

dimensions      [0 2 -2 0 0 0 0];

internalField   nonuniform List<scalar> 
468
(
0.0070598647
0.0071636594
0.0071547048
0.0071110381
0.0070249538
0.0069056843
0.0067605894
0.0065976421
0.0064241762
0.0062468376
0.0060719167
0.0059060496
0.0057570374
0.0056330383
0.0055417039
0.0054885315
0.0054741578
0.0054928967
0.0055340928
0.0055812603
0.0056289952
0.0056587897
0.0056703688
0.0056667838
0.0056508676
0.0056242019
0.0055879248
0.0055436209
0.0011177181
0.0012039352
0.001286009
0.0013702263
0.0014645502
0.0015785234
0.0017066284
0.0018541617
0.0020262087
0.00223232
0.0024818687
0.0027936843
0.0031708721
0.0036063917
0.0040856545
0.0045796154
0.0050443428
0.0054435577
0.0057497705
0.0059389819
0.0060720171
0.0060632139
0.0060262637
0.0059685449
0.005895753
0.005808815
0.0057109494
0.0056085572
0.00017481547
0.00017502163
0.00017459573
0.00017380005
0.00017307011
0.0001731953
0.00017509179
0.00018013936
0.00019256426
0.00021528906
0.00025148276
0.00030644776
0.00038610629
0.00049886585
0.00065660572
0.00088251577
0.0011793799
0.001545688
0.0019700926
0.0024267952
0.0028978413
0.0033353507
0.0037075892
0.0039926273
0.0041874535
0.0043037501
0.0043615917
0.0043820165
0.00014216411
0.00014063577
0.0001388106
0.00013669745
0.00013432038
0.00013172184
0.00012895649
0.00012607903
0.00012321525
0.00012053087
0.00011822511
0.00011655203
0.00011593547
0.00011683246
0.00011988775
0.000126838
0.00014120013
0.00016779439
0.00021867254
0.00030436921
0.00043700642
0.00063252256
0.00090421887
0.0012378572
0.0016093422
0.0019896652
0.0023482216
0.0026607896
0.00014166002
0.00014086968
0.00013993765
0.00013886
0.00013763358
0.00013625764
0.00013473733
0.00013308598
0.00013132302
0.00012947683
0.00012758443
0.00012569485
0.00012387153
0.00012214676
0.00012058573
0.00011927104
0.00011828398
0.0001177211
0.00011825857
0.00012029897
0.00012509748
0.00013435041
0.00015136353
0.00018389003
0.00024412065
0.00034237818
0.00048808314
0.00069596168
0.00014205401
0.00014159508
0.00014106344
0.00014045494
0.00013976517
0.00013899014
0.00013812773
0.00013717935
0.00013614735
0.00013503643
0.00013385407
0.0001326115
0.0001313169
0.00012999104
0.00012863906
0.00012728869
0.0001259755
0.00012473206
0.00012361045
0.00012265314
0.00012198351
0.00012162936
0.00012187528
0.00012287203
0.0001255413
0.00013099365
0.00014082384
0.00015757918
0.00014234793
0.00014203854
0.00014168491
0.00014128387
0.0001408324
0.00014032757
0.00013976682
0.00013914847
0.00013847172
0.00013773672
0.00013694482
0.00013609916
0.00013519946
0.00013425616
0.00013327224
0.00013225708
0.00013122437
0.00013018243
0.00012914616
0.00012812952
0.00012714895
0.0001262366
0.00012543239
0.00012477937
0.00012419875
0.00012420791
0.00012447759
0.00012534364
0.00014255063
0.00014232095
0.00014206143
0.00014176975
0.00014144361
0.00014108081
0.00014067916
0.00014023678
0.0001397521
0.00013922402
0.00013865195
0.00013803636
0.00013737732
0.00013667777
0.00013593817
0.00013516591
0.0001343636
0.0001335355
0.00013268814
0.00013182886
0.00013096495
0.00013010719
0.00012926736
0.00012846746
0.00012767288
0.00012699456
0.00012641795
0.00012597077
0.00014270032
0.00014251798
0.00014231422
0.00014208729
0.00014183542
0.00014155687
0.00014124988
0.00014091275
0.00014054392
0.000140142
0.00013970583
0.0001392347
0.00013872808
0.00013818649
0.0001376105
0.00013700255
0.00013636399
0.00013569903
0.00013500877
0.00013429621
0.00013356497
0.00013282033
0.00013206794
0.00013131917
0.00013056882
0.00012983991
0.0001291441
0.00012848982
0.00014281971
0.00014266739
0.00014249906
0.00014231333
0.00014210882
0.00014188413
0.00014163782
0.00014136847
0.0001410747
0.00014075518
0.00014040867
0.00014003409
0.00013963053
0.00013919744
0.00013873477
0.00013824253
0.00013772243
0.00013717706
0.00013660697
0.00013601287
0.00013539544
0.00013475744
0.00013410202
0.00013343497
0.00013275761
0.00013207697
0.00013140069
0.00013073636
0.00014292188
0.00014278944
0.00014264467
0.00014248646
0.00014231369
0.0001421252
0.00014191982
0.00014169636
0.00014145364
0.00014119047
0.00014090569
0.0001405982
0.00014026696
0.00013991109
0.00013952994
0.00013912327
0.00013869087
0.00013823432
0.00013775475
0.00013725286
0.00013672769
0.00013618018
0.00013561193
0.00013502577
0.00013442368
0.00013380889
0.00013318564
0.00013255912
0.00014301474
0.00014289579
0.00014276716
0.00014262792
0.00014247715
0.00014231389
0.00014213714
0.0001419459
0.00014173916
0.00014151589
0.00014127504
0.00014101559
0.00014073651
0.00014043685
0.00014011571
0.00013977275
0.00013940692
0.0001390187
0.00013860882
0.00013817826
0.00013772671
0.00013725344
0.0001367589
0.00013624444
0.00013571148
0.0001351618
0.00013459778
0.00013402264
0.00014310325
0.00014299359
0.00014287621
0.00014275032
0.00014261515
0.00014246988
0.00014231367
0.00014214566
0.00014196497
0.00014177071
0.00014156196
0.00014133777
0.00014109719
0.0001408393
0.00014056315
0.00014026818
0.00013995345
0.0001396186
0.00013926374
0.00013888936
0.00013849621
0.00013808308
0.00013764963
0.00013719633
0.0001367239
0.00013623332
0.00013572588
0.00013520346
0.0001431906
0.00014308743
0.00014297797
0.00014286158
0.00014273761
0.00014260537
0.00014246415
0.00014231318
0.00014215173
0.00014197899
0.00014179415
0.00014159636
0.00014138475
0.00014115845
0.00014091658
0.00014065842
0.00014038318
0.00014009023
0.00013977923
0.00013945012
0.00013910356
0.00013873914
0.00013835606
0.00013795417
0.00013753364
0.00013709488
0.0001366385
0.00013616551
0.00014327887
0.00014318026
0.00014307644
0.00014296688
0.00014285103
0.00014272833
0.00014259814
0.00014245984
0.00014231275
0.00014215618
0.00014198942
0.00014181169
0.00014162221
0.00014142017
0.00014120476
0.00014097523
0.00014073086
0.00014047099
0.00014019506
0.00013990271
0.00013959409
0.00013926935
0.00013892777
0.00013856884
0.00013819235
0.00013779829
0.00013738683
0.00013695841
0.00014327401
0.00014317426
0.00014306966
0.00014295976
0.00014284407
0.00014272208
0.00014259325
0.00014245699
0.00014231269
0.00014215972
0.00014199739
0.00014182499
0.00014164179
0.00014144703
0.00014124
0.00014102003
0.00014078645
0.00014053869
0.00014027624
0.00013999888
0.00013970679
0.00013939951
0.00013907645
0.00013873714
0.00013838133
0.00013800888
0.00013761983
0.0001433698
0.00014327311
0.00014317219
0.0001430667
0.00014295625
0.00014284039
0.00014271869
0.00014259063
0.0001424557
0.00014231333
0.0001421629
0.00014200379
0.00014183532
0.00014165682
0.00014146761
0.00014126706
0.00014105456
0.00014082953
0.00014059142
0.00014033987
0.00014007487
)
;

boundaryField
{
    inlet
    {
        type            fixedValue;
        value           nonuniform List<scalar> 0();
    }
    top
    {
        type            zeroGradient;
    }
    outlet
    {
        type            zeroGradient;
    }
    slipsurface
    {
        type            slip;
    }
    bottom
    {
        type            kqRWallFunction;
        value           nonuniform List<scalar> 
28
(
0.0070598647
0.0071636594
0.0071547048
0.0071110381
0.0070249538
0.0069056843
0.0067605894
0.0065976421
0.0064241762
0.0062468376
0.0060719167
0.0059060496
0.0057570374
0.0056330383
0.0055417039
0.0054885315
0.0054741578
0.0054928967
0.0055340928
0.0055812603
0.0056289952
0.0056587897
0.0056703688
0.0056667838
0.0056508676
0.0056242019
0.0055879248
0.0055436209
)
;
    }
    frontandback
    {
        type            empty;
    }
    procBoundary5to4
    {
        type            processor;
        value           nonuniform List<scalar> 
28
(
0.00013979612
0.00013950304
0.00013919511
0.00013887189
0.00013853306
0.00013817843
0.00014346825
0.00014337397
0.0001432759
0.00014317378
0.00014306729
0.0001429561
0.00014283982
0.00014271803
0.00014259029
0.00014245609
0.00014231492
0.00014216619
0.00014200932
0.00014184369
0.00014166867
0.00014148369
0.00014128817
0.00014108157
0.00014086335
0.00014063308
0.00013979612
0.00014039063
)
;
    }
    procBoundary5to7
    {
        type            processor;
        value           nonuniform List<scalar> 
18
(
0.0068967976
0.0010274424
0.00017389449
0.00014339924
0.00014231581
0.00014244555
0.00014261656
0.00014275287
0.00014286302
0.00014295739
0.00014304313
0.00014312495
0.00014320593
0.00014328811
0.00014337274
0.0001433693
0.0001433693
0.00014346258
)
;
    }
    procBoundary5to15
    {
        type            processor;
        value           nonuniform List<scalar> 
16
(
0.0054936418
0.0055097798
0.0043825513
0.0029081374
0.00095291931
0.00018847211
0.00012727447
0.00012562528
0.00012786212
0.00013008094
0.00013193071
0.0001334385
0.0001346678
0.00013567708
0.00013651364
0.00013721442
)
;
    }
}


// ************************************************************************* //
