/*--------------------------------*- C++ -*----------------------------------*\
  =========                 |
  \\      /  F ield         | OpenFOAM: The Open Source CFD Toolbox
   \\    /   O peration     | Website:  https://openfoam.org
    \\  /    A nd           | Version:  12
     \\/     M anipulation  |
\*---------------------------------------------------------------------------*/
FoamFile
{
    format      ascii;
    class       surfaceScalarField;
    location    "400";
    object      phi;
}
// * * * * * * * * * * * * * * * * * * * * * * * * * * * * * * * * * * * * * //

dimensions      [0 3 -1 0 0 0 0];

internalField   nonuniform List<scalar> 
1558
(
0.00037148139
-8.6420036e-06
0.00037126646
-7.7540689e-06
0.00037117885
-4.2642653e-06
0.00037117157
-3.1453962e-07
0.00037120297
2.840449e-06
0.00037124835
5.0473357e-06
0.00037128989
6.4563894e-06
0.00037132468
7.4137916e-06
0.00037135313
8.1218634e-06
0.00037137575
8.6837948e-06
0.00037139242
9.163305e-06
0.00037140118
9.5888195e-06
0.00037139722
9.9736123e-06
0.00037137055
1.0325888e-05
0.00037129858
1.0647703e-05
0.00037113461
1.0942746e-05
0.00037076738
1.1207697e-05
0.00037001597
1.1432732e-05
0.00036873515
1.1581782e-05
0.0003669522
1.1581318e-05
0.00036488032
1.1372256e-05
0.0003627707
1.0975903e-05
0.00036076961
1.0494673e-05
0.00035890518
1.0034745e-05
0.0003571562
9.6461891e-06
0.000355503
9.3267579e-06
0.00035393559
9.0478887e-06
0.00035244588
8.7794776e-06
0.00035102482
8.5105576e-06
0.00034966427
8.2535143e-06
0.00034835809
8.0285618e-06
0.00034710122
7.8480933e-06
7.7092723e-06
0.00041971543
-8.3691777e-06
0.00041947925
-7.5178838e-06
0.00041937904
-4.1640621e-06
0.00041936885
-3.0434752e-07
0.00041940275
2.8065488e-06
0.00041945331
4.9967837e-06
0.00041950037
6.4093239e-06
0.00041954009
7.374071e-06
0.00041957294
8.0890176e-06
0.00041960028
8.6564562e-06
0.00041962334
9.1402456e-06
0.00041964237
9.569789e-06
0.00041965645
9.9595311e-06
0.0004196633
1.0319035e-05
0.00041965836
1.0652645e-05
0.00041963445
1.0966649e-05
0.00041957616
1.1265996e-05
0.00041945309
1.1555797e-05
0.00041920366
1.1831213e-05
0.00041871211
1.207287e-05
0.000417827
1.2257365e-05
0.000416456
1.2346906e-05
0.00041465241
1.229826e-05
0.00041259565
1.2091505e-05
0.00041048563
1.1756203e-05
0.00040844396
1.1368428e-05
0.00040650443
1.0987421e-05
0.00040465889
1.0625024e-05
0.0004028948
1.027464e-05
0.00040120532
9.9429967e-06
0.00039958543
9.6484529e-06
0.00039802912
9.4044011e-06
9.2081741e-06
0.00047421093
-8.0694735e-06
0.00047395132
-7.2582781e-06
0.00047383602
-4.0487564e-06
0.00047382129
-2.8961915e-07
0.00047385706
2.7707774e-06
0.00047391297
4.940872e-06
0.00047396622
6.3560715e-06
0.00047401157
7.3287246e-06
0.00047404922
8.0513686e-06
0.00047408093
8.6247495e-06
0.0004741085
9.1126679e-06
0.00047413295
9.5453405e-06
0.00047415445
9.9380354e-06
0.00047417244
1.0301043e-05
0.0004741855
1.0639583e-05
0.00047419162
1.0960528e-05
0.00047418743
1.127019e-05
0.0004741674
1.1575831e-05
0.00047412154
1.1877069e-05
0.00047403077
1.216364e-05
0.0004738612
1.2426932e-05
0.00047354545
1.266266e-05
0.00047297551
1.2868199e-05
0.00047202756
1.303946e-05
0.00047063246
1.31513e-05
0.00046883578
1.3165105e-05
0.00046678051
1.3042696e-05
0.00046463473
1.2770801e-05
0.00046251358
1.2395788e-05
0.00046046214
1.1994433e-05
0.00045848487
1.1625724e-05
0.00045657634
1.1312931e-05
1.105127e-05
0.0005357823
-7.7408497e-06
0.00053549693
-6.9729057e-06
0.00053536341
-3.915232e-06
0.000535342
-2.6821124e-07
0.00053537874
2.7340344e-06
0.00053543997
4.8796448e-06
0.00053549981
6.2962304e-06
0.00053555133
7.2772064e-06
0.00053559441
8.0082921e-06
0.00053563101
8.5881501e-06
0.00053566317
9.0805075e-06
0.00053569214
9.5163699e-06
0.00053571851
9.9116613e-06
0.00053574236
1.0277198e-05
0.00053576316
1.0618779e-05
0.00053578017
1.0943513e-05
0.00053579235
1.1258014e-05
0.00053579825
1.1569928e-05
0.0005357954
1.1879919e-05
0.00053577937
1.2179678e-05
0.00053574349
1.2462812e-05
0.00053567569
1.2730452e-05
0.00053555486
1.2989034e-05
0.00053534656
1.3247763e-05
0.00053498621
1.3511644e-05
0.00053437729
1.3774022e-05
0.00053341271
1.4007282e-05
0.00053202635
1.4157163e-05
0.00053024314
1.4178994e-05
0.00052817416
1.4063417e-05
0.00052596597
1.3833914e-05
0.00052373453
1.354437e-05
1.3246619e-05
0.0006053461
-7.3807818e-06
0.00060503357
-6.6603731e-06
0.00060487902
-3.7606863e-06
0.00060484876
-2.3794665e-07
0.00060488569
2.6971004e-06
0.00060495219
4.8131504e-06
0.00060501883
6.2295818e-06
0.00060507693
7.2191151e-06
0.00060512607
7.9591511e-06
0.00060516828
8.5459409e-06
0.00060520558
9.0431987e-06
0.00060523928
9.4826795e-06
0.00060527011
9.8808277e-06
0.00060529844
1.0248865e-05
0.00060532416
1.0593062e-05
0.00060534701
1.0920666e-05
0.00060536663
1.123839e-05
0.00060538271
1.155385e-05
0.00060539453
1.1868093e-05
0.00060540057
1.2173642e-05
0.00060539855
1.2464834e-05
0.00060538517
1.2743825e-05
0.00060535551
1.3018695e-05
0.00060530278
1.3300496e-05
0.00060521495
1.3599476e-05
0.000605071
1.3917966e-05
0.00060483657
1.4241717e-05
0.00060445039
1.4543345e-05
0.00060382433
1.4805056e-05
0.00060286031
1.5027432e-05
0.00060148943
1.5204797e-05
0.00059971469
1.5319104e-05
1.5343486e-05
0.00068393693
-6.9883974e-06
0.00068359642
-6.3198627e-06
0.00068341824
-3.5825127e-06
0.00068337733
-1.970365e-07
0.00068341435
2.6600864e-06
0.00068348622
4.7412762e-06
0.00068355974
6.1560657e-06
0.00068362481
7.1540443e-06
0.00068368075
7.9032092e-06
0.00068372931
8.4973776e-06
0.00068377238
9.0001289e-06
0.00068381124
9.4438205e-06
0.00068384675
9.8453249e-06
0.00068387941
1.0216205e-05
0.00068390931
1.0563157e-05
0.00068393646
1.0893512e-05
0.00068396083
1.1214022e-05
0.00068398254
1.153214e-05
0.00068400151
1.1849129e-05
0.00068401703
1.2158121e-05
0.00068402798
1.2453882e-05
0.00068403301
1.2738793e-05
0.00068403051
1.3021196e-05
0.00068401857
1.3312434e-05
0.00068399447
1.3623577e-05
0.00068395364
1.3958801e-05
0.00068388865
1.4306706e-05
0.00068378599
1.4646003e-05
0.00068362344
1.4967607e-05
0.00068336708
1.5283791e-05
0.00068296048
1.5611401e-05
0.00068232321
1.5956369e-05
1.6304879e-05
0.00077272329
-6.5639517e-06
0.00077235441
-5.9509837e-06
0.00077215016
-3.3782671e-06
0.0007720978
-1.4466712e-07
0.00077213563
2.6222561e-06
0.00077221274
4.6641658e-06
0.00077229297
6.0758328e-06
0.00077236566
7.081354e-06
0.00077242926
7.8396043e-06
0.00077248484
8.4417992e-06
0.0007725342
8.9507758e-06
0.00077257867
9.3993415e-06
0.00077261921
9.8047903e-06
0.00077265642
1.0178995e-05
0.00077269052
1.0529059e-05
0.00077272166
1.086237e-05
0.00077274999
1.1185687e-05
0.00077277589
1.150625e-05
0.00077279954
1.1825473e-05
0.00077282061
1.213705e-05
0.00077283839
1.2436108e-05
0.00077285211
1.2725072e-05
0.00077286109
1.3012212e-05
0.00077286477
1.3308755e-05
0.0007728626
1.3625746e-05
0.00077285362
1.3967784e-05
0.00077283565
1.4324678e-05
0.0007728045
1.4677145e-05
0.00077275387
1.501824e-05
0.00077267542
1.5362239e-05
0.00077255627
1.5730557e-05
0.00077237564
1.6136999e-05
1.657981e-05
0.00087302794
-6.1074081e-06
0.00087262886
-5.5519042e-06
0.00087239655
-3.1459603e-06
0.00087233423
-8.2344869e-08
0.00087237302
2.5834698e-06
0.00087245353
4.5836522e-06
0.00087254052
5.9888442e-06
0.00087262187
7.0000053e-06
0.00087269375
7.7677201e-06
0.00087275675
8.3787985e-06
0.00087281283
8.8946982e-06
0.00087286337
9.3487975e-06
0.00087290936
9.7588095e-06
0.00087295148
1.0136871e-05
0.00087299006
1.049048e-05
0.00087302535
1.0827074e-05
0.00087305764
1.1153403e-05
0.00087308742
1.1476469e-05
0.00087311507
1.1797821e-05
0.00087314041
1.211171e-05
0.00087316292
1.2413604e-05
0.00087318207
1.2705918e-05
0.00087319755
1.2996732e-05
0.00087320929
1.3297011e-05
0.00087321748
1.3617561e-05
0.00087322221
1.3963055e-05
0.00087322277
1.4324117e-05
0.00087321723
1.4682688e-05
0.00087320288
1.503259e-05
0.00087317686
1.5388254e-05
0.00087313572
1.5771702e-05
0.00087307428
1.6198432e-05
1.6669603e-05
0.00098634512
-5.6190173e-06
0.00098591693
-5.1237214e-06
0.00098566077
-2.8898002e-06
0.00098558388
-5.4465512e-09
0.0009856159
2.5514462e-06
0.00098570066
4.4988872e-06
0.00098579676
5.8927475e-06
0.00098588657
6.9101965e-06
0.00098596665
7.6876441e-06
0.00098603742
8.3080215e-06
0.0009861007
8.8314227e-06
0.00098615782
9.2916794e-06
0.00098620975
9.7068715e-06
0.00098625728
1.0089341e-05
0.0009863008
1.044696e-05
0.00098634067
1.078721e-05
0.00098637724
1.1116826e-05
0.00098641115
1.1442563e-05
0.00098644287
1.1766103e-05
0.0009864723
1.2082279e-05
0.000986499
1.2386907e-05
0.00098652256
1.2682358e-05
0.00098654282
1.2976466e-05
0.00098655998
1.3279854e-05
0.00098657454
1.3602996e-05
0.00098658707
1.3950528e-05
0.00098659739
1.4313793e-05
0.00098660426
1.4675819e-05
0.000986606
1.5030856e-05
0.00098660127
1.5392977e-05
0.00098658911
1.578387e-05
0.00098656825
1.6219284e-05
1.6701319e-05
0.0011143583
-5.0984186e-06
0.0011139015
-4.6668928e-06
0.0011136208
-2.6091674e-06
0.0011135305
8.4901702e-08
0.0011135592
2.5227255e-06
0.0011136454
4.4127339e-06
0.0011137463
5.7917764e-06
0.0011138441
6.8124264e-06
0.0011139328
7.598979e-06
0.0011140119
8.2289115e-06
0.001114083
8.7603154e-06
0.0011141474
9.2273146e-06
0.0011142059
9.6482958e-06
0.0011142595
1.0035737e-05
0.0011143086
1.0397851e-05
0.0011143537
1.0742157e-05
0.0011143952
1.1075367e-05
0.0011144337
1.1403989e-05
0.00111447
1.1729848e-05
0.0011145039
1.2048393e-05
0.001114535
1.2355809e-05
0.0011145629
1.265441e-05
0.0011145876
1.2951747e-05
0.0011146095
1.3258046e-05
0.0011146291
1.3583388e-05
0.0011146473
1.3932323e-05
0.0011146642
1.4296892e-05
0.0011146788
1.4661213e-05
0.0011146898
1.5019863e-05
0.0011146964
1.538636e-05
0.0011146985
1.5781763e-05
0.0011146961
1.6221649e-05
1.6708573e-05
0.0012589609
-4.5403402e-06
0.0012584799
-4.1859457e-06
0.0012581773
-2.3065102e-06
0.0012580722
1.8999408e-07
0.0012580956
2.4993392e-06
0.0012581835
4.3247704e-06
0.0012582907
5.6846015e-06
0.0012583971
6.7060382e-06
0.0012584952
7.5008835e-06
0.0012585835
8.1405698e-06
0.0012586634
8.6805018e-06
0.0012587358
9.1548382e-06
0.0012588019
9.5822218e-06
0.0012588624
9.9752068e-06
0.001258918
1.0342309e-05
0.0012589691
1.0691084e-05
0.0012590162
1.1028213e-05
0.0012590602
1.1359965e-05
0.0012591018
1.1688315e-05
0.0012591408
1.2009362e-05
0.0012591769
1.2319697e-05
0.0012592097
1.262157e-05
0.0012592393
1.2922221e-05
0.0012592659
1.3231444e-05
0.0012592904
1.3558879e-05
0.0012593137
1.3908959e-05
0.0012593362
1.4274439e-05
0.0012593569
1.4640553e-05
0.0012593745
1.5002186e-05
0.0012593887
1.5372179e-05
0.0012593997
1.5770817e-05
0.001259408
1.6213324e-05
1.6702554e-05
0.0014223189
-3.9447762e-06
0.0014218118
-3.67885e-06
0.0014214815
-1.9761657e-06
0.0014213588
3.1268409e-07
0.0014213812
2.4769358e-06
0.0014214706
4.2353873e-06
0.0014215832
5.5719433e-06
0.0014216981
6.5911698e-06
0.001421806
7.3929603e-06
0.0014219043
8.0423281e-06
0.0014219936
8.5912044e-06
0.001422075
9.0733974e-06
0.0014221495
9.5077391e-06
0.0014222179
9.9068031e-06
0.0014222808
1.0279362e-05
0.0014223389
1.0633005e-05
0.0014223927
1.0974381e-05
0.0014224432
1.1309524e-05
0.0014224909
1.1640568e-05
0.001422536
1.1964292e-05
0.001422578
1.2277721e-05
0.0014226165
1.2583048e-05
0.0014226515
1.2887182e-05
0.0014226835
1.319945e-05
0.0014227134
1.3529019e-05
0.0014227422
1.3880189e-05
0.0014227702
1.4246443e-05
0.0014227965
1.4614187e-05
0.0014228201
1.4978608e-05
0.0014228405
1.5351792e-05
0.0014228582
1.5753141e-05
0.0014228741
1.6197426e-05
1.6687723e-05
0.0016068668
-3.3200493e-06
0.0016063336
-3.1456525e-06
0.0016059819
-1.6245209e-06
0.0016058395
4.5510741e-07
0.0016058519
2.4645444e-06
0.0016059405
4.1468072e-06
0.001606058
5.4543898e-06
0.0016061812
6.4680198e-06
0.001606299
7.2751333e-06
0.0016064075
7.9338596e-06
0.0016065068
8.4919118e-06
0.0016065978
8.9823225e-06
0.0016066815
9.4240468e-06
0.0016067587
9.8296296e-06
0.00160683
1.0208042e-05
0.0016068961
1.056691e-05
0.0016069577
1.0912835e-05
0.0016070156
1.1251634e-05
0.0016070705
1.15856e-05
0.0016071226
1.1912203e-05
0.0016071714
1.2228938e-05
0.0016072165
1.2537942e-05
0.0016072579
1.2845777e-05
0.0016072961
1.3161276e-05
0.001607332
1.3493104e-05
0.0016073668
1.3845415e-05
0.0016074008
1.4212447e-05
0.0016074331
1.4581827e-05
0.0016074627
1.4949064e-05
0.001607489
1.5325425e-05
0.0016075128
1.5729346e-05
0.0016075352
1.6175069e-05
1.6665853e-05
0.0018153688
-2.6822022e-06
0.00181481
-2.5868126e-06
0.0018144431
-1.2575962e-06
0.0018142821
6.1603232e-07
0.0018142727
2.4739651e-06
0.0018143531
4.0664614e-06
0.0018144719
5.3355687e-06
0.0018146013
6.3385564e-06
0.001814728
7.1484855e-06
0.0018148462
7.8156155e-06
0.0018149555
8.3826664e-06
0.0018150564
8.8813684e-06
0.0018151498
9.3306774e-06
0.0018152364
9.7430571e-06
0.0018153168
1.0127606e-05
0.0018153917
1.0491969e-05
0.0018154619
1.0842698e-05
0.0018155281
1.1185398e-05
0.0018155912
1.1522516e-05
0.0018156512
1.1852217e-05
0.0018157076
1.2172486e-05
0.0018157602
1.2485413e-05
0.0018158088
1.2797192e-05
0.0018158539
1.311614e-05
0.0018158966
1.3450398e-05
0.001815938
1.3803966e-05
0.0018159786
1.4171856e-05
0.0018160175
1.4542959e-05
0.0018160534
1.4913136e-05
0.0018160861
1.5292796e-05
0.0018161161
1.5699335e-05
0.0018161447
1.614641e-05
1.6637438e-05
0.0020509377
-2.0455392e-06
0.0020503595
-2.0085734e-06
0.0020499703
-8.684363e-07
0.0020497867
7.9970327e-07
0.0020497596
2.5010276e-06
0.0020498296
3.9964984e-06
0.0020499451
5.2200379e-06
0.0020500763
6.2073119e-06
0.0020502085
7.0163263e-06
0.0020503345
7.6895933e-06
0.0020504526
8.264584e-06
0.0020505629
8.7710637e-06
0.0020506658
9.2277553e-06
0.002050762
9.6469353e-06
0.0020508518
1.0037716e-05
0.0020509361
1.0407722e-05
0.0020510154
1.0763424e-05
0.0020510905
1.1110223e-05
0.0020511624
1.1450707e-05
0.0020512309
1.1783715e-05
0.0020512956
1.2107741e-05
0.0020513562
1.242483e-05
0.0020514126
1.2740795e-05
0.0020514653
1.3063419e-05
0.0020515154
1.3400296e-05
0.0020515641
1.375527e-05
0.0020516118
1.4124133e-05
0.0020516577
1.4497078e-05
0.0020517005
1.4870352e-05
0.0020517398
1.5253478e-05
0.0020517764
1.5662751e-05
0.0020518116
1.6111203e-05
1.6602387e-05
0.0023170701
-1.4184955e-06
0.0023164814
-1.4199186e-06
0.0023160723
-4.593077e-07
0.0023158655
1.0065125e-06
0.0023158191
2.5473911e-06
0.002315876
3.9395548e-06
0.0023159855
5.1105491e-06
0.0023161166
6.0762849e-06
0.0023162529
6.8799791e-06
0.0023163859
7.5566252e-06
0.0023165123
8.138108e-06
0.0023166318
8.6516225e-06
0.0023167442
9.1152948e-06
0.0023168501
9.5411327e-06
0.0023169496
9.9381431e-06
0.0023170435
1.0313864e-05
0.0023171322
1.067466e-05
0.0023172167
1.1025728e-05
0.0023172977
1.1369783e-05
0.0023173751
1.17063e-05
0.0023174485
1.2034292e-05
0.0023175176
1.2355769e-05
0.0023175822
1.267615e-05
0.002317643
1.3002664e-05
0.0023177009
1.3342355e-05
0.0023177573
1.3698901e-05
0.0023178126
1.4068875e-05
0.0023178658
1.4443789e-05
0.0023179159
1.4820312e-05
0.0023179623
1.5207074e-05
0.0023180058
1.5619213e-05
0.0023180479
1.6069095e-05
1.6560406e-05
0.0026177289
-8.0745545e-07
0.0026171386
-8.2952258e-07
0.0026167131
-3.3901646e-08
0.0026164836
1.2360864e-06
0.0026164154
2.6155374e-06
0.0026164563
3.8986442e-06
0.0026165576
5.0092987e-06
0.0026166869
5.9469259e-06
0.0026168265
6.7404109e-06
0.002616966
7.4171242e-06
0.0026171009
8.0032522e-06
0.0026172297
8.5227942e-06
0.0026173521
8.9929075e-06
0.002617468
9.4251801e-06
0.0026175778
9.8283798e-06
0.0026176818
1.0209877e-05
0.0026177806
1.0575888e-05
0.0026178749
1.0931414e-05
0.0026179654
1.1279269e-05
0.0026180522
1.1619524e-05
0.0026181348
1.1951703e-05
0.0026182127
1.2277796e-05
0.0026182861
1.260282e-05
0.0026183553
1.2933446e-05
0.0026184215
1.3276159e-05
0.0026184859
1.3634471e-05
0.0026185491
1.4005722e-05
0.0026186101
1.4382743e-05
0.0026186677
1.4762661e-05
0.0026187216
1.5153219e-05
0.0026187725
1.5568354e-05
0.0026188218
1.6019733e-05
1.6511159e-05
0.0029573945
-2.1783031e-07
0.0029568111
-2.4605289e-07
0.0029563739
4.0326396e-07
0.0029561227
1.4873329e-06
0.0029560312
2.7069766e-06
0.0029560532
3.8767063e-06
0.0029561431
4.9193561e-06
0.0029562684
5.8216315e-06
0.0029564095
6.5992895e-06
0.0029565546
7.2720111e-06
0.0029566976
7.8602839e-06
0.002956836
8.3844276e-06
0.0029569687
8.8601629e-06
0.0029570954
9.2984618e-06
0.0029572161
9.7077038e-06
0.002957331
1.0094985e-05
0.0029574406
1.0466314e-05
0.0029575455
1.082649e-05
0.0029576464
1.1178407e-05
0.0029577432
1.1522662e-05
0.0029578356
1.1859276e-05
0.0029579232
1.2190232e-05
0.0029580059
1.2520145e-05
0.0029580842
1.2855125e-05
0.0029581593
1.3201104e-05
0.0029582323
1.356143e-05
0.0029583039
1.3934177e-05
0.0029583731
1.4313476e-05
0.0029584388
1.4696945e-05
0.0029585006
1.5091463e-05
0.0029585592
1.5509736e-05
0.0029586162
1.5962698e-05
1.6454258e-05
0.0033411282
3.4584867e-07
0.00334056
3.221036e-07
0.0033401169
8.4638014e-07
0.0033398462
1.7580898e-06
0.0033397309
2.8222306e-06
0.0033397315
3.8761431e-06
0.0033398068
4.8440038e-06
0.003339925
5.7034719e-06
0.0033400652
6.4590732e-06
0.0033402142
7.1229987e-06
0.0033403643
7.7101618e-06
0.0033405119
8.2368904e-06
0.003340655
8.7169957e-06
0.0033407929
9.1605876e-06
0.0033409251
9.5754951e-06
0.0033410517
9.9684121e-06
0.003341173
1.0345065e-05
0.0033412894
1.0710033e-05
0.0033414016
1.106625e-05
0.0033415095
1.1414768e-05
0.0033416127
1.1756064e-05
0.0033417108
1.2092129e-05
0.0033418037
1.2427184e-05
0.0033418921
1.2766778e-05
0.0033419769
1.3116304e-05
0.0033420594
1.3478947e-05
0.0033421401
1.3853475e-05
0.0033422183
1.423527e-05
0.0033422928
1.4622466e-05
0.0033423631
1.5021126e-05
0.0033424301
1.5442707e-05
0.0033424954
1.589738e-05
1.6389139e-05
0.0037746478
8.7990835e-07
0.0037741025
8.673861e-07
0.0037736603
1.2885614e-06
0.0037733736
2.0448805e-06
0.0037732351
2.960712e-06
0.0037732127
3.8985126e-06
0.0037732705
4.7862015e-06
0.0037733783
5.5957105e-06
0.0037735147
6.3226822e-06
0.0037736653
6.9723978e-06
0.003773821
7.5544641e-06
0.0037739767
8.0811012e-06
0.0037741299
8.5638017e-06
0.003774279
9.0115344e-06
0.0037744231
9.4314066e-06
0.0037745619
9.8295735e-06
0.0037746956
1.0211384e-05
0.0037748245
1.0581162e-05
0.0037749489
1.094184e-05
0.0037750688
1.1294833e-05
0.0037751839
1.1641019e-05
0.0037752936
1.1982402e-05
0.003775398
1.2322822e-05
0.0037754975
1.266728e-05
0.0037755931
1.3020649e-05
0.0037756861
1.3385954e-05
0.003775777
1.3762599e-05
0.0037758651
1.4147144e-05
0.0037759493
1.453826e-05
0.0037760292
1.4941253e-05
0.0037761055
1.5366338e-05
0.00377618
1.5822894e-05
1.6314979e-05
0.0042644131
1.3814318e-06
0.004263897
1.3834797e-06
0.0042634631
1.7224154e-06
0.0042631651
2.342847e-06
0.0042630053
3.1205324e-06
0.0042629595
3.9442983e-06
0.0042629975
4.7482425e-06
0.0042630917
5.5014666e-06
0.0042632212
6.1932407e-06
0.0042633706
6.8229282e-06
0.0042635298
7.3952717e-06
0.0042636925
7.9184712e-06
0.0042638549
8.4014148e-06
0.0042640147
8.8516519e-06
0.0042641708
9.2753918e-06
0.0042643222
9.6781142e-06
0.0042644689
1.0064683e-05
0.004264611
1.0439115e-05
0.0042647485
1.0804284e-05
0.0042648815
1.1161868e-05
0.0042650094
1.1513072e-05
0.0042651319
1.1859912e-05
0.0042652489
1.2205866e-05
0.0042653608
1.2555402e-05
0.0042654685
1.2912898e-05
0.0042655732
1.3281224e-05
0.0042656755
1.3660352e-05
0.0042657747
1.4047924e-05
0.0042658698
1.4443149e-05
0.0042659604
1.4850657e-05
0.0042660473
1.5279448e-05
0.0042661321
1.5738096e-05
1.6230689e-05
0.0048177219
1.8480944e-06
0.0048172399
1.8654878e-06
0.0048168216
2.1406829e-06
0.0048165185
2.6459339e-06
0.0048163407
3.2983643e-06
0.0048162723
4.0126998e-06
0.0048162891
4.7314467e-06
0.0048163671
5.4233884e-06
0.0048164865
6.0738357e-06
0.0048166319
6.6775556e-06
0.0048167921
7.2350802e-06
0.0048169597
7.7508773e-06
0.00481713
8.2311133e-06
0.0048173
8.6816861e-06
0.0048174676
9.1077391e-06
0.0048176318
9.5139471e-06
0.0048177919
9.9045809e-06
0.0048179477
1.0283277e-05
0.0048180992
1.0652782e-05
0.0048182462
1.101493e-05
0.0048183881
1.1371169e-05
0.0048185245
1.1723504e-05
0.0048186553
1.2075074e-05
0.0048187808
1.2429841e-05
0.004818902
1.2791716e-05
0.0048190198
1.3163416e-05
0.0048191348
1.3545401e-05
0.0048192464
1.3936281e-05
0.0048193538
1.4335787e-05
0.0048194565
1.4747967e-05
0.0048195553
1.5180658e-05
0.0048196517
1.5641623e-05
1.6134948e-05
0.005442819
2.278014e-06
0.0054423746
2.3098625e-06
0.0054419785
2.5367889e-06
0.0054416771
2.9473037e-06
0.005441486
3.489447e-06
0.0054413973
4.101472e-06
0.0054413928
4.7358868e-06
0.0054414529
5.3633015e-06
0.0054415595
5.9672105e-06
0.0054416978
6.5392717e-06
0.0054418562
7.0766682e-06
0.0054420265
7.5806131e-06
0.005442203
8.0546269e-06
0.0054423818
8.5028191e-06
0.0054425605
8.9291287e-06
0.0054427371
9.3373172e-06
0.0054429107
9.7309612e-06
0.0054430808
1.0113234e-05
0.0054432469
1.0486677e-05
0.0054434086
1.085317e-05
0.0054435655
1.1214297e-05
0.005443717
1.157203e-05
0.0054438629
1.1929185e-05
0.0054440034
1.2289248e-05
0.0054441395
1.2655693e-05
0.0054442718
1.3031087e-05
0.0054444009
1.3416291e-05
0.0054445264
1.3810748e-05
0.0054446475
1.421468e-05
0.0054447639
1.4631647e-05
0.0054448761
1.506841e-05
0.0054449858
1.5531922e-05
1.602623e-05
0.0061490189
0.0061486146
0.0061482462
0.0061479536
0.0061477553
0.0061476499
0.0061476256
0.006147667
0.0061477588
0.0061478873
0.0061480411
0.0061482114
0.0061483919
0.0061485781
0.0061487665
0.006148955
0.0061491419
0.0061493263
9.9288566e-06
0.0061495074
1.0305531e-05
0.0061496847
1.067589e-05
0.0061498574
1.1041551e-05
0.0061500251
1.1404404e-05
0.0061501873
1.176696e-05
0.0061503443
1.2132261e-05
0.0061504966
1.2503376e-05
0.006150645
1.2882717e-05
0.0061507898
1.3271457e-05
0.0061509308
1.3669727e-05
0.0061510673
1.4078188e-05
0.006151199
1.450001e-05
0.0061513264
1.4940977e-05
0.006151451
1.5407259e-05
1.5902821e-05
0.0069472094
0.0069474057
0.006947599
0.0069477883
0.0069479731
0.0069481528
0.0069483275
0.0069484976
0.0069486636
0.0069488258
0.006948984
0.0069491377
0.0069492865
0.006949431
0.0069495725
)
;

boundaryField
{
    bottom
    {
        type            calculated;
        value           nonuniform List<scalar> 0();
    }
    back
    {
        type            empty;
    }
    front
    {
        type            empty;
    }
    inlet
    {
        type            calculated;
        value           nonuniform List<scalar> 0();
    }
    outlet
    {
        type            calculated;
        value           nonuniform List<scalar> 0();
    }
    top
    {
        type            calculated;
        value           nonuniform List<scalar> 0();
    }
    slipsurface
    {
        type            calculated;
        value           nonuniform List<scalar> 0();
    }
    procBoundary0to1
    {
        type            processor;
        value           nonuniform List<scalar> 
34
(
2.6696408e-06
2.7141783e-06
2.9051884e-06
3.2398863e-06
3.687799e-06
4.2068699e-06
4.7601849e-06
5.3218746e-06
5.8754065e-06
6.4107964e-06
6.922882e-06
7.4102667e-06
7.8740935e-06
8.3166788e-06
8.7406794e-06
9.1488693e-06
9.5440516e-06
-0.0069470109
9.7303613e-06
1.0109195e-05
1.048262e-05
1.0852189e-05
1.1219655e-05
1.1587233e-05
1.1957551e-05
1.2333301e-05
1.2716735e-05
1.3109246e-05
1.3511505e-05
1.3924543e-05
1.435122e-05
1.479647e-05
1.5265718e-05
1.5762807e-05
)
;
    }
    procBoundary0to2
    {
        type            processor;
        value           nonuniform List<scalar> 
25
(
0.00034588884
0.00039653022
0.00045473325
0.00052153918
0.00059761783
0.00068136182
0.00077210071
0.00087298449
0.00098653654
0.0011146889
0.001259414
0.0014228889
0.0016075571
0.0018161731
0.0020518466
0.0023180899
0.0026188711
0.0029586731
0.0033425606
0.0037762542
0.0042662164
0.0048197475
0.0054450945
0.0061515745
0.0069497125
)
;
    }
    procBoundary0to6
    {
        type            processor;
        value           nonuniform List<scalar> 
24
(
-0.00037173007
-0.00041998826
-0.00047451063
-0.00053611093
-0.00060570617
-0.00068432931
-0.00077314773
-0.00087348448
-0.00098683351
-0.0011148789
-0.001259519
-0.0014229145
-0.0016074915
-0.0018160067
-0.0020515744
-0.0023176971
-0.00261834
-0.0029579842
-0.0033416919
-0.0037751819
-0.0042649146
-0.0048181885
-0.0054432489
-0.0061494105
)
;
    }
    procBoundary0to11
    {
        type            processor;
        value           nonuniform List<scalar> 
33
(
8.8906854e-06
7.9690038e-06
4.351876e-06
3.2181077e-07
-2.8718466e-06
-5.0927122e-06
-6.4979296e-06
-7.4485802e-06
-8.150314e-06
-8.706416e-06
-9.1799808e-06
-9.5975738e-06
-9.969654e-06
-1.0299219e-05
-1.0575732e-05
-1.0778775e-05
-1.0840467e-05
-1.0681328e-05
-1.0300954e-05
-9.7983702e-06
-9.3003814e-06
-8.8662742e-06
-8.4935923e-06
-8.1703116e-06
-7.8972106e-06
-7.6735591e-06
-7.4804711e-06
-7.2897707e-06
-7.0894996e-06
-6.892961e-06
-6.7223839e-06
-6.5912247e-06
-6.4968905e-06
)
;
    }
}


// ************************************************************************* //
