/*--------------------------------*- C++ -*----------------------------------*\
  =========                 |
  \\      /  F ield         | OpenFOAM: The Open Source CFD Toolbox
   \\    /   O peration     | Website:  https://openfoam.org
    \\  /    A nd           | Version:  12
     \\/     M anipulation  |
\*---------------------------------------------------------------------------*/
FoamFile
{
    format      ascii;
    class       volScalarField;
    location    "200";
    object      nuTilda;
}
// * * * * * * * * * * * * * * * * * * * * * * * * * * * * * * * * * * * * * //

dimensions      [0 2 -1 0 0 0 0];

internalField   nonuniform List<scalar> 
816
(
1.2732582e-05
1.3062307e-05
1.3384372e-05
1.3699083e-05
1.4006722e-05
1.4307554e-05
1.4601836e-05
1.4889819e-05
1.5171738e-05
1.5447807e-05
1.5718225e-05
1.5983188e-05
1.6242887e-05
1.6497497e-05
1.6747173e-05
1.6992062e-05
1.7232308e-05
1.7468054e-05
1.7699424e-05
1.7926526e-05
1.8149462e-05
1.8368336e-05
1.8583246e-05
1.8794274e-05
1.9001483e-05
1.9204936e-05
1.94047e-05
1.2584824e-05
1.2973851e-05
1.3354455e-05
1.3726952e-05
1.4091633e-05
1.444878e-05
1.4798672e-05
1.5141587e-05
1.5477777e-05
1.5807477e-05
1.6130908e-05
1.6448292e-05
1.6759847e-05
1.7065767e-05
1.7366227e-05
1.7661397e-05
1.7951446e-05
1.8236539e-05
1.8516821e-05
1.8792416e-05
1.9063446e-05
1.9330039e-05
1.9592312e-05
1.9850362e-05
2.0104268e-05
2.0354113e-05
2.059998e-05
1.2128983e-05
1.2585117e-05
1.30322e-05
1.3470518e-05
1.3900341e-05
1.4321947e-05
1.4735628e-05
1.514167e-05
1.5540336e-05
1.5931866e-05
1.6316503e-05
1.6694492e-05
1.7066073e-05
1.7431456e-05
1.7790835e-05
1.8144402e-05
1.8492356e-05
1.8834883e-05
1.9172146e-05
1.9504288e-05
1.9831456e-05
2.0153803e-05
2.0471467e-05
2.0784563e-05
2.1093187e-05
2.1397443e-05
2.1697441e-05
1.1292001e-05
1.1822707e-05
1.2344136e-05
1.2856443e-05
1.3359805e-05
1.3854457e-05
1.4340669e-05
1.48187e-05
1.5288783e-05
1.5751146e-05
1.620604e-05
1.6653727e-05
1.7094453e-05
1.7528434e-05
1.7955873e-05
1.8376987e-05
1.8792001e-05
1.9201121e-05
1.9604522e-05
2.0002366e-05
2.0394829e-05
2.078209e-05
2.1164311e-05
2.1541619e-05
2.1914134e-05
2.2281987e-05
2.2645314e-05
9.9964121e-06
1.0607005e-05
1.1209125e-05
1.1802548e-05
1.2387205e-05
1.2963187e-05
1.3530648e-05
1.408972e-05
1.4640526e-05
1.5183235e-05
1.5718078e-05
1.6245307e-05
1.6765136e-05
1.7277754e-05
1.7783361e-05
1.8282195e-05
1.8774499e-05
1.9260481e-05
1.9740319e-05
2.0214192e-05
2.0682305e-05
2.1144866e-05
2.1602051e-05
2.2053999e-05
2.2500854e-05
2.2942783e-05
2.3379947e-05
8.1737025e-06
8.8624168e-06
9.5461873e-06
1.022371e-05
1.0894318e-05
1.1557695e-05
1.2213579e-05
1.2861694e-05
1.3501869e-05
1.4134125e-05
1.4758608e-05
1.5375463e-05
1.5984778e-05
1.658665e-05
1.7181253e-05
1.7768827e-05
1.8349601e-05
1.8923746e-05
1.9491417e-05
2.0052805e-05
2.0608145e-05
2.1157661e-05
2.1701526e-05
2.2239884e-05
2.2772906e-05
2.3300796e-05
2.3823743e-05
5.8110189e-06
6.5519851e-06
7.3000626e-06
8.0508172e-06
8.8019094e-06
9.5513728e-06
1.0297269e-05
1.1038056e-05
1.1772888e-05
1.2501461e-05
1.3223608e-05
1.3939064e-05
1.4647544e-05
1.5348937e-05
1.6043348e-05
1.6730957e-05
1.7411877e-05
1.8086149e-05
1.8753857e-05
1.9415199e-05
2.0070426e-05
2.0719737e-05
2.1363258e-05
2.2001122e-05
2.2633536e-05
2.3260741e-05
2.388293e-05
3.2655144e-06
3.8632572e-06
4.5506479e-06
5.3010882e-06
6.0903878e-06
6.8997694e-06
7.7180444e-06
8.539931e-06
9.3633369e-06
1.018686e-05
1.1008715e-05
1.1827062e-05
1.2640661e-05
1.3449053e-05
1.4252182e-05
1.5049911e-05
1.5841908e-05
1.6627874e-05
1.7407776e-05
1.8181805e-05
1.8950153e-05
1.971287e-05
2.0469951e-05
2.1221503e-05
2.1967772e-05
2.2709014e-05
2.3445372e-05
2.4176947e-05
2.490387e-05
1.9761317e-06
2.1325316e-06
2.3755447e-06
2.7422798e-06
3.2357208e-06
3.8512586e-06
4.578004e-06
5.3861522e-06
6.2475499e-06
7.1382143e-06
8.0419314e-06
8.9508098e-06
9.8622777e-06
1.0775641e-05
1.1689764e-05
1.2602718e-05
1.3512676e-05
1.4418697e-05
1.5320684e-05
1.6218738e-05
1.7112653e-05
1.8001989e-05
1.8886468e-05
1.9766187e-05
2.064143e-05
2.1512349e-05
2.2378901e-05
2.3241076e-05
2.4099062e-05
1.9600354e-06
2.0927301e-06
2.307141e-06
2.6332939e-06
3.1088522e-06
3.7257582e-06
4.4763838e-06
5.3391461e-06
6.279257e-06
7.2654347e-06
8.2736432e-06
9.2901332e-06
1.0310004e-05
1.1332924e-05
1.2359066e-05
1.3387131e-05
1.441486e-05
1.5440488e-05
1.64635e-05
1.7484179e-05
1.8502664e-05
1.9518553e-05
2.0531298e-05
2.1540762e-05
2.2547254e-05
1.8356498e-06
1.8407237e-06
1.8541002e-06
1.8819032e-06
1.9371881e-06
2.0402356e-06
2.2155895e-06
2.4933974e-06
2.914877e-06
3.5101827e-06
4.2673468e-06
5.1737163e-06
6.1945316e-06
7.2894826e-06
8.4238889e-06
9.5738983e-06
1.0728724e-05
1.1886763e-05
1.3049734e-05
1.4218102e-05
1.5389906e-05
1.6562466e-05
1.7734358e-05
1.8905749e-05
2.007723e-05
1.8609843e-06
1.8570125e-06
1.8538951e-06
1.8508893e-06
1.851146e-06
1.8535652e-06
1.8615079e-06
1.8795887e-06
1.9168265e-06
1.9895989e-06
2.1228481e-06
2.3483871e-06
2.7029196e-06
3.2449639e-06
3.9891716e-06
4.9208314e-06
6.0190225e-06
7.2339748e-06
8.5180629e-06
9.8332395e-06
1.1157356e-05
1.2484196e-05
1.3816302e-05
1.5156928e-05
1.6505686e-05
1.8909608e-06
1.8874173e-06
1.8837076e-06
1.8798714e-06
1.8761074e-06
1.8725043e-06
1.8691995e-06
1.8666981e-06
1.8648354e-06
1.8656739e-06
1.8694173e-06
1.8801688e-06
1.9032466e-06
1.949973e-06
2.0444253e-06
2.2177525e-06
2.5118577e-06
2.973232e-06
3.6865093e-06
4.6340235e-06
5.8000122e-06
7.1456073e-06
8.6061654e-06
1.0124326e-05
1.1660946e-05
1.9140225e-06
1.911312e-06
1.9085209e-06
1.9056437e-06
1.9026693e-06
1.8995972e-06
1.8964088e-06
1.8930878e-06
1.8896944e-06
1.8863684e-06
1.8831821e-06
1.8804015e-06
1.8783795e-06
1.8773802e-06
1.8787284e-06
1.8839763e-06
1.8979537e-06
1.9282599e-06
1.9888715e-06
2.1171576e-06
2.3546578e-06
2.7563609e-06
3.3965087e-06
4.3530573e-06
5.5962297e-06
1.9321209e-06
1.9300062e-06
1.9278366e-06
1.9256092e-06
1.9233204e-06
1.9209658e-06
1.9185404e-06
1.9160356e-06
1.9134465e-06
1.9107608e-06
1.9079885e-06
1.9050446e-06
1.9019878e-06
1.8989248e-06
1.8959359e-06
1.8930591e-06
1.890783e-06
1.8885033e-06
1.888746e-06
1.8910342e-06
1.8988389e-06
1.9184878e-06
1.9609225e-06
2.0526348e-06
2.2442331e-06
1.9359242e-06
1.9339819e-06
1.9319823e-06
1.9299213e-06
1.9277952e-06
1.9255968e-06
1.9233176e-06
1.920952e-06
1.9184926e-06
1.915933e-06
1.9132374e-06
1.9104187e-06
1.9076056e-06
1.9048536e-06
1.9023059e-06
1.9003676e-06
1.8989363e-06
1.8998568e-06
1.9041144e-06
1.9496748e-06
1.9481628e-06
1.9466064e-06
1.9450035e-06
1.9433516e-06
1.9416481e-06
1.93989e-06
1.9380741e-06
1.9361959e-06
1.9342512e-06
1.932232e-06
1.9301337e-06
1.9279432e-06
1.9256629e-06
1.9232349e-06
1.9206774e-06
1.9180517e-06
1.9154477e-06
1.9128876e-06
1.9604666e-06
1.9592918e-06
1.9580828e-06
1.9568377e-06
1.9555546e-06
1.9542316e-06
1.9528665e-06
1.951457e-06
1.9500006e-06
1.9484947e-06
1.9469363e-06
1.9453224e-06
1.9436489e-06
1.9419116e-06
1.9401043e-06
1.9382185e-06
1.9362479e-06
1.9341822e-06
1.9320123e-06
1.9689185e-06
1.9680055e-06
1.967066e-06
1.9660987e-06
1.9651022e-06
1.9640747e-06
1.9630148e-06
1.9619205e-06
1.96079e-06
1.9596213e-06
1.958412e-06
1.9571599e-06
1.9558624e-06
1.9545167e-06
1.9531199e-06
1.9516686e-06
1.9501592e-06
1.948587e-06
1.9469471e-06
1.9755457e-06
1.9748356e-06
1.974105e-06
1.973353e-06
1.9725783e-06
1.9717798e-06
1.9709562e-06
1.9701061e-06
1.969228e-06
1.9683204e-06
1.9673816e-06
1.9664096e-06
1.9654026e-06
1.9643583e-06
1.9632745e-06
1.9621486e-06
1.960978e-06
1.9597597e-06
1.9584905e-06
1.980752e-06
1.9801993e-06
1.9796308e-06
1.9790456e-06
1.9784429e-06
1.9778219e-06
1.9771814e-06
1.9765204e-06
1.9758378e-06
1.9751324e-06
1.9744028e-06
1.9736477e-06
1.9728655e-06
1.9720545e-06
1.971213e-06
1.970339e-06
1.9694305e-06
1.9684851e-06
1.9675003e-06
1.9848502e-06
1.9844197e-06
1.983977e-06
1.9835213e-06
1.9830522e-06
1.9825687e-06
1.9820703e-06
1.9815559e-06
1.9810249e-06
1.9804762e-06
1.9799088e-06
1.9793217e-06
1.9787136e-06
1.9780832e-06
1.9774293e-06
1.9767503e-06
1.9760445e-06
1.9753103e-06
1.9745457e-06
1.9880856e-06
1.98775e-06
1.987405e-06
1.98705e-06
1.9866845e-06
1.9863079e-06
1.9859197e-06
1.9855192e-06
1.9851057e-06
1.9846786e-06
1.984237e-06
1.9837801e-06
1.9833069e-06
1.9828166e-06
1.982308e-06
1.98178e-06
1.9812313e-06
1.9806606e-06
1.9800664e-06
1.9906466e-06
1.9903849e-06
1.9901159e-06
1.9898391e-06
1.9895542e-06
1.9892607e-06
1.9889582e-06
1.9886461e-06
1.988324e-06
1.9879913e-06
1.9876473e-06
1.9872915e-06
1.9869232e-06
1.9865414e-06
1.9861456e-06
1.9857347e-06
1.9853078e-06
1.9848638e-06
1.9844017e-06
1.9926829e-06
1.9924787e-06
1.9922688e-06
1.9920529e-06
1.9918307e-06
1.9916018e-06
1.9913659e-06
1.9911225e-06
1.9908714e-06
1.9906121e-06
1.9903441e-06
1.9900668e-06
1.9897798e-06
1.9894825e-06
1.9891742e-06
1.9888542e-06
1.9885218e-06
1.9881762e-06
1.9878165e-06
1.9943059e-06
1.9941466e-06
1.9939827e-06
1.9938142e-06
1.9936408e-06
1.9934622e-06
1.9932782e-06
1.9930884e-06
1.9928926e-06
1.9926904e-06
1.9924814e-06
1.9922653e-06
1.9920416e-06
1.9918098e-06
1.9915696e-06
1.9913203e-06
1.9910614e-06
1.9907922e-06
1.9905121e-06
1.9955767e-06
1.9954524e-06
1.9953246e-06
1.9951931e-06
1.9950579e-06
1.9949186e-06
1.9947751e-06
1.9946271e-06
1.9944744e-06
1.9943168e-06
1.9941539e-06
1.9939855e-06
1.9938112e-06
1.9936306e-06
1.9934435e-06
1.9932493e-06
1.9930477e-06
1.9928381e-06
1.99262e-06
1.9965465e-06
1.9964494e-06
1.9963497e-06
1.9962472e-06
1.9961416e-06
1.996033e-06
1.995921e-06
1.9958056e-06
1.9956866e-06
1.9955637e-06
1.9954367e-06
1.9953054e-06
1.9951695e-06
1.9950289e-06
1.994883e-06
1.9947318e-06
1.9945747e-06
1.9944115e-06
1.9942416e-06
1.9973401e-06
1.9972641e-06
1.997186e-06
1.9971057e-06
1.9970231e-06
1.9969381e-06
1.9968505e-06
1.9967602e-06
1.9966671e-06
1.9965709e-06
1.9964716e-06
1.996369e-06
1.9962627e-06
1.9961528e-06
1.9960388e-06
1.9959206e-06
1.9957979e-06
1.9956703e-06
1.9955377e-06
1.9980353e-06
1.9979759e-06
1.9979148e-06
1.997852e-06
1.9977874e-06
1.997721e-06
1.9976525e-06
1.997582e-06
1.9975092e-06
1.9974341e-06
1.9973566e-06
1.9972764e-06
1.9971935e-06
1.9971077e-06
1.9970187e-06
1.9969265e-06
1.9968308e-06
1.9967313e-06
1.9966279e-06
1.9986319e-06
1.9985859e-06
1.9985386e-06
1.99849e-06
1.9984401e-06
1.9983887e-06
1.9983357e-06
1.9982812e-06
1.9982249e-06
1.9981669e-06
1.9981069e-06
1.998045e-06
1.9979809e-06
1.9979146e-06
1.9978459e-06
1.9977747e-06
1.9977008e-06
1.997624e-06
1.9975441e-06
1.9991369e-06
1.9991014e-06
1.999065e-06
1.9990276e-06
1.9989892e-06
1.9989496e-06
1.9989089e-06
1.9988669e-06
1.9988236e-06
1.998779e-06
1.9987329e-06
1.9986853e-06
1.9986361e-06
1.9985852e-06
1.9985325e-06
1.9984778e-06
1.9984211e-06
1.9983622e-06
1.998301e-06
1.999509e-06
1.9994798e-06
1.9994498e-06
1.9994189e-06
1.9993871e-06
1.9993543e-06
1.9993205e-06
1.9992856e-06
1.9992496e-06
1.9992124e-06
1.9991739e-06
1.999134e-06
1.9990927e-06
1.9990499e-06
1.9990054e-06
1.9989592e-06
2.0003646e-06
2.0003557e-06
2.0003465e-06
2.0003371e-06
2.0003274e-06
2.0003174e-06
2.0003071e-06
2.0002965e-06
2.0002856e-06
2.0002742e-06
2.0002625e-06
2.0002503e-06
2.0002377e-06
2.0002247e-06
2.0002111e-06
2.0001969e-06
2.0006896e-06
2.0006876e-06
2.0006855e-06
2.0006835e-06
2.0006814e-06
2.0006793e-06
2.0006772e-06
2.000675e-06
2.0006728e-06
2.0006706e-06
2.0006683e-06
2.000666e-06
2.0006637e-06
2.0006613e-06
2.0006588e-06
2.0006564e-06
2.0008643e-06
2.0008647e-06
2.0008651e-06
2.0008656e-06
2.0008662e-06
2.0008668e-06
2.0008675e-06
2.0008682e-06
2.000869e-06
2.0008699e-06
2.0008709e-06
2.000872e-06
2.0008731e-06
2.0008744e-06
2.0008758e-06
2.0008772e-06
2.0009945e-06
2.0009962e-06
2.0009981e-06
2.001e-06
2.001002e-06
2.0010041e-06
2.0010063e-06
2.0010087e-06
2.0010112e-06
2.0010138e-06
2.0010166e-06
2.0010196e-06
2.0010227e-06
2.0010259e-06
2.0010294e-06
2.0010331e-06
2.0010969e-06
2.0010994e-06
2.0011021e-06
2.0011049e-06
2.0011078e-06
2.0011109e-06
2.0011141e-06
2.0011175e-06
2.0011211e-06
2.0011248e-06
2.0011287e-06
2.0011329e-06
2.0011372e-06
2.0011418e-06
2.0011466e-06
2.0011517e-06
)
;

boundaryField
{
    bottom
    {
        type            fixedValue;
        value           nonuniform List<scalar> 0();
    }
    back
    {
        type            empty;
    }
    front
    {
        type            empty;
    }
    inlet
    {
        type            zeroGradient;
    }
    outlet
    {
        type            zeroGradient;
    }
    top
    {
        type            zeroGradient;
    }
    slipsurface
    {
        type            slip;
    }
    procBoundary14to0
    {
        type            processor;
        value           nonuniform List<scalar> 
33
(
1.8193653e-06
1.8275039e-06
1.8468377e-06
1.8843249e-06
1.8843249e-06
1.8344474e-06
1.8651815e-06
1.8944062e-06
1.916662e-06
1.9341831e-06
1.9465238e-06
1.9448711e-06
1.9431757e-06
1.9414355e-06
1.9396484e-06
1.9378121e-06
1.9378121e-06
1.9511447e-06
1.9616087e-06
1.9698063e-06
1.9762363e-06
1.9812897e-06
1.9852691e-06
1.9884121e-06
1.9909012e-06
1.9928816e-06
1.9944611e-06
1.9956978e-06
1.996641e-06
1.9974142e-06
1.9980932e-06
1.9986767e-06
1.9991714e-06
)
;
    }
    procBoundary14to1
    {
        type            processor;
        value           nonuniform List<scalar> 9(1.9995919e-06 1.999565e-06 1.9995374e-06 1.9995374e-06 2.0003732e-06 2.0006916e-06 2.000864e-06 2.0009929e-06 2.0010945e-06);
    }
    procBoundary14to7
    {
        type            processor;
        value           nonuniform List<scalar> 9(1.2394877e-05 1.2187046e-05 1.1663502e-05 1.0751861e-05 9.3776534e-06 7.4819481e-06 5.0861242e-06 2.7762854e-06 1.883768e-06);
    }
    procBoundary14to9
    {
        type            processor;
        value           nonuniform List<scalar> 
27
(
1.2636819e-05
1.2914677e-05
1.3185656e-05
1.3450038e-05
1.3708083e-05
1.3960032e-05
1.4206115e-05
1.4446555e-05
1.4681563e-05
1.4911329e-05
1.513603e-05
1.5355838e-05
1.5570919e-05
1.5781424e-05
1.5987491e-05
1.6189245e-05
1.638681e-05
1.6580306e-05
1.676984e-05
1.6955504e-05
1.7137382e-05
1.731556e-05
1.7490119e-05
1.7661126e-05
1.7828633e-05
1.7992688e-05
1.8153342e-05
)
;
    }
    procBoundary14to13
    {
        type            processor;
        value           nonuniform List<scalar> 
16
(
2.0011755e-06
2.0011786e-06
2.0011818e-06
2.0011852e-06
2.0011887e-06
2.0011924e-06
2.0011963e-06
2.0012003e-06
2.0012046e-06
2.001209e-06
2.0012137e-06
2.0012186e-06
2.0012237e-06
2.0012291e-06
2.0012348e-06
2.0012408e-06
)
;
    }
    procBoundary14to15
    {
        type            processor;
        value           nonuniform List<scalar> 
40
(
1.9600829e-05
2.0841942e-05
2.1993271e-05
2.3004226e-05
2.3812479e-05
2.434189e-05
2.4500247e-05
2.4500247e-05
2.5112803e-05
2.5626375e-05
2.4953158e-05
2.3551085e-05
2.1248697e-05
1.7859386e-05
1.3200293e-05
7.0946549e-06
2.6001372e-06
1.9172262e-06
1.9108029e-06
1.9297027e-06
1.9452313e-06
1.9571669e-06
1.9664735e-06
1.9737487e-06
1.9794471e-06
1.9839201e-06
1.9874418e-06
1.9902204e-06
1.9923929e-06
1.9940648e-06
1.9953996e-06
1.9965202e-06
1.9974611e-06
1.9982373e-06
1.9989111e-06
2.0001822e-06
2.0006538e-06
2.0008788e-06
2.001037e-06
2.001157e-06
)
;
    }
}


// ************************************************************************* //
