/*--------------------------------*- C++ -*----------------------------------*\
  =========                 |
  \\      /  F ield         | OpenFOAM: The Open Source CFD Toolbox
   \\    /   O peration     | Website:  https://openfoam.org
    \\  /    A nd           | Version:  12
     \\/     M anipulation  |
\*---------------------------------------------------------------------------*/
FoamFile
{
    format      ascii;
    class       volScalarField;
    location    "1400";
    object      k;
}
// * * * * * * * * * * * * * * * * * * * * * * * * * * * * * * * * * * * * * //

dimensions      [0 2 -2 0 0 0 0];

internalField   nonuniform List<scalar> 
814
(
0.0048983109
0.0048757536
0.0048534006
0.0048312154
0.0048092402
0.0047874942
0.0047659103
0.0047444369
0.0047230968
0.0047019361
0.0046809062
0.004659942
0.0046390428
0.0046182618
0.0045975819
0.0045769346
0.004556295
0.0045357017
0.0045151731
0.0044946568
0.0044741091
0.004453541
0.0044329895
0.0044124182
0.0043917668
0.0043710272
0.0043502472
0.004329405
0.0043084211
0.0042872883
0.0042660536
0.0042446947
0.0042231451
0.0042013855
0.0049480365
0.0049258851
0.0049039121
0.0048820817
0.0048604426
0.0048390173
0.0048177357
0.0047965448
0.0047754712
0.0047545665
0.0047337795
0.0047130421
0.0046923558
0.0046717792
0.0046512948
0.0046308307
0.0046103617
0.0045899306
0.0045695581
0.0045491891
0.0045287782
0.0045083382
0.0044879102
0.0044674553
0.004446911
0.0044262697
0.0044055836
0.0043848304
0.0043639267
0.0043428652
0.0043216973
0.0043004004
0.0042789051
0.0042571921
0.0049864702
0.0049648359
0.0049433487
0.0049219746
0.0049007694
0.004879759
0.0048588696
0.0048380479
0.0048173245
0.004796757
0.0047762911
0.0047558559
0.0047354554
0.0047151546
0.0046949346
0.0046747203
0.0046544868
0.0046342811
0.0046141264
0.0045939647
0.0045737487
0.004553494
0.0045332452
0.0045129615
0.0044925773
0.0044720863
0.0044515453
0.004430931
0.004410157
0.0043892153
0.0043681623
0.0043469745
0.0043255794
0.0043039583
0.0050145018
0.0049935105
0.0049726289
0.0049518259
0.0049311652
0.0049106755
0.0048902795
0.0048699242
0.0048496452
0.0048295059
0.0048094482
0.0047893992
0.0047693661
0.0047494203
0.0047295413
0.0047096505
0.0046897241
0.0046698139
0.004649945
0.0046300565
0.0046100997
0.0045900928
0.0045700847
0.0045500316
0.0045298655
0.0045095813
0.0044892411
0.0044688201
0.004448229
0.0044274594
0.0044065727
0.0043855444
0.0043642987
0.0043428178
0.0050327392
0.005012535
0.0049923956
0.0049722949
0.0049523049
0.0049324567
0.0049126688
0.0048928904
0.0048731627
0.0048535545
0.0048340036
0.0048144356
0.0047948619
0.0047753605
0.0047559084
0.0047364239
0.0047168852
0.0046973487
0.0046778419
0.0046583001
0.0046386738
0.0046189843
0.0045992851
0.0045795288
0.0045596448
0.00453963
0.0045195521
0.0044993843
0.0044790344
0.0044584942
0.0044378302
0.0044170164
0.0043959738
0.0043746855
0.0050415295
0.0050222789
0.0050030393
0.0049837918
0.0049646178
0.0049455496
0.0049265016
0.0049074265
0.0048883724
0.0048694133
0.0048504816
0.0048315026
0.0048124929
0.0047935376
0.0047746102
0.0047556258
0.0047365656
0.0047174918
0.004698433
0.0046793208
0.0046601054
0.0046408119
0.0046214981
0.0046021128
0.0045825826
0.0045629074
0.0045431606
0.0045233127
0.0045032691
0.0044830218
0.004462643
0.0044421047
0.0044213244
0.0044002867
0.0050409721
0.0050228684
0.0050047115
0.0049864925
0.004968303
0.0049501752
0.004932019
0.0049137933
0.004895554
0.0048773798
0.0048591963
0.0048409304
0.004822605
0.0048043126
0.0047860216
0.0047676445
0.0047491669
0.0047306571
0.0047121444
0.0046935561
0.004674843
0.0046560347
0.0046371934
0.0046182629
0.0045991678
0.0045799114
0.0045605733
0.0045411206
0.0045214563
0.0045015734
0.0044815501
0.0044613555
0.0044409037
0.0044201813
0.005030922
0.0050141913
0.0049973308
0.0049803453
0.0049633371
0.0049463364
0.0049292489
0.0049120424
0.004894782
0.0048775501
0.0048602645
0.004842855
0.0048253532
0.0048078584
0.0047903325
0.0047726861
0.0047549109
0.0047370818
0.0047192277
0.0047012714
0.0046831653
0.0046649443
0.0046466749
0.004628295
0.0046097276
0.0045909803
0.0045721395
0.0045531675
0.0045339652
0.0045145277
0.0044949394
0.0044751658
0.0044551172
0.0044347832
0.0050109837
0.0049958924
0.00498058
0.0049650694
0.0049494736
0.0049338189
0.0049180071
0.0049020187
0.0048859291
0.0048698234
0.0048536095
0.0048372237
0.0048207075
0.0048041671
0.0047875556
0.0047707828
0.0047538488
0.0047368353
0.00471977
0.0047025704
0.0046851919
0.0046676759
0.0046500931
0.0046323738
0.0046144402
0.0045963057
0.0045780636
0.0045596701
0.0045410245
0.0045221251
0.0045030626
0.0044837978
0.0044642375
0.0044443749
0.0049804949
0.0049673585
0.0049538928
0.0049401434
0.0049262333
0.0049121827
0.0048978906
0.0048833549
0.0048686621
0.0048538983
0.0048389602
0.004823794
0.0048084534
0.0047930505
0.0047775275
0.0047617951
0.004745864
0.0047298234
0.004713698
0.0046973996
0.0046808889
0.0046642145
0.0046474507
0.004630519
0.004613342
0.00459594
0.0045784137
0.0045607113
0.0045427312
0.0045244761
0.0045060438
0.0044873885
0.004468414
0.004449118
0.0049384967
0.0049276918
0.00491643
0.0049047839
0.004892885
0.0048807443
0.0048682618
0.0048554575
0.0048424293
0.0048292621
0.0048158402
0.0048021251
0.0047881841
0.0047741342
0.0047599037
0.0047454072
0.004730669
0.0047157856
0.0047007765
0.004685548
0.0046700686
0.004654395
0.0046386045
0.0046226078
0.0046063299
0.0045897996
0.0045731248
0.0045562437
0.0045390547
0.0045215671
0.0045038854
0.0044859558
0.0044676792
0.0044490593
0.0048836892
0.0048756685
0.0048670419
0.0048579112
0.0048484127
0.0048385475
0.0048282213
0.0048174822
0.004806438
0.0047951696
0.0047835496
0.0047715608
0.0047592855
0.0047468433
0.0047341461
0.0047211165
0.0047077955
0.0046942861
0.0046806007
0.0046666402
0.0046523839
0.0046378981
0.0046232612
0.0046083717
0.0045931591
0.0045776629
0.0045619977
0.0045460893
0.0045298377
0.0045132604
0.0044964692
0.0044793996
0.0044619507
0.004444134
0.0048143673
0.0048096799
0.004804214
0.0047980985
0.0047914693
0.004784319
0.0047765685
0.0047682973
0.0047596203
0.0047506117
0.0047411354
0.0047312034
0.0047209118
0.00471038
0.0046995017
0.004688214
0.0046765769
0.0046646986
0.0046525815
0.0046401228
0.0046273167
0.0046142389
0.0046009678
0.0045873873
0.0045734354
0.004559164
0.0045446936
0.0045299348
0.0045147912
0.0044992914
0.0044835536
0.0044675003
0.0044510302
0.0044341641
0.0047283325
0.0047276514
0.0047259936
0.0047235033
0.0047203106
0.004716408
0.0047117447
0.0047064315
0.0047005842
0.0046942694
0.0046873499
0.0046798741
0.0046719489
0.0046636893
0.0046549716
0.0046457557
0.004636122
0.0046261809
0.0046159228
0.004605244
0.0045941581
0.0045827498
0.004571095
0.0045590618
0.0045466016
0.0045337803
0.0045207226
0.0045073208
0.004493486
0.0044792599
0.0044647664
0.0044499121
0.0044345972
0.0044188544
0.0046227756
0.0046269364
0.0046298914
0.0046317725
0.0046327049
0.0046327019
0.0046317579
0.0046300026
0.004627546
0.0046244499
0.0046205917
0.0046160599
0.0046109641
0.0046054115
0.0045992666
0.0045925221
0.0045852769
0.00457764
0.0045695885
0.004561023
0.004551981
0.0045425545
0.0045328135
0.0045226106
0.0045119172
0.0045008134
0.0044894262
0.0044776263
0.0044653376
0.0044526171
0.0044395927
0.0044261516
0.0044121995
0.0043977828
0.0044939753
0.0045041857
0.004512759
0.0045199202
0.0045258147
0.0045305181
0.0045340833
0.0045366223
0.0045382386
0.0045390003
0.0045388287
0.0045378405
0.0045361372
0.0045338165
0.004530747
0.0045269622
0.0045225737
0.0045176831
0.0045122564
0.0045062078
0.004499601
0.0044925313
0.0044850595
0.0044770257
0.0044684288
0.0044593627
0.0044499521
0.0044400452
0.0044295852
0.0044186459
0.0044073564
0.0043955817
0.0043832376
0.0043703864
0.0043353477
0.0043535866
0.0043695532
0.0043835636
0.0043958437
0.0044064693
0.0044155405
0.0044232724
0.0044297916
0.0044351949
0.0044394971
0.0044427919
0.0044451671
0.0044467151
0.0044473419
0.0044471201
0.0044461592
0.0044445503
0.0044422567
0.0044392183
0.0044355234
0.0044312633
0.0044264878
0.0044210322
0.0044149311
0.0044082876
0.0044012197
0.0043935538
0.0043852617
0.0043764335
0.004367195
0.0043573871
0.0043469429
0.0043359419
0.0041369509
0.0041661483
0.0041921309
0.0042153438
0.0042361226
0.0042546147
0.0042709593
0.0042854428
0.0042982801
0.0043095948
0.0043193808
0.0043278637
0.004335151
0.0043413423
0.0043464466
0.0043505371
0.0043537025
0.0043560256
0.0043574885
0.0043580709
0.004357872
0.0043569709
0.0043554078
0.0043530305
0.0043499124
0.0043461575
0.0043418719
0.0043368675
0.0043311541
0.0043248341
0.0043180243
0.0043105426
0.0043023483
0.004293538
0.0038833604
0.0039278976
0.0039679364
0.0040040162
0.0040365542
0.0040658158
0.0040920361
0.0041156184
0.0041368939
0.0041560572
0.0041731325
0.0041883806
0.0042020029
0.004214155
0.0042247992
0.0042341304
0.0042422729
0.0042493196
0.0042553132
0.0042602812
0.004264296
0.0042674219
0.004269699
0.0042710194
0.0042714835
0.0042711839
0.0042702113
0.0042683817
0.004265749
0.0042624184
0.004258491
0.004253769
0.0042482482
0.0042420381
0.0035517752
0.0036180441
0.0036780861
0.0037324111
0.0037814909
0.0038258351
0.0038659237
0.0039022759
0.0039352861
0.0039652366
0.0039922365
0.0040166212
0.0040387269
0.0040587976
0.0040768327
0.0040930383
0.00410762
0.0041207389
0.0041324252
0.0041427454
0.00415185
0.0041598142
0.0041666999
0.0041724987
0.0041772848
0.0041811306
0.0041841143
0.0041860954
0.0041871621
0.0041874063
0.0041869089
0.0041854753
0.0041831452
0.0041800311
0.0031119486
0.0032081564
0.0032959058
0.0033755751
0.0034478102
0.003513474
0.0035733288
0.0036278728
0.0036774632
0.0037225354
0.0037634551
0.0038006819
0.003834643
0.0038656567
0.0038938006
0.0039193239
0.0039425611
0.003963776
0.0039830411
0.0040004301
0.0040161384
0.004030321
0.0040430714
0.0040543526
0.004064367
0.0040731968
0.0040809193
0.004087514
0.0040930459
0.0040975785
0.0041011742
0.0041036827
0.0041051797
0.0041057645
0.00410551
0.0041041893
0.004101882
0.004098735
0.0040947042
0.0040896499
0.0025358028
0.0026683316
0.0027900952
0.0029020846
0.0030051182
0.0031000414
0.0031873105
0.0032671129
0.0033398388
0.0034062126
0.0034669208
0.003522499
0.0035733195
0.0036197391
0.0036620652
0.003700697
0.003736082
0.0037685448
0.0037982145
0.003825207
0.0038498061
0.0038722927
0.0038928331
0.0039114062
0.0039282311
0.0039434757
0.003957271
0.0039695346
0.0039804731
0.0039901605
0.0039986547
0.0040059278
0.0040120396
0.0040170578
0.0040210362
0.0040238011
0.0040254629
0.0040261447
0.0040257889
0.0040242837
0.0037068622
0.0037353849
0.00376141
0.003785243
0.0038071059
0.0038269321
0.0038449278
0.0038612494
0.0038760157
0.0038891483
0.0039008447
0.0039111882
0.0039202322
0.0039279374
0.0039343778
0.0039396402
0.0039436778
0.003946427
0.0034708837
0.0035133777
0.0035523458
0.0035882026
0.003621228
0.0036513986
0.0036789374
0.0037041414
0.0037272407
0.0037481827
0.0037671688
0.0037843632
0.0037998761
0.0038136213
0.0038258307
0.0038365866
0.003845906
0.0038537897
0.0031635771
0.0032259141
0.0032834367
0.0033364707
0.0033852461
0.0034299391
0.0034708951
0.003508541
0.0035431846
0.0035748206
0.0036036684
0.0036300342
0.0036541435
0.0036759291
0.0036956392
0.0037134538
0.0037294022
0.0037435281
)
;

boundaryField
{
    bottom
    {
        type            kqRWallFunction;
        value           nonuniform List<scalar> 0();
    }
    back
    {
        type            empty;
    }
    front
    {
        type            empty;
    }
    inlet
    {
        type            fixedValue;
        value           nonuniform List<scalar> 0();
    }
    outlet
    {
        type            zeroGradient;
    }
    top
    {
        type            zeroGradient;
    }
    slipsurface
    {
        type            slip;
    }
    procBoundary9to1
    {
        type            processor;
        value           nonuniform List<scalar> 
21
(
0.0048360932
0.0049211546
0.0049704522
0.0050083414
0.005035696
0.0050531043
0.0050608896
0.0050591223
0.0050476216
0.005025949
0.0049933887
0.004948916
0.0048911497
0.004818284
0.0047279963
0.004617326
0.0044819526
0.0043146024
0.0041041855
0.0038337459
0.0034785225
)
;
    }
    procBoundary9to8
    {
        type            processor;
        value           nonuniform List<scalar> 
32
(
0.0048132291
0.0047905907
0.0047681417
0.0047459183
0.004723936
0.0047021308
0.0046804532
0.0046589224
0.0046375792
0.0046163773
0.0045952547
0.0045742093
0.0045532887
0.0045324764
0.0045117071
0.0044909563
0.0044702591
0.0044496312
0.004429023
0.0044083926
0.0043877492
0.0043671264
0.0043464893
0.0043257805
0.0043049912
0.0042841653
0.0042632814
0.004242264
0.0042211061
0.00419985
0.0041784741
0.0041569145
)
;
    }
    procBoundary9to11
    {
        type            processor;
        value           nonuniform List<scalar> 
32
(
0.0041351518
0.0041794543
0.0042353036
0.0042821573
0.0043211522
0.004353207
0.0043790523
0.0043992548
0.0044142363
0.0044242894
0.004429587
0.0044301903
0.004426051
0.0044170114
0.0044028
0.0043830237
0.0043571544
0.0043245113
0.0042842345
0.0042352511
0.0041762281
0.0041762281
0.0041715
0.0041658808
0.0041595232
0.0041524042
0.0041443721
0.004083657
0.0040217381
0.0039480017
0.0038603086
0.0037559941
)
;
    }
    procBoundary9to12
    {
        type            processor;
        value           nonuniform List<scalar> 
13
(
0.0031429408
0.003203113
0.003258565
0.0033095371
0.0033562093
0.0033989299
0.0034381426
0.0034741564
0.0035069413
0.0035367825
0.0035640359
0.0035888116
0.003611159
)
;
    }
    procBoundary9to14
    {
        type            processor;
        value           nonuniform List<scalar> 
32
(
0.0030068668
0.002392791
0.0018265308
0.0019867021
0.0021401369
0.0022872208
0.002426301
0.0025568923
0.0026774202
0.0027888243
0.0028918088
0.0029871468
0.0030752655
0.0031563824
0.0032307254
0.0032987784
0.0033611919
0.0034185725
0.0034713131
0.0035196825
0.0035639522
0.0036044238
0.0036415082
0.0036755787
0.0036755787
0.0034244744
0.0030958818
0.0027565478
0.0028463176
0.0029297608
0.0030068093
0.0030776861
)
;
    }
}


// ************************************************************************* //
