/*--------------------------------*- C++ -*----------------------------------*\
  =========                 |
  \\      /  F ield         | OpenFOAM: The Open Source CFD Toolbox
   \\    /   O peration     | Website:  https://openfoam.org
    \\  /    A nd           | Version:  12
     \\/     M anipulation  |
\*---------------------------------------------------------------------------*/
FoamFile
{
    format      ascii;
    class       surfaceScalarField;
    location    "1000";
    object      phi;
}
// * * * * * * * * * * * * * * * * * * * * * * * * * * * * * * * * * * * * * //

dimensions      [0 3 -1 0 0 0 0];

internalField   nonuniform List<scalar> 
1574
(
1.9924903e-05
1.0699373e-09
1.9924518e-05
3.1968744e-09
1.9923918e-05
4.8685244e-09
1.992317e-05
5.9573246e-09
1.9922292e-05
6.9275957e-09
1.9921291e-05
7.8572596e-09
1.9920169e-05
8.7910412e-09
1.9918924e-05
9.7727832e-09
1.9917549e-05
1.0837225e-08
1.991603e-05
1.201944e-08
1.9914352e-05
1.3356409e-08
1.9912491e-05
1.490214e-08
1.9910418e-05
1.6718673e-08
1.9908086e-05
1.8928707e-08
1.9905441e-05
2.1627234e-08
1.9902379e-05
2.5216695e-08
1.98988e-05
2.9660239e-08
1.9894389e-05
3.6866223e-08
1.9889043e-05
4.4864646e-08
1.9881376e-05
6.5167759e-08
1.9871697e-05
8.197789e-08
1.9849884e-05
2.0293433e-07
1.9826108e-05
1.8489939e-07
1.9799855e-05
1.7111487e-05
1.9506825e-05
2.9482749e-05
1.8658026e-05
2.1037327e-05
1.7406368e-05
1.4551547e-05
1.6087852e-05
1.0196593e-05
1.489731e-05
7.4246467e-06
1.3885718e-05
5.6796037e-06
1.303503e-05
4.5331558e-06
1.2312265e-05
3.7383376e-06
1.1689095e-05
3.159255e-06
2.7195347e-06
2.2497904e-05
1.2128466e-09
2.2497467e-05
3.6335103e-09
2.2496785e-05
5.5502496e-09
2.2495934e-05
6.808758e-09
2.2494932e-05
7.9295332e-09
2.2493789e-05
9.0001022e-09
2.2492509e-05
1.0071559e-08
2.2491087e-05
1.1194056e-08
2.2489517e-05
1.2407514e-08
2.2487785e-05
1.3751929e-08
2.2485871e-05
1.5269623e-08
2.2483752e-05
1.7021944e-08
2.2481391e-05
1.9079339e-08
2.2478739e-05
2.1580834e-08
2.2475732e-05
2.4634257e-08
2.2472254e-05
2.8694249e-08
2.2468193e-05
3.3721329e-08
2.2463192e-05
4.1866907e-08
2.2457135e-05
5.0922004e-08
2.244846e-05
7.3843031e-08
2.2437506e-05
9.2931247e-08
2.2413707e-05
2.2673393e-07
2.2385996e-05
2.1260992e-07
2.2394012e-05
1.7103471e-05
2.2249101e-05
2.9627661e-05
2.1660228e-05
2.1626199e-05
2.06569e-05
1.5554875e-05
1.9459943e-05
1.1393549e-05
1.8267903e-05
8.6166867e-06
1.7181981e-05
6.7655259e-06
1.6226791e-05
5.4883459e-06
1.539225e-05
4.5728787e-06
1.4659513e-05
3.8919918e-06
3.368088e-06
2.5406175e-05
1.3745263e-09
2.540568e-05
4.1284173e-09
2.5404906e-05
6.3246246e-09
2.5403937e-05
7.7777077e-09
2.5402795e-05
9.0710689e-09
2.5401492e-05
1.0302964e-08
2.5400032e-05
1.1531685e-08
2.5398412e-05
1.2814555e-08
2.5396622e-05
1.4197399e-08
2.5394648e-05
1.5725817e-08
2.539247e-05
1.7448211e-08
2.5390057e-05
1.9434256e-08
2.5387373e-05
2.1763932e-08
2.5384359e-05
2.4594735e-08
2.5380944e-05
2.8049054e-08
2.5376998e-05
3.2640419e-08
2.5372392e-05
3.8326671e-08
2.5366726e-05
4.7532944e-08
2.5359866e-05
5.7782513e-08
2.5350052e-05
8.3656512e-08
2.5337659e-05
1.0532426e-07
2.5311666e-05
2.5272718e-07
2.5279536e-05
2.4473967e-07
2.5312197e-05
1.707081e-05
2.5272746e-05
2.9667112e-05
2.4907733e-05
2.1991212e-05
2.4186397e-05
1.6276211e-05
2.3198949e-05
1.2380997e-05
2.2102854e-05
9.7127818e-06
2.1018167e-05
7.8502135e-06
2.0006084e-05
6.5004285e-06
1.9085819e-05
5.4931438e-06
1.8255685e-05
4.7221252e-06
4.1170483e-06
2.8693056e-05
1.5574164e-09
2.8692495e-05
4.6891682e-09
2.8691616e-05
7.2037093e-09
2.8690515e-05
8.8794918e-09
2.8689215e-05
1.0370383e-08
2.8687732e-05
1.1786641e-08
2.8686069e-05
1.3194702e-08
2.8684223e-05
1.4660041e-08
2.8682185e-05
1.6235207e-08
2.8679939e-05
1.7972185e-08
2.8677461e-05
1.9926288e-08
2.8674718e-05
2.217664e-08
2.8671668e-05
2.4814028e-08
2.8668246e-05
2.8016832e-08
2.8664371e-05
3.1923957e-08
2.8659896e-05
3.7115357e-08
2.8654677e-05
4.3546219e-08
2.864826e-05
5.3949775e-08
2.8640493e-05
6.5549815e-08
2.8629395e-05
9.475386e-08
2.8615375e-05
1.1934459e-07
2.8586814e-05
2.8128832e-07
2.8549792e-05
2.8176114e-07
2.8598037e-05
1.7022566e-05
2.8627491e-05
2.9637658e-05
2.8432758e-05
2.2185945e-05
2.7977326e-05
1.6731643e-05
2.7251429e-05
1.3106895e-05
2.6343923e-05
1.0620288e-05
2.5356243e-05
8.8378933e-06
2.4364685e-05
7.491987e-06
2.3413388e-05
6.4444402e-06
2.252163e-05
5.613884e-06
4.9443595e-06
3.2407529e-05
1.764271e-09
3.2406894e-05
5.3243061e-09
3.2405897e-05
8.2011122e-09
3.2404645e-05
1.0131413e-08
3.2403167e-05
1.1848028e-08
3.2401479e-05
1.347466e-08
3.2399587e-05
1.5086962e-08
3.2397487e-05
1.6759676e-08
3.2395169e-05
1.8553015e-08
3.2392615e-05
2.0526227e-08
3.2389799e-05
2.2742486e-08
3.2386684e-05
2.5291626e-08
3.2383222e-05
2.8276691e-08
3.2379339e-05
3.1899662e-08
3.2374944e-05
3.631819e-08
3.2369873e-05
4.2187105e-08
3.236396e-05
4.9459104e-08
3.2356696e-05
6.1213916e-08
3.2347904e-05
7.4341189e-08
3.2335359e-05
1.0729889e-07
3.2319498e-05
1.3520542e-07
3.2287821e-05
3.1296625e-07
3.2245378e-05
3.2420384e-07
3.2305064e-05
1.696288e-05
3.2376187e-05
2.9566536e-05
3.2289182e-05
2.2272949e-05
3.2042851e-05
1.6977974e-05
3.1581687e-05
1.3568059e-05
3.0921387e-05
1.1280588e-05
3.0120462e-05
9.6388184e-06
2.9243189e-05
8.3692597e-06
2.8342286e-05
7.3453437e-06
2.745288e-05
6.5032899e-06
5.8024181e-06
3.6604948e-05
1.9982005e-09
3.6604229e-05
6.0434692e-09
3.6603098e-05
9.3321891e-09
3.6601676e-05
1.1553014e-08
3.6599997e-05
1.352724e-08
3.6598078e-05
1.5393639e-08
3.6595927e-05
1.7238295e-08
3.659354e-05
1.9146487e-08
3.6590906e-05
2.1187152e-08
3.6588004e-05
2.3427808e-08
3.6584806e-05
2.594056e-08
3.658127e-05
2.8827383e-08
3.6577342e-05
3.2205217e-08
3.6572939e-05
3.6302708e-08
3.6567958e-05
4.1298788e-08
3.6562213e-05
4.7932645e-08
3.6555517e-05
5.6154855e-08
3.6547296e-05
6.943441e-08
3.6537348e-05
8.4289353e-08
3.6523171e-05
1.2147589e-07
3.6505228e-05
1.5314862e-07
3.6469887e-05
3.4830741e-07
3.6421271e-05
3.7281934e-07
3.6486926e-05
1.6897225e-05
3.6584109e-05
2.9469353e-05
3.6562458e-05
2.22946e-05
3.6451792e-05
1.7088639e-05
3.6204883e-05
1.3814968e-05
3.5793105e-05
1.1692366e-05
3.5229726e-05
1.0202198e-05
3.4547421e-05
9.0515641e-06
3.3786587e-05
8.1061782e-06
3.2984157e-05
7.3057198e-06
6.6181236e-06
4.1347864e-05
2.2627183e-09
4.134705e-05
6.8575324e-09
4.1345768e-05
1.0614267e-08
4.1344155e-05
1.3166368e-08
4.1342248e-05
1.543428e-08
4.1340068e-05
1.7573683e-08
4.1337624e-05
1.9682457e-08
4.1334912e-05
2.1857856e-08
4.1331921e-05
2.417875e-08
4.1328627e-05
2.6722066e-08
4.1324997e-05
2.9570054e-08
4.1320986e-05
3.2838451e-08
4.1316531e-05
3.6659941e-08
4.1311541e-05
4.1293292e-08
4.1305898e-05
4.694161e-08
4.1299391e-05
5.4439052e-08
4.1291812e-05
6.3734743e-08
4.1282512e-05
7.8734422e-08
4.1271256e-05
9.5544463e-08
4.125524e-05
1.3749211e-07
4.123494e-05
1.7344838e-07
4.1195376e-05
3.8787182e-07
4.1139628e-05
4.2856777e-07
4.1211405e-05
1.6825447e-05
4.1326059e-05
2.9354699e-05
4.1336433e-05
2.2284226e-05
4.1296475e-05
1.7128598e-05
4.1191164e-05
1.3920278e-05
4.0979468e-05
1.1904062e-05
4.0646906e-05
1.053476e-05
4.0194836e-05
9.5036345e-06
3.9639356e-05
8.6616584e-06
3.9004209e-05
7.9408663e-06
7.3082237e-06
4.6706958e-05
2.5617945e-09
4.6706037e-05
7.7787664e-09
4.6704584e-05
1.2066892e-08
4.6702754e-05
1.4996388e-08
4.670059e-05
1.7598816e-08
4.6698114e-05
2.004882e-08
4.6695339e-05
2.2457621e-08
4.6692261e-05
2.4936074e-08
4.6688865e-05
2.757435e-08
4.6685127e-05
3.0460079e-08
4.668101e-05
3.3687034e-08
4.6676462e-05
3.7386539e-08
4.6671413e-05
4.1709126e-08
4.6665759e-05
4.694757e-08
4.6659368e-05
5.3332451e-08
4.6652002e-05
6.180477e-08
4.6643424e-05
7.2313262e-08
4.6632905e-05
8.9252994e-08
4.6620173e-05
1.0827633e-07
4.6602085e-05
1.5558043e-07
4.6579118e-05
1.964157e-07
4.6534742e-05
4.3224762e-07
4.647071e-05
4.9259989e-07
4.65498e-05
1.6746357e-05
4.6680703e-05
2.9223796e-05
4.6705164e-05
2.2259765e-05
4.6689875e-05
1.7143887e-05
4.6655188e-05
1.3954965e-05
4.6571597e-05
1.1987653e-05
4.6415894e-05
1.0690463e-05
4.617165e-05
9.7478791e-06
4.583427e-05
8.9990385e-06
4.5408959e-05
8.3661768e-06
7.8098894e-06
5.2762092e-05
2.8999165e-09
5.2761049e-05
8.8210183e-09
5.2759404e-05
1.3712115e-08
5.2757329e-05
1.7071196e-08
5.2754874e-05
2.0054345e-08
5.2752065e-05
2.2857495e-08
5.2748916e-05
2.5606936e-08
5.2745423e-05
2.8428955e-08
5.2741571e-05
3.1426583e-08
5.2737331e-05
3.4699613e-08
5.2732663e-05
3.8354904e-08
5.2727508e-05
4.2541435e-08
5.2721788e-05
4.7429963e-08
5.2715384e-05
5.3351643e-08
5.2708148e-05
6.0568304e-08
5.2699811e-05
7.0141036e-08
5.2690105e-05
8.2019806e-08
5.2678211e-05
1.0114701e-07
5.266381e-05
1.2267694e-07
5.2643388e-05
1.7600233e-07
5.2617401e-05
2.2240318e-07
5.2567584e-05
4.8206406e-07
5.2493924e-05
5.662603e-07
5.2581656e-05
1.6658625e-05
5.2729413e-05
2.9076039e-05
5.276304e-05
2.2226138e-05
5.2754781e-05
1.7152145e-05
5.274184e-05
1.3967906e-05
5.2713722e-05
1.2015771e-05
5.2659977e-05
1.0744208e-05
5.2561465e-05
9.8463907e-06
5.2401859e-05
9.1586449e-06
5.2173004e-05
8.5950316e-06
8.1095162e-06
5.9603501e-05
3.2821583e-09
5.9602322e-05
9.9999145e-09
5.9600459e-05
1.5574806e-08
5.9598108e-05
1.9422521e-08
5.9595323e-05
2.2838677e-08
5.9592138e-05
2.6043121e-08
5.9588566e-05
2.9179141e-08
5.9584604e-05
3.2390528e-08
5.9580236e-05
3.5794927e-08
5.9575429e-05
3.9505959e-08
5.9570139e-05
4.3645333e-08
5.9564298e-05
4.8382021e-08
5.9557819e-05
5.3909696e-08
5.9550567e-05
6.0602812e-08
5.9542377e-05
6.8758765e-08
5.9532944e-05
7.9573492e-08
5.9521964e-05
9.3000547e-08
5.9508517e-05
1.1459339e-07
5.9492231e-05
1.3896324e-07
5.9469182e-05
1.9905112e-07
5.9439776e-05
2.5180925e-07
5.9383838e-05
5.3800236e-07
5.9298993e-05
6.5110534e-07
5.9396786e-05
1.6560832e-05
5.9562473e-05
2.8910353e-05
5.960402e-05
2.2184591e-05
5.9599551e-05
1.7156614e-05
5.9592418e-05
1.3975039e-05
5.9579211e-05
1.2028978e-05
5.955946e-05
1.0763959e-05
5.952808e-05
9.8777714e-06
5.9474887e-05
9.211838e-06
5.9386678e-05
8.6832402e-06
8.2439165e-06
6.7333138e-05
3.7142592e-09
6.7331804e-05
1.1333092e-08
6.7329696e-05
1.768302e-08
6.7327033e-05
2.2086157e-08
6.7323877e-05
2.5994472e-08
6.7320265e-05
2.9654696e-08
6.7316215e-05
3.3229271e-08
6.7311724e-05
3.6881813e-08
6.7306772e-05
4.0746574e-08
6.7301325e-05
4.4952879e-08
6.7295331e-05
4.9639293e-08
6.7288716e-05
5.4997414e-08
6.7281379e-05
6.1246887e-08
6.7273171e-05
6.8810986e-08
6.7263902e-05
7.8027624e-08
6.7253231e-05
9.0243986e-08
6.7240811e-05
1.0542054e-07
6.7225613e-05
1.2979152e-07
6.7207196e-05
1.5738029e-07
6.7181192e-05
2.2505559e-07
6.7147917e-05
2.8508347e-07
6.7085113e-05
6.0080624e-07
6.6987306e-05
7.4891227e-07
6.7096673e-05
1.6451465e-05
6.7281216e-05
2.872581e-05
6.7330541e-05
2.2135267e-05
6.733074e-05
1.7156415e-05
6.7325435e-05
1.3980344e-05
6.7316392e-05
1.2038021e-05
6.7305556e-05
1.0774794e-05
6.7291868e-05
9.8914599e-06
6.7273012e-05
9.2306942e-06
6.7245335e-05
8.7109168e-06
8.286232e-06
7.6066192e-05
4.2027133e-09
7.6064684e-05
1.2840457e-08
7.6062299e-05
2.0068399e-08
7.6059283e-05
2.5102479e-08
7.6055707e-05
2.9569851e-08
7.6051614e-05
3.3747504e-08
7.6047024e-05
3.7819436e-08
7.6041934e-05
4.1971695e-08
7.6036324e-05
4.6357388e-08
7.6030153e-05
5.1123669e-08
7.6023364e-05
5.6428226e-08
7.6015873e-05
6.248826e-08
7.6007567e-05
6.9552847e-08
7.5998278e-05
7.8100276e-08
7.5987791e-05
8.8514656e-08
7.5975722e-05
1.023126e-07
7.5961677e-05
1.1946612e-07
7.5944502e-05
1.4696598e-07
7.5923678e-05
1.7820476e-07
7.5894349e-05
2.5438377e-07
7.58567e-05
3.2273278e-07
7.5786212e-05
6.7129449e-07
7.5673452e-05
8.6167234e-07
7.5795947e-05
1.632897e-05
7.6000618e-05
2.8521138e-05
7.6058039e-05
2.2077846e-05
7.6064318e-05
1.7150136e-05
7.6059853e-05
1.3984809e-05
7.6052212e-05
1.2045662e-05
7.6044231e-05
1.0782775e-05
7.6035697e-05
9.8999942e-06
7.6025876e-05
9.240515e-06
7.6013792e-05
8.7230008e-06
8.3020118e-06
8.5932805e-05
4.7548714e-09
8.5931101e-05
1.4544484e-08
8.5928403e-05
2.2766636e-08
8.5924989e-05
2.8517034e-08
8.5920939e-05
3.361909e-08
8.5916303e-05
3.8383907e-08
8.5911103e-05
4.3019714e-08
8.5905336e-05
4.7737915e-08
8.5898981e-05
5.2713e-08
8.5891992e-05
5.8112361e-08
8.5884305e-05
6.411537e-08
8.5875825e-05
7.0968189e-08
8.5866425e-05
7.8953241e-08
8.5855914e-05
8.8610778e-08
8.5844051e-05
1.0037763e-07
8.5830404e-05
1.1595994e-07
8.5814523e-05
1.3534752e-07
8.5795119e-05
1.6636958e-07
8.5771575e-05
2.0174882e-07
8.5738512e-05
2.8744707e-07
8.5695917e-05
3.653272e-07
8.5616836e-05
7.5037553e-07
8.5486951e-05
9.9155741e-07
8.5624105e-05
1.6191816e-05
8.5850864e-05
2.8294379e-05
8.5916693e-05
2.2012017e-05
8.593034e-05
1.7136489e-05
8.5926803e-05
1.3988346e-05
8.5919713e-05
1.2052752e-05
8.5912851e-05
1.0789637e-05
8.5906279e-05
9.9065661e-06
8.5899593e-05
9.2472012e-06
8.5892352e-05
8.7302418e-06
8.3103569e-06
9.7080014e-05
5.3790577e-09
9.7078088e-05
1.6470543e-08
9.7075036e-05
2.5818002e-08
9.7071172e-05
3.2381206e-08
9.7066588e-05
3.8203398e-08
9.7061337e-05
4.3634232e-08
9.7055448e-05
4.8909151e-08
9.7048918e-05
5.4268178e-08
9.7041721e-05
5.9910038e-08
9.7033808e-05
6.6025072e-08
9.7025106e-05
7.281724e-08
9.7015509e-05
8.0565445e-08
9.7004872e-05
8.9589901e-08
9.6992982e-05
1.0050059e-07
9.6979565e-05
1.1379458e-07
9.6964136e-05
1.3138964e-07
9.6946181e-05
1.5330185e-07
9.6924264e-05
1.8828661e-07
9.6897649e-05
2.2836443e-07
9.6860391e-05
3.2470472e-07
9.6812213e-05
4.1350534e-07
9.6723524e-05
8.3906437e-07
9.6574244e-05
1.1408379e-06
9.6727515e-05
1.6038545e-05
9.6979343e-05
2.8042551e-05
9.7054022e-05
2.1937338e-05
9.7075524e-05
1.7114987e-05
9.7073393e-05
1.3990478e-05
9.7066649e-05
1.2059496e-05
9.7060331e-05
1.0795955e-05
9.7054731e-05
9.9121664e-06
9.7049527e-05
9.2524048e-06
9.7044363e-05
8.7354064e-06
8.3158417e-06
0.00010967394
6.0847019e-09
0.00010967176
1.8647284e-08
0.00010966831
2.9267937e-08
0.00010966394
3.6752969e-08
0.00010965875
4.3391813e-08
0.0001096528
4.9577789e-08
0.00010964614
5.5576894e-08
0.00010963874
6.1661411e-08
0.0001096306
6.8057506e-08
0.00010962164
7.498153e-08
0.00010961179
8.2665304e-08
0.00010960093
9.1424737e-08
0.0001095889
1.0162286e-07
0.00010957545
1.1394805e-07
0.00010956028
1.289663e-07
0.00010954284
1.4883124e-07
0.00010952254
1.7359642e-07
0.00010949779
2.1303658e-07
0.00010946771
2.5844799e-07
0.00010942575
3.6666839e-07
0.00010937127
4.6797916e-07
0.00010927184
9.3850004e-07
0.00010910083
1.3118486e-06
0.00010927167
1.5867697e-05
0.00010955292
2.7761305e-05
0.00010963704
2.1853224e-05
0.00010966573
1.7086297e-05
0.0001096656
1.3990602e-05
0.00010965932
1.2065772e-05
0.0001096534
1.080188e-05
0.00010964842
9.9171462e-06
0.00010964413
9.2566937e-06
0.00010964019
8.7393494e-06
8.3197757e-06
0.00012390225
6.8824904e-09
0.00012389979
2.1107057e-08
0.00012389589
3.3167719e-08
0.00012389094
4.1697756e-08
0.00012388507
4.9262206e-08
0.00012387835
5.6304019e-08
0.0001238708
6.3123476e-08
0.00012386243
7.0029188e-08
0.00012385321
7.7278356e-08
0.00012384308
8.5116791e-08
0.00012383193
9.3807872e-08
0.00012381965
1.037093e-07
0.00012380604
1.1523262e-07
0.00012379083
1.291543e-07
0.00012377368
1.4611921e-07
0.00012375397
1.6854329e-07
0.00012373103
1.9653237e-07
0.00012370309
2.409781e-07
0.00012366909
2.9244536e-07
0.00012362186
4.1390703e-07
0.0001235603
5.2953705e-07
0.00012344885
1.0499489e-06
0.00012325368
1.5070185e-06
0.0001234436
1.5677781e-05
0.00012375925
2.7445648e-05
0.00012385426
2.1758219e-05
0.00012388938
1.7051173e-05
0.00012389117
1.3988814e-05
0.00012388553
1.2071412e-05
0.00012388005
1.080736e-05
0.0001238756
9.9215918e-06
0.00012387202
9.2602783e-06
0.00012386897
8.7423959e-06
8.3226303e-06
0.00013997699
7.7845383e-09
0.00013997421
2.3886395e-08
0.0001399698
3.7575227e-08
0.00013996421
4.7289428e-08
0.00013995757
5.590244e-08
0.00013994996
6.3913799e-08
0.00013994142
7.1662269e-08
0.00013993195
7.9497332e-08
0.00013992152
8.7711254e-08
0.00013991005
9.6583181e-08
0.00013989745
1.0641222e-07
0.00013988355
1.1760325e-07
0.00013986816
1.3062276e-07
0.00013985097
1.4634608e-07
0.00013983158
1.655085e-07
0.00013980931
1.9081692e-07
0.00013978339
2.2244871e-07
0.00013975186
2.7251315e-07
0.00013971344
3.3085729e-07
0.0001396603
4.6705157e-07
0.00013959079
5.9904416e-07
0.00013946597
1.1747734e-06
0.00013924428
1.728707e-06
0.0001394544
1.5467659e-05
0.00013980943
2.7090622e-05
0.00013991791
2.1649731e-05
0.00013995958
1.7009505e-05
0.00013996269
1.3985707e-05
0.00013995765
1.2076451e-05
0.0001399527
1.0812308e-05
0.00013994882
9.9254704e-06
0.00013994589
9.2632165e-06
0.0001399436
8.7446782e-06
8.3246099e-06
0.0001581377
8.8045863e-09
0.00015813456
2.7026558e-08
0.00015812958
4.2555798e-08
0.00015812326
5.3611387e-08
0.00015811575
6.3411668e-08
0.00015810714
7.2520926e-08
0.00015809748
8.1321145e-08
0.00015808677
9.0207745e-08
0.00015807497
9.9512579e-08
0.000158062
1.0955248e-07
0.00015804775
1.2066697e-07
0.00015803204
1.3331416e-07
0.00015801464
1.4802276e-07
0.0001579952
1.657789e-07
0.00015797329
1.8742162e-07
0.00015794813
2.1597957e-07
0.00015791885
2.5172674e-07
0.00015788327
3.0809149e-07
0.00015783988
3.7424519e-07
0.00015778014
5.2679883e-07
0.00015770174
6.7743858e-07
0.00015756212
1.3143924e-06
0.00015731167
1.9791633e-06
0.00015754258
1.5236743e-05
0.00015794211
2.6691097e-05
0.00015806728
2.1524559e-05
0.0001581164
1.6960388e-05
0.00015812051
1.3981598e-05
0.00015811593
1.2081033e-05
0.00015811159
1.0816639e-05
0.00015810834
9.9287229e-06
0.00015810604
9.265517e-06
0.00015810446
8.746263e-06
8.3258292e-06
0.00017865503
9.9582267e-09
0.00017865148
3.0574141e-08
0.00017864585
4.818319e-08
0.00017863871
6.0757829e-08
0.00017863022
7.1901816e-08
0.00017862048
8.2253801e-08
0.00017860956
9.2244341e-08
0.00017859745
1.0232047e-07
0.0001785841
1.1285868e-07
0.00017856943
1.2421839e-07
0.00017855332
1.3678482e-07
0.00017853556
1.5107604e-07
0.00017851589
1.6769125e-07
0.00017849393
1.8774056e-07
0.00017846916
2.1218217e-07
0.00017844074
2.443993e-07
0.00017840768
2.8479482e-07
0.00017836755
3.4821515e-07
0.00017831856
4.2323758e-07
0.00017825145
5.939127e-07
0.00017816316
7.6572299e-07
0.00017800738
1.4701745e-06
0.00017772628
2.2602613e-06
0.00017797794
1.4985086e-05
0.00017842741
2.6241627e-05
0.00017857277
2.1379201e-05
0.00017863081
1.690234e-05
0.00017863632
1.3976092e-05
0.0001786321
1.208525e-05
0.00017862849
1.0820248e-05
0.00017862589
9.9313295e-06
0.00017862418
9.2672227e-06
0.00017862321
8.7472339e-06
8.3264025e-06
0.00020183472
1.1263161e-08
0.00020183071
3.4581764e-08
0.00020182435
5.4540671e-08
0.00020181628
6.883516e-08
0.00020180668
8.1499261e-08
0.00020179568
9.3257338e-08
0.00020178333
1.0459459e-07
0.00020176963
1.1601602e-07
0.00020175454
1.2794845e-07
0.00020173796
1.4079934e-07
0.00020171974
1.5500553e-07
0.00020169966
1.7115262e-07
0.00020167743
1.8991957e-07
0.00020165262
2.1255502e-07
0.00020162465
2.4015414e-07
0.00020159256
2.7648925e-07
0.00020155522
3.221335e-07
0.00020150999
3.9344261e-07
0.00020145469
4.7853768e-07
0.00020137939
6.6921669e-07
0.00020128015
8.6496329e-07
0.00020110724
1.6430868e-06
0.00020079449
2.5730078e-06
0.00020106604
1.471353e-05
0.00020157122
2.5736448e-05
0.0002017407
2.1209723e-05
0.00020180952
1.6833521e-05
0.00020181748
1.3968135e-05
0.00020181371
1.208902e-05
0.00020181085
1.0823108e-05
0.0002018088
9.9333816e-06
0.00020180754
9.2684812e-06
0.00020180701
8.7477579e-06
8.3265063e-06
0.00022802221
1.2739497e-08
0.00022801768
3.9108843e-08
0.0002280105
6.1722246e-08
0.00022800137
7.7963598e-08
0.00022799053
9.2346725e-08
0.00022797809
1.0569512e-07
0.00022796413
1.1855554e-07
0.00022794864
1.3149806e-07
0.00022793159
1.4500619e-07
0.00022791284
1.5954157e-07
0.00022789225
1.7559933e-07
0.00022786956
1.9384101e-07
0.00022784445
2.1503576e-07
0.00022781641
2.4058671e-07
0.00022778482
2.7174657e-07
0.0002277486
3.1271249e-07
0.00022770645
3.6428083e-07
0.0002276555
4.4439263e-07
0.00022759311
5.4093293e-07
0.00022750876
7.5356373e-07
0.00022739735
9.7637698e-07
0.00022720729
1.8331418e-06
0.00022686378
2.9165203e-06
0.00022715357
1.4423736e-05
0.00022772013
2.5169888e-05
0.00022791824
2.1011611e-05
0.00022799991
1.6751858e-05
0.00022801167
1.3956374e-05
0.00022800855
1.2092134e-05
0.00022800628
1.0825379e-05
0.0002280045
9.9351587e-06
0.00022800339
9.2695997e-06
0.00022800301
8.74813e-06
8.3264169e-06
0.00025760775
1.4410089e-08
0.00025760264
4.4222466e-08
0.00025759452
6.9834027e-08
0.00025758421
8.8278973e-08
0.00025757195
1.0460541e-07
0.00025755789
1.1975185e-07
0.00025754211
1.3433445e-07
0.00025752462
1.4899633e-07
0.00025750534
1.6428485e-07
0.00025748416
1.8072271e-07
0.00025746088
1.9887073e-07
0.00025743525
2.1947579e-07
0.00025740688
2.4340896e-07
0.00025737522
2.7224521e-07
0.00025733955
3.0741847e-07
0.00025729867
3.5358715e-07
0.00025725112
4.1183756e-07
0.00025719376
5.0174778e-07
0.00025712339
6.1130332e-07
0.00025702918
8.4776881e-07
0.00025690355
1.1020117e-06
0.0002566973
2.0393939e-06
0.00025632744
3.2863805e-06
0.00025663326
1.4117914e-05
0.00025726592
2.4537231e-05
0.00025749767
2.0779862e-05
0.00025759462
1.6654902e-05
0.00025761187
1.3939128e-05
0.00025760956
1.2094445e-05
0.00025760739
1.0827547e-05
0.00025760541
9.9371413e-06
0.00025760398
9.2710293e-06
0.00025760335
8.7487589e-06
8.3265014e-06
0.00029103223
1.6300933e-08
0.00029102645
4.9998371e-08
0.00029101729
7.8995781e-08
0.00029100564
9.9934753e-08
0.00029099178
1.1845738e-07
0.0002909759
1.3563606e-07
0.00029095807
1.5216524e-07
0.0002909383
1.6877005e-07
0.00029091651
1.8606971e-07
0.00029089258
2.0465567e-07
0.00029086629
2.2516276e-07
0.00029083733
2.4843353e-07
0.00029080528
2.7545417e-07
0.00029076954
3.0799027e-07
0.00029072927
3.476841e-07
0.00029068317
3.9969164e-07
0.00029062953
4.654718e-07
0.00029056502
5.6625924e-07
0.00029048571
6.9061029e-07
0.0002903808
9.5268459e-07
0.00029023905
1.2437569e-06
0.00029001717
2.2612748e-06
0.00028962688
3.6766732e-06
0.00028994602
1.379877e-05
0.00029064869
2.3834568e-05
0.00029092196
2.0506589e-05
0.00029103698
1.6539878e-05
0.00029105986
1.3916251e-05
0.00029105889
1.2095417e-05
0.00029105667
1.082977e-05
0.00029105406
9.939749e-06
0.00029105187
9.2732174e-06
0.00029105057
8.7500562e-06
8.3271335e-06
0.00032879375
0.00032878723
0.00032877688
0.00032876371
0.00032874806
0.00032873011
0.00032870997
0.00032868763
0.00032866301
0.00032863598
0.00032860628
0.00032857357
0.00032853739
0.00032849704
0.00032845161
0.00032839963
0.00032833918
0.00032826669
0.00032817742
0.00032806086
0.00032790154
0.00032766393
0.0003272599
0.00032758929
0.00032836467
0.00032868746
0.00032882527
0.00032885571
0.00032885517
0.00032885234
0.00032884895
0.0003288459
0.00032884377
)
;

boundaryField
{
    bottom
    {
        type            calculated;
        value           nonuniform List<scalar> 0();
    }
    back
    {
        type            empty;
    }
    front
    {
        type            empty;
    }
    inlet
    {
        type            calculated;
        value           nonuniform List<scalar> 
24
(
-1.9925029e-05
-2.2498047e-05
-2.5406337e-05
-2.8693239e-05
-3.2407736e-05
-3.6605182e-05
-4.1348129e-05
-4.6707257e-05
-5.276243e-05
-5.9603883e-05
-6.733357e-05
-7.606668e-05
-8.5933358e-05
-9.7080638e-05
-0.00010967464
-0.00012390305
-0.00013997789
-0.00015813872
-0.00017865618
-0.00020183603
-0.00022802369
-0.00025760942
-0.00029103412
-0.00032879589
)
;
    }
    outlet
    {
        type            calculated;
        value           nonuniform List<scalar> 0();
    }
    top
    {
        type            calculated;
        value           nonuniform List<scalar> 0();
    }
    slipsurface
    {
        type            calculated;
        value           nonuniform List<scalar> 0();
    }
    procBoundary14to5
    {
        type            processor;
        value           nonuniform List<scalar> 
34
(
1.8441434e-08
5.6521903e-08
8.934269e-08
1.1310437e-07
1.3410817e-07
1.5358299e-07
1.7231195e-07
1.9111158e-07
2.1068265e-07
2.3169295e-07
2.5486168e-07
2.8113796e-07
3.1163749e-07
3.4833731e-07
3.9311838e-07
4.5166976e-07
5.259224e-07
6.3875157e-07
7.7987615e-07
1.0692457e-06
1.403079e-06
2.4988815e-06
4.0807001e-06
1.3469389e-05
2.305918e-05
2.0183798e-05
1.6402073e-05
1.3885815e-05
1.2095957e-05
1.0832597e-05
9.9431412e-06
9.2762673e-06
8.752183e-06
8.3285226e-06
)
;
    }
    procBoundary14to12
    {
        type            processor;
        value           nonuniform List<scalar> 
24
(
1.114458e-05
1.401096e-05
1.7506725e-05
2.1694318e-05
2.6594821e-05
3.2168451e-05
3.8314109e-05
4.4907293e-05
5.1873377e-05
5.9252278e-05
6.7203019e-05
7.5998012e-05
8.5884007e-05
9.7038878e-05
0.00010963625
0.00012386612
0.00013994162
0.00015810324
0.00017862264
0.00020180691
0.0002280031
0.00025760326
0.00029104994
0.00032884238
)
;
    }
    procBoundary14to15
    {
        type            processor;
        value           nonuniform List<scalar> 
34
(
-9.436231e-10
-2.8118267e-09
-4.2688551e-09
-5.2099385e-09
-6.0491119e-09
-6.8559234e-09
-7.6695296e-09
-8.5279011e-09
-9.461551e-09
-1.0500771e-08
-1.167835e-08
-1.3041597e-08
-1.4645052e-08
-1.659721e-08
-1.8981599e-08
-2.2154417e-08
-2.6081392e-08
-3.2455075e-08
-3.9518703e-08
-5.7500897e-08
-7.229894e-08
-1.8112126e-07
-1.6112261e-07
-1.7085234e-05
-2.9189719e-05
-2.0188528e-05
-1.3299889e-05
-8.8780767e-06
-6.234105e-06
-4.668012e-06
-3.6824676e-06
-3.015573e-06
-2.5360849e-06
-2.1750202e-06
)
;
    }
}


// ************************************************************************* //
