/*--------------------------------*- C++ -*----------------------------------*\
  =========                 |
  \\      /  F ield         | OpenFOAM: The Open Source CFD Toolbox
   \\    /   O peration     | Website:  https://openfoam.org
    \\  /    A nd           | Version:  12
     \\/     M anipulation  |
\*---------------------------------------------------------------------------*/
FoamFile
{
    format      ascii;
    class       volVectorField;
    location    "800";
    object      wallShearStress;
}
// * * * * * * * * * * * * * * * * * * * * * * * * * * * * * * * * * * * * * //

dimensions      [0 2 -2 0 0 0 0];

internalField   uniform (0 0 0);

boundaryField
{
    inlet
    {
        type            calculated;
        value           uniform (0 0 0);
    }
    top
    {
        type            calculated;
        value           uniform (0 0 0);
    }
    outlet
    {
        type            calculated;
        value           uniform (0 0 0);
    }
    slipsurface
    {
        type            calculated;
        value           uniform (0 0 0);
    }
    bottom
    {
        type            calculated;
        value           nonuniform List<vector> 
100
(
(-0.008096527 -5.7916623e-05 -0)
(-0.0058587397 -8.5159422e-07 -4.3820956e-17)
(-0.0054637045 -2.3783425e-07 1.0053136e-17)
(-0.0051811994 -2.2497018e-07 -3.2484681e-18)
(-0.0049357083 -2.1366995e-07 -2.8965316e-18)
(-0.0046823157 -2.1446471e-07 0)
(-0.0044226267 -2.0199609e-07 0)
(-0.0041813789 -1.7187755e-07 0)
(-0.0039789685 -1.3460747e-07 0)
(-0.0038197741 -1.0112097e-07 0)
(-0.0036965525 -7.5991009e-08 -1.9490646e-22)
(-0.00359934 -1.1896747e-07 -1.9286261e-22)
(-0.0035199779 -4.6628076e-08 -1.420162e-18)
(-0.0034536815 -3.7869239e-08 0)
(-0.0033972875 -3.1298724e-08 0)
(-0.0033486729 -2.6192509e-08 8.2157731e-19)
(-0.0033063389 -2.2138471e-08 0)
(-0.0032691592 -1.8872576e-08 0)
(-0.003236257 -1.6210672e-08 -2.5896399e-19)
(-0.0032069442 -1.4016679e-08 -2.249749e-19)
(-0.003180677 -1.2189551e-08 0)
(-0.0031570191 -1.065454e-08 3.4473681e-19)
(-0.0031356138 -9.3551459e-09 3.0370238e-19)
(-0.0031161679 -8.2474306e-09 -2.6854145e-19)
(-0.0030984378 -7.2971316e-09 -2.3823665e-19)
(-0.0030822196 -6.4772454e-09 -2.1198042e-19)
(-0.0030673408 -5.7662607e-09 -9.4562216e-20)
(-0.0030536546 -5.1468784e-09 -8.457167e-20)
(-0.0030410353 -4.6050481e-09 0)
(-0.003029374 -4.129266e-09 0)
(-0.0030185766 -3.7100608e-09 0)
(-0.0030085606 -3.3395826e-09 0)
(-0.0029992534 -3.0112452e-09 0)
(-0.0029905912 -2.7194958e-09 -9.0144732e-20)
(-0.0029825175 -2.4596473e-09 -8.1615897e-20)
(-0.0029749818 -2.2277265e-09 -7.3990345e-20)
(-0.0029679391 -2.0203194e-09 0)
(-0.002961349 -1.8344919e-09 6.1031064e-20)
(-0.0029551752 -1.6677131e-09 0)
(-0.002949385 -1.5177969e-09 0)
(-0.0029439487 -1.3828453e-09 -6.9148078e-20)
(-0.0029388396 -1.2611933e-09 -2.103365e-20)
(-0.002934033 -1.1513905e-09 -1.9212476e-20)
(-0.0029295069 -1.0521582e-09 -1.756517e-20)
(-0.0029252408 -9.6238274e-10 0)
(-0.0029212162 -8.8106406e-10 -2.9442609e-20)
(-0.0029174161 -8.0733018e-10 2.698862e-20)
(-0.0029138249 -7.4040384e-10 -2.4759604e-20)
(-0.0029104283 -6.7958675e-10 0)
(-0.0029072132 -6.2427189e-10 2.0888494e-20)
(-0.0029041675 -5.7391486e-10 0)
(-0.0029012801 -5.2801873e-10 -1.7676117e-20)
(-0.0028985407 -4.8614707e-10 0)
(-0.0028959399 -4.479186e-10 0)
(-0.002893469 -4.1296793e-10 0)
(-0.0028911201 -3.8098862e-10 0)
(-0.0028888857 -3.5170511e-10 0)
(-0.0028867591 -3.2485637e-10 0)
(-0.0028847338 -3.0022248e-10 0)
(-0.0028828041 -2.7759445e-10 0)
(-0.0028809647 -2.5679111e-10 -8.6046622e-21)
(-0.0028792104 -2.3764652e-10 -1.1944846e-20)
(-0.0028775369 -2.2001464e-10 0)
(-0.0028759396 -2.0376491e-10 -3.4137681e-21)
(-0.0028744147 -1.887709e-10 -3.1624236e-21)
(-0.0028729586 -1.7492563e-10 -2.9303304e-21)
(-0.0028715677 -1.6213648e-10 -2.715862e-21)
(-0.0028702388 -1.5030983e-10 0)
(-0.0028689691 -1.393674e-10 0)
(-0.0028677557 -1.2924274e-10 -2.1641924e-21)
(-0.0028665958 -1.1986135e-10 0)
(-0.0028654873 -1.1116708e-10 -1.8610549e-21)
(-0.0028644276 -1.0310829e-10 0)
(-0.0028634147 -9.5632162e-11 0)
(-0.0028624465 -8.8696934e-11 -2.9685475e-21)
(-0.002861521 -8.2263735e-11 0)
(-0.0028606364 -7.6292295e-11 -5.1050321e-21)
(-0.002859791 -7.0747297e-11 0)
(-0.0028589831 -6.5597906e-11 0)
(-0.0028582111 -6.0821247e-11 1.6464374e-26)
(-0.0028574733 -5.6383879e-11 -1.8853623e-21)
(-0.0028567687 -5.2259899e-11 0)
(-0.0028560956 -4.8435968e-11 0)
(-0.0028554527 -4.4884507e-11 -1.5001688e-21)
(-0.0028548387 -4.1588732e-11 0)
(-0.0028542524 -3.8530457e-11 0)
(-0.0028536927 -3.568933e-11 0)
(-0.0028531584 -3.3055597e-11 0)
(-0.0028526483 -3.0613929e-11 -1.5340216e-21)
(-0.0028521615 -2.8349282e-11 0)
(-0.0028516969 -2.6252483e-11 8.7693522e-22)
(-0.0028512534 -2.4308985e-11 8.1199406e-22)
(-0.0028508302 -2.2518273e-11 -3.7608921e-22)
(-0.0028504259 -2.0849939e-11 0)
(-0.0028500405 -1.9346821e-11 -3.2324368e-22)
(-0.0028496703 -1.787517e-11 -2.9853064e-22)
(-0.0028493215 -1.6820049e-11 -2.8141604e-22)
(-0.0028489714 -3.0821832e-11 -2.7414602e-22)
(-0.0028486788 -1.7052951e-11 1.6011874e-24)
(-0.0028482083 -2.185705e-11 -7.9868315e-26)
)
;
    }
    frontandback
    {
        type            empty;
    }
}


// ************************************************************************* //
