/*--------------------------------*- C++ -*----------------------------------*\
  =========                 |
  \\      /  F ield         | OpenFOAM: The Open Source CFD Toolbox
   \\    /   O peration     | Website:  https://openfoam.org
    \\  /    A nd           | Version:  12
     \\/     M anipulation  |
\*---------------------------------------------------------------------------*/
FoamFile
{
    format      ascii;
    class       volScalarField;
    location    "2000";
    object      p;
}
// * * * * * * * * * * * * * * * * * * * * * * * * * * * * * * * * * * * * * //

dimensions      [0 2 -2 0 0 0 0];

internalField   nonuniform List<scalar> 
808
(
0.00040219041
0.00039990178
0.00039755716
0.00039515538
0.000392695
0.00039017528
0.00038759435
0.00038494896
0.00038223715
0.00037945691
0.00037660563
0.00037368053
0.00040220068
0.00039991156
0.00039756649
0.00039516429
0.00039270351
0.0003901834
0.00038760211
0.00038495637
0.00038224422
0.00037946367
0.0003766121
0.00037368671
0.00037068439
0.00036760227
0.00036443698
0.00036118366
0.00035783797
0.00035439591
0.00035085263
0.00034720292
0.00034344116
0.00033956148
0.00033555778
0.00033142223
0.00032714677
0.00032272368
0.00031814398
0.00031339794
0.00030847496
0.00030336389
0.00029805233
0.00029252593
0.00028676975
0.00028076791
0.00040221233
0.00039992267
0.00039757708
0.00039517439
0.00039271315
0.00039019261
0.0003876109
0.00038496477
0.00038225225
0.00037947133
0.00037661942
0.00037369371
0.00037069108
0.00036760867
0.00036444309
0.0003611895
0.00035784355
0.00035440125
0.00035085773
0.00034720779
0.00034344581
0.00033956592
0.00033556202
0.00033142628
0.00032715063
0.00032272737
0.00031814749
0.00031340129
0.00030847816
0.00030336693
0.00029805522
0.00029252868
0.00028677236
0.0002807704
0.00040222559
0.0003999353
0.00039758913
0.00039518588
0.00039272411
0.00039020307
0.00038762088
0.0003849743
0.00038226135
0.00037948003
0.00037662773
0.00037370165
0.00037069867
0.00036761592
0.00036445002
0.00036119612
0.00035784988
0.00035440729
0.00035086351
0.00034721331
0.00034345108
0.00033957096
0.00033556683
0.00033143087
0.00032715501
0.00032273154
0.00031815147
0.00031340508
0.00030848177
0.00030337037
0.00029805849
0.0002925318
0.00028677532
0.00028077321
0.00040224074
0.00039994973
0.00039760288
0.00039519899
0.00039273661
0.00039021499
0.00038763226
0.00038498516
0.00038227172
0.00037948993
0.00037663719
0.00037371068
0.0003707073
0.00036762416
0.0003644579
0.00036120364
0.00035785706
0.00035441416
0.00035087006
0.00034721957
0.00034345706
0.00033957667
0.00033557228
0.00033143607
0.00032715997
0.00032273627
0.00031815598
0.00031340938
0.00030848586
0.00030337427
0.0002980622
0.00029253532
0.00028677867
0.00040225812
0.00039996628
0.00039761864
0.000395214
0.00039275092
0.00039022863
0.00038764527
0.00038499757
0.00038228357
0.00037950124
0.00037664798
0.00037372099
0.00037071714
0.00036763356
0.00036446687
0.00036121221
0.00035786525
0.00035442198
0.00035087753
0.0003472267
0.00034346386
0.00033958316
0.00033557847
0.00033144198
0.00032716561
0.00032274165
0.00031816111
0.00031341426
0.00030849051
0.00030337869
0.00029806641
0.00029253932
0.00028678247
0.00040227821
0.00039998538
0.00039763681
0.0003952313
0.00039276739
0.00039024433
0.00038766023
0.00038501183
0.00038229716
0.00037951421
0.00037666035
0.00037373279
0.0003707284
0.00036764431
0.00036447713
0.00036122201
0.0003578746
0.0003544309
0.00035088604
0.00034723483
0.00034347162
0.00033959056
0.00033558553
0.00033144871
0.00032717202
0.00032274776
0.00031816693
0.0003134198
0.00030849579
0.00030338372
0.00029807118
0.00029254386
0.00028678678
0.00040230162
0.00040000762
0.00039765794
0.00039525139
0.0003927865
0.00039026251
0.00038767754
0.00038502832
0.00038231287
0.00037952918
0.00037667462
0.0003737464
0.00037074137
0.00036765668
0.00036448893
0.00036123326
0.00035788533
0.00035444114
0.00035089581
0.00034724414
0.0003434805
0.00033959903
0.00033559361
0.0003314564
0.00032717936
0.00032275475
0.00031817358
0.00031342614
0.00030850181
0.00030338945
0.00029807663
0.00029254904
0.0002867917
0.00040232921
0.00040003377
0.00039768276
0.00039527495
0.00039280888
0.00039028378
0.00038769777
0.00038504756
0.00038233118
0.0003795466
0.00037669121
0.0003737622
0.00037075642
0.00036767102
0.00036450259
0.00036124628
0.00035789774
0.00035445296
0.00035090708
0.00034725488
0.00034349074
0.00033960878
0.00033560289
0.00033146525
0.00032718778
0.00032276276
0.00031818121
0.00031343339
0.00030850871
0.000303396
0.00029808286
0.00029255495
0.00040236214
0.00040006495
0.00039771228
0.00039530294
0.00039283542
0.00039030897
0.00038772167
0.00038507026
0.00038235275
0.0003795671
0.00037671071
0.00037378073
0.00037077406
0.00036768779
0.00036451856
0.00036126148
0.0003579122
0.00035446673
0.00035092018
0.00034726735
0.00034350261
0.00033962008
0.00033561364
0.00033147548
0.00032719751
0.00032277202
0.00031819001
0.00031344175
0.00030851666
0.00030340355
0.00029809002
0.00029256174
0.00040240207
0.00040010266
0.00039774794
0.00039533666
0.00039286734
0.0003903392
0.00038775032
0.00038509742
0.0003823785
0.00037959154
0.0003767339
0.00037380275
0.00037079497
0.00036770766
0.00036453743
0.00036127941
0.00035792925
0.00035448293
0.00035093558
0.00034728199
0.00034351652
0.0003396333
0.00033562621
0.00033148742
0.00032720885
0.00032278279
0.00031820024
0.00031345147
0.00030852588
0.00030341229
0.00029809831
0.0002925696
0.00040245122
0.000400149
0.00039779166
0.00039537794
0.00039290634
0.00039037606
0.00038778518
0.0003851304
0.00038240972
0.00037962111
0.00037676191
0.00037382929
0.00037082013
0.00036773152
0.00036456006
0.00036130087
0.00035794961
0.00035450225
0.00035095391
0.00034729938
0.00034353302
0.00033964896
0.00033564107
0.00033150151
0.00032722222
0.00032279547
0.00031821227
0.00031346286
0.00030853668
0.00030342252
0.000298108
0.00029257877
0.00040251253
0.00040020672
0.00039784603
0.00039542919
0.00039295467
0.00039042167
0.00038782824
0.00038517108
0.00038244815
0.00037965743
0.00037679626
0.00037386179
0.00037085087
0.00036776061
0.0003645876
0.00036132695
0.0003579743
0.00035452563
0.00035097605
0.00034732035
0.00034355289
0.00033966777
0.00033565888
0.00033151839
0.0003272382
0.0003228106
0.00031822658
0.00031347641
0.00030854949
0.00030343463
0.00029811945
0.0004025896
0.00040027924
0.0003979143
0.00039549349
0.00039301525
0.00039047877
0.00038788209
0.00038522187
0.00038249609
0.00037970268
0.00037683898
0.00037390214
0.00037088899
0.00036779662
0.00036462163
0.00036135911
0.0003580047
0.00035455437
0.00035100322
0.00034734604
0.00034357717
0.00033969072
0.00033568058
0.00033153889
0.00032725757
0.0003228289
0.00031824387
0.00031349273
0.0003085649
0.00030344918
0.00029813317
0.00040268643
0.00040037041
0.00039800016
0.00039557438
0.00039309148
0.00039055063
0.00038794984
0.00038528576
0.00038255635
0.00037975953
0.00037689262
0.00037395276
0.00037093676
0.00036784172
0.0003646642
0.00036139929
0.00035804263
0.00035459017
0.00035103702
0.00034737794
0.00034360728
0.00033971914
0.00033570739
0.00033156419
0.00032728143
0.0003228514
0.00031826508
0.00031351273
0.00030858373
0.00030346692
0.00029814987
0.00040280678
0.00040048393
0.00039810726
0.00039567544
0.00039318686
0.00039064065
0.00038803481
0.00038536596
0.00038263206
0.000379831
0.00037696009
0.00037401644
0.00037099688
0.00036789846
0.00036471775
0.00036144984
0.00035809032
0.00035463517
0.00035107947
0.00034741798
0.00034364503
0.00033975473
0.00033574094
0.00033159579
0.00032731121
0.00032287944
0.00031829147
0.00031353756
0.00030860709
0.00030348887
0.0002981705
0.00040295357
0.00040062277
0.0003982386
0.00039579969
0.0003933044
0.00039075185
0.00038814001
0.00038546547
0.00038272616
0.00037991999
0.00037704424
0.00037409601
0.00037107209
0.00036796954
0.00036478491
0.00036151328
0.00035815023
0.00035469173
0.00035113285
0.00034746834
0.00034369253
0.00033979952
0.00033578314
0.00033163555
0.00032734864
0.00032291467
0.00031832461
0.00031356872
0.00030863637
0.00030351637
0.0002981963
0.00040312771
0.00040078813
0.00039839559
0.00039594871
0.00039344585
0.00039088613
0.0003882675
0.00038558648
0.00038284095
0.00038002883
0.00037714742
0.0003741938
0.00037116475
0.00036805732
0.00036486804
0.00036159196
0.00035822467
0.00035476214
0.00035119942
0.00034753125
0.00034375195
0.00033985561
0.00033583607
0.00033168546
0.00032739567
0.00032295896
0.0003183663
0.00031360792
0.00030867321
0.00030355097
0.00029822876
0.00040333201
0.00040098219
0.00039857998
0.00039612393
0.00039361232
0.00039104423
0.00038841777
0.00038572953
0.00038297716
0.00038015847
0.00037727075
0.00037431107
0.00037127623
0.00036816327
0.00036496873
0.0003616876
0.00035831545
0.00035484822
0.00035128101
0.00034760855
0.00034382514
0.00033992487
0.00033590157
0.00033174736
0.00032745411
0.0003230141
0.00031841829
0.0003136569
0.00030871931
0.00030359432
0.00029826949
0.00040356511
0.00040120485
0.00039879285
0.00039632756
0.00039380732
0.00039123033
0.00038859444
0.00038589733
0.00038313684
0.00038031049
0.00037741548
0.00037444886
0.00037140735
0.00036828796
0.00036508732
0.00036180055
0.00035842305
0.00035495066
0.00035137846
0.00034770118
0.00034391314
0.00034000842
0.00033598087
0.00033182256
0.00032752536
0.00032308152
0.00031848202
0.0003137171
0.00030877612
0.00030364788
0.00029831993
0.00040383087
0.0004014583
0.00039903464
0.00039655836
0.00039402774
0.00039144048
0.0003887945
0.00038608823
0.0003833194
0.00038048521
0.00037758279
0.00037460913
0.00037156097
0.00036843487
0.00036522702
0.0003619332
0.0003585493
0.00035507085
0.00035149287
0.00034781005
0.00034401667
0.00034010679
0.00033607429
0.00033191138
0.00032760983
0.00032316176
0.00031855817
0.00031378928
0.00030884448
0.00030371255
0.00029838106
0.00040413185
0.00040174519
0.00039930817
0.00039681926
0.00039427662
0.00039167793
0.00038902128
0.00038630505
0.00038352673
0.00038068341
0.00037777225
0.00037479028
0.00037173423
0.00036860036
0.00036538473
0.00036208369
0.00035869325
0.00035520864
0.00035162479
0.00034793638
0.00034413769
0.00034022255
0.00033618432
0.00033201565
0.00032770887
0.00032325587
0.00031864754
0.0003138741
0.00030892489
0.00030378869
0.00029845313
0.00040447409
0.00040207157
0.00039961959
0.00039711653
0.00039456047
0.00039194907
0.00038928036
0.00038655254
0.00038376306
0.0003809091
0.0003779878
0.00037499615
0.00037193084
0.0003687881
0.0003655641
0.00036225524
0.00035885733
0.00035536548
0.00035177467
0.0003480796
0.00034427455
0.00034035322
0.0003363087
0.00033213407
0.00032782194
0.00032336388
0.00031875072
0.00031397267
0.00030901906
0.00030387839
0.000298538
0.00040485719
0.00040243719
0.00039996865
0.00039744988
0.0003948789
0.00039225333
0.00038957114
0.00038683044
0.00038402871
0.00038116312
0.00037823074
0.00037522852
0.0003721531
0.00036900067
0.00036576742
0.00036244967
0.00035904315
0.00035554301
0.00035194426
0.00034824156
0.00034442917
0.00034050076
0.00033644952
0.00033226857
0.00032795042
0.00032348648
0.00031886766
0.00031408416
0.00030912534
0.0003039795
0.00029863392
0.0004052957
0.0004028554
0.00040036764
0.00039783066
0.00039524241
0.00039260048
0.00038990273
0.00038714725
0.00038433147
0.0003814525
0.00037850736
0.00037549294
0.00037240587
0.00036924231
0.00036599843
0.00036267049
0.00035925421
0.00035574476
0.00035213709
0.00034842585
0.00034460526
0.00034066896
0.00033661015
0.00033242193
0.00032809671
0.00032362593
0.00031900053
0.0003142107
0.00030924578
0.00030409404
0.00029874286
0.00040578321
0.00040332061
0.00040081175
0.00039825477
0.00039564755
0.00039298762
0.00039027277
0.000387501
0.00038466971
0.00038177593
0.00037881667
0.00037578878
0.00037268882
0.00036951297
0.00036625732
0.00036291812
0.00035949106
0.00035597127
0.00035235368
0.00034863292
0.00034480317
0.00034085808
0.00033679083
0.00033259448
0.00032826142
0.00032378314
0.00031915052
0.00031435375
0.00030938213
0.00030422394
0.00029886654
)
;

boundaryField
{
    bottom
    {
        type            zeroGradient;
    }
    back
    {
        type            empty;
    }
    front
    {
        type            empty;
    }
    inlet
    {
        type            zeroGradient;
    }
    outlet
    {
        type            fixedValue;
        value           nonuniform List<scalar> 0();
    }
    top
    {
        type            zeroGradient;
    }
    slipsurface
    {
        type            slip;
    }
    procBoundary11to4
    {
        type            processor;
        value           nonuniform List<scalar> 2(0.00040442417 0.00040443493);
    }
    procBoundary11to5
    {
        type            processor;
        value           nonuniform List<scalar> 
24
(
0.00040444716
0.00040446108
0.000404477
0.00040449528
0.00040451641
0.00040454108
0.00040457019
0.00040460501
0.00040464731
0.00040469948
0.00040476465
0.00040484661
0.00040494949
0.00040507712
0.00040523227
0.00040541563
0.0004056309
0.00040587522
0.00040615388
0.00040646961
0.00040682867
0.00040723029
0.00040769028
0.00040820137
)
;
    }
    procBoundary11to8
    {
        type            processor;
        value           nonuniform List<scalar> 
25
(
0.00028077639
0.00028077639
0.00028077999
0.00028078409
0.00028078875
0.00028679731
0.00028679731
0.00028680375
0.00028681119
0.00028681986
0.00029258959
0.00029258959
0.00029260252
0.00029261823
0.00029263761
0.00029266181
0.00029269224
0.00029273046
0.0002927779
0.00029283562
0.00029290388
0.00029298402
0.0002930751
0.00029317877
0.00029329641
)
;
    }
    procBoundary11to9
    {
        type            processor;
        value           nonuniform List<scalar> 3(0.00027450267 0.00027450503 0.00027450769);
    }
    procBoundary11to10
    {
        type            processor;
        value           nonuniform List<scalar> 
35
(
0.00040218136
0.00039989314
0.00039754892
0.00039514752
0.0003926875
0.00039016811
0.0003875875
0.00038494242
0.00038223089
0.00037945093
0.00037659992
0.00037367507
0.00037067848
0.00037067848
0.00036759663
0.00036443158
0.0003611785
0.00035783303
0.0003543912
0.00035084813
0.00034719862
0.00034343705
0.00033955755
0.00033555403
0.00033141865
0.00032714335
0.00032272042
0.00031814087
0.00031339497
0.00030847214
0.0003033612
0.00029804977
0.0002925235
0.00028676743
0.00028076572
)
;
    }
    procBoundary11to14
    {
        type            processor;
        value           nonuniform List<scalar> 
31
(
0.00040634393
0.00040385544
0.00040132208
0.00039874187
0.00039611262
0.00039343178
0.00039069707
0.0003879064
0.0003850571
0.00038214618
0.00037917057
0.00037612707
0.00037301222
0.00036982214
0.0003665529
0.00036320069
0.00035976117
0.00035622944
0.00035260041
0.00034886867
0.0003450284
0.00034107321
0.00033699627
0.00033279061
0.00032844861
0.00032396173
0.00031932085
0.00031451611
0.00030953683
0.00030437126
0.00029900675
)
;
    }
}


// ************************************************************************* //
