/*--------------------------------*- C++ -*----------------------------------*\
  =========                 |
  \\      /  F ield         | OpenFOAM: The Open Source CFD Toolbox
   \\    /   O peration     | Website:  https://openfoam.org
    \\  /    A nd           | Version:  12
     \\/     M anipulation  |
\*---------------------------------------------------------------------------*/
FoamFile
{
    format      ascii;
    class       volScalarField;
    location    "900";
    object      nut;
}
// * * * * * * * * * * * * * * * * * * * * * * * * * * * * * * * * * * * * * //

dimensions      [0 2 -1 0 0 0 0];

internalField   nonuniform List<scalar> 
822
(
0.00016944265
0.00016921202
0.00016897936
0.00016874452
0.00016850741
0.000168268
0.00016802622
0.00016778205
0.00016753544
0.00016728633
0.00016703466
0.00016678034
0.0001665233
0.00016626342
0.00016600059
0.00016573464
0.00016546557
0.00017517206
0.00017494133
0.00017470954
0.00017447648
0.00017424203
0.0001740061
0.00017376862
0.00017352953
0.00017328879
0.00017304634
0.00017280214
0.00017255613
0.00017230825
0.00017205844
0.00017180661
0.00017155268
0.00017129656
0.00017103814
0.0001707773
0.0001705139
0.0001702478
0.00016997885
0.00016970689
0.00016943172
0.00016915316
0.00016887098
0.00016858494
0.00016829477
0.00016800019
0.00016770089
0.0001673965
0.00016708664
0.00016677091
0.0001664488
0.00016611994
0.00017909004
0.00017885642
0.00017862217
0.00017838714
0.00017815123
0.00017791438
0.00017767653
0.00017743763
0.00017719764
0.00017695651
0.0001767142
0.00017647066
0.00017622583
0.00017597967
0.00017573211
0.00017548308
0.00017523251
0.00017498032
0.00017472643
0.00017447072
0.00017421311
0.00017395346
0.00017369166
0.00017342757
0.00017316104
0.00017289189
0.00017261996
0.00017234504
0.00017206693
0.00017178537
0.00017150011
0.00017121086
0.00017091731
0.00017061907
0.00017031593
0.00018182403
0.00018158829
0.00018135221
0.00018111569
0.00018087864
0.00018064103
0.00018040282
0.00018016396
0.00017992443
0.00017968417
0.00017944317
0.00017920137
0.00017895873
0.00017871522
0.00017847079
0.00017822537
0.00017797893
0.0001777314
0.00017748271
0.0001772328
0.00017698158
0.00017672898
0.00017647489
0.00017621923
0.00017596188
0.00017570272
0.00017544163
0.00017517846
0.00017491305
0.00017464524
0.00017437484
0.00017410163
0.00017382539
0.00017354584
0.00017326288
0.00018363574
0.00018339855
0.00018316123
0.00018292367
0.00018268582
0.00018244765
0.00018220913
0.00018197023
0.00018173092
0.00018149118
0.00018125097
0.00018101027
0.00018076904
0.00018052725
0.00018028486
0.00018004184
0.00017979814
0.00017955372
0.00017930853
0.00017906251
0.00017881562
0.00017856778
0.00017831894
0.00017806903
0.00017781795
0.00017756563
0.00017731198
0.00017705689
0.00017680025
0.00017654194
0.00017628182
0.00017601974
0.00017575556
0.00017548904
0.00017522019
0.00018481004
0.00018457195
0.00018433385
0.00018409564
0.00018385728
0.00018361873
0.00018337998
0.00018314102
0.0001829018
0.00018266233
0.00018242256
0.00018218248
0.00018194205
0.00018170126
0.00018146008
0.00018121847
0.0001809764
0.00018073384
0.00018049074
0.00018024708
0.0001800028
0.00017975786
0.00017951221
0.00017926579
0.00017901855
0.00017877042
0.00017852133
0.00017827121
0.00017801996
0.00017776751
0.00017751375
0.00017725857
0.00017700186
0.00017674344
0.00017648338
0.00018559045
0.00018535185
0.0001851133
0.00018487471
0.00018463604
0.00018439727
0.00018415838
0.00018391935
0.00018368017
0.00018344081
0.00018320127
0.0001829615
0.00018272151
0.00018248125
0.00018224072
0.00018199987
0.0001817587
0.00018151715
0.00018127522
0.00018103285
0.00018079002
0.00018054669
0.00018030281
0.00018005834
0.00017981324
0.00017956745
0.00017932092
0.00017907358
0.00017882536
0.0001785762
0.00017832602
0.00017807472
0.00017782222
0.00017756838
0.00017731328
0.00018614551
0.00018590663
0.00018566784
0.00018542904
0.0001851902
0.0001849513
0.00018471232
0.00018447325
0.00018423408
0.00018399478
0.00018375534
0.00018351574
0.00018327596
0.00018303599
0.0001827958
0.00018255536
0.00018231466
0.00018207366
0.00018183234
0.00018159067
0.00018134862
0.00018110616
0.00018086324
0.00018061983
0.00018037588
0.00018013136
0.00017988621
0.00017964037
0.0001793938
0.00017914642
0.00017889818
0.00017864898
0.00017839877
0.0001781474
0.00017789499
0.00018657273
0.00018633368
0.00018609475
0.00018585583
0.00018561689
0.00018537792
0.00018513889
0.00018489979
0.00018466062
0.00018442135
0.00018418197
0.00018394246
0.00018370281
0.00018346299
0.00018322299
0.00018298279
0.00018274235
0.00018250166
0.0001822607
0.00018201943
0.00018177782
0.00018153585
0.00018129348
0.00018105067
0.00018080738
0.00018056358
0.00018031922
0.00018007425
0.00017982861
0.00017958225
0.0001793351
0.0001790871
0.00017883818
0.00017858821
0.00017833733
0.00018692241
0.00018668326
0.00018644424
0.00018620525
0.00018596625
0.00018572722
0.00018548816
0.00018524905
0.00018500988
0.00018477063
0.00018453129
0.00018429184
0.00018405226
0.00018381254
0.00018357267
0.0001833326
0.00018309234
0.00018285185
0.00018261111
0.00018237009
0.00018212876
0.0001818871
0.00018164508
0.00018140265
0.00018115978
0.00018091644
0.00018067257
0.00018042814
0.0001801831
0.00017993737
0.00017969092
0.00017944368
0.00017919557
0.00017894648
0.00017869655
0.00018722052
0.00018698131
0.00018674223
0.00018650318
0.00018626414
0.00018602508
0.000185786
0.00018554688
0.00018530771
0.00018506847
0.00018482916
0.00018458975
0.00018435022
0.00018411057
0.00018387078
0.00018363082
0.00018339067
0.00018315031
0.00018290973
0.00018266888
0.00018242775
0.00018218631
0.00018194452
0.00018170236
0.00018145978
0.00018121676
0.00018097324
0.00018072918
0.00018048454
0.00018023927
0.0001799933
0.00017974657
0.00017949903
0.00017925055
0.00017900127
0.00018748193
0.00018724266
0.00018700354
0.00018676446
0.00018652538
0.0001862863
0.00018604721
0.00018580808
0.00018556891
0.00018532968
0.00018509038
0.000184851
0.00018461152
0.00018437192
0.00018413218
0.00018389229
0.00018365223
0.00018341197
0.0001831715
0.00018293078
0.00018268979
0.0001824485
0.00018220689
0.00018196492
0.00018172255
0.00018147976
0.00018123649
0.00018099271
0.00018074837
0.00018050341
0.00018025779
0.00018001144
0.00017976431
0.00017951627
0.00017926748
0.00018771626
0.00018747695
0.0001872378
0.00018699869
0.00018675959
0.00018652049
0.00018628138
0.00018604225
0.00018580308
0.00018556386
0.00018532457
0.00018508521
0.00018484576
0.0001846062
0.00018436651
0.00018412667
0.00018388667
0.00018364649
0.00018340609
0.00018316547
0.00018292458
0.00018268341
0.00018244193
0.0001822001
0.00018195789
0.00018171527
0.00018147219
0.00018122862
0.0001809845
0.00018073979
0.00018049443
0.00018024836
0.00018000154
0.00017975383
0.00017950539
0.00018793022
0.00018769088
0.0001874517
0.00018721257
0.00018697345
0.00018673434
0.00018649522
0.00018625608
0.00018601691
0.00018577769
0.00018553842
0.00018529908
0.00018505964
0.00018482011
0.00018458045
0.00018434066
0.0001841007
0.00018386057
0.00018362024
0.00018337968
0.00018313888
0.0001828978
0.00018265641
0.00018241469
0.0001821726
0.00018193011
0.00018168717
0.00018144375
0.0001811998
0.00018095527
0.00018071011
0.00018046426
0.00018021767
0.00017997021
0.00017972205
0.00018812871
0.00018788935
0.00018765014
0.00018741099
0.00018717186
0.00018693274
0.00018669361
0.00018645447
0.0001862153
0.00018597608
0.00018573682
0.00018549748
0.00018525807
0.00018501855
0.00018477892
0.00018453915
0.00018429924
0.00018405915
0.00018381886
0.00018357836
0.00018333762
0.00018309661
0.0001828553
0.00018261366
0.00018237166
0.00018212927
0.00018188644
0.00018164314
0.00018139931
0.00018115493
0.00018090992
0.00018066423
0.00018041782
0.00018017055
0.0001799226
0.00018831533
0.00018807595
0.00018783673
0.00018759756
0.00018735842
0.00018711929
0.00018688015
0.000186641
0.00018640183
0.00018616262
0.00018592336
0.00018568403
0.00018544462
0.00018520512
0.00018496551
0.00018472577
0.00018448588
0.00018424582
0.00018400557
0.00018376511
0.00018352441
0.00018328345
0.0001830422
0.00018280062
0.00018255869
0.00018231637
0.00018207363
0.00018183042
0.0001815867
0.00018134241
0.00018109752
0.00018085196
0.00018060568
0.00018035857
0.00018011077
0.00018849283
0.00018825344
0.0001880142
0.00018777502
0.00018753586
0.00018729672
0.00018705758
0.00018681843
0.00018657925
0.00018634004
0.00018610078
0.00018586146
0.00018562206
0.00018538257
0.00018514297
0.00018490325
0.00018466338
0.00018442334
0.00018418312
0.00018394269
0.00018370203
0.00018346111
0.0001832199
0.00018297837
0.0001827365
0.00018249424
0.00018225156
0.00018200842
0.00018176477
0.00018152057
0.00018127577
0.00018103031
0.00018078414
0.00018053714
0.00018028947
0.00018866326
0.00018842385
0.00018818459
0.0001879454
0.00018770624
0.00018746709
0.00018722794
0.00018698878
0.0001867496
0.00018651039
0.00018627113
0.00018603181
0.00018579242
0.00018555293
0.00018531335
0.00018507363
0.00018483378
0.00018459376
0.00018435356
0.00018411315
0.00018387252
0.00018363162
0.00018339045
0.00018314896
0.00018290712
0.00018266491
0.00018242228
0.00018217919
0.00018193561
0.00018169147
0.00018144674
0.00018120136
0.00018095527
0.00018070836
0.00018046078
0.0001888282
0.00018858877
0.00018834951
0.00018811031
0.00018787113
0.00018763198
0.00018739282
0.00018715366
0.00018691447
0.00018667526
0.000186436
0.00018619668
0.0001859573
0.00018571782
0.00018547824
0.00018523853
0.00018499869
0.00018475868
0.0001845185
0.00018427811
0.0001840375
0.00018379663
0.00018355548
0.00018331402
0.00018307221
0.00018283004
0.00018258744
0.0001823444
0.00018210086
0.00018185678
0.0001816121
0.00018136678
0.00018112075
0.00018087392
0.00018062642
0.00018898887
0.00018874944
0.00018851016
0.00018827095
0.00018803177
0.0001877926
0.00018755344
0.00018731427
0.00018707508
0.00018683587
0.00018659661
0.00018635729
0.0001861179
0.00018587843
0.00018563885
0.00018539915
0.00018515931
0.00018491932
0.00018467915
0.00018443877
0.00018419817
0.00018395732
0.00018371619
0.00018347475
0.00018323297
0.00018299082
0.00018274825
0.00018250524
0.00018226174
0.00018201769
0.00018177306
0.00018152778
0.00018128181
0.00018103502
0.00018078758
0.00018914619
0.00018890674
0.00018866746
0.00018842824
0.00018818905
0.00018794988
0.00018771071
0.00018747154
0.00018723235
0.00018699313
0.00018675386
0.00018651455
0.00018627516
0.00018603569
0.00018579611
0.00018555642
0.00018531659
0.0001850766
0.00018483644
0.00018459607
0.00018435548
0.00018411464
0.00018387353
0.00018363211
0.00018339035
0.00018314822
0.00018290568
0.00018266269
0.00018241922
0.0001821752
0.0001819306
0.00018168536
0.00018143943
0.00018119269
0.0001809453
0.00018930094
0.00018906148
0.00018882219
0.00018858296
0.00018834376
0.00018810458
0.00018786541
0.00018762623
0.00018738703
0.00018714781
0.00018690854
0.00018666922
0.00018642983
0.00018619036
0.00018595078
0.00018571109
0.00018547126
0.00018523128
0.00018499112
0.00018475076
0.00018451017
0.00018426934
0.00018402824
0.00018378683
0.00018354508
0.00018330296
0.00018306044
0.00018281747
0.00018257402
0.00018233002
0.00018208545
0.00018184023
0.00018159432
0.00018134761
0.00018110025
0.00018945367
0.0001892142
0.0001889749
0.00018873566
0.00018849646
0.00018825727
0.00018801809
0.00018777891
0.00018753971
0.00018730048
0.00018706121
0.00018682189
0.0001865825
0.00018634302
0.00018610345
0.00018586376
0.00018562393
0.00018538395
0.00018514379
0.00018490344
0.00018466286
0.00018442204
0.00018418094
0.00018393954
0.00018369781
0.0001834557
0.00018321319
0.00018297024
0.0001827268
0.00018248283
0.00018223827
0.00018199308
0.00018174719
0.00018150051
0.00018125318
0.0001896078
0.00018936832
0.00018912901
0.00018888977
0.00018865056
0.00018841136
0.00018817217
0.00018793298
0.00018769378
0.00018745454
0.00018721527
0.00018697595
0.00018673655
0.00018649708
0.0001862575
0.00018601781
0.00018577798
0.000185538
0.00018529785
0.0001850575
0.00018481693
0.00018457611
0.00018433502
0.00018409362
0.0001838519
0.00018360981
0.00018336731
0.00018312437
0.00018288094
0.00018263699
0.00018239245
0.00018214728
0.00018190142
0.00018165476
0.00018140746
)
;

boundaryField
{
    bottom
    {
        type            nutLowReWallFunction;
        Cmu             0.09;
        kappa           0.41;
        E               9.8;
        value           nonuniform List<scalar> 0();
    }
    back
    {
        type            empty;
    }
    front
    {
        type            empty;
    }
    inlet
    {
        type            calculated;
        value           nonuniform List<scalar> 0();
    }
    outlet
    {
        type            calculated;
        value           nonuniform List<scalar> 0();
    }
    top
    {
        type            calculated;
        value           nonuniform List<scalar> 
35
(
0.0001896078
0.00018936832
0.00018912901
0.00018888977
0.00018865056
0.00018841136
0.00018817217
0.00018793298
0.00018769378
0.00018745454
0.00018721527
0.00018697595
0.00018673655
0.00018649708
0.0001862575
0.00018601781
0.00018577798
0.000185538
0.00018529785
0.0001850575
0.00018481693
0.00018457611
0.00018433502
0.00018409362
0.0001838519
0.00018360981
0.00018336731
0.00018312437
0.00018288094
0.00018263699
0.00018239245
0.00018214728
0.00018190142
0.00018165476
0.00018140746
)
;
    }
    slipsurface
    {
        type            slip;
    }
    procBoundary1to0
    {
        type            processor;
        value           nonuniform List<scalar> 
34
(
0.00016278375
0.00016255608
0.00016232549
0.00016209183
0.00016185506
0.00016161515
0.00016137209
0.00016112586
0.00016087644
0.00016062378
0.00016036782
0.00016010847
0.00015984563
0.00015957917
0.00015930896
0.00015903483
0.00015875661
0.00016519257
0.00016519257
0.00016491634
0.00016463642
0.00016435253
0.00016406439
0.00016377177
0.00016347437
0.00016317189
0.000162864
0.00016255032
0.00016223045
0.00016190395
0.00016157035
0.00016122911
0.00016087961
0.00016052135
)
;
    }
    procBoundary1to2
    {
        type            processor;
        value           nonuniform List<scalar> 
23
(
0.00016578308
0.00017000661
0.00017297528
0.00017494782
0.00017622052
0.0001770558
0.00017764043
0.0001780844
0.00017844465
0.00017875008
0.0001790168
0.0001792551
0.00017947205
0.00017967282
0.00017986117
0.00018004001
0.00018021142
0.00018037714
0.00018053836
0.00018069613
0.00018085112
0.00018100408
0.00018115839
)
;
    }
    procBoundary1to6
    {
        type            processor;
        value           nonuniform List<scalar> 3(0.00016989849 0.00016967163 0.00016967163);
    }
    procBoundary1to7
    {
        type            processor;
        value           nonuniform List<scalar> 
23
(
0.00017540214
0.00017932345
0.00018205986
0.00018387321
0.00018504853
0.00018582951
0.0001863849
0.00018681229
0.00018716209
0.00018746029
0.00018772175
0.00018795612
0.00018817012
0.00018836864
0.00018855528
0.0001887328
0.00018890324
0.0001890682
0.00018922888
0.00018938621
0.00018954097
0.00018969371
0.00018984785
)
;
    }
}


// ************************************************************************* //
