/*--------------------------------*- C++ -*----------------------------------*\
  =========                 |
  \\      /  F ield         | OpenFOAM: The Open Source CFD Toolbox
   \\    /   O peration     | Website:  https://openfoam.org
    \\  /    A nd           | Version:  12
     \\/     M anipulation  |
\*---------------------------------------------------------------------------*/
FoamFile
{
    format      ascii;
    class       volVectorField;
    location    "1200";
    object      U;
}
// * * * * * * * * * * * * * * * * * * * * * * * * * * * * * * * * * * * * * //

dimensions      [0 1 -1 0 0 0 0];

internalField   nonuniform List<vector> 
466
(
(0.99913025 0.00096873936 0)
(0.99912409 0.0010164519 0)
(0.99912 0.0010670539 0)
(0.99911859 0.0011203881 0)
(0.99912035 0.0011762902 0)
(0.99912566 0.0012345513 0)
(0.99913489 0.0012949041 0)
(0.99914843 0.0013570139 0)
(0.99916662 0.0014204781 0)
(0.99918976 0.0014848295 0)
(0.9992181 0.0015495415 0)
(0.99925181 0.0016140366 0)
(0.99929096 0.0016776983 0)
(0.99933557 0.0017398862 0)
(0.99938553 0.0017999527 0)
(0.99944064 0.001857261 0)
(0.99950062 0.0019112014 0)
(0.9995651 0.0019612056 0)
(0.99916421 0.00097415948 0)
(0.99915904 0.0010201256 0)
(0.99915583 0.0010687933 0)
(0.99915513 0.0011200225 0)
(0.99915742 0.0011736671 0)
(0.99916304 0.0012295402 0)
(0.99917234 0.0012874006 0)
(0.99918567 0.001346945 0)
(0.99920339 0.0014078066 0)
(0.99922576 0.0014695579 0)
(0.99925303 0.0015317152 0)
(0.99928536 0.0015937457 0)
(0.99932287 0.0016550778 0)
(0.99936555 0.0017151137 0)
(0.99941335 0.0017732448 0)
(0.99946609 0.0018288674 0)
(0.99952353 0.0018813977 0)
(0.99958534 0.0019302858 0)
(0.99919785 0.00097892863 0)
(0.9991936 0.0010232001 0)
(0.99919121 0.0010699969 0)
(0.99919118 0.0011191941 0)
(0.99919396 0.001170662 0)
(0.99919987 0.0012242329 0)
(0.99920922 0.0012796899 0)
(0.99922237 0.0013367583 0)
(0.99923963 0.0013951044 0)
(0.99926126 0.001454338 0)
(0.99928751 0.0015140154 0)
(0.99931854 0.001573646 0)
(0.99935446 0.0016327003 0)
(0.9993953 0.0016906218 0)
(0.99944101 0.0017468399 0)
(0.99949147 0.0018007835 0)
(0.99954645 0.0018518957 0)
(0.99960567 0.0018996463 0)
(0.99923115 0.00098305359 0)
(0.99922776 0.0010256808 0)
(0.99922612 0.0010706681 0)
(0.99922672 0.0011179044 0)
(0.99922996 0.001167274 0)
(0.99923613 0.0012186269 0)
(0.99924554 0.0012717678 0)
(0.9992585 0.0013264483 0)
(0.99927531 0.0013823657 0)
(0.99929625 0.0014391639 0)
(0.99932152 0.0014964368 0)
(0.9993513 0.0015537333 0)
(0.9993857 0.001610564 0)
(0.99942478 0.0016664118 0)
(0.99946849 0.0017207426 0)
(0.99951675 0.001773018 0)
(0.99956935 0.0018227083 0)
(0.99962605 0.0018693044 0)
(0.99926408 0.00098654178 0)
(0.99926149 0.0010275739 0)
(0.99926056 0.0010708116 0)
(0.99926174 0.0011161559 0)
(0.9992654 0.0011635037 0)
(0.99927181 0.0012127205 0)
(0.99928125 0.0012636309 0)
(0.99929404 0.0013160105 0)
(0.99931043 0.0013695848 0)
(0.99933069 0.0014240296 0)
(0.99935503 0.0014789739 0)
(0.99938362 0.0015340033 0)
(0.99941658 0.0015886666 0)
(0.99945396 0.0016424839 0)
(0.99949575 0.0016949565 0)
(0.99954188 0.0017455783 0)
(0.99959219 0.001793847 0)
(0.99964644 0.0018392757 0)
(0.99929662 0.0009894013 0)
(0.99929477 0.0010288864 0)
(0.9992945 0.0010704328 0)
(0.99929621 0.0011139522 0)
(0.99930026 0.0011593523 0)
(0.99930688 0.0012065131 0)
(0.99931636 0.0012552767 0)
(0.99932896 0.0013054408 0)
(0.99934495 0.0013567566 0)
(0.99936457 0.0014089297 0)
(0.99938802 0.0014616212 0)
(0.99941547 0.0015144515 0)
(0.99944704 0.001567005 0)
(0.9994828 0.0016188374 0)
(0.99952276 0.0016694842 0)
(0.99956684 0.0017184706 0)
(0.99961493 0.001765322 0)
(0.99966682 0.0018095743 0)
(0.99932873 0.00099164081 0)
(0.99932758 0.0010296263 0)
(0.99932791 0.0010695381 0)
(0.99933012 0.0011112976 0)
(0.99933451 0.0011548224 0)
(0.99934134 0.001200005 0)
(0.99935083 0.0012467036 0)
(0.99936325 0.0012947358 0)
(0.99937885 0.0013438767 0)
(0.99939785 0.0013938588 0)
(0.99942045 0.0014443734 0)
(0.99944681 0.001495073 0)
(0.99947707 0.0015455757 0)
(0.99951128 0.001595471 0)
(0.99954946 0.001644327 0)
(0.99959159 0.0016916996 0)
(0.99963754 0.0017371416 0)
(0.99968715 0.0017802124 0)
(0.9993604 0.00099326959 0)
(0.99935988 0.0010298018 0)
(0.99936077 0.0010681345 0)
(0.99936343 0.0011081974 0)
(0.99936815 0.0011499172 0)
(0.99937514 0.0011931974 0)
(0.99938464 0.0012379107 0)
(0.99939688 0.0012838929 0)
(0.9994121 0.0013309408 0)
(0.99943051 0.0013788117 0)
(0.9994523 0.0014272249 0)
(0.99947763 0.0014758628 0)
(0.99950662 0.0015243749 0)
(0.99953934 0.0015723825 0)
(0.99957584 0.0016194853 0)
(0.99961608 0.0016652689 0)
(0.99965998 0.0017093131 0)
(0.99970739 0.0017512008 0)
(0.99939158 0.00099429741 0)
(0.99939165 0.001029422 0)
(0.99939305 0.0010662296 0)
(0.99939612 0.0011046577 0)
(0.99940113 0.0011446406 0)
(0.99940828 0.0011860921 0)
(0.99941777 0.0012288978 0)
(0.99942983 0.0012729101 0)
(0.99944469 0.0013179453 0)
(0.99946253 0.0013637839 0)
(0.99948354 0.0014101705 0)
(0.99950788 0.0014568155 0)
(0.99953566 0.0015033979 0)
(0.99956697 0.0015495691 0)
(0.99960185 0.0015949586 0)
(0.99964028 0.0016391806 0)
(0.9996822 0.0016818417 0)
(0.99972749 0.0017225484 0)
(0.99942225 0.00099473448 0)
(0.99942286 0.0010284963 0)
(0.99942473 0.0010638317 0)
(0.99942817 0.0011006849 0)
(0.99943344 0.0011389973 0)
(0.99944072 0.0011786917 0)
(0.99945019 0.0012196655 0)
(0.99946208 0.0012617859 0)
(0.99947657 0.0013048871 0)
(0.99949387 0.0013487707 0)
(0.99951414 0.0013932049 0)
(0.99953753 0.0014379259 0)
(0.99956416 0.0014826401 0)
(0.99959412 0.0015270271 0)
(0.99962745 0.001570745 0)
(0.99966415 0.0016134357 0)
(0.99970418 0.0016547314 0)
(0.99974742 0.0016942624 0)
(0.99945236 0.00099459139 0)
(0.99945346 0.0010270347 0)
(0.99945576 0.0010609494 0)
(0.99945955 0.0010962861 0)
(0.99946505 0.0011329925 0)
(0.99947243 0.0011709994 0)
(0.99948188 0.0012102147 0)
(0.99949358 0.0012505191 0)
(0.99950773 0.0012917634 0)
(0.9995245 0.001333768 0)
(0.99954406 0.001376323 0)
(0.99956655 0.0014191884 0)
(0.99959208 0.001462096 0)
(0.99962075 0.0015047523 0)
(0.9996526 0.0015468421 0)
(0.99968765 0.0015880336 0)
(0.99972586 0.0016279845 0)
(0.99976714 0.0016663481 0)
(0.99948188 0.00099387891 0)
(0.99948343 0.0010250471 0)
(0.99948613 0.0010575917 0)
(0.99949022 0.0010914688 0)
(0.99949592 0.0011266317 0)
(0.99950339 0.0011630186 0)
(0.9995128 0.0012005468 0)
(0.99952432 0.0012391093 0)
(0.99953813 0.0012785716 0)
(0.9995544 0.0013187717 0)
(0.99957328 0.0013595194 0)
(0.9995949 0.001400597 0)
(0.99961939 0.00144176 0)
(0.99964683 0.0014827395 0)
(0.99967727 0.0015232459 0)
(0.99971074 0.0015629727 0)
(0.9997472 0.0016016016 0)
(0.99978661 0.0016388089 0)
(0.99951076 0.00099260784 0)
(0.99951274 0.0010225437 0)
(0.99951578 0.0010537675 0)
(0.99952015 0.0010862405 0)
(0.99952603 0.0011199208 0)
(0.99953357 0.0011547531 0)
(0.99954293 0.0011906635 0)
(0.99955427 0.0012275559 0)
(0.99956775 0.0012653093 0)
(0.99958353 0.0013037776 0)
(0.99960176 0.001342789 0)
(0.99962256 0.0013821458 0)
(0.99964605 0.0014216256 0)
(0.99967232 0.0014609829 0)
(0.99970141 0.0014999518 0)
(0.99973337 0.0015382497 0)
(0.99976818 0.0015755819 0)
(0.99980578 0.0016116467 0)
(0.99953899 0.00099078889 0)
(0.99954134 0.0010195345 0)
(0.9995447 0.001049486 0)
(0.99954931 0.0010806086 0)
(0.99955535 0.0011128654 0)
(0.99956295 0.0011462067 0)
(0.99957225 0.0011805665 0)
(0.9995834 0.0012158585 0)
(0.99959656 0.0012519741 0)
(0.99961187 0.0012887817 0)
(0.99962948 0.0013261261 0)
(0.9996495 0.0013638282 0)
(0.99967203 0.0014016861 0)
(0.99969718 0.0014394757 0)
(0.999725 0.0014769537 0)
(0.99975552 0.0015138603 0)
(0.99978873 0.0015499228 0)
(0.99982461 0.001584861 0)
(0.99956651 0.00098843301 0)
(0.9995692 0.0010160299 0)
(0.99957286 0.0010447562 0)
(0.99957769 0.0010745812 0)
(0.99958386 0.0011054717 0)
(0.99959149 0.0011373836 0)
(0.99960072 0.001170258 0)
(0.99961169 0.0012040173 0)
(0.99962454 0.0012385642 0)
(0.9996394 0.0012737802 0)
(0.99965641 0.0013095254 0)
(0.99967568 0.0013456379 0)
(0.99969731 0.0013819343 0)
(0.9997214 0.001418211 0)
(0.99974799 0.0014542453 0)
(0.99977714 0.0014897989 0)
(0.99980884 0.0015246205 0)
(0.99984308 0.0015584503 0)
(0.99959332 0.00098554743 0)
(0.99959632 0.0010120369 0)
(0.99960023 0.0010395845 0)
(0.99960525 0.0010681628 0)
(0.99961153 0.0010977425 0)
(0.99961919 0.0011282845 0)
(0.99962835 0.0011597361 0)
(0.99963913 0.0011920281 0)
(0.99965167 0.0012250731 0)
(0.9996661 0.0012587646 0)
(0.99968254 0.0012929767 0)
(0.99970109 0.0013275632 0)
(0.99972187 0.001362358 0)
(0.99974494 0.0013971759 0)
(0.99977038 0.001431814 0)
(0.99979822 0.0014660541 0)
(0.99982848 0.001499665 0)
(0.99999862 2.5487619e-05 0)
(0.99992045 8.667819e-05 0)
(0.99978522 0.00016268138 0)
(0.99963599 0.0002542133 0)
(0.99948907 0.00036363288 0)
(0.99936221 0.00048714216 0)
(0.99926594 0.00061369159 0)
(0.99920138 0.00073140171 0)
(0.99916258 0.00083140029 0)
(0.99914118 0.00091097515 0)
(0.99999852 2.6690014e-05 0)
(0.99992106 9.0585559e-05 0)
(0.99978756 0.00016968677 0)
(0.99964134 0.0002643328 0)
(0.99949895 0.00037645126 0)
(0.99937776 0.00050141232 0)
(0.99928737 0.00062773897 0)
(0.99922785 0.00074369572 0)
(0.99919271 0.00084124201 0)
(0.9991737 0.00091836978 0)
(0.99999841 2.7924306e-05 5.0579562e-21)
(0.99992171 9.4574801e-05 0)
(0.99979005 0.00017679649 0)
(0.99964697 0.00027450935 0)
(0.99950925 0.00038917581 0)
(0.99939375 0.00051535338 0)
(0.99930912 0.00064121701 0)
(0.99925444 0.0007552861 0)
(0.99922277 0.00085035274 0)
(0.999206 0.00092506659 0)
(0.99999829 2.9190629e-05 0)
(0.99992241 9.8644058e-05 0)
(0.99979269 0.00018400308 0)
(0.9996529 0.00028472566 0)
(0.99951996 0.00040177892 0)
(0.99941016 0.00052893603 0)
(0.99933117 0.00065410809 0)
(0.99928112 0.00076616933 0)
(0.99925272 0.00085873744 0)
(0.99923804 0.00093107272 0)
(0.99999817 3.0489043e-05 5.2616834e-21)
(0.99992316 0.0001027911 0)
(0.99979548 0.00019129824 0)
(0.99965912 0.00029496342 0)
(0.99953106 0.00041423262 0)
(0.99942696 0.00054213197 0)
(0.99935346 0.00066639633 0)
(0.99930785 0.00077634311 0)
(0.99928252 0.00086640168 0)
(0.99926981 0.0009363959 0)
(0.99999804 3.1819534e-05 0)
(0.99992395 0.0001070133 0)
(0.99979842 0.00019867292 0)
(0.99966562 0.00030520337 0)
(0.99954255 0.00042650872 0)
(0.99944412 0.00055491407 0)
(0.99937597 0.00067806758 0)
(0.99933457 0.00078580645 0)
(0.99931214 0.00087335167 0)
(0.99930125 0.00094104436 0)
(0.9999979 3.3182016e-05 -5.4254473e-21)
(0.9999248 0.00011130767 0)
(0.99980153 0.00020611724 0)
(0.99967241 0.00031542533 0)
(0.99955439 0.00043857901 0)
(0.99946161 0.00056725652 0)
(0.99939863 0.00068910945 0)
(0.99936124 0.00079455954 0)
(0.99934154 0.00087959434 0)
(0.99933236 0.0009450269 0)
(0.99999774 3.4576338e-05 0)
(0.99992568 0.00011567079 0)
(0.99980478 0.00021362058 0)
(0.99967947 0.00032560837 0)
(0.99956657 0.0004504154 0)
(0.99947937 0.00057913495 0)
(0.99942141 0.00069951127 0)
(0.99938783 0.00080260379 0)
(0.99937067 0.00088513726 0)
(0.99936309 0.00094835288 0)
(0.99999758 3.6002312e-05 0)
(0.99992662 0.00012009893 0)
(0.99980819 0.00022117159 0)
(0.99968679 0.00033573082 0)
(0.99957906 0.00046199013 0)
(0.99949737 0.00059052656 0)
(0.99944425 0.00070926409 0)
(0.99941427 0.00080994173 0)
(0.99939951 0.00088998869 0)
(0.9993934 0.00095103215 0)
(0.9999974 3.7459761e-05 -2.7847575e-21)
(0.99992759 0.00012458802 0)
(0.99981174 0.00022875826 0)
(0.99969435 0.00034577044 0)
(0.99959183 0.00047327588 0)
(0.99951556 0.00060141015 0)
(0.9994671 0.00071836058 0)
(0.99944053 0.00081657694 0)
(0.999428 0.00089415748 0)
(0.99942326 0.00095307502 0)
(0.9999972 3.8948608e-05 0)
(0.99992858 0.00012913378 0)
(0.99981541 0.000236368 0)
(0.99970213 0.00035570451 0)
(0.99960484 0.00048424592 0)
(0.99953389 0.0006117662 0)
(0.9994899 0.000726795 0)
(0.99946655 0.00082251397 0)
(0.9994561 0.00089765299 0)
(0.99945264 0.00095449219 0)
(0.99999698 4.0469012e-05 0)
(0.9999296 0.00013373178 0)
(0.99981918 0.00024398764 0)
(0.9997101 0.00036550981 0)
(0.99961804 0.00049487414 0)
(0.9995523 0.00062157676 0)
(0.99951259 0.00073456296 0)
(0.99949228 0.00082775812 0)
(0.99948377 0.00090048498 0)
(0.99948148 0.00095529456 0)
(0.99999673 4.2021526e-05 5.5487749e-21)
(0.99993059 0.00013837747 0)
(0.99982302 0.0002516033 0)
(0.99971821 0.00037516258 0)
(0.99963138 0.00050513511 0)
(0.99957073 0.00063082549 0)
(0.99953512 0.00074166137 0)
(0.99951766 0.00083231535 0)
(0.99951095 0.00090266338 0)
(0.99950974 0.00095549309 0)
(0.99999642 4.3607461e-05 0)
(0.99993154 0.00014306612 0)
(0.9998269 0.00025920022 0)
(0.99972644 0.00038463824 0)
(0.99964481 0.00051500401 0)
(0.99958912 0.00063949769 0)
(0.99955742 0.00074808853 0)
(0.99954264 0.00083619238 0)
(0.9995376 0.00090419848 0)
(0.9995374 0.00095509882 0)
(0.99999601 4.5230773e-05 0)
(0.99993237 0.00014779367 0)
(0.99983077 0.00026676368 0)
(0.99973473 0.00039391162 0)
(0.99965829 0.0005244561 0)
(0.99960741 0.00064757907 0)
(0.99957944 0.00075384256 0)
(0.99956717 0.00083939542 0)
(0.99956369 0.00090510023 0)
(0.9995644 0.00095412282 0)
(0.99999544 4.6902111e-05 -5.359215e-21)
(0.99993303 0.00015255899 0)
(0.99983459 0.00027428044 0)
(0.99974304 0.00040295822 0)
(0.99967176 0.00053346412 0)
(0.99962556 0.00065505012 0)
(0.99960113 0.00075891479 0)
(0.99959121 0.00084192364 0)
(0.99958917 0.00090537237 0)
(0.99959073 0.0009525713 0)
(0.99999458 4.8708e-05 0)
(0.99993348 0.00015755717 0)
(0.99983848 0.00028203627 0)
(0.9997517 0.00041211584 0)
(0.99968575 0.00054235122 0)
(0.99964427 0.00066217312 0)
(0.99962334 0.00076348143 0)
(0.99961571 0.0008438598 0)
(0.99961506 0.0009050113 0)
(0.99961743 0.00095036844 0)
(0.99962047 0.00098200283 0)
(0.99962376 0.0010073814 0)
(0.99962791 0.0010337486 0)
(0.9996331 0.0010610804 0)
(0.99963948 0.0010893512 0)
(0.99964715 0.0011185265 0)
(0.99965622 0.0011485599 0)
(0.99966681 0.0011793897 0)
(0.99967905 0.0012109379 0)
)
;

boundaryField
{
    inlet
    {
        type            fixedValue;
        value           uniform (1 0 0);
    }
    top
    {
        type            zeroGradient;
    }
    outlet
    {
        type            zeroGradient;
    }
    slipsurface
    {
        type            slip;
    }
    bottom
    {
        type            fixedValue;
        value           nonuniform List<vector> 0();
    }
    frontandback
    {
        type            empty;
    }
    procBoundary2to0
    {
        type            processor;
        value           nonuniform List<vector> 
17
(
(0.99963362 0.0020067574 0)
(0.99965111 0.0019750259 0)
(0.99966875 0.0019435426 0)
(0.99968651 0.0019123286 0)
(0.99970436 0.0018814033 0)
(0.99972226 0.0018507842 0)
(0.99974019 0.0018204876 0)
(0.99975811 0.0017905275 0)
(0.99977597 0.0017609163 0)
(0.99979374 0.0017316646 0)
(0.99981137 0.0017027809 0)
(0.99982883 0.0016742716 0)
(0.99984608 0.0016461412 0)
(0.99986307 0.001618392 0)
(0.99987977 0.0015910249 0)
(0.99986114 0.0015324068 0)
(0.99986114 0.0015324068 0)
)
;
    }
    procBoundary2to3
    {
        type            processor;
        value           nonuniform List<vector> 
28
(
(0.99969304 0.0012431096 0)
(0.99970891 0.001275792 0)
(0.99972675 0.0013088538 0)
(0.99974667 0.0013421456 0)
(0.99976875 0.0013755001 0)
(0.99979304 0.0014087334 0)
(0.9998196 0.0014416467 0)
(0.99984843 0.001474029 0)
(0.99999329 5.0863619e-05 0)
(0.9999337 0.0001632933 0)
(0.99984283 0.00029075031 0)
(0.99976159 0.00042220582 0)
(0.99970166 0.00055185534 0)
(0.99966538 0.00066948301 0)
(0.99964822 0.00076782686 0)
(0.99964303 0.0008452391 0)
(0.99964384 0.00090383381 0)
(0.99964704 0.0009471544 0)
(0.99965054 0.00097731091 0)
(0.99965412 0.0010014699 0)
(0.99965851 0.0010265445 0)
(0.99966388 0.0010525145 0)
(0.99967034 0.001079358 0)
(0.99967801 0.001107045 0)
(0.99968697 0.0011355351 0)
(0.99969734 0.0011647744 0)
(0.99969304 0.0012431096 0)
(0.99970923 0.0011946947 0)
)
;
    }
    procBoundary2to6
    {
        type            processor;
        value           nonuniform List<vector> 
28
(
(0.99909599 0.00096266219 0)
(0.99908878 0.0010121742 0)
(0.99908376 0.0010647762 0)
(0.99908158 0.0011202906 0)
(0.99908278 0.001178533 0)
(0.99908776 0.0012392701 0)
(0.99909692 0.0013022056 0)
(0.99911066 0.0013669711 0)
(0.99912935 0.0014331254 0)
(0.9991533 0.0015001589 0)
(0.99918276 0.0015674994 0)
(0.9992179 0.001634522 0)
(0.99925878 0.0017005631 0)
(0.99930539 0.0017649375 0)
(0.99935759 0.0018269578 0)
(0.99941516 0.0018859542 0)
(0.99947775 0.0019412922 0)
(0.99954496 0.0019923872 0)
(0.99999871 2.4316918e-05 -2.3497696e-21)
(0.99991988 8.2854191e-05 0)
(0.99978303 0.000155787 0)
(0.99963093 0.00024416707 0)
(0.9994796 0.00035074779 0)
(0.99934714 0.00047257305 0)
(0.99924489 0.0005990942 0)
(0.99917506 0.00071840892 0)
(0.99913239 0.00082082325 0)
(0.99910845 0.00090287605 0)
)
;
    }
}


// ************************************************************************* //
