/*--------------------------------*- C++ -*----------------------------------*\
  =========                 |
  \\      /  F ield         | OpenFOAM: The Open Source CFD Toolbox
   \\    /   O peration     | Website:  https://openfoam.org
    \\  /    A nd           | Version:  12
     \\/     M anipulation  |
\*---------------------------------------------------------------------------*/
FoamFile
{
    format      ascii;
    class       volScalarField;
    location    "1300";
    object      omega;
}
// * * * * * * * * * * * * * * * * * * * * * * * * * * * * * * * * * * * * * //

dimensions      [0 0 -1 0 0 0 0];

internalField   nonuniform List<scalar> 
466
(
39.873771
39.166811
38.464092
37.765888
37.072463
36.384075
35.700972
35.023395
34.351576
33.685737
33.026091
32.372842
31.726184
31.086303
30.453373
29.827559
29.209018
28.597895
27.994326
27.398438
26.810346
26.230157
25.657968
39.874259
39.167282
38.464545
37.766322
37.072878
36.38447
35.701349
35.023753
34.351915
33.686057
33.026393
32.373127
31.726452
31.086555
30.453609
29.827781
29.209226
28.598091
27.994509
27.398609
26.810506
26.230307
25.658109
25.093998
24.538053
23.990342
23.450925
39.874748
39.167754
38.464999
37.766757
37.073294
36.384868
35.701727
35.024112
34.352255
33.686379
33.026697
32.373413
31.726721
31.086808
30.453847
29.828004
29.209436
28.598287
27.994693
27.398781
26.810667
26.230458
25.658249
25.094129
24.538176
23.990457
23.451032
39.875238
39.168226
38.465454
37.767194
37.073712
36.385266
35.702106
35.024472
34.352597
33.686702
33.027002
32.3737
31.726992
31.087062
30.454086
29.828228
29.209645
28.598483
27.994877
27.398953
26.810828
26.230608
25.65839
25.094261
24.538298
23.990571
23.451138
39.875726
39.168698
38.465908
37.76763
37.07413
36.385666
35.702487
35.024834
34.352939
33.687026
33.027308
32.373989
31.727263
31.087317
30.454325
29.828453
29.209856
28.59868
27.995061
27.399125
26.810989
26.230758
25.65853
25.094391
24.53842
23.990684
23.451243
39.876214
39.169169
38.466362
37.768066
37.074548
36.386065
35.702867
35.025195
34.353282
33.68735
33.027614
32.374277
31.727535
31.087572
30.454565
29.828677
29.210066
28.598876
27.995245
27.399297
26.811149
26.230907
25.658669
25.09452
24.53854
23.990796
23.451346
39.876699
39.169639
38.466815
37.768501
37.074965
36.386463
35.703247
35.025556
34.353625
33.687675
33.02792
32.374566
31.727807
31.087827
30.454804
29.828901
29.210276
28.599072
27.995428
27.399468
26.811308
26.231055
25.658807
25.094649
24.538659
23.990906
23.451448
39.877182
39.170106
38.467265
37.768934
37.07538
36.386861
35.703626
35.025917
34.353967
33.687998
33.028226
32.374854
31.728078
31.088082
30.455043
29.829125
29.210485
28.599268
27.99561
27.399637
26.811466
26.231202
25.658943
25.094775
24.538776
23.991014
23.451548
39.877662
39.17057
38.467713
37.769365
37.075793
36.387256
35.704003
35.026276
34.354307
33.688321
33.028531
32.375141
31.728348
31.088336
30.45528
29.829347
29.210692
28.599462
27.995791
27.399805
26.811622
26.231347
25.659077
25.094899
24.538891
23.99112
23.451646
39.878137
39.17103
38.468157
37.769793
37.076204
36.387649
35.704378
35.026633
34.354646
33.688642
33.028834
32.375427
31.728616
31.088588
30.455516
29.829568
29.210899
28.599654
27.995969
27.399972
26.811776
26.23149
25.65921
25.095022
24.539004
23.991224
23.451741
39.878607
39.171486
38.468597
37.770217
37.076611
36.388038
35.704749
35.026986
34.354982
33.68896
33.029134
32.37571
31.728883
31.088838
30.45575
29.829787
29.211103
28.599844
27.996146
27.400135
26.811928
26.231631
25.659339
25.095141
24.539113
23.991324
23.451833
39.879072
39.171936
38.469033
37.770636
37.077013
36.388424
35.705118
35.027337
34.355315
33.689275
33.029432
32.375991
31.729146
31.089085
30.455982
29.830003
29.211304
28.600031
27.99632
27.400297
26.812077
26.231768
25.659466
25.095257
24.53922
23.991422
23.451922
39.87953
39.17238
38.469461
37.771049
37.07741
36.388804
35.705481
35.027683
34.355643
33.689586
33.029726
32.376267
31.729406
31.089329
30.45621
29.830216
29.211502
28.600215
27.99649
27.400454
26.812223
26.231902
25.659589
25.09537
24.539323
23.991515
23.452007
39.87998
39.172817
38.469884
37.771456
37.077802
36.389179
35.705839
35.028024
34.355967
33.689893
33.030015
32.37654
31.729663
31.089569
30.456434
29.830425
29.211696
28.600395
27.996657
27.400608
26.812364
26.232032
25.659708
25.095479
24.539421
23.991605
23.452087
39.880464
39.173287
38.470339
37.771896
37.078225
36.389585
35.706228
35.028396
34.356321
33.690229
33.030334
32.376842
31.729947
31.089836
30.456685
29.83066
29.211917
28.600601
27.996849
27.400786
26.812529
26.232185
25.659849
25.095608
24.539541
23.991714
23.452187
40.592267
39.881128
39.173936
38.470972
37.772513
37.078824
36.390167
35.706791
35.02894
34.356846
33.690735
33.030821
32.377309
31.730395
31.090266
30.457096
29.831053
29.212292
28.600959
27.99719
27.401112
26.81284
26.23248
25.66013
25.095876
24.539795
23.991956
23.452417
40.592878
39.881726
39.17452
38.471542
37.773067
37.079362
36.390688
35.707295
35.029426
34.357314
33.691185
33.031253
32.377723
31.730791
31.090644
30.457458
29.831398
29.21262
28.601271
27.997487
27.401394
26.813108
26.232735
25.660371
25.096105
24.540012
23.992161
23.452611
27.997684
27.401576
26.813276
26.232889
25.660513
25.096234
24.54013
23.992268
23.452708
)
;

boundaryField
{
    inlet
    {
        type            fixedValue;
        value           nonuniform List<scalar> 0();
    }
    top
    {
        type            zeroGradient;
    }
    outlet
    {
        type            zeroGradient;
    }
    slipsurface
    {
        type            slip;
    }
    bottom
    {
        beta1           0.075;
        blended         false;
        type            omegaWallFunction;
        value           nonuniform List<scalar> 0();
    }
    frontandback
    {
        type            empty;
    }
    procBoundary0to1
    {
        type            processor;
        value           nonuniform List<scalar> 
29
(
40.59339
39.882227
39.175007
38.472014
37.773524
37.079803
36.391112
35.707701
35.029815
34.357685
33.691537
33.031587
32.378038
31.731089
31.090924
30.45772
29.831643
29.212849
28.601484
28.601484
27.997881
27.401755
26.813438
26.233035
25.660643
25.09635
24.540231
23.992356
23.452783
)
;
    }
    procBoundary0to2
    {
        type            processor;
        value           nonuniform List<scalar> 
17
(
40.584691
40.585197
40.585702
40.586207
40.586712
40.587214
40.587715
40.588213
40.588706
40.589196
40.58968
40.590158
40.590629
40.591092
40.591589
40.591589
41.307062
)
;
    }
    procBoundary0to3
    {
        type            processor;
        value           uniform 41.307685;
    }
    procBoundary0to4
    {
        type            processor;
        value           nonuniform List<scalar> 
28
(
39.873284
39.166341
38.463641
37.765456
37.07205
36.383681
35.700598
35.02304
34.35124
33.685419
33.025791
32.37256
31.725919
31.086053
30.453138
29.827339
29.208811
28.597701
27.994144
27.398267
26.810186
26.230007
25.657827
25.093866
25.093866
24.53793
23.990227
23.450817
)
;
    }
    procBoundary0to10
    {
        type            processor;
        value           uniform 22.921498;
    }
    procBoundary0to11
    {
        type            processor;
        value           nonuniform List<scalar> 
16
(
22.91985
22.91995
22.920049
22.920146
22.920242
22.920336
22.920428
22.920518
22.920605
22.920689
22.920769
22.920846
22.920918
22.921009
22.921227
22.921411
)
;
    }
}


// ************************************************************************* //
