/*--------------------------------*- C++ -*----------------------------------*\
  =========                 |
  \\      /  F ield         | OpenFOAM: The Open Source CFD Toolbox
   \\    /   O peration     | Website:  https://openfoam.org
    \\  /    A nd           | Version:  12
     \\/     M anipulation  |
\*---------------------------------------------------------------------------*/
FoamFile
{
    format      ascii;
    class       volVectorField;
    location    "100";
    object      U;
}
// * * * * * * * * * * * * * * * * * * * * * * * * * * * * * * * * * * * * * //

dimensions      [0 1 -1 0 0 0 0];

internalField   nonuniform List<vector> 
820
(
(0.0080920921 2.0381857e-10 0)
(0.0080781274 1.9321188e-10 0)
(0.0080643 1.8305226e-10 0)
(0.0080505985 1.7331292e-10 0)
(0.0080370115 1.6395691e-10 0)
(0.0080235271 1.5496571e-10 0)
(0.0080101324 1.4633688e-10 0)
(0.0079968135 1.3807388e-10 0)
(0.0079835566 1.3016772e-10 0)
(0.0079703496 1.2259621e-10 0)
(0.0079571818 1.1533637e-10 0)
(0.0079440432 1.0837095e-10 0)
(0.0079309223 1.0168746e-10 0)
(0.0079178062 9.5273126e-11 0)
(0.0079046766 8.9106737e-11 0)
(0.0078915492 8.3175329e-11 0)
(0.0078785963 7.7711927e-11 0)
(0.0078660834 7.2979679e-11 0)
(0.0078540723 6.8914074e-11 0)
(0.0078425196 6.5370694e-11 0)
(0.0078313869 6.2233957e-11 0)
(0.0078206495 5.9431279e-11 0)
(0.0078102863 5.6903809e-11 0)
(0.0078002818 5.459538e-11 0)
(0.0077906229 5.2466875e-11 0)
(0.0077812974 5.0495135e-11 0)
(0.0077722919 4.8665055e-11 0)
(0.007763592 4.6961019e-11 0)
(0.0077551837 4.5373184e-11 0)
(0.0077470535 4.388894e-11 0)
(0.007739188 4.2501665e-11 0)
(0.0077315748 4.1215873e-11 0)
(0.0077241991 4.0005743e-11 0)
(0.0077170541 3.8982872e-11 0)
(0.0077100947 3.7839399e-11 0)
(0.007703403 3.7765145e-11 0)
(0.0076965593 1.193812e-10 0)
(0.0076907494 4.2813398e-11 4.9151789e-23)
(0.0076811123 9.2309881e-11 0)
(0.024393155 3.1731327e-09 0)
(0.024350987 3.0068056e-09 0)
(0.024309232 2.8476505e-09 0)
(0.024267858 2.6955829e-09 0)
(0.02422683 2.5503299e-09 0)
(0.024186111 2.4116984e-09 0)
(0.024145663 2.2795291e-09 0)
(0.024105445 2.1535449e-09 0)
(0.024065414 2.0332435e-09 0)
(0.024025534 1.9180615e-09 0)
(0.023985772 1.8076006e-09 0)
(0.0239461 1.7017035e-09 0)
(0.023906481 1.6003103e-09 0)
(0.023866877 1.5035851e-09 0)
(0.023827233 1.4096918e-09 0)
(0.023787596 1.3239449e-09 0)
(0.023748488 1.2557821e-09 0)
(0.023710714 1.2025229e-09 0)
(0.023674458 1.1563412e-09 0)
(0.023639589 1.113977e-09 0)
(0.023605991 1.074554e-09 0)
(0.023573587 1.0372198e-09 0)
(0.023542315 1.0015606e-09 0)
(0.023512126 9.6720386e-10 0)
(0.023482981 9.3400659e-10 0)
(0.023454843 9.0200576e-10 0)
(0.02342767 8.7131288e-10 0)
(0.02340142 8.4198555e-10 0)
(0.023376051 8.1398829e-10 0)
(0.02335152 7.8728426e-10 0)
(0.023327788 7.6182503e-10 0)
(0.023304817 7.376832e-10 0)
(0.023282562 7.1459468e-10 0)
(0.023261004 6.9401148e-10 0)
(0.023240006 6.7169591e-10 0)
(0.023219815 6.656175e-10 0)
(0.023199169 6.3170373e-10 0)
(0.023181637 7.5677399e-10 -9.0718747e-23)
(0.023152555 4.8468919e-10 1.3915993e-23)
(0.041049647 9.3459105e-09 0)
(0.040978514 8.856308e-09 0)
(0.040908079 8.3877785e-09 0)
(0.040838285 7.9400228e-09 0)
(0.040769074 7.512197e-09 0)
(0.040700385 7.1037239e-09 0)
(0.040632155 6.7141476e-09 0)
(0.040564311 6.3426987e-09 0)
(0.040496784 5.9879524e-09 0)
(0.040429512 5.6482913e-09 0)
(0.040362443 5.3225527e-09 0)
(0.040295523 5.0102548e-09 0)
(0.040228694 4.7111994e-09 0)
(0.040161893 4.4258146e-09 0)
(0.040095025 4.1489409e-09 0)
(0.04002817 3.8953168e-09 0)
(0.039962214 3.6917953e-09 0)
(0.039898517 3.5315864e-09 0)
(0.03983739 3.3927472e-09 0)
(0.039778609 3.2658256e-09 0)
(0.039721975 3.1481055e-09 0)
(0.039667361 3.0370377e-09 0)
(0.039614657 2.9313296e-09 0)
(0.039563782 2.8298057e-09 0)
(0.039514668 2.73197e-09 0)
(0.039467252 2.6378659e-09 0)
(0.039421465 2.5477666e-09 0)
(0.039377234 2.4617909e-09 0)
(0.039334486 2.3798175e-09 0)
(0.039293151 2.3017101e-09 0)
(0.039253163 2.2273144e-09 0)
(0.039214457 2.1568447e-09 0)
(0.039176958 2.0894934e-09 0)
(0.039140632 2.0295822e-09 0)
(0.03910525 1.9645129e-09 0)
(0.039071226 1.9473918e-09 0)
(0.039036441 1.8195547e-09 0)
(0.039006893 2.2176666e-09 0)
(0.038957879 1.3934918e-09 0)
(0.058302331 1.9269314e-08 0)
(0.058200954 1.8259904e-08 0)
(0.058100572 1.7293923e-08 0)
(0.058001102 1.6370751e-08 0)
(0.057902463 1.5488658e-08 0)
(0.057804569 1.4646453e-08 0)
(0.057707328 1.3843189e-08 0)
(0.057610639 1.307728e-08 0)
(0.057514404 1.2345804e-08 0)
(0.057418533 1.1645438e-08 0)
(0.057322952 1.0973785e-08 0)
(0.057227586 1.0329841e-08 0)
(0.057132353 9.7131943e-09 0)
(0.057037161 9.1247267e-09 0)
(0.056941877 8.5538352e-09 0)
(0.056846613 8.0307526e-09 0)
(0.056752642 7.6107187e-09 0)
(0.05666191 7.2799377e-09 0)
(0.056574859 6.9933184e-09 0)
(0.056491164 6.7313719e-09 0)
(0.056410539 6.4884488e-09 0)
(0.0563328 6.2593099e-09 0)
(0.056257788 6.0412803e-09 0)
(0.056185385 5.8319241e-09 0)
(0.056115494 5.6302089e-09 0)
(0.056048021 5.4362124e-09 0)
(0.055982869 5.2504902e-09 0)
(0.055919932 5.0732829e-09 0)
(0.055859106 4.9043372e-09 0)
(0.055800292 4.7433688e-09 0)
(0.055743393 4.5900565e-09 0)
(0.055688319 4.444839e-09 0)
(0.055634962 4.3060482e-09 0)
(0.055583273 4.1825833e-09 0)
(0.055532925 4.0484792e-09 0)
(0.055484509 4.0131426e-09 0)
(0.055435015 3.7526309e-09 0)
(0.05539296 4.5733431e-09 0)
(0.055323198 2.8706932e-09 0)
(0.076396874 3.3481857e-08 0)
(0.076263446 3.1728151e-08 0)
(0.076131326 3.0049849e-08 0)
(0.076000407 2.8445867e-08 0)
(0.075870579 2.6913204e-08 0)
(0.075741732 2.5449784e-08 0)
(0.075613746 2.4053957e-08 0)
(0.075486488 2.2722979e-08 0)
(0.075359828 2.1451806e-08 0)
(0.075233652 2.0234697e-08 0)
(0.075107859 1.9067485e-08 0)
(0.074982352 1.7948415e-08 0)
(0.074857023 1.6876757e-08 0)
(0.074731753 1.5854032e-08 0)
(0.074606367 1.4861926e-08 0)
(0.074481009 1.395251e-08 0)
(0.074357375 1.322132e-08 0)
(0.074238037 1.2644959e-08 0)
(0.074123574 1.2145599e-08 0)
(0.074013551 1.1689419e-08 0)
(0.073907586 1.126654e-08 0)
(0.073805432 1.0867827e-08 0)
(0.073706875 1.0488623e-08 0)
(0.073611757 1.0124656e-08 0)
(0.073519946 9.7740973e-09 0)
(0.073431319 9.4370489e-09 0)
(0.073345743 9.1144483e-09 0)
(0.073263079 8.8066957e-09 0)
(0.07318319 8.5133393e-09 0)
(0.073105944 8.2338753e-09 0)
(0.073031213 7.967735e-09 0)
(0.072958879 7.715674e-09 0)
(0.072888798 7.4747849e-09 0)
(0.072820907 7.2605151e-09 0)
(0.072754776 7.0277795e-09 0)
(0.072691179 6.9664032e-09 0)
(0.072626169 6.5169258e-09 0)
(0.072570914 7.9428774e-09 -1.1674134e-22)
(0.072479252 4.9822012e-09 1.7908116e-23)
(0.095583891 5.2855486e-08 0)
(0.095416074 5.0087427e-08 0)
(0.0952499 4.7438303e-08 0)
(0.095085233 4.4906369e-08 0)
(0.094921938 4.248688e-08 0)
(0.094759876 4.0176543e-08 0)
(0.094598897 3.7972758e-08 0)
(0.094438836 3.5871224e-08 0)
(0.094279531 3.3864063e-08 0)
(0.094120838 3.194227e-08 0)
(0.093962631 3.0099271e-08 0)
(0.093804788 2.8332262e-08 0)
(0.093647173 2.6640063e-08 0)
(0.093489637 2.5025034e-08 0)
(0.093331965 2.3458525e-08 0)
(0.093174332 2.2021697e-08 0)
(0.093018897 2.0864334e-08 0)
(0.09286892 1.9950818e-08 0)
(0.09272512 1.9159491e-08 0)
(0.092586941 1.8437066e-08 0)
(0.092453892 1.7767811e-08 0)
(0.092325655 1.7137199e-08 0)
(0.092201958 1.6537854e-08 0)
(0.092082592 1.5962938e-08 0)
(0.091967388 1.5409482e-08 0)
(0.091856188 1.4877573e-08 0)
(0.091748823 1.4368625e-08 0)
(0.091645116 1.388323e-08 0)
(0.091544891 1.3420648e-08 0)
(0.091447985 1.2980062e-08 0)
(0.091354234 1.2560553e-08 0)
(0.091263488 1.2163301e-08 0)
(0.091175568 1.1783699e-08 0)
(0.091090392 1.1446115e-08 0)
(0.091007421 1.107943e-08 0)
(0.090927626 1.0982762e-08 0)
(0.090846059 1.0274634e-08 0)
(0.090776709 1.2527491e-08 0)
(0.090661661 7.8523301e-09 -1.0205979e-23)
(0.11611618 7.8608429e-08 0)
(0.11591112 7.4492509e-08 0)
(0.11570807 7.0553284e-08 0)
(0.11550686 6.6788103e-08 0)
(0.11530732 6.3189876e-08 0)
(0.11510928 5.9753683e-08 0)
(0.11491257 5.6475667e-08 0)
(0.11471699 5.3349503e-08 0)
(0.11452233 5.0363613e-08 0)
(0.11432842 4.7504711e-08 0)
(0.11413511 4.4763029e-08 0)
(0.11394225 4.2134345e-08 0)
(0.11374968 3.961685e-08 0)
(0.11355721 3.7213976e-08 0)
(0.11336459 3.4883586e-08 0)
(0.11317201 3.2744519e-08 0)
(0.11298217 3.1017644e-08 0)
(0.11279907 2.9652343e-08 0)
(0.11262359 2.8469883e-08 0)
(0.11245503 2.7391257e-08 0)
(0.11229277 2.6392766e-08 0)
(0.11213643 2.5452672e-08 0)
(0.11198565 2.4559937e-08 0)
(0.11184017 2.3704223e-08 0)
(0.11169979 2.2880966e-08 0)
(0.11156429 2.2090156e-08 0)
(0.11143348 2.1333784e-08 0)
(0.11130713 2.0612648e-08 0)
(0.11118503 1.9925604e-08 0)
(0.11106697 1.9271396e-08 0)
(0.11095275 1.8648618e-08 0)
(0.1108422 1.8059005e-08 0)
(0.11073508 1.7495674e-08 0)
(0.11063131 1.699485e-08 0)
(0.11053022 1.6450839e-08 0)
(0.11043299 1.6307563e-08 0)
(0.1103336 1.5256574e-08 -1.6795694e-23)
(0.11024907 1.8608242e-08 0)
(0.11010882 1.1657849e-08 0)
(0.13824086 1.1234652e-07 0)
(0.13799529 1.0646573e-07 0)
(0.1377521 1.0083713e-07 0)
(0.13751112 9.5456837e-08 0)
(0.13727213 9.0314659e-08 0)
(0.13703494 8.5403526e-08 0)
(0.13679933 8.0717947e-08 0)
(0.13656508 7.6249011e-08 0)
(0.13633194 7.19804e-08 0)
(0.1360997 6.7893299e-08 0)
(0.13586819 6.3973769e-08 0)
(0.13563722 6.0215692e-08 0)
(0.13540659 5.6616397e-08 0)
(0.13517611 5.318065e-08 0)
(0.13494545 4.9849027e-08 0)
(0.13471485 4.678826e-08 0)
(0.13448759 4.4310815e-08 0)
(0.13426851 4.2348252e-08 0)
(0.13405863 4.0648835e-08 0)
(0.13385712 3.910009e-08 0)
(0.13366321 3.7667668e-08 0)
(0.13347643 3.6320255e-08 0)
(0.13329633 3.5041974e-08 0)
(0.1331226 3.3817768e-08 0)
(0.13295498 3.2640863e-08 0)
(0.13279321 3.151102e-08 0)
(0.13263704 3.0430882e-08 0)
(0.13248622 2.9401463e-08 0)
(0.13234046 2.8421047e-08 0)
(0.13219954 2.7487771e-08 0)
(0.1320632 2.6599566e-08 0)
(0.13193123 2.5758874e-08 0)
(0.13180337 2.4955808e-08 0)
(0.13167949 2.4242129e-08 0)
(0.13155879 2.346688e-08 0)
(0.13144271 2.3263047e-08 0)
(0.13132404 2.1765325e-08 0)
(0.13122308 2.6554548e-08 2.7283794e-22)
(0.13105556 1.6630581e-08 -1.3951708e-23)
(0.16218272 1.5612813e-07 0)
(0.1618931 1.4795873e-07 0)
(0.16160629 1.4013922e-07 0)
(0.16132206 1.3266404e-07 0)
(0.16104017 1.2551892e-07 0)
(0.16076039 1.1869398e-07 0)
(0.16048248 1.1218162e-07 0)
(0.16020616 1.059697e-07 0)
(0.15993116 1.0003588e-07 0)
(0.15965723 9.4354295e-08 0)
(0.15938415 8.8905621e-08 0)
(0.15911172 8.3681221e-08 0)
(0.1588397 7.8677248e-08 0)
(0.15856786 7.3900103e-08 0)
(0.15829583 6.9268472e-08 0)
(0.15802387 6.5009139e-08 0)
(0.15775592 6.1551207e-08 0)
(0.15749775 5.8805735e-08 0)
(0.15725056 5.6428833e-08 0)
(0.15701333 5.4264936e-08 0)
(0.15678513 5.2265563e-08 0)
(0.15656539 5.0386797e-08 0)
(0.15635357 4.860642e-08 0)
(0.15614928 4.6903062e-08 0)
(0.15595221 4.5266906e-08 0)
(0.15576204 4.3697258e-08 0)
(0.15557847 4.2197474e-08 0)
(0.15540119 4.0768752e-08 0)
(0.15522988 3.9408584e-08 0)
(0.15506425 3.8114272e-08 0)
(0.15490401 3.6882844e-08 0)
(0.1547489 3.5717641e-08 0)
(0.15459861 3.4604836e-08 0)
(0.154453 3.3616376e-08 0)
(0.15431112 3.2542574e-08 0)
(0.15417466 3.2260956e-08 0)
(0.15403514 3.0187088e-08 0)
(0.1539164 3.6838779e-08 0)
(0.15371936 2.3066613e-08 -1.6601757e-23)
(0.18811346 2.1252367e-07 0)
(0.18777639 2.0140932e-07 0)
(0.18744256 1.9077023e-07 0)
(0.18711171 1.8059859e-07 0)
(0.18678357 1.7087483e-07 0)
(0.18645788 1.6158541e-07 0)
(0.18613435 1.5272006e-07 0)
(0.18581266 1.4426261e-07 0)
(0.18549251 1.361832e-07 0)
(0.18517359 1.2844704e-07 0)
(0.18485568 1.210279e-07 0)
(0.18453851 1.1391384e-07 0)
(0.18422184 1.0709941e-07 0)
(0.18390536 1.0059299e-07 0)
(0.18358868 9.4285835e-08 0)
(0.1832721 8.8479158e-08 0)
(0.18296026 8.374919e-08 0)
(0.18265996 7.9984223e-08 0)
(0.1823726 7.6725281e-08 0)
(0.18209694 7.3761797e-08 0)
(0.18183189 7.1026641e-08 0)
(0.18157674 6.8459427e-08 0)
(0.18133087 6.602969e-08 0)
(0.18109379 6.3707666e-08 0)
(0.18086511 6.1479375e-08 0)
(0.18064448 5.9343321e-08 0)
(0.18043153 5.7303583e-08 0)
(0.18022588 5.536147e-08 0)
(0.18002717 5.3513376e-08 0)
(0.17983504 5.175547e-08 0)
(0.17964918 5.0083554e-08 0)
(0.17946926 4.8502103e-08 0)
(0.17929492 4.6992156e-08 0)
(0.179126 4.5651715e-08 0)
(0.1789614 4.4195405e-08 0)
(0.17880307 4.3814772e-08 0)
(0.17864118 4.1003592e-08 -5.6321575e-23)
(0.17850334 5.0050467e-08 0)
(0.1782746 3.1335554e-08 -3.9731599e-23)
(0.21610053 2.8463018e-07 0)
(0.21571337 2.6975596e-07 0)
(0.21532989 2.5551649e-07 0)
(0.2149498 2.4190102e-07 0)
(0.21457279 2.2888309e-07 0)
(0.21419857 2.1644444e-07 0)
(0.21382681 2.0457151e-07 3.6890559e-33)
(0.21345715 1.9324307e-07 0)
(0.21308924 1.8242002e-07 0)
(0.21272274 1.7205639e-07 0)
(0.21235738 1.6211718e-07 0)
(0.21199287 1.5258613e-07 0)
(0.21162892 1.4345564e-07 0)
(0.21126521 1.3473643e-07 0)
(0.21090126 1.2628572e-07 0)
(0.21053741 1.1849601e-07 0)
(0.2101791 1.1212746e-07 0)
(0.20983425 1.0704409e-07 0)
(0.20950443 1.0264466e-07 0)
(0.2091882 9.8648981e-08 0)
(0.20888425 9.496549e-08 0)
(0.20859177 9.1512432e-08 0)
(0.20830999 8.8248716e-08 0)
(0.20803836 8.5133487e-08 0)
(0.2077764 8.2147132e-08 0)
(0.20752368 7.9286826e-08 0)
(0.20727978 7.6557315e-08 0)
(0.20704426 7.3959878e-08 0)
(0.20681669 7.1489413e-08 0)
(0.20659667 6.914055e-08 0)
(0.20638382 6.6907448e-08 0)
(0.20617777 6.4795999e-08 0)
(0.2059781 6.2780596e-08 0)
(0.20578462 6.0992654e-08 0)
(0.20559608 5.9049906e-08 0)
(0.20541471 5.8544328e-08 0)
(0.20522923 5.4796638e-08 0)
(0.20507125 6.6901861e-08 0)
(0.20480905 4.1884219e-08 0)
(0.24603269 3.759832e-07 0)
(0.24559455 3.5635534e-07 0)
(0.24516052 3.3756296e-07 0)
(0.24473027 3.1959147e-07 0)
(0.24430346 3.0240561e-07 0)
(0.24387976 2.8598115e-07 0)
(0.2434588 2.7030041e-07 -3.9270087e-33)
(0.24304019 2.5533607e-07 0)
(0.24262352 2.4103771e-07 0)
(0.24220843 2.2734547e-07 0)
(0.24179459 2.1421336e-07 0)
(0.24138171 2.0161953e-07 0)
(0.24096943 1.8955357e-07 0)
(0.2405574 1.7802892e-07 0)
(0.2401451 1.6686102e-07 0)
(0.23973287 1.5655308e-07 0)
(0.23932703 1.4809293e-07 0)
(0.23893662 1.4132005e-07 0)
(0.23856343 1.3545916e-07 0)
(0.23820576 1.3014288e-07 0)
(0.23786213 1.252479e-07 0)
(0.23753156 1.2066501e-07 0)
(0.23721318 1.1633959e-07 0)
(0.23690632 1.1221627e-07 0)
(0.23661043 1.0826792e-07 0)
(0.23632502 1.0448963e-07 0)
(0.23604959 1.0088667e-07 0)
(0.23578363 9.7460066e-08 0)
(0.23552666 9.4202689e-08 0)
(0.23527821 9.1107119e-08 0)
(0.23503785 8.8165331e-08 0)
(0.23480517 8.5384983e-08 0)
(0.23457968 8.2731928e-08 0)
(0.23436118 8.038009e-08 0)
(0.23414821 7.7824179e-08 0)
(0.23394334 7.7162526e-08 0)
(0.2337338 7.2235746e-08 0)
(0.23355525 8.8212975e-08 0)
(0.23325886 5.5227377e-08 0)
(0.277532 4.9029318e-07 0)
(0.27704495 4.647338e-07 0)
(0.2765624 4.4025886e-07 0)
(0.27608396 4.1684901e-07 0)
(0.27560927 3.9445788e-07 0)
(0.27513797 3.7305375e-07 0)
(0.27466964 3.5261391e-07 0)
(0.27420388 3.3310392e-07 0)
(0.27374022 3.144595e-07 0)
(0.27327826 2.9660392e-07 0)
(0.27281765 2.7947754e-07 0)
(0.27235804 2.6305144e-07 0)
(0.27189907 2.4731156e-07 0)
(0.27144032 2.3227452e-07 0)
(0.27098126 2.1770505e-07 0)
(0.27052222 2.0423901e-07 0)
(0.27007036 1.9314277e-07 0)
(0.26963587 1.8423244e-07 0)
(0.26922073 1.7652259e-07 0)
(0.26882301 1.6953791e-07 0)
(0.26844102 1.6311444e-07 0)
(0.26807366 1.5710818e-07 0)
(0.26771993 1.5144751e-07 0)
(0.26737905 1.4605848e-07 0)
(0.26705041 1.4090386e-07 0)
(0.26673343 1.3597583e-07 0)
(0.26642755 1.312799e-07 0)
(0.2661322 1.2681649e-07 0)
(0.26584683 1.2257582e-07 0)
(0.26557093 1.1854777e-07 0)
(0.265304 1.1472147e-07 0)
(0.26504558 1.1110675e-07 0)
(0.26479514 1.0765862e-07 0)
(0.26455244 1.046045e-07 0)
(0.26431587 1.0128463e-07 0)
(0.26408826 1.0043052e-07 0)
(0.26385543 9.4036168e-08 0)
(0.26365697 1.1486032e-07 0)
(0.26332747 7.1915679e-08 0)
(0.30988969 6.3096926e-07 0)
(0.30935974 5.9813661e-07 0)
(0.30883456 5.6669144e-07 0)
(0.30831375 5.366087e-07 0)
(0.30779692 5.078283e-07 0)
(0.30728367 4.8030937e-07 0)
(0.30677358 4.5402328e-07 0)
(0.30626618 4.2892704e-07 0)
(0.30576099 4.049401e-07 0)
(0.30525758 3.8196537e-07 0)
(0.30475555 3.5992661e-07 0)
(0.30425454 3.3878614e-07 0)
(0.30375414 3.185253e-07 0)
(0.30325393 2.9916438e-07 0)
(0.3027533 2.8040748e-07 0)
(0.30225263 2.6304731e-07 0)
(0.30175983 2.4868603e-07 0)
(0.30128611 2.3711924e-07 0)
(0.30083364 2.2711122e-07 0)
(0.30040029 2.1805524e-07 0)
(0.29998418 2.0973621e-07 0)
(0.29958409 2.0196684e-07 0)
(0.29919891 1.946547e-07 0)
(0.29882778 1.877023e-07 0)
(0.29847 1.8105958e-07 0)
(0.29812494 1.7471457e-07 0)
(0.29779196 1.6867261e-07 0)
(0.29747046 1.6293319e-07 0)
(0.29715982 1.5748305e-07 0)
(0.29685948 1.5230866e-07 0)
(0.29656889 1.473955e-07 0)
(0.29628756 1.4275604e-07 0)
(0.29601489 1.3833183e-07 0)
(0.29575062 1.3441649e-07 0)
(0.295493 1.301593e-07 0)
(0.29524513 1.2907175e-07 0)
(0.29499152 1.208781e-07 0)
(0.29477528 1.4767778e-07 2.4658817e-22)
(0.29441619 9.2473418e-08 0)
(0.34209469 8.005492e-07 0)
(0.34153159 7.5898586e-07 0)
(0.34097343 7.1917078e-07 0)
(0.34041979 6.8107241e-07 0)
(0.33987025 6.4461417e-07 0)
(0.33932441 6.0974427e-07 0)
(0.3387818 5.7642717e-07 0)
(0.33824195 5.4461008e-07 0)
(0.33770435 5.1419338e-07 0)
(0.33716854 4.8505593e-07 0)
(0.33663409 4.5710172e-07 0)
(0.33610063 4.3028248e-07 0)
(0.33556773 4.0457402e-07 0)
(0.33503493 3.8000086e-07 0)
(0.33450159 3.5619574e-07 0)
(0.33396811 3.3413418e-07 0)
(0.333443 3.1581659e-07 0)
(0.33293833 3.0102199e-07 0)
(0.33245639 2.88221e-07 0)
(0.3319949 2.7664991e-07 0)
(0.33155184 2.6603076e-07 0)
(0.33112589 2.5612368e-07 0)
(0.33071587 2.468114e-07 0)
(0.33032082 2.3796748e-07 0)
(0.32994001 2.2952602e-07 0)
(0.32957274 2.2146939e-07 0)
(0.32921835 2.1380247e-07 0)
(0.32887616 2.0652332e-07 0)
(0.32854553 1.9961439e-07 0)
(0.32822585 1.9305792e-07 0)
(0.32791654 1.8683487e-07 0)
(0.32761707 1.809609e-07 0)
(0.32732681 1.7536113e-07 0)
(0.32704547 1.7040958e-07 0)
(0.32677117 1.6502403e-07 0)
(0.32650725 1.6365871e-07 0)
(0.32623717 1.5329994e-07 0)
(0.32600683 1.8732505e-07 0)
(0.32562428 1.1731555e-07 -4.2034101e-23)
(0.37301341 1.0004013e-06 0)
(0.37242878 9.4859252e-07 0)
(0.37184916 8.9895185e-07 0)
(0.37127411 8.5144095e-07 0)
(0.37070321 8.0596385e-07 0)
(0.37013603 7.6245607e-07 0)
(0.36957211 7.2087418e-07 0)
(0.36901093 6.8115422e-07 0)
(0.36845199 6.4317455e-07 0)
(0.36789479 6.0678607e-07 0)
(0.36733892 5.7186969e-07 0)
(0.36678396 5.3836471e-07 0)
(0.36622948 5.0624055e-07 0)
(0.365675 4.7552665e-07 0)
(0.36511988 4.4577309e-07 0)
(0.36456448 4.1816551e-07 0)
(0.36401777 3.9516849e-07 0)
(0.36349238 3.7654866e-07 0)
(0.36299069 3.6043708e-07 0)
(0.36251033 3.4588614e-07 0)
(0.36204917 3.3254246e-07 0)
(0.36160588 3.2010397e-07 0)
(0.36117917 3.0842476e-07 0)
(0.36076808 2.9734387e-07 0)
(0.3603718 2.8677613e-07 0)
(0.35998963 2.7669714e-07 0)
(0.35962086 2.6711085e-07 0)
(0.35926479 2.5801348e-07 0)
(0.35892075 2.4938239e-07 0)
(0.35858811 2.411947e-07 0)
(0.35826625 2.3342603e-07 0)
(0.35795462 2.2609579e-07 0)
(0.35765257 2.1910955e-07 0)
(0.35735979 2.1293683e-07 0)
(0.35707433 2.0622085e-07 0)
(0.35679966 2.045313e-07 0)
(0.35651855 1.916207e-07 0)
(0.35627877 2.3419073e-07 2.9395419e-22)
(0.35588053 1.4668609e-07 0)
(0.40168235 1.2311125e-06 0)
(0.40108662 1.1675176e-06 0)
(0.40049592 1.1065701e-06 0)
(0.3999098 1.0482257e-06 0)
(0.39932782 9.9236587e-07 0)
(0.39874954 9.3891174e-07 0)
(0.3981745 8.8781095e-07 0)
(0.39760218 8.3898683e-07 0)
(0.39703204 7.9229249e-07 0)
(0.3964636 7.4754663e-07 0)
(0.39589642 7.0460363e-07 0)
(0.39533009 6.6338864e-07 0)
(0.39476417 6.2386398e-07 0)
(0.39419816 5.8606482e-07 0)
(0.39363141 5.4944679e-07 0)
(0.3930643 5.1543396e-07 0)
(0.39250601 4.8702354e-07 0)
(0.39196949 4.6397354e-07 0)
(0.39145719 4.4402693e-07 0)
(0.39096668 4.260246e-07 0)
(0.39049579 4.0952444e-07 0)
(0.39004316 3.9415251e-07 0)
(0.38960749 3.7973114e-07 0)
(0.38918779 3.6605915e-07 0)
(0.38878323 3.530289e-07 0)
(0.38839309 3.4060799e-07 0)
(0.38801665 3.2879931e-07 0)
(0.3876532 3.1759682e-07 0)
(0.38730204 3.0697207e-07 0)
(0.38696253 2.9689623e-07 0)
(0.38663404 2.8733864e-07 0)
(0.38631601 2.783233e-07 0)
(0.38600776 2.6973284e-07 0)
(0.38570899 2.6214782e-07 0)
(0.38541768 2.5389286e-07 0)
(0.3851374 2.5183034e-07 0)
(0.38485053 2.3597035e-07 0)
(0.38460585 2.884276e-07 0)
(0.38419951 1.8067937e-07 0)
(0.42755243 1.4935292e-06 0)
(0.42695245 1.4165559e-06 0)
(0.4263575 1.3427713e-06 0)
(0.42576713 1.2721263e-06 0)
(0.42518089 1.2044772e-06 0)
(0.42459834 1.1397284e-06 0)
(0.42401901 1.0778177e-06 0)
(0.42344236 1.0186537e-06 0)
(0.42286787 9.6206067e-07 0)
(0.42229504 9.0782031e-07 0)
(0.42172343 8.557568e-07 0)
(0.42115264 8.0577941e-07 0)
(0.4205822 7.5784285e-07 0)
(0.42001163 7.1198899e-07 0)
(0.41944027 6.6756667e-07 0)
(0.41886847 6.2626748e-07 0)
(0.41830556 5.9169265e-07 0)
(0.41776461 5.6359517e-07 0)
(0.41724809 5.3927833e-07 0)
(0.41675355 5.1734266e-07 0)
(0.41627881 4.9724326e-07 0)
(0.41582252 4.7852363e-07 0)
(0.41538336 4.6097286e-07 0)
(0.41496034 4.4434355e-07 0)
(0.41455263 4.2850248e-07 0)
(0.4141595 4.1340815e-07 0)
(0.41378022 3.9906235e-07 0)
(0.41341406 3.8545658e-07 0)
(0.41306034 3.7255583e-07 0)
(0.41271839 3.6032463e-07 0)
(0.41238759 3.4872492e-07 0)
(0.41206735 3.3778632e-07 0)
(0.411757 3.2736499e-07 0)
(0.41145623 3.1816856e-07 0)
(0.411163 3.081574e-07 -2.1288018e-34)
(0.41088092 3.0566923e-07 0)
(0.41059219 2.8645061e-07 -1.3548496e-22)
(0.41034598 3.5014875e-07 -6.2356029e-22)
(0.40993721 2.1936269e-07 0)
(0.45054115 1.7898527e-06 0)
(0.44993963 1.6977795e-06 0)
(0.44934315 1.6095038e-06 0)
(0.44875128 1.5249746e-06 0)
(0.44816355 1.4440195e-06 0)
(0.44757953 1.366524e-06 0)
(0.44699872 1.2924145e-06 0)
(0.4464206 1.221583e-06 0)
(0.44584464 1.1538199e-06 0)
(0.44527032 1.0888649e-06 0)
(0.44469722 1.0265076e-06 0)
(0.44412493 9.6663979e-07 0)
(0.44355299 9.0920802e-07 0)
(0.44298091 8.5426205e-07 0)
(0.44240802 8.0103068e-07 0)
(0.44183468 7.5150296e-07 0)
(0.44127028 7.0996015e-07 0)
(0.44072794 6.7615506e-07 0)
(0.44021015 6.4689566e-07 0)
(0.43971444 6.2051123e-07 0)
(0.43923861 5.9634061e-07 0)
(0.43878136 5.7382703e-07 0)
(0.43834135 5.527296e-07 0)
(0.43791758 5.3274803e-07 0)
(0.43750923 5.1372009e-07 0)
(0.43711555 4.9559426e-07 0)
(0.43673582 4.7837103e-07 0)
(0.43636931 4.6203993e-07 0)
(0.43601532 4.4655796e-07 0)
(0.43567318 4.3188276e-07 0)
(0.43534227 4.1796796e-07 0)
(0.43502199 4.048484e-07 0)
(0.43471166 3.9235165e-07 0)
(0.43441097 3.8132878e-07 0)
(0.43411788 3.6932663e-07 1.9039177e-34)
(0.43383599 3.6635263e-07 0)
(0.43354747 3.4334099e-07 -1.365025e-22)
(0.43330152 4.1968046e-07 0)
(0.43289336 2.6293652e-07 0)
(0.47090882 2.1242465e-06 0)
(0.47030524 2.0151209e-06 0)
(0.46970679 1.9104778e-06 0)
(0.46911298 1.81027e-06 0)
(0.46852337 1.7142916e-06 0)
(0.46793751 1.6224069e-06 0)
(0.46735491 1.5345291e-06 0)
(0.46677503 1.4505307e-06 0)
(0.46619732 1.3701632e-06 0)
(0.46562129 1.2931175e-06 0)
(0.46504651 1.219144e-06 0)
(0.46447255 1.1481147e-06 0)
(0.46389898 1.0799682e-06 0)
(0.46332529 1.0147628e-06 0)
(0.46275081 9.515936e-07 0)
(0.46217588 8.9277721e-07 0)
(0.46161 8.4335764e-07 0)
(0.46106637 8.0309675e-07 0)
(0.46054744 7.6824598e-07 0)
(0.46005075 7.3682862e-07 0)
(0.45957407 7.080456e-07 0)
(0.45911612 6.8123617e-07 0)
(0.45867555 6.5611995e-07 0)
(0.45825136 6.3233831e-07 0)
(0.45784271 6.0969739e-07 0)
(0.45744886 5.8813308e-07 0)
(0.45706907 5.676494e-07 0)
(0.4567026 5.4822441e-07 0)
(0.45634876 5.2982047e-07 0)
(0.45600686 5.1236839e-07 0)
(0.45567626 4.95833e-07 0)
(0.45535638 4.8023743e-07 0)
(0.45504652 4.653936e-07 0)
(0.45474637 4.5229657e-07 0)
(0.45445388 4.3804067e-07 0)
(0.45417264 4.3452298e-07 0)
(0.45388481 4.0722502e-07 0)
(0.45363957 4.9772837e-07 0)
(0.45323275 3.1181269e-07 -1.4607238e-22)
(0.48908156 2.5029484e-06 0)
(0.4884736 2.3744865e-06 0)
(0.48787085 2.2512773e-06 0)
(0.48727284 2.1332892e-06 0)
(0.48667912 2.0202774e-06 0)
(0.48608921 1.9120813e-06 0)
(0.48550264 1.8085992e-06 0)
(0.48491885 1.7096808e-06 0)
(0.48433728 1.6150324e-06 0)
(0.48375745 1.5242881e-06 0)
(0.48317891 1.4371537e-06 0)
(0.48260126 1.3534787e-06 0)
(0.48202404 1.2731941e-06 0)
(0.48144675 1.1963674e-06 0)
(0.48086871 1.1219445e-06 0)
(0.48029025 1.0526009e-06 0)
(0.47972103 9.9423413e-07 0)
(0.47917438 9.4663174e-07 0)
(0.47865275 9.0542118e-07 0)
(0.47815364 8.6828e-07 0)
(0.50551495 2.9341353e-06 0)
(0.50489945 2.78361e-06 0)
(0.5042893 2.6392245e-06 0)
(0.50368401 2.5009589e-06 0)
(0.50308312 2.3685231e-06 0)
(0.50248616 2.2417301e-06 0)
(0.50189262 2.1204595e-06 0)
(0.50130196 2.004535e-06 0)
(0.5007136 1.8936111e-06 0)
(0.50012705 1.7872573e-06 0)
(0.49954186 1.6851273e-06 0)
(0.49895763 1.5870457e-06 0)
(0.4983739 1.4929379e-06 0)
(0.49779017 1.4028703e-06 0)
(0.49720574 1.3156471e-06 0)
(0.49662095 1.2342922e-06 0)
(0.49604567 1.1657062e-06 0)
(0.49549346 1.1096881e-06 0)
(0.49496679 1.0611992e-06 0)
(0.4944631 1.0174869e-06 0)
)
;

boundaryField
{
    bottom
    {
        type            fixedValue;
        value           uniform (0 0 0);
    }
    back
    {
        type            empty;
    }
    front
    {
        type            empty;
    }
    inlet
    {
        type            fixedValue;
        value           nonuniform List<vector> 0();
    }
    outlet
    {
        type            zeroGradient;
    }
    top
    {
        type            zeroGradient;
    }
    slipsurface
    {
        type            slip;
    }
    procBoundary10to8
    {
        type            processor;
        value           nonuniform List<vector> 
22
(
(0.0081062034 2.1488887e-10 0)
(0.024435767 3.3474763e-09 0)
(0.041121528 9.8589845e-09 0)
(0.058404771 2.0327102e-08 0)
(0.0765317 3.5319558e-08 0)
(0.095753463 5.5756003e-08 0)
(0.11632337 8.2921076e-08 0)
(0.13848898 1.1850799e-07 0)
(0.16247533 1.6468673e-07 0)
(0.18845399 2.2416638e-07 0)
(0.21649163 3.0020961e-07 0)
(0.24647523 3.9653865e-07 0)
(0.27802384 5.170558e-07 0)
(0.31042475 6.6534063e-07 0)
(0.34266309 8.4405076e-07 0)
(0.37360342 1.0546137e-06 0)
(0.40228346 1.297644e-06 0)
(0.42815778 1.574043e-06 0)
(0.45114807 1.8861487e-06 0)
(0.47151782 2.2383684e-06 0)
(0.48969505 2.6372965e-06 0)
(0.50613609 3.0915412e-06 0)
)
;
    }
    procBoundary10to11
    {
        type            processor;
        value           nonuniform List<vector> 
41
(
(0.4776748 8.3426442e-07 0)
(0.47721493 8.0256304e-07 0)
(0.47677268 7.7287111e-07 0)
(0.47634702 7.4476248e-07 0)
(0.47593709 7.1800719e-07 0)
(0.47554214 6.9252948e-07 0)
(0.47516143 6.6833238e-07 0)
(0.4747942 6.4539045e-07 0)
(0.47443974 6.2365648e-07 0)
(0.47409736 6.0305129e-07 0)
(0.47376641 5.8352977e-07 0)
(0.47344628 5.6512336e-07 0)
(0.47313628 5.4760789e-07 0)
(0.47283609 5.3216061e-07 0)
(0.47254364 5.1534782e-07 0)
(0.47226253 5.1118698e-07 0)
(0.47197487 4.7905943e-07 -7.0024264e-23)
(0.47172989 5.8545706e-07 3.2233591e-22)
(0.47132369 3.6672655e-07 -9.9117535e-23)
(0.4776748 8.3426442e-07 0)
(0.52062032 3.4279927e-06 0)
(0.51999396 3.2521582e-06 0)
(0.5193731 3.0834679e-06 0)
(0.51875727 2.9219392e-06 0)
(0.51814597 2.7672242e-06 0)
(0.51753873 2.6191034e-06 0)
(0.51693503 2.477436e-06 0)
(0.51633432 2.342015e-06 0)
(0.51573602 2.2124334e-06 0)
(0.51513962 2.0881856e-06 0)
(0.51454468 1.9688658e-06 0)
(0.51395077 1.8542697e-06 0)
(0.51335746 1.7443136e-06 0)
(0.51276421 1.6390746e-06 0)
(0.51217035 1.5371719e-06 0)
(0.51157616 1.4420485e-06 0)
(0.51099186 1.3616796e-06 0)
(0.51043134 1.2959439e-06 0)
(0.50989707 1.2390267e-06 0)
(0.49398006 9.774652e-07 0)
(0.50938641 1.187755e-06 0)
)
;
    }
}


// ************************************************************************* //
