/*--------------------------------*- C++ -*----------------------------------*\
  =========                 |
  \\      /  F ield         | OpenFOAM: The Open Source CFD Toolbox
   \\    /   O peration     | Website:  https://openfoam.org
    \\  /    A nd           | Version:  12
     \\/     M anipulation  |
\*---------------------------------------------------------------------------*/
FoamFile
{
    format      ascii;
    class       volScalarField;
    location    "700";
    object      p;
}
// * * * * * * * * * * * * * * * * * * * * * * * * * * * * * * * * * * * * * //

dimensions      [0 2 -2 0 0 0 0];

internalField   nonuniform List<scalar> 
1749
(
0.0089895428
0.00015933539
0.0015500123
0.0029259825
0.0032030614
0.0032320371
0.0032225526
0.0031546695
0.0030827924
0.0030122872
0.0029424378
0.0028757996
0.0028127825
0.002752775
0.0026949438
0.0026390541
0.0025853744
0.0025340008
0.0024849645
0.0024384707
0.0023947568
0.0023542649
0.0023176004
0.0022844805
0.0022526679
0.002218679
0.002177275
0.0021261287
0.0020652623
0.0019964587
0.0019247124
0.0018526102
0.0017822027
0.0017147148
0.0016498793
0.001588145
0.0015298182
0.0014741544
0.0014215925
0.0089819899
0.00028157118
0.0015601364
0.0029258956
0.0032070584
0.0032348194
0.0032245817
0.003156348
0.0030843892
0.0030136815
0.0029436457
0.0028768504
0.0028137033
0.0027535903
0.0026956666
0.0026396897
0.0025859286
0.0025344985
0.0024854151
0.0024388804
0.0023951308
0.0023546079
0.0023179172
0.002284776
0.0022529472
0.0022189467
0.0021775337
0.0021263786
0.0020655017
0.0019966852
0.001924924
0.0018528061
0.001782383
0.0017148803
0.0016500309
0.0015882837
0.0015299451
0.0014742705
0.0014216986
0.0089741647
0.00040280463
0.0015706071
0.0029260084
0.0032105936
0.0032373986
0.0032266357
0.0031580019
0.0030859938
0.0030151054
0.0029448885
0.0028779357
0.0028146562
0.0027544347
0.0026964208
0.0026403539
0.0025865125
0.0025350168
0.0024858847
0.0024393073
0.0023955205
0.0023549655
0.0023182474
0.0022850839
0.0022532382
0.0022192254
0.0021778027
0.0021266383
0.0020657504
0.0019969204
0.0019251437
0.0018530095
0.0017825701
0.0017150519
0.0016501881
0.0015884275
0.0015300766
0.0014743907
0.0014218085
0.0089660585
0.00052296232
0.0015815279
0.0029262914
0.0032134463
0.0032399139
0.0032286767
0.0031596187
0.0030875946
0.0030165527
0.0029461634
0.0028790542
0.0028156409
0.002755308
0.0026972033
0.002641049
0.0025871274
0.0025355566
0.0024863738
0.0024397521
0.0023959266
0.002355338
0.0023185914
0.0022854047
0.0022535411
0.0022195152
0.0021780823
0.002126908
0.0020660085
0.0019971644
0.0019253716
0.0018532204
0.0017827642
0.00171523
0.0016503511
0.0015885766
0.0015302128
0.0014745152
0.0014219223
0.0089576569
0.00064199796
0.0015929409
0.0029267113
0.0032158954
0.0032424844
0.0032306837
0.0031611846
0.0030891795
0.0030180159
0.0029474669
0.0028802042
0.0028166566
0.0027562099
0.0026980122
0.0026417753
0.00258777
0.0025361222
0.0024868824
0.002440215
0.0023963493
0.0023557258
0.0023189496
0.0022857386
0.0022538563
0.0022198164
0.0021783726
0.0021271878
0.0020662762
0.0019974175
0.001925608
0.0018534391
0.0017829654
0.0017154145
0.0016505199
0.0015887309
0.0015303539
0.001474644
0.0014220401
0.0089489521
0.00075998503
0.0016048092
0.0029272594
0.0032182693
0.0032450223
0.003232681
0.0031626826
0.0030907364
0.0030194862
0.0029487946
0.0028813838
0.0028177023
0.0027571402
0.0026988471
0.0026425294
0.0025884403
0.0025367178
0.0024874113
0.0024406965
0.0023967891
0.0023561294
0.0023193224
0.002286086
0.0022541839
0.0022201293
0.0021786739
0.002127478
0.0020665537
0.0019976797
0.0019258529
0.0018536658
0.0017831739
0.0017156056
0.0016506948
0.0015888908
0.0015304999
0.0014747774
0.0014221619
0.0089399493
0.00087706802
0.0016170908
0.0029279061
0.0032206794
0.0032472535
0.0032347599
0.0031640986
0.0030922533
0.0030209536
0.002950141
0.0028825903
0.0028187767
0.0027580984
0.0026997075
0.0026433086
0.0025891406
0.0025373419
0.0024879635
0.0024411968
0.0023972464
0.0023565492
0.00231971
0.0022864471
0.0022545243
0.0022204541
0.0021789862
0.0021277787
0.0020668412
0.0019979514
0.0019261067
0.0018539006
0.0017833899
0.0017158036
0.0016508759
0.0015890563
0.001530651
0.0014749154
0.0014222879
0.0089306544
0.00099341315
0.0016297226
0.0029286317
0.0032231262
0.0032490973
0.0032370444
0.0031654348
0.0030937175
0.0030224073
0.0029514993
0.0028838204
0.0028198784
0.0027590838
0.0027005935
0.0026441115
0.002589869
0.0025379925
0.0024885439
0.0024417163
0.0023977216
0.0023569854
0.0023201129
0.0022868224
0.0022548777
0.002220791
0.0021793099
0.00212809
0.0020671387
0.0019982326
0.0019263693
0.0018541436
0.0017836134
0.0017160085
0.0016510633
0.0015892275
0.0015308074
0.0014750581
0.0014224181
0.0089210733
0.0011091633
0.0016426697
0.0029294567
0.0032255918
0.0032507911
0.0032395226
0.0031667095
0.0030951126
0.0030238362
0.002952862
0.00288507
0.0028210052
0.0027600955
0.0027015047
0.0026449378
0.0025906218
0.0025386713
0.0024891523
0.0024422573
0.0023982148
0.0023574386
0.0023205315
0.0022872121
0.0022552445
0.0022211402
0.0021796452
0.0021284122
0.0020674465
0.0019985235
0.0019266411
0.0018543952
0.0017838448
0.0017162205
0.0016512573
0.0015894047
0.0015309691
0.0014752056
0.0014225528
0.0089112126
0.0012244244
0.0016564195
0.0029303851
0.0032280438
0.0032525149
0.0032419006
0.0031679552
0.003096424
0.0030252295
0.00295422
0.002886334
0.0028221547
0.0027611323
0.0027024407
0.0026457872
0.0025913971
0.0025393776
0.002489786
0.002442825
0.0023987264
0.002357909
0.002320966
0.0022876166
0.0022556249
0.002221502
0.0021799921
0.0021287455
0.0020677648
0.0019988242
0.0019269222
0.0018546554
0.0017840842
0.0017164399
0.0016514579
0.0015895879
0.0015311363
0.0014753582
0.001422692
0.0089010715
0.0013392729
0.0016723575
0.0029314096
0.0032303786
0.0032542561
0.0032438792
0.0031692489
0.0030976545
0.0030265754
0.0029555636
0.0028876062
0.0028233236
0.0027621927
0.0027034009
0.0026466597
0.002592194
0.0025401075
0.0024904464
0.0024434203
0.0023992582
0.0023583969
0.0023214169
0.0022880361
0.0022560192
0.0022218766
0.002180351
0.0021290899
0.0020680937
0.0019991351
0.0019272127
0.0018549244
0.0017843317
0.0017166668
0.0016516654
0.0015897774
0.0015313092
0.0014755159
0.0014228358
0.0088906404
0.0014537103
0.0016932219
0.0029325675
0.0032324296
0.0032559657
0.0032455432
0.0031706419
0.003098825
0.0030278586
0.0029568831
0.0028888793
0.0028245079
0.0027632745
0.0027043843
0.002647555
0.0025930122
0.0025408586
0.0024911337
0.0024440398
0.0023998156
0.0023589024
0.0023218845
0.0022884711
0.0022564276
0.0022222643
0.0021807219
0.0021294457
0.0020684333
0.0019994562
0.001927513
0.0018552025
0.0017845877
0.0017169014
0.0016518799
0.0015899733
0.001531488
0.0014756789
0.0014229845
0.0088799068
0.0015676083
0.0017225475
0.0029340068
0.0032340871
0.0032576397
0.0032471501
0.0031719985
0.0030999638
0.0030290666
0.0029581684
0.0028901451
0.0028257027
0.0027643752
0.0027053896
0.0026484726
0.0025938517
0.0025416299
0.0024918439
0.0024446849
0.0024004001
0.0023594271
0.0023223689
0.0022889218
0.0022568505
0.0022226652
0.0021811051
0.002129813
0.0020687839
0.0019997877
0.0019278231
0.0018554899
0.0017848522
0.0017171439
0.0016521017
0.0015901758
0.0015316728
0.0014758474
0.0014231381
0.0088688631
0.0016807256
0.0017621263
0.002936238
0.0032355275
0.0032593041
0.00324879
0.0031730743
0.0031011286
0.0030302053
0.0029594072
0.0028913948
0.0028269018
0.0027654913
0.0027064152
0.0026494118
0.0025947122
0.002542421
0.0024925742
0.0024453561
0.002401008
0.0023599767
0.0023228702
0.0022893884
0.002257288
0.0022230795
0.0021815008
0.002130192
0.0020691456
0.0020001298
0.0019281432
0.0018557867
0.0017851255
0.0017173945
0.0016523309
0.0015903851
0.0015318638
0.0014760215
0.0014232969
0.0088575067
0.0017927358
0.0018109342
0.002939717
0.0032369924
0.0032609743
0.0032504295
0.0031738646
0.0031023784
0.0030312967
0.0029605842
0.0028926197
0.0028280982
0.0027666187
0.0027074588
0.0026503716
0.0025955935
0.002543232
0.0024933235
0.0024460495
0.0024016405
0.0023605529
0.00232339
0.0022898711
0.0022577404
0.0022235075
0.0021819091
0.0021305829
0.0020695186
0.0020004827
0.0019284736
0.0018560931
0.0017854078
0.0017176535
0.0016525678
0.0015906015
0.0015320611
0.0014762015
0.0014234609
0.0088458359
0.001903151
0.0018660569
0.0029440083
0.003238529
0.0032626371
0.0032520476
0.0031746038
0.0031036151
0.003032365
0.0029616915
0.0028938102
0.0028292838
0.0027677522
0.0027085176
0.0026513506
0.002596495
0.0025440625
0.0024940914
0.002446762
0.0024022986
0.0023611518
0.0023239341
0.00229037
0.0022582079
0.0022239493
0.0021823301
0.0021309857
0.0020699029
0.0020008465
0.0019288145
0.0018564094
0.0017856993
0.001717921
0.0016528125
0.001590825
0.0015322651
0.0014763874
0.0014236304
0.0088338486
0.002011057
0.0019230927
0.0029483085
0.0032401105
0.0032642892
0.0032536638
0.0031754047
0.003104603
0.0030334607
0.0029627413
0.0028949531
0.0028304497
0.0027688856
0.002709588
0.0026523469
0.0025974159
0.0025449125
0.0024948778
0.0024474925
0.0024029781
0.0023617747
0.0023245042
0.0022908866
0.0022586906
0.0022244052
0.002182764
0.0021314006
0.0020702988
0.0020012214
0.0019291659
0.0018567358
0.0017860002
0.0017181972
0.0016530653
0.0015910559
0.0015324758
0.0014765795
0.0014238055
0.0088215438
0.0021152699
0.0019780936
0.0029522689
0.003241711
0.0032659641
0.0032552982
0.0031762131
0.0031053138
0.0030346316
0.0029637548
0.0028960328
0.002831587
0.0027700119
0.0027106658
0.0026533581
0.0025983549
0.0025457815
0.0024956827
0.0024482404
0.0024036757
0.0023624224
0.0023250964
0.0022914267
0.0022591886
0.0022248752
0.002183211
0.0021318277
0.0020707064
0.0020016075
0.0019295282
0.0018570725
0.0017863108
0.0017184824
0.0016533264
0.0015912945
0.0015326935
0.001476778
0.0014239864
0.008808923
0.0022143531
0.0020293273
0.0029559014
0.0032433261
0.0032676751
0.003256945
0.0031769933
0.0031059652
0.0030357623
0.0029647558
0.0028970485
0.0028326859
0.0027711236
0.0027117455
0.0026543812
0.0025993105
0.0025466687
0.0024965058
0.0024490056
0.0024043901
0.0023630907
0.0023257118
0.0022919922
0.0022597033
0.0022253592
0.0021836712
0.0021322671
0.0020711258
0.002002005
0.0019299014
0.0018574196
0.0017866313
0.0017187769
0.0016535961
0.001591541
0.0015329185
0.0014769831
0.0014241734
0.0087959897
0.0023069078
0.0020764392
0.0029593059
0.0032449592
0.0032694046
0.003258586
0.0031777607
0.0031066625
0.0030366453
0.002965803
0.0028980216
0.0028337335
0.0027722128
0.0027128212
0.0026554123
0.0026002805
0.0025475731
0.0024973467
0.0024497881
0.0024051209
0.0023637761
0.0023263512
0.0022925788
0.0022602405
0.0022258575
0.0021841444
0.002132719
0.0020715571
0.0020024141
0.0019302858
0.0018577774
0.0017869619
0.0017190808
0.0016538745
0.0015917956
0.0015331509
0.0014771951
0.0014243666
0.0087827499
0.0023925389
0.002119583
0.0029625527
0.0032466174
0.0032711374
0.0032602277
0.00317854
0.0031073536
0.0030373103
0.0029669225
0.0028989721
0.0028347215
0.0027732707
0.0027138861
0.0026564467
0.002601262
0.0025484931
0.0024982049
0.0024505878
0.0024058678
0.0023644772
0.00232701
0.0022931873
0.0022608015
0.0022263721
0.0021846307
0.0021331834
0.0020720004
0.0020028348
0.0019306815
0.0018581461
0.0017873028
0.0017193944
0.001654162
0.0015920585
0.001533391
0.0014774141
0.0014245662
0.0087692114
0.0024718183
0.0021590242
0.0029656748
0.0032483114
0.0032728714
0.0032618995
0.0031793422
0.0031080057
0.0030379569
0.0029679383
0.0028999215
0.0028356598
0.0027742859
0.002714933
0.0026574787
0.0026022515
0.0025494268
0.0024990793
0.0024514044
0.002406631
0.0023651934
0.0023276849
0.0022938184
0.0022613824
0.0022269072
0.0021851305
0.0021336602
0.0020724557
0.0020032674
0.0019310888
0.0018585259
0.0017876543
0.001719718
0.0016544588
0.0015923301
0.0015336391
0.0014776404
0.0014247725
0.0087553846
0.0025456796
0.0021950339
0.0029686843
0.0032500503
0.0032746139
0.0032636063
0.0031801507
0.0031086302
0.0030386346
0.0029686791
0.0029009271
0.0028365697
0.0027752473
0.0027159538
0.0026585018
0.0026032447
0.0025503717
0.0024999685
0.0024522371
0.0024074102
0.0023659246
0.002328374
0.0022944674
0.0022619834
0.0022274632
0.002185647
0.0021341494
0.0020729231
0.0020037118
0.0019315076
0.0018589169
0.0017880165
0.0017200517
0.0016547651
0.0015926104
0.0015338953
0.0014778742
0.0014249857
0.0087412823
0.0026150633
0.0022278172
0.0029715652
0.0032518387
0.0032763717
0.0032653279
0.0031809572
0.0031092497
0.0030392899
0.0029692812
0.0029019564
0.0028374706
0.0027761582
0.0027169379
0.0026595085
0.0026042362
0.0025513243
0.0025008708
0.0024530853
0.0024082053
0.0023666708
0.0023290769
0.0022951308
0.002262604
0.0022280378
0.0021861821
0.0021346517
0.0020734027
0.0020041681
0.0019319382
0.0018593194
0.0017883898
0.0017203959
0.0016550812
0.0015929
0.00153416
0.0014781158
0.0014252061
0.0087269197
0.00268077
0.0022574641
0.0029742637
0.0032536811
0.0032781493
0.0032670529
0.0031817871
0.0031098779
0.0030399091
0.0029699122
0.0029028151
0.0028384032
0.0027770381
0.0027178721
0.0026604911
0.0026052201
0.0025522808
0.0025017837
0.0024539475
0.0024090156
0.0023674319
0.0023297934
0.0022958071
0.0022632403
0.0022286303
0.0021867331
0.0021351691
0.002073895
0.0020046367
0.0019323808
0.0018597335
0.0017887742
0.0017207508
0.0016554073
0.0015931989
0.0015344335
0.0014783654
0.0014254338
0.0087123132
0.0027434318
0.0022839134
0.0029766917
0.0032555878
0.0032799501
0.0032687867
0.003182653
0.0031105023
0.0030405051
0.0029705521
0.0029034484
0.0028393967
0.0027779027
0.0027187527
0.0026614407
0.0026061897
0.0025532362
0.0025027042
0.002454822
0.0024098403
0.0023682076
0.0023305235
0.0022964957
0.0022638894
0.0022292382
0.0021872984
0.0021357014
0.0020744003
0.0020051177
0.0019328356
0.0018601595
0.00178917
0.0017211165
0.0016557437
0.0015935074
0.0015347159
0.0014786234
0.0014256693
0.0086974809
0.0028035342
0.0023069112
0.0029787234
0.0032575817
0.0032817762
0.0032705348
0.003183539
0.0031111124
0.0030410978
0.002971156
0.0029040365
0.0028403034
0.0027787708
0.0027195962
0.0026623461
0.0026071378
0.002554185
0.0025036283
0.0024557064
0.0024106782
0.0023689974
0.0023312671
0.0022971963
0.0022645498
0.0022298587
0.0021878781
0.0021362463
0.0020749177
0.0020056105
0.0019333028
0.0018605979
0.0017895777
0.0017214934
0.0016560906
0.0015938258
0.0015350075
0.0014788899
0.0014259126
0.0086824433
0.0028614537
0.0023260648
0.0029803152
0.0032597165
0.0032836313
0.0032722938
0.0031844342
0.0031117269
0.0030416998
0.0029717269
0.0029046525
0.0028409725
0.0027796848
0.002720423
0.0026632025
0.0026080561
0.0025551208
0.0025045516
0.002456598
0.0024115275
0.0023698006
0.002332024
0.0022979088
0.002265221
0.0022304904
0.0021884705
0.0021368029
0.002075445
0.0020061135
0.0019337813
0.0018610485
0.0017899978
0.001721882
0.0016564484
0.0015941544
0.0015353086
0.0014791653
0.0014261641
0.008667222
0.002917452
0.0023413752
0.0029816062
0.0032621169
0.0032855285
0.0032740549
0.0031853423
0.0031123581
0.0030423017
0.0029722787
0.002905243
0.0028415343
0.0027805769
0.0027212515
0.0026640217
0.002608934
0.002556037
0.0025054688
0.0024574929
0.002412386
0.0023706159
0.0023327936
0.0022986333
0.0022659028
0.0022311322
0.0021890742
0.0021373708
0.0020759817
0.0020066249
0.0019342689
0.0018615101
0.0017904297
0.0017222825
0.0016568177
0.0015944938
0.0015356196
0.0014794497
0.001426424
0.0086518391
0.0029716078
0.0023541707
0.0029827956
0.0032647916
0.0032874605
0.003275812
0.0031862677
0.0031129919
0.0030428952
0.0029728288
0.0029057967
0.0028421199
0.0027812919
0.0027221183
0.0026648227
0.002609766
0.0025569254
0.0025063739
0.0024583868
0.0024132509
0.0023714416
0.0023335751
0.0022993692
0.002266595
0.0022317838
0.0021896884
0.0021379499
0.0020765291
0.0020071448
0.0019347644
0.0018619802
0.0017908718
0.0017226939
0.0016571985
0.0015948445
0.0015359413
0.0030055166
0.0030554112
0.0031148761
0.0031875891
0.003279277
0.0033887428
0.0035144157
0.0036563123
0.0038156346
0.003994473
0.0041958806
0.0044245286
0.0046868283
0.0049943964
0.0053598161
0.005824122
0.0063942435
0.0073227871
0.0083508819
0.013885734
0.0030055107
0.0030554111
0.003114876
0.003187589
0.0032792768
0.0033887426
0.0035144154
0.0036563118
0.0038156338
0.0039944718
0.0041958787
0.0044245255
0.0046868229
0.0049943868
0.0053597984
0.0058240832
0.0063941851
0.0073225069
0.008350766
0.013811561
0.0030055046
0.003055411
0.0031148759
0.0031875889
0.0032792767
0.0033887424
0.003514415
0.0036563113
0.003815633
0.0039944705
0.0041958766
0.0044245221
0.0046868172
0.0049943764
0.0053597794
0.0058240413
0.006394122
0.0073222013
0.0083506314
0.013737055
0.0030054985
0.0030554109
0.0031148758
0.0031875887
0.0032792765
0.0033887421
0.0035144147
0.0036563107
0.0038156321
0.0039944691
0.0041958744
0.0044245184
0.0046868109
0.0049943653
0.0053597589
0.0058239962
0.0063940539
0.0073218684
0.0083504768
0.013662238
0.0030054922
0.0030554107
0.0031148758
0.0031875886
0.0032792763
0.0033887419
0.0035144142
0.0036563101
0.0038156312
0.0039944676
0.004195872
0.0044245144
0.0046868042
0.0049943532
0.0053597369
0.0058239477
0.0063939805
0.0073215058
0.0083503002
0.01358713
0.0030054857
0.0030554106
0.0031148757
0.0031875885
0.0032792761
0.0033887416
0.0035144138
0.0036563095
0.0038156301
0.003994466
0.0041958694
0.0044245102
0.004686797
0.0049943403
0.0053597132
0.0058238956
0.0063939015
0.0073211124
0.0083500973
0.013511751
0.0030054792
0.0030554104
0.0031148756
0.0031875883
0.0032792759
0.0033887412
0.0035144133
0.0036563087
0.003815629
0.0039944643
0.0041958666
0.0044245056
0.0046867893
0.0049943265
0.0053596877
0.0058238395
0.0063938164
0.0073206892
0.0083498621
0.013436118
0.0030054725
0.0030554102
0.0031148755
0.0031875882
0.0032792756
0.0033887409
0.0035144128
0.003656308
0.0038156279
0.0039944624
0.0041958637
0.0044245007
0.004686781
0.0049943116
0.0053596603
0.0058237794
0.0063937249
0.0073202363
0.0083495897
0.013360248
0.0030054657
0.0030554101
0.0031148754
0.003187588
0.0032792754
0.0033887405
0.0035144123
0.0036563071
0.0038156266
0.0039944604
0.0041958605
0.0044244955
0.004686772
0.0049942956
0.005359631
0.0058237148
0.0063936266
0.0073197522
0.0083492769
0.013284161
0.0030054588
0.0030554099
0.0031148753
0.0031875878
0.0032792751
0.0033887401
0.0035144117
0.0036563063
0.0038156252
0.0039944583
0.004195857
0.0044244898
0.0046867625
0.0049942784
0.0053595995
0.0058236456
0.0063935209
0.0073192347
0.0083489205
0.013207876
0.0030054518
0.0030554096
0.0031148752
0.0031875876
0.0032792748
0.0033887397
0.0035144111
0.0036563053
0.0038156238
0.003994456
0.0041958534
0.0044244838
0.0046867522
0.0049942601
0.0053595658
0.0058235714
0.0063934075
0.0073186818
0.0083485172
0.013131414
0.0030054447
0.0030554094
0.003114875
0.0031875874
0.0032792745
0.0033887393
0.0035144104
0.0036563043
0.0038156222
0.0039944535
0.0041958494
0.0044244773
0.0046867412
0.0049942404
0.0053595296
0.005823492
0.0063932858
0.0073180913
0.0083480632
0.013054801
0.0030054375
0.0030554092
0.0031148749
0.0031875872
0.0032792742
0.0033887388
0.0035144097
0.0036563032
0.0038156205
0.0039944509
0.0041958452
0.0044244703
0.0046867295
0.0049942193
0.005359491
0.0058234069
0.0063931552
0.0073174607
0.0083475548
0.01297806
0.0030054302
0.0030554089
0.0031148747
0.0031875869
0.0032792738
0.0033887383
0.0035144089
0.003656302
0.0038156187
0.0039944481
0.0041958407
0.0044244629
0.0046867169
0.0049941968
0.0053594496
0.005823316
0.0063930152
0.0073167877
0.0083469879
0.012901219
0.0030054228
0.0030554086
0.0031148746
0.0031875867
0.0032792734
0.0033887377
0.0035144081
0.0036563008
0.0038156168
0.0039944451
0.0041958359
0.004424455
0.0046867034
0.0049941727
0.0053594053
0.0058232187
0.0063928652
0.0073160697
0.008346358
0.012824304
0.0030054152
0.0030554083
0.0031148744
0.0031875864
0.003279273
0.0033887371
0.0035144072
0.0036562995
0.0038156147
0.0039944418
0.0041958307
0.0044244465
0.004686689
0.0049941469
0.005359358
0.0058231148
0.0063927045
0.0073153038
0.0083456604
0.012747344
0.0030054076
0.003055408
0.0031148742
0.0031875861
0.0032792726
0.0033887365
0.0035144063
0.003656298
0.0038156125
0.0039944384
0.0041958252
0.0044244374
0.0046866736
0.0049941194
0.0053593075
0.0058230037
0.0063925323
0.0073144872
0.0083448902
0.012670368
0.0030053999
0.0030554076
0.003114874
0.0031875858
0.0032792721
0.0033887358
0.0035144053
0.0036562965
0.0038156102
0.0039944347
0.0041958193
0.0044244277
0.0046866572
0.00499409
0.0053592535
0.0058228852
0.0063923481
0.0073136167
0.008344042
0.012593409
0.0030053921
0.0030554072
0.0031148738
0.0031875854
0.0032792716
0.0033887351
0.0035144042
0.0036562949
0.0038156077
0.0039944308
0.004195813
0.0044244174
0.0046866397
0.0049940585
0.0053591959
0.0058227586
0.0063921509
0.0073126891
0.00834311
0.012516497
0.0030053842
0.0030554068
0.0031148736
0.0031875851
0.003279271
0.0033887343
0.0035144031
0.0036562932
0.003815605
0.0039944266
0.0041958063
0.0044244063
0.0046866209
0.004994025
0.0053591344
0.0058226236
0.0063919399
0.0073117008
0.0083420882
0.012439666
0.0030053762
0.0030554064
0.0031148733
0.0031875847
0.0032792705
0.0033887334
0.0035144018
0.0036562913
0.0038156022
0.0039944221
0.0041957991
0.0044243945
0.0046866009
0.0049939893
0.0053590688
0.0058224796
0.0063917143
0.0073106482
0.0083409701
0.01236295
0.0030053681
0.003055406
0.0031148731
0.0031875843
0.0032792699
0.0033887326
0.0035144005
0.0036562893
0.0038155991
0.0039944173
0.0041957914
0.0044243819
0.0046865796
0.0049939511
0.0053589989
0.005822326
0.0063914731
0.0073095274
0.0083397485
0.012286382
0.0030053599
0.0030554055
0.0031148728
0.0031875839
0.0032792692
0.0033887316
0.0035143991
0.0036562872
0.0038155959
0.0039944122
0.0041957833
0.0044243685
0.0046865569
0.0049939104
0.0053589243
0.0058221624
0.0063912152
0.0073083343
0.0083384161
0.012209999
0.0030053516
0.003055405
0.0031148725
0.0031875834
0.0032792685
0.0033887306
0.0035143976
0.003656285
0.0038155924
0.0039944068
0.0041957746
0.0044243542
0.0046865327
0.0049938671
0.0053588449
0.005821988
0.0063909396
0.0073070645
0.0083369649
0.012133835
0.0030053433
0.0030554044
0.0031148722
0.0031875829
0.0032792678
0.0033887295
0.0035143961
0.0036562826
0.0038155887
0.003994401
0.0041957653
0.004424339
0.0046865069
0.0049938209
0.0053587602
0.0058218023
0.0063906451
0.0073057133
0.0083353864
0.012057928
0.0030053348
0.0030554038
0.0031148719
0.0031875824
0.003279267
0.0033887284
0.0035143944
0.00365628
0.0038155848
0.0039943948
0.0041957555
0.0044243228
0.0046864794
0.0049937717
0.0053586701
0.0058216046
0.0063903305
0.007304276
0.0083336713
0.011982313
0.0030053263
0.0030554032
0.0031148715
0.0031875818
0.0032792661
0.0033887272
0.0035143926
0.0036562773
0.0038155806
0.0039943882
0.0041957449
0.0044243055
0.0046864501
0.0049937193
0.0053585741
0.0058213942
0.0063899946
0.0073027472
0.00833181
0.011907026
0.0030053177
0.0030554025
0.0031148712
0.0031875812
0.0032792652
0.0033887259
0.0035143907
0.0036562744
0.0038155761
0.0039943812
0.0041957337
0.0044242871
0.004686419
0.0049936636
0.0053584719
0.0058211703
0.0063896358
0.0073011215
0.0083297919
0.011832104
0.003005309
0.0030554018
0.0031148708
0.0031875805
0.0032792643
0.0033887245
0.0035143886
0.0036562713
0.0038155714
0.0039943738
0.0041957218
0.0044242675
0.0046863858
0.0049936042
0.0053583632
0.0058209321
0.0063892529
0.007299393
0.0083276058
0.011757584
0.011683499
)
;

boundaryField
{
    inlet
    {
        type            zeroGradient;
    }
    top
    {
        type            zeroGradient;
    }
    outlet
    {
        type            fixedValue;
        value           nonuniform List<scalar> 0();
    }
    slipsurface
    {
        type            slip;
    }
    bottom
    {
        type            zeroGradient;
    }
    frontandback
    {
        type            empty;
    }
    procBoundary7to0
    {
        type            processor;
        value           nonuniform List<scalar> 
28
(
0.0013721987
0.0013722958
0.0013723963
0.0013725004
0.001372608
0.0013727193
0.0013728344
0.0013729533
0.0013730763
0.0013732033
0.0013733346
0.0013734702
0.0013736104
0.0013737551
0.0013739047
0.0013740592
0.0013742188
0.0013743838
0.0013745542
0.0013747303
0.0013749123
0.0013751003
0.0013752947
0.0013754957
0.0013757034
0.0013759182
0.0013761402
0.0013763697
)
;
    }
    procBoundary7to2
    {
        type            processor;
        value           nonuniform List<scalar> 4(0.001479744 0.001376607 0.0014266929 0.001479744);
    }
    procBoundary7to4
    {
        type            processor;
        value           nonuniform List<scalar> 
58
(
0.0086363172
0.0030239004
0.0023673684
0.0029840525
0.0032675695
0.003289385
0.0032775611
0.0031872159
0.0031136183
0.0030434955
0.0029733877
0.0029063243
0.0028426983
0.0027818611
0.0027229953
0.0026656217
0.0026105621
0.0025577761
0.0025072605
0.0024592748
0.0024141186
0.0023722755
0.0023343674
0.0023001162
0.0022672972
0.0022324449
0.0021903126
0.0021385402
0.0020770882
0.0020076755
0.0019352686
0.0018624581
0.0017913217
0.0017231146
0.0016575895
0.0015952061
0.0015362736
0.0030053002
0.0030554011
0.0031148703
0.0031875799
0.0032792632
0.003388723
0.0035143865
0.003656268
0.0038155663
0.0039943659
0.0041957091
0.0044242466
0.0046863505
0.004993541
0.0053582475
0.0058206788
0.0063888441
0.0072975557
0.0083252397
0.0083252397
0.011609887
)
;
    }
    procBoundary7to6
    {
        type            processor;
        value           nonuniform List<scalar> 
59
(
0.0089968309
3.6128966e-05
0.0015401789
0.0029261895
0.003199059
0.0032289963
0.003220575
0.0031529787
0.0030812135
0.0030109275
0.0029412671
0.0028747841
0.0028118945
0.0027519894
0.0026942542
0.002638449
0.0025848447
0.0025335236
0.0024845325
0.0024380779
0.0023943984
0.0023539362
0.0023172968
0.0022841972
0.0022523999
0.002218422
0.0021770264
0.0021258884
0.002065032
0.0019962408
0.0019245087
0.0018524216
0.001782029
0.0017145554
0.0016497332
0.0015880112
0.0015296958
0.0014740425
0.00142149
0.0030055224
0.0030554113
0.0031148761
0.0031875892
0.0032792771
0.003388743
0.003514416
0.0036563128
0.0038156353
0.0039944741
0.0041958824
0.0044245316
0.0046868333
0.0049944053
0.0053598324
0.005824158
0.0063942976
0.0073230437
0.0083509804
0.013959552
)
;
    }
}


// ************************************************************************* //
