/*--------------------------------*- C++ -*----------------------------------*\
  =========                 |
  \\      /  F ield         | OpenFOAM: The Open Source CFD Toolbox
   \\    /   O peration     | Website:  https://openfoam.org
    \\  /    A nd           | Version:  12
     \\/     M anipulation  |
\*---------------------------------------------------------------------------*/
FoamFile
{
    format      ascii;
    class       surfaceScalarField;
    location    "1800";
    object      phi;
}
// * * * * * * * * * * * * * * * * * * * * * * * * * * * * * * * * * * * * * //

dimensions      [0 3 -1 0 0 0 0];

internalField   nonuniform List<scalar> 
3398
(
2.890519e-05
2.3689365e-05
-2.8813883e-05
2.8929958e-05
1.7367769e-05
2.8927597e-05
1.4452117e-05
2.892244e-05
1.3311104e-05
2.8919695e-05
1.291824e-05
2.8918777e-05
1.2775667e-05
2.8919631e-05
1.2689361e-05
2.8918986e-05
1.2642671e-05
2.8906012e-05
1.2637999e-05
2.884453e-05
1.2619822e-05
2.8678997e-05
1.2465732e-05
2.8391293e-05
1.2059021e-05
2.8017927e-05
1.1414246e-05
2.7606004e-05
1.0646939e-05
2.7175463e-05
9.8547642e-06
2.6730168e-05
9.0644404e-06
2.6287517e-05
8.2846382e-06
2.5868423e-05
7.5503869e-06
2.5483169e-05
6.8917397e-06
2.5132942e-05
6.3173467e-06
2.4814949e-05
5.8220076e-06
2.4525238e-05
5.39532e-06
2.4259937e-05
5.0260128e-06
2.4015673e-05
4.7042596e-06
2.3789641e-05
4.4222838e-06
2.3579573e-05
4.173759e-06
2.3383655e-05
3.9534995e-06
2.320044e-05
3.7575925e-06
2.302873e-05
3.5829103e-06
2.286742e-05
3.4268148e-06
2.2715321e-05
3.2870397e-06
2.2571042e-05
3.1613164e-06
2.2433363e-05
3.0470698e-06
2.2301511e-05
2.9424168e-06
2.2174962e-05
2.846134e-06
2.2053253e-05
2.7572565e-06
2.6749898e-06
2.97164e-05
2.3597112e-05
-2.9624147e-05
2.9742471e-05
1.7341698e-05
2.9742293e-05
1.4452296e-05
2.9737335e-05
1.3316061e-05
2.9734518e-05
1.2921057e-05
2.9733373e-05
1.2776812e-05
2.9734147e-05
1.2688587e-05
2.9734801e-05
1.2642018e-05
2.9728739e-05
1.2644061e-05
2.9691696e-05
1.2656865e-05
2.9570785e-05
1.2586643e-05
2.9327911e-05
1.2301895e-05
2.8981994e-05
1.1760162e-05
2.8580462e-05
1.1048471e-05
2.8156455e-05
1.0278771e-05
2.7715918e-05
9.5049777e-06
2.7267233e-05
8.7333225e-06
2.68323e-05
7.9853203e-06
2.6426959e-05
7.2970803e-06
2.605627e-05
6.688036e-06
2.5719071e-05
6.1592067e-06
2.5411908e-05
5.7024832e-06
2.5130903e-05
5.3070175e-06
2.4872491e-05
4.9626722e-06
2.4633625e-05
4.6611489e-06
2.441181e-05
4.3955746e-06
2.4205033e-05
4.1602767e-06
2.401169e-05
3.9509354e-06
2.3830485e-05
3.7641147e-06
2.3660307e-05
3.5969934e-06
2.3500073e-05
3.4472736e-06
2.3348549e-05
3.3128397e-06
2.3204371e-05
3.1912485e-06
2.3066458e-05
3.0803298e-06
2.2934181e-05
2.9784109e-06
2.2807043e-05
2.8843943e-06
2.7974299e-06
3.0550311e-05
2.3504064e-05
-3.0457263e-05
3.0577668e-05
1.731434e-05
3.0579773e-05
1.4450191e-05
3.0574839e-05
1.3320995e-05
3.0572123e-05
1.2923773e-05
3.057091e-05
1.2778025e-05
3.0571591e-05
1.2687906e-05
3.0572832e-05
1.2640776e-05
3.0570742e-05
1.2646151e-05
3.0550247e-05
1.2677361e-05
3.0468219e-05
1.2668671e-05
3.0273834e-05
1.2496279e-05
2.9963398e-05
1.2070599e-05
2.9577905e-05
1.1433964e-05
2.9160654e-05
1.0696023e-05
2.8726545e-05
9.939086e-06
2.8277635e-05
9.1822332e-06
2.7831051e-05
8.4319045e-06
2.7406957e-05
7.7211741e-06
2.7015518e-05
7.0794743e-06
2.6658164e-05
6.5165613e-06
2.6332417e-05
6.0282298e-06
2.6034612e-05
5.6048232e-06
2.5761064e-05
5.2362193e-06
2.5508508e-05
4.9137052e-06
2.5274208e-05
4.6298752e-06
2.5055939e-05
4.3785452e-06
2.4851918e-05
4.154957e-06
2.4660714e-05
3.9553187e-06
2.448115e-05
3.7765574e-06
2.4312174e-05
3.6162491e-06
2.4152707e-05
3.4723073e-06
2.4001462e-05
3.3424927e-06
2.3857125e-05
3.2246676e-06
2.3718807e-05
3.1167284e-06
2.3585949e-05
3.0172521e-06
2.9253012e-06
3.1407846e-05
2.3410064e-05
-3.1313846e-05
3.1436293e-05
1.7285893e-05
3.1440453e-05
1.4446031e-05
3.1435574e-05
1.3325875e-05
3.1433075e-05
1.2926272e-05
3.1431927e-05
1.2779173e-05
3.1432603e-05
1.2687229e-05
3.1434029e-05
1.2639351e-05
3.1434212e-05
1.2645968e-05
3.1423994e-05
1.2687579e-05
3.1372735e-05
1.271993e-05
3.1226577e-05
1.2642437e-05
3.0959074e-05
1.2338102e-05
3.0597773e-05
1.1795265e-05
3.0188942e-05
1.1104854e-05
2.976089e-05
1.0367139e-05
2.9316621e-05
9.6265019e-06
2.886384e-05
8.884685e-06
2.8423748e-05
8.161266e-06
2.8011952e-05
7.491271e-06
2.7633747e-05
6.8947656e-06
2.7288329e-05
6.373648e-06
2.6972574e-05
5.920578e-06
2.6682825e-05
5.5259691e-06
2.6415633e-05
5.1808968e-06
2.6168031e-05
4.8774772e-06
2.593757e-05
4.6090062e-06
2.5722266e-05
4.370261e-06
2.5520528e-05
4.1570563e-06
2.5331072e-05
3.966014e-06
2.5152811e-05
3.79451e-06
2.4984734e-05
3.6403841e-06
2.4825727e-05
3.5014992e-06
2.4674468e-05
3.3759266e-06
2.4529776e-05
3.2614204e-06
2.4390889e-05
3.1561398e-06
3.058893e-06
3.2290146e-05
2.3314444e-05
-3.2194527e-05
3.2319248e-05
1.7256791e-05
3.2324697e-05
1.4440582e-05
3.2320241e-05
1.3330332e-05
3.2318029e-05
1.2928483e-05
3.2317023e-05
1.2780179e-05
3.23178e-05
1.2686452e-05
3.2319272e-05
1.2637879e-05
3.2320654e-05
1.2644586e-05
3.2316449e-05
1.2691783e-05
3.2287257e-05
1.2749122e-05
3.2185011e-05
1.2744682e-05
3.1965905e-05
1.2557209e-05
3.1637451e-05
1.2123718e-05
3.1242154e-05
1.1500151e-05
3.0819896e-05
1.0789396e-05
3.0382017e-05
1.0064381e-05
2.9928996e-05
9.3377062e-06
2.9477274e-05
8.6129874e-06
2.9046575e-05
7.92197e-06
2.8647283e-05
7.294058e-06
2.8281245e-05
6.7396855e-06
2.7946383e-05
6.2554406e-06
2.7639291e-05
5.8330611e-06
2.7356432e-05
5.4637559e-06
2.7094625e-05
5.1392839e-06
2.6851193e-05
4.8524383e-06
2.6623938e-05
4.5975158e-06
2.6411087e-05
4.3699073e-06
2.6211213e-05
4.1658876e-06
2.6023149e-05
3.9825743e-06
2.5845882e-05
3.8176509e-06
2.5678405e-05
3.6689763e-06
2.5519567e-05
3.5347649e-06
2.5368064e-05
3.4129232e-06
2.5222815e-05
3.3013887e-06
3.1985133e-06
3.3197728e-05
2.3216742e-05
-3.3100026e-05
3.3227502e-05
1.7227017e-05
3.323366e-05
1.4434425e-05
3.3229485e-05
1.3334507e-05
3.3227637e-05
1.2930331e-05
3.3226858e-05
1.2780958e-05
3.3227822e-05
1.2685489e-05
3.3229353e-05
1.2636348e-05
3.3231256e-05
1.2642684e-05
3.3230458e-05
1.2692581e-05
3.3215428e-05
1.2764152e-05
3.314971e-05
1.28104e-05
3.2981105e-05
1.2725813e-05
3.2693724e-05
1.2411099e-05
3.2320111e-05
1.1873764e-05
3.1904789e-05
1.1204719e-05
3.1472549e-05
1.0496621e-05
3.1024266e-05
9.7859889e-06
3.0566584e-05
9.0706696e-06
3.0119951e-05
8.3686027e-06
2.9700075e-05
7.7139337e-06
2.9312764e-05
7.1269974e-06
2.8957693e-05
6.6105116e-06
2.8632072e-05
6.1586814e-06
2.8332429e-05
5.7633996e-06
2.8055423e-05
5.4162899e-06
2.7798156e-05
5.1097053e-06
2.7558207e-05
4.837464e-06
2.7333604e-05
4.5945108e-06
2.7122752e-05
4.3767394e-06
2.6924363e-05
4.1809629e-06
2.673737e-05
4.0046442e-06
2.6560798e-05
3.8455483e-06
2.6393651e-05
3.7019116e-06
2.6234728e-05
3.5718465e-06
2.6082724e-05
3.4533927e-06
3.3444911e-06
3.413116e-05
2.3116739e-05
-3.4031157e-05
3.4161731e-05
1.7196446e-05
3.4168335e-05
1.442782e-05
3.4164137e-05
1.3338705e-05
3.4162644e-05
1.2931824e-05
3.4162179e-05
1.2781424e-05
3.4163368e-05
1.26843e-05
3.4165004e-05
1.2634712e-05
3.4167096e-05
1.2640592e-05
3.4168152e-05
1.2691525e-05
3.4161492e-05
1.2770812e-05
3.4123114e-05
1.2848778e-05
3.4002469e-05
1.2846459e-05
3.3763067e-05
1.2650501e-05
3.3420187e-05
1.2216645e-05
3.3016586e-05
1.1608319e-05
3.2589317e-05
1.0923891e-05
3.2147392e-05
1.0227914e-05
3.1689839e-05
9.5282225e-06
3.1231922e-05
8.8265195e-06
3.0793134e-05
8.1527223e-06
3.0384409e-05
7.5357225e-06
3.0008198e-05
6.9867224e-06
2.9662863e-05
6.504016e-06
2.9345247e-05
6.0810156e-06
2.9051955e-05
5.7095825e-06
2.8779897e-05
5.3817634e-06
2.8526429e-05
5.0909316e-06
2.8289363e-05
4.831577e-06
2.8066918e-05
4.5991841e-06
2.7857657e-05
4.3902244e-06
2.7660412e-05
4.2018893e-06
2.7474183e-05
4.0317773e-06
2.7298044e-05
3.8780498e-06
2.7130959e-05
3.7389318e-06
2.6971657e-05
3.6126949e-06
3.4971805e-06
3.5091111e-05
2.3014335e-05
-3.4988707e-05
3.5122527e-05
1.716503e-05
3.5129528e-05
1.4420819e-05
3.5125134e-05
1.3343099e-05
3.5123913e-05
1.2933045e-05
3.5123753e-05
1.2781583e-05
3.512517e-05
1.2682883e-05
3.5126944e-05
1.2632938e-05
3.5129124e-05
1.2638411e-05
3.5131058e-05
1.268959e-05
3.5129087e-05
1.2772784e-05
3.5108919e-05
1.2868946e-05
3.5029702e-05
1.2925676e-05
3.4842224e-05
1.2837979e-05
3.4539022e-05
1.2519847e-05
3.4155314e-05
1.1992028e-05
3.3733872e-05
1.1345332e-05
3.3297172e-05
1.0664613e-05
3.2844624e-05
9.9807709e-06
3.2381363e-05
9.289781e-06
3.1926961e-05
8.6071243e-06
3.1497515e-05
7.9651681e-06
3.1099573e-05
7.3846647e-06
3.0733418e-05
6.8701706e-06
3.0396602e-05
6.4178321e-06
3.0085848e-05
6.0203358e-06
2.9797947e-05
5.6696646e-06
2.9530043e-05
5.3588358e-06
2.9279724e-05
5.0818964e-06
2.9045005e-05
4.8339029e-06
2.8824276e-05
4.6109533e-06
2.8616238e-05
4.4099272e-06
2.8419816e-05
4.2281991e-06
2.8234087e-05
4.063779e-06
2.8058105e-05
3.9149137e-06
2.7890796e-05
3.780004e-06
3.6570615e-06
3.6078297e-05
2.2909454e-05
-3.5973415e-05
3.6110524e-05
1.7132803e-05
3.6117955e-05
1.4413388e-05
3.6113376e-05
1.3347678e-05
3.6112326e-05
1.2934095e-05
3.6112366e-05
1.2781543e-05
3.6113995e-05
1.2681254e-05
3.6115916e-05
1.2631017e-05
3.6118187e-05
1.2636139e-05
3.6120447e-05
1.2687331e-05
3.6121057e-05
1.2772174e-05
3.6111803e-05
1.28782e-05
3.6064634e-05
1.2972844e-05
3.5928306e-05
1.2974308e-05
3.5672762e-05
1.277539e-05
3.5318291e-05
1.2346499e-05
3.4907378e-05
1.1756244e-05
3.4474894e-05
1.1097098e-05
3.4028633e-05
1.0427031e-05
3.3566223e-05
9.752191e-06
3.3101247e-05
9.0721009e-06
3.2653064e-05
8.4133511e-06
3.2233393e-05
7.8043356e-06
3.1845519e-05
7.258044e-06
3.148829e-05
6.7750613e-06
3.1158835e-05
6.3497912e-06
3.0853943e-05
5.9745558e-06
3.0570588e-05
5.6421911e-06
3.0306135e-05
5.3463498e-06
3.0058383e-05
5.0816545e-06
2.9825531e-05
4.8438057e-06
2.9606121e-05
4.629337e-06
2.9398967e-05
4.4353532e-06
2.9203091e-05
4.2596544e-06
2.9017578e-05
4.1004272e-06
2.8841503e-05
3.9560791e-06
3.8248065e-06
3.7093428e-05
2.2802039e-05
-3.6986013e-05
3.7126445e-05
1.7099786e-05
3.7134348e-05
1.4405485e-05
3.7129663e-05
1.3352362e-05
3.712871e-05
1.2935049e-05
3.712881e-05
1.2781443e-05
3.7130637e-05
1.2679427e-05
3.71327e-05
1.2628954e-05
3.7135087e-05
1.2633752e-05
3.7137455e-05
1.2684962e-05
3.7139326e-05
1.2770304e-05
3.7136161e-05
1.2881364e-05
3.7111061e-05
1.2997945e-05
3.70202e-05
1.3065169e-05
3.6817607e-05
1.2977983e-05
3.6501998e-05
1.2662108e-05
3.610988e-05
1.2148361e-05
3.5682435e-05
1.1524544e-05
3.5240931e-05
1.0868535e-05
3.4783919e-05
1.0209203e-05
3.4314616e-05
9.5414041e-06
3.3851436e-05
8.8765307e-06
3.3411e-05
8.244772e-06
3.3000913e-05
7.668131e-06
3.2622169e-05
7.153805e-06
3.2272742e-05
6.6992176e-06
3.1949631e-05
6.2976677e-06
3.1649709e-05
5.9421124e-06
3.1370143e-05
5.6259156e-06
3.1108512e-05
5.3432859e-06
3.0862806e-05
5.0895116e-06
3.063139e-05
4.8607531e-06
3.0412935e-05
4.6538083e-06
3.0206368e-05
4.466221e-06
3.0010747e-05
4.2960483e-06
2.9825213e-05
4.1416131e-06
4.0011946e-06
3.8137234e-05
2.2692032e-05
-3.8027227e-05
3.8171045e-05
1.7065975e-05
3.8179462e-05
1.4397068e-05
3.81747e-05
1.3357124e-05
3.8173845e-05
1.2935904e-05
3.8173915e-05
1.2781373e-05
3.8175915e-05
1.2677427e-05
3.8178133e-05
1.2626737e-05
3.8180629e-05
1.2631256e-05
3.8183063e-05
1.2682527e-05
3.8185388e-05
1.2767979e-05
3.8185539e-05
1.2881214e-05
3.817385e-05
1.3009634e-05
3.8119145e-05
1.3119873e-05
3.7970262e-05
1.3126866e-05
3.7702273e-05
1.2930098e-05
3.7338597e-05
1.2512037e-05
3.6921056e-05
1.1942086e-05
3.6483024e-05
1.1306567e-05
3.6032143e-05
1.0660084e-05
3.5564742e-05
1.0008805e-05
3.5092073e-05
9.3491991e-06
3.4633291e-05
8.703554e-06
3.4201194e-05
8.1002285e-06
3.3800097e-05
7.5549014e-06
3.3429476e-05
7.0698392e-06
3.3086856e-05
6.6402878e-06
3.2769158e-05
6.2598104e-06
3.2473397e-05
5.9216758e-06
3.2196942e-05
5.6197409e-06
3.1937568e-05
5.3488861e-06
3.1693441e-05
5.1048797e-06
3.1463068e-05
4.8841812e-06
3.1245248e-05
4.6840416e-06
3.1038965e-05
4.5023307e-06
3.084336e-05
4.337219e-06
4.1869741e-06
3.9210484e-05
2.2579375e-05
-3.9097827e-05
3.9245107e-05
1.7031353e-05
3.925408e-05
1.4388094e-05
3.9249241e-05
1.3361963e-05
3.9248519e-05
1.2936625e-05
3.9248565e-05
1.2781327e-05
3.9250707e-05
1.2675284e-05
3.925305e-05
1.2624394e-05
3.9255642e-05
1.2628664e-05
3.9258147e-05
1.2680022e-05
3.9260583e-05
1.2765543e-05
3.9262339e-05
1.2879458e-05
3.9258111e-05
1.3013862e-05
3.9228895e-05
1.314909e-05
3.9128818e-05
1.3226944e-05
3.8914805e-05
1.314411e-05
3.858981e-05
1.2837032e-05
3.8190623e-05
1.2341272e-05
3.7757106e-05
1.1740084e-05
3.7310414e-05
1.1106776e-05
3.6848874e-05
1.0470345e-05
3.6373272e-05
9.824801e-06
3.5900432e-05
9.1763939e-06
3.5447657e-05
8.5530036e-06
3.5023867e-05
7.9786913e-06
3.4630991e-05
7.4627151e-06
3.4267569e-05
7.0037096e-06
3.3930803e-05
6.5965765e-06
3.3617662e-05
6.2348167e-06
3.3325335e-05
5.912068e-06
3.3051381e-05
5.6228401e-06
3.2793758e-05
5.3625033e-06
3.2550785e-05
5.127154e-06
3.2321107e-05
4.9137194e-06
3.2103602e-05
4.7198356e-06
3.1897352e-05
4.5434694e-06
4.3827956e-06
4.0313981e-05
2.2464021e-05
-4.0198627e-05
4.0349433e-05
1.69959e-05
4.0358995e-05
1.4378532e-05
4.0354072e-05
1.3366887e-05
4.0353534e-05
1.2937164e-05
4.0353582e-05
1.278128e-05
4.0355858e-05
1.2673009e-05
4.0358301e-05
1.2621951e-05
4.036097e-05
1.2625996e-05
4.036355e-05
1.2677441e-05
4.036602e-05
1.2763072e-05
4.0368348e-05
1.287713e-05
4.0368101e-05
1.3014108e-05
4.0354481e-05
1.316271e-05
4.0293992e-05
1.3287434e-05
4.0135955e-05
1.3302147e-05
3.985904e-05
1.3113947e-05
3.9488201e-05
1.2712111e-05
3.9064495e-05
1.216379e-05
3.8620501e-05
1.1550771e-05
3.8164782e-05
1.0926064e-05
3.7692386e-05
1.0297197e-05
3.72115e-05
9.6572798e-06
3.6741043e-05
9.0234607e-06
3.6295064e-05
8.4246708e-06
3.5879227e-05
7.8785514e-06
3.5493792e-05
7.3891448e-06
3.5136622e-05
6.9537468e-06
3.4804818e-05
6.5666204e-06
3.4495462e-05
6.2214242e-06
3.4205913e-05
5.9123887e-06
3.3933913e-05
5.6345038e-06
3.367758e-05
5.3834873e-06
3.3435382e-05
5.1559171e-06
3.3206061e-05
4.9491568e-06
3.2988599e-05
4.7609309e-06
4.589254e-06
4.1448561e-05
2.2345924e-05
-4.1330464e-05
4.1484863e-05
1.6959599e-05
4.1495065e-05
1.4368329e-05
4.149003e-05
1.3371923e-05
4.1489703e-05
1.293749e-05
4.1489801e-05
1.2781182e-05
4.1492206e-05
1.2670604e-05
4.1494739e-05
1.2619417e-05
4.1497478e-05
1.2623257e-05
4.150013e-05
1.267479e-05
4.1502644e-05
1.2760558e-05
4.1505098e-05
1.2874677e-05
4.1506745e-05
1.3012461e-05
4.150174e-05
1.3167714e-05
4.1469501e-05
1.3319673e-05
4.136311e-05
1.3408537e-05
4.1141495e-05
1.3335563e-05
4.0809813e-05
1.3043793e-05
4.0404666e-05
1.2568937e-05
3.9964901e-05
1.1990536e-05
3.9512648e-05
1.1378317e-05
3.9046502e-05
1.0763343e-05
3.8564375e-05
1.0139407e-05
3.8081198e-05
9.5066375e-06
3.7614889e-05
8.8909802e-06
3.7176018e-05
8.3174224e-06
3.676758e-05
7.797582e-06
3.638869e-05
7.3326372e-06
3.603687e-05
6.9184407e-06
3.5709222e-05
6.5490718e-06
3.5402953e-05
6.2186583e-06
3.5115591e-05
5.9218653e-06
3.4845046e-05
5.6540328e-06
3.4589591e-05
5.4113717e-06
3.4347807e-05
5.1909413e-06
3.4118545e-05
4.9901921e-06
4.8069252e-06
4.2615075e-05
2.2225035e-05
-4.2494186e-05
4.2652249e-05
1.6922424e-05
4.2663167e-05
1.4357411e-05
4.2657984e-05
1.3377106e-05
4.2657862e-05
1.2937612e-05
4.2658062e-05
1.2780982e-05
4.2660596e-05
1.2668069e-05
4.2663216e-05
1.2616797e-05
4.2666034e-05
1.2620439e-05
4.2668758e-05
1.2672066e-05
4.2671333e-05
1.2757983e-05
4.2673809e-05
1.2872202e-05
4.2676118e-05
1.3010152e-05
4.2675632e-05
1.31682e-05
4.2660735e-05
1.333457e-05
4.2596615e-05
1.3472657e-05
4.2433093e-05
1.3499084e-05
4.215061e-05
1.3326276e-05
4.1774448e-05
1.2945099e-05
4.1344937e-05
1.2420047e-05
4.0894536e-05
1.1828719e-05
4.0433548e-05
1.122433e-05
3.9956074e-05
1.0616881e-05
3.9466738e-05
9.9959741e-06
3.8983872e-05
9.3738459e-06
3.8522914e-05
8.77838e-06
3.8090932e-05
8.2295643e-06
3.7689139e-05
7.7344305e-06
3.7315925e-05
7.2916544e-06
3.6968633e-05
6.8963633e-06
3.6644404e-05
6.5428878e-06
3.6340585e-05
6.2256839e-06
3.6054874e-05
5.9397445e-06
3.5785337e-05
5.6809085e-06
3.5530372e-05
5.4459064e-06
3.5288676e-05
5.2318873e-06
5.0363967e-06
4.3814409e-05
2.2101307e-05
-4.3690681e-05
4.3852484e-05
1.688435e-05
4.3864192e-05
1.4345703e-05
4.3858839e-05
1.338246e-05
4.3858911e-05
1.293754e-05
4.3859239e-05
1.2780654e-05
4.3861905e-05
1.2665404e-05
4.3864624e-05
1.2614078e-05
4.3867531e-05
1.2617532e-05
4.3870331e-05
1.2669266e-05
4.3872979e-05
1.2755335e-05
4.3875492e-05
1.2869689e-05
4.3877937e-05
1.3007707e-05
4.3879551e-05
1.3166585e-05
4.3874141e-05
1.3339981e-05
4.3840275e-05
1.3506523e-05
4.3730761e-05
1.3608599e-05
4.3505323e-05
1.3551714e-05
4.3169533e-05
1.3280889e-05
4.275945e-05
1.283013e-05
4.231322e-05
1.2274949e-05
4.1854702e-05
1.1682848e-05
4.1383661e-05
1.1087922e-05
4.0895087e-05
1.0484548e-05
4.0401482e-05
9.8674513e-06
3.9920958e-05
9.2589032e-06
3.9465671e-05
8.6848512e-06
3.9040106e-05
8.1599961e-06
3.8644187e-05
7.687573e-06
3.8275844e-05
7.2647065e-06
3.793231e-05
6.8864216e-06
3.7610821e-05
6.547173e-06
3.7308877e-05
6.2416885e-06
3.7024332e-05
5.9654535e-06
3.6755384e-05
5.7148545e-06
3.6500555e-05
5.4867158e-06
5.2782939e-06
4.5047481e-05
2.1974692e-05
-4.4920866e-05
4.5086485e-05
1.6845346e-05
4.5099035e-05
1.4333153e-05
4.5093504e-05
1.3387991e-05
4.5093785e-05
1.2937259e-05
4.5094252e-05
1.2780186e-05
4.5097055e-05
1.2662601e-05
4.5099881e-05
1.2611252e-05
4.5102886e-05
1.2614528e-05
4.510577e-05
1.2666381e-05
4.5108495e-05
1.275261e-05
4.5111072e-05
1.2867112e-05
4.5113537e-05
1.3005241e-05
4.5115856e-05
1.3164267e-05
4.5115334e-05
1.3340502e-05
4.5099974e-05
1.3521883e-05
4.5034658e-05
1.3673915e-05
4.4869408e-05
1.3716964e-05
4.4584633e-05
1.3565663e-05
4.4204954e-05
1.3209809e-05
4.3769983e-05
1.270992e-05
4.3312684e-05
1.2140147e-05
4.2845675e-05
1.1554931e-05
4.236303e-05
1.0967193e-05
4.1865796e-05
1.0364686e-05
4.1370307e-05
9.7543924e-06
4.089324e-05
9.161918e-06
4.0443624e-05
8.6096124e-06
4.0023898e-05
8.1072985e-06
3.9633106e-05
7.6554985e-06
3.9268843e-05
7.2506854e-06
3.8928356e-05
6.88766e-06
3.8608994e-05
6.5610503e-06
3.8308403e-05
6.2660445e-06
3.8024571e-05
5.9986862e-06
3.7755829e-05
5.7554583e-06
5.5333013e-06
4.6315236e-05
2.1845144e-05
-4.6185688e-05
4.63552e-05
1.6805382e-05
4.6368621e-05
1.4319731e-05
4.6362901e-05
1.3393711e-05
4.6363433e-05
1.2936728e-05
4.6364059e-05
1.277956e-05
4.6366997e-05
1.2659663e-05
4.6369935e-05
1.2608314e-05
4.6373043e-05
1.261142e-05
4.6376018e-05
1.2663406e-05
4.6378825e-05
1.2749803e-05
4.6381479e-05
1.2864457e-05
4.6383986e-05
1.3002734e-05
4.6386438e-05
1.3161815e-05
4.6388116e-05
1.3338824e-05
4.6382731e-05
1.3527268e-05
4.6348868e-05
1.3707778e-05
4.6239523e-05
1.3826309e-05
4.6013983e-05
1.3791204e-05
4.567671e-05
1.3547081e-05
4.5262748e-05
1.3123882e-05
4.4810108e-05
1.2592787e-05
4.4344301e-05
1.2020738e-05
4.3867915e-05
1.1443579e-05
4.337374e-05
1.0858861e-05
4.2869836e-05
1.0258296e-05
4.2374402e-05
9.657352e-06
4.1901456e-05
9.0825585e-06
4.1457261e-05
8.5514932e-06
4.1042746e-05
8.0700134e-06
4.0656295e-05
7.6371364e-06
4.0295385e-05
7.2485702e-06
3.9957299e-05
6.8991362e-06
3.9639503e-05
6.5838402e-06
3.9339777e-05
6.2984126e-06
3.9056244e-05
6.0389909e-06
5.8021807e-06
4.7618647e-05
2.1712619e-05
-4.7486122e-05
4.7659607e-05
1.6764422e-05
4.7673935e-05
1.4305404e-05
4.7668007e-05
1.3399638e-05
4.7668811e-05
1.2935925e-05
4.766962e-05
1.2778751e-05
4.76727e-05
1.2656582e-05
4.7675758e-05
1.2605256e-05
4.7678973e-05
1.2608205e-05
4.7682045e-05
1.2660334e-05
4.768494e-05
1.2746909e-05
4.7687678e-05
1.2861719e-05
4.7690256e-05
1.3000156e-05
4.7692729e-05
1.3159342e-05
4.7695096e-05
1.3336457e-05
4.7694745e-05
1.352762e-05
4.7679843e-05
1.372268e-05
4.7615864e-05
1.3890288e-05
4.7452646e-05
1.3954422e-05
4.7168912e-05
1.3830815e-05
4.6787607e-05
1.3505187e-05
4.6347805e-05
1.303259e-05
4.5883164e-05
1.2485378e-05
4.540961e-05
1.1917133e-05
4.4921926e-05
1.1346545e-05
4.4417002e-05
1.076322e-05
4.3908813e-05
1.0165542e-05
4.3414847e-05
9.5765243e-06
4.2946304e-05
9.0200362e-06
4.2507097e-05
8.509221e-06
4.209706e-05
8.0471726e-06
4.1714241e-05
7.6313896e-06
4.1356012e-05
7.2573655e-06
4.1019726e-05
6.9201255e-06
4.0702973e-05
6.6151659e-06
4.0403665e-05
6.3382992e-06
6.0857868e-06
4.8958718e-05
2.1577072e-05
-4.8823171e-05
4.900071e-05
1.6722429e-05
4.9015988e-05
1.4290126e-05
4.9009831e-05
1.3405795e-05
4.9010916e-05
1.293484e-05
4.9011926e-05
1.2777741e-05
4.9015156e-05
1.2653352e-05
4.9018345e-05
1.2602067e-05
4.9021675e-05
1.2604875e-05
4.902485e-05
1.265716e-05
4.9027839e-05
1.274392e-05
4.9030665e-05
1.2858893e-05
4.9033329e-05
1.2997492e-05
4.9035853e-05
1.3156818e-05
4.9038332e-05
1.3333977e-05
4.9040143e-05
1.3525809e-05
4.903525e-05
1.3727573e-05
4.9003062e-05
1.3922476e-05
4.8897145e-05
1.4060339e-05
4.867528e-05
1.405268e-05
4.833929e-05
1.3841177e-05
4.7922815e-05
1.3449065e-05
4.7464259e-05
1.2943934e-05
4.699071e-05
1.2390682e-05
4.6508068e-05
1.1829188e-05
4.6008326e-05
1.1262961e-05
4.5494653e-05
1.0679215e-05
4.4984164e-05
1.0087014e-05
4.4492669e-05
9.5115311e-06
4.4028387e-05
8.9735025e-06
4.3593581e-05
8.4819787e-06
4.3187376e-05
8.0375943e-06
4.2807497e-05
7.6372444e-06
4.2451315e-05
7.276308e-06
4.2116274e-05
6.9502065e-06
4.1800084e-05
6.6544897e-06
6.385082e-06
5.0336478e-05
2.1438465e-05
-5.019787e-05
5.0379515e-05
1.6679392e-05
5.0395802e-05
1.4273839e-05
5.0389397e-05
1.3412201e-05
5.0390772e-05
1.2933465e-05
5.0391997e-05
1.2776516e-05
5.0395383e-05
1.2649966e-05
5.0398716e-05
1.2598734e-05
5.040217e-05
1.260142e-05
5.0405456e-05
1.2653874e-05
5.0408546e-05
1.2740829e-05
5.0411467e-05
1.2855972e-05
5.0414222e-05
1.2994737e-05
5.0416828e-05
1.3154212e-05
5.041933e-05
1.3331475e-05
5.0421761e-05
1.3523378e-05
5.0421769e-05
1.3727564e-05
5.0408236e-05
1.393601e-05
5.0348031e-05
1.4120544e-05
5.0190583e-05
1.4210128e-05
4.9911392e-05
1.4120368e-05
4.9530699e-05
1.3829758e-05
4.9087187e-05
1.3387446e-05
4.8615056e-05
1.2862813e-05
4.8133689e-05
1.2310555e-05
4.7640566e-05
1.1756085e-05
4.7128742e-05
1.1191039e-05
4.6608426e-05
1.060733e-05
4.6097278e-05
1.0022679e-05
4.5608559e-05
9.4622214e-06
4.5148256e-05
8.9422816e-06
4.4717321e-05
8.4685299e-06
4.4314253e-05
8.0403123e-06
4.3936662e-05
7.6538991e-06
4.3581944e-05
7.3049239e-06
4.3247634e-05
6.9887998e-06
6.7011494e-06
5.1752991e-05
2.1296759e-05
-5.1611285e-05
5.1797061e-05
1.6635322e-05
5.1814425e-05
1.4256475e-05
5.1807754e-05
1.3418872e-05
5.180943e-05
1.2931788e-05
5.1810888e-05
1.2775058e-05
5.1814434e-05
1.264642e-05
5.1817923e-05
1.2595245e-05
5.1821512e-05
1.2597831e-05
5.1824918e-05
1.2650468e-05
5.1828118e-05
1.2737629e-05
5.1831141e-05
1.2852949e-05
5.1833992e-05
1.2991887e-05
5.1836692e-05
1.3151512e-05
5.1839258e-05
1.3328909e-05
5.1841775e-05
1.3520861e-05
5.184375e-05
1.372559e-05
5.1839821e-05
1.3939938e-05
5.1810776e-05
1.414959e-05
5.1711352e-05
1.4309552e-05
5.1497112e-05
1.4334608e-05
5.1165535e-05
1.4161334e-05
5.0748465e-05
1.3804515e-05
5.0284473e-05
1.3326806e-05
4.9802436e-05
1.2792592e-05
4.9312569e-05
1.2245951e-05
4.8807371e-05
1.1696237e-05
4.8285052e-05
1.1129648e-05
4.7759872e-05
1.0547859e-05
4.7249002e-05
9.9730917e-06
4.6763301e-05
9.4279828e-06
4.6306613e-05
8.9252175e-06
4.5878882e-05
8.4680432e-06
4.547831e-05
8.0544717e-06
4.5102408e-05
7.6808258e-06
4.4748605e-05
7.3426025e-06
7.0352038e-06
5.3209347e-05
2.1151916e-05
-5.3064504e-05
5.325444e-05
1.6590228e-05
5.3272922e-05
1.4237993e-05
5.3265976e-05
1.3425817e-05
5.3267968e-05
1.2929797e-05
5.326968e-05
1.2773345e-05
5.3273393e-05
1.2642708e-05
5.3277051e-05
1.2591587e-05
5.3280784e-05
1.2594098e-05
5.3284319e-05
1.2646933e-05
5.3287638e-05
1.273431e-05
5.3290771e-05
1.2849815e-05
5.3293725e-05
1.2988932e-05
5.3296525e-05
1.3148712e-05
5.3299185e-05
1.3326249e-05
5.3301733e-05
1.3518314e-05
5.3304217e-05
1.3723106e-05
5.3304763e-05
1.3939393e-05
5.3293332e-05
1.4161021e-05
5.3238991e-05
1.4363893e-05
5.3091017e-05
1.4482582e-05
5.2820236e-05
1.4432115e-05
5.2442987e-05
1.4181765e-05
5.1997041e-05
1.3772752e-05
5.1517591e-05
1.3272041e-05
5.1027179e-05
1.2736364e-05
5.0527846e-05
1.219557e-05
5.0010269e-05
1.1647225e-05
4.9478575e-05
1.1079553e-05
4.8950157e-05
1.050151e-05
4.8440497e-05
9.9376423e-06
4.7957666e-05
9.4080493e-06
4.7504031e-05
8.9216774e-06
4.7078924e-05
8.4795793e-06
4.6680242e-05
8.0795077e-06
4.6305443e-05
7.7174012e-06
7.3885983e-06
5.4706672e-05
2.1003894e-05
-5.4558649e-05
5.4752795e-05
1.6544105e-05
5.477241e-05
1.4218378e-05
5.4765201e-05
1.3433027e-05
5.4767517e-05
1.292748e-05
5.4769507e-05
1.2771355e-05
5.4773391e-05
1.2638825e-05
5.4777231e-05
1.2587747e-05
5.4781118e-05
1.2590212e-05
5.4784791e-05
1.264326e-05
5.4788237e-05
1.2730865e-05
5.4791488e-05
1.2846564e-05
5.4794552e-05
1.2985869e-05
5.4797455e-05
1.3145808e-05
5.4800218e-05
1.3323486e-05
5.4802841e-05
1.3515691e-05
5.4805393e-05
1.3720554e-05
5.4807565e-05
1.393722e-05
5.4804905e-05
1.416368e-05
5.4780031e-05
1.4388767e-05
5.4689994e-05
1.4572619e-05
5.4487561e-05
1.4634548e-05
5.4164045e-05
1.4505281e-05
5.3748619e-05
1.4188178e-05
5.3280068e-05
1.3740593e-05
5.2789096e-05
1.3227336e-05
5.2291087e-05
1.2693578e-05
5.1780339e-05
1.2157973e-05
5.1249976e-05
1.1609916e-05
5.0711017e-05
1.104047e-05
5.0180849e-05
1.046781e-05
4.9672572e-05
9.9163262e-06
4.9192298e-05
9.4019513e-06
4.8741258e-05
8.9306188e-06
4.8318175e-05
8.5025911e-06
4.7920769e-05
8.1148073e-06
7.762823e-06
5.6246113e-05
2.0852649e-05
-5.6094868e-05
5.6293299e-05
1.6496918e-05
5.6314066e-05
1.4197611e-05
5.6306603e-05
1.3440491e-05
5.6309255e-05
1.2924828e-05
5.6311547e-05
1.2769062e-05
5.6315608e-05
1.2634764e-05
5.6319642e-05
1.2583712e-05
5.6323689e-05
1.2586165e-05
5.6327505e-05
1.2639444e-05
5.6331081e-05
1.2727289e-05
5.6334454e-05
1.2843191e-05
5.6337632e-05
1.2982691e-05
5.6340642e-05
1.3142798e-05
5.6343509e-05
1.3320619e-05
5.6346233e-05
1.3512967e-05
5.6348829e-05
1.3717958e-05
5.6351362e-05
1.3934687e-05
5.6352533e-05
1.416251e-05
5.6343602e-05
1.4397698e-05
5.6296847e-05
1.4619375e-05
5.6161923e-05
1.4769471e-05
5.5903794e-05
1.476341e-05
5.5533275e-05
1.4558696e-05
5.5086687e-05
1.4187181e-05
5.4600697e-05
1.3713326e-05
5.4100725e-05
1.319355e-05
5.3593478e-05
1.2665221e-05
5.307e-05
1.2133394e-05
5.2528785e-05
1.1581685e-05
5.1984034e-05
1.1012561e-05
5.1452781e-05
1.0447579e-05
5.0946044e-05
9.9086882e-06
5.0468054e-05
9.4086093e-06
5.0019033e-05
8.951612e-06
4.9597351e-05
8.5364888e-06
8.1594883e-06
5.7828854e-05
2.0698146e-05
-5.7674351e-05
5.7877147e-05
1.6448625e-05
5.789912e-05
1.4175639e-05
5.7891471e-05
1.3448139e-05
5.7894466e-05
1.2921833e-05
5.7897072e-05
1.2766457e-05
5.7901301e-05
1.2630535e-05
5.790553e-05
1.2579483e-05
5.7909734e-05
1.2581961e-05
5.7913688e-05
1.263549e-05
5.7917392e-05
1.2723585e-05
5.7920884e-05
1.2839699e-05
5.7924175e-05
1.29794e-05
5.7927293e-05
1.3139679e-05
5.7930262e-05
1.3317649e-05
5.7933089e-05
1.3510141e-05
5.793577e-05
1.3715277e-05
5.7938352e-05
1.3932105e-05
5.7940724e-05
1.4160138e-05
5.7939434e-05
1.4398987e-05
5.7919454e-05
1.4639355e-05
5.7841211e-05
1.4847714e-05
5.7654698e-05
1.4949923e-05
5.7343384e-05
1.487001e-05
5.6932485e-05
1.4598079e-05
5.6460979e-05
1.4184833e-05
5.5961257e-05
1.3693271e-05
5.5452869e-05
1.3173609e-05
5.4935678e-05
1.2650585e-05
5.4399348e-05
1.2118015e-05
5.3847956e-05
1.1563953e-05
5.3298677e-05
1.0996858e-05
5.2767145e-05
1.044022e-05
5.2261902e-05
9.9138521e-06
5.1785682e-05
9.4278319e-06
5.1338098e-05
8.9840736e-06
8.5802855e-06
5.9456105e-05
2.0540354e-05
-5.9298313e-05
5.950558e-05
1.6399151e-05
5.9528779e-05
1.415244e-05
5.9521168e-05
1.3455751e-05
5.9524619e-05
1.2918382e-05
5.9527449e-05
1.2763626e-05
5.9531815e-05
1.262617e-05
5.9536203e-05
1.2575095e-05
5.9540535e-05
1.2577629e-05
5.9544608e-05
1.2631417e-05
5.9548426e-05
1.2719768e-05
5.9552028e-05
1.2836097e-05
5.9555425e-05
1.2976003e-05
5.9558645e-05
1.3136459e-05
5.9561714e-05
1.3314581e-05
5.9564639e-05
1.3507216e-05
5.9567418e-05
1.3712497e-05
5.9570058e-05
1.3929466e-05
5.957263e-05
1.4157565e-05
5.95744e-05
1.4397218e-05
5.9568201e-05
1.4645554e-05
5.953016e-05
1.4885755e-05
5.9411331e-05
1.5068753e-05
5.9170333e-05
1.5111008e-05
5.8810527e-05
1.4957885e-05
5.8365962e-05
1.4629398e-05
5.7874442e-05
1.4184792e-05
5.7364037e-05
1.3684014e-05
5.6847862e-05
1.316676e-05
5.6318625e-05
1.2647252e-05
5.5768818e-05
1.211376e-05
5.5209007e-05
1.1556669e-05
5.4656566e-05
1.0992661e-05
5.4124996e-05
1.0445423e-05
5.3620895e-05
9.9319326e-06
5.3145985e-05
9.4589836e-06
5.269936e-05
9.0269107e-06
5.2278891e-05
8.6337086e-06
5.1882133e-05
8.2760466e-06
5.1506711e-05
7.9496617e-06
7.650408e-06
6.1129119e-05
2.0379249e-05
-6.0968014e-05
6.1179835e-05
1.6348434e-05
6.1204296e-05
1.4127979e-05
6.1196955e-05
1.3463092e-05
6.1200908e-05
1.2914429e-05
6.1203961e-05
1.2760572e-05
6.1208442e-05
1.2621689e-05
6.1212956e-05
1.2570581e-05
6.1217384e-05
1.2573201e-05
6.1221554e-05
1.2627247e-05
6.1225468e-05
1.2715853e-05
6.1229167e-05
1.2832398e-05
6.1232661e-05
1.2972509e-05
6.1235977e-05
1.3133143e-05
6.1239139e-05
1.3311418e-05
6.1242156e-05
1.35042e-05
6.124503e-05
1.3709623e-05
6.1247758e-05
1.3926738e-05
6.1250361e-05
1.4154962e-05
6.1252902e-05
1.4394677e-05
6.1252928e-05
1.4645527e-05
6.1238121e-05
1.4900562e-05
6.1173372e-05
1.5133502e-05
6.1006591e-05
1.527779e-05
6.0712173e-05
1.5252302e-05
6.0309662e-05
1.5031909e-05
5.9837266e-05
1.4657187e-05
5.932983e-05
1.4191451e-05
5.8810621e-05
1.3685969e-05
5.8284741e-05
1.3173131e-05
5.7742168e-05
1.2656333e-05
5.7180597e-05
1.211824e-05
5.6613787e-05
1.155947e-05
5.6058767e-05
1.1000443e-05
5.5527154e-05
1.0463546e-05
5.5023967e-05
9.9621708e-06
5.4549945e-05
9.5009323e-06
5.410369e-05
9.0799632e-06
5.3683003e-05
8.6967337e-06
5.3285476e-05
8.3471892e-06
8.0270982e-06
6.2849171e-05
2.0214818e-05
-6.268474e-05
6.2901242e-05
1.6296363e-05
6.2926888e-05
1.4102332e-05
6.2919901e-05
1.3470078e-05
6.2924322e-05
1.2910009e-05
6.2927673e-05
1.2757222e-05
6.293233e-05
1.2617032e-05
6.2936997e-05
1.2565915e-05
6.2941525e-05
1.2568673e-05
6.2945789e-05
1.2622982e-05
6.2949796e-05
1.2711846e-05
6.2953587e-05
1.2828607e-05
6.2957171e-05
1.2968925e-05
6.2960578e-05
1.3129737e-05
6.296383e-05
1.3308166e-05
6.2966935e-05
1.3501094e-05
6.2969897e-05
1.3706661e-05
6.2972718e-05
1.3923917e-05
6.2975389e-05
1.4152291e-05
6.2978002e-05
1.4392064e-05
6.2980185e-05
1.4643345e-05
6.2976708e-05
1.4904039e-05
6.2947834e-05
1.5162375e-05
6.2847362e-05
1.5378262e-05
6.2628161e-05
1.5471503e-05
6.2283968e-05
1.5376103e-05
6.1844763e-05
1.5096392e-05
6.1349662e-05
1.4686551e-05
6.0829205e-05
1.4206427e-05
6.0301308e-05
1.3701028e-05
5.9764917e-05
1.3192724e-05
5.9208928e-05
1.2674229e-05
5.8636288e-05
1.213211e-05
5.8063363e-05
1.1573368e-05
5.7506334e-05
1.1020575e-05
5.6974786e-05
1.0493718e-05
5.6472144e-05
1.0003575e-05
5.5998408e-05
9.5536997e-06
5.5551988e-05
9.1431535e-06
5.5130621e-05
8.768556e-06
8.4258277e-06
6.4617588e-05
-6.444982e-05
6.4671084e-05
6.4697811e-05
6.4691211e-05
6.469606e-05
6.4699702e-05
6.4704589e-05
6.470949e-05
6.4714167e-05
6.4718559e-05
6.4722679e-05
6.4726573e-05
6.4730255e-05
6.4733755e-05
6.4737099e-05
6.4740294e-05
6.4743344e-05
6.4746254e-05
6.4749018e-05
6.4751659e-05
6.4754262e-05
6.4755446e-05
6.4745619e-05
6.4694981e-05
6.4551317e-05
6.42792e-05
6.3889693e-05
6.3419562e-05
6.2905746e-05
6.2374654e-05
6.1838466e-05
6.1289797e-05
6.0719761e-05
6.013708e-05
5.9559252e-05
5.9000696e-05
5.84689e-05
5.7966254e-05
5.749233e-05
5.7045296e-05
2.8178133e-05
1.5191269e-08
2.8176823e-05
3.8916943e-08
2.8174907e-05
5.6704535e-08
2.817247e-05
7.2146503e-08
2.8169522e-05
8.7302652e-08
2.8166096e-05
1.0148584e-07
2.8162209e-05
1.1522071e-07
2.8157842e-05
1.2945719e-07
2.8152952e-05
1.4502297e-07
2.814746e-05
1.6289411e-07
2.8141262e-05
1.8389499e-07
2.8134166e-05
2.1064331e-07
2.8125981e-05
2.4293725e-07
2.8116116e-05
2.9373267e-07
2.8104418e-05
3.4684676e-07
2.8088377e-05
4.8429792e-07
2.8068616e-05
5.819172e-07
2.8032965e-05
1.1619247e-06
1.5052266e-06
2.8970846e-05
1.5726726e-08
2.89695e-05
4.0263029e-08
2.896753e-05
5.8674614e-08
2.8965023e-05
7.4653015e-08
2.8961992e-05
9.0333669e-08
2.8958471e-05
1.0500743e-07
2.8954474e-05
1.1921739e-07
2.8949985e-05
1.3394642e-07
2.8944957e-05
1.5005076e-07
2.8939311e-05
1.6853987e-07
2.8932939e-05
1.9026715e-07
2.8925645e-05
2.1793781e-07
2.8917231e-05
2.5135093e-07
2.8907092e-05
3.038713e-07
2.8895067e-05
3.5887198e-07
2.88786e-05
5.0076452e-07
2.8858283e-05
6.0223456e-07
2.882181e-05
1.1983982e-06
2.8761379e-05
1.5656571e-06
1.1641761e-05
2.978586e-05
1.6277887e-08
2.9784477e-05
4.1646348e-08
2.9782451e-05
6.0700278e-08
2.9779874e-05
7.7230356e-08
2.9776757e-05
9.3450153e-08
2.9773136e-05
1.0862813e-07
2.9769027e-05
1.2332641e-07
2.9764412e-05
1.3856172e-07
2.9759243e-05
1.5521964e-07
2.9753439e-05
1.7434393e-07
2.9746888e-05
1.968179e-07
2.973939e-05
2.2543634e-07
2.9730741e-05
2.6000003e-07
2.9720322e-05
3.1429054e-07
2.9707959e-05
3.712344e-07
2.9691057e-05
5.1766694e-07
2.9670169e-05
6.231227e-07
2.9632861e-05
1.2357055e-06
2.9570506e-05
1.6280119e-06
1.1588121e-05
3.0623802e-05
1.6845236e-08
3.062238e-05
4.3067866e-08
3.0620297e-05
6.2783075e-08
3.0617647e-05
7.9880533e-08
3.0614443e-05
9.6654531e-08
3.061072e-05
1.1235073e-07
3.0606496e-05
1.2755093e-07
3.0601751e-05
1.4330662e-07
3.0596437e-05
1.6053356e-07
3.059047e-05
1.8031074e-07
3.0583736e-05
2.0355221e-07
3.0576028e-05
2.3314455e-07
3.0567137e-05
2.6889108e-07
3.0556429e-05
3.2499796e-07
3.054372e-05
3.8394338e-07
3.0526371e-05
5.3501579e-07
3.0504898e-05
6.4459613e-07
3.0466747e-05
1.2738562e-06
3.0402432e-05
1.6923271e-06
1.153329e-05
3.1485317e-05
1.7429277e-08
3.1483856e-05
4.4528564e-08
3.1481715e-05
6.4924589e-08
3.147899e-05
8.2605606e-08
3.1475695e-05
9.9949297e-08
3.1471867e-05
1.1617814e-07
3.1467524e-05
1.318942e-07
3.1462646e-05
1.4818477e-07
3.1457183e-05
1.6599659e-07
3.1451049e-05
1.8644483e-07
3.1444126e-05
2.104752e-07
3.1436202e-05
2.4106827e-07
3.1427062e-05
2.780308e-07
3.1416059e-05
3.3600133e-07
3.1402994e-05
3.9700852e-07
3.1385188e-05
5.528219e-07
3.1363114e-05
6.6666944e-07
3.1324115e-05
1.3128553e-06
3.1257809e-05
1.7586334e-06
1.1477254e-05
3.2371068e-05
1.8030531e-08
3.2369567e-05
4.6029446e-08
3.2367366e-05
6.7126444e-08
3.2364563e-05
8.540769e-08
3.2361176e-05
1.0333701e-07
3.2357241e-05
1.2011332e-07
3.2352775e-05
1.363596e-07
3.234776e-05
1.5319992e-07
3.2342144e-05
1.7161292e-07
3.2335838e-05
1.9275088e-07
3.2328721e-05
2.1759215e-07
3.2320575e-05
2.4921347e-07
3.231118e-05
2.8742608e-07
3.2299873e-05
3.473086e-07
3.2286442e-05
4.1043969e-07
3.2268167e-05
5.7109635e-07
3.2245479e-05
6.8935735e-07
3.2205641e-05
1.3526938e-06
3.2137325e-05
1.8269491e-06
1.1420052e-05
3.3281737e-05
1.8649541e-08
3.3280195e-05
4.7571532e-08
3.3277931e-05
6.9390302e-08
3.327505e-05
8.828895e-08
3.3271567e-05
1.0682031e-07
3.3267521e-05
1.2415932e-07
3.326293e-05
1.4095056e-07
3.3257774e-05
1.5835593e-07
3.3252e-05
1.7738684e-07
3.3245517e-05
1.9923372e-07
3.3238201e-05
2.2490847e-07
3.3229828e-05
2.5758628e-07
3.322017e-05
2.9708403e-07
3.3208551e-05
3.5892794e-07
3.3194743e-05
4.2424702e-07
3.3175989e-05
5.8985048e-07
3.3152672e-05
7.1267463e-07
3.3112046e-05
1.3933197e-06
3.3041728e-05
1.8972668e-06
1.1361755e-05
3.4218027e-05
1.9286868e-08
3.4216442e-05
4.9155863e-08
3.4214115e-05
7.1717862e-08
3.4211152e-05
9.1251608e-08
3.4207571e-05
1.1040189e-07
3.4203411e-05
1.2831928e-07
3.4198691e-05
1.4567064e-07
3.419339e-05
1.6365677e-07
3.4187454e-05
1.8332279e-07
3.4180789e-05
2.0589829e-07
3.4173268e-05
2.3242973e-07
3.4164661e-05
2.6619302e-07
3.4154733e-05
3.0701192e-07
3.4142793e-05
3.7086771e-07
3.41286e-05
4.3844088e-07
3.4109354e-05
6.0909587e-07
3.4085393e-05
7.3663608e-07
3.4044044e-05
1.4346679e-06
3.3971794e-05
1.9695178e-06
1.1302391e-05
3.5180655e-05
1.9943098e-08
3.5179027e-05
5.0783497e-08
3.5176634e-05
7.4110863e-08
3.5173588e-05
9.4297936e-08
3.5169905e-05
1.1408453e-07
3.5165628e-05
1.3259642e-07
3.5160775e-05
1.5052349e-07
3.5155325e-05
1.6910653e-07
3.5149223e-05
1.8942533e-07
3.5142371e-05
2.1274969e-07
3.513464e-05
2.4016166e-07
3.5125792e-05
2.7504018e-07
3.5115587e-05
3.1721726e-07
3.5103318e-05
3.8313648e-07
3.5088727e-05
4.5303198e-07
3.5068979e-05
6.2884441e-07
3.5044358e-05
7.6125646e-07
3.5002358e-05
1.4766682e-06
3.4928277e-05
2.0435992e-06
1.124196e-05
3.6170363e-05
2.0618839e-08
3.6168691e-05
5.2455515e-08
3.6166231e-05
7.6571085e-08
3.6163099e-05
9.7430264e-08
3.6159312e-05
1.1787107e-07
3.6154915e-05
1.3699406e-07
3.6149925e-05
1.5551287e-07
3.6144322e-05
1.7470942e-07
3.6138048e-05
1.9569915e-07
3.6131005e-05
2.1979317e-07
3.6123056e-05
2.4811016e-07
3.6113962e-05
2.8413443e-07
3.6103472e-05
3.2770776e-07
3.6090865e-05
3.9574301e-07
3.6075866e-05
4.6803134e-07
3.6055602e-05
6.4910814e-07
3.6030308e-05
7.8655046e-07
3.5987688e-05
1.5192884e-06
3.5911875e-05
2.1194117e-06
1.1180421e-05
3.7187916e-05
2.1314723e-08
3.7186199e-05
5.4173017e-08
3.7183669e-05
7.9100349e-08
3.7180449e-05
1.0065097e-07
3.7176555e-05
1.2176442e-07
3.7172034e-05
1.415156e-07
3.7166904e-05
1.6064264e-07
3.7161144e-05
1.8046976e-07
3.7154694e-05
2.0214908e-07
3.7147453e-05
2.270341e-07
3.7139282e-05
2.5628128e-07
3.7129933e-05
2.934826e-07
3.711915e-05
3.3849136e-07
3.7106197e-05
4.0869624e-07
3.7090778e-05
4.8345043e-07
3.7069987e-05
6.6989907e-07
3.7044004e-05
8.1253284e-07
3.7000755e-05
1.5625375e-06
3.6923317e-05
2.1968496e-06
1.1117724e-05
3.8234093e-05
2.203141e-08
3.8232329e-05
5.5937124e-08
3.8229729e-05
8.1700516e-08
3.8226418e-05
1.039625e-07
3.8222414e-05
1.2576755e-07
3.8217765e-05
1.4616452e-07
3.8212491e-05
1.6591677e-07
3.8206569e-05
1.8639201e-07
3.8199938e-05
2.0878009e-07
3.8192494e-05
2.3447805e-07
3.8184094e-05
2.6468127e-07
3.8174485e-05
3.0309175e-07
3.81634e-05
3.4957623e-07
3.8150091e-05
4.2200526e-07
3.813424e-05
4.9930136e-07
3.8112911e-05
6.9122833e-07
3.8086224e-05
8.3921974e-07
3.8042322e-05
1.6064398e-06
3.7963349e-05
2.275822e-06
1.1053847e-05
3.9309703e-05
2.2769585e-08
3.9307891e-05
5.7748977e-08
3.9305218e-05
8.4373497e-08
3.9301813e-05
1.0736734e-07
3.9297697e-05
1.2988353e-07
3.9292917e-05
1.509444e-07
3.9287495e-05
1.7133933e-07
3.9281406e-05
1.9248073e-07
3.9274589e-05
2.1559728e-07
3.9266936e-05
2.4213072e-07
3.9258301e-05
2.7331654e-07
3.9248424e-05
3.1296909e-07
3.9237029e-05
3.609708e-07
3.9223355e-05
4.3567925e-07
3.9207059e-05
5.1559715e-07
3.9185183e-05
7.1310433e-07
3.9157766e-05
8.6663697e-07
3.9113179e-05
1.6510269e-06
3.9032759e-05
2.356242e-06
1.0988779e-05
4.041557e-05
2.3529965e-08
4.0413709e-05
5.9609743e-08
4.0410961e-05
8.7121245e-08
4.040746e-05
1.1086804e-07
4.0403228e-05
1.3411548e-07
4.0398314e-05
1.5585891e-07
4.0392739e-05
1.7691449e-07
4.0386479e-05
1.9874063e-07
4.037947e-05
2.2260591e-07
4.0371603e-05
2.4999798e-07
4.0362726e-05
2.8219369e-07
4.0352573e-05
3.2312205e-07
4.034086e-05
3.7268375e-07
4.0326812e-05
4.4972755e-07
4.0310057e-05
5.323519e-07
4.0287631e-05
7.3553006e-07
4.0259407e-05
8.9486078e-07
4.0214129e-05
1.6963048e-06
4.013239e-05
2.4379814e-06
1.0922542e-05
4.155255e-05
2.4313296e-08
4.1550639e-05
6.1520609e-08
4.1547814e-05
8.9945764e-08
4.1544215e-05
1.1446722e-07
4.1539864e-05
1.3846659e-07
4.1534811e-05
1.6091179e-07
4.1529079e-05
1.8264656e-07
4.1522643e-05
2.0517653e-07
4.1515438e-05
2.2981138e-07
4.150735e-05
2.5808586e-07
4.1498224e-05
2.9131951e-07
4.1487788e-05
3.3355826e-07
4.1475748e-05
3.8472401e-07
4.1461315e-05
4.6415969e-07
4.1444087e-05
5.4958007e-07
4.1421108e-05
7.5850975e-07
4.1392021e-05
9.2394745e-07
4.134603e-05
1.7422959e-06
4.1263081e-05
2.52093e-06
1.0855158e-05
4.2721513e-05
2.5120357e-08
4.2719551e-05
6.3482785e-08
4.2716647e-05
9.2849109e-08
4.2712947e-05
1.1816755e-07
4.2708474e-05
1.4294013e-07
4.2703278e-05
1.6610688e-07
4.2697385e-05
1.8853992e-07
4.2690768e-05
2.1179339e-07
4.268336e-05
2.3721923e-07
4.2675046e-05
2.6640056e-07
4.2665664e-05
3.0070097e-07
4.2654937e-05
3.4428558e-07
4.264256e-05
3.9710073e-07
4.2627734e-05
4.7898553e-07
4.2610019e-05
5.6729591e-07
4.2586477e-05
7.820517e-07
4.2556497e-05
9.539273e-07
4.2509764e-05
1.789029e-06
4.242569e-05
2.6050039e-06
1.0786662e-05
4.3923362e-05
2.595196e-08
4.3921348e-05
6.5497507e-08
4.3918363e-05
9.5833391e-08
4.3914559e-05
1.2197176e-07
4.390996e-05
1.4753945e-07
4.3904619e-05
1.7144812e-07
4.3898559e-05
1.9459908e-07
4.3891757e-05
2.1859629e-07
4.3884141e-05
2.4483515e-07
4.3875593e-05
2.7494847e-07
4.3865948e-05
3.1034525e-07
4.3854922e-05
3.5531206e-07
4.3842199e-05
4.0982331e-07
4.382697e-05
4.9421527e-07
4.3808752e-05
5.8551343e-07
4.3784637e-05
8.0616716e-07
4.3753742e-05
9.8482201e-07
4.3706245e-05
1.8365262e-06
4.3621121e-05
2.6901273e-06
1.0717103e-05
4.5159023e-05
2.6808952e-08
4.5156954e-05
6.7566033e-08
4.5153887e-05
9.8900777e-08
4.5149976e-05
1.2588267e-07
4.5145248e-05
1.5226796e-07
4.5139756e-05
1.7693954e-07
4.5133527e-05
2.0082864e-07
4.5126533e-05
2.2559045e-07
4.5118703e-05
2.5266501e-07
4.5109915e-05
2.8373612e-07
4.5100001e-05
3.2025971e-07
4.5088667e-05
3.6664599e-07
4.5075589e-05
4.2290134e-07
4.5059944e-05
5.0985949e-07
4.5041211e-05
6.0424656e-07
4.5016509e-05
8.308689e-07
4.498468e-05
1.0166511e-06
4.4936402e-05
1.8848045e-06
4.4850306e-05
2.7762236e-06
1.0646542e-05
4.6429445e-05
2.7692219e-08
4.6427321e-05
6.9689648e-08
4.6424168e-05
1.0205349e-07
4.6420148e-05
1.2990315e-07
4.6415287e-05
1.5712917e-07
4.6409641e-05
1.8258523e-07
4.6403236e-05
2.0723334e-07
4.6396046e-05
2.3278119e-07
4.6387996e-05
2.607148e-07
4.6378962e-05
2.9277025e-07
4.6368769e-05
3.3045192e-07
4.635712e-05
3.7829589e-07
4.6343676e-05
4.3634471e-07
4.6327607e-05
5.2592911e-07
4.6308344e-05
6.2350932e-07
4.6283042e-05
8.5617046e-07
4.6250259e-05
1.0494339e-06
4.6201186e-05
1.933878e-06
4.6114197e-05
2.8632124e-06
1.0575051e-05
4.7735606e-05
2.8602685e-08
4.7733426e-05
7.186966e-08
4.7730185e-05
1.0529384e-07
4.7726052e-05
1.3403616e-07
4.7721055e-05
1.6212667e-07
4.771525e-05
1.8838942e-07
4.7708666e-05
2.1381801e-07
4.7701273e-05
2.4017401e-07
4.7692997e-05
2.6899066e-07
4.768371e-05
3.0205775e-07
4.7673232e-05
3.4092965e-07
4.7661257e-05
3.9027051e-07
4.7647438e-05
4.501635e-07
4.7630932e-05
5.4243535e-07
4.7611126e-05
6.4331595e-07
4.758521e-05
8.8208579e-07
4.7551455e-05
1.0831895e-06
4.7501573e-05
1.9837598e-06
4.7413777e-05
2.9510084e-06
1.0502707e-05
4.9078512e-05
2.9541316e-08
4.9076275e-05
7.41074e-08
4.9072944e-05
1.0862416e-07
4.9068696e-05
1.3828474e-07
4.9063558e-05
1.6726413e-07
4.9057591e-05
1.9435642e-07
4.9050822e-05
2.205876e-07
4.9043221e-05
2.4777449e-07
4.9034713e-05
2.7749892e-07
4.9025165e-05
3.1160569e-07
4.9014394e-05
3.5170086e-07
4.9002085e-05
4.0257882e-07
4.8987881e-05
4.6436808e-07
4.8970927e-05
5.5938972e-07
4.8950562e-05
6.6368093e-07
4.8924018e-05
9.0862922e-07
4.8889271e-05
1.1179367e-06
4.8838569e-05
2.034462e-06
4.8750056e-05
3.0395213e-06
1.0429591e-05
5.0459197e-05
3.0509118e-08
5.04569e-05
7.6404225e-08
5.0453478e-05
1.1204691e-07
5.044911e-05
1.4265201e-07
5.0443829e-05
1.7254533e-07
5.0437695e-05
2.0049064e-07
5.0430735e-05
2.2754717e-07
5.0422921e-05
2.555884e-07
5.0414174e-05
2.8624603e-07
5.0404359e-05
3.2142135e-07
5.0393286e-05
3.6277374e-07
5.0380635e-05
4.1523004e-07
5.0366034e-05
4.7896907e-07
5.0348619e-05
5.7680406e-07
5.0327681e-05
6.8461902e-07
5.0300495e-05
9.3581541e-07
5.0264738e-05
1.1536939e-06
5.0213204e-05
2.0859958e-06
5.0124069e-05
3.1286567e-06
1.0355789e-05
5.1878725e-05
3.1507144e-08
5.1876368e-05
7.8761515e-08
5.187285e-05
1.1556457e-07
5.1868361e-05
1.4714119e-07
5.1862932e-05
1.7797413e-07
5.1856626e-05
2.0679661e-07
5.1849471e-05
2.347019e-07
5.1841438e-05
2.6362159e-07
5.1832446e-05
2.9523861e-07
5.1822355e-05
3.3151216e-07
5.1810972e-05
3.7415668e-07
5.1797968e-05
4.2823363e-07
5.178296e-05
4.9397736e-07
5.1765074e-05
5.9469047e-07
5.1743547e-05
7.0614526e-07
5.1715703e-05
9.636594e-07
5.1678918e-05
1.1904793e-06
5.1626542e-05
2.1383714e-06
5.1536883e-05
3.2183162e-06
1.0281387e-05
5.3338185e-05
3.2536493e-08
5.3335765e-05
8.1180673e-08
5.333215e-05
1.1917973e-07
5.3327536e-05
1.5175559e-07
5.3321956e-05
1.8355452e-07
5.3315473e-05
2.1327895e-07
5.3308118e-05
2.4205712e-07
5.3299859e-05
2.7188009e-07
5.3290615e-05
3.0448344e-07
5.3280241e-05
3.4188574e-07
5.3268539e-05
3.8585826e-07
5.3255174e-05
4.4159927e-07
5.3239747e-05
5.094041e-07
5.3221376e-05
6.1306137e-07
5.3199247e-05
7.2827492e-07
5.3170729e-05
9.9217657e-07
5.3132899e-05
1.22831e-06
5.3079673e-05
2.1915974e-06
5.2989591e-05
3.308398e-06
1.0206474e-05
5.4838704e-05
3.3598313e-08
5.4836222e-05
8.3663122e-08
5.4832506e-05
1.2289505e-07
5.4827763e-05
1.5649862e-07
5.4822027e-05
1.8929058e-07
5.4815364e-05
2.1994245e-07
5.4807803e-05
2.4961826e-07
5.4799313e-05
2.8037006e-07
5.4789809e-05
3.1398746e-07
5.4779145e-05
3.5254989e-07
5.4767116e-05
3.9788728e-07
5.4753378e-05
4.5533689e-07
5.4737521e-05
5.2526069e-07
5.4718653e-05
6.3192946e-07
5.4695905e-05
7.5102354e-07
5.4666699e-05
1.0213826e-06
5.4627805e-05
1.2672031e-06
5.4573722e-05
2.2456807e-06
5.4483322e-05
3.3987979e-06
1.0131147e-05
5.6381435e-05
3.4693804e-08
5.6378887e-05
8.6210307e-08
5.6375069e-05
1.2671327e-07
5.6370194e-05
1.6137382e-07
5.6364298e-05
1.9518653e-07
5.6357448e-05
2.2679197e-07
5.6349676e-05
2.5739091e-07
5.6340948e-05
2.8909782e-07
5.6331178e-05
3.2375778e-07
5.6320215e-05
3.6351259e-07
5.630785e-05
4.1025276e-07
5.629373e-05
4.6945662e-07
5.6277432e-05
5.415588e-07
5.6258053e-05
6.5130773e-07
5.623467e-05
7.7440686e-07
5.6204759e-05
1.0512936e-06
5.6164788e-05
1.3071746e-06
5.6109842e-05
2.3006262e-06
5.6019231e-05
3.4894091e-06
1.0055509e-05
5.7967567e-05
3.5824218e-08
5.7964953e-05
8.8823691e-08
5.7961029e-05
1.3063722e-07
5.7956018e-05
1.663848e-07
5.7949958e-05
2.0124671e-07
5.7942917e-05
2.3383257e-07
5.7934928e-05
2.653808e-07
5.7925956e-05
2.9806984e-07
5.7915912e-05
3.3380168e-07
5.7904642e-05
3.7478204e-07
5.7891931e-05
4.229639e-07
5.7877419e-05
4.8396887e-07
5.7860667e-05
5.5831035e-07
5.7840766e-05
6.7120947e-07
5.7816732e-05
7.984408e-07
5.77861e-05
1.0819257e-06
5.7745034e-05
1.3482401e-06
5.7689224e-05
2.3564362e-06
5.7598509e-05
3.580124e-06
9.979668e-06
5.9598318e-05
3.6990862e-08
5.9595637e-05
9.1504756e-08
5.9591605e-05
1.3466981e-07
5.9586454e-05
1.7153533e-07
5.9580225e-05
2.0747558e-07
5.9572988e-05
2.410694e-07
5.9564775e-05
2.7359383e-07
5.9555552e-05
3.0729277e-07
5.9545228e-05
3.4412665e-07
5.9533643e-05
3.8636664e-07
5.9520577e-05
4.3603018e-07
5.9505661e-05
4.9888427e-07
5.9488444e-05
5.7552752e-07
5.9468005e-05
6.9164824e-07
5.9443305e-05
8.2314149e-07
5.9411935e-05
1.1132954e-06
5.9369761e-05
1.3904141e-06
5.9313087e-05
2.41311e-06
5.9222377e-05
3.6708342e-06
9.9037316e-06
6.1274948e-05
3.8195105e-08
6.1272198e-05
9.4254998e-08
6.1268053e-05
1.3881404e-07
6.1262759e-05
1.7682928e-07
6.1256357e-05
2.1387776e-07
6.1248919e-05
2.485078e-07
6.1240477e-05
2.8203607e-07
6.1230996e-05
3.1677347e-07
6.1220382e-05
3.5474038e-07
6.1208474e-05
3.9827502e-07
6.1195043e-05
4.4946131e-07
6.1179713e-05
5.1421377e-07
6.1162018e-05
5.9322283e-07
6.1141028e-05
7.1263799e-07
6.1115644e-05
8.4852528e-07
6.108352e-05
1.1454196e-06
6.1040223e-05
1.4337107e-06
6.098269e-05
2.4706435e-06
6.0892093e-05
3.7614313e-06
9.8278105e-06
6.2998743e-05
3.9438372e-08
6.2995922e-05
9.7075929e-08
6.2991663e-05
1.4307301e-07
6.2986221e-05
1.8227064e-07
6.2979641e-05
2.2045799e-07
6.2971996e-05
2.5615326e-07
6.2963318e-05
2.9071376e-07
6.2953573e-05
3.2651899e-07
6.2942662e-05
3.6565079e-07
6.2930421e-05
4.1051606e-07
6.2916615e-05
4.6326729e-07
6.290086e-05
5.2996862e-07
6.2882674e-05
6.1140911e-07
6.2861119e-05
7.3419303e-07
6.2835035e-05
8.7460879e-07
6.280214e-05
1.1783152e-06
6.2757707e-05
1.4781433e-06
6.2699322e-05
2.5290293e-06
6.2608944e-05
3.8518087e-06
9.7520149e-06
6.4771032e-05
6.4768139e-05
6.4763762e-05
6.4758169e-05
6.4751406e-05
6.4743548e-05
6.4734628e-05
6.4724611e-05
6.4713395e-05
6.4700812e-05
6.4686621e-05
6.467043e-05
6.4651739e-05
6.4629604e-05
6.4602804e-05
6.456912e-05
6.4523539e-05
6.4464313e-05
6.437426e-05
)
;

boundaryField
{
    inlet
    {
        type            calculated;
        value           nonuniform List<scalar> 
31
(
-2.8178653e-05
-2.8971381e-05
-2.9786411e-05
-3.0624369e-05
-3.1485901e-05
-3.237167e-05
-3.3282356e-05
-3.4218664e-05
-3.5181311e-05
-3.6171039e-05
-3.7188612e-05
-3.823481e-05
-3.9310441e-05
-4.041633e-05
-4.1553333e-05
-4.272232e-05
-4.3924194e-05
-4.515988e-05
-4.6430328e-05
-4.7736516e-05
-4.9079451e-05
-5.0460165e-05
-5.1879723e-05
-5.3339214e-05
-5.4839766e-05
-5.638253e-05
-5.7968697e-05
-5.9599485e-05
-6.1276152e-05
-6.2999986e-05
-6.4772316e-05
)
;
    }
    top
    {
        type            calculated;
        value           nonuniform List<scalar> 0();
    }
    outlet
    {
        type            calculated;
        value           nonuniform List<scalar> 0();
    }
    slipsurface
    {
        type            calculated;
        value           nonuniform List<scalar> 0();
    }
    bottom
    {
        type            calculated;
        value           nonuniform List<scalar> 0();
    }
    frontandback
    {
        type            empty;
    }
    procBoundary4to2
    {
        type            processor;
        value           nonuniform List<scalar> 
30
(
2.1935973e-05
2.2684603e-05
2.3458078e-05
2.4257297e-05
2.5083195e-05
2.5936746e-05
2.6818967e-05
2.7730915e-05
2.8673758e-05
2.9648825e-05
3.065758e-05
3.170153e-05
3.2782141e-05
3.3900874e-05
3.5059205e-05
3.6258658e-05
3.7500821e-05
3.8787365e-05
4.0120059e-05
4.1500789e-05
4.2931567e-05
4.4414551e-05
4.5952049e-05
4.7546544e-05
4.9200686e-05
5.09173e-05
-8.2132396e-06
-7.879289e-06
-7.5742397e-06
-7.2941671e-06
)
;
    }
    procBoundary4to3
    {
        type            processor;
        value           nonuniform List<scalar> 4(5.115047e-05 5.2908786e-05 5.4731891e-05 5.6622787e-05);
    }
    procBoundary4to5
    {
        type            processor;
        value           nonuniform List<scalar> 
61
(
2.0047051e-05
1.6242866e-05
1.4075606e-05
1.3476678e-05
1.290516e-05
1.2753578e-05
1.2612145e-05
1.2561014e-05
1.2563996e-05
1.2618591e-05
1.2707726e-05
1.2824713e-05
1.2965243e-05
1.3126237e-05
1.3304822e-05
1.34979e-05
1.3703611e-05
1.3921007e-05
1.4149528e-05
1.4389423e-05
1.4640741e-05
1.4902854e-05
1.5172202e-05
1.54289e-05
1.5615167e-05
1.564822e-05
1.5485899e-05
1.5156682e-05
1.4720243e-05
1.423212e-05
1.3728912e-05
1.3222898e-05
1.2702147e-05
1.2156049e-05
1.1598403e-05
1.1052274e-05
1.053537e-05
1.0056346e-05
9.6170773e-06
9.2155898e-06
8.8483365e-06
4.0719415e-08
9.9969963e-08
1.4745091e-07
1.8786333e-07
2.2722273e-07
2.6401258e-07
2.9963412e-07
3.3653559e-07
3.7686762e-07
4.2309947e-07
4.7746086e-07
5.4616035e-07
6.3009944e-07
7.5632751e-07
9.0140803e-07
1.2119996e-06
1.5237255e-06
2.5882558e-06
3.9418616e-06
9.6764545e-06
)
;
    }
    procBoundary4to7
    {
        type            processor;
        value           nonuniform List<scalar> 
58
(
-2.3780672e-05
-1.7392537e-05
-1.4449756e-05
-1.3305947e-05
-1.2915495e-05
-1.2774749e-05
-1.2690214e-05
-1.2642026e-05
-1.2625025e-05
-1.255834e-05
-1.2300199e-05
-1.1771317e-05
-1.1040879e-05
-1.0235016e-05
-9.4242232e-06
-8.6191455e-06
-7.8419874e-06
-7.131292e-06
-6.5064858e-06
-5.9671193e-06
-5.504015e-06
-5.1056092e-06
-4.7607116e-06
-4.4599955e-06
-4.1962516e-06
-3.9636914e-06
-3.7575814e-06
-3.5743777e-06
-3.4112e-06
-3.2655046e-06
-3.1349411e-06
-3.0170376e-06
-2.9093905e-06
-2.810565e-06
-2.719585e-06
-2.6355476e-06
-2.5577096e-06
-1.4673092e-08
-3.7608583e-08
-5.478849e-08
-6.9711251e-08
-8.4355251e-08
-9.8061436e-08
-1.1133298e-07
-1.2509038e-07
-1.4013095e-07
-1.5740101e-07
-1.7769422e-07
-2.0354751e-07
-2.347525e-07
-2.838671e-07
-3.3514987e-07
-4.6825738e-07
-5.6215648e-07
-1.1262738e-06
-1.4466812e-06
2.7974421e-05
-1.1694266e-05
)
;
    }
}


// ************************************************************************* //
