#      distance             U_x             U_y             U_z wallShearStr... wallShearStr... wallShearStr...               p         epsilon               k             nut
  3.0219182e-06     0.017266082   2.9704564e-09  -2.1588487e-23               0               0               0   0.00016491212     0.010148928   7.8234931e-07   3.1677786e-13
  5.0865428e-06     0.029074829   7.5875482e-09  -9.1663693e-24               0               0               0   0.00016491236     0.012218622   2.4362137e-06   1.7567734e-12
  7.2269684e-06     0.041329396   1.4971382e-08   -2.362208e-23               0               0               0   0.00016491261     0.017075618     5.69753e-06   6.1763353e-12
  9.4750924e-06     0.054217858   2.5523358e-08   -3.542933e-23               0               0               0   0.00016491286     0.024249768   1.1366619e-05   1.6739543e-11
  1.1864417e-05     0.067938039   3.9835175e-08  -1.6267611e-23               0               0               0   0.00016491313     0.034152483   2.0665936e-05   3.8947145e-11
  1.4430548e-05     0.082700263   5.8757186e-08   4.6766899e-23               0               0               0   0.00016491341     0.047594815   3.5500707e-05   8.2831941e-11
  1.7211727e-05     0.098729849   8.3412358e-08   7.9062137e-23               0               0               0   0.00016491372     0.065817517   5.8855503e-05   1.6746661e-10
  2.0249401e-05      0.11626884   1.1525268e-07   1.2471507e-23               0               0               0   0.00016491406     0.090694632   9.5411534e-05     3.30712e-10
  2.3588836e-05      0.13557566   1.5613373e-07   -3.072674e-23               0               0               0   0.00016491443      0.12524395   0.00015249107   6.5106099e-10
  2.7279799e-05      0.15691915   2.0839323e-07   -1.536337e-23               0               0               0   0.00016491484      0.17451484   0.00024143549     1.29988e-09
  3.1377293e-05      0.18055693   2.7490987e-07               0               0               0               0    0.0001649153      0.24613179   0.00037934508   2.6834489e-09
  3.5942381e-05      0.20667031   3.5904087e-07   6.0353225e-23               0               0               0   0.00016491582      0.34991096   0.00059005908   5.8151315e-09
  4.1043091e-05      0.23520433   4.6410392e-07   9.0520155e-23               0               0               0   0.00016491644      0.49577934   0.00090003538   1.3056577e-08
  4.6755437e-05      0.26561417   5.9207502e-07   1.0968576e-22               0               0               0   0.00016491719      0.68613715    0.0013216909   2.8729929e-08
  5.3164546e-05      0.29675462    7.423183e-07   1.1926549e-22               0               0               0   0.00016491815      0.90203467    0.0018286798   5.8113351e-08
  6.0365928e-05      0.32721763   9.1214098e-07  -1.8822531e-22               0               0               0   0.00016491941       1.0992501    0.0023535453   1.0511105e-07
    6.84669e-05      0.35590846   1.0991611e-06  -4.1876175e-22               0               0               0   0.00016492113       1.2306512    0.0028233526   1.7161951e-07
  7.7588184e-05      0.38231288   1.3030727e-06  -2.4247401e-22               0               0               0   0.00016492343       1.2755039    0.0031965761   2.5899913e-07
   8.786571e-05       0.4063691   1.5255765e-06   1.7211185e-23               0               0               0   0.00016492643       1.2442201    0.0034675549   3.6905014e-07
  9.9452634e-05       0.4282495   1.7696688e-06   1.8912549e-22               0               0               0   0.00016493023       1.1621347    0.0036506821   5.0384954e-07
  0.00011252163      0.44821888   2.0392714e-06   8.0010551e-23               0               0               0   0.00016493494       1.0541256     0.003766054   6.6539641e-07
  0.00012726745      0.46656192   2.3391262e-06  -2.6392254e-23               0               0               0   0.00016494067      0.93824419    0.0038322733   8.5546684e-07
  0.00014390985      0.48354806   2.6747753e-06   1.3827263e-23               0               0               0   0.00016494753      0.82538176    0.0038641333   1.0756795e-06
  0.00016269684      0.49941609   3.0525921e-06   7.0640154e-23               0               0               0   0.00016495562      0.72109576     0.003872552   1.3276822e-06
  0.00018390838      0.51436927   3.4798589e-06   4.1102211e-22               0               0               0   0.00016496507      0.62758696    0.0038652692   1.6133618e-06
  0.00020786057       0.5285764   3.9648848e-06   4.7520958e-22               0               0               0   0.00016497602      0.54517971    0.0038476504   1.9350204e-06
  0.00023491035      0.54217551   4.5171622e-06   1.3482763e-22               0               0               0   0.00016498865      0.47326311    0.0038233677    2.295502e-06
  0.00026546084      0.55527858   5.1475557e-06               0               0               0               0   0.00016500315      0.41083204    0.0037949121   2.6982797e-06
   0.0002999673      0.56797604   5.8685277e-06               0               0               0               0   0.00016501976      0.35677444    0.0037639583   3.1475163e-06
  0.00033894396       0.5803409   6.6944007e-06  -1.8719062e-22               0               0               0   0.00016503876      0.31001198    0.0037316167   3.6481123e-06
  0.00038297165      0.59243213   7.6416636e-06  -3.7438125e-22               0               0               0   0.00016506048      0.26956086    0.0036986064   4.2057451e-06
  0.00043270649      0.60429748   8.7293297e-06   5.2035017e-22               0               0               0   0.00016508531      0.23455153    0.0036653733    4.826905e-06
  0.00048888965      0.61597577   9.9793552e-06   1.1393777e-21               0               0               0   0.00016511368      0.20422844    0.0036321715   5.5189248e-06
  0.00055235838      0.62749874   1.1417133e-05   4.3183691e-22               0               0               0   0.00016514612      0.17794099    0.0035991191   6.2900038e-06
   0.0006240585      0.63889255   1.3072077e-05               0               0               0               0   0.00016518321      0.15513137    0.0035662378   7.1492208e-06
  0.00070505852      0.65017905   1.4978309e-05   2.5190904e-22               0               0               0   0.00016522565      0.13532217    0.0035334793   8.1065325e-06
  0.00079656552      0.66137673   1.7175488e-05   5.0381808e-22               0               0               0   0.00016527422      0.11810469    0.0035007437   9.1727494e-06
  0.00089994316      0.67250165   1.9709794e-05   2.5190904e-22               0               0               0   0.00016532981      0.10312872    0.0034678916    1.035948e-05
    0.001016732       0.6835681   2.2635112e-05               0               0               0               0   0.00016539343     0.090093709    0.0034347511   1.1679033e-05
   0.0011486725      0.69458927   2.6014463e-05   7.3273155e-22               0               0               0   0.00016546625     0.078741223    0.0034011212   1.3144253e-05
   0.0012977308      0.70557769   2.9921734e-05  -5.6672959e-22               0               0               0   0.00016554955     0.068848624     0.003366772   1.4768286e-05
   0.0014661282      0.71654577   3.4443785e-05   -2.669231e-21               0               0               0   0.00016564479     0.060223735     0.003331442   1.6564229e-05
   0.0016563743      0.72750622    3.968302e-05  -2.5189631e-21               0               0               0   0.00016575359     0.052700364    0.0032948333   1.8544643e-05
   0.0018713042      0.73847239   4.5760548e-05   -1.761204e-21               0               0               0   0.00016587773     0.046134525    0.0032566039   2.0720892e-05
   0.0021141207      0.74945866   5.2820063e-05   -6.120108e-22               0               0               0   0.00016601912     0.040401255    0.0032163582   2.3102256e-05
   0.0023884425      0.76048081   6.1032651e-05  -4.5651736e-22               0               0               0   0.00016617982     0.035391916    0.0031736337   2.5694769e-05
   0.0026983575      0.77155639   7.0602746e-05   4.1409385e-22               0               0               0   0.00016636194     0.031011892    0.0031278858   2.8499716e-05
   0.0030484842      0.78270503   8.1775541e-05  -1.7807122e-21               0               0               0   0.00016656757     0.027178624    0.0030784676   3.1511734e-05
   0.0034440402      0.79394888   9.4846227e-05    -3.57567e-21               0               0               0   0.00016679862     0.023819922    0.0030246061   3.4716433e-05
   0.0038909203      0.80531298   0.00011017141  -9.2434657e-22               0               0               0   0.00016705658     0.020872492    0.0029653716   3.8087479e-05
    0.004395784      0.81682563   0.00012818317   3.7021023e-21               0               0               0   0.00016734216     0.018280665    0.0028996405   4.1583074e-05
   0.0049661549      0.82851879   0.00014940761  -1.3231472e-21               0               0               0   0.00016765502     0.015995264    0.0028260489   4.5141786e-05
   0.0056105328      0.84042842   0.00017449212  -9.9249948e-21               0               0               0   0.00016799356     0.013972604    0.0027429352   4.8677703e-05
   0.0063385204      0.85259463   0.00020423653   9.1127188e-21               0               0               0   0.00016835178      0.01217359     0.002648269   5.2074947e-05
   0.0071609664      0.86506168   0.00023952526   2.2983116e-20               0               0               0    0.0001687171     0.010562902     0.002539566   5.5181633e-05
   0.0080901272      0.87787732   0.00028156682   2.2931387e-20               0               0               0   0.00016907162    0.0091082683    0.0024137884   5.7803491e-05
   0.0091398493      0.89109113   0.00033187077   2.1965037e-20               0               0               0   0.00016939004    0.0077798462    0.0022672384   5.9697602e-05
    0.010325776      0.90475074   0.00039207088   1.2762558e-20               0               0               0   0.00016963426    0.0065498147    0.0020954678   6.0567185e-05
     0.01166558      0.91889365   0.00046414819    4.758258e-21               0               0               0   0.00016974582     0.005392411    0.0018932701   6.0059675e-05
    0.013179228      0.93352941   0.00055033574   1.0315842e-20               0               0               0   0.00016963776    0.0042850573    0.0016549407   5.7774212e-05
    0.014889277      0.94859795   0.00065270791   4.3597707e-21               0               0               0   0.00016919291    0.0032123552    0.0013753775   5.3298431e-05
    0.016821209      0.96385817   0.00077273764   2.2831356e-20               0               0               0   0.00016829184    0.0021783902     0.001054045   4.6353344e-05
    0.019003816      0.97855009   0.00090761786   4.2475271e-20               0               0               0    0.0001667795    0.0012416705   0.00070910617   3.7359943e-05
    0.021469624      0.99072151    0.0010337601   8.1221512e-21               0               0               0   0.00016422297   0.00054194155   0.00040437938   2.9594495e-05
    0.024255377      0.99820851    0.0011145641  -1.5412336e-20               0               0               0   0.00016040966   0.00017461761   0.00021600202   3.0480989e-05
    0.027402591        1.001307     0.001145533  -9.8466693e-21               0               0               0   0.00015589694    5.184946e-05   0.00014315735   4.5121877e-05
    0.030958166       1.0022438    0.0011521411               0               0               0               0   0.00015131435   2.2531585e-05   0.00012511565   6.9235759e-05
    0.034975088       1.0025369    0.0011513966               0               0               0               0   0.00014685356   1.4644864e-05   0.00012168636   9.4137088e-05
    0.039513219       1.0026492    0.0011479205   9.1619204e-21               0               0               0    0.0001424001    1.174533e-05   0.00012178852    0.0001150132
    0.044640187       1.0026968    0.0011434415   1.1050269e-20               0               0               0   0.00013782425   1.0385716e-05    0.0001229114   0.00013156728
    0.050432395       1.0027166    0.0011385309  -2.4445646e-21               0               0               0   0.00013313694   9.6152353e-06   0.00012430139   0.00014498771
    0.056976161       1.0027265    0.0011329442  -5.9746158e-21               0               0               0   0.00012833789   9.1080734e-06   0.00012564859   0.00015623178
    0.064369002       1.0027331    0.0011260753  -1.6417191e-21               0               0               0   0.00012339502   8.7410044e-06   0.00012681432   0.00016573022
    0.072721087       1.0027356    0.0011177048               0               0               0               0   0.00011838443   8.4666455e-06   0.00012774803   0.00017356238
    0.082156882       1.0027333    0.0011079608               0               0               0               0   0.00011348117   8.2648395e-06   0.00012844896   0.00017970993
    0.092817002       1.0027278     0.001097079               0               0               0               0   0.00010883415   8.1227387e-06   0.00012894392   0.00018423614
