/*--------------------------------*- C++ -*----------------------------------*\
  =========                 |
  \\      /  F ield         | OpenFOAM: The Open Source CFD Toolbox
   \\    /   O peration     | Website:  https://openfoam.org
    \\  /    A nd           | Version:  12
     \\/     M anipulation  |
\*---------------------------------------------------------------------------*/
FoamFile
{
    format      ascii;
    class       volScalarField;
    location    "1300";
    object      p;
}
// * * * * * * * * * * * * * * * * * * * * * * * * * * * * * * * * * * * * * //

dimensions      [0 2 -2 0 0 0 0];

internalField   nonuniform List<scalar> 
824
(
0.0029725465
0.002943861
0.0029153778
0.0028870707
0.0028589136
0.002830881
0.0028029474
0.0027750876
0.0027472764
0.0027194886
0.0026916992
0.0026638829
0.0026360142
0.0026080675
0.0025800168
0.0025518356
0.0025234969
0.002494973
0.0024662357
0.0024372556
0.002408002
0.0023784433
0.0023485464
0.0023182768
0.0022875976
0.0022564701
0.0022248543
0.0021927073
0.0021599825
0.0021266293
0.0020925949
0.0020578233
0.0029790969
0.0029504704
0.0029220235
0.0028937326
0.0028655741
0.0028375243
0.0028095598
0.0027816569
0.0027537919
0.0027259412
0.0026980807
0.0026701862
0.0026422334
0.0026141973
0.0025860526
0.0025577735
0.0025293335
0.0025007056
0.0024718617
0.0024427728
0.0024134088
0.0023837382
0.0023537281
0.0023233441
0.0022925498
0.0022613068
0.0022295747
0.0021973106
0.0021644682
0.0021309976
0.0020968457
0.0020619559
0.0029847876
0.0029563317
0.0029280241
0.0028998442
0.0028717713
0.0028437845
0.0028158625
0.0027879839
0.0027601269
0.0027322695
0.0027043894
0.0026764638
0.0026484694
0.0026203825
0.0025921789
0.0025638336
0.002535321
0.0025066146
0.0024776871
0.0024485101
0.0024190538
0.0023892872
0.002359178
0.002328692
0.0022977931
0.0022664434
0.0022346024
0.0022022274
0.0021692723
0.0021356877
0.0021014206
0.0020664143
0.0020306073
0.0019939323
0.0019563169
0.0019176828
0.001877944
0.0018370049
0.0029890723
0.0029609262
0.0029328877
0.0029049398
0.0028770651
0.0028492458
0.0028214634
0.0027936989
0.0027659332
0.0027381462
0.0027103175
0.0026824261
0.0026544505
0.0026263684
0.0025981568
0.0025697921
0.0025412496
0.002512504
0.0024835286
0.0024542959
0.0024247768
0.0023949411
0.002364757
0.0023341907
0.0023032067
0.0022717675
0.002239833
0.0022073606
0.0021743048
0.0021406164
0.0021062427
0.0020711272
0.0020352086
0.0019984201
0.0019606895
0.0019219382
0.0018820804
0.0018410211
0.0029914694
0.0029637999
0.0029361878
0.0029086201
0.0028810829
0.0028535618
0.0028260414
0.0027985058
0.0027709384
0.0027433216
0.0027156374
0.002687867
0.0026599906
0.0026319879
0.0026038375
0.0025755172
0.0025470039
0.0025182734
0.0024893001
0.0024600577
0.0024305181
0.0024006518
0.0023704277
0.002339813
0.0023087729
0.0022772703
0.0022452656
0.0022127169
0.0021795788
0.0021458029
0.002111337
0.0020761246
0.0020401048
0.0020032114
0.0019653724
0.0019265093
0.0018865365
0.0018453596
0.0029911544
0.0029641504
0.0029371455
0.0029101305
0.0028830952
0.0028560285
0.0028289185
0.0028017522
0.0027745158
0.0027471947
0.0027197732
0.0026922349
0.0026645624
0.0026367372
0.00260874
0.0025805503
0.0025521467
0.0025235065
0.0024946056
0.0024654189
0.0024359194
0.002406079
0.0023758674
0.0023452529
0.0023142014
0.0022826767
0.00225064
0.0022180498
0.0021848617
0.0021510276
0.0021164959
0.0020812108
0.0020451117
0.0020081328
0.0019702027
0.0019312432
0.0018911689
0.0018498859
0.0029877002
0.0029615639
0.0029353626
0.0029090905
0.0028827406
0.0028563052
0.0028297751
0.0028031405
0.0027763904
0.0027495128
0.0027224948
0.0026953222
0.00266798
0.002640452
0.002612721
0.0025847685
0.0025565748
0.0025281189
0.0024993786
0.00247033
0.0024409478
0.002411205
0.0023810729
0.0023505205
0.0023195151
0.0022880213
0.0022560014
0.0022234147
0.0021902175
0.0021563627
0.0021217993
0.002086472
0.0020503211
0.0020132814
0.0019752818
0.0019362448
0.0018960854
0.0018547102
0.0029799515
0.0029548863
0.0029296901
0.0029043597
0.0028788907
0.0028532778
0.0028275145
0.0028015935
0.0027755061
0.0027492429
0.0027227932
0.0026961453
0.0026692863
0.0026422022
0.0026148778
0.0025872966
0.0025594409
0.0025312915
0.0025028279
0.0024740278
0.0024448675
0.0024153216
0.0023853625
0.0023549608
0.0023240849
0.0022927007
0.0022607715
0.0022282577
0.0021951166
0.0021613019
0.0021267636
0.0020914473
0.0020552939
0.0020182389
0.0019802122
0.0019411366
0.001900928
0.0018594933
0.0029679964
0.0029441872
0.0029201835
0.0028959834
0.002871584
0.0028469817
0.0028221716
0.0027971481
0.0027719044
0.0027464329
0.0027207248
0.0026947701
0.002668558
0.0026420762
0.0026153114
0.0025882489
0.0025608726
0.0025331652
0.0025051077
0.0024766796
0.0024478587
0.002418621
0.0023889406
0.0023587893
0.0023281369
0.0022969506
0.0022651949
0.0022328314
0.0021998185
0.002166111
0.0021316599
0.0020964118
0.0020603085
0.0020232865
0.0019852763
0.0019462018
0.0019059793
0.0018645168
0.0029501473
0.0029277529
0.0029051078
0.0028822103
0.0028590579
0.0028356475
0.0028119749
0.0027880352
0.0027638227
0.0027393306
0.0027145513
0.002689476
0.002664095
0.0026383973
0.002612371
0.0025860027
0.0025592777
0.00253218
0.002504692
0.0024767947
0.0024484672
0.0024196869
0.0023904291
0.0023606671
0.0023303718
0.0022995118
0.0022680527
0.0022359574
0.0022031855
0.0021696928
0.0021354314
0.002100349
0.0020643883
0.002027487
0.0019895763
0.0019505811
0.0019104186
0.0018689976
0.0029279125
0.0029070356
0.0028858622
0.0028643897
0.002842615
0.0028205342
0.002798143
0.0027754363
0.0027524082
0.002729052
0.0027053604
0.0026813247
0.0026569359
0.0026321834
0.0026070558
0.0025815405
0.0025556236
0.0025292899
0.0025025228
0.002475304
0.0024476136
0.0024194301
0.0023907298
0.0023614871
0.002331674
0.00230126
0.002270212
0.0022384938
0.002206066
0.0021728858
0.002138906
0.0021040756
0.0020683383
0.0020316326
0.0019938909
0.001955039
0.001914995
0.0018736685
0.0028982784
0.0028789892
0.0028593714
0.0028394207
0.0028191325
0.0027985018
0.0027775229
0.0027561897
0.0027344954
0.0027124325
0.0026899929
0.0026671677
0.0026439471
0.0026203205
0.0025962761
0.0025718013
0.0025468822
0.0025215036
0.0024956492
0.002469301
0.0024424395
0.0024150436
0.00238709
0.0023585537
0.0023294074
0.0022996212
0.0022691627
0.0022379964
0.0022060839
0.0021733829
0.0021398473
0.0021054266
0.0020700656
0.0020337036
0.0019962739
0.0019577031
0.0019179101
0.0018768055
0.0028658706
0.0028481504
0.0028300818
0.0028116586
0.0027928744
0.0027737224
0.0027541951
0.002734285
0.0027139836
0.0026932821
0.0026721711
0.0026506403
0.0026286789
0.0026062752
0.0025834166
0.0025600896
0.0025362795
0.0025119707
0.0024871462
0.0024617875
0.0024358751
0.0024093872
0.0023823009
0.0023545908
0.0023262297
0.0022971878
0.0022674331
0.0022369302
0.0022056411
0.0021735238
0.0021405328
0.0021066182
0.0020717251
0.0020357936
0.0019987576
0.0019605444
0.0019210735
0.0018802562
0.0028241302
0.0028079714
0.0027914579
0.0027745817
0.0027573344
0.0027397073
0.0027216913
0.0027032769
0.0026844539
0.0026652119
0.0026455395
0.0026254251
0.0026048562
0.0025838195
0.002562301
0.0025402857
0.0025177578
0.0024947003
0.002471095
0.0024469225
0.002422162
0.0023967912
0.002370786
0.0023441204
0.0023167665
0.002288694
0.0022598703
0.0022302597
0.0021998238
0.0021685204
0.0021363039
0.0021031241
0.0020689263
0.0020336505
0.0019972307
0.0019595943
0.0019206611
0.0018803425
0.002784303
0.0027695579
0.0027544594
0.002738998
0.0027231637
0.0027069462
0.0026903347
0.0026733178
0.0026558838
0.0026380205
0.0026197149
0.0026009536
0.0025817223
0.0025620061
0.0025417893
0.0025210554
0.0024997869
0.0024779651
0.0024555704
0.002432582
0.0024089776
0.0023847335
0.0023598244
0.0023342231
0.0023079004
0.0022808252
0.0022529636
0.0022242792
0.0021947326
0.002164281
0.0021328778
0.0021004726
0.0020670099
0.0020324293
0.0019966642
0.0019596418
0.0019212815
0.0018814944
0.0027311656
0.0027178183
0.0027041283
0.002690085
0.0026756772
0.0026608933
0.0026457211
0.0026301481
0.0026141611
0.0025977464
0.0025808895
0.0025635756
0.0025457889
0.002527513
0.0025087304
0.0024894231
0.0024695719
0.0024491567
0.0024281561
0.0024065477
0.0023843075
0.0023614101
0.0023378287
0.0023135344
0.0022884964
0.002262682
0.0022360556
0.0022085795
0.0021802126
0.0021509108
0.0021206259
0.002089306
0.0020568943
0.002023329
0.0019885422
0.0019524596
0.0019149995
0.0018760717
0.0026902574
0.0026780038
0.0026654173
0.0026524863
0.0026391989
0.0026255424
0.0026115039
0.0025970696
0.0025822254
0.0025669565
0.0025512475
0.0025350823
0.002518444
0.0025013151
0.0024836773
0.0024655111
0.0024467965
0.0024275123
0.002407636
0.0023871443
0.0023660122
0.0023442133
0.0023217195
0.0022985009
0.0022745255
0.0022497592
0.0022241654
0.0021977048
0.0021703348
0.0021420097
0.00211268
0.0020822918
0.0020507867
0.0020181008
0.0019841645
0.0019489015
0.001912228
0.0018740516
0.0026266043
0.0026155403
0.0026041593
0.0025924495
0.0025803984
0.0025679929
0.0025552194
0.0025420639
0.0025285116
0.002514547
0.0025001543
0.0024853166
0.0024700166
0.002454236
0.0024379557
0.002421156
0.002403816
0.0023859139
0.0023674267
0.0023483301
0.0023285985
0.0023082045
0.002287119
0.0022653111
0.0022427479
0.002219394
0.0021952114
0.0021701593
0.0021441938
0.0021172673
0.0020893279
0.0020603196
0.0020301813
0.0019988465
0.0019662426
0.0019322901
0.0018969019
0.0018599824
0.0025957497
0.0025852655
0.002574467
0.0025633411
0.0025518739
0.0025400508
0.0025278556
0.0025152724
0.0025022869
0.0024888845
0.00247505
0.0024607675
0.0024460206
0.0024307927
0.0024150666
0.002398825
0.0023820503
0.002364725
0.0023468336
0.0023283608
0.0023092832
0.0022895717
0.0022691959
0.0022481246
0.0022263244
0.002203759
0.0021803889
0.0021561709
0.002131058
0.0021049994
0.0020779398
0.0020498197
0.0020205743
0.0019901332
0.0019584199
0.0019253507
0.0018908343
0.0018547709
0.0025154182
0.0025059895
0.0024962745
0.0024862608
0.0024759354
0.0024652843
0.0024542924
0.0024429436
0.0024312217
0.0024191115
0.0024065977
0.0023936637
0.0023802921
0.0023664648
0.002352163
0.0023373671
0.0023220565
0.0023062098
0.0022898053
0.0022728201
0.0022552298
0.0022370086
0.0022181321
0.0021985772
0.0021783123
0.0021573026
0.0021355159
0.0021129149
0.0020894486
0.0020650585
0.0020396844
0.0020132633
0.0019857269
0.0019570005
0.0019270032
0.001895647
0.0018628359
0.0018284653
0.0024845924
0.0024753667
0.0024658823
0.002456129
0.0024460962
0.0024357731
0.0024251488
0.0024142109
0.0024029446
0.0023913337
0.0023793616
0.0023670105
0.0023542617
0.0023410949
0.0023274887
0.0023134201
0.0022988646
0.0022837959
0.0022681837
0.002251996
0.0022352062
0.0022177908
0.0021997263
0.002180991
0.0021615592
0.0021413959
0.0021204628
0.0020987125
0.0020760906
0.0020525401
0.0020280014
0.0020024101
0.0019756965
0.0019477847
0.0019185927
0.0018880308
0.0018560016
0.0018223985
0.0023827545
0.0023744689
0.0023659538
0.0023572001
0.002348198
0.0023389377
0.0023294087
0.0023196008
0.0023095023
0.0022990992
0.0022883767
0.0022773187
0.0022659089
0.0022541294
0.0022419614
0.0022293848
0.002216378
0.0022029185
0.0021889819
0.0021745426
0.0021595733
0.0021440448
0.0021279247
0.0021111789
0.0020937756
0.0020756725
0.0020568185
0.0020371545
0.0020166254
0.0019951768
0.001972749
0.0019492757
0.0019246849
0.001898899
0.0018718339
0.0018433979
0.0018134908
0.0017820025
)
;

boundaryField
{
    bottom
    {
        type            zeroGradient;
    }
    back
    {
        type            empty;
    }
    front
    {
        type            empty;
    }
    inlet
    {
        type            zeroGradient;
    }
    outlet
    {
        type            fixedValue;
        value           nonuniform List<scalar> 0();
    }
    top
    {
        type            zeroGradient;
    }
    slipsurface
    {
        type            slip;
    }
    procBoundary15to4
    {
        type            processor;
        value           nonuniform List<scalar> 
22
(
0.003001461
0.0030079269
0.0030134122
0.0030173423
0.0030192084
0.0030181657
0.0030137761
0.0030048881
0.0029916121
0.0029722922
0.002948495
0.0029172427
0.0028832482
0.0028399419
0.002798704
0.0027441807
0.0027021892
0.0026373629
0.0026059319
0.0025245723
0.002493569
0.0023908193
)
;
    }
    procBoundary15to12
    {
        type            processor;
        value           nonuniform List<scalar> 8(0.0020222521 0.0020262666 0.0020262666 0.0019897097 0.0019522127 0.0019136983 0.0018740802 0.0018332613);
    }
    procBoundary15to13
    {
        type            processor;
        value           nonuniform List<scalar> 
20
(
0.0017947611
0.0017986564
0.0018028748
0.0018072908
0.0018120163
0.0018167304
0.0018217126
0.0018262171
0.0018309597
0.0018342901
0.001837994
0.0018385402
0.0018401821
0.0018355763
0.0018342706
0.0018214262
0.0018170507
0.0017924205
0.0017871046
0.0017488124
)
;
    }
    procBoundary15to14
    {
        type            processor;
        value           nonuniform List<scalar> 
32
(
0.0029654978
0.0029368384
0.0029083965
0.0028801438
0.0028520527
0.0028240958
0.0027962463
0.0027684777
0.0027407637
0.0027130783
0.0026853954
0.0026576891
0.0026299331
0.0026021014
0.0025741675
0.0025461043
0.0025178845
0.0024894802
0.0024608632
0.0024320038
0.0024028709
0.0023734326
0.0023436562
0.0023135069
0.0022829475
0.0022519389
0.0022204418
0.0021884138
0.0021558074
0.0021225712
0.0020886532
0.0020539983
)
;
    }
}


// ************************************************************************* //
