/*--------------------------------*- C++ -*----------------------------------*\
  =========                 |
  \\      /  F ield         | OpenFOAM: The Open Source CFD Toolbox
   \\    /   O peration     | Website:  https://openfoam.org
    \\  /    A nd           | Version:  12
     \\/     M anipulation  |
\*---------------------------------------------------------------------------*/
FoamFile
{
    format      ascii;
    class       volScalarField;
    location    "500";
    object      nut;
}
// * * * * * * * * * * * * * * * * * * * * * * * * * * * * * * * * * * * * * //

dimensions      [0 2 -1 0 0 0 0];

internalField   nonuniform List<scalar> 
1760
(
3.0280811e-06
3.0169451e-06
3.0061581e-06
2.9957244e-06
2.9856409e-06
2.9759012e-06
2.9664986e-06
2.9574262e-06
2.948676e-06
2.9402378e-06
2.9321006e-06
2.9242532e-06
2.9166846e-06
2.9093841e-06
2.9023411e-06
2.8955452e-06
2.8889863e-06
2.8826547e-06
2.8765408e-06
2.8706359e-06
2.8649314e-06
2.8594195e-06
2.8540926e-06
2.848944e-06
2.843967e-06
2.8391557e-06
2.8345047e-06
2.8300089e-06
2.8256638e-06
2.8214651e-06
2.8174087e-06
2.813491e-06
2.8097087e-06
2.8060587e-06
2.802538e-06
2.7991439e-06
2.7958737e-06
2.7927251e-06
2.7896956e-06
2.7867829e-06
2.7839848e-06
2.781299e-06
2.7787233e-06
2.7762555e-06
2.7738937e-06
2.7716353e-06
2.7694783e-06
2.7674205e-06
3.0049808e-06
2.9939407e-06
2.9832104e-06
2.972798e-06
2.9627057e-06
2.9529315e-06
2.9434721e-06
2.9343237e-06
2.9254811e-06
2.9169367e-06
2.9086815e-06
2.9007062e-06
2.8930013e-06
2.8855575e-06
2.8783654e-06
2.8714155e-06
2.8646985e-06
2.8582055e-06
2.8519276e-06
2.8458565e-06
2.839984e-06
2.8343027e-06
2.8288054e-06
2.8234855e-06
2.8183367e-06
2.8133533e-06
2.80853e-06
2.8038618e-06
2.7993445e-06
2.7949737e-06
2.7907458e-06
2.7866572e-06
2.7827046e-06
2.7788851e-06
2.775196e-06
2.7716345e-06
2.7681984e-06
2.7648852e-06
2.7616928e-06
2.758619e-06
2.7556616e-06
2.7528187e-06
2.7500881e-06
2.7474679e-06
2.7449562e-06
2.7425506e-06
2.7402492e-06
2.7380502e-06
2.7359514e-06
2.7339498e-06
2.7320439e-06
2.7302312e-06
2.7188789e-06
2.7171021e-06
2.9913153e-06
2.9801952e-06
2.9693262e-06
2.9587199e-06
2.9483899e-06
2.9383441e-06
2.9285852e-06
2.9191141e-06
2.9099307e-06
2.9010326e-06
2.8924153e-06
2.8840724e-06
2.8759965e-06
2.8681802e-06
2.8606155e-06
2.8532945e-06
2.8462089e-06
2.8393505e-06
2.8327112e-06
2.8262829e-06
2.8200578e-06
2.8140285e-06
2.8081879e-06
2.8025292e-06
2.7970462e-06
2.7917328e-06
2.7865837e-06
2.7815936e-06
2.7767581e-06
2.7720728e-06
2.7675337e-06
2.7631373e-06
2.7588801e-06
2.7547591e-06
2.7507715e-06
2.7469148e-06
2.7431864e-06
2.7395842e-06
2.7361059e-06
2.7327495e-06
2.729513e-06
2.7263945e-06
2.7233921e-06
2.720504e-06
2.7177283e-06
2.7150633e-06
2.7125068e-06
2.7100571e-06
2.7077125e-06
2.7054708e-06
2.7033297e-06
2.7012873e-06
2.6993415e-06
2.69749e-06
2.69573e-06
2.6940591e-06
2.6924758e-06
2.6909732e-06
2.6895624e-06
2.6881842e-06
2.6870694e-06
2.6851354e-06
2.9754067e-06
2.9644551e-06
2.9536547e-06
2.943041e-06
2.9326351e-06
2.9224567e-06
2.91252e-06
2.9028333e-06
2.893402e-06
2.8842302e-06
2.8753191e-06
2.8666673e-06
2.8582715e-06
2.8501267e-06
2.8422276e-06
2.8345681e-06
2.8271419e-06
2.8199422e-06
2.812962e-06
2.8061942e-06
2.7996316e-06
2.7932673e-06
2.7870945e-06
2.7811067e-06
2.7752977e-06
2.7696615e-06
2.7641926e-06
2.7588858e-06
2.7537364e-06
2.7487399e-06
2.7438923e-06
2.73919e-06
2.7346294e-06
2.7302074e-06
2.7259211e-06
2.7217679e-06
2.7177456e-06
2.7138516e-06
2.7100841e-06
2.706441e-06
2.7029205e-06
2.6995208e-06
2.6962402e-06
2.6930769e-06
2.6900293e-06
2.6870957e-06
2.6842747e-06
2.6815642e-06
2.6789628e-06
2.6764687e-06
2.6740802e-06
2.671795e-06
2.6696116e-06
2.6675277e-06
2.6655413e-06
2.66365e-06
2.6618513e-06
2.6601438e-06
2.6585206e-06
2.656994e-06
2.6555003e-06
2.6542907e-06
2.6521895e-06
2.946094e-06
2.9356502e-06
2.9252738e-06
2.9150102e-06
2.9048905e-06
2.8949418e-06
2.8851851e-06
2.8756349e-06
2.8663021e-06
2.8571951e-06
2.8483193e-06
2.8396771e-06
2.8312683e-06
2.823091e-06
2.8151422e-06
2.8074182e-06
2.7999143e-06
2.7926255e-06
2.7855463e-06
2.7786708e-06
2.771993e-06
2.7655068e-06
2.7592064e-06
2.7530859e-06
2.7471396e-06
2.7413623e-06
2.7357488e-06
2.7302943e-06
2.7249945e-06
2.7198452e-06
2.7148427e-06
2.7099836e-06
2.7052646e-06
2.7006829e-06
2.6962357e-06
2.6919208e-06
2.6877359e-06
2.683679e-06
2.6797482e-06
2.6759417e-06
2.6722581e-06
2.6686955e-06
2.6652526e-06
2.6619277e-06
2.6587196e-06
2.6556266e-06
2.6526477e-06
2.6497809e-06
2.6470248e-06
2.6443782e-06
2.6418393e-06
2.6394063e-06
2.6370775e-06
2.6348511e-06
2.6327252e-06
2.6306974e-06
2.6287656e-06
2.6269285e-06
2.6251792e-06
2.6235309e-06
2.6219156e-06
2.6206061e-06
2.6183279e-06
2.9145946e-06
2.9047862e-06
2.8949502e-06
2.8851429e-06
2.8754058e-06
2.8657746e-06
2.8562778e-06
2.846937e-06
2.8377689e-06
2.828787e-06
2.8200015e-06
2.811419e-06
2.803043e-06
2.7948748e-06
2.7869143e-06
2.7791603e-06
2.7716104e-06
2.7642615e-06
2.7571097e-06
2.7501507e-06
2.7433798e-06
2.736792e-06
2.7303825e-06
2.7241463e-06
2.7180784e-06
2.7121742e-06
2.7064292e-06
2.700839e-06
2.6953997e-06
2.6901075e-06
2.6849591e-06
2.6799514e-06
2.6750814e-06
2.6703466e-06
2.6657444e-06
2.6612728e-06
2.6569299e-06
2.6527139e-06
2.648623e-06
2.6446558e-06
2.6408109e-06
2.637087e-06
2.6334826e-06
2.6299966e-06
2.6266278e-06
2.6233749e-06
2.6202369e-06
2.6172122e-06
2.6142996e-06
2.611498e-06
2.6088059e-06
2.6062217e-06
2.6037441e-06
2.6013712e-06
2.5991014e-06
2.5969327e-06
2.594863e-06
2.5928912e-06
2.5910103e-06
2.5892349e-06
2.5874921e-06
2.5860778e-06
2.5836128e-06
2.8807609e-06
2.8717296e-06
2.8625636e-06
2.853331e-06
2.8440845e-06
2.8348692e-06
2.8257222e-06
2.8166726e-06
2.8077439e-06
2.7989554e-06
2.7903225e-06
2.7818565e-06
2.7735652e-06
2.7654535e-06
2.7575248e-06
2.7497804e-06
2.7422208e-06
2.7348449e-06
2.727651e-06
2.7206364e-06
2.713798e-06
2.7071321e-06
2.7006351e-06
2.694303e-06
2.6881318e-06
2.6821175e-06
2.6762563e-06
2.6705446e-06
2.6649788e-06
2.6595557e-06
2.6542724e-06
2.649126e-06
2.6441141e-06
2.6392343e-06
2.6344846e-06
2.629863e-06
2.625368e-06
2.620998e-06
2.6167515e-06
2.6126275e-06
2.6086247e-06
2.6047419e-06
2.6009782e-06
2.5973326e-06
2.593804e-06
2.5903915e-06
2.5870942e-06
2.583911e-06
2.5808407e-06
2.5778826e-06
2.5750352e-06
2.5722974e-06
2.5696679e-06
2.5671454e-06
2.564728e-06
2.5624144e-06
2.5602023e-06
2.5580912e-06
2.5560739e-06
2.5541662e-06
2.5522904e-06
2.5507665e-06
2.5481053e-06
2.8444239e-06
2.8363265e-06
2.8279747e-06
2.8194483e-06
2.8108127e-06
2.8021233e-06
2.7934266e-06
2.7847601e-06
2.7761548e-06
2.7676366e-06
2.7592266e-06
2.7509414e-06
2.7427936e-06
2.7347923e-06
2.7269445e-06
2.719255e-06
2.711727e-06
2.7043621e-06
2.6971609e-06
2.6901227e-06
2.6832462e-06
2.6765293e-06
2.6699697e-06
2.6635647e-06
2.6573112e-06
2.6512064e-06
2.6452471e-06
2.6394304e-06
2.6337534e-06
2.6282135e-06
2.6228081e-06
2.6175351e-06
2.6123922e-06
2.6073776e-06
2.6024893e-06
2.5977261e-06
2.5930865e-06
2.5885692e-06
2.5841731e-06
2.5798975e-06
2.5757413e-06
2.5717037e-06
2.5677839e-06
2.5639812e-06
2.560295e-06
2.5567243e-06
2.5532687e-06
2.5499273e-06
2.5466992e-06
2.5435838e-06
2.5405799e-06
2.5376869e-06
2.5349035e-06
2.5322287e-06
2.5296608e-06
2.5271988e-06
2.5248407e-06
2.5225861e-06
2.5204279e-06
2.5183832e-06
2.5163692e-06
2.5147314e-06
2.511865e-06
2.8053919e-06
2.798402e-06
2.7910233e-06
2.7833493e-06
2.7754582e-06
2.7674172e-06
2.7592828e-06
2.7511022e-06
2.7429145e-06
2.7347527e-06
2.7266447e-06
2.7186127e-06
2.7106747e-06
2.7028447e-06
2.6951336e-06
2.6875502e-06
2.6801008e-06
2.6727902e-06
2.6656214e-06
2.6585961e-06
2.6517151e-06
2.6449782e-06
2.6383846e-06
2.631933e-06
2.6256217e-06
2.6194488e-06
2.6134122e-06
2.6075097e-06
2.6017394e-06
2.5960992e-06
2.5905871e-06
2.5852015e-06
2.5799406e-06
2.574803e-06
2.5697873e-06
2.5648924e-06
2.5601174e-06
2.5554612e-06
2.5509231e-06
2.5465027e-06
2.5421991e-06
2.538012e-06
2.5339407e-06
2.529985e-06
2.5261443e-06
2.5224182e-06
2.5188063e-06
2.5153082e-06
2.5119231e-06
2.5086508e-06
2.5054903e-06
2.5024412e-06
2.4995027e-06
2.4966738e-06
2.4939533e-06
2.4913403e-06
2.4888331e-06
2.4864316e-06
2.4841286e-06
2.4819428e-06
2.4797858e-06
2.4780302e-06
2.4749502e-06
2.7634501e-06
2.7577582e-06
2.7515283e-06
2.7448677e-06
2.7378691e-06
2.7306121e-06
2.7231649e-06
2.7155846e-06
2.7079194e-06
2.7002106e-06
2.6924931e-06
2.6847957e-06
2.6771422e-06
2.6695519e-06
2.6620407e-06
2.6546212e-06
2.6473037e-06
2.6400963e-06
2.6330049e-06
2.6260341e-06
2.6191869e-06
2.6124653e-06
2.6058703e-06
2.5994023e-06
2.593061e-06
2.5868459e-06
2.5807559e-06
2.57479e-06
2.5689469e-06
2.5632254e-06
2.5576243e-06
2.5521425e-06
2.5467789e-06
2.5415324e-06
2.5364023e-06
2.5313878e-06
2.5264884e-06
2.5217034e-06
2.5170326e-06
2.5124757e-06
2.5080324e-06
2.5037025e-06
2.4994859e-06
2.4953824e-06
2.491392e-06
2.4875144e-06
2.4837496e-06
2.4800975e-06
2.4765575e-06
2.4731297e-06
2.4698135e-06
2.4666087e-06
2.4635148e-06
2.4605311e-06
2.4576565e-06
2.4548907e-06
2.4522322e-06
2.449681e-06
2.4472301e-06
2.4448996e-06
2.4425955e-06
2.4407186e-06
2.4374173e-06
2.7216991e-06
2.7183577e-06
2.7141746e-06
2.7092859e-06
2.7038159e-06
2.6978728e-06
2.69155e-06
2.684928e-06
2.678075e-06
2.6710493e-06
2.6639009e-06
2.6566727e-06
2.6494009e-06
2.6421156e-06
2.6348421e-06
2.6276014e-06
2.6204111e-06
2.6132856e-06
2.6062366e-06
2.5992738e-06
2.5924044e-06
2.5856345e-06
2.5789683e-06
2.572409e-06
2.5659589e-06
2.5596195e-06
2.5533916e-06
2.5472756e-06
2.5412716e-06
2.5353794e-06
2.5295986e-06
2.5239289e-06
2.5183699e-06
2.5129212e-06
2.5075823e-06
2.5023529e-06
2.4972329e-06
2.4922222e-06
2.4873205e-06
2.482528e-06
2.4778449e-06
2.4732712e-06
2.468807e-06
2.4644527e-06
2.4602084e-06
2.4560743e-06
2.4520507e-06
2.4481377e-06
2.4443356e-06
2.440644e-06
2.4370635e-06
2.4335935e-06
2.4302345e-06
2.426986e-06
2.4238477e-06
2.4208189e-06
2.4178995e-06
2.4150882e-06
2.4123855e-06
2.4097843e-06
2.4073064e-06
2.4048518e-06
2.4028506e-06
2.3993212e-06
2.6712461e-06
2.6698528e-06
2.6674068e-06
2.6640696e-06
2.6599842e-06
2.6552756e-06
2.650052e-06
2.6444074e-06
2.6384221e-06
2.6321653e-06
2.6256967e-06
2.619068e-06
2.6123231e-06
2.6054995e-06
2.5986289e-06
2.5917383e-06
2.5848503e-06
2.5779842e-06
2.5711561e-06
2.5643791e-06
2.5576644e-06
2.5510208e-06
2.5444553e-06
2.5379738e-06
2.5315805e-06
2.525279e-06
2.5190719e-06
2.512961e-06
2.5069479e-06
2.5010335e-06
2.4952185e-06
2.4895036e-06
2.4838893e-06
2.4783757e-06
2.4729633e-06
2.4676524e-06
2.4624433e-06
2.4573365e-06
2.4523323e-06
2.4474312e-06
2.4426339e-06
2.437941e-06
2.4333529e-06
2.4288702e-06
2.4244936e-06
2.4202237e-06
2.4160609e-06
2.4120059e-06
2.4080592e-06
2.4042208e-06
2.4004915e-06
2.3968713e-06
2.3933606e-06
2.3899597e-06
2.3866683e-06
2.383486e-06
2.3804131e-06
2.3774486e-06
2.3745935e-06
2.3718406e-06
2.3692133e-06
2.3666056e-06
2.3644779e-06
2.3607148e-06
2.6168291e-06
2.6176489e-06
2.6171872e-06
2.6156298e-06
2.6131403e-06
2.6098615e-06
2.605918e-06
2.601418e-06
2.596455e-06
2.5911099e-06
2.5854531e-06
2.5795457e-06
2.5734404e-06
2.5671826e-06
2.560811e-06
2.554359e-06
2.5478553e-06
2.5413243e-06
2.5347868e-06
2.5282604e-06
2.52176e-06
2.5152979e-06
2.5088844e-06
2.502528e-06
2.4962356e-06
2.4900128e-06
2.4838644e-06
2.477794e-06
2.4718045e-06
2.4658985e-06
2.4600779e-06
2.4543444e-06
2.4486995e-06
2.4431444e-06
2.4376802e-06
2.4323079e-06
2.4270287e-06
2.4218434e-06
2.4167531e-06
2.4117588e-06
2.4068617e-06
2.4020627e-06
2.3973628e-06
2.392763e-06
2.3882645e-06
2.3838681e-06
2.3795748e-06
2.3753855e-06
2.3713013e-06
2.3673224e-06
2.3634499e-06
2.359684e-06
2.3560259e-06
2.3524757e-06
2.3490339e-06
2.3457001e-06
2.3424752e-06
2.3393584e-06
2.336351e-06
2.3334458e-06
2.3306682e-06
2.3279057e-06
2.3256501e-06
2.3216486e-06
2.5581192e-06
2.5614369e-06
2.5632251e-06
2.5636942e-06
2.5630293e-06
2.5613929e-06
2.5589264e-06
2.5557537e-06
2.5519823e-06
2.5477059e-06
2.5430062e-06
2.5379547e-06
2.5326136e-06
2.5270367e-06
2.5212708e-06
2.5153562e-06
2.509328e-06
2.5032165e-06
2.4970479e-06
2.4908444e-06
2.4846252e-06
2.4784067e-06
2.4722026e-06
2.4660246e-06
2.4598825e-06
2.4537846e-06
2.4477376e-06
2.4417474e-06
2.4358188e-06
2.4299557e-06
2.4241618e-06
2.41844e-06
2.4127928e-06
2.4072225e-06
2.4017312e-06
2.3963207e-06
2.3909929e-06
2.3857495e-06
2.380592e-06
2.3755221e-06
2.3705416e-06
2.3656519e-06
2.3608544e-06
2.3561508e-06
2.3515426e-06
2.3470311e-06
2.3426178e-06
2.3383038e-06
2.3340907e-06
2.3299791e-06
2.3259704e-06
2.3220653e-06
2.3182651e-06
2.3145706e-06
2.3109824e-06
2.3075006e-06
2.3041262e-06
2.300859e-06
2.2977007e-06
2.294644e-06
2.2917162e-06
2.2887983e-06
2.2864141e-06
2.2821713e-06
2.4947673e-06
2.5008866e-06
2.5052087e-06
2.5079688e-06
2.5093751e-06
2.5096104e-06
2.5088344e-06
2.5071875e-06
2.5047923e-06
2.5017559e-06
2.4981726e-06
2.4941249e-06
2.4896851e-06
2.4849164e-06
2.479874e-06
2.4746061e-06
2.4691549e-06
2.4635568e-06
2.457844e-06
2.4520441e-06
2.446181e-06
2.4402755e-06
2.4343452e-06
2.4284055e-06
2.4224693e-06
2.4165477e-06
2.4106503e-06
2.4047851e-06
2.3989591e-06
2.3931781e-06
2.3874473e-06
2.3817711e-06
2.3761535e-06
2.3705979e-06
2.3651075e-06
2.359685e-06
2.3543333e-06
2.3490548e-06
2.3438517e-06
2.3387265e-06
2.3336815e-06
2.3287188e-06
2.3238404e-06
2.3190484e-06
2.3143449e-06
2.3097317e-06
2.3052106e-06
2.3007833e-06
2.2964518e-06
2.2922172e-06
2.2880811e-06
2.2840447e-06
2.2801096e-06
2.276277e-06
2.272548e-06
2.2689229e-06
2.2654032e-06
2.261989e-06
2.2586823e-06
2.2554761e-06
2.2523994e-06
2.2493266e-06
2.2468143e-06
2.2423287e-06
2.4264079e-06
2.43565e-06
2.4428072e-06
2.4481402e-06
2.4518812e-06
2.4542343e-06
2.4553787e-06
2.4554721e-06
2.4546529e-06
2.4530429e-06
2.4507494e-06
2.4478669e-06
2.4444787e-06
2.440658e-06
2.4364691e-06
2.4319686e-06
2.4272062e-06
2.4222257e-06
2.4170653e-06
2.4117586e-06
2.4063349e-06
2.4008196e-06
2.395235e-06
2.3896003e-06
2.3839322e-06
2.3782449e-06
2.3725509e-06
2.366861e-06
2.3611844e-06
2.3555292e-06
2.3499025e-06
2.3443103e-06
2.3387582e-06
2.333251e-06
2.3277929e-06
2.3223881e-06
2.3170404e-06
2.3117528e-06
2.3065287e-06
2.3013712e-06
2.2962834e-06
2.291268e-06
2.2863276e-06
2.281465e-06
2.2766828e-06
2.2719833e-06
2.267369e-06
2.2628418e-06
2.2584044e-06
2.2540583e-06
2.2498054e-06
2.2456473e-06
2.2415862e-06
2.2376236e-06
2.2337609e-06
2.229999e-06
2.2263395e-06
2.222783e-06
2.2193321e-06
2.2159797e-06
2.2127567e-06
2.2095309e-06
2.2068919e-06
2.2021639e-06
2.3526647e-06
2.365366e-06
2.375675e-06
2.3838786e-06
2.3902337e-06
2.3949668e-06
2.3982773e-06
2.400341e-06
2.4013131e-06
2.4013307e-06
2.4005149e-06
2.3989731e-06
2.3968002e-06
2.39408e-06
2.3908867e-06
2.387286e-06
2.3833358e-06
2.3790875e-06
2.3745862e-06
2.369872e-06
2.36498e-06
2.3599409e-06
2.3547819e-06
2.3495266e-06
2.3441957e-06
2.3388072e-06
2.3333768e-06
2.3279183e-06
2.3224436e-06
2.3169632e-06
2.3114864e-06
2.3060211e-06
2.3005748e-06
2.2951537e-06
2.2897635e-06
2.2844097e-06
2.2790972e-06
2.2738301e-06
2.2686126e-06
2.2634489e-06
2.2583428e-06
2.2532977e-06
2.248317e-06
2.2434041e-06
2.2385622e-06
2.2337944e-06
2.2291035e-06
2.2244921e-06
2.2199633e-06
2.2155191e-06
2.211162e-06
2.206894e-06
2.2027176e-06
2.1986347e-06
2.1946473e-06
2.1907565e-06
2.1869645e-06
2.1832722e-06
2.1796827e-06
2.1761889e-06
2.1728237e-06
2.1694482e-06
2.166685e-06
2.1617171e-06
2.2731581e-06
2.2896668e-06
2.3034571e-06
2.3148427e-06
2.3241056e-06
2.3314955e-06
2.3372324e-06
2.3415112e-06
2.3445045e-06
2.3463653e-06
2.3472295e-06
2.3472177e-06
2.3464372e-06
2.3449832e-06
2.3429404e-06
2.340384e-06
2.3373809e-06
2.3339905e-06
2.3302658e-06
2.3262534e-06
2.3219949e-06
2.317527e-06
2.312882e-06
2.3080885e-06
2.3031717e-06
2.2981536e-06
2.2930538e-06
2.2878891e-06
2.2826748e-06
2.2774238e-06
2.2721481e-06
2.2668577e-06
2.2615621e-06
2.2562694e-06
2.2509868e-06
2.2457213e-06
2.2404791e-06
2.2352656e-06
2.2300859e-06
2.2249452e-06
2.2198485e-06
2.2147997e-06
2.2098032e-06
2.204863e-06
2.1999832e-06
2.1951673e-06
2.190419e-06
2.1857413e-06
2.181138e-06
2.1766116e-06
2.1721649e-06
2.1678006e-06
2.1635215e-06
2.1593301e-06
2.1552287e-06
2.151219e-06
2.1473035e-06
2.1434836e-06
2.1397626e-06
2.1361339e-06
2.1326321e-06
2.1291116e-06
2.1262283e-06
2.121025e-06
2.1875165e-06
2.2081878e-06
2.2257976e-06
2.2406866e-06
2.2531626e-06
2.2634983e-06
2.271935e-06
2.2786869e-06
2.2839448e-06
2.2878781e-06
2.2906379e-06
2.2923589e-06
2.2931612e-06
2.2931521e-06
2.292427e-06
2.2910717e-06
2.2891624e-06
2.2867673e-06
2.2839472e-06
2.2807564e-06
2.2772433e-06
2.2734509e-06
2.2694174e-06
2.2651767e-06
2.260759e-06
2.2561908e-06
2.2514955e-06
2.2466941e-06
2.2418049e-06
2.2368441e-06
2.2318263e-06
2.2267643e-06
2.2216695e-06
2.2165521e-06
2.2114214e-06
2.2062859e-06
2.2011533e-06
2.1960302e-06
2.1909231e-06
2.1858385e-06
2.180782e-06
2.1757588e-06
2.170774e-06
2.1658326e-06
2.1609394e-06
2.1560986e-06
2.1513147e-06
2.1465911e-06
2.1419325e-06
2.1373419e-06
2.1328226e-06
2.1283778e-06
2.1240108e-06
2.1197247e-06
2.1155222e-06
2.1114054e-06
2.1073773e-06
2.1034396e-06
2.0995963e-06
2.0958408e-06
2.0922098e-06
2.0885508e-06
2.0855526e-06
2.0801211e-06
2.0953916e-06
2.1205804e-06
2.1423505e-06
2.1610699e-06
2.1770714e-06
2.1906508e-06
2.2020706e-06
2.2115648e-06
2.2193422e-06
2.2255893e-06
2.2304728e-06
2.2341417e-06
2.2367297e-06
2.2383563e-06
2.2391288e-06
2.2391433e-06
2.2384861e-06
2.2372348e-06
2.2354586e-06
2.2332199e-06
2.2305742e-06
2.2275715e-06
2.2242564e-06
2.2206685e-06
2.2168433e-06
2.2128122e-06
2.2086034e-06
2.2042418e-06
2.1997494e-06
2.195146e-06
2.1904492e-06
2.1856745e-06
2.1808361e-06
2.1759464e-06
2.1710167e-06
2.1660574e-06
2.161078e-06
2.1560866e-06
2.151091e-06
2.1460989e-06
2.1411174e-06
2.1361525e-06
2.1312103e-06
2.1262969e-06
2.1214178e-06
2.1165781e-06
2.1117831e-06
2.1070369e-06
2.1023448e-06
2.0977105e-06
2.0931379e-06
2.0886309e-06
2.0841931e-06
2.0798282e-06
2.0755395e-06
2.0713295e-06
2.0672017e-06
2.0631582e-06
2.0592037e-06
2.0553314e-06
2.0515803e-06
2.0477911e-06
2.0446849e-06
2.0390348e-06
1.9964796e-06
2.0265301e-06
2.0527959e-06
2.0756708e-06
2.0955118e-06
2.1126368e-06
2.1273291e-06
2.139842e-06
2.1504026e-06
2.1592143e-06
2.1664596e-06
2.1723025e-06
2.17689e-06
2.1803547e-06
2.1828155e-06
2.18438e-06
2.1851447e-06
2.1851968e-06
2.1846147e-06
2.1834689e-06
2.181823e-06
2.1797342e-06
2.1772537e-06
2.1744276e-06
2.1712971e-06
2.167899e-06
2.1642664e-06
2.1604286e-06
2.1564119e-06
2.1522399e-06
2.1479335e-06
2.1435116e-06
2.1389909e-06
2.1343866e-06
2.1297123e-06
2.1249805e-06
2.1202026e-06
2.1153885e-06
2.1105474e-06
2.1056887e-06
2.1008207e-06
2.0959505e-06
2.0910854e-06
2.0862325e-06
2.0813983e-06
2.0765889e-06
2.0718103e-06
2.0670675e-06
2.0623665e-06
2.0577118e-06
2.053108e-06
2.0485593e-06
2.0440703e-06
2.039645e-06
2.0352873e-06
2.0310003e-06
2.0267878e-06
2.0226525e-06
2.0185997e-06
2.0146228e-06
2.0107625e-06
2.0068534e-06
2.0036476e-06
1.9977916e-06
1.8905532e-06
1.9257836e-06
1.9568617e-06
1.9842055e-06
2.008193e-06
2.0291624e-06
2.0474164e-06
2.0632269e-06
2.0768386e-06
2.0884717e-06
2.0983243e-06
2.1065751e-06
2.113385e-06
2.1188994e-06
2.1232495e-06
2.1265541e-06
2.1289206e-06
2.1304461e-06
2.1312182e-06
2.1313166e-06
2.1308127e-06
2.1297716e-06
2.1282516e-06
2.1263055e-06
2.1239807e-06
2.1213199e-06
2.1183613e-06
2.1151392e-06
2.1116846e-06
2.1080251e-06
2.1041854e-06
2.1001878e-06
2.0960523e-06
2.0917969e-06
2.0874379e-06
2.0829901e-06
2.0784671e-06
2.0738806e-06
2.0692418e-06
2.0645615e-06
2.0598496e-06
2.0551144e-06
2.0503647e-06
2.0456085e-06
2.0408536e-06
2.0361069e-06
2.0313755e-06
2.0266652e-06
2.0219829e-06
2.0173339e-06
2.0127235e-06
2.0081566e-06
2.0036383e-06
1.9991735e-06
1.9947664e-06
1.9904208e-06
1.9861411e-06
1.9819303e-06
1.9777944e-06
1.973727e-06
1.9697708e-06
1.9657541e-06
1.9624588e-06
1.9564125e-06
1.7775064e-06
1.8181856e-06
1.8543563e-06
1.8864555e-06
1.9148771e-06
1.9399762e-06
1.9620723e-06
1.9814544e-06
1.9983833e-06
2.0130952e-06
2.0258032e-06
2.0367003e-06
2.045961e-06
2.0537434e-06
2.0601911e-06
2.0654342e-06
2.0695909e-06
2.0727685e-06
2.0750645e-06
2.0765672e-06
2.0773569e-06
2.0775064e-06
2.0770818e-06
2.0761428e-06
2.0747434e-06
2.0729324e-06
2.0707538e-06
2.0682473e-06
2.0654485e-06
2.0623897e-06
2.0590998e-06
2.0556049e-06
2.0519284e-06
2.0480915e-06
2.0441134e-06
2.0400116e-06
2.0358021e-06
2.0314986e-06
2.0271144e-06
2.0226621e-06
2.0181532e-06
2.0135977e-06
2.0090055e-06
2.0043861e-06
1.9997483e-06
1.9951004e-06
1.9904504e-06
1.985805e-06
1.9811721e-06
1.9765579e-06
1.9719685e-06
1.9674096e-06
1.962887e-06
1.958406e-06
1.9539718e-06
1.9495886e-06
1.9452614e-06
1.9409939e-06
1.9367924e-06
1.932651e-06
1.9286141e-06
1.9245043e-06
1.9211315e-06
1.9149138e-06
1.6574243e-06
1.7037355e-06
1.7452148e-06
1.7823067e-06
1.8154125e-06
1.8448979e-06
1.8710953e-06
1.8943073e-06
1.9148088e-06
1.9328499e-06
1.9486576e-06
1.9624381e-06
1.9743788e-06
1.9846502e-06
1.9934076e-06
2.0007925e-06
2.0069339e-06
2.0119493e-06
2.0159457e-06
2.0190208e-06
2.0212634e-06
2.0227548e-06
2.0235685e-06
2.0237717e-06
2.0234255e-06
2.0225849e-06
2.0213001e-06
2.0196164e-06
2.0175748e-06
2.0152122e-06
2.0125622e-06
2.0096548e-06
2.0065174e-06
2.0031747e-06
1.999649e-06
1.9959607e-06
1.9921286e-06
1.9881687e-06
1.9840963e-06
1.9799264e-06
1.9756722e-06
1.9713451e-06
1.9669568e-06
1.9625183e-06
1.9580396e-06
1.9535302e-06
1.9489993e-06
1.9444547e-06
1.9399052e-06
1.9353582e-06
1.9308206e-06
1.9262988e-06
1.9217995e-06
1.9173287e-06
1.9128922e-06
1.9084951e-06
1.9041428e-06
1.8998396e-06
1.8955926e-06
1.8913959e-06
1.887296e-06
1.8831099e-06
1.8796736e-06
1.8733067e-06
1.5306902e-06
1.582673e-06
1.6295701e-06
1.6718083e-06
1.7097826e-06
1.7438596e-06
1.7743774e-06
1.8016466e-06
1.8259522e-06
1.847555e-06
1.8666934e-06
1.8835852e-06
1.8984291e-06
1.911407e-06
1.9226853e-06
1.9324162e-06
1.9407389e-06
1.947781e-06
1.953659e-06
1.9584796e-06
1.9623405e-06
1.965331e-06
1.9675327e-06
1.9690204e-06
1.9698621e-06
1.9701197e-06
1.9698496e-06
1.9691031e-06
1.9679267e-06
1.9663626e-06
1.964449e-06
1.9622206e-06
1.9597088e-06
1.956942e-06
1.9539459e-06
1.9507445e-06
1.9473591e-06
1.9438084e-06
1.9401103e-06
1.9362819e-06
1.9323384e-06
1.9282932e-06
1.9241596e-06
1.9199501e-06
1.9156763e-06
1.911349e-06
1.9069787e-06
1.9025743e-06
1.8981459e-06
1.8937017e-06
1.8892498e-06
1.8847975e-06
1.8803522e-06
1.8759208e-06
1.8715099e-06
1.8671253e-06
1.862773e-06
1.8584579e-06
1.8541878e-06
1.8499572e-06
1.8458144e-06
1.8415713e-06
1.8380873e-06
1.8315972e-06
1.455619e-06
1.5078644e-06
1.5552628e-06
1.5981799e-06
1.6369673e-06
1.6719559e-06
1.7034554e-06
1.7317535e-06
1.7571164e-06
1.7797899e-06
1.7999999e-06
1.8179544e-06
1.8338446e-06
1.8478465e-06
1.8601217e-06
1.8708192e-06
1.8800756e-06
1.8880165e-06
1.8947575e-06
1.9004046e-06
1.9050553e-06
1.9087992e-06
1.9117183e-06
1.913888e-06
1.9153772e-06
1.9162486e-06
1.9165597e-06
1.9163627e-06
1.9157054e-06
1.914631e-06
1.9131789e-06
1.9113848e-06
1.9092813e-06
1.9068979e-06
1.9042619e-06
1.9013979e-06
1.8983272e-06
1.8950708e-06
1.8916478e-06
1.8880758e-06
1.8843702e-06
1.8805464e-06
1.8766184e-06
1.8725995e-06
1.8685019e-06
1.8643374e-06
1.8601165e-06
1.8558501e-06
1.851548e-06
1.8472191e-06
1.8428719e-06
1.8385145e-06
1.8341549e-06
1.8298004e-06
1.8254575e-06
1.8211331e-06
1.8168327e-06
1.8125647e-06
1.8083242e-06
1.804161e-06
1.799883e-06
1.7963691e-06
1.7897855e-06
1.3238031e-06
1.3810277e-06
1.433367e-06
1.4811201e-06
1.5245941e-06
1.5640912e-06
1.5999037e-06
1.6323102e-06
1.6615734e-06
1.6879393e-06
1.7116369e-06
1.7328791e-06
1.7518633e-06
1.7687723e-06
1.7837757e-06
1.7970302e-06
1.8086803e-06
1.81886e-06
1.8276926e-06
1.8352921e-06
1.8417638e-06
1.8472048e-06
1.8517044e-06
1.8553451e-06
1.8582025e-06
1.8603461e-06
1.8618395e-06
1.8627409e-06
1.8631035e-06
1.8629759e-06
1.8624025e-06
1.8614235e-06
1.8600759e-06
1.8583932e-06
1.8564063e-06
1.8541429e-06
1.8516279e-06
1.8488851e-06
1.8459363e-06
1.8428004e-06
1.8394967e-06
1.8360421e-06
1.8324523e-06
1.8287422e-06
1.8249258e-06
1.8210165e-06
1.8170259e-06
1.8129665e-06
1.8088492e-06
1.8046841e-06
1.8004809e-06
1.7962486e-06
1.7919962e-06
1.7877319e-06
1.7834631e-06
1.7791974e-06
1.7749411e-06
1.7707033e-06
1.7664795e-06
1.7623214e-06
1.1894625e-06
1.2507742e-06
1.3074432e-06
1.3596251e-06
1.4075276e-06
1.4513857e-06
1.4914468e-06
1.5279595e-06
1.5611676e-06
1.5913058e-06
1.6185972e-06
1.6432527e-06
1.6654705e-06
1.6854363e-06
1.7033238e-06
1.719295e-06
1.7335006e-06
1.7460806e-06
1.7571652e-06
1.7668752e-06
1.7753227e-06
1.7826117e-06
1.7888384e-06
1.794092e-06
1.7984545e-06
1.802002e-06
1.8048041e-06
1.8069251e-06
1.8084237e-06
1.8093539e-06
1.8097652e-06
1.8097026e-06
1.8092074e-06
1.8083174e-06
1.8070674e-06
1.8054877e-06
1.8036083e-06
1.8014554e-06
1.0564906e-06
1.1201012e-06
1.1798232e-06
1.2355215e-06
1.2872053e-06
1.3349733e-06
1.3789784e-06
1.4194037e-06
1.4564473e-06
1.4903127e-06
1.521202e-06
1.5493127e-06
1.5748348e-06
1.59795e-06
1.6188306e-06
1.6376396e-06
1.6545302e-06
1.6696459e-06
1.6831214e-06
1.6950825e-06
1.7056467e-06
1.7149237e-06
1.7230156e-06
1.7300174e-06
1.7360174e-06
1.7410973e-06
1.7453328e-06
1.7487937e-06
1.7515445e-06
1.7536443e-06
1.7551476e-06
1.7561044e-06
1.7565605e-06
1.756558e-06
)
;

boundaryField
{
    inlet
    {
        type            calculated;
        value           nonuniform List<scalar> 0();
    }
    top
    {
        type            calculated;
        value           nonuniform List<scalar> 0();
    }
    outlet
    {
        type            calculated;
        value           nonuniform List<scalar> 
25
(
2.7171021e-06
2.6851354e-06
2.6521895e-06
2.6183279e-06
2.5836128e-06
2.5481053e-06
2.511865e-06
2.4749502e-06
2.4374173e-06
2.3993212e-06
2.3607148e-06
2.3216486e-06
2.2821713e-06
2.2423287e-06
2.2021639e-06
2.1617171e-06
2.121025e-06
2.0801211e-06
2.0390348e-06
1.9977916e-06
1.9564125e-06
1.9149138e-06
1.8733067e-06
1.8315972e-06
1.7897855e-06
)
;
    }
    slipsurface
    {
        type            slip;
    }
    bottom
    {
        type            nutkWallFunction;
        Cmu             0.09;
        kappa           0.41;
        E               9.8;
        value           nonuniform List<scalar> 0();
    }
    frontandback
    {
        type            empty;
    }
    procBoundary14to10
    {
        type            processor;
        value           nonuniform List<scalar> 
64
(
3.0495514e-06
3.0383854e-06
3.0276012e-06
3.0171997e-06
3.0071734e-06
2.997512e-06
2.9882055e-06
2.9792446e-06
2.9706188e-06
2.9623158e-06
2.9543226e-06
2.9466266e-06
2.9392154e-06
2.9320773e-06
2.9252007e-06
2.9185744e-06
2.9121875e-06
2.9060298e-06
2.9000914e-06
2.8943628e-06
2.8888354e-06
2.883501e-06
2.8783517e-06
2.8733807e-06
2.8685811e-06
2.8639469e-06
2.8594724e-06
2.8551526e-06
2.8509827e-06
2.8469584e-06
2.8430754e-06
2.8393301e-06
2.8357189e-06
2.8322386e-06
2.8288862e-06
2.8256587e-06
2.8225535e-06
2.819568e-06
2.8166996e-06
2.8139458e-06
2.8113042e-06
2.8087725e-06
2.8063484e-06
2.8040295e-06
2.8018136e-06
2.7996981e-06
2.7976809e-06
2.7957596e-06
2.7654594e-06
2.7654594e-06
2.7635926e-06
2.761818e-06
2.7601331e-06
2.749654e-06
2.7480246e-06
2.7285089e-06
2.7285089e-06
2.7268748e-06
2.7253262e-06
2.7238613e-06
2.7224734e-06
2.7211726e-06
2.7199036e-06
2.7199036e-06
)
;
    }
    procBoundary14to12
    {
        type            processor;
        value           nonuniform List<scalar> 
28
(
3.0395697e-06
3.0163266e-06
3.0163266e-06
3.0026582e-06
3.0026582e-06
2.9864836e-06
2.9565735e-06
2.9243349e-06
2.8896046e-06
2.8521971e-06
2.8119034e-06
2.7684904e-06
2.7684904e-06
2.7240145e-06
2.6713942e-06
2.6145214e-06
2.5530474e-06
2.4866042e-06
2.4148095e-06
2.3372727e-06
2.253604e-06
2.1634279e-06
2.0664003e-06
1.9622345e-06
1.8507383e-06
1.7318698e-06
1.6058228e-06
1.4731637e-06
)
;
    }
    procBoundary14to13
    {
        type            processor;
        value           nonuniform List<scalar> 5(1.3981524e-06 1.3981524e-06 1.2614444e-06 1.123488e-06 9.893778e-07);
    }
    procBoundary14to15
    {
        type            processor;
        value           nonuniform List<scalar> 
66
(
1.7580327e-06
1.7545093e-06
1.7478661e-06
1.799053e-06
1.7964231e-06
1.7935877e-06
1.7905656e-06
1.7873746e-06
1.7840314e-06
1.7805517e-06
1.7769504e-06
1.7732409e-06
1.7694368e-06
1.7655505e-06
1.7615936e-06
1.7575766e-06
1.75351e-06
1.7494036e-06
1.7452665e-06
1.7411072e-06
1.736934e-06
1.7327541e-06
1.7285774e-06
1.7243999e-06
1.7580327e-06
1.7202747e-06
1.7561352e-06
1.7553264e-06
1.7541657e-06
1.799053e-06
1.7526822e-06
9.3155744e-07
9.9415281e-07
1.0545109e-06
1.1119531e-06
1.1661152e-06
1.2168358e-06
1.264085e-06
1.3079165e-06
1.3484364e-06
1.3857825e-06
1.4201103e-06
1.451584e-06
1.4803708e-06
1.5066366e-06
1.5305435e-06
1.5522481e-06
1.5719004e-06
1.5896431e-06
1.6056115e-06
1.6199335e-06
1.6327297e-06
1.6441134e-06
1.6541911e-06
1.6630623e-06
1.6708204e-06
1.6775521e-06
1.6833383e-06
1.688254e-06
1.6923689e-06
1.6957471e-06
1.698448e-06
1.7005263e-06
1.7020322e-06
1.7561352e-06
1.7030122e-06
)
;
    }
}


// ************************************************************************* //
