/*--------------------------------*- C++ -*----------------------------------*\
  =========                 |
  \\      /  F ield         | OpenFOAM: The Open Source CFD Toolbox
   \\    /   O peration     | Website:  https://openfoam.org
    \\  /    A nd           | Version:  12
     \\/     M anipulation  |
\*---------------------------------------------------------------------------*/
FoamFile
{
    format      ascii;
    class       volVectorField;
    location    "1400";
    object      U;
}
// * * * * * * * * * * * * * * * * * * * * * * * * * * * * * * * * * * * * * //

dimensions      [0 1 -1 0 0 0 0];

internalField   nonuniform List<vector> 
816
(
(0.0034767829 6.8306774e-09 0)
(0.0033186419 5.9275607e-09 0)
(0.0031790325 5.2011103e-09 0)
(0.0030545117 4.606359e-09 0)
(0.0029424706 4.112186e-09 0)
(0.0028408901 3.696311e-09 0)
(0.0027481817 3.3423454e-09 0)
(0.0026630778 3.0380617e-09 0)
(0.0025845513 2.774218e-09 0)
(0.0025117593 2.5436585e-09 0)
(0.0024440041 2.3405383e-09 0)
(0.0023807123 2.1611268e-09 0)
(0.0023213553 2.0008074e-09 0)
(0.0022655758 1.856658e-09 0)
(0.0022129835 1.7272766e-09 0)
(0.0021632852 1.6098305e-09 0)
(0.0021162235 1.5027186e-09 0)
(0.0020715817 1.4043692e-09 0)
(0.0020291793 1.3133543e-09 0)
(0.0019888717 1.2282587e-09 0)
(0.0019505537 1.147614e-09 0)
(0.0019141634 1.0695524e-09 0)
(0.0018797092 9.9184499e-10 0)
(0.0018472684 9.1039157e-10 0)
(0.0018171339 8.1886347e-10 0)
(0.0017897945 7.0878957e-10 0)
(0.0017662549 5.6749222e-10 0)
(0.0017475858 1.6901172e-10 0)
(0.0017514444 4.4709015e-10 0)
(0.0017113618 3.4286512e-09 0)
(0.0016904481 -1.8478898e-08 0)
(0.0029702471 -1.1399832e-07 0)
(0.0083012478 -3.472407e-07 1.2866183e-17)
(0.0097352274 -1.7456502e-08 0)
(0.010482212 1.6263281e-07 0)
(0.010005421 1.4112918e-07 0)
(0.0095845041 1.2383259e-07 0)
(0.00920908 1.0967191e-07 0)
(0.0088712823 9.790602e-08 0)
(0.0085650234 8.8004366e-08 0)
(0.0082855135 7.9576861e-08 0)
(0.0080289307 7.2332348e-08 0)
(0.0077921784 6.6050686e-08 0)
(0.0075727153 6.0561417e-08 0)
(0.0073684376 5.5726381e-08 0)
(0.0071776153 5.145424e-08 0)
(0.0069986589 4.7639388e-08 -2.3009419e-23)
(0.0068304845 4.4210828e-08 0)
(0.00667192 4.1130795e-08 0)
(0.0065220797 3.833616e-08 0)
(0.0063801874 3.5788132e-08 0)
(0.0062455892 3.3449559e-08 0)
(0.0061177404 3.1286751e-08 0)
(0.0059962044 2.9266543e-08 0)
(0.0058806628 2.7354812e-08 0)
(0.0057709267 2.5508359e-08 0)
(0.0056670181 2.3677109e-08 0)
(0.0055691666 2.1765598e-08 0)
(0.0054782437 1.9638868e-08 0)
(0.005395709 1.7078725e-08 0)
(0.0053245617 1.391082e-08 0)
(0.0052680236 4.9136439e-09 0)
(0.0052785716 1.0933044e-08 -6.3650713e-21)
(0.0051590313 1.9176483e-08 7.777991e-21)
(0.0051005696 -3.7940228e-07 1.8072938e-20)
(0.0089851552 -1.9456123e-06 0)
(0.025051373 -1.9938303e-06 -4.1395124e-20)
(0.029352453 -4.8365032e-07 0)
(0.017643892 4.7624651e-07 0)
(0.016841335 4.1327407e-07 0)
(0.016132831 3.6262257e-07 0)
(0.015500904 3.2115474e-07 0)
(0.014932312 2.8669994e-07 0)
(0.014416807 2.5770442e-07 0)
(0.013946328 2.3302588e-07 0)
(0.01351444 2.1181167e-07 0)
(0.013115932 1.9341705e-07 0)
(0.012746525 1.7734284e-07 0)
(0.012402679 1.6318476e-07 0)
(0.012081479 1.5067437e-07 -2.3470545e-23)
(0.011780255 1.3950351e-07 0)
(0.011497176 1.2946443e-07 0)
(0.011230272 1.2044541e-07 0)
(0.010978052 1.1226248e-07 0)
(0.010739209 1.0480186e-07 0)
(0.010512642 9.7954849e-08 0)
(0.010297432 9.1622903e-08 0)
(0.010092844 8.5709073e-08 0)
(0.0098983404 8.0113696e-08 0)
(0.009713601 7.4710716e-08 0)
(0.0095386583 6.935435e-08 0)
(0.009373893 6.3766063e-08 0)
(0.0092207585 5.7554701e-08 0)
(0.0090816935 5.0082781e-08 0)
(0.0089617015 4.0843345e-08 0)
(0.0088662224 1.4673287e-08 0)
(0.0088825648 3.239201e-08 0)
(0.0086824574 5.4500629e-08 0)
(0.0085920809 -1.1201833e-06 3.8308181e-20)
(0.015184681 -5.7135299e-06 0)
(0.042223481 -5.7934578e-06 0)
(0.049413747 -1.4096678e-06 0)
(0.025068526 9.8215462e-07 0)
(0.023928236 8.5228448e-07 0)
(0.022921583 7.4782541e-07 0)
(0.022023732 6.6230657e-07 0)
(0.02121587 5.9125096e-07 0)
(0.020483436 5.314541e-07 0)
(0.019814975 4.8056028e-07 0)
(0.019201345 4.3681104e-07 0)
(0.018635141 3.9887662e-07 0)
(0.018110284 3.6572754e-07 0)
(0.017621743 3.3653056e-07 0)
(0.017165376 3.1073046e-07 0)
(0.016737396 2.8769371e-07 0)
(0.016335189 2.6699186e-07 0)
(0.015955966 2.4839266e-07 0)
(0.015597603 2.3151836e-07 0)
(0.015258244 2.1613388e-07 0)
(0.014936324 2.0201526e-07 0)
(0.014630537 1.8895943e-07 0)
(0.014339836 1.7676672e-07 0)
(0.014063456 1.6523201e-07 0)
(0.013800938 1.5409612e-07 0)
(0.013552323 1.4305957e-07 0)
(0.013318144 1.3155006e-07 0)
(0.013100449 1.1876649e-07 0)
(0.012902677 1.0339828e-07 0)
(0.012731874 8.4400784e-08 0)
(0.01259584 3.0735383e-08 0)
(0.012617215 6.7231688e-08 0)
(0.01233336 1.0969623e-07 1.7953467e-20)
(0.012218897 -2.3258367e-06 0)
(0.021690568 -1.1870287e-05 0)
(0.060108048 -1.1954865e-05 0)
(0.070223707 -2.8939222e-06 0)
(0.032866716 1.7031898e-06 0)
(0.031371701 1.4779725e-06 0)
(0.030051896 1.2968242e-06 0)
(0.028874744 1.1485223e-06 0)
(0.027815574 1.0253022e-06 0)
(0.026855296 9.2160644e-07 0)
(0.025978893 8.333501e-07 0)
(0.025174377 7.5748367e-07 0)
(0.024432039 6.9170099e-07 0)
(0.02374391 6.3421672e-07 0)
(0.023103394 5.8358659e-07 0)
(0.022505058 5.3884562e-07 0)
(0.021943942 4.9889795e-07 0)
(0.021416611 4.6300041e-07 0)
(0.020919415 4.3074776e-07 0)
(0.020449565 4.0148733e-07 0)
(0.020004628 3.7481078e-07 0)
(0.01958255 3.5033006e-07 0)
(0.019181619 3.2769325e-07 0)
(0.018800462 3.0655456e-07 0)
(0.018438069 2.8655886e-07 0)
(0.018093838 2.6725796e-07 0)
(0.017767814 2.4813428e-07 0)
(0.017460686 2.2819887e-07 0)
(0.017175117 2.0607044e-07 0)
(0.016915584 1.7948705e-07 0)
(0.016691235 1.4661578e-07 0)
(0.016512451 5.4041043e-08 0)
(0.016538156 1.1738164e-07 0)
(0.016165304 1.8530162e-07 0)
(0.016037386 -4.0736388e-06 4.6561531e-20)
(0.028633035 -2.0582906e-05 0)
(0.079008564 -2.0724525e-05 -5.3295717e-20)
(0.09209564 -4.9821933e-06 0)
(0.0411546 2.6815787e-06 0)
(0.039282591 2.3269798e-06 0)
(0.037629978 2.0417693e-06 0)
(0.036155989 1.8082755e-06 0)
(0.034829734 1.6142722e-06 0)
(0.03362731 1.4510094e-06 0)
(0.032529908 1.3120554e-06 0)
(0.031522521 1.192609e-06 0)
(0.03059299 1.089039e-06 0)
(0.029731336 9.9853426e-07 -3.4225427e-33)
(0.028929301 9.1882185e-07 0)
(0.028180081 8.4837973e-07 0)
(0.027477467 7.8548621e-07 -3.3839967e-23)
(0.026817152 7.2897063e-07 0)
(0.026194571 6.7819201e-07 0)
(0.025606229 6.3212596e-07 0)
(0.025049078 5.9012859e-07 0)
(0.024520546 5.5158943e-07 0)
(0.024018487 5.1595476e-07 0)
(0.023541179 4.8268084e-07 0)
(0.023087356 4.5120947e-07 0)
(0.022656257 4.2083689e-07 0)
(0.02224793 3.9075081e-07 0)
(0.021863227 3.5939963e-07 0)
(0.021505455 3.2462008e-07 0)
(0.021180177 2.8287275e-07 0)
(0.020898727 2.3121039e-07 0)
(0.020674373 8.6211869e-08 0)
(0.020703697 1.8624757e-07 -9.3592684e-21)
(0.020234481 2.8328154e-07 0)
(0.020107297 -6.4715075e-06 0)
(0.036154114 -3.2460696e-05 0)
(0.099246057 -3.2596846e-05 0)
(0.11535342 -7.7678991e-06 0)
(0.05005556 3.9761977e-06 0)
(0.047778691 3.4503969e-06 0)
(0.045768668 3.0274891e-06 0)
(0.043975899 2.6812687e-06 0)
(0.042362812 2.3936046e-06 0)
(0.040900335 2.1515221e-06 0)
(0.039565594 1.9454849e-06 0)
(0.038340333 1.7683735e-06 0)
(0.037209764 1.6148033e-06 0)
(0.036161752 1.4806062e-06 3.691752e-33)
(0.03518625 1.3624125e-06 0)
(0.034274985 1.2579625e-06 0)
(0.033420405 1.1647079e-06 1.9665763e-23)
(0.032617266 1.0809117e-06 0)
(0.031860021 1.0056201e-06 0)
(0.031144416 9.3731839e-07 0)
(0.030466745 8.7505038e-07 0)
(0.029823875 8.1791161e-07 0)
(0.029213197 7.650816e-07 0)
(0.028632612 7.1575512e-07 0)
(0.028080576 6.6910583e-07 0)
(0.027556158 6.2409304e-07 0)
(0.027059404 5.7951619e-07 0)
(0.026591335 5.3308259e-07 0)
(0.026155944 4.8160112e-07 0)
(0.025759943 4.1986325e-07 0)
(0.025416954 3.4337017e-07 0)
(0.025143532 1.2949723e-07 0)
(0.025175676 2.7867643e-07 0)
(0.024600531 4.0613316e-07 0)
(0.024492801 -9.7081785e-06 0)
(0.044411378 -4.8249262e-05 0)
(0.1211617 -4.8164254e-05 7.0639925e-20)
(0.14032927 -1.137515e-05 0)
(0.059702025 5.6646416e-06 0)
(0.056986433 4.9155591e-06 0)
(0.0545891 4.3130677e-06 0)
(0.052450876 3.8198305e-06 0)
(0.050526954 3.4100152e-06 0)
(0.048782659 3.065137e-06 0)
(0.047190711 2.7716105e-06 0)
(0.045729336 2.5192934e-06 0)
(0.044380898 2.3005137e-06 0)
(0.043130923 2.1093335e-06 0)
(0.041967428 1.9409533e-06 0)
(0.040880545 1.7921507e-06 0)
(0.03986127 1.6593007e-06 0)
(0.038903342 1.5399264e-06 0)
(0.038000151 1.4326659e-06 0)
(0.03714662 1.3353666e-06 0)
(0.036338326 1.2466642e-06 0)
(0.035571532 1.1652713e-06 0)
(0.034843124 1.0900198e-06 0)
(0.034150594 1.0197639e-06 0)
(0.033492097 9.5332859e-07 0)
(0.032866513 8.8923522e-07 0)
(0.032273885 8.2577918e-07 0)
(0.03171541 7.5970572e-07 0)
(0.031195813 6.8649201e-07 0)
(0.030723034 5.9878541e-07 0)
(0.030313101 4.8993962e-07 0)
(0.029986371 1.8689662e-07 0)
(0.030020354 4.0123646e-07 0)
(0.029327426 5.5633855e-07 0)
(0.029263553 -1.4062707e-05 0)
(0.053582254 -6.8937169e-05 0)
(0.14511384 -6.8386265e-05 0)
(0.16735159 -1.5953094e-05 0)
(0.070237386 7.8478538e-06 0)
(0.067042728 6.8100666e-06 0)
(0.064222458 5.975373e-06 0)
(0.061706997 5.2920427e-06 0)
(0.059443633 4.7242848e-06 0)
(0.05739158 4.2464902e-06 0)
(0.055518745 3.8398387e-06 0)
(0.053799515 3.4902792e-06 0)
(0.052213143 3.1871825e-06 0)
(0.050742601 2.922322e-06 0)
(0.049373795 2.6890494e-06 0)
(0.048095116 2.4828978e-06 0)
(0.046895968 2.2988515e-06 0)
(0.045768985 2.1334748e-06 0)
(0.044706396 1.9848784e-06 0)
(0.043702222 1.8500869e-06 0)
(0.042751259 1.7272071e-06 0)
(0.041849111 1.6144571e-06 0)
(0.040992108 1.5102198e-06 0)
(0.040177297 1.4129101e-06 0)
(0.039402501 1.3209026e-06 0)
(0.038666392 1.2321549e-06 0)
(0.037969006 1.1443139e-06 0)
(0.037311723 1.0528865e-06 0)
(0.036700058 9.5163966e-07 0)
(0.036143271 8.3049754e-07 0)
(0.035659927 6.7984693e-07 0)
(0.035274819 2.6239006e-07 0)
(0.03530936 5.626995e-07 0)
(0.034484416 7.3590135e-07 0)
(0.034495906 -1.9852212e-05 0)
(0.063869069 -9.5824629e-05 0)
(0.17145743 -9.4460714e-05 0)
(0.19670726 -2.1672298e-05 0)
(0.08181803 1.0656282e-05 0)
(0.078096927 9.2471314e-06 0)
(0.074811872 8.1137523e-06 0)
(0.07188183 7.1859007e-06 0)
(0.06924541 6.4149753e-06 0)
(0.066855111 5.7662037e-06 0)
(0.064673558 5.2140332e-06 0)
(0.062670917 4.7393849e-06 0)
(0.060823024 4.3278254e-06 0)
(0.059110047 3.9681848e-06 0)
(0.057515568 3.651436e-06 0)
(0.056026069 3.3715122e-06 3.3017388e-23)
(0.054629204 3.1216101e-06 0)
(0.05331639 2.8970574e-06 0)
(0.052078584 2.6952879e-06 0)
(0.050908812 2.5122701e-06 0)
(0.049801014 2.345429e-06 0)
(0.048750065 2.1923473e-06 0)
(0.047751688 2.050831e-06 0)
(0.046802438 1.9187306e-06 0)
(0.045899769 1.7938434e-06 0)
(0.045042124 1.6734046e-06 0)
(0.044229522 1.554231e-06 0)
(0.04346354 1.4302449e-06 0)
(0.042750546 1.2930279e-06 0)
(0.042101227 1.1290744e-06 0)
(0.041536824 9.2467307e-07 0)
(0.041087341 3.6125568e-07 0)
(0.041120702 7.7468751e-07 0)
(0.040147053 9.4559983e-07 0)
(0.040274282 -2.7522109e-05 0)
(0.075505243 -0.00013059795 0)
(0.20047419 -0.00012760745 0)
(0.22853154 -2.8716476e-05 0)
(0.094615519 1.4257635e-05 0)
(0.090312914 1.2372315e-05 0)
(0.086514431 1.0855951e-05 0)
(0.083126389 9.6145602e-06 0)
(0.080077824 8.5831174e-06 0)
(0.077313822 7.7151021e-06 0)
(0.074791174 6.9763302e-06 0)
(0.072475389 6.3412776e-06 0)
(0.07033853 5.7906323e-06 0)
(0.068357668 5.3094507e-06 0)
(0.06651382 4.885655e-06 0)
(0.064791361 4.511129e-06 0)
(0.063176007 4.176779e-06 0)
(0.061657833 3.8763416e-06 0)
(0.060226394 3.6063852e-06 0)
(0.058873615 3.3615276e-06 0)
(0.057592488 3.1383169e-06 0)
(0.056377083 2.9335222e-06 0)
(0.055222451 2.7442107e-06 0)
(0.0541246 2.5675109e-06 0)
(0.053080577 2.4004815e-06 0)
(0.052088566 2.2394354e-06 0)
(0.051148561 2.0801314e-06 0)
(0.050262348 1.9144708e-06 0)
(0.049437216 1.7312526e-06 0)
(0.048685403 1.5126795e-06 0)
(0.048030973 1.2393792e-06 0)
(0.047510069 4.9049808e-07 0)
(0.047539855 1.0525019e-06 0)
(0.04639832 1.1837721e-06 0)
(0.046692678 -3.7695892e-05 1.3096932e-19)
(0.088763304 -0.00017539615 0)
(0.23215758 -0.00016946536 0)
(0.26256461 -3.7261276e-05 0)
(0.10881887 1.8866753e-05 0)
(0.10387133 1.6372118e-05 0)
(0.09950334 1.436566e-05 0)
(0.095607231 1.2723033e-05 0)
(0.092101428 1.1358195e-05 0)
(0.088922808 1.0209597e-05 0)
(0.0860217 9.2320122e-06 0)
(0.083358451 8.3916706e-06 0)
(0.080900939 7.6630173e-06 0)
(0.078622806 7.0262805e-06 0)
(0.076502224 6.4654776e-06 0)
(0.074521231 5.9698722e-06 1.0055448e-22)
(0.072663397 5.5274425e-06 0)
(0.070917303 5.1298812e-06 0)
(0.069270954 4.7726528e-06 0)
(0.067715051 4.4486514e-06 0)
(0.066241534 4.1532996e-06 0)
(0.06484358 3.882327e-06 0)
(0.063515492 3.6318565e-06 0)
(0.062252669 3.3980943e-06 0)
(0.061051705 3.1771569e-06 0)
(0.05991049 2.9641827e-06 0)
(0.058828983 2.7535848e-06 0)
(0.057809188 2.5346946e-06 0)
(0.056859391 2.2927746e-06 0)
(0.055993521 2.0046894e-06 0)
(0.055238609 1.6432494e-06 0)
(0.054638035 6.5943514e-07 0)
(0.054660938 1.4161851e-06 4.2816992e-20)
(0.05332985 1.444439e-06 -3.4894804e-20)
(0.053856339 -5.1210544e-05 -8.0960278e-20)
(0.10396562 -0.00023277494 0)
(0.26576661 -0.00022204315 0)
(0.29784914 -4.7444634e-05 0)
(0.12463697 2.475819e-05 0)
(0.1189719 2.1484921e-05 0)
(0.11397021 1.8852147e-05 0)
(0.10950867 1.6696732e-05 0)
(0.10549396 1.4905788e-05 0)
(0.10185382 1.3398566e-05 0)
(0.098531396 1.2115736e-05 0)
(0.095481311 1.1012992e-05 0)
(0.092666791 1.0056801e-05 0)
(0.090057662 9.2212228e-06 0)
(0.087628935 8.485283e-06 0)
(0.085360049 7.8349003e-06 1.2540994e-22)
(0.083232186 7.2543161e-06 1.2584303e-22)
(0.081232263 6.7325992e-06 0)
(0.079346567 6.2638068e-06 0)
(0.077564432 5.8386388e-06 0)
(0.075876627 5.4510742e-06 0)
(0.074275335 5.0955162e-06 0)
(0.072754022 4.7668819e-06 0)
(0.071307412 4.4602022e-06 0)
(0.069931584 4.1703931e-06 0)
(0.068624099 3.8911002e-06 0)
(0.067384866 3.6150282e-06 0)
(0.066216115 3.3282477e-06 0)
(0.06512721 3.0115339e-06 0)
(0.064133926 2.6351471e-06 0)
(0.063266397 2.1611163e-06 0)
(0.06257652 8.8050654e-07 0)
(0.062587987 1.8918733e-06 0)
(0.061043276 1.7144611e-06 0)
(0.061883633 -6.919488e-05 0)
(0.12149918 -0.00030494231 0)
(0.29957053 -0.00028710286 8.3981072e-20)
(0.33283373 -5.9407439e-05 0)
(0.14230093 3.2282117e-05 0)
(0.13583583 2.8014862e-05 0)
(0.13012739 2.4582469e-05 0)
(0.12503513 2.1772324e-05 0)
(0.12045262 1.9437287e-05 0)
(0.11629748 1.7472109e-05 0)
(0.11250488 1.5799466e-05 0)
(0.10902303 1.4361606e-05 0)
(0.10581 1.3114815e-05 0)
(0.10283137 1.2025277e-05 0)
(0.10005863 1.1065645e-05 0)
(0.097468308 1.021757e-05 0)
(0.095038943 9.460532e-06 -1.5657084e-22)
(0.092755578 8.7802337e-06 0)
(0.0906026 8.1689368e-06 0)
(0.088567813 7.6145552e-06 0)
(0.08664068 7.1092161e-06 0)
(0.084812271 6.6456317e-06 0)
(0.083075122 6.2171824e-06 0)
(0.081423192 5.8174017e-06 0)
(0.079851987 5.4396788e-06 0)
(0.078358691 5.0757642e-06 0)
(0.076943143 4.7161976e-06 0)
(0.075607808 4.3429222e-06 0)
(0.074363205 3.931024e-06 0)
(0.07322713 3.4426374e-06 0)
(0.072232944 2.8249544e-06 0)
(0.071442528 1.1703898e-06 0)
(0.071436343 2.5135091e-06 -4.4446622e-20)
(0.0696517 1.9693633e-06 0)
(0.070908116 -9.3182394e-05 0)
(0.14183556 -0.00039441838 0)
(0.33160352 -0.00036528603 0)
(0.36606854 -7.3447139e-05 0)
(0.16206646 4.1884321e-05 0)
(0.15470817 3.6349303e-05 0)
(0.14821038 3.1896896e-05 0)
(0.14241347 2.8251455e-05 0)
(0.13719644 2.5222189e-05 0)
(0.13246566 2.2672632e-05 0)
(0.12814741 2.0502525e-05 0)
(0.1241828 1.8636976e-05 0)
(0.12052412 1.7019285e-05 0)
(0.11713222 1.5605595e-05 0)
(0.11397467 1.4360433e-05 0)
(0.11102476 1.3260001e-05 0)
(0.10825809 1.2277728e-05 0)
(0.10565758 1.1394997e-05 0)
(0.10320552 1.0601777e-05 0)
(0.100888 9.8824536e-06 0)
(0.098693014 9.2267784e-06 0)
(0.096610399 8.62531e-06 0)
(0.094631642 8.0694709e-06 0)
(0.092749848 7.5508903e-06 0)
(0.090959873 7.0610165e-06 0)
(0.08925847 6.5891993e-06 0)
(0.087645384 6.1232372e-06 0)
(0.086123318 5.6398625e-06 0)
(0.084704025 5.106954e-06 0)
(0.083407507 4.4767032e-06 0)
(0.082270457 3.6759481e-06 0)
(0.081366402 1.5515416e-06 0)
(0.081334162 3.3250012e-06 0)
(0.079281303 2.1671399e-06 0)
(0.081080789 -0.00012526263 0)
(0.16552993 -0.00050359713 0)
(0.36066832 -0.00045677398 0)
(0.39670066 -9.0141987e-05 0)
(0.18421577 5.4131105e-05 0)
(0.17585988 4.6980666e-05 0)
(0.16848 4.1228226e-05 0)
(0.16189526 3.6517971e-05 0)
(0.15596857 3.2603571e-05 0)
(0.15059377 2.9308827e-05 0)
(0.14568725 2.6504289e-05 0)
(0.14118224 2.4093239e-05 0)
(0.13702461 2.2002438e-05 0)
(0.13316993 2.0175236e-05 0)
(0.12958139 1.8565804e-05 0)
(0.12622869 1.7143399e-05 0)
(0.12308413 1.5873768e-05 0)
(0.12012827 1.4732758e-05 0)
(0.11734106 1.3707402e-05 0)
(0.11470667 1.2777626e-05 0)
(0.11221147 1.1930139e-05 0)
(0.1098439 1.1152758e-05 0)
(0.10759427 1.0434413e-05 0)
(0.10545472 9.7643132e-06 0)
(0.10341939 9.1314435e-06 0)
(0.10148452 8.5221166e-06 0)
(0.099649736 7.9206656e-06 0)
(0.097917983 7.2972619e-06 0)
(0.096302311 6.6106606e-06 0)
(0.094825133 5.8009562e-06 0)
(0.093526549 4.7671795e-06 -1.1770057e-32)
(0.092493579 2.0543262e-06 0)
(0.092424057 4.3829374e-06 0)
(0.09007308 2.2391762e-06 0)
(0.092572442 -0.00016830404 0)
(0.19322373 -0.00063315929 0)
(0.38641999 -0.00056107721 0)
(0.42440896 -0.00011030961 0)
(0.20905874 6.9739901e-05 0)
(0.19958939 6.0533416e-05 0)
(0.19122415 5.3125762e-05 0)
(0.18375876 4.7059383e-05 0)
(0.17703834 4.2017408e-05 0)
(0.17094289 3.7773163e-05 0)
(0.16537786 3.4160099e-05 0)
(0.16026769 3.1053753e-05 0)
(0.15555115 2.8359843e-05 0)
(0.15117794 2.6005444e-05 0)
(0.14710638 2.3931555e-05 0)
(0.14330217 2.2098566e-05 -3.3005502e-22)
(0.13973395 2.0462506e-05 3.0596955e-22)
(0.13637959 1.8992127e-05 0)
(0.1332165 1.7670694e-05 0)
(0.13022667 1.6472519e-05 0)
(0.12739466 1.5380411e-05 0)
(0.12470733 1.4378697e-05 0)
(0.1221537 1.3453142e-05 0)
(0.11972482 1.2589881e-05 0)
(0.117414 1.1774777e-05 0)
(0.11521691 1.0990307e-05 0)
(0.11313301 1.0216428e-05 0)
(0.11116548 9.4150792e-06 0)
(0.10932873 8.5334753e-06 0)
(0.10764778 7.4970762e-06 0)
(0.1061662 6.167113e-06 1.3222104e-32)
(0.1049865 2.7199454e-06 0)
(0.10486487 5.7599882e-06 -8.8858411e-20)
(0.10218472 2.0777658e-06 0)
(0.10557595 -0.00022626843 0)
(0.22554772 -0.00078398766 0)
(0.40907282 -0.00067622342 0)
(0.44920258 -0.0001348524 0)
(0.2369327 8.9616169e-05 0)
(0.22622293 7.7796857e-05 0)
(0.21675865 6.8284652e-05 0)
(0.20831007 6.0493251e-05 0)
(0.20070275 5.4016438e-05 0)
(0.19380149 4.8563566e-05 0)
(0.1874997 4.3921051e-05 0)
(0.18171214 3.9929223e-05 0)
(0.17636968 3.646708e-05 0)
(0.17141556 3.3441029e-05 0)
(0.16680269 3.077534e-05 0)
(0.16249231 2.8419089e-05 0)
(0.15844903 2.6316045e-05 3.831422e-22)
(0.15464771 2.4425888e-05 0)
(0.15106292 2.2727021e-05 0)
(0.14767424 2.118672e-05 0)
(0.14446419 1.9782793e-05 0)
(0.1414179 1.849514e-05 0)
(0.13852291 1.73055e-05 0)
(0.13576907 1.6196115e-05 0)
(0.13314873 1.5148892e-05 0)
(0.13065693 1.4141478e-05 0)
(0.12829289 1.3148314e-05 0)
(0.12606002 1.2121043e-05 0)
(0.12397411 1.0992302e-05 0)
(0.12206304 9.6699434e-06 0)
(0.12037382 7.9641141e-06 0)
(0.11902665 3.6044554e-06 0)
(0.11883359 7.5491733e-06 -1.1243524e-19)
(0.11579258 1.5185469e-06 0)
(0.12030809 -0.0003044215 -3.1706488e-19)
(0.26243866 -0.00096001967 0)
(0.42915158 -0.00079904207 0)
(0.47130616 -0.00016464527 0)
(0.26819949 0.00011489653 0)
(0.25611283 9.9763975e-05 0)
(0.24542643 8.7580982e-05 0)
(0.23588293 7.7599021e-05 0)
(0.22728675 6.9299143e-05 0)
(0.21948613 6.2309907e-05 0)
(0.21236134 5.6358272e-05 0)
(0.20581652 5.124003e-05 0)
(0.19977392 4.6800341e-05 0)
(0.19416962 4.2919418e-05 0)
(0.18895061 3.9500344e-05 0)
(0.18407315 3.647777e-05 0)
(0.1794975 3.378005e-05 0)
(0.17519506 3.1355289e-05 0)
(0.17113732 2.91756e-05 0)
(0.16730119 2.719947e-05 0)
(0.16366692 2.5398318e-05 0)
(0.16021769 2.3746418e-05 0)
(0.15693941 2.2220407e-05 0)
(0.15382056 2.07976e-05 0)
(0.15085244 1.9454906e-05 0)
(0.14802934 1.8163899e-05 0)
(0.14535017 1.6892075e-05 0)
(0.14281857 1.5578269e-05 0)
(0.14045171 1.4136716e-05 0)
(0.13828052 1.2454204e-05 0)
(0.1363555 1.0272286e-05 0)
(0.13481671 4.7842309e-06 0)
(0.13452738 9.8692127e-06 0)
(0.13109375 3.1701577e-07 -1.7420684e-19)
(0.13701009 -0.00040796906 -3.999301e-19)
(0.30081694 -0.0011645486 0)
(0.44728356 -0.00092599326 0)
(0.49108275 -0.00020049414 0)
(0.30323818 0.00014699658 0)
(0.28963212 0.00012767552 0)
(0.27759357 0.00011211232 0)
(0.26683605 9.9355303e-05 0)
(0.25714148 8.8744058e-05 0)
(0.2483404 7.9805611e-05 0)
(0.24029892 7.2192118e-05 0)
(0.23290975 6.564325e-05 0)
(0.22608573 5.9961474e-05 0)
(0.21975519 5.4993929e-05 0)
(0.21385862 5.0616957e-05 0)
(0.20834688 4.6746837e-05 0)
(0.20317545 4.3292629e-05 -5.9877846e-22)
(0.19831188 4.018772e-05 0)
(0.19372432 3.7396067e-05 0)
(0.18938671 3.4865226e-05 0)
(0.18527679 3.2558467e-05 0)
(0.1813756 3.0442937e-05 0)
(0.17766721 2.8488818e-05 0)
(0.17413861 2.6667199e-05 0)
(0.17077988 2.4948687e-05 0)
(0.16758447 2.3297249e-05 0)
(0.16455092 2.1671651e-05 0)
(0.16168304 1.9994866e-05 0)
(0.15899936 1.8157965e-05 0)
(0.15653407 1.6022629e-05 0)
(0.1543411 1.3238968e-05 0)
(0.15258268 6.3633215e-06 0)
(0.15216568 1.2871245e-05 0)
(0.14830815 -1.8805418e-06 4.4153526e-19)
(0.15594489 -0.00053992828 0)
(0.33534945 -0.0013927131 0)
(0.46405602 -0.0010552853 0)
(0.50895984 -0.00024318427 0)
(0.34243043 0.00018765887 0)
(0.32716315 0.00016306634 0)
(0.3136404 0.00014324175 0)
(0.30154604 0.00012698133 0)
(0.29063878 0.00011344864 0)
(0.28073069 0.00010204403 0)
(0.27167301 9.2326163e-05 0)
(0.26334632 8.3964415e-05 0)
(0.25565348 7.6707691e-05 0)
(0.24851449 7.0361567e-05 0)
(0.24186289 6.4768805e-05 0)
(0.23564366 5.9822348e-05 0)
(0.22980717 5.5407245e-05 0)
(0.22431673 5.1438251e-05 0)
(0.21913687 4.7868736e-05 0)
(0.2142383 4.4632731e-05 0)
(0.209596 4.1683158e-05 0)
(0.20518866 3.8978146e-05 0)
(0.20099834 3.6479738e-05 0)
(0.19701035 3.4151182e-05 0)
(0.19321344 3.1955157e-05 0)
(0.18960009 2.9846129e-05 0)
(0.18616836 2.7771921e-05 0)
(0.18292222 2.5635974e-05 0)
(0.17988148 2.3300278e-05 0)
(0.17708375 2.0596685e-05 0)
(0.17458638 1.7054308e-05 0)
(0.17257601 8.4832141e-06 0)
(0.17199227 1.6747343e-05 0)
(0.16768054 -5.5613933e-06 5.5933518e-19)
(0.17738996 -0.00070033218 0)
(0.36423475 -0.0016434113 0)
(0.47995475 -0.0011894411 0)
(0.52537469 -0.00029325807 0)
(0.38613415 0.00023899099 0)
(0.36907629 0.0002078067 0)
(0.35394424 0.00018264013 0)
(0.34039338 0.00016197889 0)
(0.32815965 0.00014477006 0)
(0.31703673 0.00013025768 0)
(0.30686079 0.00011788466 0)
(0.29749999 0.00010723314 0)
(0.28884686 9.7985347e-05 0)
(0.28081276 8.9895007e-05 0)
(0.2733239 8.2763014e-05 0)
(0.26631903 7.6452815e-05 4.695892e-22)
(0.25974318 7.0819772e-05 0)
(0.25355504 6.5755227e-05 0)
(0.2477153 6.1198821e-05 0)
(0.24219122 5.7067944e-05 0)
(0.23695479 5.3302447e-05 0)
(0.23198215 4.9849103e-05 0)
(0.22725317 4.6659717e-05 0)
(0.22275133 4.3687701e-05 0)
(0.2184639 4.0885797e-05 0)
(0.21438229 3.8196662e-05 0)
(0.21050399 3.5554431e-05 0)
(0.20683306 3.2838647e-05 0)
(0.20339047 2.987494e-05 0)
(0.20021739 2.6459738e-05 0)
(0.1973746 2.1963324e-05 0)
(0.19507526 1.1335537e-05 0)
(0.1942772 2.1741595e-05 0)
(0.18948231 -1.132462e-05 0)
(0.20163036 -0.00088689797 0)
(0.3888313 -0.0019189103 0)
(0.49535799 -0.0013315423 0)
(0.5407415 -0.00035119402 0)
(0.43463898 0.00030347329 0)
(0.41569331 0.00026412366 0)
(0.39884891 0.00023231552 0)
(0.38373688 0.00020616622 0)
(0.37007284 0.00018436142 0)
(0.35763349 0.00016595534 0)
(0.34624073 0.0001502497 0)
(0.33575072 0.00013671972 0)
(0.32604584 0.00012496562 0)
(0.3170288 0.00011467713 0)
(0.30861843 0.00010560349 0)
(0.30074712 9.7571141e-05 0)
(0.29335447 9.039908e-05 0)
(0.2863943 8.3949515e-05 0)
(0.27982333 7.814437e-05 0)
(0.27360519 7.2880706e-05 0)
(0.26770875 6.8081959e-05 0)
(0.26210742 6.3680715e-05 0)
(0.25677875 5.9615953e-05 0)
(0.25170426 5.5828815e-05 0)
(0.24686962 5.2259635e-05 0)
(0.24226506 4.8836473e-05 0)
(0.23788739 4.5476407e-05 0)
(0.23374072 4.202994e-05 0)
(0.22984703 3.8277468e-05 0)
(0.22625108 3.39733e-05 0)
(0.2230172 2.8280839e-05 0)
(0.22038704 1.5178164e-05 0)
(0.21931805 2.8163838e-05 0)
(0.21401269 -2.0181697e-05 0)
(0.22895882 -0.0010972601 -9.7813276e-19)
(0.4109974 -0.0022191489 0)
(0.5105766 -0.00148322 -1.8057807e-19)
(0.55541416 -0.00041737855 0)
(0.48809467 0.00038389911 0)
(0.46722732 0.00033457414 0)
(0.44861407 0.00029460781 0)
(0.43187061 0.00026168695 0)
(0.41669795 0.00023419012 0)
(0.40285947 0.00021094665 0)
(0.39016524 0.00019108967 0)
(0.37846102 0.00017396598 0)
(0.36762003 0.00015907669 0)
(0.35753705 0.00014603383 0)
(0.34812395 0.00013452375 0)
(0.33930699 0.00012432712 -1.3416235e-21)
(0.33102056 0.00011521892 0)
(0.32321359 0.00010702562 0)
(0.31583888 9.964648e-05 0)
(0.30885641 9.2954094e-05 0)
(0.30223187 8.6851238e-05 0)
(0.29593589 8.1252984e-05 0)
(0.28994364 7.6082572e-05 0)
(0.28423457 7.1265777e-05 0)
(0.2787927 6.6727507e-05 0)
(0.273607 6.2377959e-05 0)
(0.26867351 5.8113068e-05 0)
(0.26399637 5.3748266e-05 0)
(0.2595984 4.9008029e-05 0)
(0.25552789 4.3596458e-05 0)
(0.25185295 3.6409442e-05 0)
(0.2488455 2.035493e-05 0)
(0.24744014 3.6390298e-05 0)
(0.24159875 -3.3152732e-05 -5.6267934e-19)
(0.25969163 -0.0013293426 0)
(0.43228758 -0.0025427526 0)
(0.52587693 -0.0016462245 0)
(0.56969062 -0.00049206246 0)
)
;

boundaryField
{
    bottom
    {
        type            fixedValue;
        value           uniform (0 0 0);
    }
    back
    {
        type            empty;
    }
    front
    {
        type            empty;
    }
    inlet
    {
        type            fixedValue;
        value           nonuniform List<vector> 0();
    }
    outlet
    {
        type            zeroGradient;
    }
    top
    {
        type            zeroGradient;
    }
    slipsurface
    {
        type            slip;
    }
    procBoundary13to10
    {
        type            processor;
        value           nonuniform List<vector> 
24
(
(0.0099878254 -1.1917141e-09 0)
(0.030108118 -3.9710897e-08 0)
(0.050670987 -1.1622541e-07 0)
(0.071978846 -2.3737496e-07 0)
(0.09434183 -4.0419617e-07 0)
(0.11807933 -6.2007137e-07 0)
(0.14351761 -8.887736e-07 0)
(0.17097796 -1.2132317e-06 0)
(0.20074018 -1.5949724e-06 0)
(0.23294301 -2.038113e-06 0)
(0.2673668 -2.5697927e-06 0)
(0.3031583 -3.280874e-06 0)
(0.33888944 -4.3544616e-06 0)
(0.37316319 -6.0604813e-06 0)
(0.40511511 -8.7332836e-06 0)
(0.43439425 -1.2761866e-05 0)
(0.46096246 -1.8604156e-05 0)
(0.48495806 -2.6789972e-05 0)
(0.50662796 -3.7901716e-05 0)
(0.52628543 -5.2540828e-05 0)
(0.54427197 -7.1298835e-05 0)
(0.5609249 -9.4732126e-05 0)
(0.57655617 -0.00012333507 0)
(0.59144395 -0.00015752841 0)
)
;
    }
    procBoundary13to12
    {
        type            processor;
        value           nonuniform List<vector> 
34
(
(0.54640153 0.00048318312 0)
(0.52368921 0.00042191953 0)
(0.50333481 0.00037210922 0)
(0.48495448 0.00033096275 0)
(0.46824517 0.00029651335 0)
(0.45296416 0.00026733379 0)
(0.43891465 0.00024236268 0)
(0.42593542 0.00022079707 0)
(0.41389305 0.00020202147 0)
(0.40267606 0.0001855558 0)
(0.39219066 0.00017101166 0)
(0.38235782 0.00015811416 0)
(0.37310745 0.00014658591 0)
(0.364384 0.00013621035 0)
(0.35613663 0.00012685842 0)
(0.34832197 0.0001183732 0)
(0.34090266 0.00011063238 0)
(0.33384667 0.00010352947 0)
(0.32712681 9.6968373e-05 0)
(0.32072054 9.0856069e-05 0)
(0.31461023 8.5098405e-05 0)
(0.30878361 7.9583906e-05 0)
(0.30323587 7.4182407e-05 0)
(0.29797121 6.8667305e-05 0)
(0.29301311 6.269468e-05 0)
(0.28841327 5.5907993e-05 0)
(0.28424402 4.6860283e-05 0)
(0.28080911 2.7318119e-05 0)
(0.27899444 4.6914536e-05 0)
(0.27259344 -5.1483762e-05 0)
(0.29421583 -0.001581215 -1.4828833e-18)
(0.45386274 -0.0028860882 0)
(0.54150084 -0.0018210498 0)
(0.58382511 -0.00057530335 0)
)
;
    }
    procBoundary13to15
    {
        type            processor;
        value           nonuniform List<vector> 
24
(
(0.0036581209 7.9778098e-09 0)
(0.011028946 1.8994743e-07 0)
(0.018564185 5.5623719e-07 0)
(0.026376104 1.1471235e-06 0)
(0.034581068 1.9892765e-06 0)
(0.043301263 3.1320177e-06 0)
(0.052666486 4.644114e-06 0)
(0.06281604 6.6161925e-06 0)
(0.073900733 9.1661441e-06 0)
(0.086085008 1.2446306e-05 0)
(0.099549199 1.6652505e-05 0)
(0.11449189 2.2035562e-05 0)
(0.13113236 2.8915919e-05 0)
(0.14971298 3.7702121e-05 0)
(0.17050145 4.8913964e-05 0)
(0.19379247 6.3211205e-05 0)
(0.21990849 8.1428615e-05 0)
(0.24919854 0.0001046178 0)
(0.28203375 0.00013409519 0)
(0.31879752 0.00017149362 0)
(0.35986662 0.00021881065 0)
(0.40557823 0.00027843923 0)
(0.45617533 0.00035315288 0)
(0.51172041 0.00044599531 0)
)
;
    }
}


// ************************************************************************* //
