/*--------------------------------*- C++ -*----------------------------------*\
  =========                 |
  \\      /  F ield         | OpenFOAM: The Open Source CFD Toolbox
   \\    /   O peration     | Website:  https://openfoam.org
    \\  /    A nd           | Version:  12
     \\/     M anipulation  |
\*---------------------------------------------------------------------------*/
FoamFile
{
    format      ascii;
    class       volVectorField;
    location    "400";
    object      U;
}
// * * * * * * * * * * * * * * * * * * * * * * * * * * * * * * * * * * * * * //

dimensions      [0 1 -1 0 0 0 0];

internalField   nonuniform List<vector> 
808
(
(0.0080933453 9.4628709e-10 0)
(0.0080550311 9.1178131e-10 0)
(0.0080171785 8.7880882e-10 0)
(0.0079797615 8.4707456e-10 0)
(0.0079427522 8.1632421e-10 0)
(0.0079061334 7.8686213e-10 0)
(0.0078698571 7.5887487e-10 0)
(0.007833897 7.3177262e-10 0)
(0.0077982357 7.0560148e-10 0)
(0.0077628416 6.8047089e-10 0)
(0.0077276835 6.5621792e-10 0)
(0.007692753 6.3271951e-10 0)
(0.0076580211 6.1024907e-10 0)
(0.007623445 5.8848942e-10 0)
(0.0075890192 5.672612e-10 0)
(0.0075547286 5.4677979e-10 0)
(0.0075205489 5.2698344e-10 0)
(0.0074864515 5.0788221e-10 0)
(0.0074524091 4.8932562e-10 0)
(0.0074184105 4.7117377e-10 0)
(0.0073844526 4.5358415e-10 0)
(0.0073504942 4.3679029e-10 0)
(0.00731649 4.2050956e-10 0)
(0.0072824327 4.0444763e-10 0)
(0.0072483293 3.8882116e-10 0)
(0.0072141367 3.7398744e-10 0)
(0.0071797923 3.5971001e-10 0)
(0.0071452703 3.4548953e-10 0)
(0.0071106029 3.3150964e-10 0)
(0.0070757484 3.1819525e-10 0)
(0.024400578 1.9819947e-08 0)
(0.024285064 1.9096969e-08 0)
(0.024170944 1.8406044e-08 0)
(0.024058138 1.7741071e-08 0)
(0.023946561 1.7098851e-08 0)
(0.023836158 1.6483305e-08 0)
(0.023726789 1.5895844e-08 0)
(0.023618375 1.5328111e-08 0)
(0.023510862 1.4780707e-08 0)
(0.023404153 1.4255604e-08 0)
(0.023298155 1.3747552e-08 0)
(0.023192844 1.3255202e-08 0)
(0.023088133 1.278449e-08 0)
(0.022983891 1.233006e-08 0)
(0.022880101 1.1886391e-08 0)
(0.022776718 1.1456537e-08 0)
(0.022673672 1.1041887e-08 0)
(0.022570873 1.0642354e-08 0)
(0.022468239 1.0254443e-08 0)
(0.022365737 9.874234e-09 0)
(0.022263359 9.5056432e-09 0)
(0.022160979 9.153921e-09 0)
(0.022058461 8.8135094e-09 0)
(0.021955782 8.4772804e-09 0)
(0.021852964 8.1495194e-09 0)
(0.021749879 7.8377867e-09 0)
(0.021646335 7.5390546e-09 0)
(0.021542255 7.2423977e-09 0)
(0.021437737 6.9493454e-09 0)
(0.021332655 6.6690759e-09 0)
(0.041071247 5.7540978e-08 0)
(0.040876814 5.544189e-08 0)
(0.040684729 5.3435367e-08 0)
(0.040494858 5.1504526e-08 0)
(0.040307054 4.9640725e-08 0)
(0.040121225 4.7854108e-08 0)
(0.039937135 4.6147959e-08 0)
(0.039754656 4.4499419e-08 0)
(0.039573692 4.2910458e-08 0)
(0.039394081 4.1386385e-08 0)
(0.039215666 3.9911294e-08 0)
(0.039038407 3.8481584e-08 0)
(0.03886216 3.7114809e-08 0)
(0.038686703 3.5795845e-08 0)
(0.038512004 3.4508048e-08 0)
(0.03833799 3.3259767e-08 0)
(0.038164545 3.2055793e-08 0)
(0.037991517 3.0895975e-08 0)
(0.037818765 2.9769991e-08 0)
(0.037646233 2.8666119e-08 0)
(0.037473911 2.7595855e-08 0)
(0.037301588 2.6574669e-08 0)
(0.037129032 2.5586577e-08 0)
(0.036956203 2.461054e-08 0)
(0.036783141 2.3658836e-08 0)
(0.036609629 2.2753846e-08 0)
(0.036435346 2.1886702e-08 0)
(0.036260159 2.1025426e-08 0)
(0.036084235 2.017454e-08 0)
(0.035907364 1.9360618e-08 0)
(0.035729234 1.8620746e-08 0)
(0.058352911 1.1851908e-07 0)
(0.058076678 1.141954e-07 0)
(0.057803782 1.1006165e-07 0)
(0.057534037 1.0608431e-07 0)
(0.057267226 1.0224645e-07 0)
(0.057003215 9.8567199e-08 0)
(0.056741677 9.5052155e-08 0)
(0.05648243 9.1656169e-08 0)
(0.056225337 8.8383778e-08 0)
(0.055970161 8.5245233e-08 0)
(0.055716684 8.2206833e-08 0)
(0.055464852 7.9261555e-08 0)
(0.055214459 7.6446148e-08 0)
(0.054965187 7.3730005e-08 0)
(0.054716987 7.10779e-08 0)
(0.054469764 6.8506315e-08 0)
(0.05422335 6.6026204e-08 0)
(0.053977528 6.3637498e-08 0)
(0.053732097 6.1318599e-08 0)
(0.053486979 5.9044868e-08 0)
(0.053242158 5.6840155e-08 0)
(0.052997338 5.4736717e-08 0)
(0.052752186 5.2701805e-08 0)
(0.052506644 5.069157e-08 0)
(0.052260771 4.8731079e-08 0)
(0.052014262 4.6866936e-08 0)
(0.051766656 4.5081048e-08 0)
(0.051517763 4.3307165e-08 0)
(0.051267824 4.1554416e-08 0)
(0.051016541 3.9877674e-08 0)
(0.050763477 3.8272027e-08 0)
(0.076499138 2.0553462e-07 0)
(0.076137074 1.9803654e-07 0)
(0.075779384 1.9086658e-07 0)
(0.075425826 1.8396877e-07 0)
(0.075076113 1.7731497e-07 0)
(0.074730063 1.7093563e-07 0)
(0.074387254 1.6483871e-07 0)
(0.074047452 1.5894875e-07 0)
(0.073710472 1.532746e-07 0)
(0.073376001 1.4783282e-07 0)
(0.073043753 1.4256357e-07 0)
(0.072713664 1.3745518e-07 0)
(0.072385463 1.3257245e-07 0)
(0.07205873 1.2786308e-07 0)
(0.071733397 1.2326449e-07 0)
(0.071409344 1.1880421e-07 0)
(0.071086354 1.1450282e-07 0)
(0.07076414 1.1036071e-07 0)
(0.070442435 1.0633982e-07 0)
(0.070121138 1.0239668e-07 0)
(0.069800232 9.8572885e-08 0)
(0.069479328 9.4925028e-08 0)
(0.069157987 9.1396563e-08 0)
(0.068836132 8.7910654e-08 0)
(0.068513843 8.4510424e-08 0)
(0.068190721 8.1277506e-08 0)
(0.06786616 7.818074e-08 0)
(0.067539911 7.5104632e-08 0)
(0.067212289 7.2064784e-08 0)
(0.066882907 6.9156656e-08 0)
(0.066551183 6.6365428e-08 0)
(0.095766758 3.2354576e-07 0)
(0.095313776 3.1174313e-07 0)
(0.094866267 3.0045485e-07 0)
(0.09442393 2.8959646e-07 0)
(0.093986394 2.7912545e-07 0)
(0.093553431 2.6908547e-07 0)
(0.09312452 2.5948646e-07 0)
(0.092699375 2.5021387e-07 0)
(0.092277756 2.4128332e-07 0)
(0.091859268 2.3271893e-07 0)
(0.091443556 2.2442435e-07 0)
(0.091030545 2.1638191e-07 0)
(0.090619896 2.0869544e-07 0)
(0.090211079 2.012837e-07 0)
(0.089804006 1.9404589e-07 0)
(0.089398531 1.8702377e-07 0)
(0.088994388 1.8025209e-07 0)
(0.088591214 1.7373236e-07 0)
(0.088188669 1.6740369e-07 0)
(0.08778663 1.611965e-07 0)
(0.08738508 1.5517659e-07 0)
(0.086983533 1.4943414e-07 0)
(0.086581434 1.4388048e-07 0)
(0.086178685 1.3839343e-07 0)
(0.085775391 1.3304033e-07 0)
(0.085371055 1.2795099e-07 0)
(0.084964913 1.2307663e-07 0)
(0.084556653 1.1823447e-07 0)
(0.084146673 1.1344882e-07 0)
(0.083734492 1.088708e-07 0)
(0.08331937 1.0446634e-07 0)
(0.11640392 4.7945998e-07 0)
(0.11585422 4.6197236e-07 0)
(0.11531116 4.452435e-07 0)
(0.11477436 4.2915387e-07 0)
(0.11424337 4.1364305e-07 0)
(0.11371791 3.987693e-07 0)
(0.11319735 3.8454352e-07 0)
(0.11268136 3.708022e-07 0)
(0.11216964 3.5757127e-07 0)
(0.1116617 3.4488337e-07 0)
(0.11115712 3.3259255e-07 0)
(0.11065581 3.2067364e-07 0)
(0.11015735 3.0928332e-07 0)
(0.10966111 2.9830282e-07 0)
(0.10916697 2.8757928e-07 0)
(0.10867476 2.7717229e-07 0)
(0.10818416 2.6713679e-07 0)
(0.10769473 2.574765e-07 0)
(0.10720604 2.4809965e-07 0)
(0.10671796 2.389014e-07 0)
(0.10623047 2.2997972e-07 0)
(0.10574297 2.2146996e-07 0)
(0.10525479 2.1324119e-07 0)
(0.1047658 2.0511053e-07 0)
(0.10427615 1.9717697e-07 0)
(0.10378522 1.8963484e-07 0)
(0.10329209 1.8241222e-07 0)
(0.10279638 1.7523676e-07 0)
(0.10229857 1.6814417e-07 0)
(0.10179808 1.6135988e-07 0)
(0.101294 1.5482528e-07 0)
(0.13862016 6.8212249e-07 0)
(0.13796804 6.5725203e-07 0)
(0.13732376 6.3345544e-07 0)
(0.13668689 6.1057114e-07 0)
(0.13605688 5.8851684e-07 0)
(0.13543337 5.6736606e-07 0)
(0.13481565 5.4712884e-07 0)
(0.13420333 5.2758156e-07 0)
(0.13359604 5.0876534e-07 0)
(0.13299321 4.9072199e-07 0)
(0.13239431 4.7323932e-07 0)
(0.13179928 4.5628291e-07 0)
(0.13120761 4.4008002e-07 0)
(0.13061854 4.2446388e-07 0)
(0.13003192 4.0921198e-07 0)
(0.12944756 3.9440578e-07 0)
(0.1288651 3.8012842e-07 0)
(0.12828399 3.6638748e-07 0)
(0.12770374 3.5305005e-07 0)
(0.12712418 3.3996451e-07 0)
(0.12654529 3.2727091e-07 0)
(0.12596636 3.1516437e-07 0)
(0.1253866 3.034593e-07 0)
(0.12480586 2.9189279e-07 0)
(0.12422429 2.8060453e-07 0)
(0.12364119 2.69874e-07 0)
(0.12305543 2.5959929e-07 0)
(0.12246658 2.4939068e-07 0)
(0.12187521 2.3929865e-07 0)
(0.12128064 2.2964607e-07 0)
(0.12068177 2.2034292e-07 0)
(0.16252801 9.4227541e-07 0)
(0.16176946 9.0794643e-07 0)
(0.16101996 8.7509179e-07 0)
(0.160279 8.4350042e-07 0)
(0.15954593 8.1306361e-07 0)
(0.15882033 7.8386981e-07 0)
(0.15810141 7.5592553e-07 0)
(0.1573887 7.2893446e-07 0)
(0.15668176 7.0295948e-07 0)
(0.15597993 6.7805176e-07 0)
(0.15528261 6.5391194e-07 0)
(0.15458972 6.3049446e-07 0)
(0.15390069 6.0811945e-07 0)
(0.15321461 5.8655965e-07 0)
(0.15253131 5.6550052e-07 0)
(0.15185058 5.4505011e-07 0)
(0.15117199 5.2533023e-07 0)
(0.15049492 5.0635468e-07 0)
(0.14981878 4.8793649e-07 0)
(0.14914337 4.6986276e-07 0)
(0.14846867 4.5232792e-07 0)
(0.14779389 4.3560526e-07 0)
(0.14711806 4.1943929e-07 0)
(0.14644101 4.0346295e-07 0)
(0.14576294 3.8786763e-07 0)
(0.14508303 3.730439e-07 0)
(0.14439995 3.5885136e-07 0)
(0.14371319 3.4474832e-07 0)
(0.14302344 3.3080426e-07 0)
(0.14232988 3.1746823e-07 0)
(0.14163125 3.0460985e-07 0)
(0.1880573 1.2720657e-06 0)
(0.18719226 1.2257915e-06 0)
(0.18633737 1.1814929e-06 0)
(0.18549207 1.1389014e-06 0)
(0.18465562 1.0978762e-06 0)
(0.18382754 1.0585198e-06 0)
(0.18300693 1.0208317e-06 0)
(0.18219327 9.844288e-07 0)
(0.18138606 9.4940393e-07 0)
(0.18058453 9.158174e-07 0)
(0.17978803 8.8325721e-07 0)
(0.17899644 8.5166457e-07 0)
(0.17820914 8.2148009e-07 0)
(0.17742507 7.9240092e-07 0)
(0.17664403 7.6399301e-07 0)
(0.17586581 7.3639652e-07 0)
(0.17508992 7.0978521e-07 0)
(0.17431563 6.8418218e-07 0)
(0.17354227 6.5933054e-07 0)
(0.17276961 6.3493827e-07 0)
(0.17199766 6.1126928e-07 0)
(0.17122548 5.8869775e-07 0)
(0.17045197 5.6687987e-07 0)
(0.16967694 5.4531475e-07 0)
(0.16890061 5.2425884e-07 0)
(0.16812205 5.0424582e-07 0)
(0.16733973 4.8508647e-07 0)
(0.16655307 4.6604458e-07 0)
(0.16576285 4.4721394e-07 0)
(0.16496815 4.2920506e-07 0)
(0.16416749 4.1183624e-07 0)
(0.21487928 1.6838918e-06 0)
(0.21391347 1.6227896e-06 0)
(0.21295877 1.5642803e-06 0)
(0.21201454 1.5080278e-06 0)
(0.21107995 1.4538527e-06 0)
(0.21015449 1.4018698e-06 0)
(0.20923714 1.3520693e-06 0)
(0.20832735 1.3039647e-06 0)
(0.20742456 1.2576881e-06 0)
(0.20652789 1.2133085e-06 0)
(0.20563664 1.1702719e-06 0)
(0.20475067 1.1285042e-06 0)
(0.2038693 1.0885988e-06 0)
(0.20299134 1.0501596e-06 0)
(0.20211656 1.0126007e-06 0)
(0.20124473 9.7610096e-07 0)
(0.20037531 9.4090216e-07 0)
(0.19950748 9.0704028e-07 0)
(0.19864049 8.7416965e-07 0)
(0.19777409 8.4189828e-07 0)
(0.19690827 8.1057746e-07 0)
(0.196042 7.8070936e-07 0)
(0.19517404 7.5184005e-07 0)
(0.19430415 7.2329961e-07 0)
(0.19343261 6.9542544e-07 0)
(0.19255836 6.6893273e-07 0)
(0.19167968 6.435709e-07 0)
(0.19079591 6.1835861e-07 0)
(0.18990793 5.9342056e-07 0)
(0.1890147 5.6957067e-07 0)
(0.18811457 5.4656295e-07 0)
(0.24241766 2.189163e-06 0)
(0.24136233 2.1100035e-06 0)
(0.24031885 2.0341841e-06 0)
(0.23928654 1.961289e-06 0)
(0.23826448 1.8910898e-06 0)
(0.23725212 1.8237136e-06 0)
(0.23624837 1.7591406e-06 0)
(0.23525263 1.6967623e-06 0)
(0.23426427 1.6367579e-06 0)
(0.23328235 1.5792056e-06 0)
(0.2323061 1.5233776e-06 0)
(0.23133539 1.4691821e-06 0)
(0.23036944 1.4174017e-06 0)
(0.22940697 1.3675263e-06 0)
(0.22844774 1.3187815e-06 0)
(0.22749148 1.2713942e-06 0)
(0.22653761 1.2256915e-06 0)
(0.22558523 1.1817259e-06 0)
(0.22463351 1.1390417e-06 0)
(0.22368218 1.0971239e-06 0)
(0.22273123 1.0564315e-06 0)
(0.22177952 1.0176254e-06 0)
(0.2208257 9.8011668e-07 0)
(0.2198695 9.4302634e-07 0)
(0.21891121 9.0679122e-07 0)
(0.21794967 8.7235205e-07 0)
(0.21698299 8.3938213e-07 0)
(0.21601045 8.0659701e-07 0)
(0.21503298 7.7416038e-07 0)
(0.21404945 7.4313754e-07 0)
(0.21305804 7.1320335e-07 0)
(0.26998922 2.7981715e-06 0)
(0.26885818 2.6974042e-06 0)
(0.26773958 2.6008707e-06 0)
(0.26663266 2.5080578e-06 0)
(0.26553646 2.4186731e-06 0)
(0.26445041 2.3328583e-06 0)
(0.26337335 2.2505877e-06 0)
(0.2623046 2.1711082e-06 0)
(0.26124352 2.0946512e-06 0)
(0.2601891 2.021305e-06 0)
(0.2591405 1.9501365e-06 0)
(0.2580976 1.881034e-06 0)
(0.25705956 1.8150065e-06 0)
(0.256025 1.7514056e-06 0)
(0.25499367 1.6892309e-06 0)
(0.25396528 1.6287685e-06 0)
(0.2529392 1.5704492e-06 0)
(0.25191445 1.5143439e-06 0)
(0.25089015 1.4598646e-06 0)
(0.24986602 1.4063487e-06 0)
(0.24884202 1.3543857e-06 0)
(0.24781695 1.3048279e-06 0)
(0.24678933 1.2569237e-06 0)
(0.24575887 1.2095417e-06 0)
(0.24472589 1.1632391e-06 0)
(0.24368913 1.1192306e-06 0)
(0.24264653 1.077096e-06 0)
(0.24159733 1.035184e-06 0)
(0.24054252 9.9370707e-07 0)
(0.23948087 9.5403452e-07 0)
(0.2384104 9.1574538e-07 0)
(0.29699706 3.521287e-06 0)
(0.2958031 3.3950068e-06 0)
(0.29462205 3.2740216e-06 0)
(0.29345312 3.1576961e-06 0)
(0.29229529 3.0456517e-06 0)
(0.29114799 2.9380507e-06 0)
(0.29000999 2.834872e-06 0)
(0.28888056 2.7351905e-06 0)
(0.287759 2.6392897e-06 0)
(0.28664429 2.5472699e-06 0)
(0.28553555 2.4579631e-06 0)
(0.28443261 2.3712354e-06 0)
(0.28333458 2.2883592e-06 0)
(0.28224004 2.20852e-06 0)
(0.2811487 2.130452e-06 0)
(0.28006027 2.0545161e-06 0)
(0.27897406 1.9812643e-06 0)
(0.27788904 1.9107856e-06 0)
(0.2768043 1.8423365e-06 0)
(0.2757195 1.7750821e-06 0)
(0.27463463 1.7097666e-06 0)
(0.27354838 1.6474679e-06 0)
(0.2724592 1.587241e-06 0)
(0.27136681 1.5276565e-06 0)
(0.27027149 1.4694155e-06 0)
(0.26917192 1.4140578e-06 0)
(0.26806591 1.3610502e-06 0)
(0.26695266 1.308306e-06 0)
(0.2658332 1.2560979e-06 0)
(0.26470622 1.2061555e-06 0)
(0.26356961 1.1579435e-06 0)
(0.32304837 4.3690973e-06 0)
(0.32180123 4.2130442e-06 0)
(0.32056746 4.0635367e-06 0)
(0.31934619 3.9197858e-06 0)
(0.31813636 3.7812948e-06 0)
(0.31693742 3.6482558e-06 0)
(0.31574808 3.5206724e-06 0)
(0.31456753 3.3974156e-06 0)
(0.31339506 3.2788129e-06 0)
(0.31222961 3.1649798e-06 0)
(0.31107029 3.0544867e-06 0)
(0.30991687 2.9471762e-06 0)
(0.30876843 2.8446196e-06 0)
(0.30762349 2.7458036e-06 0)
(0.30648177 2.6491574e-06 0)
(0.30534295 2.5551374e-06 0)
(0.30420628 2.464433e-06 0)
(0.3030707 2.3771478e-06 0)
(0.30193525 2.2923584e-06 0)
(0.30079961 2.2090343e-06 0)
(0.29966371 2.1281001e-06 0)
(0.29852619 2.0508938e-06 0)
(0.29738546 1.9762434e-06 0)
(0.29624119 1.9023741e-06 0)
(0.29509368 1.8301571e-06 0)
(0.29394153 1.7615116e-06 0)
(0.29278245 1.6957681e-06 0)
(0.29161562 1.630332e-06 0)
(0.29044209 1.5655504e-06 0)
(0.28926046 1.5035723e-06 0)
(0.28806854 1.4437273e-06 0)
(0.34803727 5.3596232e-06 0)
(0.34674181 5.1688159e-06 0)
(0.34546017 4.9860403e-06 0)
(0.34419138 4.8103083e-06 0)
(0.3429344 4.6409567e-06 0)
(0.34168867 4.4782222e-06 0)
(0.34045285 4.3221681e-06 0)
(0.33922605 4.1714216e-06 0)
(0.33800752 4.0263335e-06 0)
(0.33679623 3.8870376e-06 0)
(0.33559122 3.7518227e-06 0)
(0.33439225 3.620507e-06 0)
(0.33319833 3.4949938e-06 0)
(0.33200794 3.3740284e-06 0)
(0.33082084 3.2556967e-06 0)
(0.32963664 3.1405788e-06 0)
(0.32845455 3.029516e-06 0)
(0.32727347 2.9226163e-06 0)
(0.32609244 2.8187513e-06 0)
(0.3249111 2.716673e-06 0)
(0.32372937 2.6175144e-06 0)
(0.32254582 2.5229083e-06 0)
(0.32135882 2.4314168e-06 0)
(0.32016804 2.3408704e-06 0)
(0.31897374 2.2523415e-06 0)
(0.31777447 2.1681856e-06 0)
(0.31656785 2.0875681e-06 0)
(0.31535307 2.0073089e-06 0)
(0.31413115 1.9278475e-06 0)
(0.31290064 1.8518146e-06 0)
(0.31165928 1.778381e-06 0)
(0.3719677 6.5142031e-06 0)
(0.37062711 6.2828688e-06 0)
(0.36930079 6.0613355e-06 0)
(0.36798771 5.8483589e-06 0)
(0.36668678 5.6430423e-06 0)
(0.36539747 5.4456851e-06 0)
(0.36411843 5.256461e-06 0)
(0.36284863 5.0737091e-06 0)
(0.36158731 4.8977675e-06 0)
(0.36033344 4.7287912e-06 0)
(0.35908606 4.5647722e-06 0)
(0.35784486 4.4055067e-06 0)
(0.35660879 4.2532601e-06 0)
(0.35537632 4.1064847e-06 0)
(0.35414721 3.9628822e-06 0)
(0.35292105 3.8231949e-06 0)
(0.35169697 3.6884288e-06 0)
(0.35047386 3.5586796e-06 0)
(0.34925074 3.4325865e-06 0)
(0.34802724 3.3086636e-06 0)
(0.34680324 3.1882839e-06 0)
(0.34557726 3.07341e-06 0)
(0.34434763 2.9622937e-06 0)
(0.34311402 2.852318e-06 0)
(0.34187667 2.7447928e-06 0)
(0.34063405 2.6425726e-06 0)
(0.33938372 2.5446219e-06 0)
(0.33812487 2.4470888e-06 0)
(0.33685851 2.3505289e-06 0)
(0.33558314 2.2581226e-06 0)
(0.33429641 2.1688534e-06 0)
(0.39479863 7.8555008e-06 0)
(0.39341687 7.5771035e-06 0)
(0.39204986 7.3106097e-06 0)
(0.39069646 7.0544489e-06 0)
(0.38935556 6.8073967e-06 0)
(0.38802668 6.5698362e-06 0)
(0.38670842 6.342128e-06 0)
(0.38539965 6.122273e-06 0)
(0.38409957 5.9105408e-06 0)
(0.38280718 5.7071071e-06 0)
(0.38152151 5.5096629e-06 0)
(0.38024217 5.3179897e-06 0)
(0.37896807 5.1347409e-06 0)
(0.37769765 4.9580099e-06 0)
(0.3764307 4.7850733e-06 0)
(0.37516679 4.6168877e-06 0)
(0.37390495 4.4546354e-06 0)
(0.37264406 4.2983724e-06 0)
(0.37138315 4.1464762e-06 0)
(0.37012183 3.9972062e-06 0)
(0.36885993 3.8522115e-06 0)
(0.36759593 3.7138189e-06 0)
(0.36632814 3.5799175e-06 0)
(0.36505622 3.4473881e-06 0)
(0.3637804 3.3178225e-06 0)
(0.36249906 3.1946439e-06 0)
(0.36120971 3.0765694e-06 0)
(0.35991155 2.9589776e-06 0)
(0.3586056 2.8425727e-06 0)
(0.35729026 2.7311585e-06 0)
(0.35596316 2.6234977e-06 0)
(0.41651665 9.4094988e-06 0)
(0.4150967 9.0764823e-06 0)
(0.41369198 8.7578698e-06 0)
(0.41230126 8.4516844e-06 0)
(0.41092341 8.1562503e-06 0)
(0.40955798 7.8720526e-06 0)
(0.40820355 7.599739e-06 0)
(0.40685887 7.3369233e-06 0)
(0.40552311 7.0837289e-06 0)
(0.40419531 6.8403432e-06 0)
(0.40287446 6.6041625e-06 0)
(0.40156013 6.3749684e-06 0)
(0.40025116 6.1558241e-06 0)
(0.39894598 5.9443815e-06 0)
(0.39764442 5.7374495e-06 0)
(0.39634599 5.5362656e-06 0)
(0.39504967 5.3422e-06 0)
(0.39375429 5.1552305e-06 0)
(0.39245893 4.9734386e-06 0)
(0.39116316 4.7948172e-06 0)
(0.38986677 4.6213323e-06 0)
(0.38856819 4.4557084e-06 0)
(0.38726572 4.2954087e-06 0)
(0.38595905 4.1367578e-06 0)
(0.38464834 3.9816826e-06 0)
(0.38333192 3.834253e-06 0)
(0.38200722 3.6928809e-06 0)
(0.38067352 3.5520597e-06 0)
(0.37933178 3.4126841e-06 0)
(0.37798036 3.2792647e-06 0)
(0.37661684 3.1503028e-06 0)
(0.43715312 1.1207133e-05 0)
(0.43569679 1.0810766e-05 0)
(0.43425623 1.0431774e-05 0)
(0.43283008 1.0067689e-05 0)
(0.43141717 9.7162216e-06 0)
(0.43001711 9.3779694e-06 0)
(0.42862845 9.0539967e-06 0)
(0.42724984 8.7414856e-06 0)
(0.4258804 8.4403111e-06 0)
(0.42451917 8.1506512e-06 0)
(0.42316519 7.869623e-06 0)
(0.42181793 7.5970353e-06 0)
(0.42047617 7.3363793e-06 0)
(0.41913833 7.0847629e-06 0)
(0.41780428 6.83848e-06 0)
(0.4164735 6.5991331e-06 0)
(0.41514488 6.3682944e-06 0)
(0.41381723 6.1458106e-06 0)
(0.41248966 5.9294274e-06 0)
(0.41116171 5.7168635e-06 0)
(0.40983313 5.5104504e-06 0)
(0.40850231 5.3133422e-06 0)
(0.40716754 5.122504e-06 0)
(0.40582852 4.9336448e-06 0)
(0.40448536 4.7490903e-06 0)
(0.40313634 4.5736423e-06 0)
(0.40177886 4.4053344e-06 0)
(0.40041225 4.2376475e-06 0)
(0.39903741 4.0717225e-06 0)
(0.39765264 3.9128668e-06 0)
(0.39625548 3.7592702e-06 0)
(0.45677898 1.3283754e-05 0)
(0.45528704 1.2813987e-05 0)
(0.45381144 1.2365113e-05 0)
(0.45235069 1.1934084e-05 0)
(0.45090357 1.1517805e-05 0)
(0.44946976 1.111698e-05 0)
(0.44804777 1.0733245e-05 0)
(0.44663615 1.0363315e-05 0)
(0.44523395 1.0006692e-05 0)
(0.44384027 9.6635073e-06 0)
(0.44245413 9.3306219e-06 0)
(0.44107495 9.007911e-06 0)
(0.43970143 8.6993128e-06 0)
(0.43833199 8.4012675e-06 0)
(0.43696651 8.1094978e-06 0)
(0.43560448 7.8260733e-06 0)
(0.43424467 7.5527867e-06 0)
(0.4328859 7.2892885e-06 0)
(0.43152727 7.0329393e-06 0)
(0.43016834 6.7811792e-06 0)
(0.42880879 6.5367624e-06 0)
(0.42744697 6.3033066e-06 0)
(0.42608116 6.0771924e-06 0)
(0.42471108 5.8534495e-06 0)
(0.42333679 5.6348775e-06 0)
(0.42195652 5.4270656e-06 0)
(0.42056775 5.2275775e-06 0)
(0.41916987 5.0288186e-06 0)
(0.41776361 4.8322487e-06 0)
(0.4163472 4.6440319e-06 0)
(0.41491818 4.4619821e-06 0)
(0.47551102 1.5680767e-05 0)
(0.47398314 1.5125978e-05 0)
(0.47247218 1.4596217e-05 0)
(0.47097653 1.4087776e-05 0)
(0.46949493 1.3596544e-05 0)
(0.46802706 1.3123309e-05 0)
(0.46657146 1.2670438e-05 0)
(0.46512657 1.223415e-05 0)
(0.46369139 1.1813453e-05 0)
(0.46226501 1.1408376e-05 0)
(0.46084648 1.1015537e-05 0)
(0.45943515 1.0634924e-05 0)
(0.45802967 1.0270956e-05 0)
(0.45662843 9.919267e-06 0)
(0.45523134 9.5749342e-06 0)
(0.45383785 9.2406038e-06 0)
(0.45244671 8.9183191e-06 0)
(0.45105666 8.6074661e-06 0)
(0.44966682 8.3049585e-06 0)
(0.44827676 8.007947e-06 0)
(0.4468861 7.7196754e-06 0)
(0.44549316 7.4442692e-06 0)
(0.4440962 7.1774284e-06 0)
(0.44269495 6.9134232e-06 0)
(0.44128944 6.6556091e-06 0)
(0.43987785 6.4103001e-06 0)
(0.43845811 6.1745446e-06 0)
(0.43702961 5.9398289e-06 0)
(0.43559262 5.7079632e-06 0)
(0.43414528 5.4859305e-06 0)
(0.43268514 5.2710886e-06 0)
(0.49508978 1.9138935e-05 0)
(0.49350583 1.8451102e-05 0)
(0.49194135 1.7797698e-05 0)
(0.49039437 1.717417e-05 0)
(0.48886322 1.6576081e-05 0)
(0.48734655 1.5998058e-05 0)
(0.48584404 1.5440927e-05 0)
(0.48435424 1.4907962e-05 0)
(0.48287554 1.4394876e-05 0)
(0.48140684 1.3900039e-05 0)
(0.47994724 1.342331e-05 0)
(0.47849579 1.2961065e-05 0)
(0.47705181 1.2513469e-05 0)
(0.47561388 1.2085469e-05 0)
(0.47418037 1.1671727e-05 0)
(0.47275119 1.1266581e-05 0)
(0.47132579 1.0873379e-05 0)
(0.46990284 1.0494459e-05 0)
(0.46848108 1.0128864e-05 0)
(0.4670596 9.7729831e-06 0)
(0.46563797 9.4236633e-06 0)
(0.46421579 9.0847188e-06 0)
(0.46279133 8.7608352e-06 0)
(0.46136283 8.4469204e-06 0)
(0.45993001 8.1363891e-06 0)
(0.45849289 7.833247e-06 0)
(0.45704958 7.5445695e-06 0)
(0.45559838 7.2667862e-06 0)
(0.45413861 6.9904575e-06 0)
(0.45267026 6.7178268e-06 0)
(0.45119138 6.4567414e-06 0)
(0.44969948 6.2040172e-06 0)
(0.51250876 2.246262e-05 0)
(0.51088697 2.1654677e-05 0)
(0.50928531 2.0886897e-05 0)
(0.5077018 2.0154644e-05 0)
(0.50613466 1.9452695e-05 0)
(0.50458246 1.8774164e-05 0)
(0.50304489 1.8119838e-05 0)
(0.50152051 1.7494071e-05 0)
(0.50000762 1.6892068e-05 0)
(0.49850507 1.6311431e-05 0)
(0.49701194 1.5751752e-05 0)
(0.49552727 1.5209153e-05 0)
(0.49405038 1.4684044e-05 0)
(0.49257977 1.4181969e-05 0)
(0.49111376 1.3696441e-05 0)
(0.48965228 1.3220933e-05 0)
(0.48819479 1.2759629e-05 0)
(0.48673989 1.2315221e-05 0)
(0.48528626 1.1886332e-05 0)
(0.48383302 1.1468728e-05 0)
(0.48237971 1.1058927e-05 0)
(0.48092591 1.0661407e-05 0)
(0.47946985 1.0281486e-05 0)
(0.47800974 9.9131501e-06 0)
(0.4765453 9.5488391e-06 0)
(0.47507653 9.1933158e-06 0)
(0.47360151 8.8543571e-06 0)
(0.47211844 8.5276721e-06 0)
(0.47062672 8.2030791e-06 0)
(0.4691263 7.8833303e-06 0)
(0.46761518 7.577111e-06 0)
(0.46609083 7.2806238e-06 0)
(0.52939169 2.6303386e-05 0)
(0.52773121 2.5356177e-05 0)
(0.52609157 2.445574e-05 0)
(0.52447077 2.3597411e-05 0)
(0.52286693 2.2775145e-05 0)
(0.52127854 2.1980244e-05 0)
(0.51970527 2.1213335e-05 0)
(0.51814569 2.0480053e-05 0)
(0.51659807 1.9775117e-05 0)
(0.51506113 1.9095215e-05 0)
(0.51353396 1.843954e-05 0)
(0.51201561 1.7803935e-05 0)
(0.51050535 1.718915e-05 0)
(0.50900164 1.6601415e-05 0)
(0.50750274 1.603288e-05 0)
(0.50600859 1.5476e-05 0)
(0.50451864 1.4935946e-05 0)
(0.50303145 1.4415851e-05 0)
(0.50154566 1.3913819e-05 0)
(0.50006035 1.3424877e-05 0)
(0.49857509 1.2945183e-05 0)
(0.49708942 1.2479996e-05 0)
(0.49560153 1.2035341e-05 0)
(0.49410958 1.1604135e-05 0)
(0.49261331 1.1177704e-05 0)
(0.49111271 1.0761692e-05 0)
(0.4896058 1.0364713e-05 0)
(0.48809072 9.9816262e-06 0)
(0.4865669 9.6013421e-06 0)
(0.48503428 9.227223e-06 0)
(0.48349082 8.8689276e-06 0)
(0.48193393 8.5219829e-06 0)
(0.54580833 3.0743232e-05 0)
(0.54410807 2.9634505e-05 0)
(0.54242939 2.8580141e-05 0)
(0.5407703 2.7575387e-05 0)
(0.53912885 2.6613626e-05 0)
(0.53750337 2.5683962e-05 0)
(0.53589355 2.4786563e-05 0)
(0.53429798 2.3928591e-05 0)
(0.53271486 2.3104401e-05 0)
(0.53114283 2.2309604e-05 0)
(0.52958092 2.1542791e-05 0)
(0.52802822 2.0799476e-05 0)
(0.52648399 2.0080876e-05 0)
(0.52494659 1.9394033e-05 0)
(0.52341423 1.8729474e-05 0)
(0.52188686 1.8078442e-05 0)
(0.52036394 1.7447271e-05 0)
(0.51884399 1.6839648e-05 0)
(0.51732557 1.6253063e-05 0)
(0.51580775 1.5681644e-05 0)
(0.51429011 1.512115e-05 0)
(0.51277217 1.4577769e-05 0)
(0.51125207 1.4058316e-05 0)
(0.50972793 1.355446e-05 0)
(0.50819948 1.3056254e-05 0)
(0.50666672 1.2570372e-05 0)
(0.50512761 1.2106416e-05 0)
(0.50358023 1.1658225e-05 0)
(0.50202404 1.1213628e-05 0)
(0.50045898 1.0776721e-05 0)
(0.49888292 1.0358298e-05 0)
(0.49729327 9.9530551e-06 0)
)
;

boundaryField
{
    bottom
    {
        type            fixedValue;
        value           uniform (0 0 0);
    }
    back
    {
        type            empty;
    }
    front
    {
        type            empty;
    }
    inlet
    {
        type            fixedValue;
        value           nonuniform List<vector> 0();
    }
    outlet
    {
        type            zeroGradient;
    }
    top
    {
        type            zeroGradient;
    }
    slipsurface
    {
        type            slip;
    }
    procBoundary8to0
    {
        type            processor;
        value           nonuniform List<vector> 
23
(
(0.0081321698 9.8291244e-10 0)
(0.024517629 2.0585262e-08 0)
(0.041268266 5.9762008e-08 0)
(0.058632815 1.2309258e-07 0)
(0.076866013 2.1346386e-07 0)
(0.09622575 3.3602389e-07 0)
(0.1169609 4.9794358e-07 0)
(0.13928086 7.0840212e-07 0)
(0.16329644 9.7853862e-07 0)
(0.18893345 1.3209313e-06 0)
(0.21585724 1.7483937e-06 0)
(0.24348598 2.2726987e-06 0)
(0.27113392 2.9044769e-06 0)
(0.29820525 3.6544727e-06 0)
(0.32431026 4.5336486e-06 0)
(0.34934801 5.5607881e-06 0)
(0.37332413 6.7580624e-06 0)
(0.39619679 8.1489341e-06 0)
(0.4179536 9.7604532e-06 0)
(0.43862704 1.1624779e-05 0)
(0.45828913 1.3778636e-05 0)
(0.47705774 1.6265028e-05 0)
(0.47705774 1.6265028e-05 0)
)
;
    }
    procBoundary8to1
    {
        type            processor;
        value           nonuniform List<vector> 4((0.4966948 1.9857066e-05 0) (0.51415227 2.3305785e-05 0) (0.53107458 2.7291474e-05 0) (0.54753178 3.1899505e-05 0));
    }
    procBoundary8to9
    {
        type            processor;
        value           nonuniform List<vector> 
32
(
(0.56182184 3.5877631e-05 0)
(0.56008041 3.4581389e-05 0)
(0.55836139 3.3348272e-05 0)
(0.55666277 3.217332e-05 0)
(0.55498252 3.1049657e-05 0)
(0.55331885 2.9963794e-05 0)
(0.55167142 2.8915051e-05 0)
(0.55003882 2.7912367e-05 0)
(0.54841925 2.69499e-05 0)
(0.5468112 2.6022025e-05 0)
(0.54521368 2.5126467e-05 0)
(0.54362578 2.4258337e-05 0)
(0.54204676 2.3419482e-05 0)
(0.54047491 2.2617906e-05 0)
(0.53890837 2.184221e-05 0)
(0.53734707 2.1082188e-05 0)
(0.53579051 2.0345543e-05 0)
(0.53423715 1.9636652e-05 0)
(0.53268548 1.8952273e-05 0)
(0.53113456 1.8285464e-05 0)
(0.52958397 1.7631536e-05 0)
(0.52803322 1.6997761e-05 0)
(0.52648038 1.6391847e-05 0)
(0.52492355 1.5804012e-05 0)
(0.52336245 1.5222848e-05 0)
(0.52179707 1.4656229e-05 0)
(0.52022533 1.4114916e-05 0)
(0.51864523 1.3591536e-05 0)
(0.51705625 1.3072645e-05 0)
(0.51545835 1.2563226e-05 0)
(0.51384934 1.207536e-05 0)
(0.51222657 1.1602819e-05 0)
)
;
    }
    procBoundary8to10
    {
        type            processor;
        value           nonuniform List<vector> 
25
(
(0.007040643 3.0595231e-10 0)
(0.02122683 6.4335774e-09 0)
(0.02122683 6.4335774e-09 0)
(0.035549749 1.7797165e-08 0)
(0.050508471 3.6657945e-08 0)
(0.066216924 6.3573671e-08 0)
(0.082901081 1.0008231e-07 0)
(0.10078607 1.483357e-07 0)
(0.12007831 2.111149e-07 0)
(0.14092719 2.9186442e-07 0)
(0.16336048 3.9462734e-07 0)
(0.18720707 5.2377224e-07 7.0202869e-33)
(0.21205822 6.8355353e-07 -7.2279284e-33)
(0.23733055 8.7781864e-07 0)
(0.26242277 1.110184e-06 0)
(0.2868657 1.3844383e-06 0)
(0.3104064 1.7056253e-06 0)
(0.33299765 2.0804073e-06 0)
(0.3546236 2.5168323e-06 0)
(0.37524052 3.0225441e-06 0)
(0.39484526 3.607132e-06 0)
(0.41347587 4.2817096e-06 0)
(0.43121152 5.0584267e-06 0)
(0.4481939 5.9539651e-06 0)
(0.46455242 6.9873287e-06 0)
)
;
    }
    procBoundary8to11
    {
        type            processor;
        value           nonuniform List<vector> 2((0.48036275 8.1787747e-06 0) (0.49568908 9.5522351e-06 0));
    }
}


// ************************************************************************* //
