/*--------------------------------*- C++ -*----------------------------------*\
  =========                 |
  \\      /  F ield         | OpenFOAM: The Open Source CFD Toolbox
   \\    /   O peration     | Website:  https://openfoam.org
    \\  /    A nd           | Version:  12
     \\/     M anipulation  |
\*---------------------------------------------------------------------------*/
FoamFile
{
    format      ascii;
    class       volScalarField;
    location    "1300";
    object      nut;
}
// * * * * * * * * * * * * * * * * * * * * * * * * * * * * * * * * * * * * * //

dimensions      [0 2 -1 0 0 0 0];

internalField   nonuniform List<scalar> 
467
(
0.00078212059
0.00078134158
0.00078050335
0.00077960563
0.00077864826
0.00077763066
0.00077655232
0.00077541299
0.00081592226
0.00081560144
0.00081523872
0.0008148565
0.00081446817
0.00081407904
0.00081368778
0.00081328824
0.00081287152
0.00081242794
0.00081194828
0.0008114245
0.00081085033
0.00081022163
0.00080953601
0.00080879202
0.00080798877
0.00080712588
0.00080620311
0.00080521995
0.00080417595
0.00080307093
0.00080190435
0.00080067592
0.00079938547
0.00079803265
0.00079661704
0.00084901536
0.0008487763
0.00084848567
0.00084816601
0.00084783182
0.00084749011
0.00084714148
0.00084678168
0.00084640342
0.00084599817
0.00084555742
0.00084507352
0.00084454026
0.00084395333
0.00084331
0.00084260853
0.00084184777
0.00084102713
0.00084014625
0.00083920462
0.0008382018
0.00083713759
0.00083601167
0.00083482369
0.00083357359
0.00083226123
0.00083088644
0.00088941992
0.0008892747
0.00088906846
0.00088882315
0.00088855397
0.00088826943
0.00088797208
0.00088765972
0.0008873269
0.00088696654
0.00088657109
0.00088613346
0.00088564769
0.0008851093
0.00088451527
0.00088386353
0.00088315267
0.00088238183
0.00088155043
0.0008806579
0.00087970374
0.00087868769
0.00087760946
0.00087646876
0.00087526553
0.00087399975
0.00087267138
0.00093819334
0.00093815161
0.00093804074
0.0009378812
0.00093768816
0.00093747117
0.00093723453
0.00093697808
0.00093669838
0.00093639
0.00093604663
0.000935662
0.00093523053
0.00093474776
0.00093421041
0.00093361611
0.00093296315
0.00093225037
0.00093147694
0.00093064214
0.00092974535
0.00092878619
0.00092776433
0.00092667947
0.00092553152
0.00092432047
0.00092304634
0.00099641827
0.00099647708
0.00099646155
0.00099638952
0.00099627518
0.00099612839
0.00099595473
0.00099575586
0.00099553033
0.00099527452
0.00099498364
0.00099465247
0.00099427607
0.00099385019
0.00099337145
0.00099283723
0.00099224555
0.00099159493
0.00099088424
0.00099011256
0.00098927912
0.00098838335
0.00098742479
0.00098640307
0.00098531801
0.00098416951
0.00098295761
0.0010645237
0.0010646664
0.0010647352
0.0010647442
0.0010647053
0.0010646277
0.0010645173
0.0010643771
0.0010642073
0.0010640058
0.0010637696
0.0010634946
0.0010631766
0.0010628118
0.0010623969
0.0010619291
0.0010614061
0.0010608261
0.0010601877
0.0010594896
0.0010587309
0.0010579107
0.0010570283
0.0010560832
0.0010550751
0.0010540037
0.0010528689
0.0011428606
0.0011430366
0.0011431469
0.0011432008
0.001143207
0.0011431726
0.0011431029
0.001143001
0.0011428682
0.0011427038
0.0011425059
0.0011422717
0.0011419981
0.0011416816
0.0011413194
0.0011409084
0.0011404464
0.0011399312
0.001139361
0.0011387343
0.0011380497
0.0011373062
0.0011365027
0.0011356386
0.0011347131
0.0011337258
0.0011326764
0.0012296966
0.0012298118
0.0012298796
0.0012299045
0.0012298913
0.0012298442
0.0012297667
0.0012296613
0.001229529
0.0012293698
0.0012291827
0.0012289656
0.0012287162
0.0012284317
0.0012281093
0.0012277463
0.00122734
0.0012268881
0.0012263883
0.0012258388
0.0012252376
0.0012245832
0.0012238741
0.0012231091
0.0012222871
0.0012214072
0.0012204688
0.0013237349
0.0013236526
0.0013235489
0.0013234244
0.0013232802
0.0013231176
0.0013229378
0.0013227415
0.0013225291
0.0013223003
0.0013220539
0.0013217885
0.0013215019
0.0013211919
0.0013208557
0.0013204906
0.0013200941
0.0013196635
0.0013191961
0.0013186895
0.0013181415
0.0013175498
0.0013169124
0.0013162275
0.0013154933
0.0013147085
0.0013138716
0.0014192188
0.0014187929
0.001418373
0.0014179577
0.0014175459
0.001417137
0.0014167304
0.0014163257
0.0014159221
0.0014155187
0.0014151143
0.0014147073
0.0014142958
0.0014138776
0.0014134503
0.0014130112
0.0014125576
0.0014120867
0.0014115957
0.0014110817
0.0014105419
0.0014099736
0.0014093741
0.0014087409
0.0014080715
0.0014073637
0.0014066156
0.0015123192
0.001511423
0.0015105558
0.0015097161
0.0015089027
0.0015081143
0.00150735
0.0015066087
0.0015058894
0.001505191
0.0015045122
0.0015038511
0.0015032061
0.001502575
0.0015019555
0.0015013452
0.0015007414
0.0015001413
0.0014995419
0.00149894
0.0014983325
0.001497716
0.0014970872
0.0014964428
0.0014957795
0.0014950941
0.0014943839
0.0015922908
0.001590917
0.0015895831
0.0015882888
0.0015870339
0.0015858182
0.0015846417
0.0015835043
0.0015824063
0.0015813479
0.0015803289
0.001579348
0.0015784036
0.0015774938
0.0015766166
0.0015757698
0.0015749509
0.0015741572
0.0015733853
0.0015726321
0.0015718936
0.001571166
0.0015704451
0.0015697267
0.0015690068
0.0015682818
0.001567548
0.0016576418
0.0016557686
0.0016539376
0.0016521502
0.0016504076
0.0016487113
0.0016470631
0.0016454653
0.0016439207
0.0016424306
0.0016409939
0.0016396098
0.001638279
0.0016370021
0.0016357791
0.0016346095
0.0016334921
0.0016324253
0.0016314069
0.0016304339
0.0016295029
0.0016286093
0.0016277474
0.0016269112
0.0016260948
0.0016252926
0.0016244998
0.0016995129
0.0016973518
0.0016952204
0.0016931188
0.0016910464
0.0016890023
0.0016869821
0.0016849963
0.0016831118
0.0016813542
0.0016796986
0.0016781081
0.001676568
0.0016750827
0.0016736573
0.0016722929
0.0016709887
0.0016697435
0.0016685557
0.0016674224
0.0016663393
0.0016652989
0.0016642938
0.0016633195
0.0016623735
0.0016614524
0.0016605522
0.0017324887
0.0017299429
0.0017274163
0.0017249087
0.0017224187
0.0017199476
0.0017174661
0.0017148562
0.0017122079
0.0017097356
0.0017074346
0.0017052611
0.0017032042
0.001701263
0.0016994413
0.0016977436
0.001696174
0.0016947366
0.0016934288
0.0016922525
0.0016912299
0.001690307
0.0016894206
0.0016885326
0.0016876417
0.0016867518
0.0016858657
0.0017501003
0.0017474139
0.0017447464
0.0017421015
0.0017394831
0.001736895
0.001734346
0.0017317918
0.0017290798
0.001726299
0.001723597
0.0017210492
0.0017186856
0.00171651
0.0017145239
0.0017127327
0.001711141
0.0017097622
0.0017085978
0.0017070374
0.0017057197
0.0017051254
0.001704598
0.0017040913
0.0017036014
0.0017031331
0.0017026715
0.0017934573
0.0017912178
0.0017889952
0.0017867979
0.0017846297
0.0017824933
0.0017803919
0.0017783296
0.0017763063
0.0017743035
0.0017722912
0.0017702526
0.0017681859
0.0017660917
0.0017639685
0.0017618143
0.0017596277
0.0017574082
0.0017551601
0.0017528842
0.0017505731
0.0017482509
0.0017459785
0.0017437944
0.0017416901
0.001739821
0.0017383296
)
;

boundaryField
{
    inlet
    {
        type            calculated;
        value           nonuniform List<scalar> 0();
    }
    top
    {
        type            calculated;
        value           nonuniform List<scalar> 
27
(
0.0017946209
0.0017923253
0.0017900542
0.0017878148
0.0017856112
0.0017834465
0.0017813244
0.0017792496
0.0017772228
0.0017752261
0.0017732314
0.0017712238
0.0017692028
0.0017671706
0.0017651268
0.0017630703
0.0017610001
0.001758916
0.001756822
0.0017547176
0.0017525944
0.0017504748
0.0017484159
0.0017464543
0.0017445787
0.0017429659
0.0017416422
)
;
    }
    outlet
    {
        type            calculated;
        value           nonuniform List<scalar> 0();
    }
    slipsurface
    {
        type            slip;
    }
    bottom
    {
        type            nutkWallFunction;
        Cmu             0.09;
        kappa           0.41;
        E               9.8;
        value           nonuniform List<scalar> 0();
    }
    frontandback
    {
        type            empty;
    }
    procBoundary10to0
    {
        type            processor;
        value           uniform 0.00081616985;
    }
    procBoundary10to1
    {
        type            processor;
        value           nonuniform List<scalar> 
16
(
0.00084917278
0.00088947618
0.00093814116
0.00099626468
0.001064292
0.0011426097
0.0012295304
0.001323796
0.0014196525
0.0015132459
0.0015937045
0.0016595559
0.0017017031
0.0017350534
0.0017528019
0.0017958329
)
;
    }
    procBoundary10to9
    {
        type            processor;
        value           nonuniform List<scalar> 
17
(
0.00079513818
0.00082944914
0.00087128056
0.00092170936
0.00098168248
0.0010516709
0.0011315649
0.0012194713
0.0013129818
0.0014058255
0.0014936462
0.0015668024
0.0016237114
0.0016596674
0.0016849955
0.0017021817
0.0017369213
)
;
    }
    procBoundary10to11
    {
        type            processor;
        value           nonuniform List<scalar> 
29
(
0.00075899176
0.0007581831
0.00075731512
0.00075638765
0.00075540053
0.00075435311
0.00075324476
0.00075207516
0.00078905925
0.00078867065
0.00078824924
0.00078781682
0.00078738547
0.00078695885
0.00078653382
0.00078610258
0.00078565488
0.00078518015
0.00078466866
0.00078411209
0.00078350419
0.00078284106
0.00078284106
0.00077421202
0.00077421202
0.00077294902
0.00077162356
0.00077023513
0.00076878304
)
;
    }
}


// ************************************************************************* //
