/*--------------------------------*- C++ -*----------------------------------*\
  =========                 |
  \\      /  F ield         | OpenFOAM: The Open Source CFD Toolbox
   \\    /   O peration     | Website:  https://openfoam.org
    \\  /    A nd           | Version:  12
     \\/     M anipulation  |
\*---------------------------------------------------------------------------*/
FoamFile
{
    format      ascii;
    class       volScalarField;
    location    "800";
    object      epsilon;
}
// * * * * * * * * * * * * * * * * * * * * * * * * * * * * * * * * * * * * * //

dimensions      [0 2 -3 0 0 0 0];

internalField   nonuniform List<scalar> 
468
(
0.40755302
0.40374573
0.40000309
0.39632519
0.39271094
0.38916094
0.38567526
0.3822536
0.37889443
0.37559579
0.3723561
0.36917397
0.36604759
0.3629751
0.35995574
0.3569879
0.3540693
0.35119802
0.34837264
0.34559186
0.3428546
0.34015975
0.33750613
0.33489265
0.33231825
0.32978183
0.32728239
0.32481902
0.16998431
0.16799569
0.16609143
0.16425771
0.16248502
0.16076761
0.15910068
0.15747945
0.15589981
0.15435853
0.1528528
0.15138006
0.14993814
0.14852541
0.14714101
0.14578338
0.14445091
0.14314245
0.14185729
0.14059473
0.13935414
0.13813492
0.13693646
0.13575818
0.13459958
0.13346013
0.13233937
0.13123685
0.090428123
0.090020924
0.089541564
0.089007782
0.088441799
0.087858776
0.087264755
0.086661068
0.086048743
0.085429696
0.084805935
0.084178929
0.083549702
0.082919081
0.082287807
0.081656653
0.081026284
0.080397299
0.079770286
0.0791458
0.07852435
0.077906406
0.077292375
0.076682612
0.076077443
0.075477165
0.074882055
0.074292346
0.050153223
0.051359309
0.052226182
0.052884781
0.053394455
0.053774461
0.054035919
0.054195806
0.054274818
0.054290444
0.054254136
0.054173161
0.054053282
0.053899836
0.053717541
0.053510373
0.053281607
0.05303403
0.052770111
0.05249204
0.052201753
0.051900963
0.051591185
0.051273765
0.05094992
0.050620743
0.050287222
0.049950247
0.018950667
0.02238323
0.025403297
0.027902207
0.029882021
0.031427697
0.03265322
0.03365283
0.034482653
0.035169726
0.035730327
0.036181102
0.036539739
0.03682156
0.037037906
0.037197261
0.037306744
0.0373727
0.037400654
0.037395266
0.03736051
0.03729986
0.037216373
0.037112736
0.036991329
0.036854264
0.036703427
0.036540506
0.0026943727
0.00410553
0.0059862042
0.0082210754
0.010651768
0.013106827
0.015420675
0.017476585
0.019226209
0.02068588
0.02190711
0.022942607
0.023828407
0.024585228
0.025227606
0.025769739
0.026225592
0.026607105
0.026923725
0.027183185
0.027392243
0.027556867
0.02768221
0.027772723
0.027832308
0.027864414
0.02787209
0.027858039
0.00032336574
0.00045807383
0.00067616886
0.0010291218
0.0015933279
0.0024522648
0.0036583049
0.0051539361
0.0068442977
0.0086165724
0.010352717
0.011959229
0.013386122
0.014628175
0.015706641
0.016647317
0.01746917
0.018184872
0.018805241
0.019341176
0.019802912
0.020199159
0.020537217
0.020823488
0.021063682
0.021262829
0.021425341
0.021555122
9.6297135e-05
0.00011508675
0.00014196845
0.00018178717
0.00024276697
0.00033927261
0.0004953121
0.00074721134
0.0011527635
0.0017802474
0.0026560344
0.0037509231
0.0050042366
0.006336008
0.0076618952
0.0089132015
0.010052334
0.011071561
0.011979296
0.012786719
0.013502646
0.014134544
0.014690106
0.015177111
0.015602655
0.01597296
0.016293605
0.016569644
5.0761044e-05
5.5898415e-05
6.2478555e-05
7.1115792e-05
8.2751243e-05
9.8895428e-05
0.00012196862
0.00015609849
0.00020832562
0.00029153815
0.00042507321
0.00064172902
0.00098665302
0.0015125261
0.0022233501
0.003095656
0.0040851671
0.0051307461
0.0061702071
0.0071569673
0.0080676403
0.0088968896
0.0096472825
0.010322807
0.010927619
0.011466584
0.011945109
0.012368502
3.4424354e-05
3.6517764e-05
3.9038009e-05
4.2115276e-05
4.5935148e-05
5.0766762e-05
5.6987997e-05
6.5187122e-05
7.6283058e-05
9.182661e-05
0.0001142194
0.00014772526
0.00019941731
0.0002823607
0.00041424455
0.00062826477
0.00096637248
0.0014472267
0.0020696526
0.0028109092
0.0036302952
0.0044784713
0.0053116687
0.0061018291
0.0068363878
0.0075117909
0.0081279218
0.0086861319
2.6412567e-05
2.7512564e-05
2.8774847e-05
3.0240457e-05
3.1964055e-05
3.4014002e-05
3.6492959e-05
3.9545386e-05
4.3361778e-05
4.8235566e-05
5.4584345e-05
6.3063342e-05
7.4700086e-05
9.125599e-05
0.00011548069
0.00015224284
0.00021053646
0.0003030619
0.00045199909
0.00068939295
0.0010371828
0.0015025235
0.0020750713
0.0027278636
0.0034229035
0.0041228714
0.0048008302
0.0054419119
2.1723661e-05
2.2395461e-05
2.3141983e-05
2.3979867e-05
2.4930364e-05
2.6019087e-05
2.72794e-05
2.8758162e-05
3.0512894e-05
3.2621773e-05
3.5194956e-05
3.8401834e-05
4.2467125e-05
4.7734947e-05
5.4716982e-05
6.4197803e-05
7.7566574e-05
9.6967012e-05
0.0001260586
0.00017156967
0.00024343116
0.00035837112
0.00054198888
0.00081283922
0.0011807786
0.001641599
0.0021763401
0.0027550962
1.8692632e-05
1.9142762e-05
1.9631955e-05
2.0168006e-05
2.0760604e-05
2.1421448e-05
2.2164653e-05
2.3009004e-05
2.397761e-05
2.5099217e-05
2.6412026e-05
2.7969261e-05
2.9840299e-05
3.2119289e-05
3.4941494e-05
3.8511129e-05
4.31278e-05
4.9238633e-05
5.7518633e-05
6.9123659e-05
8.5880501e-05
0.0001108479
0.00014970867
0.00021063699
0.00030801112
0.00046163471
0.00068797868
0.00099592174
1.6609772e-05
1.6929032e-05
1.7270876e-05
1.7639267e-05
1.8039072e-05
1.8476202e-05
1.8957643e-05
1.9492189e-05
2.0090677e-05
2.0766158e-05
2.1535047e-05
2.2418763e-05
2.3444548e-05
2.464767e-05
2.6074447e-05
2.7789747e-05
2.9883183e-05
3.2477526e-05
3.5754876e-05
3.9998953e-05
4.5620284e-05
5.324611e-05
6.3942563e-05
7.936556e-05
0.00010238923
0.00013805716
0.00019363277
0.00028274168
1.5120016e-05
1.5353955e-05
1.5602208e-05
1.5866877e-05
1.6150545e-05
1.6456368e-05
1.6788098e-05
1.7150307e-05
1.7548592e-05
1.7989642e-05
1.848159e-05
1.90346e-05
1.9661301e-05
2.0377547e-05
2.1203204e-05
2.2164273e-05
2.3295327e-05
2.4641055e-05
2.6263089e-05
2.8249324e-05
3.072218e-05
3.3845931e-05
3.7909953e-05
4.3312047e-05
5.0678963e-05
6.1060203e-05
7.6049716e-05
9.8613274e-05
1.4024307e-05
1.419839e-05
1.4382358e-05
1.4577343e-05
1.4784754e-05
1.5006329e-05
1.5244163e-05
1.5500786e-05
1.5779273e-05
1.6083307e-05
1.6417299e-05
1.6786617e-05
1.7197805e-05
1.7658901e-05
1.8179754e-05
1.8772638e-05
1.9453347e-05
2.0241467e-05
2.1163083e-05
2.2252481e-05
2.3556182e-05
2.5132826e-05
2.7073355e-05
2.9502492e-05
3.2593727e-05
3.6631391e-05
4.2028539e-05
4.9463311e-05
1.3200945e-05
1.3330885e-05
1.3468159e-05
1.3613385e-05
1.3767343e-05
1.3931005e-05
1.4105562e-05
1.429246e-05
1.4493454e-05
1.471066e-05
1.4946601e-05
1.5204313e-05
1.5487451e-05
1.5800438e-05
2.1454225e-05
2.2746773e-05
2.4321457e-05
2.6271804e-05
2.8728566e-05
3.1885426e-05
)
;

boundaryField
{
    inlet
    {
        type            zeroGradient;
    }
    top
    {
        type            zeroGradient;
    }
    outlet
    {
        type            zeroGradient;
    }
    slipsurface
    {
        type            slip;
    }
    bottom
    {
        type            epsilonWallFunction;
        value           nonuniform List<scalar> 
28
(
0.40755302
0.40374573
0.40000309
0.39632519
0.39271094
0.38916094
0.38567526
0.3822536
0.37889443
0.37559579
0.3723561
0.36917397
0.36604759
0.3629751
0.35995574
0.3569879
0.3540693
0.35119802
0.34837264
0.34559186
0.3428546
0.34015975
0.33750613
0.33489265
0.33231825
0.32978183
0.32728239
0.32481902
)
;
    }
    frontandback
    {
        type            empty;
    }
    procBoundary7to4
    {
        type            processor;
        value           nonuniform List<scalar> 
17
(
0.32239075
0.13015214
0.073708254
0.049610618
0.03636701
0.027824664
0.021655644
0.016805617
0.012741689
0.0091890192
0.0060393713
0.0033470595
0.001383481
0.00042072512
0.00013342149
6.0006348e-05
3.6036955e-05
)
;
    }
    procBoundary7to5
    {
        type            processor;
        value           uniform 2.3784159e-05;
    }
    procBoundary7to6
    {
        type            processor;
        value           nonuniform List<scalar> 
29
(
1.6148627e-05
1.6538493e-05
1.6978152e-05
1.7477441e-05
1.8048957e-05
1.8708613e-05
1.9477241e-05
2.0380528e-05
1.2570263e-05
1.2666685e-05
1.2768826e-05
1.2877034e-05
1.2991749e-05
1.3113526e-05
1.324305e-05
1.3381161e-05
1.3528886e-05
1.3687467e-05
1.3858396e-05
1.4043462e-05
1.4244807e-05
1.6148627e-05
1.4465002e-05
2.0380528e-05
1.8108679e-05
1.8872875e-05
1.9777314e-05
2.0859975e-05
2.2172006e-05
)
;
    }
    procBoundary7to8
    {
        type            processor;
        value           uniform 1.3077854e-05;
    }
    procBoundary7to9
    {
        type            processor;
        value           nonuniform List<scalar> 
16
(
0.41141451
0.17206844
0.090761941
0.04840279
0.015317549
0.0017518425
0.00023942775
8.2791851e-05
4.668347e-05
3.2652601e-05
2.5441064e-05
2.1112867e-05
1.8275135e-05
1.6309843e-05
1.4898691e-05
1.3859209e-05
)
;
    }
}


// ************************************************************************* //
