/*--------------------------------*- C++ -*----------------------------------*\
  =========                 |
  \\      /  F ield         | OpenFOAM: The Open Source CFD Toolbox
   \\    /   O peration     | Website:  https://openfoam.org
    \\  /    A nd           | Version:  12
     \\/     M anipulation  |
\*---------------------------------------------------------------------------*/
FoamFile
{
    format      ascii;
    class       volScalarField;
    location    "400";
    object      p;
}
// * * * * * * * * * * * * * * * * * * * * * * * * * * * * * * * * * * * * * //

dimensions      [0 2 -2 0 0 0 0];

internalField   nonuniform List<scalar> 
467
(
0.0035831145
0.0036526321
0.0037576244
0.0038447772
0.0039080489
0.0039461273
0.003963514
0.0039681519
0.0039667311
0.0039631755
0.0035765289
0.0036417558
0.0037411406
0.0038219848
0.0038780255
0.0039098717
0.0039229244
0.0039249137
0.0039219827
0.0039175862
0.0035678655
0.0036278882
0.0037202795
0.0037936343
0.0038414373
0.0038663961
0.0038748141
0.0038740587
0.0038695982
0.0038643607
0.0035563268
0.003610216
0.0036939675
0.0037585128
0.0037971699
0.0038147491
0.0038183798
0.0038148975
0.0038089706
0.003802953
0.0035407937
0.0035876773
0.0036610189
0.0037153287
0.0037441302
0.0037541053
0.0037529994
0.0037469244
0.0037396367
0.0037329027
0.003519859
0.0035589433
0.003620035
0.0036627251
0.0036813039
0.0036838329
0.0036783168
0.003669988
0.0036616225
0.0036543736
0.0034917619
0.0035223487
0.0035695137
0.0035994854
0.0036079481
0.0036036124
0.0035941786
0.0035838616
0.0035745395
0.0035668557
0.0034543348
0.0034759187
0.0035079819
0.0035247036
0.0035237213
0.003513646
0.0035013346
0.0034898379
0.0034801098
0.0034723117
0.0034050763
0.0034175198
0.0034341793
0.0034379645
0.0034286389
0.0034137805
0.0033989347
0.0033862404
0.003376072
0.003368215
0.0033413822
0.0033451063
0.003347242
0.0033395378
0.003324068
0.0033068668
0.0032915336
0.0032789873
0.0032690893
0.0032614864
0.0032610278
0.0032570769
0.0032468672
0.0032294455
0.0032083797
0.0031882501
0.0031715206
0.0031585425
0.0031487519
0.003141462
0.0031626867
0.0031530666
0.0031343191
0.0031121664
0.0030909767
0.0030726691
0.0030576696
0.0030458223
0.0030367444
0.0030299468
0.0030470403
0.0030336648
0.0030078857
0.0029791331
0.0029535415
0.0029331104
0.0029176201
0.0029061303
0.0028976871
0.0028915211
0.0029173121
0.0029049953
0.0028833695
0.0028618731
0.0028436989
0.0028285911
0.0028161446
0.0028062683
0.0027987484
0.0027931635
0.0027778797
0.0027594992
0.0027282501
0.0026983672
0.0026760829
0.0026602529
0.0026485921
0.0026398861
0.0026334925
0.0026288682
0.002647002
0.0026493893
0.002643518
0.0026323841
0.0026199138
0.002608154
0.0025982021
0.0025903632
0.0025844086
0.0025799598
0.0024893646
0.0024522678
0.0024125453
0.0023843805
0.0023651083
0.0023510366
0.0023406516
0.0023331488
0.0023277839
0.0023239345
0.0039266231
0.0039108445
0.0038930831
0.0038732422
0.0038512391
0.0038270084
0.0038005054
0.0037717093
0.0039594296
0.0039557868
0.0039514727
0.0039462221
0.003939845
0.0039322591
0.0039233813
0.0039131006
0.0039013003
0.0038878703
0.0038727063
0.003855709
0.0038367873
0.0038158616
0.0037928673
0.0037677576
0.0037405062
0.0039133966
0.0039094662
0.0039049104
0.0038994915
0.0038930387
0.0038854782
0.0038767366
0.003866715
0.0038553086
0.0038424179
0.0038279482
0.0038118086
0.0037939144
0.0037741903
0.0037525733
0.003729015
0.0037034844
0.0038597306
0.0038555213
0.0038507377
0.0038451699
0.0038386675
0.0038311659
0.0038226014
0.0038128874
0.0038019318
0.0037896466
0.0037759472
0.0037607519
0.0037439834
0.0037255717
0.0037054563
0.0036835883
0.0036599331
0.0037979283
0.0037934743
0.0037884985
0.0037828214
0.0037763132
0.0037689186
0.003760583
0.0037512326
0.0037407881
0.0037291731
0.003716314
0.0037021387
0.003686578
0.0036695681
0.0036510521
0.0036309821
0.0036093206
0.0037275272
0.0037228761
0.0037177602
0.0037120253
0.003705563
0.0036983281
0.0036902753
0.0036813423
0.0036714625
0.0036605713
0.0036486059
0.0036355039
0.0036212051
0.0036056522
0.0035887932
0.0035705821
0.0035509806
0.003648766
0.0036439888
0.0036388028
0.0036330827
0.0036267372
0.0036197289
0.003612021
0.0036035629
0.0035942997
0.0035841779
0.003573145
0.0035611486
0.0035481369
0.0035340602
0.0035188717
0.0035025288
0.0034849937
0.0035610926
0.0035562764
0.0035511041
0.0035454713
0.0035393085
0.0035325872
0.0035252776
0.0035173387
0.0035087262
0.0034993969
0.003489308
0.003478416
0.0034666777
0.0034540506
0.003440494
0.0034259692
0.0034104408
0.0034665471
0.0034617666
0.0034566841
0.0034512187
0.0034453104
0.0034389356
0.0034320717
0.0034246869
0.003416746
0.0034082144
0.0033990578
0.0033892409
0.0033787281
0.0033674842
0.0033554742
0.0033426645
0.0033290226
0.0033625464
0.0033579153
0.0033530205
0.0033477986
0.0033422097
0.0033362369
0.0033298616
0.0033230583
0.0033157998
0.003308059
0.0032998087
0.0032910206
0.0032816662
0.0032717163
0.0032611419
0.0032499142
0.0032380048
0.0032560275
0.0032515769
0.0032469077
0.0032419728
0.0032367349
0.0032311793
0.0032252928
0.003219056
0.0032124478
0.0032054467
0.0031980314
0.0031901794
0.0031818678
0.0031730735
0.0031637737
0.0031539446
0.0031435614
0.0031363257
0.0031321895
0.0031278598
0.0031233002
0.0031184906
0.0031134213
0.0031080803
0.0031024522
0.0030965205
0.0030902689
0.0030836805
0.0030767378
0.0030694224
0.0030617155
0.003053598
0.0030450502
0.0030360518
0.0030251513
0.0030212738
0.0030172352
0.0030130123
0.0030085817
0.0030039332
0.0029990586
0.0029939467
0.0029885846
0.0029829593
0.0029770574
0.0029708651
0.002964368
0.0029575505
0.0029503965
0.0029428894
0.0029350131
0.0028872407
0.0028838269
0.0028802695
0.0028765468
0.0028726507
0.0028685761
0.0028643144
0.0028598559
0.0028551903
0.0028503075
0.0028451969
0.0028398473
0.002834247
0.0028283838
0.0028222449
0.0028158174
0.0028090875
0.0027892411
0.0027860711
0.0027827797
0.0027793558
0.0027757812
0.0027720477
0.0027681503
0.002764082
0.0027598343
0.0027553986
0.0027507661
0.0027459277
0.0027408737
0.0027355941
0.0027300783
0.0027243156
0.0027182944
0.0026256843
0.0026231538
0.0026205145
0.0026177532
0.0026148677
0.0026118547
0.0026087077
0.0026054198
0.0026019841
0.0025983938
0.0025946417
0.0025907199
0.0025866205
0.002582335
0.0025778546
0.0025731702
0.0025682721
0.0025768168
0.0025742671
0.0025716288
0.0025688945
0.0025660458
0.0025630753
0.0025599803
0.002556756
0.0025533958
0.0025498931
0.0025462413
0.0025424334
0.0025384622
0.0025343198
0.0025299984
0.0025254893
0.0025207839
0.0023212841
0.002319181
0.0023169934
0.002314711
0.0023123323
0.0023098547
0.0023072734
0.0023045829
0.0023017781
0.0022988537
0.0022958042
0.0022926236
0.0022893057
0.002285844
0.0022822318
0.002278462
0.002274527
)
;

boundaryField
{
    inlet
    {
        type            zeroGradient;
    }
    top
    {
        type            zeroGradient;
    }
    outlet
    {
        type            fixedValue;
        value           nonuniform List<scalar> 0();
    }
    slipsurface
    {
        type            slip;
    }
    bottom
    {
        type            zeroGradient;
    }
    frontandback
    {
        type            empty;
    }
    procBoundary3to0
    {
        type            processor;
        value           uniform 0.0037406262;
    }
    procBoundary3to1
    {
        type            processor;
        value           nonuniform List<scalar> 
17
(
0.0037111106
0.0036759708
0.0036344722
0.0035860431
0.0035299597
0.0034662351
0.003393877
0.0033145184
0.0032253861
0.0031325993
0.0030265822
0.0029267513
0.002802041
0.0027120031
0.0025631503
0.0025158729
0.0022704191
)
;
    }
    procBoundary3to2
    {
        type            processor;
        value           nonuniform List<scalar> 
28
(
0.0039609696
0.0039446282
0.0039261637
0.0039054746
0.0038824754
0.0038571009
0.0038293089
0.0037990845
0.0035881725
0.0036611646
0.0037706438
0.003863061
0.0039325464
0.0039761287
0.003997455
0.0040045605
0.0040045732
0.0040018284
0.003998517
0.0039951587
0.0039910873
0.0039860124
0.0039797269
0.0039721404
0.0039631604
0.0039526647
0.0039405255
0.0039405255
)
;
    }
}


// ************************************************************************* //
