/*--------------------------------*- C++ -*----------------------------------*\
  =========                 |
  \\      /  F ield         | OpenFOAM: The Open Source CFD Toolbox
   \\    /   O peration     | Website:  https://openfoam.org
    \\  /    A nd           | Version:  12
     \\/     M anipulation  |
\*---------------------------------------------------------------------------*/
FoamFile
{
    format      ascii;
    class       volVectorField;
    location    "100";
    object      U;
}
// * * * * * * * * * * * * * * * * * * * * * * * * * * * * * * * * * * * * * //

dimensions      [0 1 -1 0 0 0 0];

internalField   nonuniform List<vector> 
1763
(
(0.99956891 -7.5586827e-07 0)
(0.99956848 -9.9201929e-07 0)
(0.99956831 -1.200039e-06 0)
(0.9995684 -1.3779129e-06 0)
(0.99956873 -1.540464e-06 0)
(0.99956929 -1.689722e-06 0)
(0.99957006 -1.8216082e-06 0)
(0.99957104 -1.935721e-06 0)
(0.99957222 -2.0337915e-06 0)
(0.9995736 -2.1168983e-06 0)
(0.99957519 -2.1856966e-06 0)
(0.99957698 -2.2407401e-06 0)
(0.99957897 -2.2825583e-06 0)
(0.99958117 -2.3116036e-06 0)
(0.9995836 -2.3283321e-06 0)
(0.99958624 -2.3332169e-06 0)
(0.9995891 -2.3268941e-06 0)
(0.99959219 -2.3100271e-06 0)
(0.99959549 -2.283414e-06 0)
(0.999599 -2.2478282e-06 0)
(0.99960271 -2.2051423e-06 0)
(0.9996066 -2.1549032e-06 0)
(0.99958203 -7.4597045e-07 0)
(0.99958119 -9.8585001e-07 0)
(0.99958061 -1.1971879e-06 0)
(0.99958027 -1.3780926e-06 0)
(0.99958017 -1.543245e-06 0)
(0.99958029 -1.6947822e-06 0)
(0.9995806 -1.8287187e-06 0)
(0.9995811 -1.9446862e-06 0)
(0.99958179 -2.0444433e-06 0)
(0.99958267 -2.1291057e-06 0)
(0.99958372 -2.1993681e-06 0)
(0.99958495 -2.2557861e-06 0)
(0.99958636 -2.2989134e-06 0)
(0.99958795 -2.3292279e-06 0)
(0.99958974 -2.3471824e-06 0)
(0.99959172 -2.3532494e-06 0)
(0.9995939 -2.3480467e-06 0)
(0.99959629 -2.3322258e-06 0)
(0.99959888 -2.3065622e-06 0)
(0.99960168 -2.271808e-06 0)
(0.99960468 -2.2298046e-06 0)
(0.99960788 -2.1800913e-06 0)
(0.99961125 -2.1242343e-06 0)
(0.99961478 -2.0640184e-06 0)
(0.99961846 -1.9996833e-06 0)
(0.99962225 -1.933563e-06 0)
(0.99962614 -1.8667909e-06 0)
(0.9996301 -1.7988148e-06 0)
(0.99959731 -7.2948167e-07 0)
(0.99959594 -9.7345632e-07 0)
(0.99959484 -1.1884039e-06 0)
(0.999594 -1.3725782e-06 0)
(0.99959339 -1.5405292e-06 0)
(0.99959299 -1.6945081e-06 0)
(0.9995928 -1.8306252e-06 0)
(0.99959279 -1.9485494e-06 0)
(0.99959297 -2.0500662e-06 0)
(0.99959331 -2.1363279e-06 0)
(0.99959383 -2.2080741e-06 0)
(0.99959451 -2.2658847e-06 0)
(0.99959536 -2.3103149e-06 0)
(0.99959637 -2.3418891e-06 0)
(0.99959756 -2.3610654e-06 0)
(0.99959892 -2.3683212e-06 0)
(0.99960047 -2.3642658e-06 0)
(0.99960221 -2.3495602e-06 0)
(0.99960414 -2.3249446e-06 0)
(0.99960626 -2.2911675e-06 0)
(0.99960859 -2.2500437e-06 0)
(0.99961111 -2.2011063e-06 0)
(0.99961382 -2.1458919e-06 0)
(0.99961671 -2.0861676e-06 0)
(0.99961978 -2.0221756e-06 0)
(0.999623 -1.9562308e-06 0)
(0.99962636 -1.8894634e-06 0)
(0.99962984 -1.821334e-06 0)
(0.9996153 -7.0423423e-07 0)
(0.99961329 -9.5286394e-07 0)
(0.99961156 -1.171922e-06 0)
(0.9996101 -1.3598138e-06 0)
(0.99960889 -1.5309574e-06 0)
(0.99960791 -1.6877217e-06 0)
(0.99960713 -1.826318e-06 0)
(0.99960655 -1.9464585e-06 0)
(0.99960615 -2.0499584e-06 0)
(0.99960593 -2.1380131e-06 0)
(0.99960588 -2.2113863e-06 0)
(0.999606 -2.2707136e-06 0)
(0.99960627 -2.3165672e-06 0)
(0.99960671 -2.3494568e-06 0)
(0.99960731 -2.3697163e-06 0)
(0.99960807 -2.3786068e-06 0)
(0.99960901 -2.3757076e-06 0)
(0.99961013 -2.3620727e-06 0)
(0.99961144 -2.3386246e-06 0)
(0.99961293 -2.3059658e-06 0)
(0.99961462 -2.2658852e-06 0)
(0.9996165 -2.2179196e-06 0)
(0.99961858 -2.163581e-06 0)
(0.99962086 -2.104622e-06 0)
(0.99962332 -2.0412816e-06 0)
(0.99962596 -1.9758527e-06 0)
(0.99962878 -1.9094608e-06 0)
(0.99963175 -1.8415764e-06 0)
(0.99963658 -6.6803469e-07 0)
(0.99963383 -9.2204468e-07 0)
(0.99963137 -1.1458861e-06 0)
(0.99962921 -1.3381081e-06 0)
(0.99962732 -1.5129938e-06 0)
(0.99962567 -1.6730344e-06 0)
(0.99962424 -1.8145525e-06 0)
(0.99962302 -1.9373078e-06 0)
(0.99962199 -2.0431494e-06 0)
(0.99962115 -2.133316e-06 0)
(0.99962049 -2.2085934e-06 0)
(0.99962 -2.2696951e-06 0)
(0.99961967 -2.3171214e-06 0)
(0.99961951 -2.3514816e-06 0)
(0.9996195 -2.3742067e-06 0)
(0.99961967 -2.3832004e-06 0)
(0.99962001 -2.3819034e-06 0)
(0.99962052 -2.3697982e-06 0)
(0.99962121 -2.3476353e-06 0)
(0.9996221 -2.3162283e-06 0)
(0.99962317 -2.2773507e-06 0)
(0.99962445 -2.2305403e-06 0)
(0.99962592 -2.1772854e-06 0)
(0.9996276 -2.1193242e-06 0)
(0.99962948 -2.0568926e-06 0)
(0.99963155 -1.9922609e-06 0)
(0.99963382 -1.9265481e-06 0)
(0.99963628 -1.8592353e-06 0)
(0.99966163 -6.1913225e-07 0)
(0.99965808 -8.7933679e-07 0)
(0.99965485 -1.1087268e-06 0)
(0.99965194 -1.3059832e-06 0)
(0.99964931 -1.4852533e-06 0)
(0.99964694 -1.6491564e-06 0)
(0.99964482 -1.7941329e-06 0)
(0.99964291 -1.919994e-06 0)
(0.99964121 -2.028627e-06 0)
(0.99963971 -2.1213117e-06 0)
(0.9996384 -2.1988709e-06 0)
(0.99963726 -2.2620829e-06 0)
(0.9996363 -2.3114551e-06 0)
(0.99963551 -2.3475584e-06 0)
(0.99963489 -2.3718832e-06 0)
(0.99963443 -2.3830178e-06 0)
(0.99963415 -2.3826438e-06 0)
(0.99963405 -2.3724738e-06 0)
(0.99963413 -2.3517723e-06 0)
(0.9996344 -2.3217975e-06 0)
(0.99963486 -2.2843144e-06 0)
(0.99963553 -2.2388629e-06 0)
(0.99963641 -2.1869077e-06 0)
(0.99963749 -2.1301734e-06 0)
(0.99963879 -2.0688933e-06 0)
(0.99964031 -2.0053149e-06 0)
(0.99964203 -1.9405503e-06 0)
(0.99964396 -1.8740894e-06 0)
(0.99969073 -5.5656149e-07 0)
(0.9996864 -8.2377418e-07 0)
(0.99968241 -1.0594857e-06 0)
(0.99967875 -1.2624951e-06 0)
(0.99967539 -1.4468133e-06 0)
(0.9996723 -1.6151929e-06 0)
(0.99966946 -1.7641959e-06 0)
(0.99966686 -1.8936882e-06 0)
(0.99966448 -2.005597e-06 0)
(0.99966231 -2.1012476e-06 0)
(0.99966034 -2.1815146e-06 0)
(0.99965855 -2.2471909e-06 0)
(0.99965694 -2.2988788e-06 0)
(0.99965551 -2.3372658e-06 0)
(0.99965424 -2.3626438e-06 0)
(0.99965316 -2.3764646e-06 0)
(0.99965224 -2.3783729e-06 0)
(0.99965151 -2.3694804e-06 0)
(0.99965096 -2.3505297e-06 0)
(0.99965061 -2.322269e-06 0)
(0.99965045 -2.2864349e-06 0)
(0.9996505 -2.2425876e-06 0)
(0.99965077 -2.1921772e-06 0)
(0.99965126 -2.136918e-06 0)
(0.99965196 -2.0770426e-06 0)
(0.9996529 -2.0147748e-06 0)
(0.99965406 -1.9512199e-06 0)
(0.99965544 -1.8858753e-06 0)
(0.99972397 -4.8031146e-07 0)
(0.99971892 -7.5526576e-07 0)
(0.99971423 -9.9800447e-07 0)
(0.99970988 -1.20743e-06 0)
(0.99970583 -1.3974155e-06 0)
(0.99970207 -1.5708494e-06 0)
(0.99969856 -1.724419e-06 0)
(0.9996953 -1.8580469e-06 0)
(0.99969228 -1.973701e-06 0)
(0.99968946 -2.0727528e-06 0)
(0.99968685 -2.1561326e-06 0)
(0.99968443 -2.2246375e-06 0)
(0.9996822 -2.278935e-06 0)
(0.99968014 -2.3197552e-06 0)
(0.99967826 -2.3477227e-06 0)
(0.99967654 -2.3633665e-06 0)
(0.99967501 -2.3674258e-06 0)
(0.99967365 -2.360539e-06 0)
(0.99967247 -2.3435849e-06 0)
(0.99967149 -2.3172548e-06 0)
(0.9996707 -2.2833016e-06 0)
(0.99967012 -2.2413009e-06 0)
(0.99966976 -2.1926846e-06 0)
(0.99966963 -2.1391555e-06 0)
(0.99966972 -2.0809449e-06 0)
(0.99967005 -2.0202509e-06 0)
(0.99967061 -1.9581707e-06 0)
(0.99967141 -1.8942055e-06 0)
(0.99976113 -3.9128979e-07 0)
(0.99975549 -6.745853e-07 0)
(0.9997502 -9.2493638e-07 0)
(0.99974525 -1.1413357e-06 0)
(0.99974062 -1.3375159e-06 0)
(0.99973627 -1.5165014e-06 0)
(0.99973218 -1.6751067e-06 0)
(0.99972835 -1.8133112e-06 0)
(0.99972474 -1.9331232e-06 0)
(0.99972136 -2.0359627e-06 0)
(0.99971817 -2.1228029e-06 0)
(0.99971519 -2.1944545e-06 0)
(0.99971238 -2.2516935e-06 0)
(0.99970976 -2.2952191e-06 0)
(0.9997073 -2.3257212e-06 0)
(0.99970501 -2.3437803e-06 0)
(0.99970289 -2.3501232e-06 0)
(0.99970094 -2.3454778e-06 0)
(0.99969917 -2.3306699e-06 0)
(0.99969758 -2.3064553e-06 0)
(0.99969618 -2.274575e-06 0)
(0.99969497 -2.2346224e-06 0)
(0.99969398 -2.1880133e-06 0)
(0.99969321 -2.13644e-06 0)
(0.99969267 -2.0801314e-06 0)
(0.99969237 -2.0212576e-06 0)
(0.99969231 -1.960905e-06 0)
(0.99969249 -1.8985744e-06 0)
(0.99980173 -2.9111157e-07 0)
(0.99979563 -5.8319494e-07 0)
(0.99978989 -8.4160196e-07 0)
(0.99978448 -1.065405e-06 0)
(0.99977938 -1.268193e-06 0)
(0.99977456 -1.453124e-06 0)
(0.99977001 -1.6171401e-06 0)
(0.9997657 -1.760277e-06 0)
(0.99976163 -1.884583e-06 0)
(0.99975777 -1.9915248e-06 0)
(0.99975412 -2.0821108e-06 0)
(0.99975066 -2.1571956e-06 0)
(0.99974738 -2.217613e-06 0)
(0.99974427 -2.2640677e-06 0)
(0.99974133 -2.2973015e-06 0)
(0.99973855 -2.3179186e-06 0)
(0.99973592 -2.3266937e-06 0)
(0.99973346 -2.3243928e-06 0)
(0.99973115 -2.3118598e-06 0)
(0.99972901 -2.2898725e-06 0)
(0.99972705 -2.2601768e-06 0)
(0.99972527 -2.2223923e-06 0)
(0.99972368 -2.1779243e-06 0)
(0.9997223 -2.1284577e-06 0)
(0.99972113 -2.0742214e-06 0)
(0.99972019 -2.0173563e-06 0)
(0.99971949 -1.958936e-06 0)
(0.99971903 -1.8984565e-06 0)
(0.999845 -1.8178802e-07 0)
(0.9998386 -4.8296522e-07 0)
(0.99983254 -7.49738e-07 0)
(0.99982681 -9.8125217e-07 0)
(0.99982138 -1.1909488e-06 0)
(0.99981623 -1.3821171e-06 0)
(0.99981134 -1.5518259e-06 0)
(0.99980669 -1.700166e-06 0)
(0.99980227 -1.8292235e-06 0)
(0.99979806 -1.9405082e-06 0)
(0.99979406 -2.0350656e-06 0)
(0.99979024 -2.1137986e-06 0)
(0.9997866 -2.1775634e-06 0)
(0.99978312 -2.2271024e-06 0)
(0.9997798 -2.2631923e-06 0)
(0.99977664 -2.286481e-06 0)
(0.99977362 -2.2977761e-06 0)
(0.99977074 -2.2978758e-06 0)
(0.99976801 -2.2876539e-06 0)
(0.99976542 -2.2679163e-06 0)
(0.99976298 -2.2404205e-06 0)
(0.9997607 -2.2048213e-06 0)
(0.99975859 -2.1625213e-06 0)
(0.99975666 -2.1152044e-06 0)
(0.99975493 -2.0631051e-06 0)
(0.99975339 -2.0083373e-06 0)
(0.99975207 -1.9519629e-06 0)
(0.99975098 -1.8934707e-06 0)
(0.99988992 -6.5401813e-08 0)
(0.99988335 -3.7587429e-07 0)
(0.9998771 -6.5121998e-07 0)
(0.99987118 -8.9065679e-07 0)
(0.99986555 -1.1074746e-06 0)
(0.99986019 -1.3050897e-06 0)
(0.99985509 -1.4806966e-06 0)
(0.99985023 -1.6344388e-06 0)
(0.99984559 -1.7684377e-06 0)
(0.99984116 -1.8842442e-06 0)
(0.99983692 -1.9829425e-06 0)
(0.99983287 -2.0654724e-06 0)
(0.99982899 -2.1327104e-06 0)
(0.99982527 -2.1854524e-06 0)
(0.9998217 -2.2244907e-06 0)
(0.99981828 -2.2505122e-06 0)
(0.99981499 -2.2643594e-06 0)
(0.99981182 -2.2668623e-06 0)
(0.99980878 -2.258927e-06 0)
(0.99980587 -2.241391e-06 0)
(0.99980309 -2.2160292e-06 0)
(0.99980043 -2.1825395e-06 0)
(0.99979791 -2.1423295e-06 0)
(0.99979554 -2.0970913e-06 0)
(0.99979333 -2.047073e-06 0)
(0.99979129 -1.9943683e-06 0)
(0.99978942 -1.9400322e-06 0)
(0.99978776 -1.8835488e-06 0)
(0.99993524 5.6151912e-08 0)
(0.99992861 -2.6376081e-07 0)
(0.99992229 -5.4782661e-07 0)
(0.99991628 -7.9533883e-07 0)
(0.99991057 -1.0194335e-06 0)
(0.99990512 -1.22365e-06 0)
(0.99989992 -1.4053076e-06 0)
(0.99989495 -1.5646005e-06 0)
(0.99989021 -1.7036839e-06 0)
(0.99988567 -1.8241486e-06 0)
(0.99988132 -1.9271151e-06 0)
(0.99987715 -2.0135536e-06 0)
(0.99987315 -2.084369e-06 0)
(0.99986931 -2.1403996e-06 0)
(0.99986561 -2.1824462e-06 0)
(0.99986205 -2.2112352e-06 0)
(0.99985861 -2.2276416e-06 0)
(0.99985529 -2.2325245e-06 0)
(0.99985208 -2.2268199e-06 0)
(0.99984898 -2.2113987e-06 0)
(0.99984598 -2.1880553e-06 0)
(0.99984309 -2.1565365e-06 0)
(0.9998403 -2.1182619e-06 0)
(0.99983762 -2.0749397e-06 0)
(0.99983507 -2.0268417e-06 0)
(0.99983264 -1.9760501e-06 0)
(0.99983036 -1.9236216e-06 0)
(0.99982823 -1.8690424e-06 0)
(0.99997957 1.8131773e-07 0)
(0.99997295 -1.4816896e-07 0)
(0.99996665 -4.4108266e-07 0)
(0.99996065 -6.9679992e-07 0)
(0.99995494 -9.2830191e-07 0)
(0.99994949 -1.139248e-06 0)
(0.99994429 -1.3270826e-06 0)
(0.99993931 -1.492049e-06 0)
(0.99993456 -1.636335e-06 0)
(0.99993 -1.7615702e-06 0)
(0.99992564 -1.868909e-06 0)
(0.99992146 -1.9593505e-06 0)
(0.99991744 -2.0338311e-06 0)
(0.99991358 -2.0932163e-06 0)
(0.99990986 -2.1383198e-06 0)
(0.99990627 -2.1699065e-06 0)
(0.9999028 -2.1888768e-06 0)
(0.99989944 -2.1961135e-06 0)
(0.99989619 -2.1925805e-06 0)
(0.99989302 -2.1791802e-06 0)
(0.99988994 -2.1577269e-06 0)
(0.99988695 -2.1280184e-06 0)
(0.99988403 -2.09149e-06 0)
(0.9998812 -2.0498722e-06 0)
(0.99987845 -2.0034689e-06 0)
(0.99987579 -1.9543597e-06 0)
(0.99987324 -1.903613e-06 0)
(0.99987078 -1.8507269e-06 0)
(1.0000215 3.0891874e-07 0)
(1.0000149 -3.0297268e-08 0)
(1.0000087 -3.3219802e-07 0)
(1.0000028 -5.962547e-07 0)
(0.99999713 -8.3529443e-07 0)
(0.99999175 -1.0530949e-06 0)
(0.99998661 -1.2472261e-06 0)
(0.9999817 -1.4179806e-06 0)
(0.99997701 -1.5675776e-06 0)
(0.99997252 -1.697685e-06 0)
(0.99996823 -1.8094903e-06 0)
(0.99996411 -1.9040228e-06 0)
(0.99996015 -1.9822472e-06 0)
(0.99995636 -2.0450483e-06 0)
(0.9999527 -2.0932622e-06 0)
(0.99994917 -2.1276841e-06 0)
(0.99994577 -2.1492325e-06 0)
(0.99994247 -2.1588103e-06 0)
(0.99993926 -2.1574065e-06 0)
(0.99993615 -2.1459523e-06 0)
(0.99993311 -2.1262792e-06 0)
(0.99993013 -2.0982349e-06 0)
(0.99992722 -2.0632712e-06 0)
(0.99992437 -2.0231436e-06 0)
(0.99992157 -1.9781936e-06 0)
(0.99991883 -1.9305053e-06 0)
(0.99991616 -1.8811672e-06 0)
(0.99991354 -1.8297e-06 0)
(1.0000596 4.3810063e-07 0)
(1.0000531 8.8963968e-08 0)
(1.000047 -2.2208883e-07 0)
(1.0000412 -4.9463744e-07 0)
(1.0000357 -7.4135737e-07 0)
(1.0000304 -9.6614385e-07 0)
(1.0000254 -1.1666945e-06 0)
(1.0000206 -1.3433513e-06 0)
(1.0000161 -1.4983656e-06 0)
(1.0000117 -1.633444e-06 0)
(1.0000075 -1.7498078e-06 0)
(1.0000035 -1.8485163e-06 0)
(0.99999969 -1.9305599e-06 0)
(0.99999602 -1.9968445e-06 0)
(0.99999249 -2.0482303e-06 0)
(0.99998909 -2.0855342e-06 0)
(0.99998581 -2.1096889e-06 0)
(0.99998265 -2.1216161e-06 0)
(0.99997957 -2.1223271e-06 0)
(0.99997659 -2.1127776e-06 0)
(0.99997367 -2.0948117e-06 0)
(0.99997081 -2.0683246e-06 0)
(0.99996801 -2.0347824e-06 0)
(0.99996525 -1.9959655e-06 0)
(0.99996253 -1.9522554e-06 0)
(0.99995985 -1.905744e-06 0)
(0.99995719 -1.8575461e-06 0)
(0.99995457 -1.8072129e-06 0)
(1.0000928 5.6822793e-07 0)
(1.0000865 2.0894855e-07 0)
(1.0000805 -1.1144453e-07 0)
(1.0000749 -3.9265416e-07 0)
(1.0000695 -6.4720772e-07 0)
(1.0000644 -8.7911807e-07 0)
(1.0000595 -1.0862133e-06 0)
(1.0000549 -1.2688867e-06 0)
(1.0000505 -1.429423e-06 0)
(1.0000462 -1.5695687e-06 0)
(1.0000422 -1.6905794e-06 0)
(1.0000384 -1.7935458e-06 0)
(1.0000347 -1.8794838e-06 0)
(1.0000312 -1.9493228e-06 0)
(1.0000278 -2.0039447e-06 0)
(1.0000246 -2.0441835e-06 0)
(1.0000215 -2.0709868e-06 0)
(1.0000185 -2.085294e-06 0)
(1.0000156 -2.0881345e-06 0)
(1.0000128 -2.0804844e-06 0)
(1.0000101 -2.0641956e-06 0)
(1.0000074 -2.0392073e-06 0)
(1.0000048 -2.0069971e-06 0)
(1.0000022 -1.9693679e-06 0)
(0.99999967 -1.9267404e-06 0)
(0.99999714 -1.881215e-06 0)
(0.99999462 -1.8339349e-06 0)
(0.99999211 -1.7844873e-06 0)
(1.0001203 6.987814e-07 0)
(1.0001141 3.2912596e-07 0)
(1.0001084 -8.0364905e-10 0)
(1.0001029 -2.9084716e-07 0)
(1.0000977 -5.5338768e-07 0)
(1.0000927 -7.925564e-07 0)
(1.000088 -1.0063159e-06 0)
(1.0000836 -1.1951134e-06 0)
(1.0000793 -1.3612683e-06 0)
(1.0000753 -1.5065686e-06 0)
(1.0000715 -1.6323065e-06 0)
(1.0000678 -1.7396051e-06 0)
(1.0000643 -1.8295073e-06 0)
(1.000061 -1.9029668e-06 0)
(1.0000578 -1.9608857e-06 0)
(1.0000548 -2.004116e-06 0)
(1.0000519 -2.0336203e-06 0)
(1.0000491 -2.0503536e-06 0)
(1.0000464 -2.0553608e-06 0)
(1.0000438 -2.0496345e-06 0)
(1.0000413 -2.0350311e-06 0)
(1.0000388 -2.0115307e-06 0)
(1.0000364 -1.9806184e-06 0)
(1.0000341 -1.9441163e-06 0)
(1.0000317 -1.902482e-06 0)
(1.0000294 -1.8578224e-06 0)
(1.0000271 -1.8113082e-06 0)
(1.0000248 -1.7625655e-06 0)
(1.0000225 -1.7120863e-06 0)
(1.0001417 8.2930467e-07 0)
(1.0001358 4.4905327e-07 0)
(1.0001302 1.0940323e-07 0)
(1.0001249 -1.8963327e-07 0)
(1.0001199 -4.6029875e-07 0)
(1.0001151 -7.0684419e-07 0)
(1.0001106 -9.2737125e-07 0)
(1.0001063 -1.1223837e-06 0)
(1.0001023 -1.2942375e-06 0)
(1.0000984 -1.4447643e-06 0)
(1.0000948 -1.5752948e-06 0)
(1.0000913 -1.686986e-06 0)
(1.000088 -1.7809097e-06 0)
(1.0000849 -1.8580448e-06 0)
(1.0000819 -1.9193147e-06 0)
(1.000079 -1.9655902e-06 0)
(1.0000763 -1.9978492e-06 0)
(1.0000738 -2.0170613e-06 0)
(1.0000713 -2.0242849e-06 0)
(1.0000689 -2.0205276e-06 0)
(1.0000666 -2.0076473e-06 0)
(1.0000644 -1.9856624e-06 0)
(1.0000622 -1.9560621e-06 0)
(1.0000601 -1.9206837e-06 0)
(1.000058 -1.8800184e-06 0)
(1.0000559 -1.8361764e-06 0)
(1.0000539 -1.7903536e-06 0)
(1.0000518 -1.7422139e-06 0)
(1.0000498 -1.6922694e-06 0)
(1.0001574 9.5943155e-07 0)
(1.0001517 5.6839631e-07 0)
(1.0001462 2.1886953e-07 0)
(1.0001411 -8.9292436e-08 0)
(1.0001363 -3.6819483e-07 0)
(1.0001317 -6.2221013e-07 0)
(1.0001274 -8.4958388e-07 0)
(1.0001233 -1.0508792e-06 0)
(1.0001194 -1.2284907e-06 0)
(1.0001157 -1.3842956e-06 0)
(1.0001123 -1.519665e-06 0)
(1.000109 -1.6357918e-06 0)
(1.0001059 -1.7337781e-06 0)
(1.0001029 -1.8146298e-06 0)
(1.0001001 -1.8792932e-06 0)
(1.0000975 -1.9286592e-06 0)
(1.0000949 -1.9637215e-06 0)
(1.0000925 -1.985464e-06 0)
(1.0000902 -1.9949587e-06 0)
(1.0000881 -1.993227e-06 0)
(1.000086 -1.9821267e-06 0)
(1.000084 -1.9617123e-06 0)
(1.000082 -1.933474e-06 0)
(1.0000801 -1.8992608e-06 0)
(1.0000783 -1.8595949e-06 0)
(1.0000765 -1.8165853e-06 0)
(1.0000747 -1.7714504e-06 0)
(1.0000729 -1.7238884e-06 0)
(1.0000712 -1.6744355e-06 0)
(1.0000694 -1.625597e-06 0)
(1.0001679 1.0889948e-06 0)
(1.0001623 6.8702208e-07 0)
(1.0001571 3.2749116e-07 0)
(1.0001522 1.0097622e-08 0)
(1.0001475 -2.7712886e-07 0)
(1.0001431 -5.3868323e-07 0)
(1.000139 -7.7295983e-07 0)
(1.000135 -9.8058436e-07 0)
(1.0001313 -1.1639921e-06 0)
(1.0001278 -1.325108e-06 0)
(1.0001245 -1.4653454e-06 0)
(1.0001214 -1.5859347e-06 0)
(1.0001184 -1.6880102e-06 0)
(1.0001156 -1.7726065e-06 0)
(1.000113 -1.8406944e-06 0)
(1.0001105 -1.8931864e-06 0)
(1.0001081 -1.9310931e-06 0)
(1.0001059 -1.9554139e-06 0)
(1.0001038 -1.9672344e-06 0)
(1.0001018 -1.96759e-06 0)
(1.0000999 -1.9583369e-06 0)
(1.000098 -1.9395647e-06 0)
(1.0000963 -1.9127626e-06 0)
(1.0000946 -1.8797885e-06 0)
(1.000093 -1.8411925e-06 0)
(1.0000914 -1.7990791e-06 0)
(1.0000899 -1.7546855e-06 0)
(1.0000883 -1.7077423e-06 0)
(1.0000868 -1.6588054e-06 0)
(1.0000853 -1.6103693e-06 0)
(1.0001744 1.2181832e-06 0)
(1.000169 8.0513302e-07 0)
(1.0001639 4.3548164e-07 0)
(1.0001591 1.0876232e-07 0)
(1.0001546 -1.8686591e-07 0)
(1.0001503 -4.5602014e-07 0)
(1.0001463 -6.9724745e-07 0)
(1.0001425 -9.1123912e-07 0)
(1.000139 -1.1004735e-06 0)
(1.0001356 -1.2669252e-06 0)
(1.0001324 -1.4120518e-06 0)
(1.0001294 -1.537123e-06 0)
(1.0001266 -1.6433073e-06 0)
(1.0001239 -1.7316697e-06 0)
(1.0001214 -1.8032071e-06 0)
(1.000119 -1.8588554e-06 0)
(1.0001168 -1.8996437e-06 0)
(1.0001147 -1.926588e-06 0)
(1.0001127 -1.9407885e-06 0)
(1.0001109 -1.9432948e-06 0)
(1.0001091 -1.9359617e-06 0)
(1.0001074 -1.9189133e-06 0)
(1.0001058 -1.8936363e-06 0)
(1.0001043 -1.8619958e-06 0)
(1.0001029 -1.8245673e-06 0)
(1.0001015 -1.7834482e-06 0)
(1.0001001 -1.739891e-06 0)
(1.0000988 -1.693656e-06 0)
(1.0000976 -1.6453146e-06 0)
(1.0000963 -1.5973498e-06 0)
(1.0001782 1.3476844e-06 0)
(1.0001729 9.2338983e-07 0)
(1.0001679 5.4347854e-07 0)
(1.0001632 2.0731972e-07 0)
(1.0001588 -9.6804147e-08 0)
(1.0001547 -3.736339e-07 0)
(1.0001508 -6.2187429e-07 0)
(1.0001471 -8.4228505e-07 0)
(1.0001436 -1.0373894e-06 0)
(1.0001403 -1.2092136e-06 0)
(1.0001373 -1.3592611e-06 0)
(1.0001344 -1.488843e-06 0)
(1.0001316 -1.5991635e-06 0)
(1.000129 -1.6913199e-06 0)
(1.0001266 -1.7663373e-06 0)
(1.0001243 -1.8251767e-06 0)
(1.0001222 -1.8688873e-06 0)
(1.0001201 -1.8985034e-06 0)
(1.0001182 -1.9151412e-06 0)
(1.0001165 -1.9198655e-06 0)
(1.0001148 -1.9145298e-06 0)
(1.0001132 -1.899293e-06 0)
(1.0001117 -1.8756393e-06 0)
(1.0001103 -1.845439e-06 0)
(1.000109 -1.8092924e-06 0)
(1.0001078 -1.7692869e-06 0)
(1.0001066 -1.7266881e-06 0)
(1.0001054 -1.681283e-06 0)
(1.0001043 -1.6336564e-06 0)
(1.0001033 -1.5862754e-06 0)
(1.0001755 1.042972e-06 0)
(1.0001706 6.5259252e-07 0)
(1.000166 3.0682383e-07 0)
(1.0001616 -5.9455932e-09 0)
(1.0001575 -2.9057867e-07 0)
(1.0001537 -5.4594131e-07 0)
(1.00015 -7.7286498e-07 0)
(1.0001466 -9.7392035e-07 0)
(1.0001434 -1.1511876e-06 0)
(1.0001403 -1.3062186e-06 0)
(1.0001375 -1.4403673e-06 0)
(1.0001348 -1.5548763e-06 0)
(1.0001322 -1.6508767e-06 0)
(1.0001298 -1.7294239e-06 0)
(1.0001276 -1.7915056e-06 0)
(1.0001255 -1.8381934e-06 0)
(1.0001235 -1.8705415e-06 0)
(1.0001216 -1.8896835e-06 0)
(1.0001199 -1.8967009e-06 0)
(1.0001183 -1.8934469e-06 0)
(1.0001167 -1.8801161e-06 0)
(1.0001153 -1.8581898e-06 0)
(1.000114 -1.8295437e-06 0)
(1.0001127 -1.7948019e-06 0)
(1.0001115 -1.7560404e-06 0)
(1.0001104 -1.714536e-06 0)
(1.0001094 -1.670101e-06 0)
(1.0001084 -1.6233308e-06 0)
(1.0001075 -1.5766735e-06 0)
(1.0001066 -1.5295894e-06 0)
(1.0001782 1.1655051e-06 0)
(1.0001733 7.6437507e-07 0)
(1.0001686 4.0872023e-07 0)
(1.0001643 8.7057473e-08 0)
(1.0001602 -2.0559253e-07 0)
(1.0001563 -4.6826265e-07 0)
(1.0001527 -7.018614e-07 0)
(1.0001492 -9.0901073e-07 0)
(1.000146 -1.091848e-06 0)
(1.0001429 -1.2519761e-06 0)
(1.00014 -1.3907946e-06 0)
(1.0001373 -1.5095862e-06 0)
(1.0001348 -1.6095181e-06 0)
(1.0001324 -1.6916778e-06 0)
(1.0001301 -1.7570824e-06 0)
(1.000128 -1.8068271e-06 0)
(1.000126 -1.8419882e-06 0)
(1.0001241 -1.8637185e-06 0)
(1.0001224 -1.8731178e-06 0)
(1.0001207 -1.8720402e-06 0)
(1.0001192 -1.860717e-06 0)
(1.0001178 -1.8406279e-06 0)
(1.0001164 -1.8136537e-06 0)
(1.0001152 -1.7804426e-06 0)
(1.000114 -1.7430586e-06 0)
(1.000113 -1.7027888e-06 0)
(1.000112 -1.6594695e-06 0)
(1.0001111 -1.6137057e-06 0)
(1.0001102 -1.5679233e-06 0)
(1.0001094 -1.5216107e-06 0)
(1.000182 1.2928832e-06 0)
(1.000177 8.8058605e-07 0)
(1.0001723 5.146467e-07 0)
(1.0001678 1.8373787e-07 0)
(1.0001637 -1.1723806e-07 0)
(1.0001597 -3.8748993e-07 0)
(1.000156 -6.2800922e-07 0)
(1.0001525 -8.4147285e-07 0)
(1.0001492 -1.0300785e-06 0)
(1.0001461 -1.1954829e-06 0)
(1.0001431 -1.3391338e-06 0)
(1.0001404 -1.4623561e-06 0)
(1.0001378 -1.5663559e-06 0)
(1.0001353 -1.6522546e-06 0)
(1.000133 -1.7211006e-06 0)
(1.0001308 -1.7740151e-06 0)
(1.0001288 -1.8120983e-06 0)
(1.0001268 -1.836524e-06 0)
(1.000125 -1.848412e-06 0)
(1.0001233 -1.8496186e-06 0)
(1.0001217 -1.8404138e-06 0)
(1.0001203 -1.8222766e-06 0)
(1.0001189 -1.7970935e-06 0)
(1.0001176 -1.7655378e-06 0)
(1.0001164 -1.7296617e-06 0)
(1.0001153 -1.6907621e-06 0)
(1.0001143 -1.6486995e-06 0)
(1.0001134 -1.6040877e-06 0)
(1.0001125 -1.5593288e-06 0)
(1.0001117 -1.5139391e-06 0)
(1.0001876 1.4269315e-06 0)
(1.0001824 1.0029303e-06 0)
(1.0001775 6.2620978e-07 0)
(1.000173 2.8560673e-07 0)
(1.0001687 -2.4098389e-08 0)
(1.0001646 -3.0229688e-07 0)
(1.0001608 -5.5006757e-07 0)
(1.0001572 -7.7014552e-07 0)
(1.0001537 -9.6479176e-07 0)
(1.0001505 -1.1357199e-06 0)
(1.0001475 -1.2844283e-06 0)
(1.0001446 -1.412287e-06 0)
(1.0001419 -1.5205428e-06 0)
(1.0001394 -1.6103537e-06 0)
(1.0001369 -1.6828011e-06 0)
(1.0001347 -1.7390343e-06 0)
(1.0001325 -1.7801791e-06 0)
(1.0001305 -1.8074323e-06 0)
(1.0001286 -1.8219354e-06 0)
(1.0001268 -1.8255485e-06 0)
(1.0001252 -1.8185817e-06 0)
(1.0001236 -1.8025149e-06 0)
(1.0001222 -1.7792416e-06 0)
(1.0001208 -1.7494612e-06 0)
(1.0001195 -1.7152147e-06 0)
(1.0001184 -1.6778097e-06 0)
(1.0001173 -1.6371314e-06 0)
(1.0001163 -1.5938029e-06 0)
(1.0001154 -1.5502017e-06 0)
(1.0001145 -1.5058719e-06 0)
(1.000195 1.5691003e-06 0)
(1.0001896 1.1327821e-06 0)
(1.0001846 7.4471179e-07 0)
(1.0001799 3.9389249e-07 0)
(1.0001754 7.498172e-08 0)
(1.0001712 -2.1159893e-07 0)
(1.0001672 -4.6701947e-07 0)
(1.0001635 -6.9407598e-07 0)
(1.0001599 -8.9509577e-07 0)
(1.0001566 -1.0718521e-06 0)
(1.0001534 -1.2258965e-06 0)
(1.0001504 -1.3586466e-06 0)
(1.0001476 -1.471392e-06 0)
(1.0001449 -1.5653291e-06 0)
(1.0001424 -1.6415746e-06 0)
(1.00014 -1.7013074e-06 0)
(1.0001377 -1.7456809e-06 0)
(1.0001356 -1.7759162e-06 0)
(1.0001336 -1.7931782e-06 0)
(1.0001317 -1.7993321e-06 0)
(1.00013 -1.7947299e-06 0)
(1.0001283 -1.7808539e-06 0)
(1.0001267 -1.7596055e-06 0)
(1.0001253 -1.7317122e-06 0)
(1.0001239 -1.6992047e-06 0)
(1.0001226 -1.6634023e-06 0)
(1.0001215 -1.6242164e-06 0)
(1.0001204 -1.5822803e-06 0)
(1.0001194 -1.5399471e-06 0)
(1.0001184 -1.4967894e-06 0)
(1.0002039 1.7201843e-06 0)
(1.0001984 1.2709158e-06 0)
(1.0001932 8.7090331e-07 0)
(1.0001883 5.093172e-07 0)
(1.0001837 1.8069242e-07 0)
(1.0001793 -1.1473986e-07 0)
(1.0001752 -3.7824369e-07 0)
(1.0001713 -6.1267842e-07 0)
(1.0001676 -8.2043985e-07 0)
(1.0001641 -1.0033631e-06 0)
(1.0001608 -1.1630553e-06 0)
(1.0001577 -1.3009833e-06 0)
(1.0001547 -1.4184814e-06 0)
(1.0001519 -1.5167863e-06 0)
(1.0001493 -1.5970513e-06 0)
(1.0001468 -1.6604867e-06 0)
(1.0001444 -1.7082745e-06 0)
(1.0001422 -1.7416617e-06 0)
(1.0001401 -1.7618376e-06 0)
(1.0001381 -1.7706739e-06 0)
(1.0001362 -1.7685658e-06 0)
(1.0001344 -1.7569993e-06 0)
(1.0001328 -1.7378848e-06 0)
(1.0001312 -1.7119795e-06 0)
(1.0001297 -1.681305e-06 0)
(1.0001283 -1.6471939e-06 0)
(1.0001271 -1.6095853e-06 0)
(1.0001258 -1.5691247e-06 0)
(1.0001247 -1.5281411e-06 0)
(1.0001237 -1.4862371e-06 0)
(1.0002138 1.8801761e-06 0)
(1.0002081 1.4173645e-06 0)
(1.0002028 1.0048506e-06 0)
(1.0001978 6.3197133e-07 0)
(1.000193 2.9314067e-07 0)
(1.0001885 -1.1602582e-08 0)
(1.0001842 -2.8361813e-07 0)
(1.0001802 -5.2582971e-07 0)
(1.0001764 -7.40703e-07 0)
(1.0001728 -9.3013666e-07 0)
(1.0001694 -1.0957945e-06 0)
(1.0001661 -1.2391942e-06 0)
(1.0001631 -1.3617163e-06 0)
(1.0001602 -1.4646389e-06 0)
(1.0001574 -1.549153e-06 0)
(1.0001548 -1.6165011e-06 0)
(1.0001523 -1.6678952e-06 0)
(1.00015 -1.7046086e-06 0)
(1.0001478 -1.7278563e-06 0)
(1.0001457 -1.7395169e-06 0)
(1.0001437 -1.7400299e-06 0)
(1.0001418 -1.7308861e-06 0)
(1.0001401 -1.7140059e-06 0)
(1.0001384 -1.6901771e-06 0)
(1.0001368 -1.6614139e-06 0)
(1.0001353 -1.6290631e-06 0)
(1.0001339 -1.5930932e-06 0)
(1.0001326 -1.5541638e-06 0)
(1.0001314 -1.5145824e-06 0)
(1.0001302 -1.4739826e-06 0)
(1.0002238 2.0482946e-06 0)
(1.0002181 1.5714392e-06 0)
(1.0002126 1.1459467e-06 0)
(1.0002075 7.6131879e-07 0)
(1.0002026 4.118509e-07 0)
(1.000198 9.7388693e-08 0)
(1.0001937 -1.8352345e-07 0)
(1.0001896 -4.338738e-07 0)
(1.0001856 -6.5619838e-07 0)
(1.0001819 -8.5246006e-07 0)
(1.0001784 -1.0243802e-06 0)
(1.0001751 -1.1735281e-06 0)
(1.0001719 -1.3013309e-06 0)
(1.000169 -1.409109e-06 0)
(1.0001661 -1.4980918e-06 0)
(1.0001634 -1.5695545e-06 0)
(1.0001609 -1.6247393e-06 0)
(1.0001585 -1.6649466e-06 0)
(1.0001562 -1.6914173e-06 0)
(1.000154 -1.7060373e-06 0)
(1.0001519 -1.7092909e-06 0)
(1.00015 -1.7026743e-06 0)
(1.0001482 -1.6881183e-06 0)
(1.0001464 -1.6664425e-06 0)
(1.0001448 -1.6396542e-06 0)
(1.0001432 -1.6091157e-06 0)
(1.0001417 -1.5748267e-06 0)
(1.0001403 -1.5374585e-06 0)
(1.000139 -1.499302e-06 0)
(1.0001377 -1.4600291e-06 0)
(1.0002332 2.2231914e-06 0)
(1.0002274 1.7319113e-06 0)
(1.000222 1.2930733e-06 0)
(1.0002168 8.9634055e-07 0)
(1.0002119 5.3589317e-07 0)
(1.0002072 2.1138367e-07 0)
(1.0002028 -7.8739072e-08 0)
(1.0001986 -3.3752717e-07 0)
(1.0001947 -5.6758677e-07 0)
(1.0001909 -7.7094503e-07 0)
(1.0001873 -9.4938088e-07 0)
(1.000184 -1.1045153e-06 0)
(1.0001808 -1.2378226e-06 0)
(1.0001777 -1.350665e-06 0)
(1.0001748 -1.4443109e-06 0)
(1.0001721 -1.5200682e-06 0)
(1.0001695 -1.5792094e-06 0)
(1.000167 -1.6230619e-06 0)
(1.0001647 -1.6528923e-06 0)
(1.0001625 -1.6705942e-06 0)
(1.0001604 -1.6766962e-06 0)
(1.0001584 -1.6727007e-06 0)
(1.0001565 -1.6605485e-06 0)
(1.0001547 -1.6410915e-06 0)
(1.000153 -1.6163309e-06 0)
(1.0001514 -1.5876445e-06 0)
(1.0001498 -1.5550661e-06 0)
(1.0002414 2.4032813e-06 0)
(1.0002356 1.8973127e-06 0)
(1.0002302 1.4448728e-06 0)
(1.000225 1.0357818e-06 0)
(1.0002201 6.6410804e-07 0)
(1.0002154 3.2931081e-07 0)
(1.000211 2.9743942e-08 0)
(1.0002068 -2.3770746e-07 0)
(1.0002028 -4.7571909e-07 0)
(1.0001991 -6.8638202e-07 0)
(1.0001955 -8.7153247e-07 0)
(1.0001921 -1.0328429e-06 0)
(1.0001889 -1.1718344e-06 0)
(1.0001858 -1.2899112e-06 0)
(1.0001829 -1.3883802e-06 0)
(1.0001802 -1.4685818e-06 0)
(1.0001775 -1.5318187e-06 0)
(1.0001751 -1.5794449e-06 0)
(1.0001727 -1.6127527e-06 0)
(1.0001705 -1.6336425e-06 0)
(1.0001684 -1.6426875e-06 0)
(1.0001664 -1.6413959e-06 0)
(1.0001644 -1.6317181e-06 0)
(1.0001626 -1.6145385e-06 0)
(1.0001609 -1.5918521e-06 0)
(1.0001593 -1.5650523e-06 0)
(1.0001577 -1.5342077e-06 0)
(1.0002481 2.5871162e-06 0)
(1.0002423 2.0662799e-06 0)
(1.0002369 1.6000646e-06 0)
(1.0002318 1.1784433e-06 0)
(1.0002269 7.9537449e-07 0)
(1.0002223 4.5012399e-07 0)
(1.0002179 1.4095008e-07 0)
(1.0002137 -1.35324e-07 0)
(1.0002098 -3.8144294e-07 0)
(1.000206 -5.9956143e-07 0)
(1.0002025 -7.9157258e-07 0)
(1.0001991 -9.5920008e-07 0)
(1.0001959 -1.1040113e-06 0)
(1.0001928 -1.2274526e-06 0)
(1.0001899 -1.3308687e-06 0)
(1.0001872 -1.4156326e-06 0)
(1.0001846 -1.4830766e-06 0)
(1.0001821 -1.5345809e-06 0)
(1.0001798 -1.5714633e-06 0)
(1.0001775 -1.5956306e-06 0)
(1.0001754 -1.6076999e-06 0)
(1.0001734 -1.6091851e-06 0)
(1.0001715 -1.6020456e-06 0)
(1.0001697 -1.5871981e-06 0)
(1.000168 -1.5666309e-06 0)
(1.0001664 -1.5417529e-06 0)
(1.0001649 -1.5126675e-06 0)
(1.0002531 2.773701e-06 0)
(1.0002474 2.2378502e-06 0)
(1.0002421 1.7577224e-06 0)
(1.000237 1.3234385e-06 0)
(1.0002322 9.2884944e-07 0)
(1.0002276 5.7302511e-07 0)
(1.0002233 2.5412653e-07 0)
(1.0002192 -3.1085045e-08 0)
(1.0002153 -2.8542331e-07 0)
(1.0002116 -5.1110671e-07 0)
(1.000208 -7.1008518e-07 0)
(1.0002047 -8.841335e-07 0)
(1.0002015 -1.0348654e-06 0)
(1.0001985 -1.1637689e-06 0)
(1.0001956 -1.2722267e-06 0)
(1.0001929 -1.3616441e-06 0)
(1.0001903 -1.4333829e-06 0)
(1.0001879 -1.4888494e-06 0)
(1.0001856 -1.5293862e-06 0)
(1.0001834 -1.5569063e-06 0)
(1.0001813 -1.5720706e-06 0)
(1.0001793 -1.5763982e-06 0)
(1.0001775 -1.5718569e-06 0)
(1.0001757 -1.5593954e-06 0)
(1.000174 -1.5409948e-06 0)
(1.0001724 -1.5180791e-06 0)
(1.0001709 -1.4907861e-06 0)
(1.0002567 2.9626705e-06 0)
(1.0002511 2.4116339e-06 0)
(1.0002458 1.9174414e-06 0)
(1.0002408 1.4703573e-06 0)
(1.0002361 1.0641231e-06 0)
(1.0002316 6.9760984e-07 0)
(1.0002273 3.6887896e-07 0)
(1.0002232 7.4628591e-08 0)
(1.0002194 -1.8802483e-07 0)
(1.0002157 -4.2136453e-07 0)
(1.0002123 -6.2739797e-07 0)
(1.000209 -8.0795157e-07 0)
(1.0002058 -9.646858e-07 0)
(1.0002028 -1.0991305e-06 0)
(1.0002 -1.2127069e-06 0)
(1.0001973 -1.3068524e-06 0)
(1.0001948 -1.3829586e-06 0)
(1.0001924 -1.4424576e-06 0)
(1.0001901 -1.4867173e-06 0)
(1.0001879 -1.5176567e-06 0)
(1.0001859 -1.5359799e-06 0)
(1.0001839 -1.5432115e-06 0)
(1.0001821 -1.5413272e-06 0)
(1.0001804 -1.5313071e-06 0)
(1.0001787 -1.5151251e-06 0)
(1.0001771 -1.4942195e-06 0)
(1.0001756 -1.4687625e-06 0)
(1.0002592 3.154281e-06 0)
(1.0002537 2.5878155e-06 0)
(1.0002485 2.0793506e-06 0)
(1.0002435 1.6192894e-06 0)
(1.0002389 1.2012548e-06 0)
(1.0002344 8.2391282e-07 0)
(1.0002302 4.8522112e-07 0)
(1.0002262 1.8181365e-07 0)
(1.0002224 -8.9263744e-08 0)
(1.0002188 -3.3036025e-07 0)
(1.0002153 -5.4354199e-07 0)
(1.0002121 -7.3068806e-07 0)
(1.000209 -8.935066e-07 0)
(1.000206 -1.0335703e-06 0)
(1.0002032 -1.1523393e-06 0)
(1.0002006 -1.251284e-06 0)
(1.0001981 -1.3318262e-06 0)
(1.0001957 -1.3954245e-06 0)
(1.0001935 -1.4434721e-06 0)
(1.0001913 -1.4778943e-06 0)
(1.0001893 -1.4994386e-06 0)
(1.0001874 -1.5096356e-06 0)
(1.0001856 -1.5104682e-06 0)
(1.0001838 -1.5029485e-06 0)
(1.0001822 -1.4890425e-06 0)
(1.0001807 -1.4702023e-06 0)
(1.0001792 -1.4466348e-06 0)
(1.000261 3.3492552e-06 0)
(1.0002556 2.7669926e-06 0)
(1.0002504 2.2439823e-06 0)
(1.0002455 1.7707058e-06 0)
(1.0002409 1.3406579e-06 0)
(1.0002365 9.5229616e-07 0)
(1.0002323 6.0347216e-07 0)
(1.0002283 2.9075343e-07 0)
(1.0002246 1.1113195e-08 0)
(1.000221 -2.378658e-07 0)
(1.0002176 -4.5831023e-07 0)
(1.0002143 -6.5215349e-07 0)
(1.0002113 -8.211528e-07 0)
(1.0002084 -9.6692492e-07 0)
(1.0002056 -1.0909701e-06 0)
(1.000203 -1.1947927e-06 0)
(1.0002005 -1.2798456e-06 0)
(1.0001981 -1.3476147e-06 0)
(1.0001959 -1.399519e-06 0)
(1.0001938 -1.4374909e-06 0)
(1.0001918 -1.4623218e-06 0)
(1.0001899 -1.4755485e-06 0)
(1.0001881 -1.4791616e-06 0)
(1.0001864 -1.4742049e-06 0)
(1.0001848 -1.4626372e-06 0)
(1.0001832 -1.445924e-06 0)
(1.0001818 -1.4243067e-06 0)
(1.0002683 4.2117179e-06 0)
(1.0002625 3.5484662e-06 0)
(1.0002571 2.9499976e-06 0)
(1.000252 2.4120994e-06 0)
(1.0002471 1.9252955e-06 0)
(1.0002425 1.4829526e-06 0)
(1.0002381 1.0833197e-06 0)
(1.0002339 7.2413885e-07 0)
(1.00023 4.0190805e-07 0)
(1.0002262 1.1352494e-07 0)
(1.0002227 -1.4349843e-07 0)
(1.0002193 -3.7135172e-07 0)
(1.0002161 -5.7202474e-07 0)
(1.0002131 -7.4732559e-07 0)
(1.0002102 -8.9891669e-07 0)
(1.0002074 -1.0283398e-06 0)
(1.0002048 -1.1371347e-06 0)
(1.0002023 -1.2267864e-06 0)
(1.0002 -1.2988089e-06 0)
(1.0001978 -1.3546484e-06 0)
(1.0001956 -1.3962448e-06 0)
(1.0001936 -1.4244341e-06 0)
(1.0001918 -1.4407605e-06 0)
(1.00019 -1.4472224e-06 0)
(1.0001883 -1.4448957e-06 0)
(1.0001867 -1.4357322e-06 0)
(1.0001852 -1.421211e-06 0)
(1.0001837 -1.4016087e-06 0)
(1.0002696 4.4341404e-06 0)
(1.0002639 3.7526703e-06 0)
(1.0002585 3.13755e-06 0)
(1.0002534 2.5843695e-06 0)
(1.0002485 2.0836773e-06 0)
(1.0002439 1.6287153e-06 0)
(1.0002395 1.2175206e-06 0)
(1.0002354 8.4772074e-07 0)
(1.0002315 5.1574091e-07 0)
(1.0002277 2.1840051e-07 0)
(1.0002242 -4.6861397e-08 0)
(1.0002208 -2.822996e-07 0)
(1.0002176 -4.8996238e-07 0)
(1.0002146 -6.7171055e-07 0)
(1.0002117 -8.2925384e-07 0)
(1.0002089 -9.6417708e-07 0)
(1.0002063 -1.0780566e-06 0)
(1.0002039 -1.172411e-06 0)
(1.0002015 -1.2487836e-06 0)
(1.0001993 -1.3086485e-06 0)
(1.0001972 -1.3539545e-06 0)
(1.0001952 -1.3855824e-06 0)
(1.0001933 -1.405085e-06 0)
(1.0001915 -1.4144688e-06 0)
(1.0001898 -1.4148426e-06 0)
(1.0001882 -1.4081518e-06 0)
(1.0001867 -1.395889e-06 0)
(1.0001853 -1.3783667e-06 0)
(1.000277 5.4365801e-06 0)
(1.0002709 4.6625576e-06 0)
(1.0002652 3.9623468e-06 0)
(1.0002598 3.3301305e-06 0)
(1.0002547 2.7612555e-06 0)
(1.0002499 2.246293e-06 0)
(1.0002453 1.778365e-06 0)
(1.0002409 1.3552942e-06 0)
(1.0002368 9.7458936e-07 0)
(1.0002328 6.326002e-07 0)
(1.0002291 3.2606538e-07 0)
(1.0002256 5.2348644e-08 0)
(1.0002222 -1.9087186e-07 0)
(1.000219 -4.0570479e-07 0)
(1.0002159 -5.940654e-07 0)
(1.0002131 -7.5771229e-07 0)
(1.0002103 -8.9827475e-07 0)
(1.0002077 -1.0173671e-06 0)
(1.0002053 -1.1165424e-06 0)
(1.0002029 -1.1973745e-06 0)
(1.0002007 -1.2613663e-06 0)
(1.0001986 -1.3104762e-06 0)
(1.0001966 -1.3456308e-06 0)
(1.0001947 -1.3683925e-06 0)
(1.0001929 -1.380776e-06 0)
(1.0001912 -1.3839237e-06 0)
(1.0001896 -1.3797753e-06 0)
(1.0001881 -1.369837e-06 0)
(1.0001867 -1.3544579e-06 0)
(1.0002782 5.6921665e-06 0)
(1.0002722 4.8970839e-06 0)
(1.0002665 4.1776622e-06 0)
(1.0002611 3.5279084e-06 0)
(1.000256 2.9429308e-06 0)
(1.0002512 2.4133232e-06 0)
(1.0002466 1.9320871e-06 0)
(1.0002422 1.4968269e-06 0)
(1.0002381 1.1049286e-06 0)
(1.0002342 7.5266432e-07 0)
(1.0002304 4.3669047e-07 0)
(1.0002269 1.5429366e-07 0)
(1.0002235 -9.6916438e-08 0)
(1.0002203 -3.1911039e-07 0)
(1.0002173 -5.1425931e-07 0)
(1.0002144 -6.8417199e-07 0)
(1.0002117 -8.3052339e-07 0)
(1.0002091 -9.5496683e-07 0)
(1.0002066 -1.0590911e-06 0)
(1.0002043 -1.144501e-06 0)
(1.000202 -1.2127295e-06 0)
(1.0001999 -1.2657453e-06 0)
(1.0001979 -1.304521e-06 0)
(1.000196 -1.3306296e-06 0)
(1.0001942 -1.3460944e-06 0)
(1.0001926 -1.3520918e-06 0)
(1.000191 -1.3505563e-06 0)
(1.0001894 -1.3430079e-06 0)
(1.000188 -1.3298329e-06 0)
(1.0002794 5.9542244e-06 0)
(1.0002734 5.1376003e-06 0)
(1.0002677 4.3985237e-06 0)
(1.0002623 3.7308219e-06 0)
(1.0002572 3.1293622e-06 0)
(1.0002524 2.5847555e-06 0)
(1.0002478 2.0898833e-06 0)
(1.0002434 1.6421307e-06 0)
(1.0002393 1.2387579e-06 0)
(1.0002354 8.7595826e-07 0)
(1.0002317 5.5030443e-07 0)
(1.0002281 2.5900421e-07 0)
(1.0002248 -4.0245924e-10 0)
(1.0002216 -2.3014927e-07 0)
(1.0002185 -4.3226447e-07 0)
(1.0002157 -6.0860808e-07 0)
(1.0002129 -7.6090174e-07 0)
(1.0002103 -8.908387e-07 0)
(1.0002079 -1.0000442e-06 0)
(1.0002055 -1.0901549e-06 0)
(1.0002033 -1.1627342e-06 0)
(1.0002012 -1.219762e-06 0)
(1.0001992 -1.2622571e-06 0)
(1.0001973 -1.2918037e-06 0)
(1.0001955 -1.3104342e-06 0)
(1.0001938 -1.3193591e-06 0)
(1.0001922 -1.3205081e-06 0)
(1.0001907 -1.3154152e-06 0)
(1.0001893 -1.3045046e-06 0)
(1.0002803 6.2225949e-06 0)
(1.0002743 5.3839544e-06 0)
(1.0002686 4.6247889e-06 0)
(1.0002633 3.9387484e-06 0)
(1.0002582 3.320448e-06 0)
(1.0002534 2.7605051e-06 0)
(1.0002488 2.2516817e-06 0)
(1.0002445 1.7911433e-06 0)
(1.0002404 1.3760232e-06 0)
(1.0002364 1.0024347e-06 0)
(1.0002327 6.6686568e-07 0)
(1.0002292 3.664436e-07 0)
(1.0002259 9.8637317e-08 0)
(1.0002227 -1.388511e-07 0)
(1.0002196 -3.4810817e-07 0)
(1.0002168 -5.3104626e-07 0)
(1.000214 -6.8943459e-07 0)
(1.0002114 -8.2500718e-07 0)
(1.000209 -9.3942643e-07 0)
(1.0002067 -1.0343616e-06 0)
(1.0002044 -1.1114069e-06 0)
(1.0002023 -1.172554e-06 0)
(1.0002003 -1.2188682e-06 0)
(1.0001985 -1.2519458e-06 0)
(1.0001967 -1.2738279e-06 0)
(1.000195 -1.2857595e-06 0)
(1.0001934 -1.2896662e-06 0)
(1.0001919 -1.2870957e-06 0)
(1.0001905 -1.2785103e-06 0)
(1.000281 6.4972737e-06 0)
(1.000275 5.636078e-06 0)
(1.0002694 4.856393e-06 0)
(1.000264 4.1516248e-06 0)
(1.000259 3.5161236e-06 0)
(1.0002542 2.940507e-06 0)
(1.0002496 2.4174194e-06 0)
(1.0002453 1.9438061e-06 0)
(1.0002412 1.5166707e-06 0)
(1.0002373 1.1320449e-06 0)
(1.0002336 7.8633024e-07 0)
(1.0002301 4.7657232e-07 0)
(1.0002268 2.0016743e-07 0)
(1.0002236 -4.524771e-08 0)
(1.0002206 -2.6181901e-07 0)
(1.0002177 -4.5151228e-07 0)
(1.000215 -6.1614525e-07 0)
(1.0002124 -7.5749357e-07 0)
(1.0002099 -8.7725754e-07 0)
(1.0002076 -9.7713954e-07 0)
(1.0002054 -1.0587653e-06 0)
(1.0002033 -1.1241387e-06 0)
(1.0002013 -1.1743717e-06 0)
(1.0001994 -1.2110734e-06 0)
(1.0001977 -1.2362937e-06 0)
(1.000196 -1.2513125e-06 0)
(1.0001944 -1.2580512e-06 0)
(1.0001929 -1.2580715e-06 0)
(1.0001914 -1.2518742e-06 0)
(1.0002877 7.7565664e-06 0)
(1.0002814 6.7784137e-06 0)
(1.0002755 5.8941225e-06 0)
(1.0002699 5.0934578e-06 0)
(1.0002646 4.3695361e-06 0)
(1.0002595 3.7164435e-06 0)
(1.0002547 3.1247952e-06 0)
(1.0002502 2.5871175e-06 0)
(1.0002459 2.100133e-06 0)
(1.0002418 1.6607102e-06 0)
(1.0002379 1.2647964e-06 0)
(1.0002343 9.087047e-07 0)
(1.0002308 5.8939677e-07 0)
(1.0002274 3.0419461e-07 0)
(1.0002243 5.0668247e-08 0)
(1.0002213 -1.733888e-07 0)
(1.0002184 -3.6999693e-07 0)
(1.0002157 -5.410234e-07 0)
(1.0002131 -6.8828641e-07 0)
(1.0002107 -8.1352494e-07 0)
(1.0002083 -9.1847516e-07 0)
(1.0002061 -1.0047948e-06 0)
(1.000204 -1.0745009e-06 0)
(1.0002021 -1.128752e-06 0)
(1.0002002 -1.1691707e-06 0)
(1.0001984 -1.1978161e-06 0)
(1.0001967 -1.2160028e-06 0)
(1.0001951 -1.2256489e-06 0)
(1.0001936 -1.2283298e-06 0)
(1.0001922 -1.2245854e-06 0)
(1.000288 8.0703722e-06 0)
(1.0002817 7.0662786e-06 0)
(1.0002758 6.1583393e-06 0)
(1.0002702 5.3361985e-06 0)
(1.0002649 4.5926726e-06 0)
(1.0002599 3.9215814e-06 0)
(1.0002551 3.3135277e-06 0)
(1.0002506 2.7609179e-06 0)
(1.0002463 2.2602495e-06 0)
(1.0002423 1.8082526e-06 0)
(1.0002384 1.4007873e-06 0)
(1.0002347 1.0340764e-06 0)
(1.0002312 7.0499555e-07 0)
(1.0002279 4.1079044e-07 0)
(1.0002248 1.4896273e-07 0)
(1.0002218 -8.2755992e-08 0)
(1.0002189 -2.8644209e-07 0)
(1.0002162 -4.6401358e-07 0)
(1.0002136 -6.1733224e-07 0)
(1.0002112 -7.4817667e-07 0)
(1.0002089 -8.5831762e-07 0)
(1.0002067 -9.4944564e-07 0)
(1.0002046 -1.0235913e-06 0)
(1.0002026 -1.0819603e-06 0)
(1.0002007 -1.1261896e-06 0)
(1.000199 -1.1583475e-06 0)
(1.0001973 -1.1797837e-06 0)
(1.0001957 -1.1924136e-06 0)
(1.0001942 -1.1978261e-06 0)
(1.0001928 -1.1966007e-06 0)
(1.0002881 8.3918827e-06 0)
(1.0002819 7.361155e-06 0)
(1.000276 6.4290089e-06 0)
(1.0002704 5.5848854e-06 0)
(1.0002651 4.821289e-06 0)
(1.0002601 4.1317725e-06 0)
(1.0002554 3.5069195e-06 0)
(1.0002509 2.9390162e-06 0)
(1.0002466 2.4243338e-06 0)
(1.0002426 1.9594603e-06 0)
(1.0002387 1.5401662e-06 0)
(1.000235 1.1625815e-06 0)
(1.0002316 8.2349378e-07 0)
(1.0002282 5.2007041e-07 0)
(1.0002251 2.4974275e-07 0)
(1.0002221 1.0178953e-08 0)
(1.0002193 -2.0075468e-07 0)
(1.0002166 -3.8502825e-07 0)
(1.000214 -5.4454833e-07 0)
(1.0002116 -6.8113413e-07 0)
(1.0002092 -7.9659187e-07 0)
(1.000207 -8.9264561e-07 0)
(1.000205 -9.713406e-07 0)
(1.000203 -1.0339295e-06 0)
(1.0002011 -1.082065e-06 0)
(1.0001994 -1.1178247e-06 0)
(1.0001977 -1.1425937e-06 0)
(1.0001961 -1.1582852e-06 0)
(1.0001946 -1.1665019e-06 0)
(1.0001932 -1.1678633e-06 0)
(1.0002947 9.8940266e-06 0)
(1.0002882 8.7214631e-06 0)
(1.000282 7.6634202e-06 0)
(1.0002761 6.7064817e-06 0)
(1.0002705 5.8398315e-06 0)
(1.0002653 5.0556645e-06 0)
(1.0002603 4.347269e-06 0)
(1.0002555 3.7052011e-06 0)
(1.0002511 3.1216252e-06 0)
(1.0002468 2.5925835e-06 0)
(1.0002427 2.114517e-06 0)
(1.0002389 1.6831038e-06 0)
(1.0002352 1.2943788e-06 0)
(1.0002318 9.4503892e-07 0)
(1.0002285 6.3217144e-07 0)
(1.0002253 3.5313553e-07 0)
(1.0002223 1.055343e-07 0)
(1.0002195 -1.1282464e-07 0)
(1.0002168 -3.0396483e-07 0)
(1.0002142 -4.6983883e-07 0)
(1.0002118 -6.1230758e-07 0)
(1.0002095 -7.3321365e-07 0)
(1.0002073 -8.3431549e-07 0)
(1.0002052 -9.1767386e-07 0)
(1.0002032 -9.8458882e-07 0)
(1.0002014 -1.0367297e-06 0)
(1.0001996 -1.0761837e-06 0)
(1.0001979 -1.1043716e-06 0)
(1.0001964 -1.1232054e-06 0)
(1.0001949 -1.1343014e-06 0)
(1.0001934 -1.1383196e-06 0)
(1.0002948 1.0262735e-05 0)
(1.0002882 9.0594171e-06 0)
(1.000282 7.9733945e-06 0)
(1.0002762 6.991048e-06 0)
(1.0002706 6.1013036e-06 0)
(1.0002654 5.2960512e-06 0)
(1.0002604 4.5683107e-06 0)
(1.0002557 3.9086e-06 0)
(1.0002512 3.3089591e-06 0)
(1.0002469 2.7651989e-06 0)
(1.0002429 2.2736099e-06 0)
(1.000239 1.8297743e-06 0)
(1.0002354 1.4296301e-06 0)
(1.0002319 1.0697813e-06 0)
(1.0002286 7.4723299e-07 0)
(1.0002255 4.5927036e-07 0)
(1.0002225 2.0342977e-07 0)
(1.0002197 -2.2541216e-08 0)
(1.000217 -2.2072086e-07 0)
(1.0002144 -3.9310904e-07 0)
(1.000212 -5.4160947e-07 0)
(1.0002097 -6.6810206e-07 0)
(1.0002075 -7.7438048e-07 0)
(1.0002054 -8.6252201e-07 0)
(1.0002034 -9.3387437e-07 0)
(1.0002016 -9.9012451e-07 0)
(1.0001998 -1.0333698e-06 0)
(1.0001981 -1.065067e-06 0)
(1.0001965 -1.0871272e-06 0)
(1.000195 -1.1011809e-06 0)
(1.0001936 -1.107929e-06 0)
(1.0002948 1.0640801e-05 0)
(1.0002882 9.4059883e-06 0)
(1.000282 8.291314e-06 0)
(1.0002762 7.2829398e-06 0)
(1.0002707 6.3695324e-06 0)
(1.0002654 5.5426745e-06 0)
(1.0002605 4.7951139e-06 0)
(1.0002557 4.1173212e-06 0)
(1.0002513 3.5012108e-06 0)
(1.000247 2.9423616e-06 0)
(1.000243 2.4369091e-06 0)
(1.0002392 1.9803373e-06 0)
(1.0002355 1.5684846e-06 0)
(1.000232 1.1978602e-06 0)
(1.0002288 8.6538469e-07 0)
(1.0002256 5.6826772e-07 0)
(1.0002226 3.0397715e-07 0)
(1.0002198 7.0199014e-08 0)
(1.0002171 -1.3520089e-07 0)
(1.0002146 -3.14271e-07 0)
(1.0002121 -4.6895895e-07 0)
(1.0002098 -6.0118294e-07 0)
(1.0002076 -7.1277273e-07 0)
(1.0002055 -8.0582307e-07 0)
(1.0002036 -8.8172964e-07 0)
(1.0002017 -9.4219814e-07 0)
(1.0001999 -9.8933635e-07 0)
(1.0001983 -1.0246374e-06 0)
(1.0001967 -1.0500124e-06 0)
(1.0001952 -1.067106e-06 0)
(1.0001938 -1.0766604e-06 0)
(1.0002947 1.1028461e-05 0)
(1.0002882 9.7614072e-06 0)
(1.0002821 8.6173978e-06 0)
(1.0002762 7.5823665e-06 0)
(1.0002707 6.6447177e-06 0)
(1.0002655 5.7957243e-06 0)
(1.0002605 5.0278589e-06 0)
(1.0002558 4.3315362e-06 0)
(1.0002514 3.6985436e-06 0)
(1.0002471 3.1242267e-06 0)
(1.0002431 2.6045618e-06 0)
(1.0002393 2.1349316e-06 0)
(1.0002356 1.7110733e-06 0)
(1.0002322 1.3293985e-06 0)
(1.0002289 9.8674166e-07 0)
(1.0002257 6.8023504e-07 0)
(1.0002228 4.0727642e-07 0)
(1.0002199 1.6548879e-07 0)
(1.0002172 -4.7319173e-08 0)
(1.0002147 -2.3324569e-07 0)
(1.0002123 -3.9428341e-07 0)
(1.0002099 -5.3238979e-07 0)
(1.0002078 -6.4943149e-07 0)
(1.0002057 -7.4752179e-07 0)
(1.0002037 -8.2810454e-07 0)
(1.0002018 -8.9290527e-07 0)
(1.0002001 -9.4404259e-07 0)
(1.0001984 -9.8304622e-07 0)
(1.0001968 -1.0118283e-06 0)
(1.0001953 -1.0320472e-06 0)
(1.0001939 -1.0444876e-06 0)
(1.0002947 1.1425938e-05 0)
(1.0002882 1.0125886e-05 0)
(1.0002821 8.9518451e-06 0)
(1.0002763 7.8895159e-06 0)
(1.0002708 6.9270378e-06 0)
(1.0002655 6.05537e-06 0)
(1.0002606 5.2667064e-06 0)
(1.0002559 4.5513975e-06 0)
(1.0002514 3.9011019e-06 0)
(1.0002472 3.3109308e-06 0)
(1.0002432 2.7766972e-06 0)
(1.0002394 2.2936795e-06 0)
(1.0002357 1.8575112e-06 0)
(1.0002323 1.4645045e-06 0)
(1.000229 1.1114057e-06 0)
(1.0002259 7.9526772e-07 0)
(1.0002229 5.1341679e-07 0)
(1.0002201 2.6341135e-07 0)
(1.0002174 4.3001689e-08 0)
(1.0002148 -1.4996129e-07 0)
(1.0002124 -3.1751637e-07 0)
(1.0002101 -4.6166123e-07 0)
(1.0002079 -5.8430025e-07 0)
(1.0002058 -6.8756625e-07 0)
(1.0002038 -7.7295145e-07 0)
(1.000202 -8.4220231e-07 0)
(1.0002002 -8.9744868e-07 0)
(1.0001985 -9.4025717e-07 0)
(1.0001969 -9.7254152e-07 0)
(1.0001954 -9.9597454e-07 0)
(1.000194 -1.0113832e-06 0)
(1.0002947 1.183344e-05 0)
(1.0002882 1.0499625e-05 0)
(1.0002821 9.2948471e-06 0)
(1.0002763 8.2045682e-06 0)
(1.0002708 7.2166625e-06 0)
(1.0002656 6.3217722e-06 0)
(1.0002607 5.5118089e-06 0)
(1.000256 4.7770496e-06 0)
(1.0002515 4.1090224e-06 0)
(1.0002473 3.5026027e-06 0)
(1.0002433 2.9534366e-06 0)
(1.0002395 2.4566951e-06 0)
(1.0002358 2.0079058e-06 0)
(1.0002324 1.6032792e-06 0)
(1.0002291 1.2394714e-06 0)
(1.000226 9.1345447e-07 0)
(1.000223 6.2248132e-07 0)
(1.0002202 3.6404437e-07 0)
(1.0002175 1.3583421e-07 0)
(1.0002149 -6.4350237e-08 0)
(1.0002125 -2.3859497e-07 0)
(1.0002102 -3.8893882e-07 0)
(1.000208 -5.1732475e-07 0)
(1.0002059 -6.2590614e-07 0)
(1.0002039 -7.1622378e-07 0)
(1.0002021 -7.9004614e-07 0)
(1.0002003 -8.4951474e-07 0)
(1.0001986 -8.9623329e-07 0)
(1.000197 -9.3211804e-07 0)
(1.0001955 -9.5885619e-07 0)
(1.0001941 -9.7731771e-07 0)
(1.0002947 1.2251187e-05 0)
(1.0002883 1.0882815e-05 0)
(1.0002821 9.6465854e-06 0)
(1.0002764 8.5276934e-06 0)
(1.0002709 7.5137485e-06 0)
(1.0002657 6.595076e-06 0)
(1.0002608 5.7633025e-06 0)
(1.0002561 5.0086212e-06 0)
(1.0002516 4.3224269e-06 0)
(1.0002474 3.6993582e-06 0)
(1.0002434 3.1348899e-06 0)
(1.0002396 2.6240824e-06 0)
(1.000236 2.1623554e-06 0)
(1.0002325 1.7458155e-06 0)
(1.0002292 1.3710265e-06 0)
(1.0002261 1.0348779e-06 0)
(1.0002231 7.3454768e-07 0)
(1.0002203 4.6746087e-07 0)
(1.0002176 2.3124694e-07 0)
(1.0002151 2.3651723e-08 0)
(1.0002126 -1.5745899e-07 0)
(1.0002103 -3.1416618e-07 0)
(1.0002081 -4.4845224e-07 0)
(1.0002061 -5.6249211e-07 0)
(1.0002041 -6.5787534e-07 0)
(1.0002022 -7.363935e-07 0)
(1.0002004 -8.0020022e-07 0)
(1.0001988 -8.509366e-07 0)
(1.0001972 -8.9052214e-07 0)
(1.0001957 -9.2065865e-07 0)
(1.0001942 -9.4225956e-07 0)
(1.0002947 1.2679355e-05 0)
(1.0002883 1.1275629e-05 0)
(1.0002822 1.0007244e-05 0)
(1.0002764 8.8590864e-06 0)
(1.0002709 7.8184903e-06 0)
(1.0002658 6.8754668e-06 0)
(1.0002608 6.0213592e-06 0)
(1.0002562 5.2462706e-06 0)
(1.0002517 4.5414606e-06 0)
(1.0002475 3.9013305e-06 0)
(1.0002435 3.3211794e-06 0)
(1.0002397 2.7959541e-06 0)
(1.0002361 2.3209643e-06 0)
(1.0002326 1.8922099e-06 0)
(1.0002294 1.5061607e-06 0)
(1.0002262 1.1596214e-06 0)
(1.0002233 8.4969364e-07 0)
(1.0002204 5.7373342e-07 0)
(1.0002178 3.2930774e-07 0)
(1.0002152 1.1410806e-07 0)
(1.0002128 -7.4049065e-08 0)
(1.0002105 -2.3728773e-07 0)
(1.0002083 -3.7763061e-07 0)
(1.0002062 -4.9727533e-07 0)
(1.0002042 -5.9786034e-07 0)
(1.0002023 -6.8120142e-07 0)
(1.0002006 -7.4946481e-07 0)
(1.0001989 -8.0432919e-07 0)
(1.0001973 -8.4771815e-07 0)
(1.0001958 -8.8134831e-07 0)
(1.0001944 -9.0617714e-07 0)
(1.0002947 1.3118219e-05 0)
(1.0002883 1.1678255e-05 0)
(1.0002822 1.0376956e-05 0)
(1.0002764 9.1988643e-06 0)
(1.000271 8.1310058e-06 0)
(1.0002658 7.1630652e-06 0)
(1.0002609 6.2861005e-06 0)
(1.0002563 5.4901171e-06 0)
(1.0002518 4.766239e-06 0)
(1.0002476 4.1086298e-06 0)
(1.0002436 3.5124101e-06 0)
(1.0002398 2.97241e-06 0)
(1.0002362 2.4838265e-06 0)
(1.0002328 2.0425513e-06 0)
(1.0002295 1.6449576e-06 0)
(1.0002264 1.2877637e-06 0)
(1.0002234 9.6799329e-07 0)
(1.0002206 6.8293171e-07 0)
(1.0002179 4.3008216e-07 0)
(1.0002153 2.0708038e-07 0)
(1.0002129 1.169271e-08 0)
(1.0002106 -1.5824903e-07 0)
(1.0002084 -3.0480869e-07 0)
(1.0002063 -4.3020769e-07 0)
(1.0002044 -5.3613354e-07 0)
(1.0002025 -6.2442735e-07 0)
(1.0002007 -6.9726842e-07 0)
(1.000199 -7.5637351e-07 0)
(1.0001974 -8.0367093e-07 0)
(1.0001959 -8.4089185e-07 0)
(1.0001945 -8.6903869e-07 0)
(1.0002947 1.3567982e-05 0)
(1.0002883 1.2091049e-05 0)
(1.0002822 1.0756047e-05 0)
(1.0002765 9.5472856e-06 0)
(1.000271 8.4515002e-06 0)
(1.0002659 7.4580423e-06 0)
(1.000261 6.5576758e-06 0)
(1.0002563 5.7402961e-06 0)
(1.0002519 4.9968867e-06 0)
(1.0002477 4.3213727e-06 0)
(1.0002437 3.7086913e-06 0)
(1.0002399 3.1535523e-06 0)
(1.0002363 2.6510383e-06 0)
(1.0002329 2.19693e-06 0)
(1.0002296 1.7875021e-06 0)
(1.0002265 1.4193846e-06 0)
(1.0002235 1.0895215e-06 0)
(1.0002207 7.9512593e-07 0)
(1.000218 5.3363603e-07 0)
(1.0002155 3.0263052e-07 0)
(1.0002131 9.9824306e-08 0)
(1.0002108 -7.6995731e-08 0)
(1.0002086 -2.299355e-07 0)
(1.0002065 -3.6124136e-07 0)
(1.0002045 -4.7265005e-07 0)
(1.0002026 -5.6602925e-07 0)
(1.0002009 -6.4357125e-07 0)
(1.0001992 -7.0703147e-07 0)
(1.0001976 -7.5834576e-07 0)
(1.0001961 -7.9925875e-07 0)
(1.0001946 -8.3081612e-07 0)
(1.0002947 1.4028924e-05 0)
(1.0002883 1.2514175e-05 0)
(1.0002823 1.1144694e-05 0)
(1.0002765 9.9045429e-06 0)
(1.0002711 8.7801653e-06 0)
(1.000266 7.7605794e-06 0)
(1.0002611 6.8362535e-06 0)
(1.0002564 5.9969632e-06 0)
(1.000252 5.2335478e-06 0)
(1.0002478 4.5396922e-06 0)
(1.0002439 3.9101463e-06 0)
(1.0002401 3.3394959e-06 0)
(1.0002365 2.8227064e-06 0)
(1.000233 2.3554454e-06 0)
(1.0002298 1.9338868e-06 0)
(1.0002267 1.5545705e-06 0)
(1.0002237 1.2143588e-06 0)
(1.0002209 9.1039148e-07 0)
(1.0002182 6.4003986e-07 0)
(1.0002156 4.0082441e-07 0)
(1.0002132 1.9040741e-07 0)
(1.0002109 6.5298342e-09 0)
(1.0002087 -1.5295711e-07 0)
(1.0002066 -2.9032592e-07 0)
(1.0002047 -4.0736279e-07 0)
(1.0002028 -5.0596283e-07 0)
(1.000201 -5.8833322e-07 0)
(1.0001993 -6.5626051e-07 0)
(1.0001977 -7.1169531e-07 0)
(1.0001962 -7.5640463e-07 0)
(1.0001948 -7.91469e-07 0)
(1.0002947 1.4501198e-05 0)
(1.0002883 1.2947778e-05 0)
(1.0002823 1.1543057e-05 0)
(1.0002766 1.027082e-05 0)
(1.0002712 9.1171976e-06 0)
(1.000266 8.0708725e-06 0)
(1.0002612 7.1220208e-06 0)
(1.0002565 6.260293e-06 0)
(1.0002521 5.4763834e-06 0)
(1.000248 4.7637367e-06 0)
(1.000244 4.1169115e-06 0)
(1.0002402 3.5303662e-06 0)
(1.0002366 2.9989465e-06 0)
(1.0002332 2.5182042e-06 0)
(1.0002299 2.0842103e-06 0)
(1.0002268 1.6934125e-06 0)
(1.0002238 1.3425898e-06 0)
(1.000221 1.0288066e-06 0)
(1.0002183 7.493662e-07 0)
(1.0002158 5.0172946e-07 0)
(1.0002134 2.8350473e-07 0)
(1.0002111 9.2386016e-08 0)
(1.0002089 -7.3819217e-08 0)
(1.0002068 -2.1741075e-07 0)
(1.0002048 -3.4022461e-07 0)
(1.0002029 -4.4418397e-07 0)
(1.0002012 -5.3151394e-07 0)
(1.0002946 1.4985056e-05 0)
(1.0002883 1.3392133e-05 0)
(1.0002823 1.1951343e-05 0)
(1.0002766 1.0646267e-05 0)
(1.0002712 9.4627245e-06 0)
(1.0002661 8.3890474e-06 0)
(1.0002612 7.4151074e-06 0)
(1.0002566 6.5304181e-06 0)
(1.0002522 5.7255251e-06 0)
(1.0002481 4.993634e-06 0)
(1.0002441 4.3291095e-06 0)
(1.0002403 3.7262794e-06 0)
(1.0002367 3.1798679e-06 0)
(1.0002333 2.6853091e-06 0)
(1.00023 2.2385688e-06 0)
(1.0002269 1.8360008e-06 0)
(1.000224 1.4742985e-06 0)
(1.0002212 1.1504498e-06 0)
(1.0002185 8.6168859e-07 0)
(1.0002159 6.0541429e-07 0)
(1.0002135 3.7918043e-07 0)
(1.0002112 1.8063275e-07 0)
(1.000209 7.5340711e-09 0)
(1.0002069 -1.4244368e-07 0)
(1.000205 -2.7118684e-07 0)
(1.0002031 -3.8064709e-07 0)
(1.0002013 -4.730714e-07 0)
)
;

boundaryField
{
    inlet
    {
        type            fixedValue;
        value           nonuniform List<vector> 0();
    }
    top
    {
        type            zeroGradient;
    }
    outlet
    {
        type            zeroGradient;
    }
    slipsurface
    {
        type            slip;
    }
    bottom
    {
        type            fixedValue;
        value           nonuniform List<vector> 0();
    }
    frontandback
    {
        type            empty;
    }
    procBoundary3to1
    {
        type            processor;
        value           nonuniform List<vector> 
33
(
(1.0001995 -6.0402001e-07 0)
(1.0001979 -6.6367857e-07 0)
(1.0001964 -7.1229357e-07 0)
(1.0001949 -7.5096549e-07 0)
(1.0001995 -6.0402001e-07 0)
(1.0002946 1.5480701e-05 0)
(1.0002883 1.3847458e-05 0)
(1.0002823 1.2369796e-05 0)
(1.0002766 1.1031115e-05 0)
(1.0002713 9.8169448e-06 0)
(1.0002662 8.715272e-06 0)
(1.0002613 7.7156586e-06 0)
(1.0002567 6.8074685e-06 0)
(1.0002523 5.9810932e-06 0)
(1.0002482 5.2294971e-06 0)
(1.0002442 4.5468475e-06 0)
(1.0002404 3.9273374e-06 0)
(1.0002369 3.3655675e-06 0)
(1.0002334 2.8568516e-06 0)
(1.0002302 2.3970488e-06 0)
(1.0002271 1.9824169e-06 0)
(1.0002241 1.6095619e-06 0)
(1.0002213 1.2753935e-06 0)
(1.0002186 9.7707504e-07 0)
(1.0002161 7.1194274e-07 0)
(1.0002137 4.7749449e-07 0)
(1.0002114 2.7132643e-07 0)
(1.0002092 9.1155736e-08 0)
(1.0002071 -6.5374954e-08 0)
(1.0002051 -2.0020245e-07 0)
(1.0002032 -3.1530913e-07 0)
(1.0001996 -5.5027339e-07 0)
(1.0002015 -4.1296088e-07 0)
)
;
    }
    procBoundary3to2
    {
        type            processor;
        value           nonuniform List<vector> 
64
(
(0.99963409 -1.7301771e-06 0)
(0.99963343 -1.752391e-06 0)
(0.99963487 -1.7727536e-06 0)
(0.99963891 -1.7908794e-06 0)
(0.99964609 -1.8064911e-06 0)
(0.99965704 -1.8192997e-06 0)
(0.99967245 -1.8289116e-06 0)
(0.99969292 -1.8348139e-06 0)
(0.99971881 -1.8364511e-06 0)
(0.99975011 -1.8333737e-06 0)
(0.99978629 -1.825408e-06 0)
(0.99982626 -1.8127823e-06 0)
(0.99986845 -1.7961586e-06 0)
(0.999911 -1.7765579e-06 0)
(0.99995198 -1.755206e-06 0)
(0.99998962 -1.7333481e-06 0)
(0.99998962 -1.7333481e-06 0)
(1.0000202 -1.6623812e-06 0)
(1.0000477 -1.6430335e-06 0)
(1.0000477 -1.6430335e-06 0)
(1.0000676 -1.5766972e-06 0)
(1.0000838 -1.5617986e-06 0)
(1.0000951 -1.5491617e-06 0)
(1.0001023 -1.5385716e-06 0)
(1.0001023 -1.5385716e-06 0)
(1.0001058 -1.4820389e-06 0)
(1.0001087 -1.4747388e-06 0)
(1.000111 -1.4678956e-06 0)
(1.0001138 -1.4607938e-06 0)
(1.0001176 -1.4527901e-06 0)
(1.0001227 -1.4433981e-06 0)
(1.0001291 -1.4323538e-06 0)
(1.0001484 -1.5192722e-06 0)
(1.000147 -1.4825444e-06 0)
(1.0001365 -1.419635e-06 0)
(1.0001457 -1.4446029e-06 0)
(1.0001484 -1.5192722e-06 0)
(1.0001562 -1.4999991e-06 0)
(1.0001634 -1.4800608e-06 0)
(1.0001694 -1.4598082e-06 0)
(1.0001742 -1.4394525e-06 0)
(1.0001778 -1.4190439e-06 0)
(1.0001804 -1.3984948e-06 0)
(1.0001824 -1.3776398e-06 0)
(1.0001839 -1.3563044e-06 0)
(1.0001853 -1.3343628e-06 0)
(1.0001866 -1.3117621e-06 0)
(1.0001879 -1.2885129e-06 0)
(1.0001891 -1.2646534e-06 0)
(1.0001901 -1.2402097e-06 0)
(1.0001909 -1.2151731e-06 0)
(1.0001915 -1.1895023e-06 0)
(1.0001918 -1.1631421e-06 0)
(1.0001921 -1.1360408e-06 0)
(1.0001923 -1.1081607e-06 0)
(1.0001924 -1.0794736e-06 0)
(1.0001925 -1.0499563e-06 0)
(1.0001926 -1.0195838e-06 0)
(1.0001928 -9.8832851e-07 0)
(1.0001929 -9.5616071e-07 0)
(1.000193 -9.2305061e-07 0)
(1.0001931 -8.8896806e-07 0)
(1.0001933 -8.5388879e-07 0)
(1.0001934 -8.1777945e-07 0)
)
;
    }
    procBoundary3to4
    {
        type            processor;
        value           nonuniform List<vector> 4((1.0003015 1.5203821e-05 0) (1.0003014 1.5706328e-05 0) (1.0003014 1.6221095e-05 0) (1.0003013 1.6748334e-05 0));
    }
    procBoundary3to6
    {
        type            processor;
        value           nonuniform List<vector> 
62
(
(0.99956963 -4.9613326e-07 0)
(0.99958316 -4.8189727e-07 0)
(0.99959898 -4.6066437e-07 0)
(0.99961763 -4.3003595e-07 0)
(0.99963968 -3.8765845e-07 0)
(0.99966553 -3.3169878e-07 0)
(0.99969544 -2.6120384e-07 0)
(0.99972939 -1.7625892e-07 0)
(0.99976714 -7.7922761e-08 0)
(0.99980819 3.2021269e-08 0)
(0.99985176 1.5141123e-07 0)
(0.99989685 2.7805628e-07 0)
(0.99994223 4.1000734e-07 0)
(0.99998653 5.4570565e-07 0)
(1.0000283 6.8400698e-07 0)
(1.0000663 8.2410444e-07 0)
(1.0000994 9.654026e-07 0)
(1.0001267 1.1073986e-06 0)
(1.000148 1.2496229e-06 0)
(1.0001635 1.3916739e-06 0)
(1.0001738 1.5333455e-06 0)
(1.0001801 1.6748094e-06 0)
(1.0001838 1.8167788e-06 0)
(1.0001808 1.4787442e-06 0)
(1.0001808 1.4787442e-06 0)
(1.0001835 1.6130965e-06 0)
(1.0001874 1.7527475e-06 0)
(1.0001931 1.8996534e-06 0)
(1.0002006 2.0553435e-06 0)
(1.0002097 2.220628e-06 0)
(1.0002198 2.3954482e-06 0)
(1.0002299 2.5789188e-06 0)
(1.0002394 2.7695605e-06 0)
(1.0002475 2.9656649e-06 0)
(1.0002541 3.165699e-06 0)
(1.000259 3.3686418e-06 0)
(1.0002625 3.5741645e-06 0)
(1.000265 3.7826138e-06 0)
(1.0002668 3.9948111e-06 0)
(1.0002668 3.9948111e-06 0)
(1.0002743 4.9451537e-06 0)
(1.0002757 5.187599e-06 0)
(1.0002757 5.187599e-06 0)
(1.0002834 6.2935171e-06 0)
(1.0002846 6.5722884e-06 0)
(1.0002857 6.8580438e-06 0)
(1.0002866 7.1506344e-06 0)
(1.0002873 7.4500816e-06 0)
(1.0002873 7.4500816e-06 0)
(1.0002943 8.8411709e-06 0)
(1.0002946 9.1835819e-06 0)
(1.0002947 9.5344081e-06 0)
(1.0002947 9.5344081e-06 0)
(1.0003017 1.1194696e-05 0)
(1.0003017 1.1597296e-05 0)
(1.0003017 1.2010059e-05 0)
(1.0003016 1.2433235e-05 0)
(1.0003016 1.2867058e-05 0)
(1.0003016 1.3311749e-05 0)
(1.0003016 1.3767542e-05 0)
(1.0003015 1.4234662e-05 0)
(1.0003015 1.4713356e-05 0)
)
;
    }
    procBoundary3to15
    {
        type            processor;
        value           nonuniform List<vector> 
29
(
(0.99955751 -7.6095068e-07 0)
(0.99955741 -9.9347484e-07 0)
(0.9995576 -1.1982509e-06 0)
(0.99955806 -1.373135e-06 0)
(0.99955878 -1.5330986e-06 0)
(0.99955976 -1.6800705e-06 0)
(0.99956097 -1.8098814e-06 0)
(0.99956242 -1.9220968e-06 0)
(0.9995641 -2.0184191e-06 0)
(0.99956602 -2.099894e-06 0)
(0.99956816 -2.1671557e-06 0)
(0.99957055 -2.2207501e-06 0)
(0.99957317 -2.2611803e-06 0)
(0.99957603 -2.2888957e-06 0)
(0.99957913 -2.3043652e-06 0)
(0.99958248 -2.3080788e-06 0)
(0.99958607 -2.3006878e-06 0)
(0.9995899 -2.2828796e-06 0)
(0.99959394 -2.2554793e-06 0)
(0.99959817 -2.2192861e-06 0)
(0.99960259 -2.1762037e-06 0)
(0.99960715 -2.1257851e-06 0)
(0.99961064 -2.0987048e-06 0)
(0.99961064 -2.0987048e-06 0)
(0.99961481 -2.0383462e-06 0)
(0.99961907 -1.9740624e-06 0)
(0.99962339 -1.9081953e-06 0)
(0.99962775 -1.8418809e-06 0)
(0.99963208 -1.7745477e-06 0)
)
;
    }
}


// ************************************************************************* //
