/*--------------------------------*- C++ -*----------------------------------*\
  =========                 |
  \\      /  F ield         | OpenFOAM: The Open Source CFD Toolbox
   \\    /   O peration     | Website:  https://openfoam.org
    \\  /    A nd           | Version:  12
     \\/     M anipulation  |
\*---------------------------------------------------------------------------*/
FoamFile
{
    format      ascii;
    class       volVectorField;
    location    "500";
    object      U;
}
// * * * * * * * * * * * * * * * * * * * * * * * * * * * * * * * * * * * * * //

dimensions      [0 1 -1 0 0 0 0];

internalField   nonuniform List<vector> 
467
(
(0.99989845 0.001474087 0)
(0.99992915 0.0015031985 0)
(0.99996173 0.0015313292 0)
(0.99999612 0.0015583074 0)
(1.0000322 0.0015839745 0)
(1.0000698 0.0016081888 0)
(1.0001088 0.0016308307 0)
(1.000149 0.0016518055 0)
(1.0001903 0.0016710472 0)
(1.0002324 0.0016885196 0)
(1.0002751 0.0017042169 0)
(1.0003183 0.0017181632 0)
(1.0003618 0.0017304095 0)
(1.0004054 0.0017410304 0)
(1.000449 0.0017501192 0)
(1.0004926 0.0017577822 0)
(1.000536 0.0017641328 0)
(1.0005791 0.0017692862 0)
(1.000622 0.001773354 0)
(0.99992028 0.0014398172 0)
(0.99994902 0.001467788 0)
(0.99997956 0.0014949523 0)
(1.0000118 0.0015211527 0)
(1.0000457 0.0015462412 0)
(1.0000811 0.0015700826 0)
(1.0001179 0.0015925586 0)
(1.0001559 0.0016135714 0)
(1.0001951 0.0016330464 0)
(1.0002351 0.001650934 0)
(1.0002759 0.001667211 0)
(1.0003173 0.0016818802 0)
(1.0003591 0.0016949689 0)
(1.0004012 0.0017065265 0)
(1.0004435 0.0017166209 0)
(1.0004859 0.0017253339 0)
(1.0005281 0.0017327569 0)
(1.0005703 0.0017389855 0)
(1.0006124 0.0017441159 0)
(1.0006543 0.0017482407 0)
(1.0006959 0.0017514464 0)
(1.0007374 0.0017538118 0)
(1.0007787 0.0017554072 0)
(1.0008197 0.0017562942 0)
(1.0008606 0.0017565264 0)
(1.0009014 0.0017561499 0)
(1.000942 0.001755205 0)
(1.0009824 0.0017537268 0)
(0.99994501 0.0014000864 0)
(0.99997164 0.0014267205 0)
(0.99999994 0.0014527275 0)
(1.0000299 0.0014779668 0)
(1.0000613 0.0015023034 0)
(1.0000943 0.0015256112 0)
(1.0001286 0.0015477761 0)
(1.0001642 0.0015686995 0)
(1.000201 0.0015883006 0)
(1.0002387 0.0016065191 0)
(1.0002772 0.0016233156 0)
(1.0003165 0.001638673 0)
(1.0003564 0.0016525954 0)
(1.0003967 0.0016651068 0)
(1.0004373 0.001676249 0)
(1.0004781 0.0016860777 0)
(1.0005191 0.00169466 0)
(1.0005601 0.0017020696 0)
(1.0006011 0.0017083839 0)
(1.0006421 0.0017136802 0)
(1.0006829 0.0017180337 0)
(1.0007237 0.0017215148 0)
(1.0007644 0.0017241884 0)
(1.0008049 0.0017261133 0)
(1.0008454 0.0017273419 0)
(1.0008857 0.0017279208 0)
(1.000926 0.0017278912 0)
(1.0009661 0.0017272902 0)
(0.99997381 0.0013548007 0)
(0.99999819 0.0013799129 0)
(1.0000241 0.0014045748 0)
(1.0000515 0.0014286646 0)
(1.0000804 0.0014520627 0)
(1.0001107 0.0014746547 0)
(1.0001424 0.001496334 0)
(1.0001753 0.0015170045 0)
(1.0002093 0.0015365829 0)
(1.0002444 0.0015550008 0)
(1.0002805 0.0015722064 0)
(1.0003173 0.0015881652 0)
(1.0003549 0.0016028605 0)
(1.000393 0.0016162924 0)
(1.0004317 0.0016284769 0)
(1.0004707 0.0016394439 0)
(1.00051 0.0016492349 0)
(1.0005495 0.0016578997 0)
(1.0005891 0.0016654944 0)
(1.0006289 0.0016720783 0)
(1.0006687 0.0016777112 0)
(1.0007085 0.0016824523 0)
(1.0007484 0.0016863577 0)
(1.0007882 0.0016894805 0)
(1.000828 0.0016918694 0)
(1.0008677 0.0016935691 0)
(1.0009075 0.0016946205 0)
(1.0009472 0.0016950607 0)
(1.0000096 0.0013032546 0)
(1.0000316 0.0013266417 0)
(1.000055 0.0013497449 0)
(1.0000797 0.0013724621 0)
(1.0001059 0.0013946911 0)
(1.0001333 0.001416332 0)
(1.0001621 0.0014372887 0)
(1.000192 0.0014574713 0)
(1.0002231 0.0014767982 0)
(1.0002553 0.0014951977 0)
(1.0002885 0.0015126098 0)
(1.0003226 0.0015289872 0)
(1.0003575 0.0015442962 0)
(1.0003931 0.0015585167 0)
(1.0004294 0.0015716416 0)
(1.0004662 0.0015836766 0)
(1.0005034 0.001594638 0)
(1.000541 0.0016045517 0)
(1.0005789 0.001613451 0)
(1.0006171 0.0016213744 0)
(1.0006554 0.0016283641 0)
(1.000694 0.0016344641 0)
(1.0007326 0.0016397187 0)
(1.0007714 0.0016441713 0)
(1.0008103 0.0016478641 0)
(1.0008492 0.001650837 0)
(1.0008882 0.0016531275 0)
(1.0009272 0.0016547711 0)
(1.0000509 0.001246572 0)
(1.0000706 0.0012681008 0)
(1.0000915 0.0012894926 0)
(1.0001136 0.0013106655 0)
(1.0001369 0.0013315359 0)
(1.0001614 0.0013520197 0)
(1.0001872 0.0013720344 0)
(1.0002141 0.0013914998 0)
(1.0002421 0.0014103401 0)
(1.0002712 0.0014284853 0)
(1.0003014 0.0014458727 0)
(1.0003325 0.0014624477 0)
(1.0003644 0.0014781652 0)
(1.0003972 0.0014929899 0)
(1.0004307 0.0015068967 0)
(1.0004649 0.0015198705 0)
(1.0004997 0.0015319057 0)
(1.0005351 0.0015430056 0)
(1.0005708 0.0015531808 0)
(1.000607 0.0015624489 0)
(1.0006436 0.0015708322 0)
(1.0006805 0.0015783572 0)
(1.0007176 0.0015850531 0)
(1.000755 0.0015909505 0)
(1.0007926 0.001596081 0)
(1.0008304 0.0016004762 0)
(1.0008683 0.0016041674 0)
(1.0009065 0.0016071851 0)
(1.000095 0.0011826629 0)
(1.0001124 0.001202165 0)
(1.0001308 0.0012216514 0)
(1.0001503 0.0012410591 0)
(1.0001709 0.0012603231 0)
(1.0001926 0.0012793762 0)
(1.0002154 0.0012981509 0)
(1.0002392 0.0013165795 0)
(1.0002641 0.001334596 0)
(1.0002901 0.0013521366 0)
(1.000317 0.0013691412 0)
(1.000345 0.0013855541 0)
(1.0003738 0.0014013254 0)
(1.0004035 0.0014164112 0)
(1.0004341 0.0014307745 0)
(1.0004654 0.0014443854 0)
(1.0004974 0.0014572215 0)
(1.0005301 0.0014692673 0)
(1.0005634 0.0014805142 0)
(1.0005973 0.0014909599 0)
(1.0006317 0.0015006077 0)
(1.0006665 0.0015094656 0)
(1.0007017 0.001517546 0)
(1.0007373 0.0015248645 0)
(1.0007733 0.001531439 0)
(1.0008096 0.0015372898 0)
(1.0008462 0.0015424383 0)
(1.0008831 0.001546907 0)
(1.0001375 0.0011150572 0)
(1.0001528 0.0011325486 0)
(1.0001689 0.0011501161 0)
(1.000186 0.0011677143 0)
(1.000204 0.0011852947 0)
(1.000223 0.0012028069 0)
(1.0002429 0.0012201985 0)
(1.0002638 0.0012374158 0)
(1.0002857 0.0012544047 0)
(1.0003085 0.0012711112 0)
(1.0003324 0.0012874822 0)
(1.0003571 0.0013034665 0)
(1.0003828 0.0013190151 0)
(1.0004093 0.0013340823 0)
(1.0004367 0.0013486262 0)
(1.000465 0.001362609 0)
(1.000494 0.0013759978 0)
(1.0005238 0.0013887645 0)
(1.0005543 0.0014008862 0)
(1.0005855 0.0014123448 0)
(1.0006173 0.0014231274 0)
(1.0006497 0.0014332255 0)
(1.0006827 0.0014426351 0)
(1.0007161 0.0014513561 0)
(1.0007501 0.0014593918 0)
(1.0007845 0.0014667487 0)
(1.0008194 0.0014734357 0)
(1.0008546 0.0014794643 0)
(1.0001779 0.0010377047 0)
(1.0001912 0.0010530562 0)
(1.0002052 0.0010685446 0)
(1.00022 0.0010841391 0)
(1.0002357 0.0010998059 0)
(1.0002521 0.0011155092 0)
(1.0002694 0.001131211 0)
(1.0002875 0.0011468712 0)
(1.0003065 0.0011624487 0)
(1.0003264 0.001177901 0)
(1.0003471 0.001193185 0)
(1.0003687 0.0012082575 0)
(1.0003912 0.0012230757 0)
(1.0004146 0.0012375977 0)
(1.0004388 0.0012517827 0)
(1.0004639 0.0012655921 0)
(1.0004897 0.0012789895 0)
(1.0005164 0.0012919411 0)
(1.0005439 0.0013044163 0)
(1.0005721 0.0013163874 0)
(1.000601 0.0013278307 0)
(1.0006306 0.0013387255 0)
(1.0006609 0.001349055 0)
(1.0006918 0.0013588057 0)
(1.0007233 0.0013679676 0)
(1.0007554 0.001376534 0)
(1.0007881 0.001384501 0)
(1.0008212 0.0013918679 0)
(1.0002083 0.00096040193 0)
(1.0002199 0.00097385742 0)
(1.0002321 0.00098748609 0)
(1.0002449 0.0010012681 0)
(1.0002584 0.0010151817 0)
(1.0002726 0.0010292028 0)
(1.0002875 0.0010433058 0)
(1.0003032 0.0010574629 0)
(1.0003196 0.0010716446 0)
(1.0003367 0.0010858201 0)
(1.0003547 0.001099957 0)
(1.0003734 0.001114022 0)
(1.000393 0.0011279808 0)
(1.0004133 0.0011417987 0)
(1.0004344 0.001155441 0)
(1.0004564 0.0011688729 0)
(1.0004792 0.0011820602 0)
(1.0005027 0.0011949697 0)
(1.0005271 0.0012075691 0)
(1.0005522 0.0012198279 0)
(1.0005781 0.0012317171 0)
(1.0006047 0.00124321 0)
(1.0006321 0.0012542818 0)
(1.0006602 0.0012649104 0)
(1.000689 0.0012750758 0)
(1.0007184 0.001284761 0)
(1.0007486 0.0012939514 0)
(1.0007793 0.0013026352 0)
(1.0002346 0.00086652479 0)
(1.0002445 0.00087790482 0)
(1.000255 0.00088946765 0)
(1.0002661 0.0009012018 0)
(1.0002776 0.00091309425 0)
(1.0002898 0.00092513036 0)
(1.0003026 0.00093729397 0)
(1.000316 0.00094956733 0)
(1.00033 0.00096193115 0)
(1.0003447 0.00097436466 0)
(1.00036 0.00098684562 0)
(1.0003761 0.00099935046 0)
(1.0003929 0.0010118544 0)
(1.0004103 0.0010243316 0)
(1.0004286 0.0010367552 0)
(1.0004475 0.0010490977 0)
(1.0004672 0.0010613312 0)
(1.0004877 0.0010734272 0)
(1.0005089 0.0010853573 0)
(1.0005309 0.0010970933 0)
(1.0005537 0.0011086073 0)
(1.0005772 0.0011198721 0)
(1.0006015 0.0011308613 0)
(1.0006265 0.0011415497 0)
(1.0006522 0.0011519134 0)
(1.0006788 0.0011619299 0)
(1.000706 0.0011715784 0)
(1.0007339 0.0011808401 0)
(1.0002377 0.0007820492 0)
(1.0002464 0.00079187514 0)
(1.0002556 0.00080188385 0)
(1.0002652 0.00081206931 0)
(1.0002752 0.00082242447 0)
(1.0002857 0.00083294116 0)
(1.0002968 0.00084361012 0)
(1.0003083 0.00085442086 0)
(1.0003204 0.00086536174 0)
(1.0003331 0.00087641987 0)
(1.0003463 0.00088758113 0)
(1.0003601 0.00089883019 0)
(1.0003746 0.0009101505 0)
(1.0003897 0.00092152437 0)
(1.0004054 0.00093293299 0)
(1.0004218 0.00094435654 0)
(1.0004388 0.00095577424 0)
(1.0004566 0.00096716448 0)
(1.000475 0.00097850489 0)
(1.0004942 0.00098977255 0)
(1.0005141 0.001000944 0)
(1.0005347 0.0010119957 0)
(1.0005561 0.0010229038 0)
(1.0005782 0.0010336445 0)
(1.0006011 0.0010441944 0)
(1.0006247 0.0010545306 0)
(1.0006491 0.0010646307 0)
(1.0006742 0.001074473 0)
(1.0002466 0.00066390331 0)
(1.0002541 0.0006717257 0)
(1.0002619 0.00067970908 0)
(1.00027 0.00068785105 0)
(1.0002785 0.00069614853 0)
(1.0002875 0.00070459769 0)
(1.0002968 0.00071319435 0)
(1.0003066 0.00072193387 0)
(1.0003168 0.00073081002 0)
(1.0003275 0.00073981535 0)
(1.0003387 0.0007489418 0)
(1.0003504 0.00075818101 0)
(1.0003626 0.00076752115 0)
(1.0003754 0.00077694718 0)
(1.0003887 0.00078645289 0)
(1.0004026 0.00079603056 0)
(1.0004171 0.00080566348 0)
(1.0004322 0.00081533652 0)
(1.000448 0.00082503429 0)
(1.0004643 0.00083474071 0)
(1.0004814 0.00084443897 0)
(1.0004991 0.00085411161 0)
(1.0005176 0.00086374058 0)
(1.0005367 0.00087330733 0)
(1.0005565 0.00088279295 0)
(1.0005771 0.00089217828 0)
(1.0005985 0.00090144408 0)
(1.0006205 0.00091057109 0)
(1.0002089 0.00058030445 0)
(1.0002155 0.00058698049 0)
(1.0002225 0.00059380241 0)
(1.0002298 0.00060076974 0)
(1.0002374 0.00060788157 0)
(1.0002453 0.00061513661 0)
(1.0002536 0.00062253305 0)
(1.0002623 0.0006300686 0)
(1.0002713 0.00063774043 0)
(1.0002808 0.00064554514 0)
(1.0002906 0.00065347869 0)
(1.0003009 0.00066153667 0)
(1.0003117 0.00066971249 0)
(1.0003229 0.00067799753 0)
(1.0003347 0.0006863857 0)
(1.0003469 0.00069487172 0)
(1.0003597 0.00070344754 0)
(1.000373 0.00071210585 0)
(1.0003868 0.00072083892 0)
(1.0004013 0.00072963507 0)
(1.0004163 0.00073848157 0)
(1.000432 0.00074736612 0)
(1.0004483 0.00075627605 0)
(1.0004652 0.00076519808 0)
(1.0004829 0.00077411841 0)
(1.0005012 0.00078302273 0)
(1.0005202 0.00079189633 0)
(1.0005399 0.0008007242 0)
(1.0002175 0.00041882855 0)
(1.0002229 0.0004232387 4.5615431e-22)
(1.0002286 0.0004277617 0)
(1.0002345 0.00043239839 -4.4972461e-22)
(1.0002407 0.00043714938 4.4563333e-22)
(1.0002472 0.00044201505 0)
(1.000254 0.00044699556 0)
(1.0002611 0.00045209082 0)
(1.0002685 0.00045730044 0)
(1.0002763 0.00046262373 -4.1607876e-22)
(1.0002844 0.00046805987 0)
(1.0002928 0.00047360649 0)
(1.0003017 0.00047925975 0)
(1.000311 0.00048501805 -1.9052022e-22)
(1.0003207 0.00049088059 3.7073102e-22)
(1.0003308 0.0004968448 3.5982107e-22)
(1.0003414 0.00050290737 0)
(1.0003525 0.00050906439 0)
(1.000364 0.00051531156 0)
(1.0003761 0.00052164349 0)
(1.0003887 0.00052805687 0)
(1.0004018 0.00053454748 0)
(1.0004155 0.00054110671 0)
(1.0004299 0.00054772612 0)
(1.0004448 0.00055439757 0)
(1.0004604 0.00056111248 0)
(1.0004766 0.00056786158 -2.2523497e-22)
(1.0004935 0.00057463494 0)
(1.0001349 0.00036162052 1.3803367e-21)
(1.0001401 0.00036514568 0)
(1.0001456 0.00036876069 0)
(1.0001513 0.00037246617 0)
(1.0001572 0.00037626258 -1.5714689e-21)
(1.0001634 0.00038015017 0)
(1.0001698 0.00038412903 2.5191224e-21)
(1.0001766 0.00038819903 0)
(1.0001837 0.00039235981 0)
(1.000191 0.00039661078 0)
(1.0001987 0.00040095108 9.6236789e-22)
(1.0002068 0.00040537956 9.9646365e-22)
(1.0002152 0.0004098948 1.0320603e-21)
(1.000224 0.00041449501 0)
(1.0002331 0.00041917811 1.1080128e-21)
(1.0002427 0.00042394162 0)
(1.0002527 0.00042878286 0)
(1.0002632 0.00043369872 0)
(1.0002741 0.00043868547 0)
(1.0002855 0.00044373901 0)
(1.0002974 0.00044885485 0)
(1.0003098 0.00045402802 2.8584645e-21)
(1.0003228 0.00045925313 2.96525e-21)
(1.0003363 0.00046452429 0)
(1.0003505 0.00046983511 0)
(1.0003652 0.00047517869 3.3080857e-21)
(1.0003806 0.00048054753 0)
(1.0003966 0.00048593359 -3.5545775e-21)
(1.0002197 0.00010672745 -1.4495732e-21)
(1.0002241 0.00010700608 0)
(1.0002286 0.00010730559 3.0548712e-21)
(1.0002333 0.0001076276 0)
(1.0002383 0.00010797384 0)
(1.0002434 0.00010834616 3.2927543e-21)
(1.0002488 0.00010874657 0)
(1.0002545 0.00010917723 3.4525927e-21)
(1.0002603 0.00010964045 -3.5323761e-21)
(1.0002665 0.00011013872 -3.6117995e-21)
(1.0002729 0.00011067472 0)
(1.0002797 0.00011125132 0)
(1.0002867 0.00011187159 0)
(1.000294 0.00011253884 0)
(1.0003017 0.00011325661 0)
(1.0003097 0.00011402868 -4.066428e-21)
(1.0003181 0.0001148591 0)
(1.0003268 0.00011575221 0)
(1.0003359 0.00011671261 0)
(1.0003455 0.00011774525 0)
(1.0003554 0.00011885537 0)
(1.0003658 0.00012004855 0)
(1.0003767 0.00012133075 0)
(1.000388 0.00012270822 0)
(1.0003998 0.00012418787 0)
(1.0004121 0.00012577556 -6.849975e-21)
(1.0004249 0.00012747792 0)
(1.0004383 0.00012930391 0)
)
;

boundaryField
{
    inlet
    {
        type            fixedValue;
        value           nonuniform List<vector> 0();
    }
    top
    {
        type            zeroGradient;
    }
    outlet
    {
        type            zeroGradient;
    }
    slipsurface
    {
        type            slip;
    }
    bottom
    {
        type            fixedValue;
        value           nonuniform List<vector> 0();
    }
    frontandback
    {
        type            empty;
    }
    procBoundary13to3
    {
        type            processor;
        value           nonuniform List<vector> 
16
(
(1.0010228 0.001751747 0)
(1.0010062 0.0017261511 0)
(1.000987 0.001694924 0)
(1.0009664 0.0016558011 0)
(1.0009447 0.0016095592 0)
(1.0009202 0.001550719 0)
(1.0008902 0.0014848478 0)
(1.0008549 0.0013986364 0)
(1.0008107 0.0013108028 0)
(1.0007626 0.0011896978 0)
(1.0007001 0.0010840371 0)
(1.0006434 0.00091954028 0)
(1.0005604 0.00080949114 0)
(1.0005111 0.00058142177 0)
(1.0004133 0.00049132813 1.8414179e-21)
(1.0004522 0.00013126227 4.5841443e-21)
)
;
    }
    procBoundary13to12
    {
        type            processor;
        value           nonuniform List<vector> 
29
(
(0.99987922 0.0015034251 0)
(0.99991167 0.0015335015 0)
(0.9999461 0.0015624335 0)
(0.99998239 0.0015900374 0)
(1.0000204 0.0016161461 0)
(1.00006 0.001640614 0)
(1.0001009 0.0016633217 0)
(1.0001431 0.0016841799 0)
(1.0001861 0.0017031323 0)
(1.00023 0.0017201569 0)
(1.0002744 0.0017352661 0)
(1.0003191 0.0017485047 0)
(1.000364 0.001759947 0)
(1.0004089 0.0017696914 0)
(1.0004536 0.0017778548 0)
(1.0004981 0.0017845656 0)
(1.0005424 0.0017899567 0)
(1.0005862 0.0017941596 0)
(1.0006297 0.0017972988 0)
(1.0006645 0.0017764409 0)
(1.0006645 0.0017764409 0)
(1.0007068 0.0017786419 0)
(1.0007488 0.001780041 0)
(1.0007905 0.0017807115 0)
(1.000832 0.0017807156 0)
(1.0008732 0.0017801061 0)
(1.0009142 0.0017789277 0)
(1.0009551 0.0017772183 0)
(1.0009957 0.0017750108 0)
)
;
    }
    procBoundary13to15
    {
        type            processor;
        value           nonuniform List<vector> 
17
(
(0.99986971 0.0014441742 0)
(0.99989337 0.0014112019 0)
(0.99992008 0.0013729678 0)
(0.99995097 0.0013293602 0)
(0.99998892 0.0012796837 0)
(1.0000325 0.0012249853 0)
(1.0000787 0.0011632043 0)
(1.0001232 0.0010976843 0)
(1.0001654 0.0010225187 0)
(1.0001974 0.00094713739 0)
(1.0002251 0.00085533725 0)
(1.0002294 0.00077241107 0)
(1.0002395 0.00065624375 0)
(1.0002025 0.00057377444 0)
(1.0002123 0.00041453027 0)
(1.0001299 0.00035818446 0)
(1.0002156 0.00010646822 2.822475e-21)
)
;
    }
}


// ************************************************************************* //
