/*--------------------------------*- C++ -*----------------------------------*\
  =========                 |
  \\      /  F ield         | OpenFOAM: The Open Source CFD Toolbox
   \\    /   O peration     | Website:  https://openfoam.org
    \\  /    A nd           | Version:  12
     \\/     M anipulation  |
\*---------------------------------------------------------------------------*/
FoamFile
{
    format      ascii;
    class       volScalarField;
    location    "1400";
    object      p;
}
// * * * * * * * * * * * * * * * * * * * * * * * * * * * * * * * * * * * * * //

dimensions      [0 2 -2 0 0 0 0];

internalField   nonuniform List<scalar> 
467
(
0.0018972425
0.0018584189
0.0018195886
0.0017807181
0.0017418246
0.0017028683
0.001663758
0.0016244908
0.0024840695
0.0024392185
0.0023938401
0.0023485429
0.0023037819
0.0022599171
0.0022171483
0.0021754108
0.0021344986
0.002094227
0.0020545187
0.002015218
0.001976111
0.0019370754
0.0018981341
0.0018592731
0.0018204081
0.0017815051
0.0017425777
0.001703587
0.0016644455
0.0016251476
0.0015856742
0.0015459522
0.0015059592
0.001465678
0.0014250589
0.0024843586
0.0024397691
0.0023946162
0.0023495012
0.0023048752
0.0022610932
0.0022183544
0.0021766091
0.00213567
0.0020953625
0.0020556076
0.0020162558
0.0019771029
0.0019380292
0.0018990505
0.0018601511
0.0018212504
0.0017823137
0.0017433514
0.0017043255
0.0016651516
0.0016258218
0.0015863166
0.0015465651
0.001506544
0.0014662354
0.001425591
0.0024846711
0.0024403395
0.0023954112
0.0023504789
0.0023059894
0.0022622919
0.0022195855
0.0021778345
0.0021368697
0.0020965267
0.0020567255
0.0020173224
0.001978123
0.0019390101
0.0018999931
0.0018610543
0.0018221169
0.0017831455
0.0017441473
0.0017050851
0.0016658777
0.0016265151
0.001586977
0.0015471949
0.0015071446
0.0014668077
0.001426137
0.002485009
0.0024409309
0.0023962262
0.002351477
0.002307125
0.0022635137
0.0022208419
0.0021790874
0.0021380981
0.0020977202
0.0020578731
0.0020184187
0.0019791723
0.0019400194
0.001900963
0.001861984
0.0018230088
0.0017840017
0.0017449666
0.001705867
0.0016666252
0.0016272287
0.0015876567
0.001547843
0.0015077626
0.0014673963
0.0014266982
0.0024853736
0.0024415446
0.0023970619
0.0023524959
0.0023082823
0.0022647589
0.0022221239
0.002180368
0.0021393557
0.0020989434
0.0020590507
0.0020195453
0.0019802515
0.0019410577
0.0019019611
0.0018629412
0.0018239272
0.0017848833
0.0017458104
0.0017066726
0.0016673952
0.0016279637
0.0015883569
0.0015485106
0.001508399
0.0014680025
0.001427276
0.0024857659
0.0024421812
0.0023979187
0.0023535358
0.0023094614
0.0022660275
0.0022234316
0.0021816765
0.0021406427
0.0021001967
0.0020602589
0.0020207026
0.0019813611
0.0019421258
0.0019029883
0.0018639267
0.0018248731
0.0017857914
0.0017466796
0.0017075027
0.0016681887
0.0016287213
0.0015890786
0.0015491987
0.0015090549
0.0014686272
0.0014278715
0.0024861866
0.002442841
0.0023987966
0.0023545966
0.0023106622
0.0022673193
0.0022247649
0.0021830128
0.0021419591
0.0021014802
0.0020614979
0.002021891
0.0019825017
0.001943224
0.001904045
0.0018649409
0.001825847
0.0017867266
0.0017475752
0.0017083581
0.0016690066
0.0016295022
0.0015898228
0.0015499083
0.0015097313
0.0014692714
0.0014284854
0.0024866358
0.0024435238
0.0023996952
0.0023556777
0.002311884
0.0022686339
0.0022261233
0.0021843768
0.0021433048
0.002102794
0.0020627679
0.0020231108
0.0019836734
0.0019443528
0.0019051315
0.0018659845
0.0018268494
0.0017876895
0.0017484976
0.0017092397
0.0016698496
0.0016303074
0.0015905902
0.0015506401
0.001510429
0.0014699359
0.0014291187
0.0024871133
0.0024442292
0.0024006139
0.0023567782
0.002313126
0.0022699704
0.0022275062
0.0021857677
0.0021446795
0.002104138
0.0020640688
0.0020243621
0.0019848765
0.0019455124
0.0019062483
0.0018670577
0.0018278807
0.0017886805
0.0017494474
0.0017101478
0.0016707183
0.0016311374
0.0015913816
0.0015513949
0.0015111488
0.0014706215
0.0014297722
0.0024876184
0.0024449564
0.0024015515
0.0023578971
0.0023143871
0.0022713276
0.0022289125
0.0021871849
0.0021460825
0.0021055116
0.0020654004
0.0020256447
0.001986111
0.001946703
0.0019073954
0.0018681607
0.0018289412
0.0017896998
0.0017504248
0.0017110829
0.0016716132
0.0016319927
0.0015921974
0.0015521733
0.0015118912
0.001471329
0.0014304466
0.0024881505
0.0024457044
0.0024025069
0.0023590329
0.0023156657
0.0022727043
0.002230341
0.0021886271
0.0021475129
0.0021069142
0.0020667623
0.0020269584
0.0019873769
0.0019479246
0.0019085732
0.0018692938
0.0018300311
0.0017907478
0.0017514301
0.0017120452
0.0016725344
0.0016328735
0.0015930381
0.0015529757
0.0015126568
0.0014720588
0.0014311424
0.0024887087
0.002446472
0.0024034785
0.0023601839
0.0023169602
0.0022740988
0.0022317901
0.0021900931
0.0021489697
0.002108345
0.0020681538
0.0020283028
0.0019886738
0.0019491771
0.0019097814
0.0018704571
0.0018311505
0.0017918247
0.0017524636
0.001713035
0.0016734824
0.0016337803
0.0015939039
0.0015538024
0.0015134459
0.0014728112
0.0014318601
0.0024892918
0.0024472579
0.0024044649
0.0023613486
0.0023182688
0.0022755092
0.0022332582
0.0021915812
0.0021504514
0.0021098029
0.0020695741
0.0020296772
0.0019900013
0.0019504601
0.0019110201
0.0018716504
0.0018322995
0.0017929305
0.0017535255
0.0017140525
0.0016744572
0.0016347132
0.001594795
0.0015546537
0.0015142588
0.0014735867
0.0014326
0.0024898987
0.0024480607
0.0024054644
0.0023625248
0.0023195894
0.0022769337
0.0022347433
0.0021930898
0.0021519566
0.0021112865
0.002071022
0.0020310807
0.0019913587
0.0019517732
0.0019122887
0.0018728736
0.0018334781
0.0017940652
0.0017546158
0.0017150978
0.0016754592
0.0016356725
0.0015957118
0.0015555298
0.0015150957
0.0014743853
0.0014333623
0.0024905281
0.002448879
0.0024064751
0.0023637109
0.0023209202
0.0022783701
0.0022362434
0.002194617
0.0021534836
0.0021127945
0.0020724964
0.0020325124
0.0019927453
0.0019531158
0.001913587
0.0018741263
0.0018346859
0.0017952288
0.0017557344
0.0017161709
0.0016764883
0.0016366582
0.0015966544
0.0015564309
0.0015159567
0.0014752074
0.0014341472
0.0024911788
0.0024497112
0.0024074955
0.0023649047
0.0023222589
0.0022798164
0.0022377565
0.0021961607
0.0021550304
0.0021143251
0.0020739958
0.002033971
0.00199416
0.0019544872
0.0019149142
0.0018754081
0.0018359226
0.001796421
0.0017568812
0.0017172718
0.0016775446
0.0016376705
0.0015976228
0.0015573571
0.0015168422
0.0014760531
0.0014349549
0.0024918492
0.0024505559
0.0024085237
0.0023661043
0.0023236035
0.0022812702
0.0022392803
0.0021977188
0.0021565952
0.0021158768
0.0020755188
0.0020354553
0.0019956018
0.0019558863
0.0019162696
0.0018767184
0.0018371878
0.0017976414
0.001758056
0.0017184003
0.0016786279
0.0016387092
0.0015986171
0.0015583086
0.0015177521
0.0014769226
0.0014357856
)
;

boundaryField
{
    inlet
    {
        type            zeroGradient;
    }
    top
    {
        type            zeroGradient;
    }
    outlet
    {
        type            fixedValue;
        value           nonuniform List<scalar> 0();
    }
    slipsurface
    {
        type            slip;
    }
    bottom
    {
        type            zeroGradient;
    }
    frontandback
    {
        type            empty;
    }
    procBoundary14to4
    {
        type            processor;
        value           nonuniform List<scalar> 
17
(
0.002527482
0.00252751
0.0025275679
0.0025276581
0.0025277822
0.0025279417
0.0025281375
0.0025283699
0.0025286389
0.0025289444
0.0025292857
0.0025296621
0.0025300726
0.0025305164
0.0025309922
0.0025314987
0.0025320346
)
;
    }
    procBoundary14to11
    {
        type            processor;
        value           nonuniform List<scalar> 
27
(
0.002492538
0.0024514113
0.0024095579
0.0023673076
0.0023249517
0.0022827294
0.0022408125
0.0021992891
0.002158176
0.0021174475
0.0020770637
0.0020369638
0.0019970695
0.0019573122
0.0019176524
0.0018780565
0.0018384809
0.0017988897
0.0017592584
0.0017195562
0.0016797382
0.0016397744
0.0015996373
0.0015592852
0.0015186866
0.0014778158
0.0014366395
)
;
    }
    procBoundary14to13
    {
        type            processor;
        value           nonuniform List<scalar> 
17
(
0.0013840838
0.0013845919
0.0013851128
0.0013856481
0.0013861989
0.0013867664
0.0013873515
0.0013879551
0.001388578
0.0013892207
0.0013898841
0.0013905685
0.0013912743
0.0013920017
0.0013927509
0.0013935222
0.0013943157
)
;
    }
    procBoundary14to15
    {
        type            processor;
        value           nonuniform List<scalar> 
29
(
0.0018963741
0.001857587
0.0018187903
0.0017799512
0.0017410906
0.0017021676
0.0016630875
0.00162385
0.0024838016
0.0024386858
0.0023930817
0.0023476033
0.0023027086
0.0022587631
0.0022159665
0.0021742389
0.0021333548
0.0020931194
0.0020534575
0.0020142078
0.0019751459
0.0019361473
0.0019361473
0.0015850483
0.0015850483
0.0015453549
0.0015053889
0.0014651337
0.0014245388
)
;
    }
}


// ************************************************************************* //
