/*--------------------------------*- C++ -*----------------------------------*\
  =========                 |
  \\      /  F ield         | OpenFOAM: The Open Source CFD Toolbox
   \\    /   O peration     | Website:  https://openfoam.org
    \\  /    A nd           | Version:  12
     \\/     M anipulation  |
\*---------------------------------------------------------------------------*/
FoamFile
{
    format      ascii;
    class       volScalarField;
    location    "1900";
    object      omega;
}
// * * * * * * * * * * * * * * * * * * * * * * * * * * * * * * * * * * * * * //

dimensions      [0 0 -1 0 0 0 0];

internalField   nonuniform List<scalar> 
1745
(
44.078279
43.637094
43.199249
42.777921
42.56478
43.54593
50.209561
76.246146
147.78586
275.91939
433.47307
573.23928
669.37193
724.12637
751.17478
763.24328
764.85589
759.60321
746.67572
729.04875
709.2296
688.79137
668.68132
649.43056
631.30596
614.40547
598.73582
584.25781
570.90248
558.60422
547.29998
536.94561
527.50236
518.87782
510.9718
503.69305
496.9697
44.076764
43.637979
43.199634
42.752055
42.417486
42.72401
46.345847
62.22767
112.17303
216.09795
361.38323
505.75948
614.41237
680.92311
715.69739
732.30131
737.77586
735.73499
726.85204
711.97882
693.9709
674.69016
655.29639
636.46742
618.57173
601.77675
586.13597
571.63879
558.23285
545.85867
534.45324
523.96589
514.36064
505.589
497.56075
490.17919
483.37039
44.075723
43.638642
43.190719
42.734091
42.334572
42.272562
44.02581
53.269893
86.109808
165.8449
293.56023
437.04274
556.24092
635.06143
679.11283
700.77228
710.34117
711.17606
706.16528
694.47843
678.61399
660.72859
642.21978
623.93054
606.34437
589.70846
574.13193
559.63966
546.20128
533.76795
522.28061
511.68609
501.94103
493.01476
484.8537
477.35999
470.45773
44.075106
43.635264
43.181715
42.720647
42.286983
42.026952
42.719966
47.873451
68.160471
125.56012
232.29228
368.73561
495.16003
586.14082
640.5883
668.79838
682.28378
686.51317
684.3646
676.33997
662.99163
646.77426
629.34521
611.73336
594.55231
578.14009
562.67088
548.21232
534.76172
522.28559
510.73267
500.05097
490.19339
481.12472
472.81957
465.20383
458.19972
44.074782
43.628643
43.173458
42.710143
42.258806
41.894089
42.020461
44.620034
56.475346
95.097667
179.40333
302.9286
431.94986
533.94554
599.59567
635.88057
653.67015
661.49529
661.91225
657.35251
646.9214
632.68244
616.55785
599.78326
583.1198
567.00859
551.69901
537.30914
523.87
511.36854
499.76517
489.0126
479.06334
469.87788
461.43001
453.68177
446.56701
44.074555
43.623232
43.1664
42.70182
42.241466
41.822246
41.65093
42.75607
49.321376
73.595823
136.02931
241.9563
367.94483
478.55515
555.6783
601.18876
624.65245
635.89235
639.33723
637.28184
630.20769
618.29373
603.73226
587.98025
571.96578
556.24731
541.16049
526.88197
513.48286
500.97596
489.33754
478.52853
468.50415
459.2234
450.653
442.7674
435.53268
44.074294
43.619625
43.160887
42.695304
42.230299
41.783091
41.458056
41.776906
45.186447
59.426546
102.33372
188.04658
305.04323
420.48363
508.51851
564.19239
594.77901
609.77896
616.38848
616.6328
612.65398
603.43282
590.72996
576.21517
561.00274
545.78498
530.99657
516.88118
503.55691
491.0682
479.41173
468.56029
458.47485
449.1156
440.44566
432.43634
425.07214
44.074005
43.617367
43.156913
42.690412
42.222666
41.761323
41.358276
41.273265
42.81785
50.659468
77.986558
142.85969
245.52262
360.79099
458.04055
524.40537
563.25391
583.27746
592.89234
595.86913
594.04148
587.91098
577.39707
564.36755
550.13521
535.54473
521.14453
507.25472
494.04771
481.6059
469.95116
459.07213
448.93869
439.51479
430.76297
422.65267
415.16299
44.073917
43.616054
43.154194
42.686932
42.217221
41.748882
41.306892
41.018233
41.530615
45.614841
61.706145
107.16963
191.84437
301.1602
404.55569
481.44584
529.55293
555.95267
568.93924
574.70257
574.94275
571.54014
563.56375
552.30316
539.25801
525.44279
511.53679
497.94717
484.9089
472.54903
460.91985
450.0301
439.86189
430.38572
421.56616
413.37236
405.77656
44.073888
43.615292
43.152374
42.684541
42.213577
41.741722
41.280448
40.89094
40.886934
42.745942
51.571692
80.839562
146.03267
243.79429
348.90944
435.13352
493.17681
527.06007
544.59443
553.02659
555.75271
554.24361
549.04825
539.87219
528.25412
515.38707
502.09978
488.89886
476.09128
463.85609
452.28154
441.40106
431.21269
421.69629
412.82113
404.55769
396.87492
44.073851
43.614814
43.151149
42.682904
42.211207
41.737586
41.266833
40.828195
40.570736
41.210231
45.733275
63.018244
109.35445
191.21149
292.59103
385.63497
453.70486
496.08552
519.4164
530.9514
536.12722
536.55619
533.66539
526.90989
516.99266
505.27525
492.75267
480.04483
467.54193
455.48322
443.99886
433.15195
422.96041
413.41663
404.49718
396.17574
388.42084
44.073802
43.614494
43.150277
42.681719
42.209588
41.734873
41.259596
40.797427
40.417903
40.460325
42.519838
51.912296
81.932566
145.70109
237.70868
333.63454
410.88811
462.52544
492.72093
508.46552
516.03155
518.70663
517.52825
513.24376
505.32814
494.99255
483.40569
471.31373
459.20331
447.38338
436.03253
425.24894
415.07471
405.51816
396.56599
388.19711
380.38208
44.073718
43.614204
43.149534
42.680701
42.208266
41.732857
41.255322
40.782029
40.344792
40.101203
40.828268
45.535192
63.229618
108.87676
186.76696
280.46544
364.79364
425.93605
464.00445
485.103
495.59698
500.40697
501.09197
498.69368
493.10305
484.4096
473.95812
462.62637
451.01224
439.50549
428.34053
417.65666
407.52478
397.97287
389.00077
380.59492
372.73018
44.073508
43.613735
43.148612
42.679482
42.206712
41.730676
41.251994
40.773463
40.309401
39.931554
39.997261
42.117343
51.608089
81.214034
142.26242
228.15066
315.99147
386.02434
432.7634
460.24411
474.72056
481.6803
484.39624
483.55482
480.15907
473.38154
464.29615
453.89403
442.8987
431.7935
420.8773
410.33747
400.27866
390.75257
381.7755
373.34397
365.43936
44.072972
43.612706
43.146985
42.677431
42.204206
41.727681
41.248198
40.767092
40.290699
39.851047
39.609084
40.348046
44.991806
62.303412
106.0481
179.1914
265.71067
342.79463
398.54083
433.39458
452.89647
462.67919
467.26455
468.20516
466.32833
461.75126
454.29144
445.01636
434.78435
424.18532
413.59287
403.25061
393.30245
383.8282
374.86423
366.41999
358.4857
44.071782
43.610524
43.143848
42.673568
42.199681
41.722545
41.242388
40.759881
40.277806
39.810206
39.428099
39.481887
41.515349
50.637899
78.851128
136.20938
215.91882
296.74784
361.01825
404.05248
429.57106
443.19606
449.76872
452.52581
452.06301
449.36438
443.80238
435.87956
426.58069
416.6115
406.43189
396.35148
386.55958
377.16911
368.24041
359.79899
351.84641
44.069595
43.60654
43.138296
42.666758
42.191837
41.71381
41.232883
40.749396
40.264576
39.784493
39.339861
39.084023
39.753768
44.091738
60.341873
101.21696
169.13595
249.06222
320.1681
371.75453
404.25703
422.67036
432.01923
436.45731
437.66548
436.29417
432.68128
426.35573
418.18704
408.99359
399.33252
389.59072
380.01008
370.74235
361.87623
353.45662
345.49916
44.066257
43.6004
43.129767
42.65623
42.179656
41.700268
41.218233
40.73372
40.247281
39.76152
39.289472
38.896823
38.904388
40.719976
49.075465
75.089598
128.05934
201.69426
276.4661
336.17211
376.45431
400.61571
413.70994
420.10711
422.88944
422.91966
420.7778
416.30594
409.48888
401.24216
392.225
382.9132
373.60968
364.51196
355.74192
347.36751
339.42149
44.061936
43.592335
43.11844
42.642059
42.163047
41.681605
41.197871
40.711923
40.224016
39.735274
39.251144
38.799201
38.516039
39.055017
42.890459
57.527601
94.792792
157.20149
231.09104
297.27331
345.69851
376.54883
394.26805
403.44505
407.76603
409.30831
408.37069
405.59223
400.35823
393.25515
385.02995
376.25674
367.30899
358.43822
349.80507
341.50462
333.59015
44.057055
43.583121
43.105211
42.625196
42.142955
41.658684
41.172509
40.68447
40.194694
39.703688
39.213714
38.736149
38.327955
38.26672
39.768925
47.053966
70.25154
118.33439
186.03766
255.55091
311.66495
349.9709
373.25011
386.08647
392.42682
395.33723
395.76652
394.17237
390.65875
384.91729
377.65648
369.55056
361.05228
352.47679
344.02992
335.83863
327.98054
44.052099
43.573452
43.091165
42.607034
42.120981
41.633225
41.143903
40.653057
40.160777
39.667323
39.173655
38.68442
38.222951
37.904635
38.273527
41.475139
54.106553
87.22329
143.92717
212.23694
274.34478
320.4213
350.17377
367.53065
376.70838
381.0865
382.85523
382.40461
380.25565
376.1031
370.0007
362.71343
354.77622
346.57774
338.37658
330.3372
322.56605
44.047456
43.564023
43.077349
42.588985
42.098846
41.607202
41.114226
40.619989
40.12459
39.628208
39.131293
38.635757
38.151038
37.724198
37.58191
38.724164
44.747559
64.71042
107.54277
169.41404
234.29104
287.59421
324.54056
347.33381
360.14402
366.62215
369.63185
370.4526
369.33942
366.68759
361.94593
355.65199
348.40819
340.68434
332.80011
324.9643
317.31743
44.043352
43.555555
43.06474
42.572237
42.078002
41.582346
41.085476
40.587504
40.088557
39.588804
39.088513
38.588521
38.092638
37.61977
37.262326
37.44722
39.940535
50.359
78.969175
129.80101
192.84634
251.53451
295.8993
325.01133
342.30033
351.6655
356.20871
358.17212
358.1997
356.59706
353.36729
348.26037
341.86462
334.73153
327.24942
319.67935
312.20215
44.039872
43.548341
43.053802
42.557489
42.059397
41.559864
41.059132
40.557349
40.054676
39.551301
39.047441
38.54353
38.041155
37.547848
37.100582
36.87417
37.653525
42.351463
58.862912
96.175464
152.2274
212.90199
263.98055
300.06538
322.72984
335.73637
342.49976
345.63098
346.79584
346.1577
344.14376
340.42326
335.04986
328.64419
321.66595
314.43632
307.18359
44.037005
43.542358
43.044629
42.545006
42.043486
41.540421
41.036079
40.530643
40.024304
39.517277
39.009782
38.502118
37.995019
37.491518
37.006216
36.609066
36.623314
38.40898
46.578495
70.489489
115.27852
173.21284
228.92002
272.06331
300.94353
318.4321
328.1316
332.93019
335.1149
335.55587
334.43873
332.02642
327.85683
322.33558
315.98211
309.1825
302.22018
44.034686
43.537489
43.037119
42.534829
42.03042
41.524275
41.016708
40.507924
39.998149
39.487627
38.976597
38.465323
37.95423
37.444611
36.942215
36.474523
36.171005
36.613459
40.047779
53.090684
84.700129
134.86273
191.54067
240.79666
276.44774
299.29751
312.68879
319.84843
323.26057
324.65994
324.51499
323.01927
320.17226
315.70706
310.11987
303.85711
297.26431
44.032834
43.533584
43.031076
42.527042
42.020212
41.511405
41.000995
40.489225
39.976344
39.462615
38.948292
38.43364
37.918977
37.404944
36.893859
36.396396
35.963198
35.827959
36.981745
43.005079
62.170302
100.79678
153.5928
206.53879
248.84373
277.83755
295.75924
305.94216
311.17359
313.53666
314.35053
313.69287
311.88775
308.6513
303.99006
298.38966
292.26093
285.87967
279.44698
273.09929
266.92096
44.031364
43.530482
43.026275
42.521913
42.012551
41.501361
40.988465
40.474103
39.958519
39.44197
38.924717
38.407024
37.889179
37.371583
36.855259
36.344371
35.858386
35.48855
35.642425
37.958634
47.708
73.57563
117.68477
170.34049
218.01906
253.56959
276.87669
290.84413
298.53072
302.2809
303.94365
304.20662
303.17849
301.06347
297.49403
292.69861
287.14604
281.16416
275.00339
268.83573
262.77038
44.030203
43.528033
43.022493
42.517481
42.006232
41.493095
40.978227
40.461779
39.94398
39.425082
38.905343
38.385032
37.864426
37.343847
36.823839
36.306103
35.798067
35.33453
35.074939
35.703654
39.835228
54.432824
86.79912
134.23765
184.44234
226.15195
255.54143
274.12904
284.94828
290.69541
293.39484
294.46244
294.27615
292.94867
290.53022
286.69117
281.84529
276.36262
270.54856
264.61623
258.70422
44.029285
43.526104
43.019522
42.511778
41.999962
41.485779
40.969577
40.451586
39.932071
39.411297
38.889533
38.367049
37.844124
37.321052
36.798207
36.27638
35.758456
35.257511
34.834104
34.757323
36.155838
42.986676
63.250735
101.06708
149.46644
195.61685
231.29514
255.31732
270.04426
278.37913
282.63943
284.53195
285.1449
284.56186
283.00236
280.26686
276.27377
271.40763
266.02993
260.39957
254.68981
319.82659
190.06383
134.53161
105.41004
88.052254
76.778616
69.000629
63.392461
59.212565
56.016804
53.524233
51.549051
49.963764
48.678149
47.62665
46.760615
46.043074
45.446302
44.946928
319.82659
190.06383
134.5316
105.41004
88.052253
76.778615
69.000628
63.392461
59.212564
56.016803
53.524233
51.549051
49.963764
48.678149
47.626651
46.760616
46.043076
45.446301
44.94695
44.529415
319.82659
190.06383
134.5316
105.41003
88.052252
76.778614
69.000628
63.39246
59.212564
56.016803
53.524233
51.549051
49.963764
48.678149
47.626651
46.760616
46.043078
45.4463
44.946979
44.529504
319.82659
190.06382
134.5316
105.41003
88.052251
76.778614
69.000627
63.39246
59.212564
56.016803
53.524232
51.549051
49.963764
48.67815
47.626652
46.760617
46.04308
45.446299
44.947021
44.529606
319.82659
190.06382
134.5316
105.41003
88.05225
76.778613
69.000626
63.392459
59.212563
56.016802
53.524232
51.549051
49.963764
48.67815
47.626652
46.760617
46.043083
45.446298
44.947093
44.529735
319.82659
190.06382
134.5316
105.41003
88.052249
76.778612
69.000626
63.392458
59.212563
56.016802
53.524232
51.54905
49.963764
48.67815
47.626653
46.760618
46.043085
45.446297
44.947227
44.52992
319.82659
190.06382
134.5316
105.41003
88.052248
76.778611
69.000625
63.392458
59.212562
56.016802
53.524231
51.54905
49.963764
48.67815
47.626653
46.760618
46.043088
45.446295
44.947484
44.530176
319.82659
190.06382
134.5316
105.41003
88.052246
76.778609
69.000624
63.392457
59.212561
56.016801
53.524231
51.54905
49.963764
48.67815
47.626654
46.760619
46.04309
45.446292
44.947852
44.530396
319.82659
190.06382
134.5316
105.41003
88.052245
76.778608
69.000622
63.392456
59.212561
56.0168
53.524231
51.54905
49.963764
48.678151
47.626654
46.76062
46.043093
45.446289
44.948153
44.530357
319.82659
190.06381
134.53159
105.41002
88.052243
76.778606
69.000621
63.392455
59.21256
56.0168
53.52423
51.54905
49.963764
48.678151
47.626655
46.76062
46.043096
45.446284
44.948292
44.530752
319.82659
190.06381
134.53159
105.41002
88.052241
76.778604
69.000619
63.392453
59.212558
56.016799
53.52423
51.549049
49.963764
48.678151
47.626656
46.760621
46.043099
45.446279
44.948323
44.530958
319.82659
190.06381
134.53159
105.41002
88.052239
76.778603
69.000617
63.392452
59.212557
56.016798
53.524229
51.549049
49.963764
48.678151
47.626656
46.760621
46.043104
45.446271
44.948303
44.53099
319.82659
190.06381
134.53159
105.41002
88.052237
76.7786
69.000616
63.39245
59.212556
56.016796
53.524228
51.549048
49.963764
48.678151
47.626657
46.760622
46.043109
45.446257
44.948279
44.530985
319.82659
190.06381
134.53159
105.41002
88.052235
76.778598
69.000613
63.392448
59.212554
56.016795
53.524227
51.549047
49.963763
48.678151
47.626657
46.760622
46.043115
45.44624
44.948257
44.53097
319.82659
190.0638
134.53159
105.41002
88.052233
76.778596
69.000611
63.392446
59.212552
56.016794
53.524226
51.549046
49.963763
48.678151
47.626658
46.760622
46.043121
45.446225
44.948225
44.53094
319.82659
190.0638
134.53158
105.41001
88.052231
76.778593
69.000609
63.392443
59.21255
56.016792
53.524224
51.549045
49.963762
48.67815
47.626658
46.760623
46.043127
45.446214
44.948197
44.530899
319.82659
190.0638
134.53158
105.41001
88.052228
76.778591
69.000606
63.392441
59.212548
56.01679
53.524222
51.549044
49.963761
48.67815
47.626658
46.760623
46.043132
45.446205
44.94818
44.530858
319.82659
190.0638
134.53158
105.41001
88.052226
76.778588
69.000603
63.392438
59.212545
56.016787
53.52422
51.549042
49.96376
48.678149
47.626658
46.760623
46.043137
45.446196
44.948172
44.530821
319.82659
190.06379
134.53158
105.41001
88.052224
76.778586
69.0006
63.392435
59.212542
56.016785
53.524218
51.54904
49.963759
48.678148
47.626658
46.760622
46.043141
45.446188
44.94817
44.530786
319.82659
190.06379
134.53158
105.41001
88.052222
76.778583
69.000597
63.392432
59.212539
56.016782
53.524216
51.549038
49.963757
48.678147
47.626658
46.760622
46.043145
45.446181
44.94817
44.530754
319.82659
190.06379
134.53158
105.41001
88.05222
76.77858
69.000594
63.392429
59.212536
56.016779
53.524213
51.549036
49.963755
48.678146
47.626657
46.760622
46.043149
45.446174
44.948171
44.530722
319.82659
190.06378
134.53157
105.41
88.052218
76.778578
69.000591
63.392426
59.212533
56.016776
53.52421
51.549033
49.963753
48.678144
47.626657
46.760621
46.043153
45.446168
44.948172
44.53069
319.82659
190.06378
134.53157
105.41
88.052216
76.778575
69.000588
63.392422
59.212529
56.016772
53.524207
51.549031
49.96375
48.678142
47.626656
46.76062
46.043157
45.446162
44.948174
44.530658
319.82659
190.06378
134.53157
105.41
88.052215
76.778573
69.000586
63.392419
59.212526
56.016769
53.524203
51.549027
49.963748
48.67814
47.626654
46.760619
46.043161
45.446157
44.948175
44.530626
319.82659
190.06377
134.53157
105.41
88.052213
76.778571
69.000583
63.392416
59.212523
56.016765
53.5242
51.549024
49.963745
48.678137
47.626653
46.760617
46.043165
45.446153
44.948176
44.530594
319.82659
190.06377
134.53157
105.41
88.052212
76.778569
69.00058
63.392413
59.212519
56.016762
53.524196
51.549021
49.963742
48.678135
47.626651
46.760616
46.043168
45.446148
44.948177
44.530562
319.82659
190.06377
134.53157
105.41
88.052211
76.778568
69.000578
63.39241
59.212516
56.016758
53.524193
51.549017
49.963739
48.678132
47.626649
46.760614
46.043171
45.446145
44.948177
44.53053
319.82659
190.06376
134.53156
105.41
88.05221
76.778566
69.000576
63.392408
59.212513
56.016755
53.524189
51.549014
49.963735
48.678129
47.626647
46.760612
46.043174
45.446141
44.948177
44.530498
319.82659
190.06376
134.53156
105.41
88.052209
76.778565
69.000575
63.392405
59.21251
56.016752
53.524186
51.54901
49.963732
48.678126
47.626644
46.76061
46.043177
45.446138
44.948175
44.530464
319.82659
190.06375
134.53156
105.41
88.052209
76.778564
69.000573
63.392404
59.212508
56.016749
53.524183
51.549007
49.963729
48.678123
47.626642
46.760608
46.04318
45.446136
44.948173
44.53043
319.82659
190.06375
134.53156
105.41
88.052208
76.778564
69.000572
63.392402
59.212506
56.016747
53.52418
51.549004
49.963726
48.67812
47.62664
46.760606
46.043183
45.446134
44.948171
44.530396
)
;

boundaryField
{
    inlet
    {
        type            fixedValue;
        value           uniform 750;
    }
    top
    {
        type            zeroGradient;
    }
    outlet
    {
        type            zeroGradient;
    }
    slipsurface
    {
        type            slip;
    }
    bottom
    {
        beta1           0.075;
        blended         false;
        type            omegaWallFunction;
        value           nonuniform List<scalar> 0();
    }
    frontandback
    {
        type            empty;
    }
    procBoundary4to2
    {
        type            processor;
        value           nonuniform List<scalar> 
30
(
490.73839
477.06777
464.07668
451.7328
440.00642
428.8702
418.29905
408.27002
398.76212
389.75297
381.21036
373.09784
365.38402
358.0414
351.04524
344.3728
338.00257
331.91371
326.08537
320.49619
315.12367
309.94359
304.92938
300.0515
295.2767
290.56718
290.56718
283.92461
277.44259
271.18448
)
;
    }
    procBoundary4to3
    {
        type            processor;
        value           nonuniform List<scalar> 4(260.96572 256.88041 252.90899 249.02535);
    }
    procBoundary4to5
    {
        type            processor;
        value           nonuniform List<scalar> 
61
(
44.02856
43.524586
43.017185
42.507481
41.995009
41.479877
40.962573
40.44334
39.922447
39.400163
38.876754
38.352492
37.827652
37.302518
36.777403
36.252765
35.729816
35.213468
34.726247
34.370344
34.596415
37.198637
47.6671
73.721841
115.44263
162.6956
203.8875
233.9111
253.37573
264.9926
271.37587
274.47811
275.80533
276.00735
275.11896
273.32958
270.33875
266.22161
261.38618
256.13781
250.68944
319.82659
190.06375
134.53156
105.41
88.052208
76.778564
69.000571
63.392401
59.212504
56.016744
53.524177
51.549001
49.963723
48.678117
47.626638
46.760604
46.043187
45.446133
44.948168
44.530363
)
;
    }
    procBoundary4to7
    {
        type            processor;
        value           nonuniform List<scalar> 
58
(
44.080289
43.638254
43.203659
42.824454
42.828863
45.024123
56.497896
97.062874
193.60562
344.06562
507.6636
638.3806
721.17705
765.18003
786.13508
793.52598
791.89117
782.31672
765.86161
745.88156
724.54333
703.1547
682.47393
662.90167
644.61549
627.65361
611.98439
597.5464
584.25934
572.05589
560.87726
550.68528
541.40396
532.9147
525.12086
517.93605
511.29046
319.82659
190.06383
134.53161
105.41004
88.052254
76.778616
69.000629
63.392461
59.212565
56.016804
53.524233
51.549051
49.963764
48.678149
47.62665
46.760615
46.043072
45.446303
44.94691
44.529335
44.529335
)
;
    }
}


// ************************************************************************* //
