/*--------------------------------*- C++ -*----------------------------------*\
  =========                 |
  \\      /  F ield         | OpenFOAM: The Open Source CFD Toolbox
   \\    /   O peration     | Website:  https://openfoam.org
    \\  /    A nd           | Version:  12
     \\/     M anipulation  |
\*---------------------------------------------------------------------------*/
FoamFile
{
    format      ascii;
    class       volScalarField;
    location    "400";
    object      k;
}
// * * * * * * * * * * * * * * * * * * * * * * * * * * * * * * * * * * * * * //

dimensions      [0 2 -2 0 0 0 0];

internalField   nonuniform List<scalar> 
471
(
0.00014036547
0.00014025638
0.00014014352
0.00014002714
0.00013990721
0.00013978362
0.00013965624
0.00013952492
0.00013938953
0.00013924987
0.00013910579
0.00013895709
0.00013880357
0.00013864504
0.00013848129
0.00013831214
0.00013813738
0.00013795683
0.0001405678
0.00014046104
0.00014035061
0.00014023676
0.00014011944
0.00013999855
0.00013987396
0.00013974553
0.00013961312
0.00013947655
0.00013933566
0.00013919026
0.00013904017
0.00013888519
0.00013872514
0.0001385598
0.00013838901
0.00013821256
0.00014077074
0.00014066632
0.00014055832
0.00014044699
0.00014033227
0.00014021408
0.00014009227
0.00013996673
0.00013983729
0.0001397038
0.00013956609
0.00013942399
0.00013927732
0.0001391259
0.00013896952
0.00013880801
0.00013864117
0.00013846883
0.00014097344
0.00014087135
0.00014076577
0.00014065694
0.00014054482
0.0001404293
0.00014031026
0.00014018758
0.00014006109
0.00013993066
0.00013979612
0.0001396573
0.00013951403
0.00013936613
0.00013921341
0.00013905569
0.00013889279
0.00013872453
0.00014117515
0.00014107537
0.00014097219
0.00014086584
0.00014075628
0.00014064341
0.00014052711
0.00014040726
0.0001402837
0.00014015629
0.00014002489
0.00013988931
0.00013974941
0.00013960499
0.00013945589
0.00013930193
0.00013914292
0.00013897869
0.00014137521
0.00014127771
0.00014117689
0.00014107299
0.00014096596
0.00014085571
0.00014074211
0.00014062504
0.00014050437
0.00014037995
0.00014025163
0.00014011926
0.00013998267
0.00013984169
0.00013969616
0.00013954589
0.00013939072
0.00013923047
0.00014157304
0.00014147779
0.0001413793
0.0001412778
0.00014117326
0.00014106557
0.00014095463
0.00014084031
0.00014072247
0.00014060099
0.00014047571
0.00014034648
0.00014021315
0.00014007555
0.00013993352
0.00013978688
0.00013963548
0.00013947913
0.00014176813
0.00014167509
0.00014157889
0.00014147975
0.00014137765
0.00014127249
0.00014116415
0.00014105251
0.00014093746
0.00014081885
0.00014069655
0.0001405704
0.00014044026
0.00014030597
0.00014016737
0.0001400243
0.00013987659
0.00013972407
0.00014196008
0.00014186921
0.00014177524
0.00014167842
0.0001415787
0.000141476
0.00014137021
0.00014126121
0.00014114887
0.00014103308
0.00014091368
0.00014079055
0.00014066353
0.00014053248
0.00014039723
0.00014025764
0.00014011353
0.00013996475
0.00014214854
0.00014205978
0.000141968
0.00014187343
0.00014177604
0.00014167575
0.00014157244
0.00014146601
0.00014135633
0.00014124328
0.00014112673
0.00014100653
0.00014088256
0.00014075466
0.00014062269
0.00014048648
0.00014034589
0.00014020075
0.00014233322
0.00014224652
0.00014215687
0.00014206451
0.00014196939
0.00014187144
0.00014177056
0.00014166662
0.00014155953
0.00014144915
0.00014133536
0.00014121804
0.00014109703
0.0001409722
0.00014084341
0.00014071051
0.00014057334
0.00014043174
0.0001425139
0.00014242921
0.00014234164
0.00014225142
0.00014215851
0.00014206284
0.00014196431
0.00014186281
0.00014175823
0.00014165046
0.00014153936
0.00014142481
0.00014130669
0.00014118485
0.00014105915
0.00014092945
0.00014079561
0.00014065746
0.00014269043
0.00014260769
0.00014252214
0.000142434
0.00014234324
0.00014224979
0.00014215355
0.00014205441
0.00014195227
0.00014184702
0.00014173854
0.00014162669
0.00014151137
0.00014139243
0.00014126973
0.00014114314
0.00014101252
0.00014087771
0.0001428627
0.00014278186
0.00014269827
0.00014261214
0.00014252347
0.00014243217
0.00014233815
0.0001422413
0.00014214154
0.00014203873
0.00014193278
0.00014182356
0.00014171095
0.00014159481
0.00014147503
0.00014135146
0.00014122396
0.00014109239
0.00014303064
0.00014295164
0.00014286995
0.00014278579
0.00014269913
0.00014260992
0.00014251805
0.00014242343
0.00014232596
0.00014222553
0.00014212203
0.00014201535
0.00014190536
0.00014179195
0.00014167499
0.00014155434
0.00014142986
0.00014130143
0.00014319425
0.00014311703
0.00014303718
0.00014295492
0.00014287022
0.00014278303
0.00014269325
0.00014260078
0.00014250553
0.0001424074
0.00014230628
0.00014220206
0.00014209462
0.00014198384
0.00014186961
0.00014175178
0.00014163023
0.00014150483
0.00014335354
0.00014327805
0.00014319999
0.00014311956
0.00014303677
0.00014295153
0.00014286377
0.00014277339
0.0001426803
0.00014258439
0.00014248557
0.00014238373
0.00014227875
0.00014217052
0.00014205892
0.00014194383
0.00014182512
0.00014170265
0.00014176589
0.00014128764
0.00014094014
0.00014068643
0.00014050042
0.00014867667
0.00014637721
0.00014469603
0.00014347191
0.00014258289
0.00014193797
0.00014147013
0.00014113019
0.00014088193
0.00014069988
0.00014870416
0.00014645311
0.00014480806
0.00014361063
0.0001427412
0.0001421106
0.00014165319
0.00014132081
0.00014107802
0.00014089993
0.00014873166
0.00014652899
0.00014492004
0.00014374926
0.00014289938
0.00014228306
0.00014183605
0.00014151121
0.00014127389
0.00014109976
0.00014875905
0.00014660458
0.00014503155
0.00014388729
0.00014305684
0.00014245473
0.00014201804
0.00014170069
0.0001414688
0.00014129861
0.00014878626
0.00014667963
0.00014514223
0.00014402426
0.00014321308
0.00014262503
0.00014219857
0.00014188864
0.00014166212
0.00014149585
0.00014881319
0.00014675391
0.00014525176
0.00014415977
0.00014336764
0.00014279348
0.00014237712
0.0001420745
0.00014185329
0.00014169088
0.00014883979
0.00014682724
0.00014535986
0.0001442935
0.00014352014
0.00014295966
0.00014255324
0.00014225783
0.00014204185
0.00014188324
0.00014886599
0.00014689946
0.00014546629
0.00014442515
0.00014367024
0.00014312322
0.00014272656
0.00014243822
0.00014222738
0.0001420725
0.00014889175
0.00014697044
0.00014557088
0.00014455448
0.00014381767
0.00014328384
0.00014289676
0.00014261536
0.00014240954
0.00014225833
0.00014891703
0.00014704007
0.00014567345
0.00014468129
0.00014396222
0.00014344131
0.00014306359
0.00014278897
0.00014258808
0.00014244044
0.00014894179
0.00014710827
0.00014577388
0.00014480544
0.00014410371
0.00014359542
0.00014322686
0.00014295886
0.00014276277
0.00014261863
0.00014896601
0.00014717496
0.00014587207
0.0001449268
0.00014424201
0.00014374604
0.00014338641
0.00014312487
0.00014293347
0.00014279273
0.00014898968
0.00014724011
0.00014596798
0.00014504531
0.00014437703
0.00014389307
0.00014354214
0.00014328689
0.00014310006
0.00014296263
0.00014901278
0.00014730369
0.00014606154
0.00014516091
0.00014450872
0.00014403646
0.000143694
0.00014344488
0.00014326248
0.00014312828
0.00014903531
0.00014736569
0.00014615277
0.0001452736
0.00014463707
0.00014417619
0.00014384198
0.00014359881
0.00014342073
0.00014328966
0.00014905728
0.00014742611
0.00014624165
0.00014538338
0.0001447621
0.00014431229
0.00014398609
0.00014374871
0.00014357483
0.0001434468
)
;

boundaryField
{
    inlet
    {
        type            fixedValue;
        value           uniform 0.00015;
    }
    top
    {
        type            zeroGradient;
    }
    outlet
    {
        type            zeroGradient;
    }
    slipsurface
    {
        type            slip;
    }
    bottom
    {
        type            kqRWallFunction;
        value           nonuniform List<scalar> 0();
    }
    frontandback
    {
        type            empty;
    }
    procBoundary6to2
    {
        type            processor;
        value           nonuniform List<scalar> 
28
(
0.00014350859
0.00014343477
0.00014335844
0.0001432798
0.00014319884
0.0001431155
0.00014302969
0.00014294133
0.00014285032
0.00014275657
0.00014265998
0.00014256044
0.00014245784
0.00014235208
0.00014224303
0.00014213058
0.0001420146
0.00014189497
0.00014907869
0.00014748499
0.00014632824
0.0001454903
0.00014488385
0.00014444481
0.0001441264
0.00014389465
0.00014372484
0.00014359977
)
;
    }
    procBoundary6to4
    {
        type            processor;
        value           nonuniform List<scalar> 
17
(
0.00013777027
0.00013803027
0.00013829079
0.00013855072
0.00013880906
0.00013906496
0.00013931768
0.00013956658
0.00013981113
0.00014005091
0.00014028558
0.00014051486
0.00014073858
0.00014095661
0.0001411689
0.00014137544
0.00014157629
)
;
    }
    procBoundary6to7
    {
        type            processor;
        value           nonuniform List<scalar> 
29
(
0.0001401647
0.00014005329
0.00013993802
0.00013981912
0.00013969658
0.00013957029
0.00013944012
0.00013930593
0.00013916756
0.00013902483
0.00013887757
0.00013872557
0.00013856863
0.00013840656
0.00013823916
0.00013806621
0.00013788752
0.00013770291
0.00014159519
0.00014110658
0.00014075156
0.00014049243
0.00014030251
0.0001486493
0.00014630162
0.00014458443
0.00014333369
0.00014242512
0.00014242512
)
;
    }
}


// ************************************************************************* //
