/*--------------------------------*- C++ -*----------------------------------*\
  =========                 |
  \\      /  F ield         | OpenFOAM: The Open Source CFD Toolbox
   \\    /   O peration     | Website:  https://openfoam.org
    \\  /    A nd           | Version:  12
     \\/     M anipulation  |
\*---------------------------------------------------------------------------*/
FoamFile
{
    format      ascii;
    class       volScalarField;
    location    "1000";
    object      nut;
}
// * * * * * * * * * * * * * * * * * * * * * * * * * * * * * * * * * * * * * //

dimensions      [0 2 -1 0 0 0 0];

internalField   nonuniform List<scalar> 
1745
(
8.740188e-05
8.7258556e-05
8.7110557e-05
8.6957718e-05
8.6800153e-05
8.6638073e-05
8.647174e-05
8.6301438e-05
8.6127516e-05
8.595019e-05
8.9589307e-05
8.94453e-05
8.92968e-05
8.9143583e-05
8.8985726e-05
8.8823416e-05
8.8656891e-05
8.8486417e-05
8.8312288e-05
8.8134805e-05
9.1813658e-05
9.1668962e-05
9.1519917e-05
9.1366274e-05
9.1208084e-05
9.1045506e-05
9.0878758e-05
9.0708087e-05
9.0533754e-05
9.0356072e-05
9.4074781e-05
9.3929364e-05
9.3779736e-05
9.3625625e-05
9.3467058e-05
9.3304174e-05
9.3137167e-05
9.2966267e-05
9.279171e-05
9.2613804e-05
9.6372462e-05
9.6226286e-05
9.6076035e-05
9.5921414e-05
9.5762428e-05
9.5599197e-05
9.5431893e-05
9.5260729e-05
9.5085921e-05
9.4907763e-05
9.8706436e-05
9.8559463e-05
9.8408546e-05
9.8253371e-05
9.8093923e-05
9.7930302e-05
9.7762663e-05
9.7591198e-05
9.7416106e-05
9.7237668e-05
0.00010107639
0.00010092858
0.00010077695
0.00010062118
0.00010046122
0.00010029717
0.00010012915
9.995735e-05
9.978194e-05
9.9603191e-05
0.00010348197
0.00010333328
0.0001031809
0.00010302447
0.00010286396
0.00010269943
0.00010253099
0.00010235881
0.00010218305
0.00010200395
0.00010592277
0.00010577315
0.00010561996
0.00010546284
0.00010530173
0.00010513667
0.00010496777
0.00010479516
0.000104619
0.00010443953
0.00010839833
0.00010824773
0.00010809369
0.00010793582
0.00010777406
0.00010760842
0.000107439
0.00010726593
0.00010708933
0.00010690944
0.00011090814
0.00011075652
0.00011060157
0.00011044291
0.00011028043
0.00011011417
0.00010994419
0.0001097706
0.00010959352
0.00010941317
0.00011345166
0.00011329897
0.00011314307
0.00011298355
0.00011282031
0.00011265336
0.00011248276
0.00011230861
0.000112131
0.00011195014
0.0001160283
0.00011587448
0.00011571756
0.00011555714
0.00011539308
0.00011522539
0.00011505412
0.00011487935
0.00011470116
0.00011451975
0.00011863742
0.00011848242
0.00011832444
0.00011816304
0.00011799811
0.00011782962
0.00011765762
0.00011748218
0.00011730336
0.00011712135
0.00012127836
0.00012112212
0.00012096301
0.00012080059
0.00012063471
0.00012046537
0.00012029258
0.0001201164
0.0001199369
0.00011975424
0.00012395041
0.00012379287
0.00012363258
0.00012346906
0.00012330219
0.00012313192
0.00012295829
0.00012278132
0.00012260107
0.00012241771
0.00012665285
0.00012649395
0.0001263324
0.00012616774
0.0001259998
0.00012582855
0.000125654
0.00012547617
0.00012529513
0.000125111
0.00012938492
0.0001292246
0.00012906174
0.00012889586
0.00012872678
0.00012855448
0.00012837895
0.00012820021
0.0001280183
0.00012783334
0.00013214588
0.00013198407
0.00013181983
0.00013165266
0.00013148238
0.00013130896
0.00013113238
0.00013095265
0.00013076981
0.00013058397
0.00013493496
0.00013477159
0.00013460591
0.00013443737
0.00013426583
0.00013409121
0.00013391351
0.00013373273
0.00013354889
0.0001333621
0.00013775142
0.00013758643
0.00013741922
0.00013724925
0.00013707636
0.00013690048
0.00013672159
0.00013653968
0.00013635477
0.00013616696
0.00014059454
0.00014042784
0.00014025904
0.00014008757
0.00013991326
0.00013973604
0.00013955587
0.00013937277
0.00013918671
0.00013899781
0.00014346364
0.00014329517
0.00014312469
0.00014295164
0.00014277583
0.00014259719
0.00014241568
0.00014223129
0.00014204402
0.00014185396
0.0001463581
0.00014618777
0.00014601555
0.00014584084
0.00014566345
0.0001454833
0.00014530037
0.00014511463
0.00014492606
0.00014473476
0.00014927738
0.00014910513
0.00014893108
0.00014875462
0.00014857557
0.00014839384
0.0001482094
0.00014802221
0.00014783227
0.00014763965
0.00015222107
0.0001520468
0.00015187083
0.00015169255
0.00015151175
0.00015132835
0.00015114232
0.00015095361
0.00015076221
0.00015056819
0.00015518886
0.00015501248
0.00015483452
0.00015465432
0.00015447169
0.00015428654
0.00015409882
0.00015390851
0.00015371556
0.00015352006
0.00015818062
0.00015800205
0.00015782201
0.00015763981
0.00015745525
0.00015726826
0.00015707877
0.00015688675
0.00015669217
0.00015649511
0.00016119642
0.00016101557
0.00016083335
0.00016064906
0.00016046249
0.00016027356
0.00016008221
0.00015988841
0.0001596921
0.00015949338
0.00016423657
0.00016405335
0.00016386886
0.00016368239
0.00016349371
0.00016330275
0.00016310945
0.00016291376
0.00016271564
0.00016251517
0.00016730165
0.00016711598
0.00016692912
0.00016674037
0.0001665495
0.00016635641
0.00016616106
0.00016596339
0.00016576336
0.00016556105
0.0001703926
0.00017020436
0.00017001505
0.00016982392
0.00016963075
0.00016943544
0.00016923794
0.0001690382
0.00016883616
0.00016863191
0.00017351071
0.00017331981
0.00017312794
0.00017293434
0.00017273877
0.00017254115
0.0001723414
0.00017213948
0.00017193534
0.00017172906
0.00017665771
0.00017646405
0.00017626954
0.00017607336
0.0001758753
0.00017567525
0.00017547316
0.00017526897
0.00017506263
0.00017485421
0.00017983586
0.00017963934
0.00017944207
0.00017924322
0.00017904257
0.00017884
0.00017863546
0.0001784289
0.00017822025
0.0001780096
0.00018304796
0.00018284849
0.00018264836
0.00018244674
0.00018224339
0.0001820382
0.00018183111
0.00018162207
0.00018141102
0.00018119804
0.00018629747
0.00018609494
0.00018589186
0.00018568737
0.00018548121
0.0001852733
0.00018506356
0.00018485195
0.0001846384
0.00018442299
0.00018958858
0.00018938289
0.00018917675
0.00018896929
0.00018876024
0.0001885495
0.00018833701
0.00018812273
0.00018790657
0.00018768863
0.00019292626
0.00019271731
0.00019250803
0.00019229749
0.00019208544
0.00019187179
0.00019165645
0.00019143939
0.00019122053
0.00019099996
0.00019631642
0.00019610411
0.00019589158
0.00019567787
0.00019546273
0.00019524605
0.00019502777
0.00019480784
0.00019458618
0.00019436288
0.00019976591
0.00019955016
0.00019933428
0.00019911732
0.00019889899
0.0001986792
0.00019845788
0.00019823498
0.00019801042
0.00019778431
0.00020328273
0.00020306344
0.00020284413
0.00020262381
0.00020240221
0.00020217922
0.00020195477
0.00020172882
0.00020150128
0.00020127226
0.00020687604
0.00020665313
0.00020643031
0.00020620656
0.00020598161
0.00020575533
0.00020552767
0.00020529858
0.00020506797
0.00020483596
0.00021055636
0.00021032975
0.00021010335
0.0002098761
0.00020964771
0.00020941807
0.00020918713
0.00020895482
0.00020872108
0.000208486
0.00021433566
0.00021410529
0.00021387524
0.00021364442
0.00021341253
0.00021317948
0.00021294519
0.00021270962
0.00021247267
0.00021223447
0.00021822753
0.00021799336
0.00021775962
0.00021752518
0.00021728977
0.00021705325
0.00021681558
0.00021657669
0.00021633651
0.00021609515
0.00022224746
0.00022200947
0.00022177201
0.00022153395
0.00022129498
0.00022105499
0.00022081391
0.0002205717
0.00022032827
0.00022008374
0.00022641314
0.00022617132
0.00022593018
0.00022568851
0.00022544602
0.00022520259
0.00022495814
0.00022471263
0.00022446599
0.00022421832
9.5502692e-05
9.4345375e-05
9.3382763e-05
9.2564748e-05
9.1863816e-05
9.1260182e-05
9.0738025e-05
9.0284215e-05
8.9887828e-05
8.9539639e-05
8.9232015e-05
8.8958488e-05
8.8713814e-05
8.8493614e-05
8.8294419e-05
8.8113418e-05
8.7948418e-05
8.7797396e-05
8.7659612e-05
8.7530208e-05
9.7691834e-05
9.6537544e-05
9.557773e-05
9.4761749e-05
9.4062123e-05
9.3459193e-05
9.2937262e-05
9.24833e-05
9.2086464e-05
9.1737601e-05
9.1429132e-05
9.115465e-05
9.090895e-05
9.0687704e-05
9.048747e-05
9.0305461e-05
9.013949e-05
8.9987517e-05
8.9848808e-05
8.9718375e-05
9.9917151e-05
9.8766006e-05
9.7809113e-05
9.6995281e-05
9.6297061e-05
9.5694921e-05
9.5173287e-05
9.4719232e-05
9.4321996e-05
9.3972499e-05
9.3663218e-05
9.3387806e-05
9.3141101e-05
9.2918825e-05
9.2717563e-05
9.2534548e-05
9.23676e-05
9.2214661e-05
9.2075001e-05
9.1943507e-05
0.00010217847
0.00010103059
0.00010007675
9.9265182e-05
9.8568469e-05
9.7967207e-05
9.7445942e-05
9.6991854e-05
9.6594267e-05
9.6244175e-05
9.5934115e-05
9.5657799e-05
9.541011e-05
9.5186818e-05
9.4984538e-05
9.480052e-05
9.4632587e-05
9.4478667e-05
9.4338031e-05
9.4205441e-05
0.00010447558
0.00010333108
0.00010238042
0.00010157124
0.00010087614
0.00010027584
9.9755022e-05
9.9300962e-05
9.8903073e-05
9.8552426e-05
9.8241618e-05
9.7964424e-05
9.7715774e-05
9.7491481e-05
9.728819e-05
9.710317e-05
9.6934245e-05
9.6779325e-05
9.6637688e-05
9.6503964e-05
0.00010680821
0.00010566723
0.00010471988
0.00010391321
0.00010321983
0.00010262058
0.00010210028
0.0001016463
0.00010124816
0.000100897
0.00010058548
0.00010030743
0.00010005784
9.9832561e-05
9.9628268e-05
9.9442244e-05
9.9272317e-05
9.9116379e-05
9.8973711e-05
9.8838816e-05
0.00010917605
0.00010803871
0.00010709482
0.00010629078
0.00010559922
0.00010500112
0.00010448141
0.00010402758
0.00010362924
0.0001032776
0.0001029654
0.00010268653
0.00010243601
0.00010220976
0.00010200447
0.00010181744
0.0001016465
0.00010148952
0.00010134579
0.00010120969
0.00011157875
0.00011044517
0.00010950488
0.0001087036
0.00010801397
0.00010741711
0.00010689806
0.00010644445
0.00010604596
0.00010569389
0.00010538103
0.00010510136
0.00010484994
0.00010462273
0.00010441645
0.00010422841
0.00010405644
0.0001038984
0.00010375358
0.00010361622
0.00011401589
0.00011288621
0.00011194966
0.00011115128
0.00011046369
0.00010986816
0.00010934986
0.00010889652
0.00010849793
0.00010814546
0.00010783199
0.00010755154
0.00010729924
0.00010707108
0.00010686381
0.00010667476
0.00010650175
0.00010634262
0.00010619667
0.00010605801
0.00011648702
0.00011536138
0.00011442872
0.00011363336
0.00011294794
0.00011235382
0.00011183635
0.00011138335
0.00011098471
0.00011063189
0.00011031783
0.00011003663
0.00010978347
0.00010955436
0.00010934611
0.00010915603
0.00010898196
0.00010882171
0.0001086746
0.0001085346
0.00011899164
0.00011787017
0.00011694156
0.00011614935
0.00011546621
0.00011487362
0.00011435704
0.00011390445
0.00011350581
0.00011315268
0.00011283807
0.00011255615
0.00011230213
0.0001120721
0.00011186286
0.00011167175
0.00011149659
0.0001113352
0.00011118689
0.00011104549
0.00012152921
0.00012041205
0.00011948764
0.00011869873
0.00011801797
0.000117427
0.00011691141
0.00011645929
0.0001160607
0.0001157073
0.00011539218
0.00011510955
0.0001148547
0.00011462374
0.00011441351
0.00011422136
0.0001140451
0.00011388253
0.00011373298
0.00011359013
0.00012409912
0.00012298643
0.00012206637
0.0001212809
0.00012060266
0.00012001341
0.00011949888
0.00011904729
0.00011864881
0.00011829519
0.00011797957
0.00011769627
0.0001174406
0.00011720873
0.00011699751
0.00011680429
0.00011662691
0.00011646313
0.00011631228
0.00011616794
0.00012670076
0.00012559268
0.00012467713
0.00012389525
0.00012321965
0.00012263222
0.00012211884
0.00012166785
0.00012126953
0.00012091572
0.00012059965
0.00012031569
0.00012005921
0.00011982643
0.00011961422
0.00011941993
0.00011924139
0.00011907636
0.00011892418
0.00011877829
0.00012933346
0.00012823014
0.00012731928
0.00012654112
0.00012586828
0.00012528277
0.00012477063
0.00012432031
0.0001239222
0.00012356825
0.00012325175
0.00012296716
0.00012270989
0.0001224762
0.00012226298
0.0001220676
0.00012188788
0.00012172156
0.000121568
0.0001214205
0.00013199651
0.00013089812
0.0001299921
0.00012921783
0.00012854787
0.0001279644
0.00012745357
0.00012700398
0.00012660615
0.00012625209
0.00012593521
0.00012565
0.00012539196
0.00012515736
0.00012494313
0.00012474663
0.00012456569
0.00012439804
0.00012424305
0.00012409388
0.00013468919
0.00013359589
0.00013269489
0.00013192466
0.00013125772
0.00013067638
0.00013016695
0.00012971818
0.00012932066
0.00012896655
0.0001286493
0.0001283635
0.00012810469
0.00012786919
0.00012765393
0.0001274563
0.00012727411
0.00012710507
0.00012694861
0.0001267977
0.00013741077
0.00013632271
0.00013542692
0.00013466088
0.00013399709
0.00013341799
0.00013291006
0.00013246216
0.00013206503
0.00013171089
0.00013139331
0.00013110694
0.00013084737
0.00013061096
0.00013039466
0.00013019586
0.00013001239
0.00012984193
0.00012968393
0.00012953121
0.00014016049
0.00013907785
0.00013818744
0.00013742575
0.00013676524
0.0001361885
0.00013568214
0.0001352352
0.0001348385
0.00013448439
0.00013416651
0.00013387958
0.00013361926
0.00013338193
0.00013316457
0.00013296459
0.00013277978
0.00013260786
0.00013244826
0.00013229367
0.00014293759
0.00014186054
0.0001409757
0.00014021853
0.00013956144
0.00013898716
0.00013848248
0.00013803655
0.00013764034
0.0001372863
0.00013696815
0.00013668069
0.00013641962
0.00013618137
0.00013596294
0.00013576173
0.00013557555
0.0001354021
0.00013524084
0.00013508432
0.00014574135
0.00014467007
0.00014379098
0.00014303849
0.00014238496
0.00014181327
0.00014131035
0.00014086551
0.00014046985
0.00014011591
0.00013979752
0.00013950954
0.00013924773
0.00013900854
0.00013878901
0.00013858654
0.00013839896
0.00013822393
0.00013806095
0.00013790241
0.00014857104
0.00014750571
0.00014663258
0.00014588494
0.00014523511
0.00014466611
0.00014416505
0.00014372138
0.00014332632
0.00014297253
0.00014265392
0.00014236543
0.00014210288
0.00014186275
0.0001416421
0.00014143834
0.00014124929
0.00014107262
0.00014090785
0.00014074723
0.00015142601
0.00015036681
0.00014949983
0.00014875722
0.00014811123
0.00014754505
0.00014704594
0.0001466035
0.0001462091
0.0001458555
0.0001455367
0.00014524772
0.00014498442
0.00014474334
0.00014452153
0.00014431644
0.00014412588
0.00014394751
0.00014378089
0.00014361809
0.00015430564
0.00015325277
0.00015239213
0.00015165472
0.00015101273
0.00015044948
0.00014995242
0.00014951129
0.0001491176
0.00014876423
0.00014844526
0.0001481558
0.00014789175
0.0001476497
0.00014742672
0.00014722025
0.00014702812
0.00014684799
0.00014667944
0.00014651439
0.00015720941
0.00015616307
0.00015530898
0.00015457695
0.00015393911
0.00015337891
0.00015288398
0.00015244424
0.00015205132
0.00015169821
0.0001513791
0.00015108917
0.00015082437
0.00015058132
0.00015035713
0.00015014924
0.00014995549
0.00014977353
0.00014960298
0.0001494356
0.00016013692
0.00015909729
0.00015824997
0.00015752351
0.00015688995
0.00015633292
0.00015584023
0.00015540196
0.00015500985
0.00015465705
0.00015433782
0.00015404742
0.00015378186
0.0001535378
0.00015331235
0.000153103
0.00015290756
0.00015272371
0.00015255108
0.00015238128
0.00016308788
0.00016205517
0.00016121482
0.00016049411
0.00015986499
0.00015931126
0.00015882091
0.00015838416
0.00015799294
0.00015764047
0.00015732114
0.00015703028
0.00015676395
0.00015651885
0.00015629212
0.00015608124
0.00015588406
0.00015569824
0.00015552345
0.00015535114
0.00016606218
0.0001650366
0.00016420344
0.00016348866
0.00016286414
0.00016231384
0.00016182591
0.00016139077
0.00016100047
0.00016064838
0.00016032897
0.00016003764
0.00015977053
0.00015952436
0.0001592963
0.00015908385
0.00015888487
0.000158697
0.00015851997
0.00015834505
0.00016905992
0.00016804167
0.00016721592
0.00016650726
0.0001658875
0.00016534074
0.00016485533
0.00016442187
0.00016403256
0.00016368087
0.0001633614
0.00016306961
0.0001628017
0.00016255443
0.000162325
0.00016211091
0.00016191005
0.00016172006
0.0001615407
0.00016136309
0.00017208144
0.00017107072
0.0001702526
0.00016955026
0.00016893541
0.00016839231
0.00016790952
0.00016747782
0.00016708953
0.00016673828
0.00016641876
0.00016612651
0.00016585778
0.00016560938
0.00016537852
0.00016516275
0.00016495994
0.00016476775
0.00016458598
0.00016440557
0.00017512734
0.00017412437
0.00017331411
0.00017261827
0.00017200848
0.00017146918
0.00017098911
0.00017055922
0.00017017201
0.00016982124
0.00016950167
0.00016920895
0.00016893938
0.00016868981
0.00016845748
0.00016823995
0.00016803512
0.00016784065
0.00016765638
0.00016747307
0.00017819859
0.00017720359
0.00017640139
0.00017571225
0.00017510769
0.00017457229
0.00017409504
0.00017366704
0.00017328096
0.00017293067
0.00017261107
0.00017231787
0.00017204744
0.00017179665
0.00017156281
0.00017134346
0.00017113653
0.0001709397
0.00017075282
0.00017056652
0.00018129652
0.00018030969
0.00017951579
0.00017883355
0.00017823435
0.000177703
0.00017722864
0.0001768026
0.00017641769
0.00017606792
0.00017574829
0.0001754546
0.00017518327
0.00017493124
0.00017469581
0.00017447458
0.00017426548
0.00017406619
0.00017387663
0.00017368722
0.00018442292
0.00018344448
0.0001826591
0.00018198393
0.00018139026
0.00018086306
0.00018039169
0.00017996767
0.00017958397
0.00017923475
0.00017891509
0.0001786209
0.00017834865
0.00017809531
0.00017785825
0.00017763506
0.00017742371
0.00017722188
0.00017702953
0.00017683691
0.00018758007
0.00018661023
0.00018583359
0.00018516568
0.00018457769
0.00018405476
0.00018358647
0.00018316453
0.00018278208
0.00018243341
0.00018211374
0.00018181902
0.00018154581
0.00018129113
0.00018105237
0.00018082715
0.00018061347
0.00018040901
0.00018021377
0.00018001784
0.00019077085
0.00018980982
0.00018904212
0.00018838166
0.0001877995
0.00018728095
0.00018681582
0.00018639602
0.00018601486
0.00018566676
0.00018534705
0.00018505179
0.00018477758
0.00018452151
0.00018428098
0.00018405367
0.00018383757
0.00018363039
0.00018343217
0.00018323282
0.00019399876
0.00019304674
0.0001922882
0.00019163537
0.00019105917
0.00019054511
0.00019008322
0.00018966561
0.00018928576
0.00018893825
0.00018861851
0.00018832267
0.00018804744
0.00018778992
0.00018754756
0.00018731807
0.00018709947
0.00018688948
0.00018668818
0.00018648531
0.00019726806
0.00019632524
0.00019557607
0.00019493103
0.00019436092
0.00019385146
0.00019339288
0.00019297751
0.000192599
0.00019225208
0.00019193229
0.00019163586
0.00019135955
0.00019110053
0.00019085629
0.00019062455
0.00019040336
0.00019019046
0.00018998599
0.00018977948
0.0002005838
0.00019965038
0.00019891075
0.00019827366
0.00019770978
0.000197205
0.00019674981
0.00019633672
0.00019595957
0.00019561324
0.00019529339
0.00019499634
0.00019471891
0.00019445833
0.00019421213
0.00019397807
0.00019375421
0.00019353832
0.00019333057
0.00019312033
0.00020395194
0.00020302809
0.00020229819
0.00020166921
0.00020111167
0.00020061166
0.0002001599
0.00019974912
0.00019937336
0.00019902762
0.00019870769
0.00019840999
0.0001981314
0.0001978692
0.00019762098
0.00019738451
0.00019715791
0.00019693894
0.00019672782
0.00019651374
0.00020737945
0.00020646532
0.00020574532
0.00020512457
0.00020457347
0.00020407831
0.00020363004
0.00020322161
0.00020284724
0.00020250209
0.00020218206
0.00020188366
0.00020160387
0.00020134
0.00020108969
0.00020085075
0.00020062132
0.00020039918
0.00020018459
0.00019996657
0.00021087437
0.00020997011
0.00020926015
0.00020864776
0.00020810319
0.00020761294
0.00020716819
0.00020676214
0.00020638917
0.00020604459
0.00020572444
0.00020542532
0.00020514427
0.00020487868
0.00020462622
0.00020438474
0.0002041524
0.00020392701
0.00020370887
0.00020348681
0.00021444596
0.0002135517
0.00021285189
0.00021224795
0.00021170999
0.0002112247
0.00021078352
0.00021037986
0.00021000829
0.00020966427
0.00020934398
0.0002090441
0.00020876176
0.00020849439
0.00020823971
0.00020799562
0.0002077603
0.00020753158
0.0002073098
0.00020708363
0.00021810478
0.00021722061
0.00021653106
0.00021593565
0.00021540435
0.00021492406
0.00021448647
0.0002140852
0.00021371503
0.00021337157
0.00021305111
0.00021275044
0.00021246676
0.00021219757
0.00021194062
0.00021169386
0.00021145551
0.00021122338
0.00021099789
0.00021076753
0.00022186278
0.00022098877
0.00022030955
0.00021972273
0.00021919814
0.00021872288
0.00021828889
0.00021789003
0.00021752126
0.00021717834
0.0002168577
0.00021655621
0.00021627116
0.00021600011
0.00021574086
0.00021549138
0.00021524993
0.00021501435
0.00021478508
0.00021455045
0.00022573344
0.00022486963
0.00022420078
0.00022362258
0.00022310473
0.00022263453
0.00022220418
0.00022180774
0.00022144037
0.00022109801
0.00022077717
0.00022047487
0.00022018844
0.0002199155
0.00021965391
0.00021940169
0.0002191571
0.00021891803
0.00021868494
0.00021844599
0.00022973185
0.00022887825
0.00022821979
0.00022765026
0.00022713918
0.00022667408
0.00022624739
0.00022585342
0.0002254875
0.00022514572
0.00022482474
0.00022452164
0.00022423384
0.00022395904
0.00022369512
0.00022344015
0.00022319243
0.00022294984
0.0002227129
0.00022246962
0.00023387481
0.00023303144
0.00023238341
0.00023182259
0.00023131835
0.00023085843
0.00023043551
0.00023004411
0.00022967975
0.00022933866
0.00022901763
0.00022871382
0.00022842475
0.00022814814
0.00022788195
0.00022762428
0.00022737345
0.00022712738
0.0002268866
0.000226639
0.00024629489
0.00024548244
0.00024486614
0.00024433198
0.00024384889
0.00024340517
0.00024299423
0.00024261122
0.0002422522
0.00024191382
0.00024159319
0.00024128778
0.00024099528
0.00024071363
0.00024044091
0.00024017535
0.00023991536
0.00023965893
0.00023940669
0.00023914614
0.00026332511
0.00026257194
0.00026201766
0.00026153709
0.00026109793
0.00026068938
0.00026030595
0.00025994382
0.00025959986
0.0002592714
0.00025895607
0.00025865178
0.00025835663
0.00025806887
0.0002577869
0.00025750917
0.00025723433
0.00025696053
0.00025668862
0.00025640535
0.0002766802
0.00027599609
0.00027551393
0.00027509546
0.00027470693
0.00027433851
0.000273986
0.00027364673
0.0002733186
0.00027299974
0.00027268853
0.00027238346
0.00027208315
0.00027178631
0.00027149173
0.00027119818
0.00027090459
0.00027060929
0.00027031342
0.00027000277
0.00028388935
0.00028326278
0.00028284076
0.00028247409
0.00028212774
0.00028179259
0.00028146548
0.00028114471
0.00028082903
0.00028051732
0.00028020858
0.00027990187
0.00027959629
0.00027929095
0.00027898499
0.00027867749
0.00027836759
0.0002780538
0.00027773754
0.00027740373
0.00028623021
0.00028562911
0.00028523371
0.00028488992
0.00028456213
0.00028424149
0.00028392532
0.00028361236
0.00028330173
0.00028299267
0.00028268449
0.0002823765
0.00028206805
0.00028175843
0.00028144695
0.00028113282
0.00028081529
0.00028049295
0.00028016734
0.00027982299
0.00028682943
0.00028623362
0.00028584372
0.00028550463
0.0002851806
0.00028486287
0.00028454883
0.00028423733
0.00028392758
0.0002836189
0.00028331067
0.00028300226
0.00028269305
0.00028238241
0.00028206964
0.000281754
0.00028143477
0.00028111054
0.00028078289
0.00028043626
0.00028711339
0.00028651834
0.00028612924
0.00028579084
0.00028546735
0.00028515002
0.00028483628
0.00028452496
0.00028421531
0.00028390666
0.00028359838
0.00028328987
0.00028298051
0.00028266967
0.00028235667
0.00028204077
0.00028172124
0.00028139668
0.00028106867
0.00028072165
0.00028734018
0.00028674531
0.00028635641
0.00028601818
0.00028569482
0.00028537758
0.00028506389
0.00028475261
0.00028444296
0.00028413429
0.00028382598
0.00028351741
0.00028320799
0.00028289707
0.00028258398
0.00028226797
0.00028194833
0.00028162364
0.0002812955
0.00028094832
0.00028754418
0.0002869494
0.00028656059
0.00028622243
0.00028589913
0.00028558194
0.00028526827
0.000284957
0.00028464735
0.00028433867
0.00028403034
0.00028372175
0.00028341229
0.00028310133
0.00028278819
0.00028247212
0.00028215242
0.00028182766
0.00028149943
0.00028115218
0.00028773908
0.00028714433
0.00028675557
0.00028641745
0.00028609416
0.00028577705
0.00028546314
0.00028515288
0.00028483919
0.00028454685
0.0002842252
0.00028391674
0.00028360728
0.00028329629
0.00028298312
0.00028266701
0.00028234726
0.00028202244
0.00028169416
0.00028134684
0.00023890922
0.00023865645
0.00023840439
0.000238152
0.00023789901
0.00023764531
0.00023739085
0.00023713556
0.00023687938
0.00023662242
0.00025614943
0.00025587727
0.00025560649
0.00025533594
0.0002550653
0.00025479447
0.0002545234
0.00025425203
0.00025398029
0.0002537083
0.00026972373
0.00026942785
0.00026913408
0.0002688411
0.00026854859
0.00026825643
0.00026796456
0.00026767295
0.00026738153
0.00026709043
0.00027710504
0.00027678895
0.00027647556
0.00027616342
0.00027585217
0.0002755417
0.00027523196
0.0002749229
0.00027461446
0.0002743068
0.00027951534
0.00027919002
0.00027886765
0.00027854674
0.00027822691
0.00027790804
0.00027759008
0.00027727301
0.00027695673
0.00027664142
0.00028012665
0.00027979932
0.000279475
0.00027915217
0.00027883047
0.00027850977
0.00027819002
0.00027787118
0.00027755322
0.00027723606
0.00027691989
0.00028041171
0.00028008402
0.00027975936
0.00027943621
0.00027911418
0.00027879316
0.00027847309
0.00027815394
0.00027783568
0.00027751823
0.00027720176
0.00028063825
0.00028031044
0.00027998565
0.00027966236
0.00027934021
0.00027901906
0.00027869888
0.00027837961
0.00027806123
0.00027774366
0.00027742709
0.00028084203
0.00028051414
0.00028018928
0.00027986592
0.00027954369
0.00027922248
0.00027890223
0.00027858289
0.00027826444
0.00027794681
0.00027763017
0.00028103663
0.00028070869
0.00028038377
0.00028006036
0.00027973808
0.00027941682
0.00027909651
0.00027877713
0.00027845864
0.00027814096
0.00027782427
)
;

boundaryField
{
    inlet
    {
        type            calculated;
        value           nonuniform List<scalar> 
58
(
9.6192357e-05
9.8381378e-05
0.00010060658
0.00010286778
0.00010516478
0.0001074973
0.00010986503
0.00011226763
0.00011470467
0.0001171757
0.00011968022
0.00012221769
0.00012478752
0.00012738907
0.00013002167
0.00013268464
0.00013537724
0.00013809873
0.00014084837
0.0001436254
0.00014642907
0.00014925869
0.00015211358
0.00015499314
0.00015789684
0.00016082428
0.00016377517
0.00016674941
0.00016974708
0.00017276853
0.00017581437
0.00017888555
0.00018198342
0.00018510975
0.00018826685
0.00019145756
0.00019468542
0.00019795466
0.00020127034
0.00020463842
0.00020806587
0.00021156074
0.00021513228
0.00021879104
0.00022254899
0.0002264196
0.00023041796
0.00023456087
0.0002469808
0.00026401079
0.00027736563
0.00028457461
0.00028691543
0.00028751464
0.00028779863
0.00028802546
0.00028822949
0.00028842441
)
;
    }
    top
    {
        type            calculated;
        value           nonuniform List<scalar> 
31
(
0.00028773908
0.00028714433
0.00028675557
0.00028641745
0.00028609416
0.00028577705
0.00028546314
0.00028515288
0.00028483919
0.00028454685
0.0002842252
0.00028391674
0.00028360728
0.00028329629
0.00028298312
0.00028266701
0.00028234726
0.00028202244
0.00028169416
0.00028134684
0.00028103663
0.00028070869
0.00028038377
0.00028006036
0.00027973808
0.00027941682
0.00027909651
0.00027877713
0.00027845864
0.00027814096
0.00027782427
)
;
    }
    outlet
    {
        type            calculated;
        value           nonuniform List<scalar> 0();
    }
    slipsurface
    {
        type            slip;
    }
    bottom
    {
        type            nutkWallFunction;
        Cmu             0.09;
        kappa           0.41;
        E               9.8;
        value           nonuniform List<scalar> 0();
    }
    frontandback
    {
        type            empty;
    }
    procBoundary12to8
    {
        type            processor;
        value           nonuniform List<scalar> 
28
(
8.5251537e-05
8.5108833e-05
8.4961304e-05
8.4808815e-05
8.4651513e-05
8.4489636e-05
8.4323467e-05
8.4153319e-05
9.3349859e-05
9.2189609e-05
9.1224318e-05
9.040438e-05
8.970224e-05
8.9097985e-05
8.8575672e-05
8.8122072e-05
8.7726181e-05
8.7378706e-05
8.7071958e-05
8.6799415e-05
8.655579e-05
8.6336656e-05
8.6138516e-05
8.5958533e-05
8.5794508e-05
8.5644431e-05
8.550756e-05
8.5379164e-05
)
;
    }
    procBoundary12to9
    {
        type            processor;
        value           nonuniform List<scalar> 2(8.3979503e-05 8.3802339e-05);
    }
    procBoundary12to13
    {
        type            processor;
        value           nonuniform List<scalar> 
59
(
8.576982e-05
8.7954117e-05
9.0175106e-05
9.2432569e-05
9.4726248e-05
9.7055852e-05
9.9421047e-05
0.00010182145
0.00010425664
0.00010672612
0.00010922939
0.00011176586
0.00011433493
0.00011693593
0.00011956819
0.00012223096
0.0001249235
0.00012764505
0.00013039482
0.00013317202
0.00013597589
0.00013880569
0.00014166071
0.0001445403
0.00014744392
0.0001503711
0.00015332153
0.00015629505
0.00015929171
0.0001623118
0.00016535588
0.00016842486
0.00017152002
0.00017464309
0.0001777963
0.00018098247
0.00018420503
0.0001874682
0.00019077695
0.0001941372
0.00019755587
0.00020104096
0.00020460173
0.00020824877
0.00021199417
0.00021585174
0.00021983722
0.00022396869
0.00023636371
0.00025343501
0.00026679849
0.00027399866
0.0002763258
0.0002763258
0.00027660338
0.00027688497
0.00027711018
0.00027731321
0.00027750726
)
;
    }
}


// ************************************************************************* //
