/*--------------------------------*- C++ -*----------------------------------*\
  =========                 |
  \\      /  F ield         | OpenFOAM: The Open Source CFD Toolbox
   \\    /   O peration     | Website:  https://openfoam.org
    \\  /    A nd           | Version:  12
     \\/     M anipulation  |
\*---------------------------------------------------------------------------*/
FoamFile
{
    format      ascii;
    class       volScalarField;
    location    "1400";
    object      nut;
}
// * * * * * * * * * * * * * * * * * * * * * * * * * * * * * * * * * * * * * //

dimensions      [0 2 -1 0 0 0 0];

internalField   nonuniform List<scalar> 
467
(
0.00049107748
0.00049071839
0.00049035649
0.00048999164
0.00048962371
0.00048925256
0.00048887806
0.00048850008
0.00048811848
0.00048773313
0.0004873439
0.00048695067
0.00048655329
0.00048615163
0.00048574556
0.00048533494
0.00048491962
0.00048449947
0.00048407433
0.00050778486
0.00050741782
0.00050704815
0.00050667571
0.00050630038
0.00050592201
0.00050554047
0.00050515562
0.00050476734
0.00050437549
0.00050397993
0.00050358054
0.00050317716
0.00050276968
0.00050235796
0.00050194184
0.0005015212
0.00050109588
0.00050066574
0.00050023065
0.00049979041
0.00049934489
0.00049889391
0.00049843731
0.00049797491
0.00049750654
0.00049703201
0.00049655114
0.00052774846
0.0005273713
0.00052699174
0.00052660966
0.00052622492
0.00052583738
0.00052544691
0.00052505338
0.00052465665
0.00052425657
0.00052385303
0.00052344588
0.00052303498
0.00052262019
0.00052220139
0.00052177843
0.00052135116
0.00052091944
0.00052048312
0.00052004205
0.00051959608
0.00051914505
0.0005186888
0.00051822715
0.00051775995
0.00051728701
0.00051680816
0.00051632321
0.00055114647
0.00055075624
0.00055036392
0.00054996938
0.0005495725
0.00054917313
0.00054877115
0.00054836641
0.00054795877
0.00054754811
0.00054713429
0.00054671716
0.0005462966
0.00054587246
0.00054544461
0.00054501289
0.00054457718
0.00054413733
0.00054369318
0.0005432446
0.00054279142
0.00054233349
0.00054187065
0.00054140274
0.0005409296
0.00054045104
0.0005399669
0.00053947701
0.00057791766
0.00057751043
0.0005771015
0.00057669074
0.00057627804
0.00057586324
0.00057544622
0.00057502684
0.00057460497
0.00057418048
0.00057375322
0.00057332306
0.00057288987
0.00057245351
0.00057201384
0.00057157072
0.00057112401
0.00057067356
0.00057021924
0.00056976089
0.00056929836
0.00056883151
0.00056836018
0.0005678842
0.00056740343
0.00056691768
0.00056642681
0.00056593062
0.00060761146
0.00060718215
0.00060675164
0.00060631978
0.00060588646
0.00060545155
0.00060501491
0.00060457641
0.00060413592
0.00060369331
0.00060324845
0.0006028012
0.00060235144
0.00060189902
0.00060144381
0.00060098568
0.00060052448
0.00060006008
0.00059959234
0.00059912111
0.00059864626
0.00059816763
0.00059768508
0.00059719845
0.00059670759
0.00059621235
0.00059571256
0.00059520807
0.00063921852
0.00063876096
0.00063830279
0.00063784387
0.00063738409
0.00063692331
0.00063646141
0.00063599827
0.00063553375
0.00063506774
0.00063460009
0.0006341307
0.00063365942
0.00063318613
0.0006327107
0.000632233
0.0006317529
0.00063127026
0.00063078495
0.00063029684
0.00062980578
0.00062931165
0.0006288143
0.00062831359
0.00062780938
0.00062730151
0.00062678985
0.00062627424
0.00067104244
0.00067054989
0.00067005741
0.00066956489
0.00066907221
0.00066857924
0.00066808587
0.00066759197
0.00066709744
0.00066660213
0.00066610595
0.00066560875
0.00066511043
0.00066461087
0.00066410993
0.0006636075
0.00066310346
0.00066259768
0.00066209004
0.00066158041
0.00066106867
0.00066055469
0.00066003834
0.00065951949
0.00065899801
0.00065847377
0.00065794664
0.00065741647
0.00070073635
0.00070020278
0.00069967007
0.00069913811
0.00069860677
0.00069807595
0.00069754553
0.00069701539
0.00069648543
0.00069595552
0.00069542556
0.00069489543
0.00069436503
0.00069383423
0.00069330293
0.00069277101
0.00069223837
0.00069170488
0.00069117044
0.00069063494
0.00069009825
0.00068956028
0.00068902089
0.00068847999
0.00068793744
0.00068739314
0.00068684696
0.0006862988
0.00072568637
0.00072510884
0.000724533
0.00072395873
0.00072338591
0.00072281443
0.00072224418
0.00072167506
0.00072110695
0.00072053974
0.00071997334
0.00071940764
0.00071884253
0.0007182779
0.00071771367
0.00071714972
0.00071658595
0.00071602227
0.00071545856
0.00071489474
0.0007143307
0.00071376634
0.00071320156
0.00071263626
0.00071207034
0.0007115037
0.00071093624
0.00071036787
0.00074385035
0.00074323173
0.00074261556
0.00074200171
0.00074139007
0.00074078053
0.00074017299
0.00073956733
0.00073896346
0.00073836127
0.00073776066
0.00073716153
0.00073656378
0.00073596731
0.00073537204
0.00073477787
0.0007341847
0.00073359244
0.00073300101
0.00073241031
0.00073182026
0.00073123076
0.00073064173
0.00073005308
0.00072946473
0.00072887659
0.00072828858
0.00072770061
0.0007548059
0.00075415592
0.00075350896
0.00075286491
0.00075222365
0.00075158508
0.00075094907
0.00075031554
0.00074968437
0.00074905546
0.00074842872
0.00074780405
0.00074718135
0.00074656053
0.00074594151
0.00074532419
0.00074470848
0.0007440943
0.00074348157
0.0007428702
0.00074226011
0.00074165122
0.00074104346
0.00074043674
0.00073983099
0.00073922614
0.0007386221
0.00073801882
0.00076014221
0.00075947415
0.00075880946
0.00075814802
0.0007574897
0.00075683441
0.00075618202
0.00075553244
0.00075488556
0.00075424128
0.00075359951
0.00075296013
0.00075232307
0.00075168823
0.00075105552
0.00075042485
0.00074979615
0.00074916932
0.00074854428
0.00074792096
0.00074729928
0.00074667916
0.00074606052
0.0007454433
0.00074482743
0.00074421282
0.00074359941
0.00074298716
0.00076240708
0.00076173155
0.00076105953
0.00076039091
0.00075972555
0.00075906336
0.00075840423
0.00075774803
0.00075709468
0.00075644406
0.00075579609
0.00075515065
0.00075450767
0.00075386705
0.0007532287
0.00075259252
0.00075195845
0.00075132639
0.00075069627
0.00075006801
0.00074944152
0.00074881674
0.0007481936
0.00074757201
0.00074695191
0.00074633324
0.00074571591
0.00074509989
0.00076349241
0.0007628144
0.00076213995
0.00076146894
0.00076080125
0.00076013676
0.00075947537
0.00075881697
0.00075816146
0.00075750872
0.00075685867
0.0007562112
0.00075556623
0.00075492366
0.0007542834
0.00075364537
0.00075300948
0.00075237565
0.00075174379
0.00075111384
0.00075048571
0.00074985933
0.00074923462
0.00074861152
0.00074798995
0.00074736985
0.00074675115
0.0007461338
0.00076420671
0.00076352776
0.00076285239
0.00076218047
0.00076151189
0.00076084653
0.00076018428
0.00075952504
0.0007588687
0.00075821515
0.00075756431
0.00075691607
0.00075627033
0.00075562702
0.00075498603
0.00075434728
0.00075371069
0.00075307618
0.00075244366
0.00075181306
0.00075118429
0.0007505573
0.00074993199
0.0007493083
0.00074868617
0.00074806552
0.00074744628
0.00074682841
0.00076488652
0.00076420699
0.00076353105
0.00076285857
0.00076218944
0.00076152353
0.00076086074
0.00076020096
0.00075954409
0.00075889002
0.00075823865
0.00075758989
0.00075694365
0.00075629982
0.00075565833
0.00075501909
0.00075438201
0.000753747
0.000753114
0.00075248291
0.00075185367
0.00075122619
0.00075060041
0.00074997625
0.00074935365
0.00074873253
0.00074811283
0.00074749449
)
;

boundaryField
{
    inlet
    {
        type            calculated;
        value           nonuniform List<scalar> 0();
    }
    top
    {
        type            calculated;
        value           nonuniform List<scalar> 
28
(
0.00076488652
0.00076420699
0.00076353105
0.00076285857
0.00076218944
0.00076152353
0.00076086074
0.00076020096
0.00075954409
0.00075889002
0.00075823865
0.00075758989
0.00075694365
0.00075629982
0.00075565833
0.00075501909
0.00075438201
0.000753747
0.000753114
0.00075248291
0.00075185367
0.00075122619
0.00075060041
0.00074997625
0.00074935365
0.00074873253
0.00074811283
0.00074749449
)
;
    }
    outlet
    {
        type            calculated;
        value           nonuniform List<scalar> 0();
    }
    slipsurface
    {
        type            slip;
    }
    bottom
    {
        type            nutkWallFunction;
        Cmu             0.09;
        kappa           0.41;
        E               9.8;
        value           nonuniform List<scalar> 0();
    }
    frontandback
    {
        type            empty;
    }
    procBoundary13to3
    {
        type            processor;
        value           nonuniform List<scalar> 
16
(
0.00049606378
0.00051583202
0.0005389812
0.00056542899
0.00059469874
0.00062575456
0.00065688317
0.00068574856
0.00070979852
0.00072711265
0.00073741626
0.00074237602
0.00074448514
0.00074551776
0.00074621187
0.00074687749
)
;
    }
    procBoundary13to12
    {
        type            processor;
        value           nonuniform List<scalar> 
29
(
0.00047732078
0.00047696802
0.0004766123
0.0004762535
0.00047589147
0.00047552608
0.00047515721
0.00047478471
0.00047440846
0.00047402833
0.00047364419
0.00047325592
0.00047286336
0.00047246641
0.00047206492
0.00047165875
0.00047124777
0.00047083182
0.00047041077
0.00048364409
0.00048364409
0.00048320851
0.00048276747
0.00048232081
0.00048186835
0.00048140993
0.00048094535
0.00048047445
0.00047999701
)
;
    }
    procBoundary13to15
    {
        type            processor;
        value           nonuniform List<scalar> 
17
(
0.00049143389
0.00050814939
0.00052812337
0.00055153475
0.00057832333
0.00060803968
0.00063967557
0.00067153519
0.0007012709
0.00072626569
0.00074447153
0.00075545903
0.00076081377
0.00076308626
0.00076417411
0.00076488937
0.00076556976
)
;
    }
}


// ************************************************************************* //
