/*--------------------------------*- C++ -*----------------------------------*\
  =========                 |
  \\      /  F ield         | OpenFOAM: The Open Source CFD Toolbox
   \\    /   O peration     | Website:  https://openfoam.org
    \\  /    A nd           | Version:  12
     \\/     M anipulation  |
\*---------------------------------------------------------------------------*/
FoamFile
{
    format      ascii;
    class       volScalarField;
    location    "600";
    object      k;
}
// * * * * * * * * * * * * * * * * * * * * * * * * * * * * * * * * * * * * * //

dimensions      [0 2 -2 0 0 0 0];

internalField   nonuniform List<scalar> 
1762
(
0.00013998374
0.00013979154
0.0001395934
0.0001393891
0.00013917847
0.0001389613
0.00013873741
0.00013850657
0.00013826857
0.0001380232
0.00013777022
0.00013750941
0.0001372405
0.00013696327
0.00013667746
0.00013638279
0.00013607902
0.00013576585
0.000135443
0.00013511019
0.00013476712
0.00013441348
0.00013404896
0.00013367323
0.00013328597
0.00013288685
0.00013247551
0.00013205162
0.0001316148
0.0001311647
0.00013070095
0.00013022315
0.00012973093
0.0001292239
0.00014012949
0.00013994026
0.00013974517
0.00013954404
0.00013933668
0.0001391229
0.0001389025
0.00013867527
0.00013844101
0.00013819949
0.0001379505
0.0001376938
0.00013742916
0.00013715633
0.00013687507
0.00013658511
0.0001362862
0.00013597805
0.00013566041
0.00013533297
0.00013499545
0.00013464754
0.00013428895
0.00013391935
0.00013353843
0.00013314585
0.00013274128
0.00013232437
0.00013189478
0.00013145214
0.00013099608
0.00013052624
0.00013004224
0.00012954369
0.00014008399
0.00013989185
0.00013969377
0.00013948957
0.00013927905
0.00013906203
0.00013883829
0.00013860763
0.00013836984
0.0001381247
0.00013787199
0.00013761146
0.00013734288
0.00013706602
0.0001367806
0.00013648639
0.0001361831
0.00013587048
0.00013554823
0.00013521607
0.00013487372
0.00013452086
0.00013415719
0.00013378239
0.00013339614
0.00013299811
0.00013258797
0.00013216536
0.00013172994
0.00013128134
0.0001308192
0.00013034315
0.00012985281
0.00014022295
0.00014003368
0.00013983856
0.00013963742
0.00013943006
0.00013921629
0.00013899593
0.00013876876
0.00013853457
0.00013829315
0.00013804428
0.00013778773
0.00013752327
0.00013725065
0.00013696963
0.00013667996
0.00013638137
0.0001360736
0.00013575637
0.00013542941
0.00013509242
0.0001347451
0.00013438717
0.0001340183
0.00013363818
0.00013324648
0.00013284288
0.00013242704
0.00013199861
0.00013155723
0.00013110256
0.00013063421
0.00013015183
0.00012965504
0.00012914345
0.00012861667
0.00012807431
0.00012751596
0.00012694122
0.00012634969
0.00012574095
0.00012511459
0.00012447019
0.00012380736
0.00012312565
0.00012242468
0.00012170401
0.00012096326
0.00012020201
0.00011941987
0.00011861645
0.00014035751
0.00014017099
0.00013997873
0.00013978054
0.00013957623
0.00013936562
0.00013914851
0.00013892471
0.00013869401
0.00013845619
0.00013821104
0.00013795834
0.00013769786
0.00013742935
0.00013715258
0.00013686731
0.00013657327
0.00013627019
0.00013595783
0.00013563589
0.00013530409
0.00013496215
0.00013460976
0.00013424664
0.00013387245
0.00013348689
0.00013308963
0.00013268034
0.00013225869
0.00013182431
0.00013137687
0.00013091601
0.00013044135
0.00012995253
0.00012944918
0.0001289309
0.00012839732
0.00012784803
0.00012728264
0.00012670076
0.00012610196
0.00012548586
0.00012485204
0.00012420009
0.00012352961
0.00012284017
0.00012213139
0.00012140285
0.00012065415
0.00011988491
0.00011909472
0.00011828328
0.00011745012
0.00011659492
0.00011571738
0.00011481705
0.00011389421
0.00011294594
0.00011198358
0.00011095615
0.00014048794
0.00014030409
0.00014011459
0.00013991925
0.0001397179
0.00013951034
0.00013929639
0.00013907585
0.00013884852
0.00013861419
0.00013837265
0.00013812367
0.00013786704
0.00013760252
0.00013732987
0.00013704885
0.00013675922
0.0001364607
0.00013615304
0.00013583597
0.00013550921
0.00013517247
0.00013482547
0.00013446791
0.00013409948
0.00013371988
0.00013332877
0.00013292584
0.00013251076
0.00013208318
0.00013164276
0.00013118916
0.000130722
0.00013024093
0.00012974558
0.00012923557
0.00012871052
0.00012817004
0.00012761375
0.00012704125
0.00012645215
0.00012584603
0.00012522251
0.00012458117
0.00012392162
0.00012324345
0.00012254626
0.00012182964
0.00012109321
0.00012033658
0.00011955935
0.00011876117
0.00011794165
0.00011710045
0.00011623723
0.00011535156
0.00011444371
0.00011351079
0.00011256394
0.00011155297
0.00011069616
0.00010903769
0.00014061456
0.00014043331
0.00014024649
0.00014005392
0.00013985543
0.00013965083
0.00013943994
0.00013922256
0.0001389985
0.00013876755
0.0001385295
0.00013828414
0.00013803125
0.00013777059
0.00013750194
0.00013722506
0.00013693969
0.0001366456
0.00013634251
0.00013603016
0.00013570829
0.00013537661
0.00013503484
0.00013468268
0.00013431985
0.00013394602
0.00013356089
0.00013316414
0.00013275545
0.00013233448
0.00013190089
0.00013145434
0.00013099448
0.00013052095
0.00013003338
0.00012953142
0.00012901468
0.00012848278
0.00012793535
0.000127372
0.00012679233
0.00012619596
0.00012558248
0.0001249515
0.00012430262
0.00012363545
0.00012294958
0.00012224463
0.0001215202
0.0001207759
0.00012001135
0.00011922619
0.00011842005
0.00011759257
0.00011674343
0.00011587216
0.00011497906
0.00011406125
0.00011312969
0.00011213498
0.00011129189
0.00010965978
0.00014073773
0.000140559
0.00014037479
0.00014018491
0.0001399892
0.00013978748
0.00013957956
0.00013936526
0.00013914437
0.00013891671
0.00013868206
0.00013844021
0.00013819095
0.00013793405
0.00013766929
0.00013739642
0.00013711521
0.00013682541
0.00013652677
0.00013621902
0.0001359019
0.00013557514
0.00013523845
0.00013489156
0.00013453416
0.00013416596
0.00013378665
0.00013339591
0.00013299344
0.0001325789
0.00013215197
0.00013171229
0.00013125954
0.00013079335
0.00013031338
0.00012981926
0.00012931062
0.0001287871
0.00012824832
0.00012769389
0.00012712344
0.00012653657
0.00012593291
0.00012531205
0.00012467361
0.0001240172
0.00012334242
0.00012264888
0.0001219362
0.000121204
0.00012045189
0.00011967952
0.00011888651
0.0001180725
0.00011723719
0.00011638011
0.00011550153
0.00011459861
0.00011368214
0.00011270349
0.00011187397
0.00011026796
0.00014085786
0.00014068158
0.0001404999
0.00014031264
0.00014011964
0.00013992072
0.0001397157
0.00013950439
0.0001392866
0.00013906214
0.0001388308
0.00013859238
0.00013834665
0.00013809342
0.00013783244
0.00013756349
0.00013728633
0.00013700072
0.00013670641
0.00013640314
0.00013609066
0.00013576869
0.00013543696
0.0001350952
0.0001347431
0.00013438039
0.00013400675
0.00013362189
0.00013322549
0.00013281723
0.00013239679
0.00013196383
0.00013151801
0.000131059
0.00013058645
0.00013009999
0.00012959928
0.00012908394
0.00012855361
0.00012800791
0.00012744648
0.00012686892
0.00012627487
0.00012566392
0.00012503571
0.00012438984
0.00012372592
0.00012304359
0.00012234244
0.00012162211
0.00012088222
0.00012012241
0.00011934232
0.00011854158
0.00011771989
0.00011687678
0.00011601252
0.00011512431
0.00011422274
0.00011325996
0.00011244387
0.00011086373
0.00014097536
0.00014080148
0.00014062228
0.00014043759
0.00014024723
0.00014005105
0.00013984886
0.00013964047
0.00013942571
0.00013920438
0.00013897627
0.00013874119
0.00013849893
0.00013824927
0.00013799199
0.00013772687
0.00013745366
0.00013717215
0.00013688207
0.00013658319
0.00013627524
0.00013595796
0.00013563108
0.00013529433
0.00013494743
0.00013459008
0.000134222
0.00013384289
0.00013345243
0.00013305031
0.00013263622
0.00013220983
0.00013177082
0.00013131883
0.00013085354
0.00013037459
0.00012988164
0.00012937433
0.00012885228
0.00012831515
0.00012776256
0.00012719414
0.00012660951
0.0001260083
0.00012539012
0.00012475461
0.00012410137
0.00012343004
0.00012274024
0.0001220316
0.00012130374
0.0001205563
0.00011978893
0.00011900127
0.00011819302
0.00011736371
0.00011651359
0.00011563991
0.00011475308
0.00011380603
0.00011300325
0.00011144878
0.00014109074
0.00014091921
0.00014074243
0.00014056025
0.0001403725
0.000140179
0.00013997958
0.00013977406
0.00013956227
0.000139344
0.00013911906
0.00013888727
0.0001386484
0.00013840224
0.00013814859
0.00013788723
0.00013761791
0.00013734041
0.00013705449
0.0001367599
0.0001364564
0.00013614372
0.0001358216
0.00013548978
0.00013514797
0.00013479589
0.00013443326
0.00013405979
0.00013367516
0.00013327908
0.00013287123
0.0001324513
0.00013201896
0.00013157388
0.00013111572
0.00013064416
0.00013015883
0.0001296594
0.00012914551
0.0001286168
0.00012807291
0.00012751347
0.00012693812
0.00012634648
0.0001257382
0.00012511288
0.00012447017
0.00012380969
0.00012313107
0.00012243395
0.00012171795
0.00012098273
0.00012022793
0.0001194532
0.00011865823
0.00011784256
0.00011700644
0.00011614716
0.00011527493
0.00011434348
0.0001135539
0.00011202495
0.00014120452
0.0001410353
0.00014086092
0.00014068121
0.00014049601
0.00014030516
0.00014010847
0.00013990578
0.0001396969
0.00013948166
0.00013925985
0.00013903128
0.00013879575
0.00013855306
0.00013830298
0.00013804531
0.00013777982
0.00013750628
0.00013722445
0.0001369341
0.00013663498
0.00013632683
0.00013600941
0.00013568243
0.00013534564
0.00013499876
0.0001346415
0.00013427358
0.0001338947
0.00013350457
0.00013310288
0.00013268931
0.00013226355
0.00013182527
0.00013137416
0.00013090987
0.00013043208
0.00012994043
0.00012943457
0.00012891417
0.00012837887
0.0001278283
0.00012726211
0.00012667993
0.00012608141
0.00012546617
0.00012483386
0.0001241841
0.00012351654
0.00012283081
0.00012212656
0.00012140343
0.00012066107
0.00011989914
0.00011911733
0.00011831519
0.00011749296
0.00011664796
0.00011579024
0.00011487429
0.00011409782
0.00011259428
0.00014131731
0.00014115038
0.00014097836
0.0001408011
0.00014061843
0.00014043019
0.00014023621
0.00014003631
0.00013983033
0.00013961807
0.00013939936
0.00013917399
0.00013894177
0.00013870249
0.00013845596
0.00013820195
0.00013794024
0.00013767062
0.00013739284
0.00013710668
0.0001368119
0.00013650824
0.00013619545
0.00013587328
0.00013554146
0.00013519972
0.00013484778
0.00013448536
0.00013411218
0.00013372793
0.00013333233
0.00013292506
0.00013250582
0.00013207429
0.00013163015
0.00013117307
0.00013070272
0.00013021877
0.00012972089
0.00012920872
0.00012868192
0.00012814013
0.00012758302
0.00012701022
0.00012642137
0.00012581613
0.00012519412
0.000124555
0.00012389841
0.00012322398
0.00012253138
0.00012182025
0.00012109025
0.00012034103
0.0001195723
0.00011878361
0.00011797519
0.0001171444
0.00011630112
0.0001154006
0.00011463721
0.00011315901
0.00014142975
0.0001412651
0.00014109544
0.00014092062
0.00014074046
0.00014055483
0.00014036354
0.00014016643
0.00013996332
0.00013975404
0.0001395384
0.00013931622
0.00013908729
0.00013885142
0.00013860841
0.00013835804
0.0001381001
0.00013783438
0.00013756064
0.00013727865
0.00013698818
0.00013668899
0.00013638082
0.00013606343
0.00013573655
0.00013539992
0.00013505328
0.00013469633
0.00013432881
0.00013395043
0.00013356088
0.00013315988
0.00013274712
0.0001323223
0.00013188509
0.00013143518
0.00013097225
0.00013049596
0.000130006
0.00012950201
0.00012898367
0.00012845063
0.00012790255
0.00012733907
0.00012675986
0.00012616455
0.00012555281
0.00012492427
0.00012427859
0.00012361542
0.00012293442
0.00012223523
0.00012151754
0.00012078099
0.0001200253
0.00011925001
0.00011845535
0.00011763874
0.00011680987
0.00011592476
0.00011517442
0.00011372154
0.00014154257
0.00014138021
0.00014121291
0.00014104053
0.0001408629
0.00014067987
0.00014049128
0.00014029696
0.00014009674
0.00013989044
0.00013967789
0.00013945889
0.00013923326
0.0001390008
0.00013876132
0.0001385146
0.00013826043
0.00013799861
0.00013772891
0.0001374511
0.00013716495
0.00013687022
0.00013656668
0.00013625407
0.00013593214
0.00013560063
0.00013525928
0.00013490781
0.00013454595
0.00013417343
0.00013378994
0.00013339521
0.00013298893
0.0001325708
0.00013214053
0.00013169778
0.00013124226
0.00013077364
0.00013029159
0.00012979578
0.0001292859
0.00012876159
0.00012822253
0.00012766837
0.00012709877
0.0001265134
0.0001259119
0.00012529393
0.00012465916
0.00012400723
0.00012333782
0.00012265058
0.00012194518
0.0001212213
0.00012047863
0.00011971674
0.00011893585
0.00011813342
0.00011731896
0.00011644927
0.00011571199
0.00011428449
0.00014165658
0.00014149652
0.00014133161
0.00014116169
0.00014098661
0.00014080621
0.00014062034
0.00014042884
0.00014023152
0.00014002823
0.00013981879
0.00013960301
0.0001393807
0.00013915168
0.00013891575
0.00013867271
0.00013842235
0.00013816446
0.00013789883
0.00013762522
0.00013734343
0.0001370532
0.00013675431
0.00013644652
0.00013612957
0.00013580321
0.00013546718
0.00013512122
0.00013476506
0.00013439842
0.00013402103
0.0001336326
0.00013323284
0.00013282145
0.00013239813
0.00013196259
0.0001315145
0.00013105357
0.00013057947
0.00013009188
0.00012959048
0.00012907494
0.00012854493
0.00012800012
0.00012744017
0.00012686476
0.00012627354
0.00012566617
0.00012504233
0.00012440168
0.00012374389
0.00012306862
0.00012237556
0.00012166437
0.00012093476
0.00012018632
0.00011941923
0.00011863102
0.00011783102
0.00011697681
0.00011625262
0.00011485059
0.00014177263
0.00014161492
0.00014145243
0.00014128502
0.00014111253
0.00014093481
0.0001407517
0.00014056306
0.0001403687
0.00014016847
0.00013996218
0.00013974967
0.00013953074
0.00013930521
0.00013907289
0.00013883358
0.00013858708
0.00013833318
0.00013807166
0.00013780233
0.00013752494
0.00013723927
0.0001369451
0.00013664218
0.00013633027
0.00013600912
0.00013567849
0.0001353381
0.0001349877
0.00013462703
0.00013425579
0.00013387373
0.00013348055
0.00013307596
0.00013265968
0.0001322314
0.00013179083
0.00013133766
0.00013087158
0.00013039227
0.00012989943
0.00012939272
0.00012887184
0.00012833645
0.00012778623
0.00012722085
0.00012663998
0.00012604329
0.00012543046
0.00012480116
0.00012415506
0.00012349185
0.00012281119
0.00012211277
0.0001213963
0.00012066138
0.00011990818
0.00011913427
0.00011834881
0.00011751016
0.00011679915
0.00011542274
0.00014189166
0.00014173635
0.00014157635
0.0001414115
0.00014124167
0.00014106669
0.00014088642
0.0001407007
0.00014050937
0.00014031226
0.00014010921
0.00013990003
0.00013968455
0.00013946259
0.00013923396
0.00013899846
0.0001387559
0.00013850607
0.00013824877
0.00013798378
0.00013771089
0.00013742987
0.00013714051
0.00013684256
0.00013653578
0.00013621994
0.00013589479
0.00013556008
0.00013521554
0.00013486092
0.00013449595
0.00013412035
0.00013373386
0.00013333619
0.00013292704
0.00013250614
0.00013207319
0.00013162789
0.00013116994
0.00013069903
0.00013021485
0.0001297171
0.00012920545
0.0001286796
0.00012813921
0.00012758398
0.00012701358
0.00012642769
0.00012582599
0.00012520815
0.00012457387
0.00012392282
0.00012325468
0.00012256916
0.00012186595
0.00012114466
0.00012040547
0.00011964599
0.00011887519
0.00011805224
0.0001173545
0.00011600394
0.00014201466
0.00014186184
0.0001417044
0.00014154221
0.0001413751
0.00014120295
0.0001410256
0.0001408429
0.00014065469
0.0001404608
0.00014026107
0.00014005533
0.00013984341
0.00013962511
0.00013940027
0.00013916869
0.00013893017
0.00013868453
0.00013843155
0.00013817103
0.00013790275
0.0001376265
0.00013734206
0.0001370492
0.00013674768
0.00013643728
0.00013611774
0.00013578883
0.00013545029
0.00013510186
0.00013474329
0.0001343743
0.00013399464
0.00013360401
0.00013320216
0.00013278878
0.00013236359
0.00013192631
0.00013147664
0.00013101428
0.00013053893
0.00013005027
0.00012954802
0.00012903186
0.00012850147
0.00012795654
0.00012739677
0.00012682183
0.00012623141
0.0001256252
0.00012500289
0.00012436416
0.00012370872
0.00012303624
0.00012234645
0.00012163896
0.00012091394
0.00012016904
0.00011941307
0.00011860597
0.00011792166
0.0001165972
0.00014214269
0.00014199244
0.00014183767
0.00014167822
0.00014151396
0.00014134474
0.00014117042
0.00014099084
0.00014080586
0.0001406153
0.00014041902
0.00014021684
0.00014000858
0.00013979409
0.00013957316
0.00013934563
0.00013911129
0.00013886996
0.00013862144
0.00013836553
0.00013810201
0.00013783068
0.00013755131
0.00013726369
0.00013696759
0.00013666278
0.00013634902
0.00013602607
0.00013569369
0.00013535163
0.00013499962
0.00013463742
0.00013426475
0.00013388136
0.00013348697
0.00013308129
0.00013266406
0.00013223499
0.00013179378
0.00013134016
0.00013087382
0.00013039446
0.0001299018
0.00012939552
0.00012887532
0.0001283409
0.00012779195
0.00012722816
0.00012664923
0.00012605484
0.0001254447
0.0001248185
0.00012417594
0.00012351671
0.00012284055
0.00012214705
0.0001214364
0.00012070628
0.00011996532
0.00011917429
0.00011850357
0.00011720552
0.00014250483
0.00014236186
0.00014221459
0.00014206289
0.00014190663
0.00014174568
0.00014157989
0.00014140912
0.00014123323
0.00014105207
0.00014086548
0.00014067331
0.0001404754
0.00014027158
0.00014006168
0.00013984553
0.00013962296
0.00013939377
0.00013915779
0.00013891483
0.00013866469
0.00013840717
0.00013814207
0.00013786918
0.0001375883
0.0001372992
0.00013700166
0.00013669546
0.00013638038
0.00013605617
0.00013572261
0.00013537944
0.00013502643
0.00013466332
0.00013428987
0.00013390581
0.00013351088
0.00013310481
0.00013268735
0.00013225822
0.00013181714
0.00013136384
0.00013089805
0.00013041946
0.00012992782
0.00012942282
0.00012890418
0.00012837162
0.00012782485
0.00012726358
0.00012668752
0.00012609638
0.00012548989
0.00012486776
0.00012422972
0.0001235754
0.00012290496
0.00012221622
0.0001215173
0.00012077124
0.00012013856
0.00011891449
0.00014285066
0.00014271466
0.00014257459
0.00014243034
0.00014228177
0.00014212876
0.00014197118
0.0001418089
0.00014164179
0.0001414697
0.00014129249
0.00014111001
0.00014092213
0.00014072867
0.0001405295
0.00014032444
0.00014011333
0.000139896
0.00013967229
0.00013944201
0.00013920499
0.00013896105
0.00013871
0.00013845164
0.00013818579
0.00013791225
0.00013763081
0.00013734127
0.00013704342
0.00013673705
0.00013642195
0.00013609788
0.00013576464
0.00013542199
0.0001350697
0.00013470754
0.00013433528
0.00013395268
0.00013355949
0.00013315547
0.00013274038
0.00013231396
0.00013187597
0.00013142615
0.00013096426
0.00013049003
0.00013000321
0.00012950355
0.00012899078
0.00012846465
0.00012792491
0.0001273713
0.00012680357
0.00012622146
0.00012562474
0.00012501308
0.00012438663
0.00012374338
0.00012309088
0.00012239477
0.00012180447
0.00012066355
0.0001430034
0.0001428705
0.00014273364
0.00014259272
0.0001424476
0.00014229817
0.00014214431
0.00014198588
0.00014182276
0.00014165481
0.0001414819
0.00014130388
0.00014112062
0.00014093197
0.00014073777
0.00014053787
0.00014033213
0.00014012037
0.00013990244
0.00013967817
0.00013944738
0.00013920992
0.00013896559
0.00013871422
0.00013845563
0.00013818964
0.00013791604
0.00013763465
0.00013734527
0.00013704771
0.00013674176
0.00013642722
0.00013610388
0.00013577153
0.00013542995
0.00013507894
0.00013471827
0.00013434772
0.00013396708
0.00013357612
0.00013317461
0.00013276233
0.00013233906
0.00013190455
0.00013145859
0.00013100094
0.00013053138
0.00013004967
0.00012955559
0.0001290489
0.00012852939
0.00012799683
0.000127451
0.00012689167
0.00012631864
0.00012573162
0.00012513077
0.00012451421
0.00012388915
0.00012322285
0.00012265792
0.00012156759
0.00014304615
0.00014291412
0.00014277818
0.0001426382
0.00014249407
0.00014234567
0.00014219287
0.00014203555
0.00014187358
0.00014170683
0.00014153516
0.00014135844
0.00014117652
0.00014098927
0.00014079653
0.00014059815
0.00014039398
0.00014018387
0.00013996765
0.00013974516
0.00013951623
0.0001392807
0.00013903838
0.00013878911
0.00013853271
0.00013826899
0.00013799777
0.00013771886
0.00013743208
0.00013713721
0.00013683408
0.00013652248
0.00013620221
0.00013587307
0.00013553485
0.00013518734
0.00013483033
0.00013446361
0.00013408697
0.0001337002
0.00013330307
0.00013289538
0.0001324769
0.00013204742
0.00013160672
0.00013115458
0.00013069079
0.00013021513
0.00012972738
0.00012922734
0.0001287148
0.00012818954
0.00012765136
0.00012710005
0.00012653545
0.00012595726
0.00012536567
0.00012475885
0.0001241439
0.0001234887
0.00012293327
0.00012186222
0.00014305981
0.00014292805
0.0001427924
0.00014265272
0.00014250891
0.00014236083
0.00014220837
0.0001420514
0.00014188979
0.00014172342
0.00014155214
0.00014137583
0.00014119433
0.00014100751
0.00014081523
0.00014061732
0.00014041364
0.00014020403
0.00013998833
0.00013976638
0.00013953802
0.00013930307
0.00013906136
0.00013881272
0.00013855696
0.00013829392
0.0001380234
0.00013774522
0.00013745918
0.0001371651
0.00013686278
0.00013655202
0.00013623262
0.00013590439
0.00013556711
0.00013522057
0.00013486458
0.00013449893
0.00013412339
0.00013373776
0.00013334182
0.00013293536
0.00013251817
0.00013209003
0.00013165072
0.00013120004
0.00013073776
0.00013026368
0.00012977758
0.00012927926
0.00012876851
0.00012824512
0.0001277089
0.00012715964
0.00012659717
0.00012602121
0.00012543196
0.00012482759
0.00012421517
0.00012356276
0.0001230097
0.00012194348
0.00014306889
0.00014293732
0.00014280185
0.00014266236
0.00014251874
0.00014237086
0.00014221861
0.00014206186
0.00014190048
0.00014173434
0.0001415633
0.00014138724
0.000141206
0.00014101945
0.00014082744
0.00014062981
0.00014042643
0.00014021712
0.00014000174
0.00013978011
0.00013955208
0.00013931747
0.00013907612
0.00013882785
0.00013857247
0.00013830982
0.0001380397
0.00013776193
0.00013747632
0.00013718268
0.00013688082
0.00013657053
0.00013625161
0.00013592387
0.0001355871
0.0001352411
0.00013488565
0.00013452055
0.00013414558
0.00013376054
0.00013336521
0.00013295938
0.00013254283
0.00013211535
0.00013167673
0.00013122674
0.00013076519
0.00013029185
0.00012980651
0.00012930897
0.00012879903
0.00012827646
0.00012774109
0.00012719271
0.00012663113
0.0001260561
0.0001254678
0.00012486441
0.00012425299
0.00012360164
0.00012304949
0.00012198504
0.00014307692
0.0001429455
0.00014281018
0.00014267085
0.00014252739
0.00014237969
0.00014222761
0.00014207104
0.00014190984
0.0001417439
0.00014157306
0.0001413972
0.00014121618
0.00014102984
0.00014083806
0.00014064067
0.00014043752
0.00014022847
0.00014001334
0.00013979198
0.00013956422
0.0001393299
0.00013908883
0.00013884086
0.00013858579
0.00013832346
0.00013805366
0.00013777623
0.00013749097
0.00013719769
0.00013689619
0.00013658628
0.00013626775
0.00013594041
0.00013560405
0.00013525847
0.00013490346
0.0001345388
0.0001341643
0.00013377972
0.00013338488
0.00013297954
0.0001325635
0.00013213654
0.00013169845
0.00013124901
0.00013078801
0.00013031525
0.0001298305
0.00012933356
0.00012882423
0.0001283023
0.00012776756
0.00012721984
0.00012665893
0.00012608459
0.00012549699
0.00012489431
0.00012428361
0.00012363304
0.00012308153
0.00012201833
0.00014308459
0.00014295331
0.00014281813
0.00014267895
0.00014253565
0.0001423881
0.00014223619
0.00014207979
0.00014191877
0.000141753
0.00014158235
0.00014140668
0.00014122585
0.00014103972
0.00014084814
0.00014065096
0.00014044804
0.00014023921
0.00014002431
0.00013980319
0.00013957568
0.00013934161
0.00013910081
0.00013885311
0.00013859832
0.00013833627
0.00013806677
0.00013778965
0.0001375047
0.00013721173
0.00013691056
0.00013660099
0.00013628281
0.00013595583
0.00013561984
0.00013527463
0.00013492001
0.00013455575
0.00013418165
0.0001337975
0.00013340308
0.00013299818
0.00013258259
0.00013215609
0.00013171847
0.00013126952
0.00013080902
0.00013033675
0.00012985252
0.00012935611
0.00012884732
0.00012832594
0.00012779177
0.00012724462
0.0001266843
0.00012611055
0.00012552356
0.0001249215
0.00012431143
0.00012366152
0.00012311056
0.00012204844
0.0001430921
0.00014296096
0.00014282593
0.0001426869
0.00014254375
0.00014239636
0.00014224461
0.00014208838
0.00014192753
0.00014176194
0.00014159147
0.00014141599
0.00014123535
0.00014104942
0.00014085805
0.00014066108
0.00014045837
0.00014024976
0.0001400351
0.00013981421
0.00013958695
0.00013935312
0.00013911258
0.00013886514
0.00013861062
0.00013834885
0.00013807964
0.00013780281
0.00013751816
0.00013722551
0.00013692466
0.00013661541
0.00013629757
0.00013597093
0.0001356353
0.00013529046
0.0001349362
0.00013457233
0.00013419862
0.00013381487
0.00013342087
0.00013301639
0.00013260123
0.00013217518
0.00013173801
0.00013128952
0.0001308295
0.00013035772
0.00012987398
0.00012937808
0.0001288698
0.00012834895
0.00012781532
0.00012726871
0.00012670896
0.00012613577
0.00012554936
0.0001249479
0.00012433841
0.00012368913
0.00012313871
0.0001220776
0.00014309966
0.00014296867
0.00014283379
0.00014269491
0.00014255192
0.00014240469
0.0001422531
0.00014209704
0.00014193636
0.00014177095
0.00014160066
0.00014142537
0.00014124493
0.00014105919
0.00014086802
0.00014067127
0.00014046877
0.00014026039
0.00014004595
0.0001398253
0.00013959827
0.00013936469
0.0001391244
0.00013887721
0.00013862296
0.00013836146
0.00013809253
0.00013781599
0.00013753163
0.00013723928
0.00013693874
0.00013662981
0.0001363123
0.000135986
0.0001356507
0.00013530621
0.00013495232
0.00013458881
0.00013421548
0.00013383212
0.00013343851
0.00013303444
0.0001326197
0.00013219407
0.00013175734
0.00013130929
0.00013084972
0.0001303784
0.00012989514
0.00012939972
0.00012889194
0.00012837159
0.00012783847
0.00012729238
0.00012673316
0.00012616052
0.00012557465
0.00012497375
0.00012436483
0.00012371615
0.00012316623
0.00012210608
)
;

boundaryField
{
    inlet
    {
        type            fixedValue;
        value           nonuniform List<scalar> 0();
    }
    top
    {
        type            zeroGradient;
    }
    outlet
    {
        type            zeroGradient;
    }
    slipsurface
    {
        type            slip;
    }
    bottom
    {
        type            kqRWallFunction;
        value           nonuniform List<scalar> 0();
    }
    frontandback
    {
        type            empty;
    }
    procBoundary0to1
    {
        type            processor;
        value           nonuniform List<scalar> 
66
(
0.00013943628
0.0001392287
0.00013901467
0.000138794
0.00013856648
0.00013833191
0.00013809005
0.00013784068
0.00013758357
0.00013731848
0.00013704517
0.00013676338
0.00013647285
0.00013617331
0.0001358645
0.00013554612
0.0001352179
0.00013487953
0.00013453071
0.00013417113
0.00013380047
0.0001334184
0.00013302459
0.00013261869
0.00013220036
0.00013176924
0.00013132496
0.00013086715
0.00013039543
0.00012990941
0.00012940871
0.00012889292
0.00012870164
0.00012903015
0.00012934777
0.00012934777
0.00012882771
0.00012829218
0.00012774077
0.00012717309
0.00012658873
0.00012598727
0.0001253683
0.00012473139
0.00012407614
0.00012340211
0.0001227089
0.00012199608
0.00012126323
0.00012050996
0.00011973585
0.00011894051
0.00011812355
0.00011779141
0.00011779141
0.00011694433
0.00011607487
0.00011518274
0.00011426747
0.00011332939
0.00011236553
0.00011138741
0.00011034328
0.00011008539
0.00011008539
0.00010840029
)
;
    }
    procBoundary0to4
    {
        type            processor;
        value           nonuniform List<scalar> 4(0.00013983289 0.00013963761 0.0001401702 0.00014031305);
    }
    procBoundary0to5
    {
        type            processor;
        value           nonuniform List<scalar> 
29
(
0.00014027035
0.00014027035
0.00014040659
0.00014053848
0.00014066632
0.00014079044
0.00014091117
0.00014102892
0.00014114411
0.00014125721
0.00014136876
0.00014147933
0.00014158956
0.00014170018
0.00014181195
0.00014192573
0.00014204243
0.00014216303
0.00014228856
0.00014264365
0.00014298275
0.0001431325
0.00014317441
0.00014318779
0.00014319671
0.00014320459
0.00014321212
0.00014321949
0.00014322692
)
;
    }
}


// ************************************************************************* //
