/*--------------------------------*- C++ -*----------------------------------*\
  =========                 |
  \\      /  F ield         | OpenFOAM: The Open Source CFD Toolbox
   \\    /   O peration     | Website:  https://openfoam.org
    \\  /    A nd           | Version:  12
     \\/     M anipulation  |
\*---------------------------------------------------------------------------*/
FoamFile
{
    format      ascii;
    class       volScalarField;
    location    "800";
    object      epsilon;
}
// * * * * * * * * * * * * * * * * * * * * * * * * * * * * * * * * * * * * * //

dimensions      [0 2 -3 0 0 0 0];

internalField   nonuniform List<scalar> 
824
(
0.0045606492
0.0043643951
0.004160667
0.0039660926
0.0037906883
0.0036313446
0.0034752306
0.0033082123
0.0031268958
0.0029423086
0.0027707968
0.0026201944
0.0024832485
0.0023460584
0.0022048816
0.0020681107
0.0019454863
0.0018402826
0.0017478726
0.001660484
0.0015731879
0.0014868092
0.0014054418
0.0013323131
0.0012669768
0.0012066102
0.0011492888
0.0010944531
0.0010417728
0.00099075156
0.00094138636
0.00089485806
0.00085425135
0.00080118039
0.0041347717
0.0039614828
0.0037819607
0.0036102981
0.0034550339
0.0033135575
0.0031749563
0.003027162
0.0028672096
0.0027044376
0.0025528055
0.0024191638
0.0022974783
0.0021758332
0.0020509182
0.001929877
0.0018210952
0.0017274388
0.0016449404
0.0015668665
0.0014889098
0.001411753
0.0013389506
0.001273337
0.0012145479
0.0011601213
0.0011083661
0.0010587865
0.0010110905
0.00096483154
0.00092001112
0.00087764191
0.00084062666
0.00079185204
0.005977516
0.0057355845
0.0054855694
0.0052461065
0.0050285862
0.0048296091
0.0046346768
0.0044276608
0.0042044709
0.0039774414
0.0037652334
0.003577306
0.0034058938
0.0032349881
0.0030599515
0.0028902908
0.0027373415
0.0026050667
0.0024881358
0.0023773715
0.0022668351
0.0021573981
0.0020539193
0.0019603321
0.0018761814
0.0017980824
0.0017236864
0.0016522975
0.0015835076
0.0015166777
0.0014518176
0.001390286
0.0013364663
0.0012648367
0.0092411921
0.0088772893
0.0085019173
0.0081419158
0.0078138123
0.0075127796
0.0072178585
0.0069056183
0.0065699652
0.0062286434
0.005908767
0.0056244455
0.0053647671
0.0051063855
0.0048423114
0.0045863023
0.0043549699
0.0041542226
0.0039762856
0.0038076221
0.0036393937
0.0034728152
0.0033150659
0.0031720254
0.0030430697
0.0029231732
0.0028088213
0.0026989633
0.0025929862
0.0024899113
0.0023897627
0.0022945088
0.0022111338
0.0020993281
0.014096134
0.013553266
0.012994086
0.012457233
0.011966648
0.011515468
0.011073432
0.01060657
0.01010587
0.0095968514
0.009118821
0.0086926802
0.0083030745
0.0079160676
0.0075212291
0.0071384298
0.0067919051
0.0064903875
0.0062225707
0.0059685995
0.0057154184
0.0054647239
0.005227053
0.005011113
0.0048160419
0.0046344317
0.0044610692
0.0042943844
0.0041334644
0.0039768311
0.0038245323
0.0036793952
0.0035523072
0.0033808428
0.021039003
0.020244655
0.019427452
0.01864214
0.01792283
0.017259912
0.016610399
0.015925864
0.015193236
0.014448636
0.013748093
0.013121987
0.012549054
0.011980821
0.011402041
0.010840934
0.010332221
0.0098885455
0.0094937453
0.0091192352
0.0087461051
0.0083766855
0.0080261455
0.0077071146
0.007418415
0.0071493378
0.0068923057
0.0066450205
0.0064061505
0.0061735126
0.0059471934
0.0057311626
0.0055419566
0.0052852864
0.030871099
0.029727266
0.028551901
0.027421399
0.026383621
0.025425304
0.024486313
0.023498671
0.022443742
0.021371888
0.020361733
0.019456716
0.018627878
0.017807081
0.016972419
0.016163345
0.015428791
0.014786744
0.014214458
0.013671448
0.013130781
0.012595604
0.012087388
0.01162413
0.011204241
0.010812499
0.010438077
0.010077669
0.009729365
0.0093899971
0.0090597158
0.0087439769
0.0084674178
0.0080902752
0.044791295
0.043162058
0.041489859
0.039880102
0.038399164
0.037028947
0.035686275
0.034276814
0.032774312
0.031248207
0.029807557
0.028513757
0.027327915
0.02615537
0.024965035
0.023811412
0.022762649
0.021844
0.021023816
0.02024543
0.019470942
0.018704541
0.017976244
0.017311376
0.016707812
0.016144174
0.01560518
0.015086129
0.014584317
0.014095199
0.013619031
0.01316318
0.012763893
0.012216543
0.064567629
0.062261364
0.059897167
0.057619396
0.055519403
0.053572644
0.051664911
0.049666256
0.047539992
0.045381168
0.043339911
0.041502339
0.039816774
0.038152732
0.036466435
0.03483259
0.033345338
0.032039832
0.030872348
0.029764174
0.028662392
0.027572514
0.026536161
0.02558867
0.024727219
0.023922013
0.023151656
0.022409509
0.021691773
0.020991979
0.020310552
0.019657292
0.019085131
0.018296669
0.092835158
0.089574561
0.086236751
0.083018933
0.080046351
0.077285658
0.074580411
0.071752171
0.068749896
0.065703306
0.062818314
0.060215176
0.057825653
0.055470605
0.053088632
0.050781672
0.048679164
0.046829741
0.045173191
0.043600625
0.042038468
0.040493899
0.039024355
0.03767888
0.036453724
0.035307546
0.034210514
0.033153295
0.032130569
0.031133158
0.030161767
0.029229258
0.028412629
0.027281269
0.13374528
0.12909943
0.12435282
0.11977682
0.11554374
0.1116073
0.10775167
0.10373068
0.099473362
0.095157692
0.091066907
0.087368785
0.083972832
0.080632546
0.077261728
0.073999535
0.071023776
0.068401398
0.066049196
0.063816432
0.061600797
0.059411572
0.057327885
0.055417636
0.053675754
0.052044887
0.050483468
0.048978373
0.047522139
0.046101749
0.044718344
0.043388593
0.042224376
0.040602791
0.19469305
0.18791271
0.18100224
0.17434555
0.16818532
0.16245488
0.15684878
0.1510202
0.14486964
0.1386475
0.13275102
0.12741681
0.12252125
0.11771927
0.1128884
0.10822118
0.10396403
0.10020881
0.096838225
0.093641041
0.090473613
0.08734789
0.08437348
0.0816446
0.079153905
0.076821099
0.074587814
0.07243539
0.070353222
0.068322695
0.066345592
0.064443269
0.062778637
0.060448113
0.28861999
0.27855135
0.26829688
0.25840956
0.24924153
0.2406988
0.23234109
0.22366732
0.2145334
0.20530208
0.19655045
0.18862614
0.18135649
0.17424395
0.16711042
0.16023261
0.15396393
0.14843408
0.14347184
0.13877186
0.13412675
0.12955256
0.1252052
0.12121816
0.1175796
0.11417373
0.11091636
0.10778014
0.10474948
0.10179709
0.098925624
0.09616249
0.093747707
0.090353194
0.43232027
0.41750255
0.40241538
0.38784145
0.37428458
0.36161548
0.34920786
0.33634435
0.32281402
0.30913177
0.29612752
0.28431459
0.27345813
0.26284183
0.25220284
0.24193906
0.2325651
0.22427359
0.2168176
0.20975145
0.20277064
0.19589757
0.1893615
0.18336032
0.17787777
0.17274379
0.16783442
0.16310935
0.15854579
0.15410314
0.14978621
0.1456321
0.14200652
0.13689364
0.644072
0.62300545
0.60153194
0.5807119
0.56124215
0.54295886
0.52500974
0.50640232
0.48683253
0.46700469
0.4480754
0.43079233
0.41486226
0.39928366
0.3836768
0.36860013
0.35478814
0.34252355
0.33145998
0.32096073
0.31058679
0.30036765
0.29063339
0.2816739
0.27346829
0.26577084
0.25840129
0.25130066
0.24443568
0.2377458
0.23123931
0.22496468
0.21948518
0.2117098
0.92661376
0.89929604
0.87135512
0.84407295
0.81832459
0.79393765
0.7698686
0.74486555
0.71851608
0.6916896
0.66587081
0.64208731
0.62003251
0.59841601
0.57672452
0.55569121
0.53630837
0.51898033
0.50326045
0.48829373
0.47348094
0.45886054
0.44488881
0.4319718
0.4200899
0.40890672
0.39817297
0.38780726
0.37776432
0.36795765
0.35840263
0.3491577
0.34107435
0.329508
1.2304354
1.2003615
1.1694841
1.1390538
1.1099662
1.0820803
1.0543448
1.0254447
0.99489562
0.96356504
0.93303683
0.90452354
0.87781831
0.85152601
0.82504479
0.79918961
0.77512048
0.75335543
0.73341529
0.71430898
0.69532062
0.676491
0.65837833
0.64149777
0.62584735
0.6110236
0.59672208
0.58284453
0.56933787
0.55609066
0.54313106
0.53051553
0.51945025
0.50341469
1.4595725
1.4316709
1.4030329
1.3746171
1.3471322
1.3204771
1.2938076
1.2660331
1.2367084
1.2065013
1.17672
1.1484951
1.1218005
1.0954622
1.0689133
1.0428471
1.018314
0.99582354
0.97497116
0.95484729
0.9347692
0.91476202
0.89536247
0.87708994
0.85996649
0.84360658
0.82771174
0.81218537
0.79697684
0.78196532
0.76719303
0.75267888
0.73988677
0.72098241
1.555662
1.5323259
1.5084906
1.4847795
1.4616552
1.4390437
1.416371
1.3928889
1.3682761
1.3429646
1.3178365
1.2937636
1.2708728
1.2483786
1.2258514
1.2037558
1.1828286
1.1634384
1.145296
1.1277332
1.1102355
1.0928075
1.0758428
1.0597345
1.0445052
1.0298624
1.0155752
1.0015655
0.9877927
0.97414813
0.96068083
0.9473366
0.93555181
0.91771286
1.530835
1.5119838
1.4928575
1.4738363
1.4551945
1.436873
1.4185077
1.3996315
1.3800447
1.3600118
1.3400707
1.32084
1.3025249
1.2846711
1.2669939
1.2497652
1.233425
1.2181861
1.2038526
1.1899939
1.1762772
1.1626972
1.1494947
1.1369114
1.1249549
1.1134322
1.1021917
1.0911779
1.0803626
1.0696606
1.0591219
1.0486298
1.0393957
1.0250737
1.4285025
1.4132056
1.3977779
1.3824591
1.3674109
1.3525816
1.3377345
1.3225777
1.306994
1.2911528
1.2753818
1.2601196
1.2455891
1.2315407
1.2177923
1.2044989
1.191908
1.1801258
1.1690154
1.1583063
1.1477935
1.13747
1.1274732
1.1179373
1.108856
1.1001066
1.0915948
1.0832831
1.0751531
1.0671409
1.059294
1.0514681
1.0446279
1.0337813
1.2892828
1.2766294
1.2639209
1.2513255
1.2389467
1.2267372
1.2145272
1.2021188
1.1894414
1.1766172
1.1638637
1.151507
1.1397544
1.1284601
1.1175031
1.1069793
1.0970344
1.0877174
1.0789241
1.0704739
1.0622348
1.054202
1.0464566
1.0390734
1.0320383
1.0252684
1.0187033
1.0123168
1.0060964
0.99999363
0.99405106
0.98812407
0.98298245
0.97468412
1.1404545
1.1297754
1.1190741
1.1084853
1.098086
1.0878317
1.077586
1.0671971
1.0566175
1.0459478
1.035353
1.0250913
1.0153412
1.0060022
0.99698608
0.98836348
0.98023321
0.97261845
0.96543302
0.95854193
0.95185092
0.94535747
0.93911691
0.93317572
0.92751689
0.92207826
0.91681671
0.91171299
0.90675787
0.90191275
0.89721474
0.89253291
0.88849615
0.88190494
0.99714152
0.98798691
0.97882027
0.96976116
0.9608757
0.95212278
0.94338279
0.9345258
0.92551451
0.91643933
0.90744141
0.8987368
0.89047366
0.88256775
0.87494816
0.86767582
0.86083053
0.85442639
0.84838783
0.84260259
0.83699485
0.83156424
0.8263553
0.82140287
0.81668988
0.81216459
0.80779258
0.80355856
0.79945517
0.79545041
0.79157592
0.78771911
0.78440754
0.7789661
0.86632727
0.85839611
0.8504529
0.84260918
0.83492735
0.82737041
0.81982871
0.81218345
)
;

boundaryField
{
    bottom
    {
        type            epsilonWallFunction;
        value           nonuniform List<scalar> 
34
(
0.0045606492
0.0043643951
0.004160667
0.0039660926
0.0037906883
0.0036313446
0.0034752306
0.0033082123
0.0031268958
0.0029423086
0.0027707968
0.0026201944
0.0024832485
0.0023460584
0.0022048816
0.0020681107
0.0019454863
0.0018402826
0.0017478726
0.001660484
0.0015731879
0.0014868092
0.0014054418
0.0013323131
0.0012669768
0.0012066102
0.0011492888
0.0010944531
0.0010417728
0.00099075156
0.00094138636
0.00089485806
0.00085425135
0.00080118039
)
;
    }
    back
    {
        type            empty;
    }
    front
    {
        type            empty;
    }
    inlet
    {
        type            zeroGradient;
    }
    outlet
    {
        type            zeroGradient;
    }
    top
    {
        type            zeroGradient;
    }
    slipsurface
    {
        type            slip;
    }
    procBoundary8to9
    {
        type            processor;
        value           nonuniform List<scalar> 
35
(
0.8044011
0.79656577
0.78880712
0.78131323
0.77420525
0.76740337
0.76084578
0.75458967
0.74870801
0.74321336
0.73803771
0.73308102
0.72827676
0.72362593
0.7191688
0.71493614
0.71091225
0.70705119
0.70332294
0.69971465
0.6962201
0.69281202
0.689517
0.68624068
0.68343502
0.6788111
0.75032792
0.74341085
0.73647784
0.72963445
0.72294209
0.71636864
0.70981229
0.8044011
0.70316118
)
;
    }
    procBoundary8to10
    {
        type            processor;
        value           nonuniform List<scalar> 
24
(
0.0047400776
0.004293954
0.0062010563
0.0095789085
0.014601657
0.021780892
0.031942351
0.046321289
0.066739343
0.095914393
0.13814718
0.20113981
0.29821217
0.44646231
0.66419425
0.952689
1.2591441
1.4863347
1.5782441
1.5492518
1.443561
1.3017979
1.1510391
1.006218
)
;
    }
    procBoundary8to11
    {
        type            processor;
        value           uniform 0.87418523;
    }
}


// ************************************************************************* //
