/*--------------------------------*- C++ -*----------------------------------*\
  =========                 |
  \\      /  F ield         | OpenFOAM: The Open Source CFD Toolbox
   \\    /   O peration     | Website:  https://openfoam.org
    \\  /    A nd           | Version:  12
     \\/     M anipulation  |
\*---------------------------------------------------------------------------*/
FoamFile
{
    format      ascii;
    class       volScalarField;
    location    "1100";
    object      nut;
}
// * * * * * * * * * * * * * * * * * * * * * * * * * * * * * * * * * * * * * //

dimensions      [0 2 -1 0 0 0 0];

internalField   nonuniform List<scalar> 
467
(
0.00072419916
0.00072402407
0.00072400636
0.00072415093
0.00072446164
0.00072494114
0.00072559067
0.00072640978
0.00072739588
0.00072854364
0.0007298443
0.00073128474
0.00073284655
0.00073450511
0.00073622888
0.00073797934
0.00073971165
0.00074137643
0.00074292289
0.00075662896
0.00075635965
0.00075624271
0.00075628352
0.00075648638
0.00075685435
0.00075738902
0.00075809018
0.00075895544
0.00075997968
0.00076115443
0.00076246712
0.00076390026
0.0007654308
0.00076702954
0.00076866118
0.00077028492
0.00077185602
0.00077332835
0.00077465792
0.00077580646
0.00077674547
0.00077745893
0.00077794446
0.00077821267
0.00077828485
0.00077818979
0.00077796014
0.00079614235
0.00079576964
0.00079554242
0.00079546642
0.00079554632
0.00079578553
0.000796186
0.00079674781
0.00079746889
0.00079834452
0.00079936676
0.00080052387
0.00080179971
0.00080317318
0.0008046179
0.00080610224
0.0008075899
0.00080904122
0.00081041524
0.00081167242
0.00081277779
0.00081370399
0.00081443371
0.00081496102
0.00081529115
0.00081543916
0.00081542744
0.00081528294
0.00084367088
0.00084318643
0.00084283804
0.00084263164
0.00084257217
0.00084266334
0.00084290742
0.00084330493
0.00084385428
0.00084455136
0.00084538915
0.00084635717
0.00084744108
0.00084862225
0.00084987759
0.00085117963
0.00085249703
0.00085379558
0.00085503983
0.00085619519
0.00085723034
0.00085811964
0.00085884519
0.00085939806
0.00085977861
0.00085999569
0.00086006506
0.00086000731
0.00090019084
0.00089958249
0.00089909808
0.00089874351
0.00089852377
0.00089844275
0.00089850302
0.00089870552
0.00089904931
0.00089953116
0.00090014526
0.00090088282
0.00090173177
0.00090267644
0.00090369752
0.00090477212
0.00090587419
0.00090697529
0.0009080458
0.0009090564
0.00090997989
0.00091079302
0.00091147807
0.00091202404
0.00091242712
0.0009126905
0.00091282344
0.00091283989
0.00096621243
0.00096544641
0.00096478916
0.00096424635
0.00096382292
0.00096352289
0.00096334914
0.00096330319
0.00096338495
0.0009635924
0.00096392138
0.00096436526
0.00096491472
0.00096555761
0.00096627881
0.0009670604
0.00096788189
0.00096872082
0.00096955351
0.00097035618
0.00097110614
0.00097178311
0.00097237042
0.00097285603
0.00097323305
0.00097349991
0.00097365996
0.00097372075
0.0010419332
0.0010409598
0.0010400776
0.0010392919
0.0010386073
0.0010380279
0.0010375569
0.0010371963
0.0010369471
0.0010368087
0.0010367787
0.001036853
0.0010370253
0.0010372872
0.0010376281
0.0010380351
0.0010384934
0.0010389864
0.0010394964
0.0010400054
0.0010404954
0.0010409498
0.0010413538
0.0010416955
0.0010419665
0.0010421617
0.0010422798
0.0010423227
0.0011251943
0.0011239731
0.001122823
0.0011217486
0.0011207543
0.001119844
0.001119021
0.0011182879
0.0011176466
0.0011170977
0.0011166408
0.0011162743
0.0011159948
0.0011157978
0.0011156768
0.0011156238
0.0011156295
0.0011156829
0.0011157721
0.0011158847
0.0011160078
0.0011161288
0.0011162362
0.0011163194
0.0011163701
0.0011163817
0.0011163501
0.0011162734
0.0012134212
0.001211922
0.0012104743
0.0012090819
0.0012077485
0.0012064774
0.0012052719
0.0012041347
0.0012030681
0.0012020739
0.0012011531
0.0012003057
0.0011995311
0.0011988275
0.0011981923
0.0011976215
0.0011971102
0.0011966525
0.0011962417
0.0011958703
0.0011955302
0.0011952134
0.0011949118
0.0011946177
0.0011943242
0.0011940252
0.0011937159
0.0011933926
0.0012992595
0.0012975027
0.0012957802
0.0012940943
0.0012924478
0.0012908435
0.001289284
0.0012877718
0.0012863092
0.0012848982
0.0012835405
0.0012822374
0.0012809897
0.0012797977
0.001278661
0.0012775788
0.0012765495
0.0012755708
0.0012746399
0.0012737533
0.0012729073
0.0012720976
0.0012713196
0.0012705689
0.0012698412
0.0012691321
0.0012684379
0.0012677553
0.0013785008
0.0013764824
0.0013744835
0.0013725073
0.0013705555
0.0013686304
0.0013667336
0.0013648673
0.0013630332
0.0013612332
0.0013594691
0.0013577423
0.0013560541
0.0013544059
0.0013527989
0.0013512337
0.0013497109
0.0013482303
0.0013467918
0.0013453946
0.0013440378
0.0013427202
0.0013414401
0.001340196
0.0013389858
0.0013378077
0.0013366597
0.0013355401
0.0014401198
0.0014379316
0.0014357563
0.0014335954
0.0014314506
0.0014293224
0.0014272117
0.0014251193
0.0014230464
0.0014209945
0.0014189634
0.0014169499
0.0014149559
0.0014129896
0.0014110547
0.00140915
0.0014072748
0.0014054298
0.001403616
0.0014018343
0.0014000851
0.001398369
0.0013966861
0.0013950366
0.0013934204
0.0013918374
0.0013902875
0.0013887704
0.0014877937
0.0014854161
0.0014830441
0.0014806751
0.0014783293
0.0014760097
0.0014737081
0.0014714227
0.0014691541
0.0014669076
0.0014647066
0.001462502
0.001460101
0.0014577319
0.001455489
0.0014532814
0.0014510997
0.0014489411
0.0014468046
0.0014446911
0.0014426016
0.0014405374
0.0014384995
0.0014364889
0.0014345064
0.0014325531
0.0014306298
0.0014287373
0.0015140643
0.0015116507
0.0015092494
0.0015068599
0.0015044817
0.001502115
0.0014997605
0.0014974185
0.0014950886
0.0014927855
0.0014905167
0.0014881793
0.0014857957
0.0014833928
0.0014809613
0.001478501
0.0014761969
0.0014739272
0.0014716779
0.0014694477
0.0014672354
0.0014650403
0.001462863
0.0014607045
0.0014585658
0.0014564478
0.0014543511
0.0014522768
0.0015405202
0.0015378932
0.0015352766
0.0015326697
0.0015300719
0.0015274825
0.0015249004
0.0015223261
0.0015197728
0.0015172949
0.0015147772
0.0015122257
0.0015096611
0.0015070858
0.001504499
0.001501898
0.001499281
0.0014966389
0.0014939919
0.0014915453
0.0014891222
0.0014867129
0.0014843163
0.0014819325
0.001479562
0.0014772055
0.0014748634
0.0014725363
0.0015514065
0.0015488259
0.0015462558
0.0015436955
0.0015411442
0.0015386012
0.0015360657
0.0015335372
0.0015310156
0.0015285036
0.0015260026
0.0015235096
0.0015210224
0.0015185401
0.0015160624
0.0015135894
0.001511121
0.0015086568
0.001506193
0.0015037282
0.0015012665
0.0014988099
0.0014963592
0.0014939151
0.0014914782
0.0014890497
0.0014866304
0.0014842214
0.0015790888
0.0015765678
0.0015740615
0.0015715693
0.0015690905
0.0015666245
0.0015641707
0.0015617288
0.0015592982
0.0015568785
0.0015544696
0.001552071
0.0015496825
0.0015473042
0.0015449357
0.0015425771
0.0015402284
0.0015378898
0.0015355614
0.0015332434
0.0015309364
0.0015286406
0.0015263565
0.0015240849
0.0015218263
0.0015195815
0.0015173526
0.0015151432
)
;

boundaryField
{
    inlet
    {
        type            calculated;
        value           nonuniform List<scalar> 0();
    }
    top
    {
        type            calculated;
        value           nonuniform List<scalar> 
28
(
0.0015792199
0.0015767079
0.0015742112
0.0015717293
0.0015692615
0.0015668073
0.0015643662
0.0015619378
0.0015595217
0.0015571175
0.0015547251
0.0015523443
0.0015499749
0.0015476168
0.00154527
0.0015429345
0.0015406106
0.0015382983
0.001535998
0.00153371
0.0015314349
0.0015291731
0.0015269252
0.0015246919
0.001522474
0.0015202724
0.0015180894
0.0015159278
)
;
    }
    outlet
    {
        type            calculated;
        value           nonuniform List<scalar> 0();
    }
    slipsurface
    {
        type            slip;
    }
    bottom
    {
        type            nutkWallFunction;
        Cmu             0.09;
        kappa           0.41;
        E               9.8;
        value           nonuniform List<scalar> 0();
    }
    frontandback
    {
        type            empty;
    }
    procBoundary1to0
    {
        type            processor;
        value           nonuniform List<scalar> 
29
(
0.00069786252
0.0006977692
0.00069783691
0.00069807006
0.00069847204
0.00069904509
0.00069979017
0.00070070664
0.00070179179
0.00070304028
0.00070444321
0.0007059872
0.00070765319
0.00070941533
0.00071124017
0.0007130864
0.0007149056
0.00071664427
0.00071824737
0.00074430299
0.00074430299
0.00074547557
0.00074641163
0.00074709689
0.00074753289
0.00074773565
0.0007477325
0.00074755802
0.00074724989
)
;
    }
    procBoundary1to3
    {
        type            processor;
        value           nonuniform List<scalar> 
17
(
0.00072452578
0.00075704431
0.00079665388
0.00084428461
0.00090091651
0.00096708097
0.0010429921
0.0011264818
0.0012149679
0.0013010473
0.0013805307
0.0014423206
0.0014901805
0.0015164905
0.0015431583
0.0015539984
0.0015816252
)
;
    }
    procBoundary1to10
    {
        type            processor;
        value           nonuniform List<scalar> 
16
(
0.00077762918
0.00081503415
0.00085984543
0.00091275674
0.00097369287
0.0010422952
0.0011161517
0.0011930532
0.0012670817
0.0013344471
0.0013872859
0.0014268767
0.0014502255
0.0014702248
0.001481824
0.0015130017
)
;
    }
}


// ************************************************************************* //
