/*--------------------------------*- C++ -*----------------------------------*\
  =========                 |
  \\      /  F ield         | OpenFOAM: The Open Source CFD Toolbox
   \\    /   O peration     | Website:  https://openfoam.org
    \\  /    A nd           | Version:  12
     \\/     M anipulation  |
\*---------------------------------------------------------------------------*/
FoamFile
{
    format      ascii;
    class       volScalarField;
    location    "100";
    object      nut;
}
// * * * * * * * * * * * * * * * * * * * * * * * * * * * * * * * * * * * * * //

dimensions      [0 2 -1 0 0 0 0];

internalField   nonuniform List<scalar> 
467
(
5.6992821e-05
5.5748469e-05
5.4955749e-05
5.4292503e-05
5.3679486e-05
5.3093252e-05
5.2522682e-05
5.1965339e-05
5.1405567e-05
5.0877216e-05
5.74537e-05
5.6230186e-05
5.5454373e-05
5.4801146e-05
5.4192326e-05
5.3606022e-05
5.3032444e-05
5.2470243e-05
5.1904366e-05
5.136968e-05
5.7880892e-05
5.6673201e-05
5.5910367e-05
5.5264946e-05
5.4659462e-05
5.4073112e-05
5.3497026e-05
5.2930639e-05
5.2359297e-05
5.1818776e-05
5.826792e-05
5.7071056e-05
5.6317138e-05
5.5677099e-05
5.5073954e-05
5.4487667e-05
5.3909982e-05
5.3340809e-05
5.2765616e-05
5.2220813e-05
5.8623169e-05
5.7433399e-05
5.6685319e-05
5.6048822e-05
5.5447301e-05
5.4861225e-05
5.4282627e-05
5.3711567e-05
5.3133391e-05
5.2585009e-05
5.8957793e-05
5.7772586e-05
5.7028311e-05
5.6394277e-05
5.5794002e-05
5.5207956e-05
5.462807e-05
5.4054435e-05
5.3472374e-05
5.2919461e-05
5.9280232e-05
5.8098085e-05
5.7356438e-05
5.672361e-05
5.6122745e-05
5.5534371e-05
5.4950702e-05
5.4372233e-05
5.3784476e-05
5.3225728e-05
5.9596044e-05
5.8414337e-05
5.7671306e-05
5.703542e-05
5.6430255e-05
5.5836737e-05
5.5247368e-05
5.4662901e-05
5.4068864e-05
5.3504077e-05
5.9903618e-05
5.8712777e-05
5.7964006e-05
5.7322753e-05
5.6712039e-05
5.6112772e-05
5.5517509e-05
5.4927105e-05
5.4326995e-05
5.3756435e-05
6.0195508e-05
5.8988833e-05
5.8232359e-05
5.7585124e-05
5.6968729e-05
5.6363795e-05
5.5762826e-05
5.5166721e-05
5.45608e-05
5.3984718e-05
6.0467483e-05
5.9241801e-05
5.8477018e-05
5.7823767e-05
5.7201811e-05
5.659138e-05
5.5984896e-05
5.5383295e-05
5.477178e-05
5.4190377e-05
6.0717957e-05
5.94723e-05
5.869913e-05
5.8039946e-05
5.7412556e-05
5.6796782e-05
5.6184954e-05
5.5578023e-05
5.4961079e-05
5.4374536e-05
6.0946748e-05
5.9681142e-05
5.8899685e-05
5.8234676e-05
5.7601988e-05
5.6981034e-05
5.6364022e-05
5.5751906e-05
5.5129705e-05
5.4538247e-05
6.1154249e-05
5.98691e-05
5.9079536e-05
5.8408853e-05
5.7771001e-05
5.7144993e-05
5.6522973e-05
5.5905929e-05
5.5278734e-05
5.4682498e-05
6.1341077e-05
6.003696e-05
5.923955e-05
5.856337e-05
5.7920468e-05
5.7289566e-05
5.6662822e-05
5.604113e-05
5.5409093e-05
5.4808099e-05
6.1507936e-05
6.0185511e-05
5.9380479e-05
5.8698986e-05
5.8051369e-05
5.7415882e-05
5.6784476e-05
5.6158148e-05
5.5521581e-05
5.4916541e-05
6.165571e-05
6.0314591e-05
5.9507473e-05
5.8804054e-05
5.8208193e-05
5.7524547e-05
5.6889327e-05
5.6258887e-05
5.5618117e-05
5.5009083e-05
4.4864488e-05
4.4305238e-05
4.3744302e-05
4.318167e-05
4.2617336e-05
4.205129e-05
4.1483526e-05
4.0914036e-05
5.0281082e-05
4.9752485e-05
4.9206121e-05
4.8654454e-05
4.8100354e-05
4.7544459e-05
4.6986899e-05
4.6427697e-05
4.5866852e-05
4.5304365e-05
4.4740236e-05
4.4174463e-05
4.3607045e-05
4.3037981e-05
4.2467266e-05
4.1894895e-05
4.1320865e-05
5.0765779e-05
5.0230555e-05
4.9677777e-05
4.9120023e-05
4.8560109e-05
4.79986e-05
4.7435566e-05
4.6870982e-05
4.6304824e-05
4.5737077e-05
4.5167733e-05
4.4596792e-05
4.4024255e-05
4.3450123e-05
4.2874396e-05
4.2297074e-05
4.1718154e-05
5.1207478e-05
5.0665735e-05
5.0106424e-05
4.9542286e-05
4.8976151e-05
4.8408561e-05
4.7839563e-05
4.7269116e-05
4.6697179e-05
4.612373e-05
4.5548755e-05
4.497225e-05
4.4394216e-05
4.3814653e-05
4.3233561e-05
4.265094e-05
4.2066787e-05
5.1603642e-05
5.1056428e-05
5.049131e-05
4.9921206e-05
4.9349015e-05
4.8775332e-05
4.8200241e-05
4.7623729e-05
4.7045778e-05
4.6466379e-05
4.5885527e-05
4.5303222e-05
4.4719465e-05
4.4134255e-05
4.3547592e-05
4.2959472e-05
4.2369892e-05
5.1962531e-05
5.1410152e-05
5.0839358e-05
5.0263288e-05
4.9684974e-05
4.9105098e-05
4.8523808e-05
4.7941135e-05
4.7357088e-05
4.677167e-05
4.6184884e-05
4.559673e-05
4.5007208e-05
4.4416313e-05
4.3824041e-05
4.3230387e-05
4.2635342e-05
5.2290778e-05
5.1732567e-05
5.1155562e-05
5.0573157e-05
4.9988497e-05
4.9402325e-05
4.8814818e-05
4.8226022e-05
4.7635947e-05
4.7044596e-05
4.6451966e-05
4.5858052e-05
4.5262847e-05
4.4666344e-05
4.4068535e-05
4.346941e-05
4.2868959e-05
5.2590029e-05
5.2025575e-05
5.1442182e-05
5.0853437e-05
5.0262536e-05
4.967023e-05
4.9076693e-05
4.8481961e-05
4.7886037e-05
4.7288919e-05
4.6690602e-05
4.6091078e-05
4.5490334e-05
4.4888353e-05
4.4285117e-05
4.3680608e-05
4.3074818e-05
5.2861473e-05
5.2290976e-05
5.1701456e-05
5.1106647e-05
5.0509769e-05
4.9911575e-05
4.9312232e-05
4.8711772e-05
4.8110195e-05
4.7507491e-05
4.690365e-05
4.629866e-05
4.5692509e-05
4.5085187e-05
4.4476683e-05
4.3866984e-05
4.3256081e-05
5.3107267e-05
5.2531021e-05
5.1935653e-05
5.133503e-05
5.0732403e-05
5.0128528e-05
4.952358e-05
4.8917592e-05
4.8310553e-05
4.7702441e-05
4.709323e-05
4.6482901e-05
4.5871453e-05
4.5258901e-05
4.464527e-05
4.4030587e-05
4.3414869e-05
5.3329262e-05
5.2747493e-05
5.2146495e-05
5.1540275e-05
5.0932112e-05
5.0322764e-05
4.9712399e-05
4.9101046e-05
4.8488702e-05
4.7875355e-05
4.7260994e-05
4.6645607e-05
4.6029182e-05
4.5411706e-05
4.4793168e-05
4.4173558e-05
4.3552866e-05
5.3528851e-05
5.2941753e-05
5.2335331e-05
5.1723732e-05
5.1110252e-05
5.0495628e-05
4.9880006e-05
4.9263415e-05
4.8645881e-05
4.8027447e-05
4.7408156e-05
4.6788035e-05
4.6167081e-05
4.5545261e-05
4.492252e-05
4.4298789e-05
4.3674002e-05
5.3707191e-05
5.3114986e-05
5.2503344e-05
5.1886532e-05
5.1267888e-05
5.0648184e-05
5.0027588e-05
4.940613e-05
4.8783808e-05
4.8160613e-05
4.7536534e-05
4.6911562e-05
4.6285685e-05
4.565889e-05
4.5031164e-05
4.4402492e-05
4.3772864e-05
5.3865352e-05
5.3268245e-05
5.2651534e-05
5.202962e-05
5.1405937e-05
5.0781351e-05
5.01561e-05
4.9530233e-05
4.8903717e-05
4.8276481e-05
4.7648442e-05
4.7019523e-05
4.6389668e-05
4.5758842e-05
4.5127033e-05
4.4494243e-05
4.3860489e-05
5.4004185e-05
5.3402368e-05
5.2780936e-05
5.21544e-05
5.1526158e-05
5.0897e-05
5.0267098e-05
4.9636478e-05
4.9005127e-05
4.8373028e-05
4.7740165e-05
4.7106529e-05
4.6472117e-05
4.5836929e-05
4.5200968e-05
4.4564237e-05
4.3926736e-05
5.4124522e-05
5.3518276e-05
5.2892569e-05
5.2261998e-05
5.1629906e-05
5.0996997e-05
5.0363369e-05
4.9728999e-05
4.9093852e-05
4.8457913e-05
4.7821186e-05
4.7183688e-05
4.6545446e-05
4.5906486e-05
4.5266833e-05
4.4626509e-05
4.3985529e-05
5.4228361e-05
5.3617934e-05
5.2987741e-05
5.2352485e-05
5.1715609e-05
5.1077927e-05
5.0439638e-05
4.9800801e-05
4.9161432e-05
4.8521542e-05
4.7881129e-05
4.724019e-05
4.6598715e-05
4.5956696e-05
4.5314123e-05
4.4670992e-05
4.4027305e-05
5.4316398e-05
5.3702058e-05
5.3067946e-05
5.2428889e-05
5.1788356e-05
5.1147155e-05
5.0505469e-05
4.9863337e-05
4.9220765e-05
4.8577749e-05
4.7934287e-05
4.7290377e-05
4.6646016e-05
4.6001204e-05
4.5355939e-05
4.4710222e-05
4.4064054e-05
)
;

boundaryField
{
    inlet
    {
        type            calculated;
        value           nonuniform List<scalar> 
17
(
5.8309377e-05
5.8769584e-05
5.9196279e-05
5.958298e-05
5.9938025e-05
6.0272529e-05
6.0594901e-05
6.091068e-05
6.1218243e-05
6.1510135e-05
6.178212e-05
6.203261e-05
6.2261419e-05
6.246894e-05
6.2655785e-05
6.2822675e-05
6.297044e-05
)
;
    }
    top
    {
        type            calculated;
        value           nonuniform List<scalar> 
27
(
6.165571e-05
6.0314591e-05
5.9507473e-05
5.8804054e-05
5.8208193e-05
5.7524547e-05
5.6889327e-05
5.6258887e-05
5.5618117e-05
5.5009083e-05
5.4316398e-05
5.3702058e-05
5.3067946e-05
5.2428889e-05
5.1788356e-05
5.1147155e-05
5.0505469e-05
4.9863337e-05
4.9220765e-05
4.8577749e-05
4.7934287e-05
4.7290377e-05
4.6646016e-05
4.6001204e-05
4.5355939e-05
4.4710222e-05
4.4064054e-05
)
;
    }
    outlet
    {
        type            calculated;
        value           nonuniform List<scalar> 0();
    }
    slipsurface
    {
        type            slip;
    }
    bottom
    {
        type            nutkWallFunction;
        Cmu             0.09;
        kappa           0.41;
        E               9.8;
        value           nonuniform List<scalar> 0();
    }
    frontandback
    {
        type            empty;
    }
    procBoundary15to12
    {
        type            processor;
        value           uniform 4.0342808e-05;
    }
    procBoundary15to13
    {
        type            processor;
        value           nonuniform List<scalar> 
17
(
4.0745163e-05
4.1137627e-05
4.1481093e-05
4.1778841e-05
4.2038893e-05
4.2267166e-05
4.2467741e-05
4.2643956e-05
4.2798107e-05
4.2931076e-05
4.3048096e-05
4.314226e-05
4.3225783e-05
4.3288458e-05
4.3343896e-05
4.3383064e-05
4.3417428e-05
)
;
    }
    procBoundary15to14
    {
        type            processor;
        value           nonuniform List<scalar> 
28
(
4.4506562e-05
4.3952122e-05
4.3395933e-05
4.2837987e-05
4.2278275e-05
4.1716788e-05
4.1153519e-05
4.0588459e-05
5.6541275e-05
5.5274831e-05
5.446457e-05
5.3791126e-05
5.3173702e-05
5.2586941e-05
5.2018295e-05
5.1464348e-05
5.0909017e-05
5.0385375e-05
4.9795367e-05
4.9272126e-05
4.8731076e-05
4.81846e-05
4.7635597e-05
4.7084741e-05
4.6532185e-05
4.5977958e-05
4.5422063e-05
4.5422063e-05
)
;
    }
}


// ************************************************************************* //
