/*--------------------------------*- C++ -*----------------------------------*\
  =========                 |
  \\      /  F ield         | OpenFOAM: The Open Source CFD Toolbox
   \\    /   O peration     | Website:  https://openfoam.org
    \\  /    A nd           | Version:  12
     \\/     M anipulation  |
\*---------------------------------------------------------------------------*/
FoamFile
{
    format      ascii;
    class       volScalarField;
    location    "500";
    object      epsilon;
}
// * * * * * * * * * * * * * * * * * * * * * * * * * * * * * * * * * * * * * //

dimensions      [0 2 -3 0 0 0 0];

internalField   nonuniform List<scalar> 
824
(
8.8405909e-11
8.8405909e-11
8.8405909e-11
8.8405909e-11
8.8405909e-11
8.8405909e-11
8.8405909e-11
8.8405909e-11
8.8405909e-11
8.8405909e-11
8.8405909e-11
8.8405909e-11
8.8405909e-11
8.8405909e-11
8.8405909e-11
8.8405909e-11
8.8405909e-11
8.8405909e-11
8.8405909e-11
8.8405909e-11
8.8405909e-11
8.8405909e-11
8.8405909e-11
8.8405909e-11
8.8405909e-11
8.8405909e-11
8.8405909e-11
8.8405909e-11
8.8405909e-11
8.8405909e-11
8.8405909e-11
8.8405909e-11
8.8405909e-11
8.8405909e-11
2.7187633e-11
2.5501411e-11
2.4391453e-11
2.3626405e-11
2.3054337e-11
2.2616769e-11
2.2252255e-11
2.193756e-11
2.1701458e-11
2.1532937e-11
2.1403422e-11
2.1310339e-11
2.1241915e-11
2.1190506e-11
2.1151257e-11
2.1118521e-11
2.1093752e-11
2.107663e-11
2.1065072e-11
2.1056322e-11
2.104843e-11
2.1041299e-11
2.1035447e-11
2.1031079e-11
2.102793e-11
2.1025497e-11
2.1023378e-11
2.1021467e-11
2.1019767e-11
2.1018289e-11
2.1017057e-11
2.1016087e-11
2.1015338e-11
2.1014479e-11
6.0095509e-11
4.4852873e-11
3.5223998e-11
2.8889056e-11
2.4242092e-11
2.0736505e-11
1.7842392e-11
1.5354175e-11
1.3494885e-11
1.2205527e-11
1.1217672e-11
1.0507562e-11
9.9831005e-12
9.5879473e-12
9.2919677e-12
9.045838e-12
8.8589423e-12
8.7288483e-12
8.6407755e-12
8.5749323e-12
8.5159524e-12
8.4625191e-12
8.4184507e-12
8.3853718e-12
8.3615085e-12
8.3432514e-12
8.3274568e-12
8.3131803e-12
8.3004429e-12
8.2893138e-12
8.2800095e-12
8.2726862e-12
8.2670806e-12
8.2606803e-12
4.7154e-10
3.2342048e-10
2.1932234e-10
1.5134384e-10
1.0833149e-10
7.9699801e-11
5.8492106e-11
4.1943957e-11
3.0563892e-11
2.3449159e-11
1.8290324e-11
1.4726184e-11
1.2152428e-11
1.0242647e-11
8.880197e-12
7.770523e-12
6.9328884e-12
6.3476973e-12
5.950899e-12
5.6616209e-12
5.4071284e-12
5.1762954e-12
4.9847736e-12
4.8397701e-12
4.7350351e-12
4.6563306e-12
4.5892596e-12
4.5284684e-12
4.4739624e-12
4.4259949e-12
4.3856255e-12
4.3538932e-12
4.3299232e-12
4.302863e-12
4.7482479e-09
3.1948482e-09
2.084298e-09
1.3716066e-09
9.3432192e-10
6.5361826e-10
4.5341386e-10
3.0106452e-10
1.9156869e-10
1.2034916e-10
7.8077645e-11
5.3439525e-11
3.788423e-11
2.7494597e-11
2.0922668e-11
1.6021348e-11
1.2544289e-11
1.0205716e-11
8.6571695e-12
7.5813973e-12
6.6777172e-12
5.8708343e-12
5.2063113e-12
4.7029187e-12
4.3402448e-12
4.0750555e-12
3.8561926e-12
3.658096e-12
3.4801399e-12
3.3225868e-12
3.1889921e-12
3.0840557e-12
3.0062669e-12
2.9203744e-12
4.4965815e-08
3.0790258e-08
2.0399169e-08
1.3571367e-08
9.2995682e-09
6.5148503e-09
4.5007428e-09
2.941117e-09
1.793082e-09
1.056861e-09
6.3922235e-10
4.0828672e-10
2.6807333e-10
1.7341615e-10
1.0985892e-10
7.003839e-11
4.6639573e-11
3.3086728e-11
2.5031197e-11
1.996813e-11
1.6125179e-11
1.2919515e-11
1.0425054e-11
8.60924e-12
7.3376506e-12
6.4480696e-12
5.7590017e-12
5.1469715e-12
4.604955e-12
4.1287727e-12
3.7257366e-12
3.4107495e-12
3.1830483e-12
2.9417392e-12
3.6063958e-07
2.5505733e-07
1.7470709e-07
1.1983754e-07
8.4256758e-08
6.0316109e-08
4.2494118e-08
2.8298018e-08
1.7528672e-08
1.0434736e-08
6.3275316e-09
4.0224009e-09
2.5989785e-09
1.6175e-09
9.6190768e-10
5.6970813e-10
3.517863e-10
2.3124201e-10
1.5997329e-10
1.1256437e-10
7.8503439e-11
5.4445773e-11
3.8434409e-11
2.8227416e-11
2.1776701e-11
1.7642345e-11
1.476639e-11
1.2363756e-11
1.035163e-11
8.6665447e-12
7.2923623e-12
6.2496681e-12
5.5245995e-12
4.8078824e-12
2.3478146e-06
1.7290806e-06
1.2345735e-06
8.8087527e-07
6.4129501e-07
4.7356616e-07
3.4397486e-07
2.368541e-07
1.5223058e-07
9.3912841e-08
5.8671203e-08
3.8174972e-08
2.5118729e-08
1.5841246e-08
9.4958925e-09
5.6345299e-09
3.4584807e-09
2.2350697e-09
1.4992066e-09
1.007713e-09
6.6473528e-10
4.3245417e-10
2.8521789e-10
1.953198e-10
1.3932233e-10
1.0207315e-10
7.5588905e-11
5.6322246e-11
4.2188079e-11
3.1741588e-11
2.4135546e-11
1.8891861e-11
1.5527108e-11
1.253748e-11
1.2087373e-05
9.3306231e-06
6.9846469e-06
5.2149311e-06
3.956243e-06
3.0337751e-06
2.288424e-06
1.6424608e-06
1.1061747e-06
7.1574235e-07
4.6650898e-07
3.1454251e-07
2.1385246e-07
1.3940826e-07
8.636004e-08
5.2790054e-08
3.3193316e-08
2.1802255e-08
1.4766765e-08
9.9839193e-09
6.6049341e-09
4.2893158e-09
2.804257e-09
1.8876754e-09
1.3101327e-09
9.2322865e-10
6.5330717e-10
4.6307782e-10
3.2875641e-10
2.3360312e-10
1.6691694e-10
1.2170098e-10
9.2035378e-11
6.4713136e-11
4.8884002e-05
3.9430493e-05
3.100302e-05
2.4314254e-05
1.9308597e-05
1.5454666e-05
1.2179734e-05
9.170112e-06
6.5157566e-06
4.460555e-06
3.0614419e-06
2.1565569e-06
1.5269934e-06
1.0391703e-06
6.7318365e-07
4.2920118e-07
2.8007657e-07
1.8970032e-07
1.318516e-07
9.1302216e-08
6.184001e-08
4.1061345e-08
2.7328749e-08
1.8628204e-08
1.3030979e-08
9.2278859e-09
6.5452964e-09
4.6350034e-09
3.2755049e-09
2.3063983e-09
1.6225425e-09
1.1544494e-09
8.4469363e-10
5.628635e-10
0.00016292692
0.00013607369
0.00011130924
9.0884756e-05
7.4998665e-05
6.2306593e-05
5.1114258e-05
4.0382457e-05
3.040546e-05
2.2166417e-05
1.6145983e-05
1.1969024e-05
8.8766959e-06
6.3527127e-06
4.343029e-06
2.9147871e-06
1.9901067e-06
1.4016854e-06
1.0082329e-06
7.2122417e-07
5.0462428e-07
3.4612353e-07
2.3728988e-07
1.6591925e-07
1.1863895e-07
8.5727749e-08
6.1974268e-08
4.4646629e-08
3.2031452e-08
2.2846524e-08
1.6238636e-08
1.16373e-08
8.5476711e-09
5.7015237e-09
0.00047021185
0.00040324932
0.00033998209
0.00028633016
0.00024341302
0.00020819792
0.00017631847
0.0001448106
0.00011434613
8.7928362e-05
6.7556482e-05
5.2654541e-05
4.1054269e-05
3.1066094e-05
2.2585736e-05
1.6093954e-05
1.1572055e-05
8.5314901e-06
6.3936261e-06
4.757563e-06
3.4616862e-06
2.4695871e-06
1.7573409e-06
1.2703253e-06
9.3532992e-07
6.9441971e-07
5.1534233e-07
3.8066587e-07
2.7965833e-07
2.0399088e-07
1.4809525e-07
1.0824284e-07
8.088346e-08
5.504704e-08
0.001220731
0.0010682798
0.00092170275
0.00079482643
0.00069120108
0.00060449098
0.00052451521
0.00044378017
0.00036350729
0.00029139352
0.0002335523
0.00018955402
0.000153996
0.00012213107
9.3739259e-05
7.0755728e-05
5.3787535e-05
4.1716923e-05
3.2756419e-05
2.5517849e-05
1.9432638e-05
1.4500752e-05
1.0779561e-05
8.1091342e-06
6.1866752e-06
4.7450083e-06
3.6332948e-06
2.7672158e-06
2.0943168e-06
1.5722623e-06
1.1733495e-06
8.8007304e-07
6.7309789e-07
4.7137715e-07
0.0029292808
0.0026041112
0.0022874252
0.0020090091
0.0017779558
0.001581725
0.0013982627
0.0012102784
0.0010195843
0.00084377221
0.00069858617
0.00058490509
0.00049051532
0.00040351218
0.00032328633
0.00025564696
0.00020347172
0.00016471074
0.00013471593
0.00010946736
8.7273827e-05
6.8396593e-05
5.3389488e-05
4.2038581e-05
3.3431495e-05
2.663349e-05
2.1133195e-05
1.6677411e-05
1.3073745e-05
1.0160299e-05
7.8391229e-06
6.0635567e-06
4.7681296e-06
3.4579042e-06
0.0066214253
0.0059605187
0.0053106231
0.0047323066
0.0042462596
0.0038286159
0.0034341652
0.0030256542
0.0026051029
0.0022096886
0.0018758044
0.0016085734
0.0013822614
0.0011694668
0.0009684004
0.00079380959
0.00065473324
0.00054806158
0.00046296437
0.00038914811
0.00032209071
0.00026291866
0.00021395372
0.00017539423
0.00014497613
0.00012000202
9.8988817e-05
8.1258048e-05
6.6286995e-05
5.36155e-05
4.3013383e-05
3.447683e-05
2.7985905e-05
2.1139391e-05
0.01428435
0.012990322
0.011708466
0.010556716
0.009578661
0.0087302123
0.0079225695
0.0070795686
0.0062019887
0.0053640177
0.0046437942
0.0040573067
0.0035531682
0.0030723341
0.0026099576
0.0021996796
0.0018649287
0.0016019469
0.0013873376
0.0011970127
0.0010199048
0.00085937478
0.00072260711
0.00061169359
0.00052163505
0.00044554625
0.00037959174
0.00032216703
0.00027204739
0.00022810517
0.00018993565
0.00015797805
0.00013277927
0.00010496738
0.029663445
0.02720692
0.024759693
0.022543542
0.020645239
0.01898526
0.017395194
0.015725722
0.013972479
0.012276828
0.01079759
0.0095757418
0.0085131227
0.0074890515
0.0064916598
0.0055921765
0.0048446148
0.0042462337
0.0037492337
0.0033009829
0.0028762941
0.0024836446
0.0021418939
0.0018587298
0.0016239202
0.0014213536
0.0012419115
0.001082053
0.00093910528
0.00081048507
0.00069560471
0.00059650958
0.00051618094
0.00042421717
0.059668746
0.055110797
0.050555814
0.046408731
0.042833117
0.039686704
0.036658686
0.033466169
0.030090321
0.026789314
0.023871235
0.021430925
0.019288235
0.017207394
0.015161931
0.013294357
0.011719237
0.010438931
0.0093600096
0.0083736238
0.0074257796
0.0065359671
0.0057489566
0.0050863615
0.0045283245
0.0040394813
0.003599454
0.003200724
0.0028376661
0.0025045963
0.0022008231
0.0019328145
0.0017111406
0.0014500194
0.11858751
0.10984173
0.10115476
0.093281021
0.086508978
0.080557395
0.074840079
0.068823868
0.062456256
0.056193442
0.050604035
0.045886432
0.041715829
0.037646818
0.033624358
0.02991981
0.026758963
0.024156052
0.021934651
0.019879858
0.01788156
0.015981975
0.014280609
0.012830696
0.011595344
0.010500748
0.009503504
0.0085879772
0.0077425233
0.0069549951
0.0062248659
0.005569177
0.0050186167
0.0043550443
0.23927752
0.22274102
0.20611873
0.19082692
0.17748109
0.16561482
0.15413412
0.14201676
0.12918763
0.11658966
0.1053661
0.095928598
0.087631136
0.079597545
0.071715146
0.064485296
0.058308441
0.053191846
0.048790286
0.044685271
0.04065684
0.036790111
0.033294869
0.03029047
0.027709934
0.02540498
0.023286334
0.021321441
0.019485956
0.017754242
0.016126361
0.014642321
0.013381064
0.011830804
0.45484569
0.42833767
0.40111005
0.37545088
0.35252462
0.33172086
0.31126793
0.28939818
0.26593289
0.24253032
0.22127658
0.20307704
0.18679061
0.17074226
0.15469207
0.13970619
0.12674957
0.11596169
0.10667597
0.098038924
0.089597436
0.081530372
0.074280274
0.068082385
0.06278244
0.058061869
0.053725032
0.049693116
0.045906174
0.04230412
0.038883307
0.035726836
0.033018714
0.029632758
0.71357575
0.68615189
0.65700721
0.62834438
0.60154911
0.57619337
0.55036406
0.52183377
0.49007709
0.45703534
0.42572944
0.39773583
0.37175734
0.34534829
0.31810221
0.29184884
0.26848151
0.24853922
0.23103153
0.21447738
0.19803202
0.18199693
0.16728551
0.15441724
0.14316874
0.13296242
0.12345465
0.1145373
0.10612807
0.098127343
0.090546453
0.083570859
0.077615714
0.070166423
0.85381548
0.83547085
0.81589907
0.79626956
0.77735589
0.75889964
0.73968507
0.7181465
0.69365462
0.6672246
0.64090829
0.61604053
0.59178152
0.56598424
0.5379823
0.5093402
0.48219686
0.45762603
0.43491106
0.41244069
0.38916985
0.365536
0.34285914
0.32217771
0.30341788
0.28583834
0.26898952
0.2527779
0.23713151
0.22192406
0.20722535
0.19343521
0.18147587
0.1661008
0.84907992
0.83811283
0.82668544
0.81528647
0.80419374
0.79323936
0.7818641
0.76936517
0.75545246
0.74054299
0.72552046
0.71100284
0.69662734
0.68131828
0.66464335
0.6472859
0.63031661
0.6143516
0.59901839
0.58333314
0.566548
0.54881835
0.53096443
0.51378376
0.49732359
0.48105696
0.46463397
0.44798633
0.43105292
0.41370047
0.39602056
0.37852752
0.36267588
0.34100095
0.76934159
0.76216144
0.75490065
0.74777059
0.74083427
0.73396476
0.72691232
0.71941214
)
;

boundaryField
{
    bottom
    {
        type            epsilonWallFunction;
        value           nonuniform List<scalar> 
34
(
8.8405909e-11
8.8405909e-11
8.8405909e-11
8.8405909e-11
8.8405909e-11
8.8405909e-11
8.8405909e-11
8.8405909e-11
8.8405909e-11
8.8405909e-11
8.8405909e-11
8.8405909e-11
8.8405909e-11
8.8405909e-11
8.8405909e-11
8.8405909e-11
8.8405909e-11
8.8405909e-11
8.8405909e-11
8.8405909e-11
8.8405909e-11
8.8405909e-11
8.8405909e-11
8.8405909e-11
8.8405909e-11
8.8405909e-11
8.8405909e-11
8.8405909e-11
8.8405909e-11
8.8405909e-11
8.8405909e-11
8.8405909e-11
8.8405909e-11
8.8405909e-11
)
;
    }
    back
    {
        type            empty;
    }
    front
    {
        type            empty;
    }
    inlet
    {
        type            zeroGradient;
    }
    outlet
    {
        type            zeroGradient;
    }
    top
    {
        type            zeroGradient;
    }
    slipsurface
    {
        type            slip;
    }
    procBoundary8to9
    {
        type            processor;
        value           nonuniform List<scalar> 
35
(
0.7114037
0.70308879
0.69480508
0.68678095
0.67889675
0.67076024
0.66223666
0.65359392
0.64520455
0.63725657
0.6295583
0.62169999
0.61338043
0.60466162
0.59586265
0.5872907
0.57893239
0.57053102
0.56191982
0.55305066
0.54386306
0.53424521
0.5242076
0.51395233
0.50447694
0.49059961
0.66802064
0.66263589
0.65729511
0.65212313
0.64711738
0.64216747
0.63712999
0.7114037
0.63189384
)
;
    }
    procBoundary8to10
    {
        type            processor;
        value           nonuniform List<scalar> 
24
(
8.8405909e-11
2.9244812e-11
7.9528964e-11
6.5878914e-10
6.667744e-09
6.1995195e-08
4.8289638e-07
3.0323991e-06
1.4982144e-05
5.844139e-05
0.00018936781
0.00053495891
0.0013663028
0.0032370953
0.0072433122
0.015496928
0.031958831
0.063925139
0.12681032
0.25470853
0.47915728
0.73814826
0.87040216
0.85933492
)
;
    }
    procBoundary8to11
    {
        type            processor;
        value           uniform 0.77628611;
    }
}


// ************************************************************************* //
