/*--------------------------------*- C++ -*----------------------------------*\
  =========                 |
  \\      /  F ield         | OpenFOAM: The Open Source CFD Toolbox
   \\    /   O peration     | Website:  https://openfoam.org
    \\  /    A nd           | Version:  12
     \\/     M anipulation  |
\*---------------------------------------------------------------------------*/
FoamFile
{
    format      ascii;
    class       volVectorField;
    location    "900";
    object      U;
}
// * * * * * * * * * * * * * * * * * * * * * * * * * * * * * * * * * * * * * //

dimensions      [0 1 -1 0 0 0 0];

internalField   nonuniform List<vector> 
1772
(
(0.99958087 0.0028868725 0)
(0.99964878 0.0028347912 0)
(0.99971283 0.0027872037 0)
(0.99977358 0.0027432541 0)
(0.99983151 0.0027022195 0)
(0.99988685 0.0026635708 0)
(0.99993976 0.0026269644 0)
(0.99999039 0.0025921671 0)
(1.0000389 0.0025590456 0)
(1.0000855 0.0025274781 0)
(1.0001303 0.0024972978 0)
(1.0001735 0.0024684115 0)
(1.0002151 0.0024407719 0)
(1.0002551 0.0024141911 0)
(1.0002934 0.0023887043 0)
(1.0003298 0.0023645293 0)
(1.0003642 0.00234213 0)
(1.0003967 0.0023223783 0)
(1.0004281 0.0023062224 0)
(1.0004596 0.0022942686 0)
(1.0004931 0.0022862444 0)
(1.00053 0.0022810749 0)
(1.0005712 0.0022770431 0)
(1.0006167 0.00227221 0)
(1.0006655 0.0022651114 0)
(1.0007164 0.0022553527 0)
(1.0007687 0.0022427449 0)
(1.0008213 0.0022269054 0)
(1.0008735 0.002208632 0)
(1.0009251 0.0021883559 0)
(1.0009758 0.0021658703 0)
(0.99960465 0.0028858723 0)
(0.99967297 0.0028334808 0)
(0.99973713 0.0027857367 0)
(0.99979795 0.0027417293 0)
(0.99985592 0.0027006992 0)
(0.99991128 0.0026620931 0)
(0.99996419 0.0026255506 0)
(1.0000148 0.0025908279 0)
(1.0000633 0.0025577833 0)
(1.0001098 0.0025262911 0)
(1.0001546 0.0024961847 0)
(1.0001977 0.0024673687 0)
(1.0002392 0.0024397949 0)
(1.0002792 0.0024132815 0)
(1.0003174 0.0023878624 0)
(1.0003538 0.0023637558 0)
(1.0003881 0.0023414226 0)
(1.0004205 0.0023217239 0)
(1.0004517 0.0023055967 0)
(1.0004832 0.0022936389 0)
(1.0005165 0.0022855821 0)
(1.0005533 0.0022803608 0)
(1.0005943 0.002276274 0)
(1.0006395 0.0022713999 0)
(1.000688 0.002264283 0)
(1.0007386 0.0022545202 0)
(1.0007905 0.0022419219 0)
(1.0008428 0.0022261109 0)
(1.0008947 0.0022078664 0)
(1.0009459 0.0021876208 0)
(1.0009965 0.0021651748 0)
(0.99963013 0.0028819273 0)
(0.99969848 0.002830304 0)
(0.99976274 0.0027830953 0)
(0.99982364 0.0027394688 0)
(0.99988165 0.0026987189 0)
(0.99993704 0.0026603265 0)
(0.99998996 0.0026239531 0)
(1.0000406 0.002589369 0)
(1.000089 0.00255644 0)
(1.0001356 0.0025250466 0)
(1.0001803 0.002495028 0)
(1.0002234 0.0024662911 0)
(1.0002649 0.0024387887 0)
(1.0003048 0.0024123464 0)
(1.000343 0.0023869979 0)
(1.0003793 0.0023629618 0)
(1.0004135 0.0023406968 0)
(1.0004459 0.0023210527 0)
(1.0004771 0.0023049551 0)
(1.0005085 0.0022929936 0)
(1.0005418 0.0022849039 0)
(1.0005784 0.0022796302 0)
(1.0006193 0.0022754876 0)
(1.0006643 0.002270572 0)
(1.0007126 0.0022634363 0)
(1.0007629 0.0022536695 0)
(1.0008145 0.0022410809 0)
(1.0008665 0.0022252992 0)
(1.0009181 0.0022070844 0)
(1.0009691 0.002186869 0)
(1.0010194 0.0021644619 0)
(0.99965575 0.0028807816 0)
(0.99972459 0.0028288764 0)
(0.99978909 0.0027815307 0)
(0.99985015 0.0027378588 0)
(0.99990829 0.0026971218 0)
(0.99996377 0.0026587779 0)
(1.0000167 0.0026224728 0)
(1.0000674 0.0025879667 0)
(1.0001159 0.0025551178 0)
(1.0001625 0.0025238024 0)
(1.0002072 0.0024938603 0)
(1.0002503 0.0024651963 0)
(1.0002917 0.0024377625 0)
(1.0003316 0.0024113904 0)
(1.0003698 0.0023861126 0)
(1.000406 0.002362148 0)
(1.0004403 0.0023399521 0)
(1.0004727 0.0023203637 0)
(1.0005039 0.0023042964 0)
(1.0005353 0.0022923315 0)
(1.0005685 0.0022842086 0)
(1.0006051 0.0022788818 0)
(1.0006458 0.0022746825 0)
(1.0006907 0.0022697247 0)
(1.0007388 0.0022625701 0)
(1.0007889 0.0022527993 0)
(1.0008404 0.0022402207 0)
(1.0008921 0.002224469 0)
(1.0009435 0.0022062848 0)
(1.0009942 0.0021861005 0)
(1.0010442 0.002163732 0)
(0.99968284 0.0028767826 0)
(0.99975168 0.0028255852 0)
(0.99981628 0.0027787487 0)
(0.99987744 0.0027354509 0)
(0.99993567 0.0026949987 0)
(0.99999122 0.0026568789 0)
(1.0000443 0.0026207553 0)
(1.000095 0.0025864006 0)
(1.0001435 0.002553679 0)
(1.0001901 0.0025224727 0)
(1.0002349 0.0024926274 0)
(1.000278 0.00246405 0)
(1.0003195 0.0024366941 0)
(1.0003594 0.0024103987 0)
(1.0003976 0.0023851966 0)
(1.0004339 0.0023613071 0)
(1.0004681 0.0023391834 0)
(1.0005006 0.0023196527 0)
(1.0005318 0.0023036173 0)
(1.0005632 0.0022916497 0)
(1.0005965 0.0022834937 0)
(1.000633 0.0022781133 0)
(1.0006737 0.0022738568 0)
(1.0007184 0.0022688563 0)
(1.0007664 0.0022616826 0)
(1.0008164 0.002251908 0)
(1.0008677 0.00223934 0)
(1.0009193 0.002223619 0)
(1.0009705 0.0022054663 0)
(1.001021 0.0021853141 0)
(1.0010709 0.0021629853 0)
(0.99970871 0.0028750199 0)
(0.99977819 0.0028237136 0)
(0.99984318 0.0027768531 0)
(0.99990465 0.0027335836 0)
(0.99996313 0.0026931939 0)
(1.0000189 0.0026551574 0)
(1.0000721 0.0026191275 0)
(1.000123 0.00258487 0)
(1.0001717 0.0025522437 0)
(1.0002184 0.0025211279 0)
(1.0002633 0.0024913693 0)
(1.0003064 0.0024628736 0)
(1.000348 0.0024355939 0)
(1.0003879 0.0024093753 0)
(1.0004262 0.00238425 0)
(1.0004625 0.0023604373 0)
(1.0004968 0.0023383876 0)
(1.0005293 0.0023189166 0)
(1.0005607 0.0023029144 0)
(1.0005922 0.0022909449 0)
(1.0006254 0.0022827561 0)
(1.000662 0.002277322 0)
(1.0007026 0.0022730079 0)
(1.0007473 0.0022679644 0)
(1.0007952 0.0022607717 0)
(1.0008451 0.0022509937 0)
(1.0008963 0.0022384369 0)
(1.0009478 0.0022227475 0)
(1.0009988 0.0022046274 0)
(1.0010493 0.0021845082 0)
(1.001099 0.0021622203 0)
(0.9997369 0.0028713494 0)
(0.99980635 0.0028205796 0)
(0.99987147 0.0027741251 0)
(0.99993307 0.0027311693 0)
(0.99999167 0.0026910299 0)
(1.0000475 0.0026531986 0)
(1.0001009 0.0026173408 0)
(1.0001518 0.0025832306 0)
(1.0002006 0.0025507307 0)
(1.0002474 0.0025197248 0)
(1.0002924 0.0024900647 0)
(1.0003357 0.0024616578 0)
(1.0003773 0.0024344586 0)
(1.0004174 0.0024083197 0)
(1.0004557 0.0023832733 0)
(1.0004921 0.002359539 0)
(1.0005265 0.0023375647 0)
(1.0005591 0.0023181546 0)
(1.0005905 0.0023021864 0)
(1.0006221 0.0022902155 0)
(1.0006555 0.0022819936 0)
(1.000692 0.0022765055 0)
(1.0007327 0.0022721334 0)
(1.0007773 0.0022670468 0)
(1.0008251 0.0022598353 0)
(1.000875 0.0022500543 0)
(1.000926 0.0022375094 0)
(1.0009775 0.0022218528 0)
(1.0010284 0.0022037665 0)
(1.0010788 0.0021836816 0)
(1.0011284 0.0021614356 0)
(0.99976724 0.0028687754 0)
(0.99983709 0.0028181414 0)
(0.9999024 0.0027718249 0)
(0.9999641 0.0027290063 0)
(1.0000228 0.0026890029 0)
(1.0000787 0.0026513049 0)
(1.000132 0.0026155752 0)
(1.000183 0.0025815863 0)
(1.0002318 0.0025491986 0)
(1.0002787 0.0025182952 0)
(1.0003236 0.0024887303 0)
(1.0003669 0.0024604115 0)
(1.0004086 0.0024332933 0)
(1.0004486 0.0024072349 0)
(1.0004869 0.0023822685 0)
(1.0005233 0.0023586139 0)
(1.0005578 0.0023367161 0)
(1.0005904 0.0023173677 0)
(1.0006219 0.002301434 0)
(1.0006535 0.0022894616 0)
(1.0006869 0.0022812063 0)
(1.0007235 0.0022756633 0)
(1.0007641 0.0022712325 0)
(1.0008087 0.0022661023 0)
(1.0008564 0.0022588718 0)
(1.0009062 0.0022490884 0)
(1.0009572 0.0022365561 0)
(1.0010085 0.0022209333 0)
(1.0010594 0.0022028821 0)
(1.0011097 0.0021828326 0)
(1.0011593 0.0021606301 0)
(0.99980455 0.0028651671 0)
(0.99987405 0.0028149447 0)
(0.99993913 0.0027689676 0)
(1.0000006 0.0027264312 0)
(1.000059 0.0026866681 0)
(1.0001147 0.0026491785 0)
(1.0001678 0.0026136313 0)
(1.0002186 0.0025798034 0)
(1.0002672 0.0025475572 0)
(1.0003138 0.0025167783 0)
(1.0003586 0.0024873253 0)
(1.0004017 0.0024591072 0)
(1.0004431 0.0024320798 0)
(1.000483 0.0024061095 0)
(1.0005211 0.0023812291 0)
(1.0005574 0.0023576588 0)
(1.0005918 0.002335841 0)
(1.0006243 0.0023165566 0)
(1.0006557 0.0023006589 0)
(1.0006873 0.0022886854 0)
(1.0007207 0.0022803963 0)
(1.0007571 0.0022747976 0)
(1.0007976 0.002270307 0)
(1.0008421 0.0022651321 0)
(1.0008896 0.0022578821 0)
(1.0009392 0.0022480962 0)
(1.00099 0.0022355769 0)
(1.0010412 0.0022199887 0)
(1.001092 0.0022019735 0)
(1.0011422 0.0021819606 0)
(1.0011916 0.0021598027 0)
(0.99984754 0.0028628519 0)
(0.9999168 0.002812728 0)
(0.99998145 0.0027668415 0)
(1.0000425 0.0027243935 0)
(1.0001005 0.0026847215 0)
(1.0001557 0.0026473268 0)
(1.0002084 0.0026118769 0)
(1.0002588 0.0025781472 0)
(1.000307 0.0025459968 0)
(1.0003532 0.0025153098 0)
(1.0003976 0.002485946 0)
(1.0004403 0.0024578134 0)
(1.0004814 0.0024308669 0)
(1.000521 0.0024049786 0)
(1.0005588 0.0023801807 0)
(1.0005948 0.0023566929 0)
(1.0006289 0.002334954 0)
(1.0006612 0.0023157333 0)
(1.0006924 0.0022998708 0)
(1.0007239 0.0022878953 0)
(1.000757 0.0022795708 0)
(1.0007933 0.0022739145 0)
(1.0008335 0.002269362 0)
(1.0008777 0.0022641407 0)
(1.000925 0.00225687 0)
(1.0009744 0.0022470807 0)
(1.001025 0.002234574 0)
(1.0010759 0.0022190205 0)
(1.0011265 0.002201042 0)
(1.0011765 0.0021810663 0)
(1.0012258 0.0021589538 0)
(0.99988255 0.0028590789 0)
(0.9999525 0.0028094608 0)
(1.0000178 0.0027639703 0)
(1.0000794 0.0027218349 0)
(1.0001378 0.0026824157 0)
(1.0001933 0.0026452304 0)
(1.0002463 0.0026099575 0)
(1.0002968 0.00257638 0)
(1.0003451 0.0025443616 0)
(1.0003914 0.0025137902 0)
(1.0004358 0.0024845308 0)
(1.0004785 0.0024564934 0)
(1.0005196 0.0024296339 0)
(1.0005591 0.0024038316 0)
(1.0005968 0.002379119 0)
(1.0006327 0.0023557155 0)
(1.0006667 0.0023340569 0)
(1.000699 0.0023149005 0)
(1.0007301 0.0022990733 0)
(1.0007615 0.002287095 0)
(1.0007945 0.0022787338 0)
(1.0008307 0.002273018 0)
(1.0008707 0.0022684015 0)
(1.0009147 0.0022631318 0)
(1.0009618 0.0022558386 0)
(1.0010109 0.0022460449 0)
(1.0010613 0.0022335501 0)
(1.001112 0.002218031 0)
(1.0011624 0.0022000891 0)
(1.0012122 0.0021801508 0)
(1.0012613 0.0021580844 0)
(0.9998995 0.0028564535 0)
(0.99997119 0.0028069778 0)
(1.000038 0.0027616233 0)
(1.000101 0.0027196167 0)
(1.0001607 0.0026803241 0)
(1.0002175 0.0026432625 0)
(1.0002716 0.0026081092 0)
(1.0003232 0.0025746465 0)
(1.0003725 0.0025427361 0)
(1.0004198 0.0025122655 0)
(1.0004651 0.0024831018 0)
(1.0005085 0.0024551548 0)
(1.0005503 0.0024283803 0)
(1.0005905 0.0024026633 0)
(1.0006288 0.0023780365 0)
(1.0006653 0.0023547183 0)
(1.0006998 0.0023331413 0)
(1.0007325 0.0023140503 0)
(1.0007641 0.0022982591 0)
(1.0007958 0.0022862781 0)
(1.0008292 0.0022778796 0)
(1.0008656 0.0022721032 0)
(1.0009059 0.0022674215 0)
(1.00095 0.002262102 0)
(1.0009972 0.0022547854 0)
(1.0010463 0.0022449866 0)
(1.0010967 0.0022325033 0)
(1.0011475 0.0022170186 0)
(1.0011979 0.0021991138 0)
(1.0012477 0.0021792134 0)
(1.0012968 0.0021571935 0)
(0.99997533 0.0028038451 0)
(1.0000435 0.0027587944 0)
(1.0001078 0.0027170337 0)
(1.000169 0.0026779485 0)
(1.0002271 0.002641068 0)
(1.0002826 0.0026060759 0)
(1.0003356 0.0025727585 0)
(1.0003862 0.0025409791 0)
(1.0004348 0.002510627 0)
(1.0004814 0.0024815729 0)
(1.0005261 0.0024537276 0)
(1.0005691 0.0024270476 0)
(1.0006104 0.0024014241 0)
(1.0006499 0.00237689 0)
(1.0006875 0.0023536634 0)
(1.0007231 0.0023321733 0)
(1.0007569 0.0023131523 0)
(1.0007895 0.0022974009 0)
(1.0008222 0.0022854201 0)
(1.0008564 0.0022769862 0)
(1.0008937 0.0022711505 0)
(1.0009347 0.0022664043 0)
(1.0009794 0.0022610359 0)
(1.0010272 0.0022536967 0)
(1.0010769 0.0022438939 0)
(1.0011278 0.0022314234 0)
(1.001179 0.0022159746 0)
(1.0012298 0.0021981085 0)
(1.00128 0.0021782475 0)
(1.0013294 0.0021562758 0)
(0.99998013 0.0028001055 0)
(1.0000487 0.0027554162 0)
(1.0001133 0.0027139665 0)
(1.0001747 0.0026751544 0)
(1.0002333 0.0026385168 0)
(1.0002892 0.0026037411 0)
(1.0003427 0.0025706165 0)
(1.0003939 0.0025390081 0)
(1.0004431 0.0025088075 0)
(1.0004904 0.0024798897 0)
(1.0005359 0.0024521676 0)
(1.0005797 0.002425599 0)
(1.0006219 0.0024000824 0)
(1.0006623 0.0023756519 0)
(1.0007008 0.0023525256 0)
(1.0007374 0.0023311294 0)
(1.0007722 0.0023121841 0)
(1.0008059 0.0022964769 0)
(1.0008397 0.0022844997 0)
(1.000875 0.0022760329 0)
(1.0009133 0.0022701398 0)
(1.0009553 0.0022653308 0)
(1.001001 0.0022599151 0)
(1.0010496 0.0022525552 0)
(1.0011002 0.0022427507 0)
(1.0011519 0.0022302955 0)
(1.001204 0.0022148852 0)
(1.0012556 0.0021970607 0)
(1.0013065 0.0021772418 0)
(1.0013567 0.0021553211 0)
(0.99999429 0.0027968272 0)
(1.0000621 0.002752376 0)
(1.0001262 0.0027111398 0)
(1.0001871 0.0026725219 0)
(1.0002452 0.0026360652 0)
(1.0003006 0.0026014586 0)
(1.0003537 0.0025684918 0)
(1.0004046 0.0025370289 0)
(1.0004536 0.0025069616 0)
(1.0005007 0.0024781674 0)
(1.0005461 0.0024505598 0)
(1.0005899 0.002424097 0)
(1.0006321 0.0023986836 0)
(1.0006727 0.0023743546 0)
(1.0007115 0.0023513274 0)
(1.0007484 0.0023300246 0)
(1.0007836 0.0023111548 0)
(1.0008178 0.0022954917 0)
(1.0008522 0.002283518 0)
(1.0008881 0.002275018 0)
(1.0009271 0.0022690673 0)
(1.0009697 0.0022641954 0)
(1.0010161 0.0022587325 0)
(1.0010655 0.0022513528 0)
(1.0011168 0.0022415481 0)
(1.0011693 0.0022291103 0)
(1.0012222 0.002213741 0)
(1.0012746 0.0021959609 0)
(1.0013264 0.0021761871 0)
(1.0013774 0.0021543203 0)
(1.0000063 0.0027929516 0)
(1.0000746 0.00274892 0)
(1.0001389 0.0027080277 0)
(1.0001999 0.0026696977 0)
(1.000258 0.0026334872 0)
(1.0003134 0.0025990941 0)
(1.0003664 0.0025663142 0)
(1.0004172 0.002535015 0)
(1.000466 0.0025050918 0)
(1.0005129 0.0024764265 0)
(1.0005581 0.0024489354 0)
(1.0006017 0.0024225783 0)
(1.0006438 0.0023972666 0)
(1.0006842 0.0023730369 0)
(1.0007228 0.0023501062 0)
(1.0007596 0.002328894 0)
(1.0007949 0.0023100969 0)
(1.0008291 0.0022944749 0)
(1.0008636 0.0022825014 0)
(1.0008997 0.0022739648 0)
(1.0009387 0.0022679528 0)
(1.0009816 0.0022630148 0)
(1.0010282 0.0022575022 0)
(1.0010778 0.0022501007 0)
(1.0011295 0.0022402948 0)
(1.0011824 0.0022278739 0)
(1.0012357 0.002212546 0)
(1.0012887 0.0021948114 0)
(1.0013411 0.0021750839 0)
(1.0013927 0.0021532726 0)
(1.0000075 0.0027894543 0)
(1.0000767 0.0027456591 0)
(1.0001419 0.0027049849 0)
(1.0002038 0.002666858 0)
(1.0002627 0.002630839 0)
(1.0003188 0.0025966267 0)
(1.0003725 0.0025640164 0)
(1.0004238 0.0025328746 0)
(1.0004731 0.0025030964 0)
(1.0005205 0.0024745659 0)
(1.0005662 0.0024472002 0)
(1.0006101 0.002420959 0)
(1.0006525 0.00239576 0)
(1.0006931 0.0023716402 0)
(1.000732 0.002348816 0)
(1.000769 0.0023277032 0)
(1.0008044 0.0023089861 0)
(1.0008389 0.002293411 0)
(1.0008735 0.0022814417 0)
(1.0009098 0.0022728709 0)
(1.000949 0.002266799 0)
(1.0009919 0.002261795 0)
(1.0010386 0.0022562322 0)
(1.0010883 0.0022488083 0)
(1.00114 0.0022390007 0)
(1.0011931 0.0022265964 0)
(1.0012465 0.0022113096 0)
(1.0012998 0.0021936205 0)
(1.0013525 0.0021739397 0)
(1.0014045 0.0021521843 0)
(1.0000004 0.0027862915 0)
(1.0000706 0.0027427763 0)
(1.0001367 0.0027023226 0)
(1.0001994 0.002664377 0)
(1.0002591 0.002628513 0)
(1.0003161 0.0025944375 0)
(1.0003705 0.0025619512 0)
(1.0004227 0.0025309228 0)
(1.0004727 0.0025012492 0)
(1.0005209 0.002472818 0)
(1.0005672 0.0024455473 0)
(1.0006119 0.0024193972 0)
(1.0006549 0.0023942907 0)
(1.0006962 0.0023702653 0)
(1.0007357 0.0023475357 0)
(1.0007733 0.0023265135 0)
(1.0008094 0.0023078698 0)
(1.0008444 0.0022923366 0)
(1.0008795 0.0022803677 0)
(1.0009163 0.0022717592 0)
(1.0009559 0.0022656241 0)
(1.0009991 0.0022605512 0)
(1.0010461 0.0022549357 0)
(1.001096 0.0022474873 0)
(1.001148 0.0022376764 0)
(1.0012012 0.0022252876 0)
(1.0012549 0.002210041 0)
(1.0013084 0.002192397 0)
(1.0013613 0.0021727624 0)
(1.0014135 0.0021510627 0)
(1.0000004 0.0027814584 0)
(1.0000704 0.0027384565 0)
(1.0001363 0.0026984385 0)
(1.0001988 0.0026608658 0)
(1.0002584 0.0026253246 0)
(1.0003154 0.0025915309 0)
(1.0003698 0.0025592919 0)
(1.0004221 0.0025284807 0)
(1.0004723 0.0024989984 0)
(1.0005206 0.0024707382 0)
(1.0005671 0.0024436213 0)
(1.0006121 0.0024176107 0)
(1.0006554 0.0023926359 0)
(1.000697 0.0023687369 0)
(1.0007368 0.002346128 0)
(1.0007749 0.0023252172 0)
(1.0008113 0.0023066639 0)
(1.0008468 0.0022911857 0)
(1.0008825 0.0022792273 0)
(1.0009197 0.0022705887 0)
(1.0009597 0.0022643959 0)
(1.0010033 0.0022592582 0)
(1.0010506 0.0022535928 0)
(1.0011009 0.0022461222 0)
(1.0011532 0.00223631 0)
(1.0012067 0.0022239383 0)
(1.0012606 0.0022087335 0)
(1.0013144 0.0021911362 0)
(1.0013676 0.0021715491 0)
(1.0014201 0.0021499061 0)
(1.0000102 0.0027789045 0)
(1.0000798 0.0027360125 0)
(1.0001453 0.0026960898 0)
(1.0002075 0.0026586049 0)
(1.0002667 0.0026231494 0)
(1.0003232 0.0025894411 0)
(1.0003772 0.0025572874 0)
(1.000429 0.0025265603 0)
(1.0004787 0.0024971602 0)
(1.0005267 0.0024689817 0)
(1.0005729 0.0024419464 0)
(1.0006175 0.0024160163 0)
(1.0006605 0.0023911258 0)
(1.0007018 0.002367315 0)
(1.0007415 0.0023447961 0)
(1.0007794 0.0023239722 0)
(1.0008158 0.0023054894 0)
(1.0008512 0.0022900505 0)
(1.0008869 0.0022780897 0)
(1.0009241 0.0022694104 0)
(1.0009642 0.0022631513 0)
(1.0010078 0.0022579417 0)
(1.0010551 0.002252221 0)
(1.0011054 0.0022447241 0)
(1.0011577 0.0022349081 0)
(1.0012113 0.002222552 0)
(1.0012654 0.0022073882 0)
(1.0013193 0.0021898376 0)
(1.0013726 0.0021702985 0)
(1.0014253 0.0021487131 0)
(1.0000223 0.002773111 0)
(1.0000921 0.002730897 0)
(1.0001578 0.0026915433 0)
(1.0002199 0.0026545407 0)
(1.0002791 0.0026194992 0)
(1.0003354 0.0025861488 0)
(1.0003893 0.0025543061 0)
(1.0004409 0.0025238493 0)
(1.0004905 0.0024946847 0)
(1.0005381 0.0024667134 0)
(1.0005841 0.0024398615 0)
(1.0006283 0.0024140947 0)
(1.000671 0.0023893548 0)
(1.0007121 0.002365685 0)
(1.0007514 0.002343298 0)
(1.000789 0.0023225937 0)
(1.0008251 0.0023042067 0)
(1.0008603 0.0022888261 0)
(1.0008956 0.002276877 0)
(1.0009326 0.002268167 0)
(1.0009724 0.0022618484 0)
(1.0010157 0.0022565716 0)
(1.0010627 0.0022507986 0)
(1.0011127 0.0022432777 0)
(1.0011647 0.0022334597 0)
(1.001218 0.002221121 0)
(1.0012719 0.0022059997 0)
(1.0013255 0.0021884976 0)
(1.0013788 0.002169008 0)
(1.0014314 0.0021474818 0)
(1.0000313 0.0027707778 0)
(1.0001015 0.0027285838 0)
(1.0001675 0.0026892601 0)
(1.00023 0.0026522992 0)
(1.0002894 0.0026173121 0)
(1.0003461 0.0025840269 0)
(1.0004002 0.0025522574 0)
(1.000452 0.0025218783 0)
(1.0005017 0.0024927936 0)
(1.0005495 0.002464904 0)
(1.0005955 0.0024381348 0)
(1.0006398 0.0024124506 0)
(1.0006825 0.0023877969 0)
(1.0007236 0.0023642169 0)
(1.0007629 0.0023419209 0)
(1.0008005 0.0023213037 0)
(1.0008365 0.0023029866 0)
(1.0008716 0.0022876435 0)
(1.000907 0.0022756893 0)
(1.0009438 0.0022669347 0)
(1.0009834 0.0022605454 0)
(1.0010265 0.0022551922 0)
(1.0010732 0.0022493597 0)
(1.0011228 0.0022418091 0)
(1.0011745 0.0022319851 0)
(1.0012275 0.002219661 0)
(1.001281 0.0022045805 0)
(1.0013343 0.0021871261 0)
(1.0013873 0.002167686 0)
(1.0014396 0.0021462191 0)
(1.0000339 0.0027641488 0)
(1.0001047 0.0027227402 0)
(1.0001712 0.0026840779 0)
(1.0002342 0.00264768 0)
(1.0002941 0.0026131772 0)
(1.0003512 0.0025803117 0)
(1.0004057 0.0025489075 0)
(1.000458 0.0025188467 0)
(1.0005081 0.0024900394 0)
(1.0005562 0.0024623936 0)
(1.0006026 0.0024358399 0)
(1.0006473 0.0024103466 0)
(1.0006904 0.0023858673 0)
(1.0007317 0.0023624487 0)
(1.0007714 0.0023403016 0)
(1.0008092 0.0023198179 0)
(1.0008456 0.0023016076 0)
(1.000881 0.0022863313 0)
(1.0009166 0.0022743947 0)
(1.0009537 0.0022656131 0)
(1.0009935 0.0022591662 0)
(1.0010366 0.0022537465 0)
(1.0010833 0.0022478619 0)
(1.0011329 0.0022402874 0)
(1.0011846 0.0022304624 0)
(1.0012374 0.0022181568 0)
(1.0012908 0.0022031206 0)
(1.001344 0.0021857171 0)
(1.0013968 0.0021663291 0)
(1.001449 0.0021449239 0)
(1.0000321 0.002761682 0)
(1.0001034 0.0027203399 0)
(1.0001704 0.002681734 0)
(1.0002338 0.00264539 0)
(1.0002941 0.002610944 0)
(1.0003515 0.00257814 0)
(1.0004064 0.0025468021 0)
(1.000459 0.0025168108 0)
(1.0005095 0.002488075 0)
(1.0005581 0.0024605034 0)
(1.0006049 0.0024340264 0)
(1.0006499 0.0024086115 0)
(1.0006934 0.0023842156 0)
(1.0007351 0.0023608857 0)
(1.0007751 0.0023388299 0)
(1.0008135 0.0023184343 0)
(1.0008502 0.0023002956 0)
(1.0008861 0.0022850585 0)
(1.0009222 0.0022731183 0)
(1.0009597 0.0022642932 0)
(1.0009998 0.0022577762 0)
(1.0010433 0.0022522806 0)
(1.0010903 0.0022463371 0)
(1.0011401 0.0022387341 0)
(1.0011919 0.0022289052 0)
(1.0012449 0.002216617 0)
(1.0012985 0.0022016247 0)
(1.0013519 0.0021842729 0)
(1.0014048 0.0021649383 0)
(1.0014571 0.0021435962 0)
(1.0000295 0.0027549295 0)
(1.000101 0.0027143436 0)
(1.0001682 0.0026763823 0)
(1.0002319 0.0026405922 0)
(1.0002923 0.002606626 0)
(1.00035 0.0025742401 0)
(1.0004051 0.0025432674 0)
(1.0004579 0.0025135953 0)
(1.0005086 0.0024851389 0)
(1.0005574 0.0024578137 0)
(1.0006044 0.0024315553 0)
(1.0006496 0.0024063354 0)
(1.0006933 0.0023821185 0)
(1.0007353 0.0023589555 0)
(1.0007756 0.0023370545 0)
(1.0008142 0.0023167984 0)
(1.0008514 0.0022987726 0)
(1.0008876 0.0022836081 0)
(1.000924 0.0022716908 0)
(1.0009619 0.0022628433 0)
(1.0010024 0.0022562727 0)
(1.0010462 0.0022507142 0)
(1.0010934 0.0022447222 0)
(1.0011435 0.0022370993 0)
(1.0011955 0.002227274 0)
(1.0012488 0.0022150097 0)
(1.0013026 0.0022000671 0)
(1.0013563 0.0021827722 0)
(1.0014095 0.0021634958 0)
(1.0014621 0.0021422211 0)
(1.0000259 0.002752597 0)
(1.0000978 0.0027121043 0)
(1.0001653 0.0026742072 0)
(1.0002291 0.0026384668 0)
(1.0002898 0.0026045455 0)
(1.0003477 0.0025722043 0)
(1.000403 0.0025412787 0)
(1.0004559 0.0025116559 0)
(1.0005068 0.0024832509 0)
(1.0005557 0.0024559803 0)
(1.0006028 0.0024297802 0)
(1.0006482 0.0024046218 0)
(1.000692 0.0023804729 0)
(1.0007342 0.0023573847 0)
(1.0007746 0.0023355626 0)
(1.0008134 0.0023153835 0)
(1.0008508 0.0022974191 0)
(1.0008873 0.0022822846 0)
(1.0009239 0.0022703552 0)
(1.000962 0.0022614562 0)
(1.0010027 0.002254808 0)
(1.0010467 0.002249167 0)
(1.0010941 0.0022431104 0)
(1.0011443 0.0022354547 0)
(1.0011965 0.0022256233 0)
(1.0012499 0.0022133756 0)
(1.0013039 0.0021984773 0)
(1.0013578 0.0021812361 0)
(1.0014112 0.0021620158 0)
(1.001464 0.0021408075 0)
(1.0000241 0.0027443249 0)
(1.0000961 0.0027047457 0)
(1.0001637 0.0026676408 0)
(1.0002277 0.0026325916 0)
(1.0002885 0.0025992767 0)
(1.0003464 0.0025674696 0)
(1.0004018 0.0025370147 0)
(1.0004548 0.0025078066 0)
(1.0005057 0.0024797666 0)
(1.0005546 0.0024528186 0)
(1.0006018 0.0024269045 0)
(1.0006473 0.0024020003 0)
(1.0006911 0.0023780816 0)
(1.0007333 0.002355204 0)
(1.0007739 0.0023335738 0)
(1.0008128 0.0023135648 0)
(1.0008502 0.0022957382 0)
(1.0008869 0.0022806958 0)
(1.0009236 0.0022688041 0)
(1.0009619 0.002259893 0)
(1.0010026 0.0022531982 0)
(1.0010466 0.0022474985 0)
(1.001094 0.0022413956 0)
(1.0011442 0.0022337211 0)
(1.0011964 0.0022238945 0)
(1.0012498 0.0022116719 0)
(1.0013039 0.0021968244 0)
(1.0013578 0.0021796422 0)
(1.0014113 0.0021604822 0)
(1.0014642 0.0021393437 0)
(1.0000235 0.0027428738 0)
(1.0000957 0.0027031988 0)
(1.0001635 0.0026659999 0)
(1.0002276 0.0026308689 0)
(1.0002885 0.0025974902 0)
(1.0003466 0.0025656392 0)
(1.000402 0.0025351598 0)
(1.000455 0.0025059441 0)
(1.000506 0.0024779111 0)
(1.0005549 0.0024509839 0)
(1.0006021 0.0024251028 0)
(1.0006476 0.0024002422 0)
(1.0006915 0.002376379 0)
(1.0007337 0.0023535683 0)
(1.0007743 0.0023320122 0)
(1.0008132 0.0023120774 0)
(1.0008507 0.0022943106 0)
(1.0008874 0.0022792973 0)
(1.0009243 0.0022673925 0)
(1.0009625 0.0022584285 0)
(1.0010033 0.0022516542 0)
(1.0010472 0.0022458696 0)
(1.0010945 0.0022396998 0)
(1.0011446 0.0022319903 0)
(1.0011967 0.0022221561 0)
(1.00125 0.0022099496 0)
(1.0013039 0.0021951462 0)
(1.0013578 0.0021780184 0)
(1.0014112 0.0021589158 0)
(1.0014641 0.0021378449 0)
(1.0000227 0.0027340353 0)
(1.0000952 0.0026954394 0)
(1.0001632 0.0026591528 0)
(1.0002275 0.0026247988 0)
(1.0002885 0.0025920867 0)
(1.0003466 0.0025608104 0)
(1.0004021 0.0025308281 0)
(1.0004553 0.0025020432 0)
(1.0005063 0.002474384 0)
(1.0005554 0.0024477829 0)
(1.0006026 0.0024221882 0)
(1.0006482 0.0023975802 0)
(1.0006921 0.0023739444 0)
(1.0007344 0.002351341 0)
(1.000775 0.0023299732 0)
(1.000814 0.0023102048 0)
(1.0008516 0.0022925721 0)
(1.0008884 0.0022776471 0)
(1.0009253 0.0022657762 0)
(1.0009637 0.002256796 0)
(1.0010044 0.0022499709 0)
(1.0010484 0.0022441236 0)
(1.0010956 0.0022379036 0)
(1.0011456 0.0022301722 0)
(1.0011975 0.0022203409 0)
(1.0012507 0.0022081587 0)
(1.0013045 0.0021934058 0)
(1.0013582 0.0021763381 0)
(1.0014116 0.0021572974 0)
(1.0014644 0.002136298 0)
(1.0015163 0.0021135355 0)
(1.0000173 0.0027313356 0)
(1.0000903 0.0026927899 0)
(1.0001587 0.0026565463 0)
(1.0002234 0.002622236 0)
(1.0002848 0.0025895729 0)
(1.0003432 0.0025583528 0)
(1.000399 0.0025284337 0)
(1.0004525 0.0024997174 0)
(1.0005038 0.0024721308 0)
(1.0005531 0.0024456064 0)
(1.0006006 0.0024200923 0)
(1.0006463 0.0023955679 0)
(1.0006905 0.0023720212 0)
(1.000733 0.0023495125 0)
(1.0007738 0.0023282416 0)
(1.000813 0.0023085657 0)
(1.0008509 0.0022910075 0)
(1.0008879 0.002276123 0)
(1.0009251 0.0022642477 0)
(1.0009636 0.0022552208 0)
(1.0010045 0.0022483203 0)
(1.0010485 0.0022423908 0)
(1.0010958 0.0022361055 0)
(1.0011458 0.0022283403 0)
(1.0011977 0.0022185033 0)
(1.0012509 0.0022063393 0)
(1.0013046 0.0021916328 0)
(1.0013583 0.0021746227 0)
(1.0014116 0.0021556428 0)
(1.0014644 0.0021347145 0)
(1.0015163 0.0021120268 0)
(1.0000116 0.0027239893 0)
(1.0000849 0.0026862437 0)
(1.0001535 0.0026506755 0)
(1.0002184 0.0026169427 0)
(1.00028 0.002584779 0)
(1.0003386 0.0025539946 0)
(1.0003947 0.002524458 0)
(1.0004483 0.0024960786 0)
(1.0004997 0.0024687895 0)
(1.0005492 0.0024425298 0)
(1.0005969 0.0024172529 0)
(1.0006428 0.0023929425 0)
(1.0006871 0.0023695928 0)
(1.0007298 0.0023472679 0)
(1.0007708 0.0023261671 0)
(1.0008103 0.0023066436 0)
(1.0008483 0.0022892084 0)
(1.0008856 0.0022744036 0)
(1.0009231 0.0022625553 0)
(1.0009618 0.0022535064 0)
(1.0010029 0.0022465502 0)
(1.0010471 0.0022405538 0)
(1.0010944 0.0022342151 0)
(1.0011444 0.0022264255 0)
(1.0011964 0.0022165906 0)
(1.0012496 0.0022044513 0)
(1.0013034 0.0021897966 0)
(1.0013571 0.0021728491 0)
(1.0014105 0.0021539343 0)
(1.0014633 0.002133081 0)
(1.0015153 0.0021104716 0)
(1.0000078 0.0027188881 0)
(1.0000813 0.0026815706 0)
(1.0001501 0.0026463611 0)
(1.000215 0.002612937 0)
(1.0002767 0.0025810453 0)
(1.0003354 0.0025505048 0)
(1.0003915 0.0025211894 0)
(1.0004452 0.0024930118 0)
(1.0004967 0.0024659076 0)
(1.0005462 0.002439819 0)
(1.0005939 0.002414702 0)
(1.0006399 0.0023905418 0)
(1.0006843 0.0023673368 0)
(1.000727 0.0023451528 0)
(1.0007681 0.0023241871 0)
(1.0008076 0.0023047873 0)
(1.0008458 0.0022874518 0)
(1.0008833 0.0022727076 0)
(1.0009208 0.0022608708 0)
(1.0009597 0.0022517872 0)
(1.0010009 0.0022447646 0)
(1.0010451 0.0022386927 0)
(1.0010924 0.0022322934 0)
(1.0011424 0.0022244739 0)
(1.0011944 0.0022146371 0)
(1.0012475 0.00220252 0)
(1.0013013 0.0021879153 0)
(1.0013551 0.0021710299 0)
(1.0014084 0.0021521806 0)
(1.0014613 0.0021314027 0)
(1.0015133 0.002108873 0)
(1.0000047 0.0027123563 0)
(1.0000784 0.0026756523 0)
(1.0001474 0.0026409686 0)
(1.0002125 0.0026080017 0)
(1.0002743 0.0025765129 0)
(1.0003332 0.0025463306 0)
(1.0003893 0.0025173358 0)
(1.0004431 0.0024894458 0)
(1.0004947 0.0024626004 0)
(1.0005443 0.002436746 0)
(1.000592 0.0024118427 0)
(1.0006381 0.0023878785 0)
(1.0006825 0.0023648567 0)
(1.0007252 0.002342846 0)
(1.0007664 0.0023220425 0)
(1.000806 0.0023027887 0)
(1.0008443 0.0022855712 0)
(1.0008818 0.0022709026 0)
(1.0009195 0.0022590893 0)
(1.0009584 0.0022499805 0)
(1.0009996 0.002242899 0)
(1.0010438 0.0022367571 0)
(1.001091 0.0022303016 0)
(1.0011409 0.0022224555 0)
(1.0011927 0.0022126199 0)
(1.0012458 0.0022005277 0)
(1.0012995 0.0021859756 0)
(1.0013531 0.0021691549 0)
(1.0014065 0.0021503736 0)
(1.0014592 0.0021296737 0)
(1.0015112 0.002107226 0)
(1.0000015 0.0027064181 0)
(1.0000755 0.0026702968 0)
(1.0001447 0.0026360959 0)
(1.00021 0.0026035371 0)
(1.000272 0.0025723994 0)
(1.000331 0.0025425239 0)
(1.0003873 0.0025138002 0)
(1.0004412 0.0024861514 0)
(1.0004929 0.0024595221 0)
(1.0005426 0.0024338633 0)
(1.0005904 0.0024091391 0)
(1.0006366 0.0023853405 0)
(1.0006811 0.0023624753 0)
(1.0007239 0.0023406148 0)
(1.0007651 0.0023199536 0)
(1.0008048 0.0023008284 0)
(1.0008432 0.002283714 0)
(1.0008809 0.0022691082 0)
(1.0009187 0.0022573076 0)
(1.0009577 0.0022481642 0)
(1.0009989 0.0022410157 0)
(1.0010431 0.002234797 0)
(1.0010903 0.0022282794 0)
(1.0011401 0.0022204019 0)
(1.0011918 0.0022105639 0)
(1.0012447 0.0021984942 0)
(1.0012983 0.002183993 0)
(1.0013518 0.0021672364 0)
(1.001405 0.0021485233 0)
(1.0014577 0.0021279017 0)
(1.0015096 0.002105537 0)
(0.99999829 0.0026998863 0)
(1.0000725 0.0026643624 0)
(1.0001419 0.0026306688 0)
(1.0002074 0.0025985492 0)
(1.0002696 0.0025677975 0)
(1.0003287 0.0025382655 0)
(1.0003852 0.00250985 0)
(1.0004392 0.0024824791 0)
(1.000491 0.0024561011 0)
(1.0005408 0.0024306715 0)
(1.0005888 0.0024061579 0)
(1.000635 0.002382554 0)
(1.0006796 0.0023598721 0)
(1.0007226 0.0023381859 0)
(1.0007639 0.0023176885 0)
(1.0008037 0.0022987112 0)
(1.0008423 0.0022817167 0)
(1.0008801 0.0022671884 0)
(1.000918 0.002255413 0)
(1.0009571 0.0022462458 0)
(1.0009985 0.0022390392 0)
(1.0010426 0.0022327512 0)
(1.0010898 0.0022261776 0)
(1.0011395 0.0022182737 0)
(1.0011911 0.0022084379 0)
(1.001244 0.002196395 0)
(1.0012974 0.0021819484 0)
(1.0013509 0.0021652598 0)
(1.001404 0.0021466184 0)
(1.0014567 0.0021260784 0)
(1.0015085 0.0021037998 0)
(0.999995 0.0026932444 0)
(1.0000694 0.0026583506 0)
(1.0001391 0.0026251893 0)
(1.0002048 0.0025935268 0)
(1.0002671 0.0025631737 0)
(1.0003264 0.0025339934 0)
(1.000383 0.0025058908 0)
(1.0004372 0.0024788001 0)
(1.0004891 0.002452674 0)
(1.000539 0.0024274729 0)
(1.0005871 0.0024031683 0)
(1.0006334 0.0023797572 0)
(1.0006781 0.0023572563 0)
(1.0007212 0.002335742 0)
(1.0007626 0.0023154058 0)
(1.0008026 0.0022965735 0)
(1.0008413 0.0022796961 0)
(1.0008792 0.0022652423 0)
(1.0009173 0.0022534895 0)
(1.0009566 0.0022442956 0)
(1.000998 0.0022370283 0)
(1.0010422 0.0022306682 0)
(1.0010893 0.0022240359 0)
(1.001139 0.0022161034 0)
(1.0011905 0.0022062681 0)
(1.0012433 0.002194251 0)
(1.0012966 0.0021798584 0)
(1.0013501 0.0021632378 0)
(1.0014031 0.0021446688 0)
(1.0014557 0.0021242112 0)
(1.0015075 0.0021020199 0)
(0.99999169 0.0026864194 0)
(1.0000663 0.0026521757 0)
(1.0001362 0.0026195607 0)
(1.0002022 0.0025883659 0)
(1.0002646 0.0025584198 0)
(1.0003241 0.0025295984 0)
(1.0003808 0.0025018155 0)
(1.0004351 0.0024750113 0)
(1.0004871 0.0024491435 0)
(1.0005372 0.0024241769 0)
(1.0005854 0.0024000874 0)
(1.0006318 0.002376875 0)
(1.0006766 0.0023545607 0)
(1.0007197 0.0023332233 0)
(1.0007613 0.0023130529 0)
(1.0008014 0.0022943695 0)
(1.0008402 0.0022776123 0)
(1.0008783 0.0022632359 0)
(1.0009166 0.0022515077 0)
(1.000956 0.0022422889 0)
(1.0009974 0.0022349619 0)
(1.0010417 0.0022285303 0)
(1.0010888 0.0022218397 0)
(1.0011384 0.0022138784 0)
(1.0011898 0.0022040439 0)
(1.0012425 0.0021920531 0)
(1.0012958 0.0021777152 0)
(1.0013492 0.0021611638 0)
(1.0014022 0.0021426687 0)
(1.0014547 0.002122295 0)
(1.0015065 0.0021001927 0)
(0.99998835 0.0026792879 0)
(1.0000632 0.0026457154 0)
(1.0001333 0.0026136693 0)
(1.0001995 0.0025829647 0)
(1.0002621 0.0025534471 0)
(1.0003217 0.0025250046 0)
(1.0003786 0.0024975596 0)
(1.000433 0.0024710585 0)
(1.0004852 0.0024454637 0)
(1.0005353 0.0024207449 0)
(1.0005836 0.0023968821 0)
(1.0006301 0.0023738785 0)
(1.000675 0.0023517597 0)
(1.0007183 0.0023306067 0)
(1.00076 0.0023106086 0)
(1.0008002 0.0022920794 0)
(1.0008392 0.002275447 0)
(1.0008774 0.0022611515 0)
(1.0009158 0.002249451 0)
(1.0009553 0.0022402096 0)
(1.0009969 0.0022328247 0)
(1.0010411 0.0022263231 0)
(1.0010882 0.0022195749 0)
(1.0011378 0.0022115856 0)
(1.0011892 0.002201753 0)
(1.0012418 0.0021897899 0)
(1.001295 0.002175508 0)
(1.0013483 0.0021590278 0)
(1.0014013 0.002140609 0)
(1.0014537 0.0021203213 0)
(1.0015055 0.0020983106 0)
(0.99998498 0.0026721008 0)
(1.0000601 0.0026392072 0)
(1.0001304 0.0026077341 0)
(1.0001967 0.0025775214 0)
(1.0002595 0.0025484322 0)
(1.0003193 0.0025203676 0)
(1.0003763 0.0024932588 0)
(1.0004308 0.002467059 0)
(1.0004831 0.0024417355 0)
(1.0005334 0.0024172628 0)
(1.0005818 0.0023936254 0)
(1.0006284 0.0023708299 0)
(1.0006734 0.0023489057 0)
(1.0007168 0.0023279368 0)
(1.0007586 0.0023081105 0)
(1.0007989 0.0022897351 0)
(1.0008381 0.0022732268 0)
(1.0008765 0.0022590117 0)
(1.0009151 0.0022473386 0)
(1.0009547 0.0022380741 0)
(1.0009963 0.0022306309 0)
(1.0010406 0.0022240585 0)
(1.0010877 0.0022172521 0)
(1.0011371 0.0022092341 0)
(1.0011885 0.002199403 0)
(1.001241 0.0021874679 0)
(1.0012941 0.0021732424 0)
(1.0013473 0.0021568345 0)
(1.0014003 0.0021384935 0)
(1.0014527 0.0021182936 0)
(1.0015044 0.0020963763 0)
(0.9999816 0.0026644543 0)
(1.0000569 0.0026322924 0)
(1.0001275 0.0026014372 0)
(1.0001939 0.0025717552 0)
(1.0002569 0.0025431282 0)
(1.0003168 0.0025154708 0)
(1.000374 0.0024887243 0)
(1.0004286 0.0024628486 0)
(1.0004811 0.0024378168 0)
(1.0005315 0.0024136085 0)
(1.00058 0.0023902127 0)
(1.0006267 0.0023676397 0)
(1.0006718 0.0023459231 0)
(1.0007153 0.0023251494 0)
(1.0007572 0.0023055045 0)
(1.0007977 0.0022872911 0)
(1.000837 0.0022709139 0)
(1.0008756 0.0022567853 0)
(1.0009143 0.0022451446 0)
(1.000954 0.0022358614 0)
(1.0009958 0.0022283632 0)
(1.0010401 0.0022217228 0)
(1.0010871 0.0022148603 0)
(1.0011365 0.0022068151 0)
(1.0011877 0.0021969871 0)
(1.0012402 0.0021850818 0)
(1.0012932 0.0021709145 0)
(1.0013464 0.002154581 0)
(1.0013993 0.0021363202 0)
(1.0014516 0.0021162104 0)
(1.0015033 0.002094389 0)
(0.9999782 0.0026568266 0)
(1.0000538 0.0026253808 0)
(1.0001245 0.0025951317 0)
(1.0001911 0.0025659712 0)
(1.0002543 0.0025377992 0)
(1.0003143 0.0025105434 0)
(1.0003716 0.0024841545 0)
(1.0004264 0.0024585994 0)
(1.000479 0.0024338565 0)
(1.0005295 0.0024099104 0)
(1.0005781 0.0023867545 0)
(1.0006249 0.0023644026 0)
(1.0006701 0.0023428926 0)
(1.0007137 0.0023223133 0)
(1.0007558 0.002302849 0)
(1.0007964 0.0022847967 0)
(1.0008358 0.0022685498 0)
(1.0008746 0.0022545068 0)
(1.0009135 0.0022428978 0)
(1.0009534 0.0022335952 0)
(1.0009952 0.0022260414 0)
(1.0010395 0.0022193321 0)
(1.0010865 0.0022124124 0)
(1.0011358 0.0022043391 0)
(1.001187 0.0021945137 0)
(1.0012394 0.002182638 0)
(1.0012923 0.0021685292 0)
(1.0013454 0.0021522708 0)
(1.0013982 0.0021340916 0)
(1.0014506 0.0021140733 0)
(1.0015022 0.0020923495 0)
(0.99997478 0.0026487434 0)
(1.0000506 0.0026180664 0)
(1.0001215 0.0025884685 0)
(1.0001883 0.0025598682 0)
(1.0002516 0.0025321845 0)
(1.0003118 0.002505359 0)
(1.0003692 0.0024793528 0)
(1.0004242 0.0024541403 0)
(1.0004768 0.0024297056 0)
(1.0005274 0.0024060388 0)
(1.0005762 0.0023831381 0)
(1.0006231 0.0023610211 0)
(1.0006684 0.0023397296 0)
(1.0007122 0.0023193552 0)
(1.0007543 0.0023000808 0)
(1.0007951 0.0022821974 0)
(1.0008347 0.0022660873 0)
(1.0008736 0.0022521356 0)
(1.0009126 0.0022405634 0)
(1.0009527 0.0022312456 0)
(1.0009946 0.0022236396 0)
(1.0010389 0.0022168644 0)
(1.0010859 0.0022098897 0)
(1.0011352 0.0022017899 0)
(1.0011863 0.0021919688 0)
(1.0012385 0.0021801247 0)
(1.0012914 0.0021660759 0)
(1.0013444 0.002149895 0)
(1.0013972 0.0021317998 0)
(1.0014494 0.0021118755 0)
(1.001501 0.0020902518 0)
(0.99997135 0.0026405529 0)
(1.0000473 0.0026106533 0)
(1.0001184 0.0025817131 0)
(1.0001854 0.0025536781 0)
(1.0002489 0.0025264867 0)
(1.0003092 0.0025000949 0)
(1.0003668 0.0024744742 0)
(1.0004219 0.0024496066 0)
(1.0004746 0.0024254824 0)
(1.0005254 0.002402097 0)
(1.0005742 0.0023794533 0)
(1.0006213 0.0023575729 0)
(1.0006667 0.0023365017 0)
(1.0007105 0.0023163336 0)
(1.0007528 0.0022972499 0)
(1.0007937 0.0022795361 0)
(1.0008335 0.0022635632 0)
(1.0008726 0.0022497031 0)
(1.0009118 0.0022381679 0)
(1.0009519 0.002228835 0)
(1.0009939 0.002221177 0)
(1.0010383 0.0022143355 0)
(1.0010852 0.0022073053 0)
(1.0011345 0.0021991785 0)
(1.0011855 0.0021893613 0)
(1.0012377 0.0021775489 0)
(1.0012905 0.0021635606 0)
(1.0013434 0.002147458 0)
(1.0013961 0.0021294484 0)
(1.0014483 0.0021096196 0)
(1.0014998 0.0020880979 0)
(0.99996792 0.0026320543 0)
(1.0000441 0.0026029542 0)
(1.0001153 0.0025746931 0)
(1.0001825 0.0025472436 0)
(1.0002461 0.0025205633 0)
(1.0003066 0.0024946224 0)
(1.0003643 0.002469403 0)
(1.0004195 0.0024448949 0)
(1.0004724 0.0024210944 0)
(1.0005233 0.0023980026 0)
(1.0005722 0.0023756271 0)
(1.0006194 0.0023539935 0)
(1.000665 0.0023331516 0)
(1.0007089 0.0023131978 0)
(1.0007513 0.002294312 0)
(1.0007923 0.0022767738 0)
(1.0008323 0.0022609434 0)
(1.0008715 0.0022471794 0)
(1.0009109 0.0022356852 0)
(1.0009512 0.0022263411 0)
(1.0009932 0.002218634 0)
(1.0010376 0.0022117288 0)
(1.0010846 0.0022046449 0)
(1.0011337 0.0021964924 0)
(1.0011847 0.0021866807 0)
(1.0012368 0.0021749016 0)
(1.0012895 0.0021609755 0)
(1.0013423 0.0021449532 0)
(1.001395 0.0021270316 0)
(1.0014471 0.0021073006 0)
(1.0014986 0.0020858836 0)
(0.99996448 0.0026232995 0)
(1.0000408 0.0025950296 0)
(1.0001122 0.0025674727 0)
(1.0001796 0.0025406298 0)
(1.0002434 0.0025144781 0)
(1.000304 0.0024890028 0)
(1.0003618 0.002464197 0)
(1.0004171 0.0024400588 0)
(1.0004702 0.0024165913 0)
(1.0005211 0.0023938009 0)
(1.0005702 0.0023717005 0)
(1.0006175 0.0023503197 0)
(1.0006632 0.0023297124 0)
(1.0007072 0.0023099773 0)
(1.0007498 0.002291293 0)
(1.0007909 0.0022739332 0)
(1.000831 0.0022582476 0)
(1.0008705 0.0022445817 0)
(1.00091 0.0022331304 0)
(1.0009504 0.0022237763 0)
(1.0009925 0.0022160214 0)
(1.001037 0.0022090533 0)
(1.0010839 0.0022019163 0)
(1.001133 0.0021937382 0)
(1.0011838 0.0021839322 0)
(1.0012358 0.0021721871 0)
(1.0012885 0.0021583238 0)
(1.0013413 0.0021423832 0)
(1.0013938 0.0021245512 0)
(1.0014459 0.00210492 0)
(1.0014974 0.0020836096 0)
(0.99996105 0.0026142991 0)
(1.0000375 0.0025868762 0)
(1.0001091 0.0025600388 0)
(1.0001766 0.0025338165 0)
(1.0002405 0.0025082064 0)
(1.0003013 0.0024832085 0)
(1.0003593 0.0024588272 0)
(1.0004147 0.0024350693 0)
(1.0004679 0.002411944 0)
(1.000519 0.0023894639 0)
(1.0005682 0.0023676467 0)
(1.0006156 0.0023465263 0)
(1.0006613 0.0023261605 0)
(1.0007055 0.0023066502 0)
(1.0007482 0.0022881727 0)
(1.0007895 0.0022709961 0)
(1.0008297 0.0022554591 0)
(1.0008693 0.0022418948 0)
(1.000909 0.0022304896 0)
(1.0009496 0.0022211286 0)
(1.0009918 0.0022133284 0)
(1.0010363 0.0022062995 0)
(1.0010832 0.0021991108 0)
(1.0011322 0.0021909083 0)
(1.001183 0.0021811091 0)
(1.0012349 0.0021693993 0)
(1.0012874 0.0021556002 0)
(1.0013401 0.002139743 0)
(1.0013926 0.0021220031 0)
(1.0014447 0.0021024739 0)
(1.0014961 0.0020812726 0)
(0.99995763 0.0026050142 0)
(1.0000343 0.0025784635 0)
(1.000106 0.0025523688 0)
(1.0001736 0.0025267878 0)
(1.0002377 0.0025017377 0)
(1.0002986 0.0024772337 0)
(1.0003567 0.0024532915 0)
(1.0004123 0.0024299265 0)
(1.0004655 0.0024071551 0)
(1.0005168 0.0023849954 0)
(1.0005661 0.0023634705 0)
(1.0006136 0.0023426185 0)
(1.0006595 0.0023225013 0)
(1.0007037 0.002303222 0)
(1.0007466 0.0022849565 0)
(1.000788 0.0022679671 0)
(1.0008284 0.0022525824 0)
(1.0008682 0.0022391228 0)
(1.0009081 0.0022277664 0)
(1.0009488 0.002218401 0)
(1.0009911 0.0022105577 0)
(1.0010356 0.0022034697 0)
(1.0010824 0.0021962304 0)
(1.0011314 0.0021880042 0)
(1.0011821 0.0021782126 0)
(1.0012339 0.0021665392 0)
(1.0012864 0.0021528053 0)
(1.001339 0.002137033 0)
(1.0013914 0.0021193872 0)
(1.0014434 0.0020999621 0)
(1.0014948 0.0020788721 0)
(0.99995423 0.0025954598 0)
(1.000031 0.0025698052 0)
(1.0001029 0.0025444738 0)
(1.0001706 0.0025195523 0)
(1.0002348 0.0024950782 0)
(1.0002959 0.0024710819 0)
(1.0003541 0.0024475912 0)
(1.0004098 0.0024246302 0)
(1.0004632 0.0024022224 0)
(1.0005145 0.0023803921 0)
(1.0005639 0.0023591677 0)
(1.0006116 0.0023385916 0)
(1.0006575 0.0023187296 0)
(1.000702 0.002299687 0)
(1.0007449 0.0022816384 0)
(1.0007865 0.0022648405 0)
(1.0008271 0.0022496115 0)
(1.000867 0.0022362598 0)
(1.0009071 0.0022249553 0)
(1.0009479 0.0022155883 0)
(1.0009903 0.0022077044 0)
(1.0010349 0.0022005593 0)
(1.0010817 0.002193271 0)
(1.0011306 0.002185022 0)
(1.0011812 0.002175239 0)
(1.0012329 0.0021636031 0)
(1.0012853 0.0021499358 0)
(1.0013378 0.0021342502 0)
(1.0013902 0.0021167005 0)
(1.0014422 0.0020973818 0)
(1.0014935 0.0020764056 0)
(0.99995085 0.0025856244 0)
(1.0000277 0.0025608878 0)
(1.0000997 0.0025363397 0)
(1.0001676 0.0025120958 0)
(1.0002319 0.0024882143 0)
(1.0002931 0.0024647409 0)
(1.0003514 0.002441715 0)
(1.0004072 0.0024191704 0)
(1.0004608 0.0023971374 0)
(1.0005122 0.0023756467 0)
(1.0005617 0.0023547319 0)
(1.0006095 0.0023344399 0)
(1.0006556 0.0023148405 0)
(1.0007001 0.0022960411 0)
(1.0007432 0.002278215 0)
(1.000785 0.0022616132 0)
(1.0008257 0.0022465438 0)
(1.0008659 0.0022333035 0)
(1.000906 0.0022220542 0)
(1.000947 0.0022126888 0)
(1.0009895 0.0022047669 0)
(1.0010341 0.0021975669 0)
(1.0010809 0.0021902311 0)
(1.0011298 0.0021819605 0)
(1.0011803 0.0021721871 0)
(1.0012319 0.0021605901 0)
(1.0012842 0.0021469906 0)
(1.0013366 0.0021313932 0)
(1.0013889 0.002113942 0)
(1.0014408 0.0020947318 0)
(1.0014921 0.0020738718 0)
(0.9999475 0.0025755017 0)
(1.0000244 0.0025517063 0)
(1.0000965 0.0025279627 0)
(1.0001646 0.0025044158 0)
(1.000229 0.0024811441 0)
(1.0002903 0.0024582089 0)
(1.0003488 0.0024356618 0)
(1.0004047 0.0024135458 0)
(1.0004583 0.0023918989 0)
(1.0005099 0.0023707577 0)
(1.0005595 0.0023501616 0)
(1.0006074 0.0023301619 0)
(1.0006536 0.0023108323 0)
(1.0006983 0.0022922822 0)
(1.0007415 0.0022746839 0)
(1.0007834 0.0022582827 0)
(1.0008243 0.0022433768 0)
(1.0008646 0.0022302513 0)
(1.000905 0.0022190605 0)
(1.0009461 0.0022096996 0)
(1.0009887 0.0022017426 0)
(1.0010333 0.00219449 0)
(1.0010801 0.0021871085 0)
(1.0011289 0.0021788174 0)
(1.0011793 0.0021690548 0)
(1.0012309 0.0021574979 0)
(1.001283 0.0021439674 0)
(1.0013354 0.0021284601 0)
(1.0013876 0.0021111094 0)
(1.0014395 0.0020920101 0)
(1.0014907 0.0020712688 0)
(0.99994418 0.002565088 0)
(1.0000212 0.0025422562 0)
(1.0000934 0.0025193377 0)
(1.0001615 0.0024965064 0)
(1.0002261 0.0024738616 0)
(1.0002875 0.0024514799 0)
(1.000346 0.0024294253 0)
(1.0004021 0.0024077504 0)
(1.0004558 0.0023865007 0)
(1.0005075 0.0023657194 0)
(1.0005573 0.0023454511 0)
(1.0006053 0.0023257521 0)
(1.0006516 0.0023066998 0)
(1.0006964 0.0022884057 0)
(1.0007397 0.0022710408 0)
(1.0007818 0.0022548448 0)
(1.0008229 0.0022401065 0)
(1.0008634 0.0022270995 0)
(1.0009039 0.0022159707 0)
(1.0009451 0.0022066178 0)
(1.0009878 0.0021986286 0)
(1.0010325 0.002191326 0)
(1.0010792 0.0021839007 0)
(1.001128 0.0021755906 0)
(1.0011783 0.0021658398 0)
(1.0012298 0.0021543244 0)
(1.0012819 0.0021408644 0)
(1.0013341 0.0021254488 0)
(1.0013863 0.002108201 0)
(1.0014381 0.0020892149 0)
(1.0014892 0.0020685947 0)
(0.99994091 0.0025543778 0)
(1.0000179 0.0025325314 0)
(1.0000902 0.0025104586 0)
(1.0001584 0.0024883618 0)
(1.0002231 0.002466361 0)
(1.0002846 0.0024445485 0)
(1.0003433 0.0024230006 0)
(1.0003995 0.0024017795 0)
(1.0004533 0.0023809386 0)
(1.0005051 0.0023605278 0)
(1.000555 0.0023405969 0)
(1.0006031 0.0023212072 0)
(1.0006495 0.0023024398 0)
(1.0006945 0.0022844084 0)
(1.000738 0.0022672825 0)
(1.0007802 0.0022512967 0)
(1.0008214 0.0022367301 0)
(1.0008621 0.0022238454 0)
(1.0009027 0.0022127822 0)
(1.0009441 0.0022034407 0)
(1.0009869 0.0021954226 0)
(1.0010316 0.0021880726 0)
(1.0010784 0.0021806056 0)
(1.0011271 0.0021722778 0)
(1.0011773 0.0021625403 0)
(1.0012287 0.0021510678 0)
(1.0012806 0.0021376796 0)
(1.0013328 0.0021223575 0)
(1.0013849 0.0021052148 0)
(1.0014366 0.0020863442 0)
(1.0014877 0.0020658478 0)
(0.99993769 0.0025433664 0)
(1.0000147 0.0025225268 0)
(1.0000871 0.00250132 0)
(1.0001554 0.0024799766 0)
(1.0002201 0.0024586371 0)
(1.0002817 0.0024374097 0)
(1.0003405 0.0024163827 0)
(1.0003968 0.0023956284 0)
(1.0004508 0.0023752081 0)
(1.0005027 0.0023551784 0)
(1.0005527 0.0023355947 0)
(1.0006009 0.0023165229 0)
(1.0006475 0.0022980483 0)
(1.0006925 0.0022802863 0)
(1.0007361 0.0022634053 0)
(1.0007785 0.0022476345 0)
(1.0008199 0.0022332439 0)
(1.0008607 0.0022204853 0)
(1.0009016 0.0022094916 0)
(1.0009431 0.0022001652 0)
(1.000986 0.0021921216 0)
(1.0010307 0.0021847272 0)
(1.0010775 0.0021772206 0)
(1.0011261 0.0021688768 0)
(1.0011762 0.0021591538 0)
(1.0012275 0.0021477258 0)
(1.0012794 0.0021344109 0)
(1.0013315 0.002119184 0)
(1.0013835 0.0021021488 0)
(1.0014351 0.0020833962 0)
(1.0014862 0.0020630261 0)
(0.99993453 0.0025320495 0)
(1.0000116 0.0025122374 0)
(1.000084 0.0024919166 0)
(1.0001523 0.0024713453 0)
(1.0002171 0.0024506845 0)
(1.0002789 0.0024300578 0)
(1.0003377 0.0024095662 0)
(1.0003941 0.0023892919 0)
(1.0004482 0.0023693042 0)
(1.0005002 0.0023496664 0)
(1.0005503 0.0023304397 0)
(1.0005986 0.0023116949 0)
(1.0006453 0.0022935211 0)
(1.0006905 0.0022760354 0)
(1.0007343 0.0022594053 0)
(1.0007768 0.0022438546 0)
(1.0008184 0.0022296443 0)
(1.0008594 0.0022170161 0)
(1.0009004 0.0022060957 0)
(1.0009421 0.0021967883 0)
(1.000985 0.0021887227 0)
(1.0010298 0.0021812869 0)
(1.0010765 0.0021737433 0)
(1.0011251 0.0021653851 0)
(1.0011752 0.0021556783 0)
(1.0012263 0.0021442961 0)
(1.0012781 0.0021310562 0)
(1.0013301 0.0021159264 0)
(1.0013821 0.0020990009 0)
(1.0014336 0.0020803688 0)
(1.0014846 0.0020601275 0)
(0.99993143 0.0025204231 0)
(1.0000084 0.0025016582 0)
(1.0000808 0.0024822431 0)
(1.0001493 0.0024624625 0)
(1.0002142 0.0024424976 0)
(1.0002759 0.0024224877 0)
(1.0003349 0.002402546 0)
(1.0003914 0.0023827651 0)
(1.0004456 0.0023632221 0)
(1.0004977 0.0023439875 0)
(1.0005479 0.0023251279 0)
(1.0005963 0.0023067191 0)
(1.0006432 0.0022888542 0)
(1.0006885 0.0022716519 0)
(1.0007324 0.0022552787 0)
(1.0007751 0.0022399533 0)
(1.0008168 0.002225928 0)
(1.000858 0.0022134342 0)
(1.0008992 0.0022025913 0)
(1.000941 0.0021933069 0)
(1.000984 0.0021852232 0)
(1.0010288 0.0021777493 0)
(1.0010755 0.0021701712 0)
(1.001124 0.0021618006 0)
(1.001174 0.0021521115 0)
(1.0012251 0.0021407768 0)
(1.0012768 0.0021276133 0)
(1.0013287 0.0021125824 0)
(1.0013806 0.0020957691 0)
(1.0014321 0.0020772599 0)
(1.001483 0.0020571502 0)
(0.99992842 0.0025084836 0)
(1.0000054 0.0024907847 0)
(1.0000778 0.0024722942 0)
(1.0001462 0.0024533226 0)
(1.0002112 0.0024340709 0)
(1.000273 0.0024146938 0)
(1.0003321 0.0023953168 0)
(1.0003887 0.0023760426 0)
(1.0004429 0.0023569568 0)
(1.0004951 0.0023381366 0)
(1.0005455 0.0023196543 0)
(1.000594 0.0023015909 0)
(1.0006409 0.0022840432 0)
(1.0006864 0.0022671316 0)
(1.0007304 0.0022510215 0)
(1.0007733 0.0022359267 0)
(1.0008152 0.002222091 0)
(1.0008565 0.002209736 0)
(1.0008979 0.0021989749 0)
(1.0009398 0.0021897178 0)
(1.000983 0.0021816199 0)
(1.0010278 0.0021741115 0)
(1.0010745 0.0021665016 0)
(1.001123 0.0021581207 0)
(1.0011729 0.0021484509 0)
(1.0012238 0.0021371656 0)
(1.0012754 0.0021240801 0)
(1.0013273 0.0021091501 0)
(1.001379 0.0020924513 0)
(1.0014305 0.0020740676 0)
(1.0014814 0.0020540922 0)
(0.99992549 0.0024962255 0)
(1.0000024 0.0024796113 0)
(1.0000747 0.0024620665 0)
(1.0001432 0.0024439216 0)
(1.0002082 0.0024253997 0)
(1.0002701 0.0024066712 0)
(1.0003292 0.0023878736 0)
(1.0003859 0.0023691196 0)
(1.0004403 0.0023505033 0)
(1.0004926 0.0023321092 0)
(1.000543 0.0023140146 0)
(1.0005917 0.0022963054 0)
(1.0006387 0.0022790831 0)
(1.0006843 0.0022624698 0)
(1.0007284 0.0022466294 0)
(1.0007714 0.0022317707 0)
(1.0008135 0.0022181294 0)
(1.000855 0.0022059177 0)
(1.0008966 0.0021952429 0)
(1.0009387 0.0021860174 0)
(1.0009819 0.0021779096 0)
(1.0010268 0.0021703703 0)
(1.0010735 0.0021627316 0)
(1.0011218 0.0021543426 0)
(1.0011717 0.0021446941 0)
(1.0012225 0.0021334597 0)
(1.001274 0.0021204541 0)
(1.0013258 0.0021056268 0)
(1.0013774 0.002089045 0)
(1.0014288 0.0020707895 0)
(1.0014796 0.0020509511 0)
(1.0005405 0.0023082049 0)
(1.0005892 0.0022908616 0)
(1.0006363 0.0022739724 0)
(1.000682 0.0022576637 0)
(1.0007263 0.0022420989 0)
(1.0007695 0.0022274817 0)
(1.0008117 0.0022140398 0)
(1.0008534 0.002201976 0)
(1.0008951 0.002191392 0)
(1.0009374 0.0021822028 0)
(1.0009807 0.0021740893 0)
(1.0010257 0.0021665231 0)
(1.0010723 0.0021588588 0)
(1.0011206 0.0021504641 0)
(1.0011704 0.0021408386 0)
(1.0012211 0.0021296572 0)
(1.0012725 0.0021167332 0)
(1.0013242 0.0021020107 0)
(1.0013758 0.0020855482 0)
(1.0014271 0.0020674234 0)
(1.0014779 0.0020477247 0)
)
;

boundaryField
{
    inlet
    {
        type            fixedValue;
        value           nonuniform List<vector> 0();
    }
    top
    {
        type            zeroGradient;
    }
    outlet
    {
        type            zeroGradient;
    }
    slipsurface
    {
        type            slip;
    }
    bottom
    {
        type            fixedValue;
        value           nonuniform List<vector> 0();
    }
    frontandback
    {
        type            empty;
    }
    procBoundary12to5
    {
        type            processor;
        value           nonuniform List<vector> 
31
(
(0.99955799 0.0028905164 0)
(0.9996261 0.0028377409 0)
(0.9996901 0.0027896707 0)
(0.99975081 0.0027453761 0)
(0.99980872 0.0027040864 0)
(0.99986406 0.0026652415 0)
(0.99991698 0.0026284784 0)
(0.99996763 0.0025935515 0)
(1.0000162 0.0025603212 0)
(1.0000628 0.0025286606 0)
(1.0001077 0.0024983971 0)
(1.000151 0.002469436 0)
(1.0001926 0.002441729 0)
(1.0002328 0.0024150808 0)
(1.0002712 0.0023895272 0)
(1.0003078 0.0023652853 0)
(1.0003423 0.0023428213 0)
(1.0003749 0.0023230178 0)
(1.0004064 0.0023068342 0)
(1.0004381 0.0022948845 0)
(1.0004717 0.0022868927 0)
(1.0005089 0.0022817742 0)
(1.0005504 0.0022777965 0)
(1.0005962 0.0022730035 0)
(1.0006454 0.0022659229 0)
(1.0006966 0.0022561683 0)
(1.0007492 0.0022435511 0)
(1.0008022 0.0022276838 0)
(1.0008548 0.0022093814 0)
(1.0009066 0.0021890734 0)
(1.000958 0.002166563 0)
)
;
    }
    procBoundary12to9
    {
        type            processor;
        value           nonuniform List<vector> 
29
(
(0.99984363 0.002511401 0)
(0.99992265 0.0024836482 0)
(0.99999936 0.0024681356 0)
(1.0000717 0.0024515541 0)
(1.0001401 0.0024342536 0)
(1.0002052 0.0024164785 0)
(1.0002671 0.0023984146 0)
(1.0003263 0.0023802112 0)
(1.0003831 0.0023619912 0)
(1.0004375 0.0023438573 0)
(1.0004899 0.0023258999 0)
(1.0004899 0.0023258999 0)
(1.0005379 0.0023022186 0)
(1.0005868 0.0022852513 0)
(1.0006341 0.0022687039 0)
(1.0006799 0.0022527076 0)
(1.0007244 0.002237425 0)
(1.0007677 0.0022230551 0)
(1.0008101 0.0022098176 0)
(1.0008519 0.0021979066 0)
(1.0008938 0.0021874182 0)
(1.0009362 0.00217827 0)
(1.0009796 0.0021701556 0)
(1.0010246 0.0021625665 0)
(1.0010712 0.0021548799 0)
(1.0011195 0.0021464821 0)
(1.0011691 0.0021368817 0)
(1.0012198 0.0021257552 0)
(1.0012711 0.0021129145 0)
)
;
    }
    procBoundary12to10
    {
        type            processor;
        value           nonuniform List<vector> 4((1.0013226 0.0020982987 0) (1.0013741 0.0020819586 0) (1.0014253 0.0020639677 0) (1.001476 0.0020444107 0));
    }
    procBoundary12to13
    {
        type            processor;
        value           nonuniform List<vector> 
57
(
(0.99950775 0.00294446 0)
(0.99953122 0.0029440079 0)
(0.99955657 0.0029389496 0)
(0.99958174 0.0029383124 0)
(0.99960873 0.0029333127 0)
(0.99963394 0.0029317908 0)
(0.99966206 0.0029273997 0)
(0.99969201 0.0029246922 0)
(0.99972958 0.0029205754 0)
(0.99977289 0.0029181392 0)
(0.99980696 0.0029137104 0)
(0.99982216 0.0029109342 0)
(0.99990227 0.0028529386 0)
(0.99990227 0.0028529386 0)
(0.99990687 0.0028487798 0)
(0.99992165 0.0028452295 0)
(0.99993311 0.0028408334 0)
(0.99993333 0.0028370766 0)
(0.99992529 0.0028335468 0)
(0.99992552 0.0028281003 0)
(0.99993556 0.0028254092 0)
(0.99994747 0.0028187964 0)
(0.99995596 0.0028164461 0)
(0.99995786 0.0028088718 0)
(0.9999556 0.0028063136 0)
(0.99995267 0.0027986625 0)
(0.99994873 0.0027961834 0)
(0.99994674 0.0027868481 0)
(0.99994581 0.0027854751 0)
(0.99994476 0.0027753473 0)
(0.99993888 0.0027725755 0)
(0.99993289 0.002764267 0)
(0.99992888 0.0027586392 0)
(0.99992547 0.0027513787 0)
(0.99992201 0.0027447225 0)
(0.99991847 0.0027374725 0)
(0.9999149 0.0027300707 0)
(0.99991132 0.0027224561 0)
(0.99990773 0.0027145171 0)
(0.99990411 0.0027065103 0)
(0.99990049 0.0026979811 0)
(0.99989687 0.0026894917 0)
(0.99989324 0.0026804844 0)
(0.99988963 0.0026713581 0)
(0.99988602 0.0026619019 0)
(0.99988243 0.0026521524 0)
(0.99987887 0.002642139 0)
(0.99987534 0.0026318143 0)
(0.99987185 0.0026211938 0)
(0.9998684 0.0026102691 0)
(0.99986502 0.0025990336 0)
(0.99986169 0.0025874841 0)
(0.99985844 0.0025756167 0)
(0.99985528 0.0025634278 0)
(0.9998522 0.0025509141 0)
(0.99984923 0.0025380732 0)
(0.99984637 0.0025249027 0)
)
;
    }
    procBoundary12to14
    {
        type            processor;
        value           nonuniform List<vector> 
30
(
(1.0015672 0.0020893363 0)
(1.0015672 0.0020879008 0)
(1.0015662 0.0020864221 0)
(1.0015643 0.0020849013 0)
(1.0015622 0.0020833347 0)
(1.0015606 0.0020817272 0)
(1.0015594 0.0020800744 0)
(1.0015583 0.0020783804 0)
(1.0015573 0.0020766409 0)
(1.0015563 0.0020748492 0)
(1.0015552 0.0020730074 0)
(1.001554 0.0020711151 0)
(1.0015529 0.0020691726 0)
(1.0015517 0.0020671746 0)
(1.0015505 0.0020651224 0)
(1.0015493 0.0020630125 0)
(1.001548 0.0020608453 0)
(1.0015467 0.0020586177 0)
(1.0015453 0.0020563291 0)
(1.001544 0.0020539772 0)
(1.0015425 0.0020515606 0)
(1.0015411 0.0020490775 0)
(1.0015396 0.0020465262 0)
(1.0015381 0.0020439047 0)
(1.0015365 0.0020412113 0)
(1.0015349 0.0020384439 0)
(1.0015332 0.0020356008 0)
(1.0015315 0.0020326798 0)
(1.0015298 0.0020296788 0)
(1.001528 0.0020265959 0)
)
;
    }
    procBoundary12to15
    {
        type            processor;
        value           nonuniform List<vector> 
29
(
(1.001026 0.0021415994 0)
(1.0010458 0.0021409267 0)
(1.0010685 0.0021402541 0)
(1.0010932 0.0021395649 0)
(1.0011196 0.0021388579 0)
(1.0011476 0.0021381338 0)
(1.001177 0.0021373914 0)
(1.0012077 0.0021366293 0)
(1.00124 0.0021358467 0)
(1.0012739 0.0021350436 0)
(1.0013093 0.0021342206 0)
(1.0013448 0.0021333771 0)
(1.0013778 0.0021325083 0)
(1.0014057 0.0021316051 0)
(1.0014273 0.002130659 0)
(1.0014433 0.0021296679 0)
(1.0014555 0.0021286368 0)
(1.0014648 0.0021275724 0)
(1.0014717 0.0021264742 0)
(1.0014771 0.0021253406 0)
(1.0014831 0.0021241703 0)
(1.001491 0.0021229694 0)
(1.0015003 0.0021217381 0)
(1.0015085 0.0021204761 0)
(1.0015137 0.0021191706 0)
(1.0015159 0.0021178266 0)
(1.0015162 0.0021164352 0)
(1.0015161 0.0021150079 0)
(1.0015161 0.0021150079 0)
)
;
    }
}


// ************************************************************************* //
