/*--------------------------------*- C++ -*----------------------------------*\
  =========                 |
  \\      /  F ield         | OpenFOAM: The Open Source CFD Toolbox
   \\    /   O peration     | Website:  https://openfoam.org
    \\  /    A nd           | Version:  12
     \\/     M anipulation  |
\*---------------------------------------------------------------------------*/
FoamFile
{
    format      ascii;
    class       surfaceScalarField;
    location    "2000";
    object      phi;
}
// * * * * * * * * * * * * * * * * * * * * * * * * * * * * * * * * * * * * * //

dimensions      [0 3 -1 0 0 0 0];

internalField   nonuniform List<scalar> 
1574
(
1.2414759e-05
2.2668208e-07
1.2380023e-05
5.2290543e-07
1.2312289e-05
6.3605764e-07
1.2231042e-05
6.6413779e-07
1.214603e-05
6.4835551e-07
1.2062172e-05
6.1507885e-07
1.1981444e-05
5.7911985e-07
1.1904385e-05
5.4571115e-07
1.1830984e-05
5.1581164e-07
1.1761025e-05
4.8940794e-07
1.1694219e-05
4.6616893e-07
1.163027e-05
4.4569484e-07
1.1568892e-05
4.2765113e-07
1.1509817e-05
4.117296e-07
1.14528e-05
3.9764273e-07
1.1397627e-05
3.8511505e-07
1.1344112e-05
3.7389551e-07
1.1292088e-05
3.638457e-07
1.1241404e-05
3.5483465e-07
1.1191926e-05
3.4674841e-07
1.1143528e-05
3.3952829e-07
1.1096098e-05
3.3306353e-07
1.1049537e-05
3.2726882e-07
1.1003753e-05
3.2210342e-07
1.0958664e-05
3.1749311e-07
1.0914192e-05
3.1340077e-07
1.0870264e-05
3.0980481e-07
1.0826817e-05
3.0664925e-07
1.0783789e-05
3.0391724e-07
1.0741117e-05
3.0159771e-07
1.0698747e-05
2.9965181e-07
1.0656623e-05
2.9807891e-07
1.0614691e-05
2.9687765e-07
2.960207e-07
1.4362039e-05
1.6371906e-07
1.4331501e-05
5.5344277e-07
1.4259624e-05
7.0793481e-07
1.4169903e-05
7.5385875e-07
1.4074236e-05
7.4402315e-07
1.3978804e-05
7.1051095e-07
1.3886294e-05
6.7162891e-07
1.3797611e-05
6.3439438e-07
1.3712916e-05
6.0050687e-07
1.3632059e-05
5.7026477e-07
1.3554772e-05
5.4345608e-07
1.3480753e-05
5.1971418e-07
1.3409694e-05
4.9870962e-07
1.3341301e-05
4.8012234e-07
1.3275302e-05
4.6364269e-07
1.321145e-05
4.4896623e-07
1.3149536e-05
4.3580965e-07
1.3089366e-05
4.2401626e-07
1.3030765e-05
4.1343564e-07
1.2973578e-05
4.0393518e-07
1.2917659e-05
3.9544749e-07
1.2862877e-05
3.8784474e-07
1.2809119e-05
3.8102734e-07
1.2756275e-05
3.7494774e-07
1.2704249e-05
3.6951924e-07
1.2652951e-05
3.6469789e-07
1.2602298e-05
3.6045809e-07
1.2552214e-05
3.5673384e-07
1.2502625e-05
3.5350526e-07
1.2453463e-05
3.5076034e-07
1.2404661e-05
3.4845411e-07
1.2356154e-05
3.4658526e-07
1.230788e-05
3.451515e-07
3.4411973e-07
1.6597372e-05
7.9162263e-08
1.6571995e-05
5.7881925e-07
1.6495956e-05
7.8397426e-07
1.639701e-05
8.5280425e-07
1.6289449e-05
8.5158466e-07
1.6180897e-05
8.1906306e-07
1.6074894e-05
7.7763151e-07
1.5972806e-05
7.3648265e-07
1.5875025e-05
6.9828742e-07
1.5781507e-05
6.63783e-07
1.569202e-05
6.3294356e-07
1.5606263e-05
6.0547039e-07
1.5523915e-05
5.8105807e-07
1.5444653e-05
5.5938465e-07
1.5368173e-05
5.4012289e-07
1.5294199e-05
5.2294021e-07
1.5222489e-05
5.0751936e-07
1.5152821e-05
4.9368421e-07
1.5084994e-05
4.812629e-07
1.5018827e-05
4.7010181e-07
1.4954151e-05
4.6012376e-07
1.4890814e-05
4.5118167e-07
1.4828682e-05
4.4315953e-07
1.4767628e-05
4.3600181e-07
1.4707539e-05
4.2960739e-07
1.4648313e-05
4.2392428e-07
1.4589849e-05
4.1892215e-07
1.4532059e-05
4.1452347e-07
1.447486e-05
4.1070464e-07
1.4418168e-05
4.0745244e-07
1.4361907e-05
4.0471484e-07
1.4306003e-05
4.0248969e-07
1.4250381e-05
4.0077351e-07
3.9952653e-07
1.9165353e-05
-2.7895548e-08
1.9145675e-05
5.9849742e-07
1.9065236e-05
8.6441299e-07
1.8956141e-05
9.6189894e-07
1.8835258e-05
9.7246786e-07
1.871182e-05
9.4250104e-07
1.859036e-05
8.9909181e-07
1.8472811e-05
8.5403122e-07
1.8359871e-05
8.1122828e-07
1.8251639e-05
7.7201476e-07
1.8147945e-05
7.3663691e-07
1.8048506e-05
7.0491014e-07
1.7952985e-05
6.7657897e-07
1.7861036e-05
6.5133372e-07
1.7772322e-05
6.2883663e-07
1.7686533e-05
6.0872935e-07
1.7603393e-05
5.9065968e-07
1.7522646e-05
5.7443122e-07
1.744406e-05
5.5984875e-07
1.7367426e-05
5.4673517e-07
1.7292548e-05
5.3500232e-07
1.7219248e-05
5.2448157e-07
1.7147369e-05
5.1503811e-07
1.7076764e-05
5.0660695e-07
1.7007301e-05
4.9907036e-07
1.6938859e-05
4.923669e-07
1.687132e-05
4.8646067e-07
1.6804583e-05
4.8126085e-07
1.6738548e-05
4.7673929e-07
1.6673119e-05
4.7288118e-07
1.6608208e-05
4.6962639e-07
1.6543726e-05
4.6697161e-07
1.6479587e-05
4.64912e-07
4.6340001e-07
2.2117983e-05
-1.5672147e-07
2.2103751e-05
6.1272951e-07
2.2018255e-05
9.4990874e-07
2.1897793e-05
1.0823616e-06
2.1761893e-05
1.1083678e-06
2.1621523e-05
1.0828707e-06
2.1482337e-05
1.0382782e-06
2.1346948e-05
9.8941999e-07
2.1216435e-05
9.4174089e-07
2.1091098e-05
8.9735232e-07
2.0970855e-05
8.5687969e-07
2.0855453e-05
8.2031225e-07
2.0744553e-05
7.8747872e-07
2.0637786e-05
7.5810107e-07
2.0534781e-05
7.318414e-07
2.0435191e-05
7.0831986e-07
2.0338701e-05
6.8714933e-07
2.0245019e-05
6.6811285e-07
2.0153878e-05
6.5099011e-07
2.0065035e-05
6.3557799e-07
1.9978261e-05
6.2177619e-07
1.9893351e-05
6.0939198e-07
1.981012e-05
5.9826908e-07
1.9728395e-05
5.8833139e-07
1.9648024e-05
5.7944205e-07
1.9568862e-05
5.7152849e-07
1.9490775e-05
5.6454819e-07
1.941364e-05
5.5839512e-07
1.9337344e-05
5.5303553e-07
1.9261773e-05
5.4845252e-07
1.9186823e-05
5.4457659e-07
1.9112391e-05
5.4140299e-07
1.9038378e-05
5.3892519e-07
5.3708669e-07
2.5516171e-05
-3.0394023e-07
2.5505796e-05
6.2310466e-07
2.541385e-05
1.0418548e-06
2.5280317e-05
1.2158946e-06
2.5127315e-05
1.2613699e-06
2.4967599e-05
1.2425864e-06
2.4808041e-05
1.1978357e-06
2.4652041e-05
1.1454206e-06
2.4501143e-05
1.0926383e-06
2.4355903e-05
1.0425924e-06
2.4216366e-05
9.9641712e-07
2.4082328e-05
9.5435031e-07
2.3953457e-05
9.1634904e-07
2.3829366e-05
8.821925e-07
2.370965e-05
8.51557e-07
2.3593922e-05
8.2404805e-07
2.3481827e-05
7.9924502e-07
2.3373028e-05
7.7691096e-07
2.3267219e-05
7.5679905e-07
2.316412e-05
7.3867766e-07
2.3063463e-05
7.2243314e-07
2.2965009e-05
7.07846e-07
2.2868542e-05
6.947356e-07
2.2773861e-05
6.8301274e-07
2.2680784e-05
6.7251856e-07
2.2589146e-05
6.6316741e-07
2.2498785e-05
6.5490891e-07
2.240956e-05
6.4761955e-07
2.2321337e-05
6.4125884e-07
2.2233983e-05
6.3580703e-07
2.2147375e-05
6.3118382e-07
2.2061396e-05
6.2738263e-07
2.1975926e-05
6.2439487e-07
6.2215372e-07
2.9431632e-05
-4.6207652e-07
2.942138e-05
6.3335659e-07
2.9320379e-05
1.142856e-06
2.9171297e-05
1.3649772e-06
2.8998526e-05
1.4341406e-06
2.8816547e-05
1.4245651e-06
2.8633491e-05
1.3808915e-06
2.8453625e-05
1.3252866e-06
2.8279045e-05
1.267219e-06
2.811062e-05
1.2110173e-06
2.7948562e-05
1.1584749e-06
2.7792743e-05
1.1101697e-06
2.764285e-05
1.066242e-06
2.7498481e-05
1.026561e-06
2.7359202e-05
9.9083633e-07
2.7224581e-05
9.5866882e-07
2.7094218e-05
9.2960758e-07
2.6967732e-05
9.0339747e-07
2.6844767e-05
8.7976424e-07
2.6724999e-05
8.5844537e-07
2.6608119e-05
8.3931283e-07
2.6493848e-05
8.2211749e-07
2.6381932e-05
8.0665117e-07
2.6272136e-05
7.9280941e-07
2.6164246e-05
7.80408e-07
2.6058068e-05
7.6934593e-07
2.5953413e-05
7.5956349e-07
2.5850115e-05
7.5091713e-07
2.5748016e-05
7.4335818e-07
2.564696e-05
7.3686316e-07
2.5546805e-05
7.3133922e-07
2.544741e-05
7.2677746e-07
2.5348638e-05
7.231668e-07
7.2042855e-07
3.3949318e-05
-6.1746763e-07
3.3932134e-05
6.5054107e-07
3.3817553e-05
1.2574368e-06
3.3649221e-05
1.5333095e-06
3.3453143e-05
1.6302187e-06
3.3245279e-05
1.6324285e-06
3.3034966e-05
1.5912049e-06
3.2827374e-05
1.5328781e-06
3.2625215e-05
1.4693782e-06
3.2429734e-05
1.4064979e-06
3.2241351e-05
1.3468581e-06
3.2060038e-05
1.291483e-06
3.1885517e-05
1.2407626e-06
3.1717382e-05
1.1946964e-06
3.1555166e-05
1.153052e-06
3.1398396e-05
1.1154393e-06
3.1246621e-05
1.0813827e-06
3.1099406e-05
1.0506122e-06
3.0956344e-05
1.0228259e-06
3.0817061e-05
9.9772845e-07
3.0681198e-05
9.7517641e-07
3.0548427e-05
9.5488811e-07
3.0418454e-05
9.3662444e-07
3.0291e-05
9.2026317e-07
3.0165817e-05
9.0559098e-07
3.0042674e-05
8.9248885e-07
2.9921352e-05
8.8088592e-07
2.9801653e-05
8.706157e-07
2.9683391e-05
8.616197e-07
2.9566385e-05
8.5386948e-07
2.9450467e-05
8.4725764e-07
2.9335472e-05
8.4177236e-07
2.9221239e-05
8.3739947e-07
8.3404666e-07
3.9170548e-05
-7.4733771e-07
3.9134352e-05
6.8673729e-07
3.8998706e-05
1.3930829e-06
3.8805541e-05
1.7264741e-06
3.8581307e-05
1.8544534e-06
3.834293e-05
1.8708054e-06
3.8100744e-05
1.8333904e-06
3.7860785e-05
1.7728376e-06
3.7626406e-05
1.7037569e-06
3.7399275e-05
1.6336289e-06
3.7180056e-05
1.5660768e-06
3.696885e-05
1.5026894e-06
3.676543e-05
1.444183e-06
3.656939e-05
1.3907358e-06
3.6380239e-05
1.342203e-06
3.6197457e-05
1.2982218e-06
3.602054e-05
1.2583e-06
3.5848994e-05
1.2221581e-06
3.5682352e-05
1.1894677e-06
3.5520182e-05
1.1598986e-06
3.5362067e-05
1.1332916e-06
3.5207625e-05
1.1093294e-06
3.5056511e-05
1.0877383e-06
3.4908399e-05
1.0683755e-06
3.4762996e-05
1.0509944e-06
3.462003e-05
1.0354548e-06
3.4479243e-05
1.0216726e-06
3.4340404e-05
1.009455e-06
3.4203292e-05
9.9873183e-07
3.4067693e-05
9.8946809e-07
3.3933411e-05
9.8153944e-07
3.3800253e-05
9.7493038e-07
3.366803e-05
9.6962292e-07
9.6550915e-07
4.5217094e-05
-8.158239e-07
4.5142346e-05
7.614856e-07
4.4973669e-05
1.5617595e-06
4.4747232e-05
1.9529117e-06
4.448803e-05
2.1136549e-06
4.4213052e-05
2.1457835e-06
4.3933198e-05
2.1132439e-06
4.3655196e-05
2.0508402e-06
4.3383004e-05
1.9759483e-06
4.3118725e-05
1.8979081e-06
4.2863293e-05
1.8215092e-06
4.2616955e-05
1.7490268e-06
4.2379552e-05
1.681587e-06
4.2150687e-05
1.6196007e-06
4.1929843e-05
1.5630465e-06
4.1716455e-05
1.5116101e-06
4.150996e-05
1.4647947e-06
4.1309799e-05
1.4223187e-06
4.1115438e-05
1.3838292e-06
4.0926376e-05
1.3489606e-06
4.074213e-05
1.3175373e-06
4.0562257e-05
1.2892032e-06
4.0386348e-05
1.2636465e-06
4.0214023e-05
1.240701e-06
4.0044936e-05
1.2200815e-06
3.9878767e-05
1.2016235e-06
3.9715213e-05
1.1852268e-06
3.9553999e-05
1.1706687e-06
3.9394866e-05
1.1578647e-06
3.9237563e-05
1.1467717e-06
3.9081857e-05
1.1372455e-06
3.8927521e-05
1.1292659e-06
3.8774334e-05
1.1228102e-06
1.1177525e-06
5.2236532e-05
-7.686943e-07
5.2092773e-05
9.0524447e-07
5.1872425e-05
1.7821074e-06
5.1599992e-05
2.2253449e-06
5.1296095e-05
2.4175517e-06
5.0976304e-05
2.4655751e-06
5.0651325e-05
2.438223e-06
5.0328209e-05
2.373956e-06
5.0011371e-05
2.2927861e-06
4.9703299e-05
2.2059798e-06
4.9405192e-05
2.1196165e-06
4.9117451e-05
2.0367679e-06
4.8839985e-05
1.9590526e-06
4.8572415e-05
1.8871708e-06
4.8314199e-05
1.8212624e-06
4.8064722e-05
1.7610876e-06
4.7823358e-05
1.7061589e-06
4.7589474e-05
1.6562027e-06
4.7362457e-05
1.6108454e-06
4.7141732e-05
1.5696856e-06
4.6926738e-05
1.5325315e-06
4.6716956e-05
1.4989854e-06
4.6511909e-05
1.4686933e-06
4.6311148e-05
1.4414621e-06
4.6114267e-05
1.416963e-06
4.5920888e-05
1.3950026e-06
4.5730652e-05
1.375462e-06
4.5543237e-05
1.3580838e-06
4.5358335e-05
1.342767e-06
4.5175649e-05
1.3294579e-06
4.4994905e-05
1.3179888e-06
4.4815838e-05
1.3083337e-06
4.4638184e-05
1.3004641e-06
1.2942335e-06
6.0409252e-05
-5.2654486e-07
6.0150285e-05
1.1642113e-06
5.9849808e-05
2.0825852e-06
5.9512315e-05
2.5628376e-06
5.9149682e-05
2.7801848e-06
5.8773764e-05
2.8414932e-06
5.8393837e-05
2.8181502e-06
5.8016618e-05
2.7511743e-06
5.7646651e-05
2.6627534e-06
5.7286661e-05
2.5659699e-06
5.6938047e-05
2.4682309e-06
5.6601337e-05
2.3734772e-06
5.6276502e-05
2.2838876e-06
5.596317e-05
2.2005025e-06
5.5660772e-05
2.1236608e-06
5.5368636e-05
2.0532236e-06
5.5086066e-05
1.9887291e-06
5.4812345e-05
1.929924e-06
5.4546771e-05
1.8764189e-06
5.428868e-05
1.827777e-06
5.403742e-05
1.7837913e-06
5.3792387e-05
1.7440187e-06
5.355302e-05
1.7080598e-06
5.3318792e-05
1.6756905e-06
5.3089222e-05
1.6465326e-06
5.2863865e-05
1.6203592e-06
5.2642299e-05
1.5970287e-06
5.2424138e-05
1.5762444e-06
5.220902e-05
1.5578853e-06
5.1996593e-05
1.5418842e-06
5.1786536e-05
1.5280463e-06
5.1578532e-05
1.516338e-06
5.1372272e-05
1.5067233e-06
1.4990323e-06
6.9957584e-05
2.4454319e-08
6.9514895e-05
1.6069001e-06
6.909159e-05
2.505891e-06
6.866068e-05
2.9937476e-06
6.8218941e-05
3.2219233e-06
6.7771065e-05
3.2893696e-06
6.7322978e-05
3.2662371e-06
6.6879989e-05
3.1941632e-06
6.6446176e-05
3.0965661e-06
6.6024192e-05
2.9879542e-06
6.5615475e-05
2.8769481e-06
6.5220599e-05
2.7683528e-06
6.483955e-05
2.6649364e-06
6.4471941e-05
2.5681118e-06
6.4117157e-05
2.4784449e-06
6.3774459e-05
2.3959219e-06
6.3443066e-05
2.3201221e-06
6.3122164e-05
2.250826e-06
6.2810948e-05
2.1876342e-06
6.250865e-05
2.1300757e-06
6.2214512e-05
2.0779287e-06
6.1927829e-05
2.030702e-06
6.1647943e-05
1.987946e-06
6.1374231e-05
1.9494024e-06
6.1106127e-05
1.9146363e-06
6.0843104e-05
1.8833823e-06
6.0584661e-05
1.8554717e-06
6.0330343e-05
1.8305623e-06
6.0079718e-05
1.8085101e-06
5.9832372e-05
1.7892306e-06
5.9587921e-05
1.7724969e-06
5.9345993e-05
1.758266e-06
5.9106224e-05
1.7464926e-06
1.7369795e-06
8.1157462e-05
1.0465954e-06
8.0431521e-05
2.3328411e-06
7.9822391e-05
3.1150211e-06
7.925624e-05
3.5598981e-06
7.8705814e-05
3.7723495e-06
7.8163586e-05
3.8315978e-06
7.7629257e-05
3.800566e-06
7.7105053e-05
3.7183671e-06
7.659361e-05
3.6080091e-06
7.6096947e-05
3.4846172e-06
7.5616227e-05
3.357668e-06
7.5151893e-05
3.2326873e-06
7.4703843e-05
3.112986e-06
7.4271615e-05
3.0003401e-06
7.3854511e-05
2.8955487e-06
7.3451697e-05
2.7987356e-06
7.3062287e-05
2.7095318e-06
7.268535e-05
2.6277635e-06
7.2319958e-05
2.5530265e-06
7.1965217e-05
2.4848164e-06
7.1620249e-05
2.422897e-06
7.1284226e-05
2.3667251e-06
7.0956375e-05
2.3157969e-06
7.0635962e-05
2.2698151e-06
7.0322318e-05
2.2282807e-06
7.0014816e-05
2.1908839e-06
6.9712864e-05
2.1574234e-06
6.9415922e-05
2.1275049e-06
6.9123475e-05
2.100957e-06
6.8835032e-05
2.0776739e-06
6.8550138e-05
2.0573907e-06
6.8268351e-05
2.0400525e-06
6.7989242e-05
2.0256023e-06
2.0138115e-06
9.4352871e-05
2.7627628e-06
9.320218e-05
3.4835327e-06
9.2315896e-05
4.0013048e-06
9.1553454e-05
4.3223404e-06
9.085147e-05
4.4743336e-06
9.0183022e-05
4.5000458e-06
8.9537376e-05
4.4462119e-06
8.891116e-05
4.3445823e-06
8.8304038e-05
4.2151311e-06
8.771647e-05
4.0721856e-06
8.714879e-05
3.9253479e-06
8.6600981e-05
3.7804969e-06
8.6072658e-05
3.6413091e-06
8.5563161e-05
3.5098369e-06
8.5071635e-05
3.3870742e-06
8.45971e-05
3.2732706e-06
8.4138526e-05
3.1681059e-06
8.3694832e-05
3.0714575e-06
8.326494e-05
2.9829184e-06
8.2847808e-05
2.9019485e-06
8.2442408e-05
2.8282969e-06
8.204777e-05
2.761363e-06
8.1662984e-05
2.7005836e-06
8.1287181e-05
2.6456176e-06
8.0919569e-05
2.5958929e-06
8.0559404e-05
2.5510487e-06
8.0205983e-05
2.5108447e-06
7.9858661e-05
2.4748266e-06
7.9516827e-05
2.4427907e-06
7.9179897e-05
2.4146047e-06
7.8847328e-05
2.389959e-06
7.8518597e-05
2.3687833e-06
7.8193194e-05
2.351006e-06
2.3363619e-06
0.00010997159
5.4532452e-06
0.0001082008
5.2543211e-06
0.00010690776
5.2943416e-06
0.00010586113
5.3689777e-06
0.00010494581
5.389651e-06
0.00010410571
5.3401446e-06
0.00010331368
5.2382434e-06
0.00010255707
5.1011931e-06
0.00010183026
4.9419422e-06
0.0001011307
4.7717454e-06
0.00010045699
4.5990536e-06
9.9808102e-05
4.4293868e-06
9.9183014e-05
4.2663977e-06
9.8580651e-05
4.1121992e-06
9.7999863e-05
3.9678629e-06
9.7439427e-05
3.8337066e-06
9.6898104e-05
3.7094281e-06
9.6374615e-05
3.5949466e-06
9.5867689e-05
3.489845e-06
9.5376097e-05
3.3935399e-06
9.4898633e-05
3.3057609e-06
9.4434154e-05
3.2258423e-06
9.3981583e-05
3.1531548e-06
9.3539893e-05
3.087307e-06
9.3108143e-05
3.0276439e-06
9.2685446e-05
2.9737454e-06
9.2270966e-05
2.9253246e-06
9.1863935e-05
2.8818578e-06
9.1463622e-05
2.8431034e-06
9.106933e-05
2.8088964e-06
9.0680415e-05
2.778874e-06
9.0296252e-05
2.7529469e-06
8.9916233e-05
2.7310244e-06
2.712799e-06
0.00012852925
9.2820769e-06
0.00012588934
7.8942299e-06
0.00012401104
7.1726415e-06
0.00012255617
6.8238498e-06
0.00012133947
6.6063568e-06
0.00012026315
6.4164613e-06
0.00011927552
6.2258761e-06
0.00011834942
6.0272922e-06
0.00011747056
5.8207968e-06
0.00011663122
5.6110924e-06
0.00011582684
5.4034272e-06
0.00011505449
5.2017438e-06
0.00011431192
5.0089598e-06
0.0001135973
4.8268273e-06
0.00011290891
4.6562484e-06
0.00011224514
4.4974733e-06
0.00011160443
4.3501368e-06
0.00011098522
4.2141605e-06
0.00011038597
4.0890921e-06
0.00010980523
3.9742845e-06
0.00010924155
3.8694357e-06
0.00010869359
3.7738016e-06
0.00010816007
3.6866767e-06
0.00010763977
3.6076104e-06
0.00010713156
3.5358526e-06
0.00010663439
3.4709145e-06
0.00010614726
3.4124533e-06
0.00010566926
3.3598646e-06
0.0001051995
3.312862e-06
0.00010473715
3.2712399e-06
0.00010428146
3.2345729e-06
0.00010383165
3.2027475e-06
0.00010338703
3.1756487e-06
3.1529196e-06
0.00015049679
1.3417606e-05
0.00014682282
1.15682e-05
0.00014413213
9.8633289e-06
0.00014209948
8.8565065e-06
0.00014045833
8.2475047e-06
0.00013905496
7.8198284e-06
0.00013780286
7.4779823e-06
0.00013665325
7.1769033e-06
0.00013557838
6.8956585e-06
0.00013456219
6.6272844e-06
0.00013359491
6.3707107e-06
0.00013267028
6.126372e-06
0.00013178397
5.8952722e-06
0.00013093272
5.6780699e-06
0.00013011392
5.47505e-06
0.00012932526
5.2861323e-06
0.00012856468
5.1107224e-06
0.00012783019
4.9486533e-06
0.0001271199
4.7993788e-06
0.00012643204
4.6621443e-06
0.00012576489
4.5365889e-06
0.00012511682
4.4218681e-06
0.00012448631
4.317183e-06
0.00012387191
4.2220107e-06
0.00012327228
4.1354907e-06
0.00012268614
4.0570535e-06
0.0001221123
3.9862883e-06
0.00012154967
3.9224966e-06
0.00012099719
3.8653393e-06
0.00012045387
3.8145603e-06
0.00011991878
3.76966e-06
0.00011939104
3.7304944e-06
0.00011886977
3.6969175e-06
3.6685143e-06
0.00017540881
1.5684601e-05
0.00017152027
1.5456739e-05
0.00016787477
1.3508823e-05
0.00016505083
1.1680452e-05
0.00016281919
1.0479141e-05
0.00016096388
9.675135e-06
0.00015935216
9.0897028e-06
0.00015790472
8.6243472e-06
0.00015657399
8.2263884e-06
0.00015533123
7.8700472e-06
0.00015415847
7.5434706e-06
0.00015304414
7.2406968e-06
0.00015198042
6.9589942e-06
0.00015096174
6.6967469e-06
0.00014998391
6.4528781e-06
0.00014904352
6.2265222e-06
0.00014813769
6.0165524e-06
0.00014726381
5.8225374e-06
0.00014641947
5.6437211e-06
0.00014560246
5.4791559e-06
0.00014481068
5.3283698e-06
0.00014404217
5.190379e-06
0.00014329509
5.0642627e-06
0.00014256769
4.9494043e-06
0.00014185837
4.8448121e-06
0.0001411656
4.7498206e-06
0.00014048796
4.663935e-06
0.00013982411
4.5863472e-06
0.00013917279
4.516654e-06
0.00013853281
4.4545374e-06
0.00013790306
4.3994093e-06
0.00013728247
4.3510878e-06
0.00013667
4.3093868e-06
4.273823e-06
0.00020105771
1.5962914e-05
0.00019922683
1.7287617e-05
0.00019573322
1.7002436e-05
0.00019206609
1.5347582e-05
0.00018904113
1.3504093e-05
0.00018656993
1.2146339e-05
0.00018447132
1.1188308e-05
0.0001826256
1.0470068e-05
0.00018095815
9.893843e-06
0.0001794222
9.4059985e-06
0.0001779876
8.978064e-06
0.0001766347
8.5936059e-06
0.00017535017
8.2435209e-06
0.0001741248
7.9221207e-06
0.00017295186
7.6258165e-06
0.00017182615
7.3522247e-06
0.00017074353
7.0991732e-06
0.00016970041
6.8656613e-06
0.00016869362
6.6505153e-06
0.00016772033
6.4524389e-06
0.00016677795
6.2707564e-06
0.00016586405
6.104279e-06
0.00016497639
5.9519136e-06
0.00016411288
5.8129163e-06
0.00016327156
5.6861354e-06
0.00016245059
5.5707862e-06
0.00016164826
5.4662698e-06
0.00016086296
5.3716484e-06
0.00016009317
5.2864413e-06
0.00015933746
5.2102526e-06
0.00015859447
5.14239e-06
0.00015786294
5.0826234e-06
0.00015714161
5.0307153e-06
4.9861016e-06
0.00022762651
1.5846564e-05
0.00022748169
1.7432442e-05
0.00022625953
1.8224591e-05
0.00022340361
1.82035e-05
0.00021980915
1.7098555e-05
0.00021655539
1.5400099e-05
0.00021381059
1.3933109e-05
0.00021143638
1.2844274e-05
0.000209326
1.2004227e-05
0.00020740911
1.1322888e-05
0.00020563871
1.074846e-05
0.00020398358
1.0248738e-05
0.00020242231
9.8047969e-06
0.00020094014
9.4042861e-06
0.00019952648
9.039481e-06
0.00019817333
8.705366e-06
0.0001968746
8.3979068e-06
0.00019562521
8.1150545e-06
0.00019442086
7.8548651e-06
0.00019325787
7.615428e-06
0.00019213291
7.3957134e-06
0.00019104297
7.1942165e-06
0.0001899853
7.0095873e-06
0.00018895732
6.8409012e-06
0.00018795665
6.6868039e-06
0.00018698108
6.5463569e-06
0.00018602852
6.4188302e-06
0.00018509703
6.3031315e-06
0.00018418479
6.1986833e-06
0.00018329005
6.1049924e-06
0.0001824112
6.0212429e-06
0.00018154668
5.9471441e-06
0.000180695
5.8823923e-06
5.8263275e-06
0.00025720653
1.5703863e-05
0.0002572986
1.7340376e-05
0.00025726344
1.825975e-05
0.00025666679
1.8800147e-05
0.00025472815
1.9037201e-05
0.00025153582
1.8592428e-05
0.00024811407
1.7354861e-05
0.00024505589
1.5902451e-05
0.00024237433
1.4685792e-05
0.00023996684
1.3730372e-05
0.00023776687
1.2948428e-05
0.00023572855
1.2287067e-05
0.00023381941
1.1713929e-05
0.00023201715
1.1206551e-05
0.00023030543
1.0751205e-05
0.0002286722
1.0338595e-05
0.00022710846
9.9616399e-06
0.00022560694
9.6165772e-06
0.00022416169
9.3001143e-06
0.00022276781
9.0093068e-06
0.00022142098
8.7425494e-06
0.00022011735
8.4978399e-06
0.00021885351
8.2734306e-06
0.00021762627
8.0681389e-06
0.00021643274
7.8803412e-06
0.0002152702
7.7088931e-06
0.00021413613
7.5528971e-06
0.00021302819
7.4110749e-06
0.00021194415
7.2827256e-06
0.00021088191
7.1672335e-06
0.00020983951
7.063637e-06
0.00020881509
6.971568e-06
0.00020780684
6.8906381e-06
6.8200744e-06
0.00029060789
1.554755e-05
0.00029072513
1.722314e-05
0.00029080252
1.8182352e-05
0.00029081998
1.8782695e-05
0.00029061767
1.9239506e-05
0.00028963244
1.9577658e-05
0.00028736627
1.9621033e-05
0.0002841841
1.908462e-05
0.0002808819
1.798799e-05
0.00027786131
1.6750965e-05
0.00027512743
1.5682308e-05
0.00027261041
1.4804081e-05
0.00027026754
1.4056804e-05
0.00026806812
1.340597e-05
0.00026598804
1.2831284e-05
0.00026401013
1.2316502e-05
0.00026212147
1.1850302e-05
0.0002603116
1.1426448e-05
0.00025857237
1.1039346e-05
0.00025689721
1.0684467e-05
0.0002552804
1.0359355e-05
0.00025371704
1.0061204e-05
0.00025220281
9.7876624e-06
0.00025073376
9.5371861e-06
0.00024930632
9.3077777e-06
0.00024791721
9.0980067e-06
0.00024656334
8.9067666e-06
0.00024524186
8.7325505e-06
0.0002439501
8.5744944e-06
0.0002426855
8.4318317e-06
0.0002414457
8.3034293e-06
0.00024022845
8.1888197e-06
0.00023903158
8.0875072e-06
7.9985863e-06
0.00032834145
0.00032847166
0.00032856984
0.00032864011
0.00032867316
0.0003286256
0.00032828625
0.00032715244
0.00032488432
0.00032180134
0.00031853325
0.0003154472
0.00031258814
0.00030990946
0.00030738128
0.0003049842
0.00030270026
0.00030051522
0.0002984186
0.0002964017
0.00029445698
0.00029257823
0.00029076005
0.00028899753
0.00028728629
0.00028562235
0.00028400197
0.0002824217
0.00028087831
0.00027936874
0.00027789014
0.00027643978
0.00027501508
)
;

boundaryField
{
    bottom
    {
        type            calculated;
        value           nonuniform List<scalar> 0();
    }
    back
    {
        type            empty;
    }
    front
    {
        type            empty;
    }
    inlet
    {
        type            calculated;
        value           nonuniform List<scalar> 0();
    }
    outlet
    {
        type            calculated;
        value           nonuniform List<scalar> 0();
    }
    top
    {
        type            calculated;
        value           nonuniform List<scalar> 0();
    }
    slipsurface
    {
        type            calculated;
        value           nonuniform List<scalar> 0();
    }
    procBoundary11to0
    {
        type            processor;
        value           nonuniform List<scalar> 
33
(
1.7092931e-05
1.8084171e-05
1.8712429e-05
1.9206455e-05
1.9625221e-05
1.9960383e-05
2.0218431e-05
2.0256106e-05
1.983395e-05
1.8950395e-05
1.7890126e-05
1.6915872e-05
1.6084648e-05
1.5359464e-05
1.4713585e-05
1.4134241e-05
1.3611483e-05
1.3135963e-05
1.2701372e-05
1.2304075e-05
1.1939956e-05
1.1605838e-05
1.1299707e-05
1.1019014e-05
1.0761945e-05
1.0527147e-05
1.0312822e-05
1.0117889e-05
9.9414022e-06
9.7820297e-06
9.6391741e-06
9.5122081e-06
9.4000743e-06
)
;
    }
    procBoundary11to6
    {
        type            processor;
        value           uniform 1.5376757e-05;
    }
    procBoundary11to8
    {
        type            processor;
        value           uniform 1.0572901e-05;
    }
    procBoundary11to9
    {
        type            processor;
        value           nonuniform List<scalar> 
23
(
1.2259781e-05
1.4194974e-05
1.6415714e-05
1.8964691e-05
2.1890859e-05
2.5250363e-05
2.9107621e-05
3.3536567e-05
3.862209e-05
4.4461703e-05
5.1167474e-05
5.8868277e-05
6.771241e-05
7.7870643e-05
8.9539796e-05
0.00010294691
0.00011835417
0.00013606469
0.00015642933
0.00017985477
0.00020681309
0.00023785307
0.00027361359
)
;
    }
    procBoundary11to10
    {
        type            processor;
        value           nonuniform List<scalar> 
34
(
-2.6992172e-07
-4.8816909e-07
-5.6832318e-07
-5.8289132e-07
-5.6334302e-07
-5.3122146e-07
-4.9839173e-07
-4.6865107e-07
-4.424119e-07
-4.1944813e-07
-3.9936226e-07
-3.8174625e-07
-3.6627322e-07
-3.5265429e-07
-3.4062616e-07
-3.2994193e-07
-3.2038077e-07
-3.118215e-07
-3.0415033e-07
-2.9727022e-07
-2.9112991e-07
-2.8563366e-07
-2.8070856e-07
-2.7631949e-07
-2.7240328e-07
-2.6892859e-07
-2.6587726e-07
-2.6320205e-07
-2.6088849e-07
-2.5892631e-07
-2.5728191e-07
-2.5595527e-07
-2.5494583e-07
-2.5423067e-07
)
;
    }
    procBoundary11to12
    {
        type            processor;
        value           nonuniform List<scalar> 
24
(
-1.237152e-05
-1.4299076e-05
-1.6512815e-05
-1.9058295e-05
-2.1989157e-05
-2.5368952e-05
-2.9273496e-05
-3.3793927e-05
-3.9040678e-05
-4.5148608e-05
-5.2283662e-05
-6.0651402e-05
-7.0508583e-05
-8.2179603e-05
-9.6069039e-05
-0.00011266207
-0.00013235808
-0.00015463232
-0.0001776758
-0.00020133602
-0.00022751016
-0.00025706383
-0.00029045158
-0.00032817066
)
;
    }
}


// ************************************************************************* //
