/*--------------------------------*- C++ -*----------------------------------*\
  =========                 |
  \\      /  F ield         | OpenFOAM: The Open Source CFD Toolbox
   \\    /   O peration     | Website:  https://openfoam.org
    \\  /    A nd           | Version:  12
     \\/     M anipulation  |
\*---------------------------------------------------------------------------*/
FoamFile
{
    format      ascii;
    class       volScalarField;
    location    "1900";
    object      nut;
}
// * * * * * * * * * * * * * * * * * * * * * * * * * * * * * * * * * * * * * //

dimensions      [0 2 -1 0 0 0 0];

internalField   nonuniform List<scalar> 
816
(
1.4791554e-06
1.479864e-06
1.4805692e-06
1.4812723e-06
1.481973e-06
1.4826799e-06
1.483384e-06
1.4840091e-06
1.4853674e-06
1.4856185e-06
4.8121127e-07
4.9839943e-07
8.7999099e-07
1.3362629e-06
1.6721226e-06
1.9073672e-06
1.4788761e-06
1.4795586e-06
1.4802369e-06
1.4809123e-06
1.4815842e-06
1.4822601e-06
1.4829316e-06
1.4835146e-06
1.4848271e-06
1.4854042e-06
5.6685598e-07
4.6966594e-07
8.220894e-07
1.3230772e-06
1.720792e-06
2.005991e-06
1.4724335e-06
1.4724384e-06
1.4724858e-06
1.4726247e-06
1.4728716e-06
1.4732205e-06
1.4736566e-06
1.4741629e-06
1.4747233e-06
1.4753236e-06
1.4759514e-06
1.4765966e-06
1.4772511e-06
1.477909e-06
1.4785659e-06
1.4792193e-06
1.479868e-06
1.4805129e-06
1.4811531e-06
1.4817953e-06
1.4824302e-06
1.4829759e-06
1.4841403e-06
1.4849605e-06
6.6905068e-07
4.3584921e-07
7.4178711e-07
1.2664173e-06
1.7273379e-06
2.0695221e-06
1.472416e-06
1.4724197e-06
1.4724616e-06
1.4725877e-06
1.4728159e-06
1.4731419e-06
1.4735525e-06
1.4740316e-06
1.4745636e-06
1.4751345e-06
1.4757324e-06
1.4763472e-06
1.476971e-06
1.4775977e-06
1.4782231e-06
1.4788446e-06
1.4794608e-06
1.4800724e-06
1.4806779e-06
1.4812835e-06
1.4818773e-06
1.4823925e-06
1.4832809e-06
1.4842334e-06
7.73677e-07
4.1834826e-07
6.516903e-07
1.1642394e-06
1.6833294e-06
2.0888758e-06
1.4723963e-06
1.4723988e-06
1.472435e-06
1.4725478e-06
1.472756e-06
1.4730573e-06
1.4734399e-06
1.473889e-06
1.4743896e-06
1.4749281e-06
1.4754929e-06
1.4760741e-06
1.4766639e-06
1.4772564e-06
1.4778471e-06
1.4784337e-06
1.4790143e-06
1.4795896e-06
1.4801575e-06
1.4807235e-06
1.4812716e-06
1.4817629e-06
1.4822472e-06
1.4832089e-06
8.7549678e-07
4.4998399e-07
5.7002131e-07
1.0206427e-06
1.5813948e-06
2.0538588e-06
1.4723742e-06
1.4723755e-06
1.4724058e-06
1.472505e-06
1.4726922e-06
1.4729669e-06
1.4733193e-06
1.4737356e-06
1.4742017e-06
1.4747047e-06
1.4752331e-06
1.4757774e-06
1.47633e-06
1.4768849e-06
1.4774379e-06
1.4779863e-06
1.4785284e-06
1.4790644e-06
1.4795917e-06
1.4801151e-06
1.4806131e-06
1.481083e-06
1.4810546e-06
1.4819e-06
9.7088444e-07
5.2377418e-07
5.11718e-07
8.5227122e-07
1.4186108e-06
1.9539682e-06
1.4723493e-06
1.4723496e-06
1.4723739e-06
1.4724596e-06
1.4726248e-06
1.4728715e-06
1.4731914e-06
1.4735723e-06
1.474001e-06
1.4744652e-06
1.474954e-06
1.4754582e-06
1.4759702e-06
1.4764844e-06
1.4769966e-06
1.4775039e-06
1.4780045e-06
1.4784983e-06
1.4789819e-06
1.4794597e-06
1.4799035e-06
1.4803435e-06
1.4797164e-06
1.4803194e-06
1.0572741e-06
6.2814729e-07
4.816072e-07
6.9748809e-07
1.2033246e-06
1.780713e-06
1.4723214e-06
1.4723208e-06
1.4723392e-06
1.4724114e-06
1.4725543e-06
1.4727717e-06
1.4730573e-06
1.4734005e-06
1.4737891e-06
1.4742116e-06
1.4746577e-06
1.4751186e-06
1.475587e-06
1.4760575e-06
1.4765257e-06
1.4769891e-06
1.4774453e-06
1.4778942e-06
1.4783312e-06
1.4787599e-06
1.4791467e-06
1.4795252e-06
1.4785185e-06
1.4784765e-06
1.1331507e-06
7.4296981e-07
5.197803e-07
5.9260116e-07
9.6170203e-07
1.5336564e-06
1.4722902e-06
1.4722888e-06
1.4723016e-06
1.4723605e-06
1.4724812e-06
1.4726687e-06
1.4729187e-06
1.4732221e-06
1.4735683e-06
1.4739466e-06
1.4743472e-06
1.474762e-06
1.475184e-06
1.475608e-06
1.4760297e-06
1.4764465e-06
1.4768557e-06
1.477257e-06
1.4776444e-06
1.4780204e-06
1.4783479e-06
1.4786063e-06
1.477452e-06
1.4763569e-06
1.1980568e-06
8.5688613e-07
6.0755033e-07
5.4400058e-07
7.5146459e-07
1.2340952e-06
1.4722553e-06
1.4722533e-06
1.4722611e-06
1.4723071e-06
1.472406e-06
1.4725636e-06
1.4727773e-06
1.4730398e-06
1.4733418e-06
1.4736738e-06
1.4740269e-06
1.4743933e-06
1.4747665e-06
1.4751416e-06
1.4755144e-06
1.4758824e-06
1.4762423e-06
1.4765936e-06
1.4769284e-06
1.4772476e-06
1.4775113e-06
1.4775574e-06
1.4764591e-06
1.4743115e-06
1.2522695e-06
9.6276811e-07
7.1980058e-07
5.7843078e-07
6.3349277e-07
9.3719848e-07
1.4722164e-06
1.4722139e-06
1.4722175e-06
1.472251e-06
1.4723293e-06
1.4724577e-06
1.4726352e-06
1.4728564e-06
1.4731135e-06
1.473398e-06
1.473702e-06
1.4740184e-06
1.4743412e-06
1.4746657e-06
1.4749879e-06
1.4753052e-06
1.4756138e-06
1.4759129e-06
1.4761915e-06
1.476449e-06
1.4766334e-06
1.4763583e-06
1.4755369e-06
1.4723255e-06
1.2964234e-06
1.0566998e-06
8.3701442e-07
6.7024516e-07
6.085447e-07
7.3171124e-07
1.4721731e-06
1.4721703e-06
1.4721706e-06
1.4721922e-06
1.4722514e-06
1.4723521e-06
1.4724946e-06
1.4726751e-06
1.4728874e-06
1.4731243e-06
1.4733787e-06
1.4736444e-06
1.4739159e-06
1.4741888e-06
1.4744593e-06
1.4747247e-06
1.4749802e-06
1.4752248e-06
1.4754425e-06
1.4756308e-06
1.4756922e-06
1.4751373e-06
1.4748791e-06
1.4710859e-06
1.3320112e-06
1.1371267e-06
9.4757276e-07
7.8500432e-07
6.7063493e-07
6.6010184e-07
1.472125e-06
1.472122e-06
1.4721198e-06
1.4721315e-06
1.4721726e-06
1.4722478e-06
1.4723574e-06
1.472499e-06
1.4726679e-06
1.4728581e-06
1.4730635e-06
1.4732788e-06
1.4734991e-06
1.4737204e-06
1.4739387e-06
1.4741515e-06
1.474352e-06
1.4745391e-06
1.4746876e-06
1.47479e-06
1.4746961e-06
1.4739422e-06
1.4743357e-06
1.4702305e-06
1.3603714e-06
1.2041782e-06
1.0458114e-06
9.0040538e-07
7.7714107e-07
6.9783022e-07
1.4720718e-06
1.4720688e-06
1.4720647e-06
1.4720687e-06
1.4720927e-06
1.4721452e-06
1.4722248e-06
1.4723304e-06
1.4724585e-06
1.4726042e-06
1.4727625e-06
1.4729288e-06
1.4730989e-06
1.4732691e-06
1.4734355e-06
1.4735948e-06
1.4737372e-06
1.4738617e-06
1.4739251e-06
1.4739078e-06
1.4737439e-06
1.4728533e-06
1.4736319e-06
1.4694016e-06
1.3826853e-06
1.2588412e-06
1.1296234e-06
1.0056968e-06
8.9200696e-07
7.9595182e-07
1.4720131e-06
1.4720101e-06
1.4720049e-06
1.4720033e-06
1.4720138e-06
1.4720444e-06
1.4720974e-06
1.4721709e-06
1.4722618e-06
1.4723661e-06
1.47248e-06
1.4725996e-06
1.4727213e-06
1.4728416e-06
1.4729562e-06
1.4730606e-06
1.4731383e-06
1.4731896e-06
1.4731441e-06
1.4730278e-06
1.472835e-06
1.4719271e-06
1.4728343e-06
1.4685805e-06
1.4000757e-06
1.3025034e-06
1.1989251e-06
1.0966319e-06
9.9871542e-07
9.0802704e-07
1.4719487e-06
1.4719457e-06
1.4719398e-06
1.4719346e-06
1.4719353e-06
1.4719481e-06
1.4719753e-06
1.4720207e-06
1.4720786e-06
1.4721452e-06
1.4722179e-06
1.4722936e-06
1.4723689e-06
1.4724402e-06
1.4725027e-06
1.4725473e-06
1.4725485e-06
1.4725264e-06
1.4724443e-06
1.4722715e-06
1.4720282e-06
1.4712202e-06
1.4720123e-06
1.4677927e-06
1.4135555e-06
1.336873e-06
1.2548292e-06
1.1722995e-06
1.0911814e-06
1.0128577e-06
1.4718784e-06
1.4718754e-06
1.4718692e-06
1.4718616e-06
1.4718559e-06
1.4718561e-06
1.4718641e-06
1.4718824e-06
1.4719089e-06
1.4719406e-06
1.4719751e-06
1.4720094e-06
1.4720403e-06
1.4720647e-06
1.4720783e-06
1.4720759e-06
1.4720426e-06
1.4719744e-06
1.471854e-06
1.4716361e-06
1.4713703e-06
1.470432e-06
1.4711167e-06
1.4669793e-06
1.4239528e-06
1.363699e-06
1.2992124e-06
1.2336223e-06
1.1680721e-06
1.1033095e-06
1.471802e-06
1.471799e-06
1.4717928e-06
1.4717839e-06
1.4717743e-06
1.4717662e-06
1.471761e-06
1.4717603e-06
1.4717634e-06
1.4717685e-06
1.4717734e-06
1.4717758e-06
1.4717729e-06
1.4717618e-06
1.4717384e-06
1.4716983e-06
1.4716323e-06
1.4715301e-06
1.4713793e-06
1.4711257e-06
1.4708356e-06
1.469852e-06
1.4702479e-06
1.4662191e-06
1.4319593e-06
1.3847834e-06
1.3340645e-06
1.2823797e-06
1.2302693e-06
1.1780871e-06
1.4717197e-06
1.4717168e-06
1.4717105e-06
1.4717011e-06
1.4716892e-06
1.4716763e-06
1.4716629e-06
1.47165e-06
1.4716372e-06
1.4716236e-06
1.4716075e-06
1.471587e-06
1.4715599e-06
1.4715233e-06
1.4714738e-06
1.4714066e-06
1.4713149e-06
1.4711874e-06
1.471012e-06
1.4707359e-06
1.470413e-06
1.4694276e-06
1.4694064e-06
1.4655073e-06
1.4381308e-06
1.4011991e-06
1.3615579e-06
1.3209601e-06
1.2798454e-06
1.2383962e-06
1.4716318e-06
1.4716289e-06
1.4716227e-06
1.471613e-06
1.4716002e-06
1.4715846e-06
1.4715667e-06
1.4715466e-06
1.4715241e-06
1.4714987e-06
1.471469e-06
1.4714335e-06
1.4713902e-06
1.4713367e-06
1.4712696e-06
1.4711845e-06
1.4710748e-06
1.4709297e-06
1.4707356e-06
1.4704504e-06
1.4700688e-06
1.4692776e-06
1.4684384e-06
1.4646952e-06
1.4427806e-06
1.4138917e-06
1.3828506e-06
1.3511265e-06
1.3189102e-06
1.2862916e-06
1.4715391e-06
1.4715362e-06
1.47153e-06
1.4715202e-06
1.471507e-06
1.4714902e-06
1.47147e-06
1.4714462e-06
1.4714185e-06
1.4713863e-06
1.4713486e-06
1.4713042e-06
1.4712512e-06
1.4711873e-06
1.4711094e-06
1.4710132e-06
1.4708922e-06
1.4707361e-06
1.4705298e-06
1.4702389e-06
1.469826e-06
1.4691003e-06
1.4679783e-06
1.4643091e-06
1.4466184e-06
1.4238766e-06
1.3996508e-06
1.3748239e-06
1.3495897e-06
1.3240043e-06
1.4714427e-06
1.4714398e-06
1.4714336e-06
1.4714239e-06
1.4714105e-06
1.4713932e-06
1.471372e-06
1.4713465e-06
1.4713163e-06
1.4712808e-06
1.471239e-06
1.4711898e-06
1.4711315e-06
1.4710619e-06
1.470978e-06
1.4708756e-06
1.4707482e-06
1.4705859e-06
1.4703731e-06
1.4700776e-06
1.4696554e-06
1.4689335e-06
1.4677824e-06
1.4642883e-06
1.4499655e-06
1.4319441e-06
1.4129052e-06
1.3934306e-06
1.3736479e-06
1.353589e-06
1.4713444e-06
1.4713416e-06
1.4713354e-06
1.4713257e-06
1.4713122e-06
1.4712948e-06
1.4712732e-06
1.471247e-06
1.4712158e-06
1.4711788e-06
1.4711352e-06
1.4710838e-06
1.471023e-06
1.4709507e-06
1.4708639e-06
1.4707584e-06
1.470628e-06
1.4704626e-06
1.4702468e-06
1.4699495e-06
1.4695229e-06
1.4688128e-06
1.4676187e-06
1.4643662e-06
1.4527286e-06
1.4385138e-06
1.4235612e-06
1.4082822e-06
1.3927618e-06
1.3770208e-06
1.4712469e-06
1.4712441e-06
1.471238e-06
1.4712282e-06
1.4712148e-06
1.4711973e-06
1.4711756e-06
1.4711492e-06
1.4711176e-06
1.4710801e-06
1.4710357e-06
1.4709835e-06
1.4709217e-06
1.4708482e-06
1.4707603e-06
1.4706536e-06
1.4705219e-06
1.4703555e-06
1.4701386e-06
1.4698417e-06
1.4694132e-06
1.4687206e-06
1.4674895e-06
1.4645178e-06
1.4551218e-06
1.4439201e-06
1.4322174e-06
1.4202448e-06
1.408086e-06
1.3957572e-06
1.471154e-06
1.4711512e-06
1.4711451e-06
1.4711354e-06
1.4711219e-06
1.4711044e-06
1.4710826e-06
1.4710562e-06
1.4710244e-06
1.4709867e-06
1.4709422e-06
1.4708896e-06
1.4708275e-06
1.4707538e-06
1.4706654e-06
1.4705584e-06
1.4704265e-06
1.47026e-06
1.4700433e-06
1.4697476e-06
1.4693213e-06
1.4686393e-06
1.4674283e-06
1.4646252e-06
1.4570301e-06
1.4482045e-06
1.4390626e-06
1.4297089e-06
1.4201991e-06
1.4105536e-06
1.4007771e-06
1.4710707e-06
1.4710679e-06
1.4710619e-06
1.4710522e-06
1.4710387e-06
1.4710212e-06
1.4709994e-06
1.4709729e-06
1.4709412e-06
1.4709034e-06
1.4708588e-06
1.4708062e-06
1.470744e-06
1.4706702e-06
1.4705818e-06
1.4704748e-06
1.470343e-06
1.4701769e-06
1.4699612e-06
1.4696674e-06
1.4692462e-06
1.4685744e-06
1.4674163e-06
1.4647583e-06
1.4587659e-06
1.4518336e-06
1.4446443e-06
1.4373185e-06
1.4298863e-06
1.4223541e-06
1.4147218e-06
1.4710042e-06
1.4710015e-06
1.4709955e-06
1.4709859e-06
1.4709725e-06
1.4709549e-06
1.4709331e-06
1.4709065e-06
1.4708747e-06
1.4708369e-06
1.4707923e-06
1.4707397e-06
1.4706775e-06
1.4706037e-06
1.4705154e-06
1.4704086e-06
1.4702771e-06
1.4701117e-06
1.4698972e-06
1.4696062e-06
1.4691908e-06
1.4685345e-06
1.4674232e-06
1.4649771e-06
1.4601434e-06
1.4546981e-06
1.4490769e-06
1.4433719e-06
1.4375926e-06
1.4317375e-06
1.4258041e-06
1.4709641e-06
1.4709614e-06
1.4709555e-06
1.4709459e-06
1.4709325e-06
1.4709149e-06
1.470893e-06
1.4708664e-06
1.4708345e-06
1.4707966e-06
1.4707519e-06
1.4706992e-06
1.470637e-06
1.4705632e-06
1.4704751e-06
1.4703685e-06
1.4702375e-06
1.470073e-06
1.4698601e-06
1.4695724e-06
1.4691645e-06
1.4685271e-06
1.4674737e-06
1.4652667e-06
1.4615282e-06
1.4572581e-06
1.4528536e-06
1.448383e-06
1.4438581e-06
1.4392792e-06
1.4346447e-06
)
;

boundaryField
{
    bottom
    {
        type            nutUSpaldingWallFunction;
        Cmu             0.09;
        kappa           0.41;
        E               9.8;
        value           nonuniform List<scalar> 0();
    }
    back
    {
        type            empty;
    }
    front
    {
        type            empty;
    }
    inlet
    {
        type            calculated;
        value           nonuniform List<scalar> 
26
(
1.4724335e-06
1.472416e-06
1.4723963e-06
1.4723742e-06
1.4723493e-06
1.4723214e-06
1.4722902e-06
1.4722553e-06
1.4722164e-06
1.4721731e-06
1.472125e-06
1.4720718e-06
1.4720131e-06
1.4719487e-06
1.4718784e-06
1.471802e-06
1.4717197e-06
1.4716318e-06
1.4715391e-06
1.4714427e-06
1.4713444e-06
1.4712469e-06
1.471154e-06
1.4710707e-06
1.4710042e-06
1.4709641e-06
)
;
    }
    outlet
    {
        type            calculated;
        value           nonuniform List<scalar> 0();
    }
    top
    {
        type            calculated;
        value           nonuniform List<scalar> 0();
    }
    slipsurface
    {
        type            slip;
    }
    procBoundary5to3
    {
        type            processor;
        value           nonuniform List<scalar> 
32
(
1.4709629e-06
1.4709603e-06
1.4709544e-06
1.4709448e-06
1.4709313e-06
1.4709136e-06
1.4708915e-06
1.4708646e-06
1.4708325e-06
1.4707944e-06
1.4707496e-06
1.4706967e-06
1.4706344e-06
1.4705606e-06
1.4704726e-06
1.4703662e-06
1.4702358e-06
1.4700723e-06
1.4698614e-06
1.469578e-06
1.4691784e-06
1.4685658e-06
1.467566e-06
1.4656349e-06
1.4625672e-06
1.4592053e-06
1.4557605e-06
1.452292e-06
1.4487927e-06
1.4452537e-06
1.4299521e-06
1.4416706e-06
)
;
    }
    procBoundary5to4
    {
        type            processor;
        value           nonuniform List<scalar> 
32
(
1.4794055e-06
1.4801376e-06
1.4808669e-06
1.481595e-06
1.482322e-06
1.4830571e-06
1.4837902e-06
1.4844597e-06
1.4857943e-06
1.4856975e-06
4.1357288e-07
5.1809201e-07
9.1160333e-07
1.3109356e-06
1.589458e-06
1.7814782e-06
1.4784442e-06
1.472449e-06
1.4724551e-06
1.4725078e-06
1.4726589e-06
1.4729231e-06
1.4732929e-06
1.473752e-06
1.4742829e-06
1.4748689e-06
1.4754954e-06
1.47615e-06
1.4768225e-06
1.4775047e-06
1.4781907e-06
1.4781907e-06
)
;
    }
    procBoundary5to7
    {
        type            processor;
        value           nonuniform List<scalar> 
28
(
2.0827896e-06
2.2193776e-06
2.3272547e-06
2.3980975e-06
2.4220031e-06
2.3874954e-06
2.2820533e-06
2.0940154e-06
1.8178774e-06
1.4676134e-06
1.1020802e-06
8.179748e-07
7.0922857e-07
7.3507088e-07
8.2971279e-07
9.3903052e-07
1.0400475e-06
1.1261608e-06
1.1967482e-06
1.2533337e-06
1.2980917e-06
1.3332612e-06
1.3610626e-06
1.3832591e-06
1.3832591e-06
1.3908673e-06
1.4069866e-06
1.41979e-06
)
;
    }
}


// ************************************************************************* //
