/*--------------------------------*- C++ -*----------------------------------*\
  =========                 |
  \\      /  F ield         | OpenFOAM: The Open Source CFD Toolbox
   \\    /   O peration     | Website:  https://openfoam.org
    \\  /    A nd           | Version:  12
     \\/     M anipulation  |
\*---------------------------------------------------------------------------*/
FoamFile
{
    format      ascii;
    class       volScalarField;
    location    "1300";
    object      nuTilda;
}
// * * * * * * * * * * * * * * * * * * * * * * * * * * * * * * * * * * * * * //

dimensions      [0 2 -1 0 0 0 0];

internalField   nonuniform List<scalar> 
814
(
1.7216223e-08
1.7169397e-08
1.7123451e-08
1.7078323e-08
1.7033968e-08
1.6990336e-08
1.6947377e-08
1.6905042e-08
1.6863292e-08
1.6822091e-08
1.6781402e-08
1.6741184e-08
1.6701401e-08
1.6662026e-08
1.6623029e-08
1.6584379e-08
1.6546042e-08
1.6507993e-08
1.6470208e-08
1.6432662e-08
1.6395326e-08
1.6358174e-08
1.6321182e-08
1.6284331e-08
1.6247597e-08
1.6210953e-08
1.6174372e-08
1.6137837e-08
1.6101327e-08
1.6064816e-08
1.6028278e-08
1.5991688e-08
1.5955027e-08
1.5918271e-08
1.5881393e-08
1.5844363e-08
1.5807157e-08
5.190348e-08
5.1762332e-08
5.1623835e-08
5.1487806e-08
5.1354101e-08
5.1222578e-08
5.1093082e-08
5.0965469e-08
5.0839618e-08
5.0715422e-08
5.0592767e-08
5.0471532e-08
5.0351608e-08
5.0232912e-08
5.0115358e-08
4.9998847e-08
4.9883283e-08
4.9768583e-08
4.965468e-08
4.9541498e-08
4.942895e-08
4.9316953e-08
4.9205441e-08
4.9094353e-08
4.8983617e-08
4.8873151e-08
4.8762878e-08
4.8652741e-08
4.8542678e-08
4.8432613e-08
4.8322466e-08
4.8212164e-08
4.8101646e-08
4.7990844e-08
4.7879672e-08
4.7768039e-08
4.7655879e-08
8.7359298e-08
8.7121801e-08
8.6888762e-08
8.6659873e-08
8.6434893e-08
8.6213584e-08
8.5995683e-08
8.5780949e-08
8.5569178e-08
8.5360191e-08
8.5153796e-08
8.494979e-08
8.4747988e-08
8.4548253e-08
8.4350437e-08
8.4154375e-08
8.3959906e-08
8.376689e-08
8.3575214e-08
8.338475e-08
8.3195354e-08
8.3006883e-08
8.2819229e-08
8.2632287e-08
8.2445935e-08
8.2260039e-08
8.2074465e-08
8.1889121e-08
8.1703901e-08
8.1518677e-08
8.1333314e-08
8.1147689e-08
8.0961701e-08
8.0775234e-08
8.0588143e-08
8.0400278e-08
8.0211524e-08
1.2410895e-07
1.2377169e-07
1.2344075e-07
1.2311571e-07
1.2279621e-07
1.2248192e-07
1.2217247e-07
1.2186751e-07
1.2156676e-07
1.2126996e-07
1.2097683e-07
1.206871e-07
1.204005e-07
1.2011682e-07
1.1983587e-07
1.1955742e-07
1.1928122e-07
1.1900708e-07
1.1873484e-07
1.1846433e-07
1.1819533e-07
1.1792764e-07
1.1766111e-07
1.1739559e-07
1.1713091e-07
1.1686687e-07
1.1660329e-07
1.1634003e-07
1.1607695e-07
1.1581387e-07
1.1555058e-07
1.1528692e-07
1.1502275e-07
1.1475789e-07
1.1449214e-07
1.142253e-07
1.1395719e-07
1.6269618e-07
1.6225432e-07
1.6182074e-07
1.6139487e-07
1.6097625e-07
1.6056446e-07
1.6015899e-07
1.5975942e-07
1.5936534e-07
1.5897644e-07
1.5859235e-07
1.582127e-07
1.5783714e-07
1.5746542e-07
1.5709727e-07
1.5673237e-07
1.5637044e-07
1.5601121e-07
1.5565446e-07
1.5529996e-07
1.5494744e-07
1.5459665e-07
1.5424736e-07
1.538994e-07
1.5355253e-07
1.5320651e-07
1.5286109e-07
1.5251608e-07
1.5217131e-07
1.5182652e-07
1.5148147e-07
1.5113593e-07
1.5078971e-07
1.5044259e-07
1.5009431e-07
1.4974459e-07
1.4939321e-07
2.0369072e-07
2.0313795e-07
2.0259553e-07
2.0206274e-07
2.0153901e-07
2.0102381e-07
2.0051651e-07
2.0001657e-07
1.9952351e-07
1.990369e-07
1.9855631e-07
1.9808128e-07
1.9761135e-07
1.9714622e-07
1.9668555e-07
1.9622894e-07
1.9577604e-07
1.9532651e-07
1.9488008e-07
1.9443646e-07
1.9399532e-07
1.9355633e-07
1.9311923e-07
1.9268377e-07
1.9224968e-07
1.9181665e-07
1.9138436e-07
1.9095259e-07
1.905211e-07
1.9008959e-07
1.8965776e-07
1.8922531e-07
1.88792e-07
1.8835756e-07
1.8792167e-07
1.8748397e-07
1.8704419e-07
2.476963e-07
2.4702478e-07
2.4636582e-07
2.4571854e-07
2.4508225e-07
2.4445629e-07
2.4383993e-07
2.4323248e-07
2.4263338e-07
2.4204211e-07
2.4145813e-07
2.4088089e-07
2.4030986e-07
2.3974463e-07
2.3918481e-07
2.3862992e-07
2.3807953e-07
2.3753322e-07
2.3699067e-07
2.3645153e-07
2.359154e-07
2.3538187e-07
2.3485063e-07
2.3432138e-07
2.3379378e-07
2.3326746e-07
2.3274204e-07
2.3221725e-07
2.3169279e-07
2.311683e-07
2.3064342e-07
2.3011777e-07
2.2959107e-07
2.2906301e-07
2.2853317e-07
2.2800112e-07
2.2746654e-07
2.953595e-07
2.9455981e-07
2.9377504e-07
2.9300415e-07
2.9224631e-07
2.9150073e-07
2.9076657e-07
2.9004301e-07
2.8932935e-07
2.8862499e-07
2.8792931e-07
2.8724163e-07
2.8656133e-07
2.8588793e-07
2.8522094e-07
2.8455983e-07
2.8390405e-07
2.8325312e-07
2.8260666e-07
2.8196425e-07
2.8132541e-07
2.8068966e-07
2.8005663e-07
2.7942595e-07
2.7879724e-07
2.7817004e-07
2.775439e-07
2.769185e-07
2.7629348e-07
2.7566843e-07
2.7504289e-07
2.7441644e-07
2.7378872e-07
2.7315937e-07
2.7252789e-07
2.7189378e-07
2.7125665e-07
3.4738028e-07
3.4644131e-07
3.4551979e-07
3.4461451e-07
3.437245e-07
3.4284885e-07
3.4198655e-07
3.4113667e-07
3.4029838e-07
3.3947097e-07
3.3865372e-07
3.3784584e-07
3.370466e-07
3.3625543e-07
3.3547178e-07
3.34695e-07
3.3392446e-07
3.3315961e-07
3.3239998e-07
3.3164508e-07
3.3089437e-07
3.3014727e-07
3.2940334e-07
3.2866216e-07
3.2792328e-07
3.2718615e-07
3.2645027e-07
3.2571523e-07
3.2498063e-07
3.2424598e-07
3.2351074e-07
3.2277442e-07
3.220366e-07
3.2129684e-07
3.2055458e-07
3.1980921e-07
3.1906027e-07
4.0452547e-07
4.0343429e-07
4.0236329e-07
4.0131108e-07
4.0027652e-07
3.9925857e-07
3.9825607e-07
3.9726793e-07
3.9629322e-07
3.9533109e-07
3.9438072e-07
3.9344119e-07
3.9251167e-07
3.9159149e-07
3.9068e-07
3.8977647e-07
3.8888016e-07
3.8799044e-07
3.8710675e-07
3.8622853e-07
3.8535516e-07
3.8448596e-07
3.8362042e-07
3.8275806e-07
3.8189834e-07
3.8104065e-07
3.8018437e-07
3.7932906e-07
3.7847424e-07
3.7761934e-07
3.7676374e-07
3.7590686e-07
3.7504822e-07
3.741873e-07
3.7332345e-07
3.7245598e-07
3.7158433e-07
4.6764714e-07
4.663889e-07
4.6515377e-07
4.6394014e-07
4.6274673e-07
4.6157232e-07
4.6041563e-07
4.592754e-07
4.5815054e-07
4.5704011e-07
4.5594316e-07
4.5485865e-07
4.5378561e-07
4.5272327e-07
4.516709e-07
4.5062765e-07
4.495927e-07
4.4856528e-07
4.4754478e-07
4.4653055e-07
4.4552186e-07
4.4451795e-07
4.4351823e-07
4.4252214e-07
4.4152906e-07
4.4053829e-07
4.3954913e-07
4.3856104e-07
4.3757349e-07
4.3658581e-07
4.3559731e-07
4.3460729e-07
4.3361522e-07
4.3262049e-07
4.3162236e-07
4.3062001e-07
4.2961281e-07
5.3770663e-07
5.3626453e-07
5.3484862e-07
5.3345708e-07
5.3208846e-07
5.307414e-07
5.2941445e-07
5.2810619e-07
5.2681538e-07
5.2554096e-07
5.2428185e-07
5.2303688e-07
5.2180495e-07
5.2058517e-07
5.1937672e-07
5.1817864e-07
5.1698999e-07
5.158099e-07
5.1463766e-07
5.1347254e-07
5.1231372e-07
5.1116032e-07
5.1001166e-07
5.0886709e-07
5.0772593e-07
5.0658738e-07
5.0545062e-07
5.0431503e-07
5.0318001e-07
5.0204481e-07
5.0090861e-07
4.9977064e-07
4.9863025e-07
4.9748678e-07
4.9633936e-07
4.9518707e-07
4.9402916e-07
6.1579829e-07
6.1415414e-07
6.125393e-07
6.1095176e-07
6.0938987e-07
6.0785216e-07
6.0633702e-07
6.0484287e-07
6.0336832e-07
6.0191217e-07
6.0047323e-07
5.990502e-07
5.9764183e-07
5.9624712e-07
5.9486514e-07
5.9349485e-07
5.9213516e-07
5.9078508e-07
5.8944383e-07
5.8811057e-07
5.8678438e-07
5.8546428e-07
5.8414946e-07
5.8283922e-07
5.8153276e-07
5.802292e-07
5.7892759e-07
5.7762724e-07
5.7632744e-07
5.7502736e-07
5.7372606e-07
5.7242266e-07
5.7111642e-07
5.6980658e-07
5.6849217e-07
5.6717211e-07
5.6584557e-07
7.0315278e-07
7.0128905e-07
6.994575e-07
6.9765597e-07
6.9588266e-07
6.9413598e-07
6.9241421e-07
6.9071561e-07
6.8903866e-07
6.8738205e-07
6.8574447e-07
6.8412451e-07
6.8252079e-07
6.8093217e-07
6.7935764e-07
6.7779606e-07
6.7624621e-07
6.7470701e-07
6.7317753e-07
6.7165689e-07
6.7014404e-07
6.6863789e-07
6.6713752e-07
6.6564215e-07
6.6415088e-07
6.6266271e-07
6.611766e-07
6.5969172e-07
6.5820731e-07
6.5672241e-07
6.5523598e-07
6.5374701e-07
6.5225465e-07
6.5075804e-07
6.4925609e-07
6.4774758e-07
6.4623154e-07
8.0108773e-07
7.9899198e-07
7.969305e-07
7.9490105e-07
7.9290176e-07
7.9093099e-07
7.8898696e-07
7.8706784e-07
7.85172e-07
7.8329804e-07
7.8144459e-07
7.7961016e-07
7.7779322e-07
7.7599258e-07
7.7420712e-07
7.7243563e-07
7.7067678e-07
7.6892937e-07
7.671924e-07
7.6546489e-07
7.6374571e-07
7.6203365e-07
7.6032768e-07
7.5862692e-07
7.5693041e-07
7.5523702e-07
7.535456e-07
7.5185521e-07
7.5016499e-07
7.4847389e-07
7.4678073e-07
7.4508437e-07
7.4338385e-07
7.4167822e-07
7.3996623e-07
7.3824653e-07
7.3651799e-07
9.1090652e-07
9.0857716e-07
9.0628262e-07
9.0402073e-07
9.0178965e-07
8.9958782e-07
8.9741349e-07
8.9526482e-07
8.9314017e-07
8.9103811e-07
8.8895729e-07
8.8689616e-07
8.8485314e-07
8.8282695e-07
8.8081648e-07
8.7882045e-07
8.7683746e-07
8.7486622e-07
8.7290566e-07
8.7095474e-07
8.6901227e-07
8.6707693e-07
8.6514758e-07
8.6322329e-07
8.61303e-07
8.5938551e-07
8.5746951e-07
8.5555399e-07
8.5363798e-07
8.5172034e-07
8.4979976e-07
8.4787496e-07
8.4594488e-07
8.4400843e-07
8.4206426e-07
8.4011082e-07
8.3814684e-07
1.0338337e-06
1.0312837e-06
1.0287667e-06
1.0262807e-06
1.0238243e-06
1.0213959e-06
1.0189941e-06
1.0166171e-06
1.0142635e-06
1.0119318e-06
1.0096208e-06
1.0073291e-06
1.005055e-06
1.0027972e-06
1.0005548e-06
9.9832637e-07
9.9611055e-07
9.93906e-07
9.9171161e-07
9.8952634e-07
9.8734894e-07
9.8517803e-07
9.830124e-07
9.8085105e-07
9.7869288e-07
9.765366e-07
9.743808e-07
9.7222436e-07
9.7006625e-07
9.6790525e-07
9.657399e-07
9.6356881e-07
9.6139078e-07
9.5920463e-07
9.5700887e-07
9.5480178e-07
9.5258192e-07
1.1710817e-06
1.1683389e-06
1.165624e-06
1.1629356e-06
1.1602725e-06
1.1576339e-06
1.1550185e-06
1.152425e-06
1.1498521e-06
1.1472986e-06
1.1447636e-06
1.1422457e-06
1.1397435e-06
1.1372558e-06
1.1347816e-06
1.1323197e-06
1.1298689e-06
1.1274278e-06
1.1249952e-06
1.1225703e-06
1.1201517e-06
1.1177381e-06
1.1153282e-06
1.1129209e-06
1.1105152e-06
1.1081098e-06
1.1057031e-06
1.1032939e-06
1.1008811e-06
1.0984635e-06
1.0960396e-06
1.0936076e-06
1.0911665e-06
1.0887148e-06
1.086251e-06
1.0837732e-06
1.0812798e-06
1.3239933e-06
1.3211011e-06
1.3182273e-06
1.3153715e-06
1.3125331e-06
1.3097121e-06
1.3069079e-06
1.3041197e-06
1.3013467e-06
1.2985882e-06
1.2958434e-06
1.2931115e-06
1.2903914e-06
1.2876819e-06
1.2849824e-06
1.282292e-06
1.2796094e-06
1.2769335e-06
1.2742631e-06
1.2715976e-06
1.2689356e-06
1.2662758e-06
1.2636171e-06
1.2609583e-06
1.2582985e-06
1.2556362e-06
1.25297e-06
1.2502985e-06
1.2476207e-06
1.2449352e-06
1.2422405e-06
1.2395348e-06
1.2368168e-06
1.234085e-06
1.2313379e-06
1.2285732e-06
1.2257893e-06
1.4941344e-06
1.4911554e-06
1.4881795e-06
1.4852077e-06
1.4822407e-06
1.4792795e-06
1.4763246e-06
1.473376e-06
1.4704335e-06
1.4674971e-06
1.4645668e-06
1.4616422e-06
1.4587227e-06
1.4558075e-06
1.4528963e-06
1.4499887e-06
1.4470836e-06
1.4441801e-06
1.4412774e-06
1.4383748e-06
1.4354714e-06
1.4325658e-06
1.4296571e-06
1.4267441e-06
1.4238261e-06
1.4209016e-06
1.4179692e-06
1.4150275e-06
1.4120756e-06
1.409112e-06
1.4061351e-06
1.4031432e-06
1.4001347e-06
1.3971083e-06
1.3940622e-06
1.3909942e-06
1.3879022e-06
1.6832958e-06
1.6803187e-06
1.6773222e-06
1.6743092e-06
1.6712819e-06
1.668243e-06
1.6651943e-06
1.662137e-06
1.659072e-06
1.6560005e-06
1.6529231e-06
1.6498405e-06
1.6467524e-06
1.6436591e-06
1.6405607e-06
1.6374571e-06
1.6343481e-06
1.6312328e-06
1.628111e-06
1.6249822e-06
1.6218459e-06
1.618701e-06
1.6155466e-06
1.6123818e-06
1.609206e-06
1.606018e-06
1.6028163e-06
1.5995997e-06
1.5963673e-06
1.5931176e-06
1.5898492e-06
1.5865601e-06
1.5832489e-06
1.5799141e-06
1.5765539e-06
1.5731659e-06
1.5697481e-06
1.893437e-06
1.8905873e-06
1.8876861e-06
1.8847389e-06
1.8817502e-06
1.8787247e-06
1.8756661e-06
1.8725775e-06
1.8694613e-06
1.8663198e-06
1.8631552e-06
1.859969e-06
1.8567624e-06
1.8535361e-06
1.8502913e-06
1.8470289e-06
1.8437489e-06
1.8404515e-06
1.8371366e-06
1.8338046e-06
1.8304552e-06
1.8270877e-06
1.8237017e-06
1.8202965e-06
1.8168718e-06
1.8134266e-06
1.8099597e-06
1.80647e-06
1.8029565e-06
1.7994183e-06
1.7958538e-06
1.792261e-06
1.7886385e-06
1.784985e-06
1.7812986e-06
1.7775768e-06
1.7738174e-06
)
;

boundaryField
{
    bottom
    {
        type            fixedValue;
        value           uniform 0;
    }
    back
    {
        type            empty;
    }
    front
    {
        type            empty;
    }
    inlet
    {
        type            zeroGradient;
    }
    outlet
    {
        type            zeroGradient;
    }
    top
    {
        type            zeroGradient;
    }
    slipsurface
    {
        type            slip;
    }
    procBoundary8to6
    {
        type            processor;
        value           nonuniform List<scalar> 
22
(
1.7263995e-08
5.204748e-08
8.7601592e-08
1.2445302e-07
1.6314696e-07
2.0425463e-07
2.4838131e-07
2.9617521e-07
3.48338e-07
4.0563831e-07
4.6893016e-07
5.3917678e-07
6.1747377e-07
7.0505085e-07
8.0321995e-07
9.1327276e-07
1.0364184e-06
1.1738532e-06
1.3269037e-06
1.497115e-06
1.6862497e-06
1.8962285e-06
)
;
    }
    procBoundary8to9
    {
        type            processor;
        value           nonuniform List<scalar> 
37
(
2.1266072e-06
2.1240594e-06
2.1214161e-06
2.1186859e-06
2.1158766e-06
2.1129953e-06
2.1100487e-06
2.1070418e-06
2.1039792e-06
2.1008651e-06
2.0977033e-06
2.0944971e-06
2.0912489e-06
2.0879609e-06
2.0846352e-06
2.0812739e-06
2.0778781e-06
2.0744487e-06
2.0709866e-06
2.0674926e-06
2.0639674e-06
2.0604108e-06
2.0568227e-06
2.0532032e-06
2.0495522e-06
2.0458692e-06
2.0421533e-06
2.0384036e-06
2.0346195e-06
2.0308002e-06
2.0269442e-06
2.0230498e-06
2.0191156e-06
2.0151403e-06
2.0111222e-06
2.0070587e-06
2.0029475e-06
)
;
    }
    procBoundary8to10
    {
        type            processor;
        value           nonuniform List<scalar> 
22
(
1.5769752e-08
4.7543119e-08
8.0021759e-08
1.1368764e-07
1.4903994e-07
1.8660204e-07
2.2692908e-07
2.7061607e-07
3.1830727e-07
3.7070794e-07
4.2860012e-07
4.928649e-07
5.645117e-07
6.4470701e-07
7.3477953e-07
8.3617112e-07
9.5034795e-07
1.0787692e-06
1.2229845e-06
1.3847846e-06
1.5662986e-06
1.7700184e-06
)
;
    }
}


// ************************************************************************* //
