/*--------------------------------*- C++ -*----------------------------------*\
  =========                 |
  \\      /  F ield         | OpenFOAM: The Open Source CFD Toolbox
   \\    /   O peration     | Website:  https://openfoam.org
    \\  /    A nd           | Version:  12
     \\/     M anipulation  |
\*---------------------------------------------------------------------------*/
FoamFile
{
    format      ascii;
    class       volScalarField;
    location    "1200";
    object      nut;
}
// * * * * * * * * * * * * * * * * * * * * * * * * * * * * * * * * * * * * * //

dimensions      [0 2 -1 0 0 0 0];

internalField   nonuniform List<scalar> 
471
(
1.6884969e-07
1.6864741e-07
1.6844214e-07
1.6823389e-07
1.6802268e-07
1.6780852e-07
1.6759142e-07
1.6737139e-07
1.6714846e-07
1.6692263e-07
1.6669393e-07
1.6646237e-07
1.6622797e-07
1.6599076e-07
1.6575076e-07
1.65508e-07
1.6526249e-07
1.6501427e-07
1.6884975e-07
1.6864747e-07
1.684422e-07
1.6823396e-07
1.6802275e-07
1.6780859e-07
1.6759149e-07
1.6737146e-07
1.6714853e-07
1.669227e-07
1.66694e-07
1.6646244e-07
1.6622804e-07
1.6599083e-07
1.6575082e-07
1.6550805e-07
1.6526254e-07
1.6501432e-07
1.6884982e-07
1.6864755e-07
1.6844228e-07
1.6823404e-07
1.6802283e-07
1.6780867e-07
1.6759158e-07
1.6737155e-07
1.6714862e-07
1.6692279e-07
1.6669408e-07
1.6646252e-07
1.6622812e-07
1.659909e-07
1.657509e-07
1.6550812e-07
1.6526261e-07
1.6501438e-07
1.688499e-07
1.6864763e-07
1.6844236e-07
1.6823413e-07
1.6802292e-07
1.6780877e-07
1.6759167e-07
1.6737165e-07
1.6714871e-07
1.6692288e-07
1.6669417e-07
1.6646261e-07
1.6622821e-07
1.6599099e-07
1.6575098e-07
1.655082e-07
1.6526268e-07
1.6501445e-07
1.6884998e-07
1.6864771e-07
1.6844246e-07
1.6823422e-07
1.6802302e-07
1.6780887e-07
1.6759177e-07
1.6737175e-07
1.6714881e-07
1.6692298e-07
1.6669427e-07
1.6646271e-07
1.662283e-07
1.6599108e-07
1.6575107e-07
1.6550829e-07
1.6526277e-07
1.6501453e-07
1.6885007e-07
1.686478e-07
1.6844255e-07
1.6823432e-07
1.6802313e-07
1.6780898e-07
1.6759188e-07
1.6737186e-07
1.6714893e-07
1.6692309e-07
1.6669438e-07
1.6646282e-07
1.6622841e-07
1.6599119e-07
1.6575117e-07
1.6550839e-07
1.6526286e-07
1.6501462e-07
1.6885016e-07
1.686479e-07
1.6844265e-07
1.6823443e-07
1.6802324e-07
1.6780909e-07
1.67592e-07
1.6737198e-07
1.6714904e-07
1.6692321e-07
1.666945e-07
1.6646293e-07
1.6622852e-07
1.659913e-07
1.6575128e-07
1.6550849e-07
1.6526296e-07
1.6501472e-07
1.6885025e-07
1.68648e-07
1.6844276e-07
1.6823454e-07
1.6802335e-07
1.6780921e-07
1.6759212e-07
1.673721e-07
1.6714917e-07
1.6692333e-07
1.6669462e-07
1.6646305e-07
1.6622864e-07
1.6599141e-07
1.6575139e-07
1.655086e-07
1.6526307e-07
1.6501482e-07
1.6885035e-07
1.6864811e-07
1.6844287e-07
1.6823465e-07
1.6802347e-07
1.6780933e-07
1.6759224e-07
1.6737223e-07
1.6714929e-07
1.6692346e-07
1.6669475e-07
1.6646318e-07
1.6622877e-07
1.6599154e-07
1.6575151e-07
1.6550872e-07
1.6526318e-07
1.6501493e-07
1.6885045e-07
1.6864821e-07
1.6844298e-07
1.6823477e-07
1.6802359e-07
1.6780945e-07
1.6759237e-07
1.6737236e-07
1.6714942e-07
1.6692359e-07
1.6669488e-07
1.6646331e-07
1.662289e-07
1.6599166e-07
1.6575164e-07
1.6550884e-07
1.652633e-07
1.6501505e-07
1.6885056e-07
1.6864832e-07
1.684431e-07
1.6823489e-07
1.6802372e-07
1.6780958e-07
1.675925e-07
1.6737249e-07
1.6714956e-07
1.6692373e-07
1.6669502e-07
1.6646344e-07
1.6622903e-07
1.659918e-07
1.6575177e-07
1.6550897e-07
1.6526343e-07
1.6501517e-07
1.6885066e-07
1.6864843e-07
1.6844321e-07
1.6823502e-07
1.6802384e-07
1.6780971e-07
1.6759264e-07
1.6737263e-07
1.671497e-07
1.6692387e-07
1.6669516e-07
1.6646358e-07
1.6622917e-07
1.6599193e-07
1.657519e-07
1.655091e-07
1.6526355e-07
1.6501529e-07
1.6885077e-07
1.6864855e-07
1.6844333e-07
1.6823514e-07
1.6802397e-07
1.6780985e-07
1.6759277e-07
1.6737277e-07
1.6714984e-07
1.6692401e-07
1.666953e-07
1.6646372e-07
1.6622931e-07
1.6599207e-07
1.6575204e-07
1.6550923e-07
1.6526368e-07
1.6501542e-07
1.6885088e-07
1.6864866e-07
1.6844346e-07
1.6823527e-07
1.6802411e-07
1.6780998e-07
1.6759291e-07
1.6737291e-07
1.6714998e-07
1.6692415e-07
1.6669544e-07
1.6646387e-07
1.6622945e-07
1.6599221e-07
1.6575218e-07
1.6550937e-07
1.6526382e-07
1.6501555e-07
1.6885099e-07
1.6864878e-07
1.6844358e-07
1.6823539e-07
1.6802424e-07
1.6781012e-07
1.6759305e-07
1.6737305e-07
1.6715013e-07
1.669243e-07
1.6669559e-07
1.6646402e-07
1.662296e-07
1.6599236e-07
1.6575232e-07
1.6550951e-07
1.6526396e-07
1.6501568e-07
1.688511e-07
1.686489e-07
1.684437e-07
1.6823552e-07
1.6802437e-07
1.6781026e-07
1.6759319e-07
1.6737319e-07
1.6715027e-07
1.6692445e-07
1.6669574e-07
1.6646416e-07
1.6622975e-07
1.659925e-07
1.6575247e-07
1.6550965e-07
1.652641e-07
1.6501582e-07
1.6885122e-07
1.6864902e-07
1.6844383e-07
1.6823565e-07
1.6802451e-07
1.678104e-07
1.6759334e-07
1.6737334e-07
1.6715042e-07
1.669246e-07
1.6669589e-07
1.6646431e-07
1.6622989e-07
1.6599265e-07
1.6575261e-07
1.655098e-07
1.6526424e-07
1.6501596e-07
1.7134348e-07
1.7043773e-07
1.6980626e-07
1.6936254e-07
1.69049e-07
1.890141e-07
1.8197168e-07
1.7749696e-07
1.745911e-07
1.7265703e-07
1.7134349e-07
1.7043776e-07
1.698063e-07
1.6936259e-07
1.6904906e-07
1.890141e-07
1.8197168e-07
1.7749697e-07
1.745911e-07
1.7265704e-07
1.7134351e-07
1.7043779e-07
1.6980635e-07
1.6936265e-07
1.6904912e-07
1.890141e-07
1.8197168e-07
1.7749697e-07
1.7459111e-07
1.7265705e-07
1.7134353e-07
1.7043782e-07
1.698064e-07
1.6936272e-07
1.6904919e-07
1.890141e-07
1.8197168e-07
1.7749697e-07
1.7459111e-07
1.7265706e-07
1.7134356e-07
1.7043786e-07
1.6980645e-07
1.6936278e-07
1.6904927e-07
1.890141e-07
1.8197168e-07
1.7749697e-07
1.7459112e-07
1.7265708e-07
1.7134358e-07
1.704379e-07
1.6980651e-07
1.6936285e-07
1.6904935e-07
1.890141e-07
1.8197168e-07
1.7749698e-07
1.7459113e-07
1.7265709e-07
1.7134361e-07
1.7043794e-07
1.6980657e-07
1.6936293e-07
1.6904944e-07
1.890141e-07
1.8197169e-07
1.7749698e-07
1.7459113e-07
1.7265711e-07
1.7134364e-07
1.7043799e-07
1.6980663e-07
1.6936301e-07
1.6904952e-07
1.890141e-07
1.8197169e-07
1.7749698e-07
1.7459114e-07
1.7265713e-07
1.7134367e-07
1.7043804e-07
1.698067e-07
1.6936309e-07
1.6904961e-07
1.890141e-07
1.8197169e-07
1.7749699e-07
1.7459115e-07
1.7265714e-07
1.713437e-07
1.7043809e-07
1.6980677e-07
1.6936317e-07
1.6904971e-07
1.890141e-07
1.8197169e-07
1.7749699e-07
1.7459116e-07
1.7265716e-07
1.7134374e-07
1.7043814e-07
1.6980684e-07
1.6936326e-07
1.6904981e-07
1.890141e-07
1.819717e-07
1.77497e-07
1.7459117e-07
1.7265719e-07
1.7134377e-07
1.704382e-07
1.6980691e-07
1.6936334e-07
1.690499e-07
1.890141e-07
1.819717e-07
1.77497e-07
1.7459118e-07
1.7265721e-07
1.7134381e-07
1.7043826e-07
1.6980699e-07
1.6936344e-07
1.6905001e-07
1.890141e-07
1.819717e-07
1.7749701e-07
1.7459119e-07
1.7265723e-07
1.7134385e-07
1.7043832e-07
1.6980707e-07
1.6936353e-07
1.6905011e-07
1.890141e-07
1.8197171e-07
1.7749701e-07
1.7459121e-07
1.7265726e-07
1.713439e-07
1.7043838e-07
1.6980715e-07
1.6936362e-07
1.6905021e-07
1.890141e-07
1.8197171e-07
1.7749702e-07
1.7459122e-07
1.7265729e-07
1.7134394e-07
1.7043845e-07
1.6980723e-07
1.6936372e-07
1.6905032e-07
1.890141e-07
1.8197172e-07
1.7749703e-07
1.7459123e-07
1.7265731e-07
1.7134399e-07
1.7043851e-07
1.6980732e-07
1.6936382e-07
1.6905043e-07
)
;

boundaryField
{
    inlet
    {
        type            calculated;
        value           uniform 2e-07;
    }
    top
    {
        type            calculated;
        value           nonuniform List<scalar> 0();
    }
    outlet
    {
        type            calculated;
        value           nonuniform List<scalar> 0();
    }
    slipsurface
    {
        type            slip;
    }
    bottom
    {
        type            nutUSpaldingWallFunction;
        Cmu             0.09;
        kappa           0.41;
        E               9.8;
        value           nonuniform List<scalar> 0();
    }
    frontandback
    {
        type            empty;
    }
    procBoundary6to2
    {
        type            processor;
        value           nonuniform List<scalar> 
28
(
1.6885133e-07
1.6864914e-07
1.6844395e-07
1.6823578e-07
1.6802464e-07
1.6781054e-07
1.6759348e-07
1.6737348e-07
1.6715057e-07
1.6692475e-07
1.6669604e-07
1.6646447e-07
1.6623005e-07
1.659928e-07
1.6575276e-07
1.6550994e-07
1.6526438e-07
1.650161e-07
1.890141e-07
1.8197172e-07
1.7749703e-07
1.7459125e-07
1.7265734e-07
1.7134404e-07
1.7043858e-07
1.698074e-07
1.6936392e-07
1.6905054e-07
)
;
    }
    procBoundary6to4
    {
        type            processor;
        value           nonuniform List<scalar> 
17
(
1.6476336e-07
1.6476341e-07
1.6476347e-07
1.6476353e-07
1.6476361e-07
1.6476369e-07
1.6476379e-07
1.6476389e-07
1.6476399e-07
1.647641e-07
1.6476422e-07
1.6476434e-07
1.6476446e-07
1.6476459e-07
1.6476472e-07
1.6476485e-07
1.6476499e-07
)
;
    }
    procBoundary6to7
    {
        type            processor;
        value           nonuniform List<scalar> 
29
(
1.6884964e-07
1.6864735e-07
1.6844208e-07
1.6823383e-07
1.6802262e-07
1.6780845e-07
1.6759135e-07
1.6737133e-07
1.6714839e-07
1.6692257e-07
1.6669387e-07
1.6646231e-07
1.6622792e-07
1.6599071e-07
1.6575071e-07
1.6550795e-07
1.6526245e-07
1.6501423e-07
1.7134346e-07
1.704377e-07
1.6980622e-07
1.6936249e-07
1.6904894e-07
1.890141e-07
1.8197168e-07
1.7749696e-07
1.7459109e-07
1.7265702e-07
1.7265702e-07
)
;
    }
}


// ************************************************************************* //
