/*--------------------------------*- C++ -*----------------------------------*\
  =========                 |
  \\      /  F ield         | OpenFOAM: The Open Source CFD Toolbox
   \\    /   O peration     | Website:  https://openfoam.org
    \\  /    A nd           | Version:  12
     \\/     M anipulation  |
\*---------------------------------------------------------------------------*/
FoamFile
{
    format      ascii;
    class       volScalarField;
    location    "1200";
    object      nut;
}
// * * * * * * * * * * * * * * * * * * * * * * * * * * * * * * * * * * * * * //

dimensions      [0 2 -1 0 0 0 0];

internalField   nonuniform List<scalar> 
468
(
0.00042039718
0.00041990446
0.00041940509
0.0004188989
0.00041838569
0.00041786525
0.00041733739
0.00041680187
0.00041625849
0.00043250256
0.00043200666
0.00043150429
0.00043099527
0.0004304794
0.00042995649
0.00042942633
0.00042888872
0.00042834343
0.00042779023
0.0004272289
0.00042665924
0.00042608101
0.00042549395
0.00042489782
0.00042429235
0.00042367729
0.00042305237
0.00042241731
0.00042177184
0.00042111565
0.00042044847
0.00041976998
0.00041907988
0.00041837785
0.00041766357
0.0004169367
0.00044712919
0.00044662955
0.00044612367
0.00044561136
0.00044509243
0.0004445667
0.00044403395
0.000443494
0.00044294662
0.0004423916
0.00044182872
0.00044125775
0.00044067847
0.00044009063
0.000439494
0.00043888832
0.00043827335
0.00043764881
0.00043701443
0.00043636995
0.00043571508
0.00043504953
0.000434373
0.00043368519
0.00043298579
0.00043227447
0.00043155092
0.00046444894
0.00046394494
0.00046343499
0.00046291892
0.00046239653
0.00046186764
0.00046133206
0.00046078958
0.00046024001
0.00045968312
0.00045911872
0.00045854658
0.00045796647
0.00045737816
0.00045678142
0.00045617601
0.00045556167
0.00045493816
0.0004543052
0.00045366254
0.0004530099
0.00045234699
0.00045167353
0.00045098922
0.00045029376
0.00044958684
0.00044886813
0.00048446841
0.00048395924
0.00048344451
0.00048292406
0.0004823977
0.00048186525
0.00048132653
0.00048078134
0.00048022949
0.00047967078
0.00047910499
0.00047853192
0.00047795136
0.00047736307
0.00047676684
0.00047616242
0.00047554958
0.00047492808
0.00047429766
0.00047365806
0.00047300902
0.00047235027
0.00047168153
0.00047100251
0.00047031292
0.00046961246
0.00046890082
0.00050691985
0.00050640428
0.00050588368
0.00050535789
0.00050482673
0.00050429004
0.00050374763
0.00050319933
0.00050264494
0.00050208429
0.00050151716
0.00050094337
0.0005003627
0.00049977495
0.0004991799
0.00049857733
0.00049796701
0.00049734871
0.00049672219
0.00049608721
0.00049544351
0.00049479083
0.00049412892
0.0004934575
0.00049277628
0.00049208499
0.00049138333
0.00053113403
0.00053061023
0.00053008208
0.00052954942
0.0005290121
0.00052846995
0.00052792282
0.00052737053
0.00052681291
0.00052624979
0.00052568098
0.00052510631
0.00052452557
0.00052393859
0.00052334515
0.00052274506
0.0005221381
0.00052152407
0.00052090273
0.00052027386
0.00051963724
0.00051899262
0.00051833975
0.00051767839
0.00051700827
0.00051632913
0.00051564071
0.00055593002
0.00055539559
0.00055485762
0.00055431599
0.00055377056
0.00055322118
0.0005526677
0.00055210998
0.00055154787
0.0005509812
0.00055040981
0.00054983355
0.00054925224
0.00054866572
0.00054807379
0.0005474763
0.00054687303
0.00054626382
0.00054564846
0.00054502674
0.00054439847
0.00054376343
0.00054312141
0.00054247217
0.0005418155
0.00054115114
0.00054047887
0.0005796043
0.00057905654
0.00057850622
0.0005779532
0.00057739737
0.00057683862
0.0005762768
0.0005757118
0.00057514348
0.0005745717
0.00057399634
0.00057341725
0.00057283429
0.00057224732
0.00057165618
0.00057106072
0.00057046078
0.00056985621
0.00056924684
0.0005686325
0.00056801302
0.00056738821
0.0005667579
0.00056612189
0.00056548
0.00056483201
0.00056417774
0.00060014721
0.000599584
0.00059901924
0.00059845283
0.00059788466
0.00059731465
0.00059674268
0.00059616864
0.00059559244
0.00059501396
0.00059443309
0.00059384972
0.00059326373
0.00059267501
0.00059208344
0.00059148889
0.00059089125
0.00059029037
0.00058968614
0.00058907842
0.00058846707
0.00058785195
0.00058723291
0.00058660981
0.0005859825
0.00058535081
0.00058471459
0.00061580096
0.00061522192
0.00061464229
0.00061406199
0.00061348093
0.00061289904
0.00061231623
0.00061173242
0.00061114752
0.00061056144
0.00060997411
0.00060938543
0.00060879532
0.00060820368
0.00060761043
0.00060701547
0.00060641871
0.00060582005
0.00060521939
0.00060461664
0.00060401169
0.00060340443
0.00060279477
0.00060218259
0.00060156778
0.00060095022
0.0006003298
0.00062585526
0.00062526278
0.00062467045
0.00062407822
0.00062348603
0.0006228938
0.00062230147
0.00062170897
0.00062111624
0.0006205232
0.00061992979
0.00061933595
0.0006187416
0.00061814668
0.00061755112
0.00061695484
0.00061635778
0.00061575987
0.00061516104
0.0006145612
0.0006139603
0.00061335824
0.00061275497
0.0006121504
0.00061154444
0.00061093703
0.00061032808
0.00063114928
0.00063054801
0.00062994736
0.00062934728
0.00062874772
0.00062814861
0.0006275499
0.00062695153
0.00062635344
0.00062575559
0.0006251579
0.00062456034
0.00062396283
0.00062336533
0.00062276778
0.00062217012
0.00062157231
0.00062097427
0.00062037597
0.00061977733
0.00061917831
0.00061857884
0.00061797888
0.00061737836
0.00061677722
0.00061617541
0.00061557287
0.00063355065
0.00063294517
0.00063234052
0.00063173665
0.00063113351
0.00063053104
0.0006299292
0.00062932792
0.00062872716
0.00062812686
0.00062752698
0.00062692746
0.00062632825
0.00062572931
0.00062513057
0.000624532
0.00062393355
0.00062333516
0.00062273678
0.00062213838
0.00062153989
0.00062094127
0.00062034247
0.00061974344
0.00061914413
0.0006185445
0.00061794449
0.00063470772
0.00063410068
0.00063349455
0.00063288927
0.00063228479
0.00063168106
0.00063107803
0.00063047564
0.00062987384
0.00062927259
0.00062867184
0.00062807153
0.00062747162
0.00062687205
0.00062627279
0.00062567378
0.00062507498
0.00062447634
0.00062387781
0.00062327935
0.00062268091
0.00062208245
0.00062148391
0.00062088525
0.00062028644
0.00061968741
0.00061908813
0.00063543289
0.00063482523
0.00063421849
0.00063361263
0.00063300759
0.00063240332
0.00063179978
0.00063119691
0.00063059467
0.00062999299
0.00062939184
0.00062879117
0.00062819092
0.00062759106
0.00062699152
0.00062639227
0.00062579326
0.00062519444
0.00062459577
0.00062399719
0.00062339867
0.00062280016
0.00062220161
0.00062160298
0.00062100421
0.00062040526
0.00061980609
0.00063599912
0.00063539114
0.00063478409
0.00063417793
0.00063357261
0.00063296807
0.00063236427
0.00063176116
0.00063115868
0.00063055679
0.00062995543
0.00062935457
0.00062875415
0.00062815412
0.00062755443
0.00062695505
0.00062635591
0.00062575698
0.00062515821
0.00062455954
0.00062396094
0.00062336236
0.00062276375
0.00062216508
0.00062156629
0.00062096734
0.0006203682
0.00063658839
0.00063598003
0.0006353726
0.00063476606
0.00063416036
0.00063355545
0.00063295127
0.00063234778
0.00063174493
0.00063114266
0.00063054092
0.00062993968
0.00062933888
0.00062873848
0.00062813842
0.00062753867
0.00062693917
0.00062633989
0.00062574078
0.00062514178
0.00062454287
0.00062394399
0.0006233451
0.00062274616
0.00062214711
0.00062154792
0.00062094855
)
;

boundaryField
{
    inlet
    {
        type            calculated;
        value           nonuniform List<scalar> 0();
    }
    top
    {
        type            calculated;
        value           nonuniform List<scalar> 
27
(
0.00063658839
0.00063598003
0.0006353726
0.00063476606
0.00063416036
0.00063355545
0.00063295127
0.00063234778
0.00063174493
0.00063114266
0.00063054092
0.00062993968
0.00062933888
0.00062873848
0.00062813842
0.00062753867
0.00062693917
0.00062633989
0.00062574078
0.00062514178
0.00062454287
0.00062394399
0.0006233451
0.00062274616
0.00062214711
0.00062154792
0.00062094855
)
;
    }
    outlet
    {
        type            calculated;
        value           nonuniform List<scalar> 0();
    }
    slipsurface
    {
        type            slip;
    }
    bottom
    {
        type            nutkWallFunction;
        Cmu             0.09;
        kappa           0.41;
        E               9.8;
        value           nonuniform List<scalar> 0();
    }
    frontandback
    {
        type            empty;
    }
    procBoundary3to0
    {
        type            processor;
        value           nonuniform List<scalar> 
17
(
0.00041619682
0.00043081482
0.00044813735
0.00046817772
0.00049067103
0.00051494273
0.00053979845
0.00056351699
0.00058407371
0.00059970643
0.00060971753
0.00061496956
0.00061734409
0.00061848858
0.00061920669
0.00061976884
0.00062034898
)
;
    }
    procBoundary3to2
    {
        type            processor;
        value           nonuniform List<scalar> 
28
(
0.00041006787
0.00040957796
0.00040908125
0.00040857758
0.00040806673
0.00040754851
0.0004070227
0.00040648908
0.00040594743
0.00041570697
0.00041570697
0.00041514715
0.00041457879
0.00041400164
0.00041341544
0.00041281996
0.00041221492
0.00041160005
0.00041097509
0.00041033976
0.00040969377
0.00040903683
0.00040836864
0.00040768889
0.00040699726
0.00040629344
0.0004055771
0.0004048479
)
;
    }
    procBoundary3to12
    {
        type            processor;
        value           nonuniform List<scalar> 2(0.00042088342 0.00043299216);
    }
    procBoundary3to13
    {
        type            processor;
        value           nonuniform List<scalar> 
16
(
0.00044762275
0.00046494715
0.00048497218
0.00050743053
0.0005316536
0.00055646104
0.00058014957
0.00060070893
0.00061637945
0.00062644794
0.0006317512
0.00063415698
0.00063531567
0.0006360415
0.00063660806
0.00063719772
)
;
    }
}


// ************************************************************************* //
