/*--------------------------------*- C++ -*----------------------------------*\
  =========                 |
  \\      /  F ield         | OpenFOAM: The Open Source CFD Toolbox
   \\    /   O peration     | Website:  https://openfoam.org
    \\  /    A nd           | Version:  12
     \\/     M anipulation  |
\*---------------------------------------------------------------------------*/
FoamFile
{
    format      ascii;
    class       volVectorField;
    location    "400";
    object      U;
}
// * * * * * * * * * * * * * * * * * * * * * * * * * * * * * * * * * * * * * //

dimensions      [0 1 -1 0 0 0 0];

internalField   nonuniform List<vector> 
816
(
(1 1.8712429e-08 0)
(0.99998995 5.8406559e-08 0)
(0.99996891 9.3736778e-08 0)
(0.99994198 1.2539007e-07 0)
(0.99990995 1.6402137e-07 0)
(0.99987299 2.1203691e-07 0)
(0.99983109 2.7212379e-07 0)
(0.99978403 3.4823551e-07 0)
(0.99973137 4.4549e-07 0)
(0.9996725 5.7042981e-07 0)
(0.99960661 7.316966e-07 0)
(0.99953268 9.4135949e-07 0)
(0.99944931 1.2155186e-06 0)
(0.99935477 1.5799211e-06 0)
(0.99924631 2.0651996e-06 0)
(0.999121 2.743869e-06 0)
(0.99897176 3.6565029e-06 0)
(0.99879538 5.1246473e-06 0)
(0.99856438 6.966318e-06 0)
(0.99829448 1.1250212e-05 0)
(0.99783082 1.5647826e-05 0)
(0.99736443 4.2220962e-05 0)
(0.9954918 3.5822693e-05 0)
(0.99556525 0.0042620806 0)
(0.99257009 0.007330667 0)
(0.96564559 0.0051173614 0)
(0.90838686 0.0034305928 0)
(0.84053034 0.0023200625 0)
(0.77670244 0.0016337611 0)
(0.7220446 0.0012156071 0)
(0.67640126 0.0009483338 0)
(0.63805925 0.00076659476 0)
(0.60536623 0.00063598826 0)
(0.5770824 0.0005378713 0)
(1 2.1549442e-08 0)
(0.99998987 6.8046656e-08 0)
(0.99996839 1.104693e-07 0)
(0.9999406 1.4880644e-07 0)
(0.99990734 1.9517142e-07 0)
(0.99986882 2.5244208e-07 0)
(0.99982507 3.2378218e-07 0)
(0.99977591 4.137644e-07 0)
(0.99972092 5.2830321e-07 0)
(0.99965954 6.749331e-07 0)
(0.99959097 8.6358335e-07 0)
(0.9995142 1.1080957e-06 0)
(0.99942785 1.4268907e-06 0)
(0.99933018 1.8493818e-06 0)
(0.99921846 2.4105386e-06 0)
(0.99908973 3.1928722e-06 0)
(0.99893691 4.242943e-06 0)
(0.99875676 5.9245368e-06 0)
(0.99852171 8.0363844e-06 0)
(0.99824759 1.2904614e-05 0)
(0.99777886 1.7946117e-05 0)
(0.9973086 4.7808011e-05 0)
(0.9955007 4.3006295e-05 -6.7394873e-18)
(0.99539738 0.0042615428 1.0887193e-52)
(0.99588565 0.0073814571 -1.1293524e-52)
(0.98191028 0.0052900221 0)
(0.94465079 0.0037074819 0)
(0.89318263 0.0026294865 0)
(0.83880348 0.001924166 0)
(0.7881388 0.0014673554 0)
(0.74342624 0.0011612587 0)
(0.70456486 0.00094699217 0)
(0.67070695 0.00079042591 0)
(0.64097614 0.00067157089 0)
(1 2.4777528e-08 0)
(0.99998981 7.9095819e-08 0)
(0.99996798 1.2980438e-07 0)
(0.99993951 1.7604789e-07 0)
(0.99990524 2.3157278e-07 0)
(0.99986542 2.9980309e-07 0)
(0.99982012 3.8443926e-07 0)
(0.99976918 4.9077514e-07 0)
(0.99971221 6.2562365e-07 0)
(0.99964866 7.9765509e-07 0)
(0.99957777 1.0182698e-06 0)
(0.99949854 1.3033234e-06 0)
(0.9994096 1.6738882e-06 0)
(0.99930922 2.163544e-06 0)
(0.99919466 2.8121953e-06 0)
(0.99906299 3.713688e-06 0)
(0.99890708 4.9214691e-06 0)
(0.99872371 6.8469354e-06 0)
(0.99848523 9.2678919e-06 0)
(0.99820754 1.4799033e-05 0)
(0.99773463 2.0577992e-05 0)
(0.99726116 5.3919049e-05 0)
(0.99556396 5.161083e-05 0)
(0.99523751 0.0042535858 0)
(0.99773537 0.0074013012 0)
(0.99142458 0.0054015257 0)
(0.97018992 0.0039160972 0)
(0.93504739 0.0028964843 0)
(0.8928801 0.0022030422 0)
(0.84955861 0.0017289472 0)
(0.80853155 0.0013946323 0)
(0.77112604 0.0011515978 0)
(0.73747893 0.00096955638 0)
(0.70727153 0.00082911081 0)
(1 2.8443729e-08 0)
(0.99998976 9.1719314e-08 0)
(0.99996765 1.5203924e-07 0)
(0.99993864 2.0753406e-07 0)
(0.99990358 2.7377469e-07 0)
(0.99986274 3.5480606e-07 0)
(0.99981621 4.5494395e-07 0)
(0.99976385 5.8030598e-07 0)
(0.9997053 7.3872827e-07 0)
(0.99964002 9.4017374e-07 0)
(0.99956727 1.1977135e-06 0)
(0.99948607 1.5294903e-06 0)
(0.99939506 1.9595844e-06 0)
(0.99929251 2.5262986e-06 0)
(0.9991757 3.2751319e-06 0)
(0.99904168 4.3127608e-06 0)
(0.99888334 5.7004563e-06 0)
(0.99869742 7.9034291e-06 0)
(0.99845627 1.0675966e-05 0)
(0.99817578 1.6958922e-05 0)
(0.99769968 2.3573443e-05 0)
(0.99722374 6.0424513e-05 0)
(0.99562545 6.1636308e-05 0)
(0.99512704 0.0042406201 -3.69138e-52)
(0.99850771 0.0073988246 4.283836e-52)
(0.99642388 0.0054658407 0)
(0.98613662 0.0040549711 -1.8085426e-19)
(0.96498558 0.0031028861 -3.2554409e-19)
(0.9358295 0.0024457947 0)
(0.90237514 0.001978737 0)
(0.86786353 0.0016332938 0)
(0.83435327 0.0013711294 0)
(0.80282448 0.0011682081 0)
(0.77359316 0.0010079544 0)
(1 3.2602627e-08 0)
(0.99998972 1.0610673e-07 0)
(0.99996739 1.775138e-07 0)
(0.99993795 2.4375309e-07 0)
(0.99990226 3.2243191e-07 0)
(0.99986062 4.1829363e-07 0)
(0.99981313 5.3635171e-07 0)
(0.99975968 6.8365637e-07 0)
(0.99969992 8.6920115e-07 0)
(0.99963332 1.1044107e-06 0)
(0.99955916 1.4042429e-06 0)
(0.99947646 1.7894235e-06 0)
(0.99938388 2.2874278e-06 0)
(0.9992797 2.9418882e-06 0)
(0.9991612 3.8046111e-06 0)
(0.99902543 4.9967576e-06 0)
(0.99886528 6.5883759e-06 0)
(0.99867749 9.1055201e-06 0)
(0.99843438 1.227534e-05 0)
(0.99815185 1.9408911e-05 0)
(0.99767351 2.6960605e-05 0)
(0.99719581 6.7547604e-05 0)
(0.99564921 7.3028161e-05 6.3132164e-18)
(0.99506797 0.0042243853 -3.2114317e-52)
(0.99882488 0.007383467 3.7529106e-52)
(0.99873746 0.0054969705 -1.2255505e-17)
(0.9945617 0.0041344149 0)
(0.98374684 0.0032420271 0)
(0.96624752 0.0026327391 0)
(0.94347308 0.0021927435 0)
(0.91750178 0.0018556809 0)
(0.8902306 0.0015890732 0)
(0.86299623 0.0013747917 0)
(0.83658996 0.0012003628 0)
(1 3.7316276e-08 0)
(0.99998969 1.2247424e-07 0)
(0.99996719 2.0661557e-07 0)
(0.9999374 2.8526263e-07 0)
(0.99990121 3.7829965e-07 0)
(0.99985894 4.912559e-07 0)
(0.9998107 6.2993455e-07 0)
(0.9997564 8.0244035e-07 0)
(0.9996957 1.0190744e-06 0)
(0.99962809 1.2929121e-06 0)
(0.99955286 1.6410407e-06 0)
(0.99946904 2.0871014e-06 0)
(0.99937528 2.6623991e-06 0)
(0.9992699 3.4165811e-06 0)
(0.99915015 4.4085623e-06 0)
(0.99901311 5.775863e-06 0)
(0.99885164 7.5983603e-06 0)
(0.99866249 1.0470983e-05 0)
(0.99841799 1.4089372e-05 0)
(0.99813401 2.2185655e-05 0)
(0.99765415 3.0786972e-05 0)
(0.99717525 7.5384943e-05 0)
(0.99565272 8.5961157e-05 -5.871916e-18)
(0.99503321 0.0042064348 1.3866599e-52)
(0.99858259 0.0073596654 -1.5620913e-52)
(0.9997933 0.0055068655 0)
(0.99847096 0.0041722486 0)
(0.99388117 0.0033212591 0)
(0.98498106 0.0027566344 0)
(0.97167386 0.0023528036 0)
(0.9546649 0.0020393278 0)
(0.93506023 0.0017838875 0)
(0.91396057 0.0015711961 0)
(0.89225635 0.00139215 0)
(1 4.265509e-08 0)
(0.99998967 1.4106783e-07 0)
(0.99996702 2.397866e-07 0)
(0.99993695 3.3269878e-07 0)
(0.99990036 4.4223695e-07 0)
(0.99985758 5.7481627e-07 0)
(0.99980874 7.3713521e-07 0)
(0.99975377 9.384929e-07 0)
(0.99969233 1.1906701e-06 0)
(0.99962394 1.508609e-06 0)
(0.99954788 1.9118042e-06 0)
(0.99946319 2.4271925e-06 0)
(0.99936855 3.0904065e-06 0)
(0.99926225 3.9578913e-06 0)
(0.99914157 5.096592e-06 0)
(0.99900357 6.6625249e-06 0)
(0.99884113 8.7466305e-06 0)
(0.998651 1.2021818e-05 0)
(0.9984055 1.6147505e-05 0)
(0.99812046 2.5334108e-05 0)
(0.99763959 3.5115131e-05 0)
(0.99715985 8.4030821e-05 0)
(0.99564918 0.00010049862 0)
(0.9950067 0.0041876603 0)
(0.99836475 0.0073323893 0)
(1.0001457 0.00550646 0)
(0.99982586 0.0041865807 0)
(0.99831962 0.0033579522 0)
(0.99466362 0.0028251508 0)
(0.9882258 0.0024540417 0)
(0.97884229 0.0021694668 0)
(0.9667847 0.0019357056 0)
(0.95258132 0.0017366449 0)
(0.93684383 0.0015641473 0)
(1 4.8698909e-08 2.6561343e-22)
(0.99998965 1.6216696e-07 0)
(0.99996689 2.7753091e-07 0)
(0.99993659 3.8678904e-07 0)
(0.99989967 5.1522628e-07 0)
(0.99985646 6.7025605e-07 0)
(0.99980714 8.5959139e-07 0)
(0.99975161 1.0938845e-06 0)
(0.99968959 1.3865912e-06 0)
(0.99962057 1.7547653e-06 0)
(0.99954385 2.2206244e-06 0)
(0.99945848 2.8148317e-06 0)
(0.99936314 3.5779132e-06 0)
(0.99925613 4.5739983e-06 0)
(0.99913473 5.8791122e-06 0)
(0.998996 7.670174e-06 0)
(0.99883283 1.0050643e-05 0)
(0.99864194 1.378154e-05 0)
(0.99839571 1.8481318e-05 0)
(0.99810988 2.8901474e-05 0)
(0.99762836 4.0012988e-05 0)
(0.997148 9.4049607e-05 0)
(0.99564396 0.00011652595 0)
(0.99498261 0.0041676637 0)
(0.99820853 0.0072998582 0)
(1.0002291 0.0055016561 0)
(1.0001354 0.0041912468 0)
(0.99969997 0.0033699859 0)
(0.9985838 0.0028543949 0)
(0.99617485 0.0025060198 0)
(0.99201983 0.002245712 0)
(0.98592731 0.0020350317 0)
(0.97792726 0.0018555965 0)
(0.96822003 0.0016979872 0)
(1 5.553823e-08 0)
(0.99998964 1.8608857e-07 0)
(0.99996678 3.2042187e-07 0)
(0.99993629 4.4836418e-07 0)
(0.99989909 5.9839289e-07 0)
(0.99985553 7.79045e-07 0)
(0.9998058 9.9918171e-07 0)
(0.99974982 1.270987e-06 0)
(0.99968731 1.6098115e-06 0)
(0.99961777 2.0350975e-06 0)
(0.99954052 2.5721404e-06 0)
(0.9994546 3.2558157e-06 0)
(0.99935869 4.1321803e-06 0)
(0.99925111 5.2740457e-06 0)
(0.99912914 6.7677061e-06 0)
(0.99898983 8.8136731e-06 0)
(0.99882608 1.1529631e-05 0)
(0.99863461 1.5775885e-05 0)
(0.99838782 2.1125331e-05 0)
(0.99810138 3.2938594e-05 0)
(0.99761949 4.5554501e-05 0)
(0.99713871 0.00010525035 0)
(0.99563908 0.00013479444 0)
(0.99495919 0.0041458513 1.912083e-52)
(0.99809489 0.0072635202 -1.983173e-52)
(1.0001838 0.0054941597 0)
(1.0002053 0.0041932348 0)
(1.0000237 0.003373776 0)
(0.99967292 0.0028636616 0)
(0.99899738 0.0025245804 0)
(0.99766762 0.0022797442 0)
(0.99532365 0.0020872325 0)
(0.99175993 0.0019257004 0)
(0.98690042 0.00178468 0)
(1 6.3275596e-08 -1.6756575e-22)
(0.99998962 2.1319163e-07 0)
(0.99996669 3.6910996e-07 0)
(0.99993604 5.1836958e-07 0)
(0.9998986 6.9302087e-07 0)
(0.99985475 9.0286455e-07 0)
(0.99980467 1.1580594e-06 0)
(0.99974832 1.4725221e-06 0)
(0.99968539 1.8637462e-06 0)
(0.99961542 2.3538734e-06 0)
(0.99953771 2.9716776e-06 0)
(0.99945134 3.7567931e-06 0)
(0.99935497 4.7615274e-06 0)
(0.99924692 6.0684952e-06 0)
(0.99912448 7.775606e-06 0)
(0.9989847 1.0109968e-05 0)
(0.99882049 1.320549e-05 0)
(0.99862855 1.8034051e-05 0)
(0.99838135 2.4118701e-05 0)
(0.99809441 3.7502685e-05 0)
(0.99761236 5.1823215e-05 0)
(0.99713131 0.00011784297 0)
(0.99563525 0.00015559018 0)
(0.99493617 0.0041218115 1.566223e-18)
(0.99800629 0.0072232518 -8.9331095e-53)
(1.0000708 0.0054847936 -8.1745949e-18)
(1.0002185 0.0041941916 -3.587147e-19)
(1.0000983 0.0033753237 0)
(0.99994101 0.0028672739 0)
(0.99969171 0.0025306711 0)
(0.99930224 0.0022899277 0)
(0.99866235 0.002105331 0)
(0.9975612 0.0019557098 0)
(0.99578438 0.0018284501 0)
(1 7.2027165e-08 3.7796467e-22)
(0.99998962 2.4388232e-07 0)
(0.99996662 4.2433185e-07 0)
(0.99993584 5.9787769e-07 0)
(0.9998982 8.0056961e-07 0)
(0.99985409 1.0436291e-06 0)
(0.99980372 1.3386798e-06 0)
(0.99974703 1.7015974e-06 0)
(0.99968376 2.1522977e-06 0)
(0.99961342 2.7159731e-06 0)
(0.99953533 3.4253274e-06 0)
(0.99944857 4.3253706e-06 0)
(0.99935181 5.4754722e-06 0)
(0.99924337 6.9693121e-06 0)
(0.99912054 8.9179408e-06 0)
(0.99898037 1.1578418e-05 0)
(0.99881579 1.5103225e-05 0)
(0.99862347 2.0589318e-05 0)
(0.99837594 2.7506093e-05 0)
(0.99808861 4.2658609e-05 0)
(0.99760659 5.8914127e-05 0)
(0.99712542 0.00013201283 0)
(0.9956326 0.00017930894 -2.471273e-18)
(0.99491397 0.0040951372 0)
(0.99793041 0.0071787772 0)
(0.99991992 0.0054735539 0)
(1.0002147 0.0041938437 0)
(1.0001171 0.0033763998 -3.6368864e-19)
(1.0000142 0.0028693569 0)
(0.99988342 0.002533419 0)
(0.99971304 0.0022938055 0)
(0.99949109 0.0021110047 0)
(0.99917297 0.0019643847 0)
(0.99869746 0.0018421949 0)
(1 8.1924517e-08 0)
(0.99998961 2.7861994e-07 0)
(0.99996656 4.8692063e-07 0)
(0.99993567 6.8810262e-07 0)
(0.99989786 9.2269294e-07 0)
(0.99985354 1.2035107e-06 0)
(0.99980291 1.5438315e-06 0)
(0.99974594 1.9617447e-06 0)
(0.99968236 2.4799037e-06 0)
(0.9996117 3.1269477e-06 0)
(0.99953329 3.9400206e-06 0)
(0.99944619 4.9702028e-06 0)
(0.9993491 6.2848431e-06 0)
(0.99924033 7.9901063e-06 0)
(0.99911717 1.0211915e-05 0)
(0.99897668 1.3241026e-05 0)
(0.99881178 1.7251247e-05 0)
(0.99861915 2.3479421e-05 0)
(0.9983714 3.1338218e-05 0)
(0.99808374 4.8479495e-05 0)
(0.99760194 6.6934719e-05 0)
(0.99712079 0.00014794279 0)
(0.99563106 0.00020642175 -2.4239316e-18)
(0.99489355 0.0040654269 0)
(0.9978583 0.0071297421 0)
(0.99976196 0.0054604403 0)
(1.0001952 0.0041919438 0)
(1.0001177 0.0033772421 1.9238559e-19)
(1.0000375 0.002871118 0)
(0.99994704 0.0025352773 0)
(0.99984597 0.0022958888 0)
(0.99973402 0.0021135644 0)
(0.99959995 0.001967711 0)
(0.99943019 0.0018467483 0)
(1 9.3116717e-08 4.8361968e-22)
(0.9999896 3.1792366e-07 0)
(0.99996651 5.578178e-07 0)
(0.99993553 7.9041703e-07 0)
(0.99989758 1.0612615e-06 0)
(0.99985306 1.3849676e-06 0)
(0.99980221 1.7766729e-06 0)
(0.999745 2.2569664e-06 0)
(0.99968115 2.8515948e-06 0)
(0.99961022 3.5930914e-06 0)
(0.99953153 4.5236157e-06 0)
(0.99944414 5.7011029e-06 0)
(0.99934677 7.2019164e-06 0)
(0.99923771 9.1463037e-06 0)
(0.99911427 1.1677023e-05 0)
(0.99897351 1.5122704e-05 0)
(0.99880836 1.9681727e-05 0)
(0.99861547 2.674699e-05 0)
(0.99836756 3.5672452e-05 0)
(0.99807964 5.5047415e-05 0)
(0.99759826 7.6006022e-05 0)
(0.99711732 0.0001658352 0)
(0.99563042 0.00023744089 0)
(0.9948766 0.0040323194 0)
(0.99778408 0.007075591 0)
(0.99961969 0.005445431 -1.6264327e-17)
(1.0001651 0.004188337 0)
(1.0001062 0.0033778007 0)
(1.000041 0.0028726993 0)
(0.99997031 0.0025368497 0)
(0.99989857 0.0022974457 0)
(0.9998285 0.0021151841 0)
(0.99975394 0.0019694972 0)
(0.99966963 0.0018488611 0)
(1 1.0577266e-07 0)
(0.9999896 3.6238027e-07 0)
(0.99996647 6.3808688e-07 0)
(0.99993541 9.0637176e-07 0)
(0.99989734 1.218389e-06 0)
(0.99985266 1.5907787e-06 0)
(0.99980162 2.0407754e-06 0)
(0.99974419 2.5917899e-06 0)
(0.99968012 3.2730632e-06 0)
(0.99960895 4.1215274e-06 0)
(0.99953001 5.1850069e-06 0)
(0.99944238 6.5291766e-06 0)
(0.99934475 8.2405838e-06 0)
(0.99923545 1.0455355e-05 0)
(0.99911177 1.3335314e-05 0)
(0.99897078 1.7251609e-05 0)
(0.99880542 2.2431022e-05 0)
(0.99861233 3.0440074e-05 0)
(0.99836434 4.0573578e-05 0)
(0.9980762 6.2454209e-05 0)
(0.99759548 8.6263778e-05 0)
(0.99711496 0.00018591815 0)
(0.99563042 0.00027291325 0)
(0.99486592 0.0039954387 0)
(0.99770569 0.0070154761 0)
(0.9995106 0.005428447 0)
(1.0001273 0.0041830256 0)
(1.0000864 0.0033780224 0)
(1.0000343 0.0028741539 0)
(0.99997667 0.0025382354 0)
(0.99992125 0.0022987184 0)
(0.99987244 0.0021164237 0)
(0.99982503 0.0019707681 0)
(0.99977514 0.0018502158 0)
(1 1.2008374e-07 0)
(0.9999896 4.1265285e-07 0)
(0.99996644 7.2892893e-07 0)
(0.99993532 1.0377182e-06 0)
(0.99989714 1.3964619e-06 0)
(0.99985233 1.8240817e-06 0)
(0.99980112 2.3401735e-06 0)
(0.99974351 2.9713314e-06 0)
(0.99967923 3.7507426e-06 0)
(0.99960785 4.7203072e-06 0)
(0.9995287 5.9342481e-06 0)
(0.99944085 7.4669772e-06 0)
(0.99934301 9.4165464e-06 0)
(0.9992335 1.193698e-05 0)
(0.99910962 1.5211697e-05 0)
(0.99896844 1.9659527e-05 0)
(0.99880292 2.5540168e-05 0)
(0.99860966 3.4612754e-05 0)
(0.99836168 4.6114637e-05 0)
(0.99807337 7.0802403e-05 0)
(0.99759356 9.7859512e-05 0)
(0.99711374 0.00020845084 0)
(0.99563094 0.00031334904 -2.1042665e-18)
(0.99486658 0.0039544054 -1.255441e-52)
(0.99762745 0.0069483539 1.2472429e-52)
(0.99943864 0.0054091462 0)
(1.0000902 0.0041762485 0)
(1.000063 0.0033778708 -5.3583028e-19)
(1.000023 0.0028754844 0)
(0.99997568 0.0025394942 0)
(0.99993121 0.0022997971 0)
(0.99989541 0.0021173922 0)
(0.99986368 0.0019716974 0)
(0.99983238 0.0018511738 0)
(1 1.3626701e-07 -7.0635996e-22)
(0.99998959 4.6949016e-07 0)
(0.99996642 8.3170021e-07 0)
(0.99993524 1.1864341e-06 0)
(0.99989697 1.598174e-06 0)
(0.99985205 2.0884185e-06 0)
(0.9998007 2.6794216e-06 0)
(0.99974292 3.4013673e-06 0)
(0.99967848 4.2918983e-06 0)
(0.99960692 5.3985246e-06 0)
(0.99952757 6.7826953e-06 0)
(0.99943954 8.5286829e-06 0)
(0.99934152 1.0747535e-05 0)
(0.99923183 1.3613441e-05 0)
(0.99910778 1.7334289e-05 0)
(0.99896644 2.2382301e-05 0)
(0.9988008 2.9055444e-05 0)
(0.99860742 3.932581e-05 0)
(0.99835952 5.2377854e-05 0)
(0.99807111 8.0206181e-05 0)
(0.99759251 0.00011096134 0)
(0.99711376 0.00023371667 0)
(0.99563251 0.00035938283 0)
(0.994876 0.0039089281 -4.7526948e-52)
(0.99755033 0.0068729314 4.708646e-52)
(0.9993879 0.0053871329 1.666554e-17)
(1.0000686 0.0041681205 1.8577181e-18)
(1.0000428 0.0033774043 0)
(1.000012 0.0028766942 0)
(0.99997336 0.0025406502 0)
(0.99993712 0.0023007383 0)
(0.99991019 0.0021181704 0)
(0.99988865 0.0019723809 0)
(0.99986905 0.0018518381 0)
(1 1.5456854e-07 -8.0227491e-22)
(0.99998959 5.3373833e-07 0)
(0.99996639 9.4793224e-07 0)
(0.99993517 1.3547527e-06 0)
(0.99989684 1.8265654e-06 0)
(0.99985181 2.3877852e-06 0)
(0.99980034 3.0636586e-06 0)
(0.99974243 3.8884165e-06 0)
(0.99967784 4.9047304e-06 0)
(0.99960612 6.1664444e-06 0)
(0.99952662 7.7431668e-06 0)
(0.99943842 9.7302973e-06 0)
(0.99934024 1.2253562e-05 0)
(0.99923041 1.5509855e-05 0)
(0.99910622 1.9734802e-05 0)
(0.99896475 2.5460319e-05 0)
(0.99879903 3.3028986e-05 0)
(0.99860558 4.4647447e-05 0)
(0.99835785 5.9455646e-05 0)
(0.99806939 9.0792358e-05 0)
(0.9975924 0.00012575425 0)
(0.99711519 0.00026202436 0)
(0.99563609 0.00041155397 0)
(0.99489378 0.0038586745 0)
(0.99747304 0.0067880858 0)
(0.99934931 0.0053619048 0)
(1.0000597 0.0041585114 -1.1088753e-18)
(1.0000324 0.0033767234 0)
(1.0000071 0.0028778298 0)
(0.99997481 0.0025417238 0)
(0.99994492 0.0023015713 0)
(0.99992444 0.0021188059 0)
(0.99990991 0.0019728817 0)
(0.99989812 0.0018522831 0)
(1 1.7526746e-07 0)
(0.99998959 6.0635357e-07 0)
(0.99996638 1.0793546e-06 0)
(0.99993512 1.5451961e-06 0)
(0.99989673 2.0850677e-06 0)
(0.99985162 2.7266908e-06 0)
(0.99980005 3.4986822e-06 0)
(0.99974202 4.4398334e-06 0)
(0.9996773 5.5984909e-06 0)
(0.99960545 7.0356483e-06 0)
(0.99952581 8.8301255e-06 0)
(0.99943748 1.1089875e-05 0)
(0.99933917 1.39572e-05 0)
(0.99922921 1.7654544e-05 0)
(0.99910492 2.2448978e-05 0)
(0.99896336 2.8939044e-05 0)
(0.9987976 3.7519469e-05 0)
(0.99860412 5.0654066e-05 0)
(0.99835668 6.74517e-05 0)
(0.99806823 0.00010270128 0)
(0.99759333 0.00014243923 0)
(0.99711825 0.00029369407 0)
(0.9956433 0.00047042697 0)
(0.99492037 0.0038034532 0)
(0.99739663 0.0066925591 0)
(0.99931996 0.0053327199 0)
(1.0000587 0.0041471424 2.6416413e-18)
(1.0000311 0.0033758202 -7.0261113e-19)
(1.0000111 0.0028789364 0)
(0.99998435 0.0025427341 0)
(0.99995955 0.0023023151 0)
(0.99994387 0.0021193273 0)
(0.9999342 0.0019732384 0)
(0.99992762 0.0018525576 0)
(1 1.9868051e-07 0)
(0.99998958 6.884158e-07 0)
(0.99996636 1.2279202e-06 0)
(0.99993508 1.7606133e-06 0)
(0.99989663 2.3775544e-06 0)
(0.99985146 3.1102226e-06 0)
(0.99979981 3.9910323e-06 0)
(0.99974168 5.0639141e-06 0)
(0.99967685 6.383616e-06 0)
(0.99960489 8.0192002e-06 0)
(0.99952514 1.0059884e-05 0)
(0.9994367 1.2627776e-05 0)
(0.99933828 1.5883897e-05 0)
(0.99922822 2.0079422e-05 0)
(0.99910385 2.5517076e-05 0)
(0.99896224 3.2869606e-05 0)
(0.99879649 4.2592855e-05 0)
(0.99860302 5.7431053e-05 0)
(0.99835601 7.6482162e-05 0)
(0.99806762 0.00011608749 0)
(0.99759548 0.00016123088 0)
(0.99712323 0.00032903657 0)
(0.99565731 0.00053648695 0)
(0.99495835 0.0037432509 0)
(0.99732525 0.0065850287 0)
(0.99930173 0.0052987879 0)
(1.0000622 0.004133681 0)
(1.0000386 0.0033745551 0)
(1.0000263 0.002880013 0)
(1.0000057 0.0025436641 0)
(0.99998533 0.0023029757 0)
(0.9999732 0.002119757 0)
(0.99996672 0.0019734836 0)
(0.99996334 0.0018527018 0)
(1 2.2516735e-07 0)
(0.99998958 7.8114472e-07 0)
(0.99996635 1.3958347e-06 0)
(0.99993504 2.0042229e-06 0)
(0.99989656 2.7083992e-06 0)
(0.99985133 3.5441221e-06 0)
(0.99979961 4.5480875e-06 0)
(0.9997414 5.7700158e-06 0)
(0.99967649 7.2718756e-06 0)
(0.99960443 9.1318322e-06 0)
(0.99952459 1.1450835e-05 0)
(0.99943606 1.4366953e-05 0)
(0.99933756 1.806233e-05 0)
(0.99922743 2.2820428e-05 0)
(0.99910301 2.8984401e-05 0)
(0.99896137 3.7309435e-05 0)
(0.99879569 4.8323198e-05 0)
(0.99860229 6.5073542e-05 0)
(0.99835588 8.6677002e-05 0)
(0.99806758 0.00013111938 0)
(0.99759919 0.00018235826 0)
(0.99713017 0.00036828998 0)
(0.99568655 0.00061003465 0)
(0.99501411 0.0036781927 -2.9204962e-54)
(0.9972672 0.0064640403 2.8801386e-54)
(0.99929952 0.005259232 -1.4650166e-17)
(1.0000754 0.0041177852 0)
(1.0000596 0.0033727231 0)
(1.0000568 0.0028810211 0)
(1.0000426 0.0025444697 0)
(1.0000261 0.0023035511 0)
(1.0000163 0.0021201214 0)
(1.0000114 0.0019736565 0)
(1.0000095 0.0018527609 0)
(1 2.551366e-07 0)
(0.99998958 8.8591778e-07 0)
(0.99996634 1.5855882e-06 0)
(0.99993501 2.2796614e-06 0)
(0.9998965 3.0825411e-06 0)
(0.99985123 4.0348696e-06 0)
(0.99979945 5.1781727e-06 0)
(0.99974118 6.5686936e-06 0)
(0.99967619 8.2765434e-06 0)
(0.99960406 1.0390155e-05 0)
(0.99952415 1.3023712e-05 0)
(0.99943555 1.6333266e-05 0)
(0.99933699 2.0524798e-05 0)
(0.99922682 2.5918004e-05 0)
(0.99910238 3.2901886e-05 0)
(0.99896076 4.2322949e-05 0)
(0.99879521 5.4793493e-05 0)
(0.99860195 7.3687092e-05 0)
(0.99835634 9.8181863e-05 0)
(0.99806811 0.0001479736 0)
(0.99760511 0.00020609364 0)
(0.99713764 0.00041132282 0)
(0.99575848 0.00069082022 0)
(0.99509998 0.0036086659 0)
(0.99723354 0.0063282262 0)
(0.99931861 0.0052130435 -6.6237013e-18)
(1.0001036 0.0040989801 0)
(1.0001017 0.0033700608 0)
(1.0001081 0.0028819114 0)
(1.0000989 0.0025451457 0)
(1.0000846 0.0023040669 0)
(1.0000755 0.0021204681 0)
(1.0000708 0.0019738136 0)
(1.0000688 0.0018527946 0)
(1 2.8905277e-07 -1.5106212e-21)
(0.99998958 1.0042904e-06 0)
(0.99996633 1.7999923e-06 0)
(0.99993498 2.5910381e-06 0)
(0.99989645 3.5055589e-06 0)
(0.99985114 4.5897811e-06 0)
(0.99979932 5.8906822e-06 0)
(0.999741 7.4718542e-06 0)
(0.99967596 9.412588e-06 0)
(0.99960377 1.1812894e-05 0)
(0.9995238 1.4801879e-05 0)
(0.99943516 1.8555843e-05 0)
(0.99933657 2.3307653e-05 0)
(0.99922638 2.941762e-05 0)
(0.99910197 3.7326725e-05 0)
(0.99896041 4.7982284e-05 0)
(0.99879505 6.209654e-05 0)
(0.998602 8.3388268e-05 0)
(0.99835747 0.00011116055 0)
(0.99806925 0.00016681863 0)
(0.99761416 0.00023283756 0)
(0.99714016 0.00045799854 0)
(0.99585601 0.00077793917 0)
(0.99521729 0.0035351725 0)
(0.99722378 0.006176405 0)
(0.99935784 0.0051589957 0)
(1.0001487 0.0040768566 0)
(1.0001694 0.0033662867 0)
(1.0001826 0.0028826392 0)
(1.0001754 0.002545783 0)
(1.0001613 0.002304618 0)
(1.0001512 0.002120884 0)
(1.000145 0.0019740363 0)
(1.0001415 0.0018528796 0)
(0.99999999 3.2744428e-07 -1.7110363e-21)
(0.99998957 1.1380185e-06 0)
(0.99996632 2.0422207e-06 0)
(0.99993496 2.9429961e-06 0)
(0.99989641 3.9837534e-06 0)
(0.99985108 5.2171161e-06 0)
(0.99979922 6.6962175e-06 0)
(0.99974086 8.4929287e-06 0)
(0.99967578 1.0696888e-05 0)
(0.99960356 1.3421154e-05 0)
(0.99952355 1.6811653e-05 0)
(0.99943488 2.1067474e-05 0)
(0.99933628 2.6451777e-05 0)
(0.9992261 3.3370341e-05 0)
(0.99910175 4.2323039e-05 0)
(0.9989603 5.4368041e-05 0)
(0.99879522 7.0335728e-05 0)
(0.99860249 9.4305457e-05 0)
(0.99835932 0.00012579404 0)
(0.99807125 0.00018782205 0)
(0.99762607 0.00026302558 0)
(0.99714436 0.0005084188 0)
(0.99596413 0.00087013553 0)
(0.99536025 0.0034581367 -1.4864977e-52)
(0.99723158 0.0060074883 1.4672295e-52)
(0.99941004 0.0050953478 0)
(1.0002143 0.004050428 0)
(1.0002515 0.0033610652 0)
(1.0002721 0.002883085 0)
(1.0002669 0.0025464697 0)
(1.0002519 0.0023053258 0)
(1.0002398 0.0021214789 0)
(1.0002313 0.0019744196 0)
(1.0002256 0.0018530999 0)
(0.99999999 3.7091374e-07 -1.9361972e-21)
(0.99998957 1.289086e-06 0)
(0.99996631 2.3158559e-06 0)
(0.99993494 3.340782e-06 0)
(0.99989638 4.5242398e-06 0)
(0.99985102 5.9262034e-06 0)
(0.99979915 7.6067417e-06 0)
(0.99974076 9.6470717e-06 0)
(0.99967565 1.2148475e-05 0)
(0.9996034 1.5238717e-05 0)
(0.99952338 1.9082675e-05 0)
(0.99943471 2.3905041e-05 0)
(0.99933612 3.0003102e-05 0)
(0.99922599 3.7833441e-05 0)
(0.99910175 4.7962572e-05 0)
(0.99896047 6.1570061e-05 0)
(0.99879577 7.9625664e-05 0)
(0.99860349 0.00010657998 0)
(0.99836198 0.00014227537 0)
(0.99807445 0.00021118002 0)
(0.99764058 0.00029690596 0)
(0.99715375 0.00056264432 0)
(0.99607979 0.00096598407 0)
(0.99552311 0.0033781958 0)
(0.99725254 0.0058206973 0)
(0.99946841 0.0050197304 0)
(1.0002847 0.0040195301 0)
(1.0003443 0.0033546628 0)
(1.0003677 0.0028832097 0)
(1.0003627 0.0025472366 0)
(1.0003472 0.0023062677 0)
(1.0003338 0.0021223287 0)
(1.0003237 0.0019750281 0)
(1.0003161 0.0018535135 0)
)
;

boundaryField
{
    bottom
    {
        type            fixedValue;
        value           nonuniform List<vector> 0();
    }
    back
    {
        type            empty;
    }
    front
    {
        type            empty;
    }
    inlet
    {
        type            fixedValue;
        value           uniform (1 0 0);
    }
    outlet
    {
        type            zeroGradient;
    }
    top
    {
        type            zeroGradient;
    }
    slipsurface
    {
        type            slip;
    }
    procBoundary14to5
    {
        type            processor;
        value           nonuniform List<vector> 
34
(
(0.99999999 4.201469e-07 0)
(0.99998957 1.4597298e-06 0)
(0.9999663 2.6249397e-06 0)
(0.99993493 3.7903222e-06 0)
(0.99989635 5.1350562e-06 0)
(0.99985099 6.7275713e-06 0)
(0.99979909 8.6357566e-06 0)
(0.99974069 1.0951371e-05 0)
(0.99967557 1.3788799e-05 0)
(0.99960331 1.7292367e-05 0)
(0.99952329 2.1648287e-05 0)
(0.99943463 2.7109995e-05 0)
(0.99933609 3.4013174e-05 0)
(0.99922605 4.2871037e-05 0)
(0.99910196 5.4325379e-05 0)
(0.99896093 6.9688132e-05 0)
(0.99879673 9.0092568e-05 0)
(0.99860508 0.00012036681 0)
(0.99836555 0.00016080446 0)
(0.99807926 0.00023712405 0)
(0.99765773 0.00033459057 0)
(0.99717028 0.00062072283 0)
(0.99620316 0.0010640007 0)
(0.99570162 0.0032962574 2.4706333e-52)
(0.99728581 0.005615849 -2.4429508e-52)
(0.99952329 0.0049290003 0)
(1.0003782 0.0039821194 0)
(1.0004102 0.0033479838 0)
(1.0004408 0.002883256 0)
(1.0004454 0.0025478472 0)
(1.0004356 0.0023071878 0)
(1.0004243 0.0021232914 0)
(1.0004145 0.0019758046 0)
(1.0004064 0.0018541045 0)
)
;
    }
    procBoundary14to12
    {
        type            processor;
        value           nonuniform List<vector> 
24
(
(0.55231262 0.00046174302 0)
(0.61464761 0.00057864061 0)
(0.68008101 0.0007180292 0)
(0.74664814 0.00087904808 0)
(0.81140997 0.0010567433 0)
(0.87057631 0.0012404223 0)
(0.920141 0.0014135835 0)
(0.95710247 0.0015574681 0)
(0.9807773 0.0016585502 0)
(0.99319789 0.0017159123 0)
(0.99796206 0.0017373841 0)
(0.9992034 0.0017437286 0)
(0.99956956 0.0017463464 0)
(0.99971999 0.0017478305 0)
(0.99979943 0.0017488633 0)
(0.99984946 0.0017495583 0)
(0.99988726 0.0017500015 0)
(0.99992247 0.0017502519 0)
(0.99996164 0.0017503552 0)
(1.0000094 0.0017503604 0)
(1.0000686 0.0017503278 0)
(1.00014 0.0017503301 0)
(1.000222 0.0017504442 0)
(1.0003106 0.0017507262 0)
)
;
    }
    procBoundary14to15
    {
        type            processor;
        value           nonuniform List<vector> 
34
(
(1 1.6223999e-08 0)
(0.99999006 5.0027998e-08 0)
(0.99996956 7.9345762e-08 0)
(0.99994364 1.0543285e-07 0)
(0.99991305 1.3763103e-07 0)
(0.99987786 1.779295e-07 0)
(0.99983802 2.2858498e-07 0)
(0.99979326 2.9301887e-07 0)
(0.99974311 3.7564209e-07 0)
(0.99968694 4.8213261e-07 0)
(0.99962393 6.2000648e-07 0)
(0.99955304 7.997741e-07 0)
(0.99947287 1.0355073e-06 0)
(0.99938169 1.3497179e-06 0)
(0.99927677 1.769226e-06 0)
(0.99915516 2.3577169e-06 0)
(0.99900985 3.15058e-06 0)
(0.99883761 4.4316834e-06 0)
(0.99861112 6.0372737e-06 0)
(0.99834594 9.8042323e-06 0)
(0.99788807 1.3641937e-05 0)
(0.99742611 3.7133007e-05 0)
(0.99554317 3.0010038e-05 0)
(0.9956815 0.0042528554 0)
(0.98733692 0.0072359482 0)
(0.9408407 0.0048780082 0)
(0.86155518 0.0030994458 0)
(0.77973998 0.0019925796 7.8367053e-20)
(0.71036294 0.0013541784 0)
(0.65494535 0.00098836478 0)
(0.61050434 0.00076348964 0)
(0.5740112 0.00061355096 0)
(0.54332965 0.00050688718 0)
(0.51704923 0.0004272833 0)
)
;
    }
}


// ************************************************************************* //
