/*--------------------------------*- C++ -*----------------------------------*\
  =========                 |
  \\      /  F ield         | OpenFOAM: The Open Source CFD Toolbox
   \\    /   O peration     | Website:  https://openfoam.org
    \\  /    A nd           | Version:  12
     \\/     M anipulation  |
\*---------------------------------------------------------------------------*/
FoamFile
{
    format      ascii;
    class       volScalarField;
    location    "900";
    object      p;
}
// * * * * * * * * * * * * * * * * * * * * * * * * * * * * * * * * * * * * * //

dimensions      [0 2 -2 0 0 0 0];

internalField   nonuniform List<scalar> 
824
(
0.00030693981
0.00029992961
0.00029269149
0.00028520457
0.00027744617
0.00026939167
0.00026101428
0.00025228491
0.00024317182
0.00023363986
0.00022364784
0.00021314113
0.00020228145
0.00019138886
0.00018062071
0.0001700274
0.00015962857
0.00014941269
0.00013936936
0.00030954212
0.00030240361
0.00029504145
0.00028743459
0.00027956016
0.00027139336
0.00026290718
0.00025407223
0.0002448563
0.00023522353
0.00022513174
0.00021452607
0.00020357605
0.00019261029
0.00018178023
0.00017112705
0.00016066949
0.00015039839
0.00014030371
0.00013038531
0.00012064784
0.00011109727
0.00010174214
9.2595338e-05
8.3675086e-05
7.5006125e-05
6.6621431e-05
5.8565966e-05
5.0897334e-05
4.3695474e-05
3.703224e-05
3.0950296e-05
2.5097269e-05
1.7576585e-05
4.0276636e-06
0.0003124655
0.00030518333
0.00029768221
0.00028994087
0.00028193629
0.00027364345
0.0002650351
0.00025608151
0.00024675001
0.00023700403
0.00022680057
0.00021608482
0.00020503368
0.00019398425
0.00018308305
0.00017236204
0.00016183828
0.00015150478
0.00014135198
0.00013137892
0.00012158958
0.00011198951
0.00010258664
9.339302e-05
8.4425753e-05
7.5707976e-05
6.7270234e-05
5.9153123e-05
5.1407355e-05
4.4096206e-05
3.7268543e-05
3.0890431e-05
2.4605218e-05
1.6620011e-05
4.773577e-06
0.00031574022
0.00030829817
0.00030064223
0.00029275097
0.00028460116
0.00027616754
0.00026742262
0.00025833633
0.0002488755
0.00023900289
0.00022867488
0.00021783691
0.00020667287
0.00019552821
0.00018454549
0.00017374772
0.00016314949
0.00015274564
0.00014252719
0.00013249231
0.00012264421
0.00011298788
0.00010353054
9.4283281e-05
8.5261873e-05
7.6487561e-05
6.7988044e-05
5.9798934e-05
5.1963035e-05
4.4526191e-05
3.7512812e-05
3.0827973e-05
2.4105763e-05
1.5796994e-05
5.2655664e-06
0.0003194122
0.00031179225
0.00030396386
0.00029590539
0.00028759342
0.00027900247
0.00027010477
0.00026086988
0.00025126419
0.00024124984
0.00023078272
0.00021980875
0.0002085186
0.00019726579
0.00018618976
0.000175305
0.00016462296
0.00015413977
0.00014384711
0.00013374228
0.00012382754
0.00011410718
0.00010458763
9.5278833e-05
8.6195005e-05
7.7355185e-05
6.8783772e-05
6.0510774e-05
5.2570252e-05
4.4990135e-05
3.7772254e-05
3.0770887e-05
2.366458e-05
1.5096358e-05
5.5416223e-06
0.0003235028
0.00031568657
0.00030766765
0.00029942422
0.00029093264
0.00028216721
0.00027309988
0.00026369987
0.00025393311
0.00024376123
0.00023313979
0.00022201529
0.00021058472
0.00019920952
0.00018802697
0.00017704367
0.00016626732
0.00015569475
0.00014531826
0.00013513428
0.00012514396
0.00011535075
0.00010576013
9.6380711e-05
8.7224915e-05
7.830923e-05
6.9654295e-05
6.1283972e-05
5.3222916e-05
4.5481733e-05
3.8042164e-05
3.0725407e-05
2.3277359e-05
1.4492441e-05
5.6414014e-06
0.00032807447
0.00032004201
0.00031181276
0.00030336476
0.00029467417
0.00028571509
0.00027645919
0.00026687539
0.00025692919
0.0002465818
0.00023578861
0.00022449679
0.00021290986
0.00020139682
0.00019009322
0.00017899849
0.00016811619
0.00015744318
0.00014697218
0.0001366988
0.00012662293
0.00011674697
0.0001070753
9.7614989e-05
8.8376404e-05
7.9373134e-05
7.0621626e-05
6.2139176e-05
5.3940787e-05
4.6021133e-05
3.8346263e-05
3.0720514e-05
2.296472e-05
1.4003358e-05
5.6387745e-06
0.0003331227
0.00032485526
0.00031639696
0.00030772568
0.00029881747
0.0002896462
0.00028018335
0.00027039753
0.0002602539
0.00024971335
0.00023873122
0.00022725536
0.00021549511
0.0002038272
0.00019238636
0.00018116559
0.0001701641
0.00015937808
0.00014880044
0.00013842591
0.000128253
0.00011828287
0.00010851855
9.8965421e-05
8.9631486e-05
8.0527112e-05
7.1664201e-05
6.3053278e-05
5.4699931e-05
4.6585211e-05
3.8664673e-05
3.073963e-05
2.2704925e-05
1.3599702e-05
5.5538826e-06
0.00033873755
0.00033021516
0.00032150752
0.00031259246
0.00030344591
0.00029404165
0.00028435096
0.00027434222
0.00026398037
0.00025322607
0.00024203474
0.00023035492
0.00021840268
0.00020656209
0.00019496693
0.00018360449
0.0001724696
0.00016155717
0.00015085988
0.00014037154
0.00013008919
0.00012001248
0.00011014293
0.00010048395
9.1040964e-05
8.1820836e-05
7.2830692e-05
6.4074373e-05
5.5548836e-05
4.7224517e-05
3.9051829e-05
3.083988e-05
2.2551151e-05
1.3323471e-05
5.4702876e-06
0.0003448467
0.00033605458
0.00032708214
0.00031790724
0.00030850583
0.00029885161
0.0002889158
0.00027866664
0.00026806892
0.00025708322
0.0002456651
0.0002337637
0.00022160053
0.00020956772
0.00019779931
0.00018627754
0.00017499298
0.0001639387
0.00015310677
0.00014248993
0.00013208362
0.0001218858
0.00011189623
0.00010211616
9.2548198e-05
8.3195525e-05
7.4060458e-05
6.5140577e-05
5.6425502e-05
4.7878445e-05
3.9449594e-05
3.0963203e-05
2.2439465e-05
1.3099172e-05
5.3521311e-06
0.00035159831
0.00034252049
0.00033326604
0.00032381299
0.00031413741
0.0003042131
0.00029401128
0.00028350022
0.00027264469
0.0002614053
0.00024973787
0.00023759225
0.00022519752
0.00021295328
0.0002009929
0.00018929404
0.00017784329
0.00016663152
0.00015564968
0.0001448893
0.0001343441
0.00012401019
0.00011388531
0.00010396838
9.4259041e-05
8.4756747e-05
7.5459195e-05
6.6358452e-05
5.7438503e-05
4.8658694e-05
3.9973046e-05
3.1224519e-05
2.2481251e-05
1.3027234e-05
5.3152181e-06
0.00035876105
0.00034939518
0.00033985447
0.00033011731
0.00032016003
0.00030995666
0.00029947863
0.00028869433
0.00027756868
0.00026606249
0.00025413188
0.00024172708
0.00022908207
0.00021660563
0.00020443266
0.00019253684
0.00018090099
0.00016951357
0.00015836403
0.00014744245
0.00013674074
0.00012625299
0.00011597476
0.00010590247
9.6032778e-05
8.6361521e-05
7.6882206e-05
6.7582421e-05
5.8442394e-05
4.9420599e-05
4.0477636e-05
3.1475904e-05
2.2520671e-05
1.2944501e-05
5.2289185e-06
0.00036661824
0.00035695867
0.00034712334
0.00033709115
0.00032683892
0.00031634114
0.00030556959
0.00029449303
0.00028307669
0.00027128173
0.00025906472
0.00024637677
0.00023346119
0.00022073455
0.00020833088
0.00019622012
0.0001843818
0.00017280185
0.00016146796
0.00015036851
0.00013949353
0.00012883495
0.00011838608
0.00010814077
9.809275e-05
8.8234531e-05
7.8556075e-05
6.9041676e-05
5.9669639e-05
5.0399829e-05
4.1200986e-05
3.195297e-05
2.2791127e-05
1.3073632e-05
5.2937694e-06
0.00037459515
0.00036466609
0.00035455673
0.0003442467
0.00033371352
0.00032293228
0.00031187537
0.00030051205
0.00028880808
0.00027672512
0.00026422023
0.00025124453
0.000238045
0.00022504934
0.00021239532
0.00020004988
0.00018798945
0.00017619752
0.00016465983
0.00015336294
0.0001422949
0.0001314455
0.00012080573
0.00011036695
0.00010012018
9.0055044e-05
8.0158747e-05
7.0413494e-05
6.0797213e-05
5.1272661e-05
4.181681e-05
3.2324266e-05
2.2951018e-05
1.3078002e-05
5.2333077e-06
0.00038329665
0.00037310887
0.00036273184
0.00035214611
0.00034133006
0.00033025965
0.00031890805
0.00030724529
0.00029523783
0.00028284801
0.00027003372
0.00025674761
0.0002432488
0.00022997274
0.0002170555
0.00020446117
0.00019216377
0.00018014459
0.00016838741
0.00015687691
0.00014559917
0.00013454187
0.00012369377
0.00011304391
0.00010258091
9.2292083e-05
8.2162678e-05
7.2173866e-05
6.2304334e-05
5.2520316e-05
4.280662e-05
3.3068499e-05
2.3479914e-05
1.3414364e-05
5.4152648e-06
0.00039145311
0.00038107623
0.00037049605
0.00035969409
0.00034864972
0.00033733983
0.00032573849
0.00031381661
0.00030154151
0.00028887633
0.00027577943
0.00026220268
0.00024840621
0.00023483933
0.00022164582
0.00020878817
0.00019623818
0.00018397522
0.00017198128
0.00016023926
0.00014873341
0.00013744949
0.00012637424
0.0001154947
0.00010479752
9.4268295e-05
8.3891092e-05
7.3646873e-05
6.3515707e-05
5.3467344e-05
4.349274e-05
3.3505161e-05
2.368932e-05
1.3434793e-05
5.3462033e-06
0.00040041526
0.00038987328
0.0003791089
0.00036810465
0.00035684086
0.00034529538
0.00033344329
0.00032125647
0.00030870318
0.00029574756
0.00028234936
0.0002684635
0.0002543659
0.00024051205
0.00022704216
0.00021391707
0.00020110763
0.00018859192
0.00017635046
0.00016436466
0.00015261716
0.00014109207
0.00012977445
0.0001186497
0.000107703
9.6918799e-05
8.6280603e-05
7.5769706e-05
6.5367839e-05
5.5047754e-05
4.4805813e-05
3.4558804e-05
2.4501506e-05
1.3986022e-05
5.6430459e-06
0.00040758343
0.00039700999
0.00038619028
0.00037510745
0.00036374253
0.00035207411
0.00034007804
0.00032772699
0.00031498998
0.00030183174
0.0002882118
0.00027408234
0.00025971545
0.00024558379
0.00023184153
0.00021845051
0.0002053805
0.00019260867
0.00018011466
0.00016787883
0.00015588265
0.00014410899
0.00013254163
0.00012116478
0.00010996263
9.891897e-05
8.8017169e-05
7.7239094e-05
6.6567942e-05
5.5978848e-05
4.5471535e-05
3.49672e-05
2.4669713e-05
1.3958328e-05
5.5426281e-06
0.00041592746
0.00040533025
0.00039446019
0.00038330068
0.00037183308
0.00036003641
0.00034788701
0.00033535814
0.00032241955
0.00030903703
0.00029517237
0.00028078303
0.00026616004
0.00025177754
0.00023778221
0.00022413581
0.00021080964
0.0001977813
0.00018503019
0.00017253622
0.00016028032
0.00014824467
0.00013641239
0.00012476708
0.00011329252
0.00010197235
9.0790216e-05
7.972875e-05
6.8772588e-05
5.7898445e-05
4.7108714e-05
3.6321629e-05
2.574376e-05
1.4691523e-05
5.9214594e-06
0.00042043494
0.0004100269
0.00039931772
0.00038829031
0.00037692561
0.00036520228
0.00035309638
0.00034058092
0.00032762529
0.00031419449
0.00030024785
0.00028573674
0.00027094167
0.00025635702
0.00024215142
0.000228291
0.00021474709
0.0002014975
0.00018852208
0.00017580094
0.00016331495
0.00015104605
0.00013897708
0.00012709136
0.0001153725
0.0001038042
9.2370415e-05
8.1054458e-05
6.984204e-05
5.8711506e-05
4.7667908e-05
3.6635064e-05
2.5832743e-05
1.4615729e-05
5.8105903e-06
0.0004272136
0.00041691506
0.0004062897
0.00039531944
0.00038398435
0.00037226237
0.00036012895
0.00034755671
0.00033451506
0.0003209698
0.00030688319
0.00029221348
0.00027725939
0.00026250766
0.00024811405
0.00023404674
0.00022028223
0.00020680137
0.00019358563
0.00018061632
0.00016787526
0.00015534518
0.00014300952
0.00013085214
0.00011885718
0.00010700894
9.5292064e-05
8.3690581e-05
7.2190973e-05
6.0771565e-05
4.9437287e-05
3.8104151e-05
2.6989576e-05
1.5381688e-05
6.1820873e-06
0.00042723152
0.00041736497
0.00040714797
0.00039656057
0.00038558091
0.00037418497
0.00036234623
0.00035003519
0.00033721881
0.00032385968
0.00030991481
0.00029533367
0.00028039958
0.00026561906
0.00025117374
0.00023703783
0.00022318775
0.00020960514
0.00019627311
0.0001831745
0.00017029227
0.00015760994
0.00014511163
0.00013278185
0.00012060539
0.00010856721
9.6652787e-05
8.4847146e-05
7.3138146e-05
6.1506155e-05
4.9959625e-05
3.8421082e-05
2.7121563e-05
1.5375965e-05
6.1336753e-06
0.00043157729
0.00042186151
0.00041177896
0.00040130826
0.00039042615
0.0003791073
0.00036732395
0.00035504561
0.00034223867
0.00032886594
0.00031488637
0.00030025395
0.0002852615
0.00027040145
0.0002558434
0.00024156688
0.00022755636
0.00021379818
0.00020027805
0.00018698095
0.00017389177
0.00016099572
0.00014827825
0.00013572493
0.00012332149
0.00011105368
9.8907609e-05
8.6868761e-05
7.4925203e-05
6.3056697e-05
5.1270862e-05
3.9484451e-05
2.792844e-05
1.5880353e-05
6.3607688e-06
0.00042610539
0.00041707172
0.00040765395
0.00039782831
0.00038756901
0.00037684802
0.00036563476
0.00035389573
0.00034159406
0.00032868896
0.00031513504
0.00030088119
0.00028620664
0.0002716059
0.00025725992
0.00024315372
0.00022927422
0.0002156105
0.00020215138
0.00018888471
0.00017579792
0.00016287842
0.00015011364
0.000137491
0.00012499787
0.00011262162
0.00010034988
8.8169613e-05
7.6070472e-05
6.403382e-05
5.2069588e-05
4.0096245e-05
2.8352135e-05
1.6111167e-05
6.4455453e-06
)
;

boundaryField
{
    bottom
    {
        type            zeroGradient;
    }
    back
    {
        type            empty;
    }
    front
    {
        type            empty;
    }
    inlet
    {
        type            zeroGradient;
    }
    outlet
    {
        type            fixedValue;
        value           uniform 0;
    }
    top
    {
        type            zeroGradient;
    }
    slipsurface
    {
        type            slip;
    }
    procBoundary13to12
    {
        type            processor;
        value           nonuniform List<scalar> 
36
(
0.00030462621
0.00029773067
0.00029060332
0.00028322344
0.00027556851
0.00026761408
0.00025933356
0.00025069814
0.00024167652
0.00023223426
0.00022233131
0.00021191353
0.00020113459
0.00019030595
0.00017959176
0.00016905148
0.00015870484
0.00014853789
0.00013854003
0.00012949923
0.00012949923
0.00011980746
0.00011030037
0.00010098703
9.1881056e-05
8.30016e-05
7.437476e-05
6.6035563e-05
5.8032749e-05
5.0429795e-05
4.3322117e-05
3.6801604e-05
3.1000204e-05
2.5559806e-05
1.8666274e-05
2.9948786e-06
)
;
    }
    procBoundary13to15
    {
        type            processor;
        value           nonuniform List<scalar> 
24
(
0.00031374139
0.00031647643
0.00031954833
0.0003229882
0.00032684372
0.00033113651
0.0003359305
0.00034121974
0.00034709518
0.00035347895
0.00036051973
0.00036797194
0.00037612129
0.00038436237
0.00039331266
0.00040164317
0.00041075042
0.00041792557
0.00042626662
0.00043055726
0.00043720175
0.00043676596
0.00044094602
0.00043477694
)
;
    }
}


// ************************************************************************* //
