/*--------------------------------*- C++ -*----------------------------------*\
  =========                 |
  \\      /  F ield         | OpenFOAM: The Open Source CFD Toolbox
   \\    /   O peration     | Website:  https://openfoam.org
    \\  /    A nd           | Version:  12
     \\/     M anipulation  |
\*---------------------------------------------------------------------------*/
FoamFile
{
    format      ascii;
    class       volVectorField;
    location    "700";
    object      U;
}
// * * * * * * * * * * * * * * * * * * * * * * * * * * * * * * * * * * * * * //

dimensions      [0 1 -1 0 0 0 0];

internalField   nonuniform List<vector> 
467
(
(1.0018087 0.0017008088 0)
(1.0018509 0.0016948931 0)
(1.0018934 0.0016887404 0)
(1.0019361 0.0016823715 0)
(1.0019791 0.0016758194 0)
(1.0020225 0.0016691099 0)
(1.0020661 0.0016622608 0)
(1.00211 0.001655301 0)
(1.001243 0.0017433789 0)
(1.0012802 0.0017405794 0)
(1.0013177 0.0017377473 0)
(1.0013555 0.0017348472 0)
(1.0013937 0.0017318414 0)
(1.0014323 0.0017286918 0)
(1.0014713 0.0017253609 0)
(1.0015107 0.0017218134 0)
(1.0015505 0.0017180214 0)
(1.0015907 0.0017139677 0)
(1.0016313 0.0017096438 0)
(1.0016722 0.0017050445 0)
(1.0017134 0.0017001667 0)
(1.001755 0.0016950145 0)
(1.0017969 0.0016896002 0)
(1.0018392 0.0016839361 0)
(1.0018817 0.0016780335 0)
(1.0019245 0.0016719114 0)
(1.0019676 0.0016655995 0)
(1.0020109 0.0016591232 0)
(1.0020546 0.0016525017 0)
(1.0020986 0.0016457606 0)
(1.0021429 0.0016389244 0)
(1.0021876 0.0016319969 0)
(1.0022326 0.0016249811 0)
(1.002278 0.0016179018 0)
(1.0023237 0.0016107741 0)
(1.0012262 0.0017241664 0)
(1.0012634 0.0017218116 0)
(1.0013009 0.0017193924 0)
(1.0013387 0.0017168804 0)
(1.0013769 0.0017142439 0)
(1.0014154 0.0017114503 0)
(1.0014544 0.0017084668 0)
(1.0014937 0.0017052628 0)
(1.0015334 0.0017018131 0)
(1.0015736 0.0016981008 0)
(1.0016141 0.0016941169 0)
(1.0016549 0.0016898561 0)
(1.0016962 0.001685316 0)
(1.0017377 0.0016804999 0)
(1.0017796 0.001675418 0)
(1.0018218 0.0016700822 0)
(1.0018643 0.0016645048 0)
(1.0019071 0.0016587035 0)
(1.0019502 0.0016527044 0)
(1.0019935 0.0016465323 0)
(1.0020372 0.0016402072 0)
(1.0020812 0.0016337522 0)
(1.0021256 0.0016271898 0)
(1.0021703 0.0016205282 0)
(1.0022153 0.0016137726 0)
(1.0022608 0.0016069434 0)
(1.0023066 0.0016000564 0)
(1.0012056 0.0017010071 0)
(1.0012428 0.001699179 0)
(1.0012802 0.0016972485 0)
(1.001318 0.0016951949 0)
(1.0013561 0.0016929935 0)
(1.0013946 0.0016906178 0)
(1.0014335 0.0016880408 0)
(1.0014728 0.0016852367 0)
(1.0015124 0.0016821837 0)
(1.0015525 0.0016788664 0)
(1.0015929 0.0016752754 0)
(1.0016337 0.0016714055 0)
(1.0016748 0.001667255 0)
(1.0017163 0.0016628265 0)
(1.0017581 0.0016581285 0)
(1.0018003 0.0016531722 0)
(1.0018427 0.0016479702 0)
(1.0018855 0.001642539 0)
(1.0019286 0.0016369017 0)
(1.001972 0.0016310815 0)
(1.0020157 0.0016250988 0)
(1.0020597 0.0016189748 0)
(1.0021041 0.0016127301 0)
(1.0021488 0.0016063761 0)
(1.0021939 0.0015999204 0)
(1.0022393 0.0015933801 0)
(1.0022851 0.0015867709 0)
(1.0011815 0.00167147 0)
(1.0012186 0.0016703396 0)
(1.001256 0.0016690611 0)
(1.0012937 0.0016676218 0)
(1.0013317 0.001666005 0)
(1.0013701 0.0016641909 0)
(1.0014089 0.0016621589 0)
(1.001448 0.0016598889 0)
(1.0014876 0.0016573632 0)
(1.0015275 0.0016545684 0)
(1.0015678 0.0016514959 0)
(1.0016085 0.001648141 0)
(1.0016495 0.0016445022 0)
(1.0016909 0.0016405823 0)
(1.0017326 0.0016363882 0)
(1.0017747 0.0016319303 0)
(1.0018171 0.001627221 0)
(1.0018599 0.0016222758 0)
(1.0019029 0.001617115 0)
(1.0019463 0.0016117601 0)
(1.00199 0.001606231 0)
(1.002034 0.0016005476 0)
(1.0020784 0.0015947289 0)
(1.0021231 0.0015887883 0)
(1.0021682 0.001582736 0)
(1.0022137 0.0015765867 0)
(1.0022596 0.0015703559 0)
(1.001154 0.0016356344 0)
(1.001191 0.0016353217 0)
(1.0012282 0.0016348088 0)
(1.0012658 0.0016340913 0)
(1.0013037 0.0016331599 0)
(1.0013419 0.0016320026 0)
(1.0013805 0.0016306055 0)
(1.0014195 0.0016289544 0)
(1.0014589 0.0016270363 0)
(1.0014987 0.0016248408 0)
(1.0015388 0.0016223609 0)
(1.0015794 0.0016195929 0)
(1.0016203 0.0016165359 0)
(1.0016616 0.0016131927 0)
(1.0017032 0.0016095694 0)
(1.0017452 0.0016056754 0)
(1.0017875 0.0016015224 0)
(1.0018302 0.0015971251 0)
(1.0018732 0.0015925011 0)
(1.0019166 0.0015876699 0)
(1.0019602 0.0015826508 0)
(1.0020043 0.0015774621 0)
(1.0020487 0.0015721216 0)
(1.0020934 0.001566644 0)
(1.0021386 0.0015610412 0)
(1.0021841 0.001555327 0)
(1.00223 0.0015495159 0)
(1.0011275 0.0015907664 0)
(1.0011641 0.0015914992 0)
(1.0012011 0.0015919766 0)
(1.0012384 0.0015922011 0)
(1.001276 0.0015921708 0)
(1.001314 0.0015918808 0)
(1.0013524 0.001591324 0)
(1.0013911 0.0015904923 0)
(1.0014303 0.0015893779 0)
(1.0014698 0.0015879742 0)
(1.0015097 0.0015862765 0)
(1.0015501 0.0015842828 0)
(1.0015908 0.0015819932 0)
(1.0016319 0.0015794107 0)
(1.0016734 0.001576541 0)
(1.0017152 0.0015733928 0)
(1.0017574 0.0015699769 0)
(1.0018 0.0015663068 0)
(1.0018429 0.0015623981 0)
(1.0018862 0.0015582681 0)
(1.0019299 0.0015539346 0)
(1.0019739 0.0015494147 0)
(1.0020183 0.0015447251 0)
(1.002063 0.0015398807 0)
(1.0021082 0.0015348946 0)
(1.0021537 0.00152978 0)
(1.0021996 0.0015245509 0)
(1.0010954 0.0015359062 0)
(1.0011315 0.0015378073 0)
(1.001168 0.0015393989 0)
(1.0012049 0.0015406884 0)
(1.0012421 0.0015416795 0)
(1.0012797 0.0015423735 0)
(1.0013177 0.0015427694 0)
(1.0013561 0.0015428647 0)
(1.0013949 0.0015426568 0)
(1.0014341 0.001542143 0)
(1.0014738 0.001541322 0)
(1.0015138 0.0015401937 0)
(1.0015543 0.0015387599 0)
(1.0015951 0.0015370242 0)
(1.0016364 0.0015349926 0)
(1.0016781 0.001532673 0)
(1.0017201 0.0015300758 0)
(1.0017626 0.001527213 0)
(1.0018054 0.0015240986 0)
(1.0018486 0.001520748 0)
(1.0018921 0.0015171771 0)
(1.0019361 0.0015134019 0)
(1.0019804 0.001509438 0)
(1.0020252 0.0015052998 0)
(1.0020703 0.0015010007 0)
(1.0021159 0.0014965539 0)
(1.0021618 0.0014919723 0)
(1.0010562 0.0014691607 0)
(1.0010915 0.0014724494 0)
(1.0011273 0.001475386 0)
(1.0011635 0.0014779795 0)
(1.0012001 0.0014802367 0)
(1.0012371 0.0014821625 0)
(1.0012745 0.0014837602 0)
(1.0013124 0.0014850317 0)
(1.0013507 0.0014859786 0)
(1.0013895 0.001486602 0)
(1.0014287 0.0014869036 0)
(1.0014683 0.0014868856 0)
(1.0015084 0.0014865517 0)
(1.0015489 0.0014859065 0)
(1.0015898 0.0014849564 0)
(1.0016312 0.0014837094 0)
(1.001673 0.0014821751 0)
(1.0017152 0.0014803646 0)
(1.0017579 0.0014782905 0)
(1.0018009 0.0014759665 0)
(1.0018443 0.001473407 0)
(1.0018882 0.0014706267 0)
(1.0019324 0.0014676399 0)
(1.0019771 0.0014644607 0)
(1.0020222 0.0014611023 0)
(1.0020677 0.0014575777 0)
(1.0021137 0.0014538995 0)
(1.0010098 0.0013877927 0)
(1.0010439 0.0013924655 0)
(1.0010786 0.0013967634 0)
(1.0011138 0.0014006933 0)
(1.0011494 0.0014042613 0)
(1.0011855 0.0014074725 0)
(1.0012222 0.0014103313 0)
(1.0012592 0.0014128413 0)
(1.0012968 0.0014150059 0)
(1.0013349 0.0014168283 0)
(1.0013735 0.0014183119 0)
(1.0014125 0.0014194604 0)
(1.001452 0.0014202783 0)
(1.001492 0.0014207708 0)
(1.0015325 0.0014209443 0)
(1.0015735 0.0014208063 0)
(1.0016149 0.0014203652 0)
(1.0016567 0.0014196309 0)
(1.0016991 0.0014186141 0)
(1.0017418 0.0014173265 0)
(1.001785 0.0014157806 0)
(1.0018287 0.0014139891 0)
(1.0018728 0.0014119647 0)
(1.0019173 0.0014097201 0)
(1.0019623 0.0014072677 0)
(1.0020077 0.0014046196 0)
(1.0020536 0.0014017876 0)
(1.0009543 0.0012929111 0)
(1.0009869 0.0012990721 0)
(1.00102 0.0013048793 0)
(1.0010538 0.0013103348 0)
(1.0010881 0.0013154412 0)
(1.001123 0.0013202011 0)
(1.0011584 0.0013246173 0)
(1.0011944 0.0013286927 0)
(1.001231 0.0013324304 0)
(1.0012681 0.0013358335 0)
(1.0013057 0.0013389054 0)
(1.0013439 0.0013416501 0)
(1.0013826 0.0013440717 0)
(1.0014219 0.001346175 0)
(1.0014617 0.0013479655 0)
(1.001502 0.001349449 0)
(1.0015429 0.0013506323 0)
(1.0015842 0.0013515227 0)
(1.0016261 0.0013521282 0)
(1.0016684 0.0013524574 0)
(1.0017112 0.0013525192 0)
(1.0017545 0.001352323 0)
(1.0017983 0.0013518781 0)
(1.0018426 0.0013511938 0)
(1.0018874 0.0013502795 0)
(1.0019326 0.0013491443 0)
(1.0019783 0.0013477972 0)
(1.0008927 0.0011760611 0)
(1.0009233 0.0011831477 0)
(1.0009546 0.00118992 0)
(1.0009865 0.0011963748 0)
(1.0010191 0.0012025097 0)
(1.0010524 0.0012083238 0)
(1.0010863 0.0012138168 0)
(1.0011208 0.0012189896 0)
(1.001156 0.0012238439 0)
(1.0011918 0.0012283821 0)
(1.0012283 0.0012326073 0)
(1.0012653 0.0012365233 0)
(1.001303 0.0012401343 0)
(1.0013412 0.001243445 0)
(1.0013801 0.0012464604 0)
(1.0014195 0.001249186 0)
(1.0014595 0.0012516274 0)
(1.0015001 0.0012537905 0)
(1.0015413 0.0012556816 0)
(1.0015829 0.0012573068 0)
(1.0016252 0.0012586724 0)
(1.0016679 0.0012597845 0)
(1.0017112 0.0012606492 0)
(1.001755 0.0012612719 0)
(1.0017994 0.0012616579 0)
(1.0018442 0.0012618118 0)
(1.0018896 0.0012617383 0)
(1.0008204 0.0010548923 0)
(1.0008487 0.0010630812 0)
(1.0008777 0.0010710306 0)
(1.0009074 0.0010787303 0)
(1.0009379 0.0010861715 0)
(1.0009692 0.001093347 0)
(1.0010011 0.0011002513 0)
(1.0010338 0.0011068804 0)
(1.0010673 0.0011132321 0)
(1.0011015 0.0011193054 0)
(1.0011364 0.0011251006 0)
(1.001172 0.0011306188 0)
(1.0012083 0.001135862 0)
(1.0012453 0.0011408329 0)
(1.0012829 0.0011455348 0)
(1.0013213 0.0011499718 0)
(1.0013603 0.0011541484 0)
(1.0013999 0.0011580697 0)
(1.0014401 0.0011617413 0)
(1.001481 0.0011651691 0)
(1.0015225 0.0011683588 0)
(1.0015645 0.0011713161 0)
(1.0016072 0.0011740459 0)
(1.0016504 0.0011765524 0)
(1.0016942 0.0011788387 0)
(1.0017385 0.001180907 0)
(1.0017834 0.0011827588 0)
(1.0007529 0.00089451733 0)
(1.0007786 0.00090286787 0)
(1.000805 0.00091110349 0)
(1.0008323 0.00091921077 0)
(1.0008603 0.0009271779 0)
(1.0008892 0.00093499503 0)
(1.0009188 0.00094265309 0)
(1.0009493 0.00095014381 0)
(1.0009806 0.00095745941 0)
(1.0010127 0.00096459134 0)
(1.0010457 0.0009715302 0)
(1.0010794 0.00097826752 0)
(1.0011139 0.00098479535 0)
(1.0011492 0.00099110441 0)
(1.0011852 0.00099718595 0)
(1.001222 0.0010030337 0)
(1.0012596 0.0010086424 0)
(1.0012978 0.0010140075 0)
(1.0013368 0.0010191258 0)
(1.0013765 0.0010239957 0)
(1.0014169 0.0010286155 0)
(1.0014579 0.0010329839 0)
(1.0014995 0.0010370996 0)
(1.0015418 0.00104096 0)
(1.0015847 0.0010445597 0)
(1.0016282 0.0010478916 0)
(1.0016723 0.0010509493 0)
(1.0006755 0.00073923189 0)
(1.000699 0.00074728032 0)
(1.0007234 0.0007553299 0)
(1.0007485 0.00076339521 0)
(1.0007745 0.00077150552 0)
(1.0008013 0.00077967035 0)
(1.000829 0.00078789416 0)
(1.0008575 0.00079618726 0)
(1.0008869 0.00080453666 0)
(1.000917 0.00081292829 0)
(1.000948 0.00082134434 0)
(1.0009799 0.00082975953 0)
(1.0010125 0.00083815993 0)
(1.0010459 0.00084653104 0)
(1.00108 0.00085485155 0)
(1.001115 0.00086310726 0)
(1.0011507 0.0008712887 0)
(1.0011872 0.00087938526 0)
(1.0012245 0.00088738656 0)
(1.0012625 0.00089528196 0)
(1.0013013 0.00090305909 0)
(1.0013407 0.00091070267 0)
(1.0013808 0.00091819655 0)
(1.0014216 0.00092552391 0)
(1.0014631 0.000932662 0)
(1.0015052 0.00093956035 0)
(1.0015479 0.00094617237 0)
(1.0006103 0.00053518865 0)
(1.0006311 0.0005403576 0)
(1.0006528 0.00054539076 0)
(1.0006756 0.00055055366 0)
(1.0006997 0.00055605266 0)
(1.0007249 0.00056200493 0)
(1.0007509 0.00056842135 0)
(1.0007778 0.00057510605 0)
(1.0008053 0.00058203276 0)
(1.0008336 0.00058925876 0)
(1.0008625 0.00059654152 0)
(1.0008921 0.00060389892 0)
(1.0009224 0.00061153985 0)
(1.0009534 0.00061932317 0)
(1.0009851 0.00062713657 0)
(1.0010177 0.00063511484 0)
(1.001051 0.00064332075 0)
(1.001085 0.00065171268 0)
(1.0011198 0.00066026999 0)
(1.0011553 0.00066898506 0)
(1.0011915 0.0006778127 0)
(1.0012283 0.00068669555 0)
(1.0012657 0.00069563514 0)
(1.0013037 0.00070467244 0)
(1.0013421 0.00071351462 0)
(1.0013809 0.00072167294 0)
(1.0014202 0.00072918041 0)
(1.0004582 0.00036483773 0)
(1.0004671 0.00037013461 0)
(1.000473 0.00037244886 0)
(1.0005051 0.00038497736 0)
(1.0005413 0.00039885669 0)
(1.0005705 0.00040887521 0)
(1.0005904 0.00041473442 0)
(1.0006147 0.00042288445 0)
(1.0006339 0.00042971114 0)
(1.0006522 0.0004366925 0)
(1.0006717 0.00044465734 0)
(1.0006897 0.00045168539 0)
(1.0007093 0.00045915152 0)
(1.0007306 0.00046773716 0)
(1.0007534 0.00047663767 0)
(1.0007789 0.00048578119 0)
(1.0008066 0.0004955325 0)
(1.0008361 0.00050596377 0)
(1.0008762 0.00052013905 0)
(1.0009153 0.0005339686 0)
(1.0009514 0.00054671408 0)
(1.0009843 0.00055806122 0)
(1.0010136 0.00056773922 0)
(1.0010445 0.00057810708 0)
(1.0010858 0.00059296762 0)
(1.0011256 0.00060732293 0)
(1.001163 0.00061979605 0)
(1.0002884 0.0001140097 0)
(1.0002986 0.00011732826 0)
(1.0003092 0.00012087474 0)
(1.0003207 0.00012465165 0)
(1.0003335 0.00012867836 0)
(1.0003478 0.00013296022 0)
(1.0003636 0.0001374946 0)
(1.0003802 0.00014227713 0)
(1.0003968 0.00014723602 0)
(1.0004138 0.00015233879 0)
(1.0004311 0.00015762319 0)
(1.0004485 0.00016309304 0)
(1.0004663 0.00016874851 0)
(1.0004846 0.00017462095 0)
(1.0005038 0.00018074371 0)
(1.000524 0.00018713981 0)
(1.0005453 0.00019381624 0)
(1.0005678 0.00020076655 0)
(1.0005914 0.00020799763 0)
(1.000616 0.00021551917 0)
(1.0006418 0.00022333535 0)
(1.0006688 0.00023145038 0)
(1.0006971 0.00023984636 0)
(1.0007268 0.00024847442 0)
(1.0007581 0.00025739737 0)
(1.0007897 0.0002665258 0)
(1.0008172 0.00027443026 0)
)
;

boundaryField
{
    inlet
    {
        type            fixedValue;
        value           nonuniform List<vector> 0();
    }
    top
    {
        type            zeroGradient;
    }
    outlet
    {
        type            zeroGradient;
    }
    slipsurface
    {
        type            slip;
    }
    bottom
    {
        type            fixedValue;
        value           nonuniform List<vector> 0();
    }
    frontandback
    {
        type            empty;
    }
    procBoundary10to0
    {
        type            processor;
        value           uniform (1.0012061 0.0017461758 0);
    }
    procBoundary10to1
    {
        type            processor;
        value           nonuniform List<vector> 
16
(
(1.0011893 0.0017264791 0)
(1.0011687 0.0017027471 0)
(1.0011446 0.0016724586 0)
(1.0011173 0.0016357458 0)
(1.0010911 0.0015897708 0)
(1.0010595 0.0015336845 0)
(1.0010212 0.0014655086 0)
(1.000976 0.0013827374 0)
(1.0009222 0.0012863944 0)
(1.0008628 0.001168665 0)
(1.0007929 0.0010464753 0)
(1.000728 0.00088606413 0)
(1.0006528 0.00073118901 0)
(1.0005903 0.00052980591 0)
(1.0004611 0.00036424521 0)
(1.0002783 0.00011092329 0)
)
;
    }
    procBoundary10to9
    {
        type            processor;
        value           nonuniform List<vector> 
17
(
(1.0023699 0.0016035959 0)
(1.0023528 0.0015931143 0)
(1.0023314 0.0015800998 0)
(1.0023059 0.0015640531 0)
(1.0022763 0.0015436196 0)
(1.002246 0.0015192194 0)
(1.0022082 0.0014872683 0)
(1.0021601 0.0014500797 0)
(1.0021 0.0013987833 0)
(1.0020246 0.0013462471 0)
(1.0019355 0.0012614418 0)
(1.0018288 0.0011843955 0)
(1.001717 0.0010537295 0)
(1.0015913 0.00095248063 0)
(1.0014602 0.00073624018 0)
(1.0012022 0.00063167009 0)
(1.0008475 0.00028270239 0)
)
;
    }
    procBoundary10to11
    {
        type            processor;
        value           nonuniform List<vector> 
29
(
(1.0018125 0.0017104219 0)
(1.0018547 0.001704282 0)
(1.0018972 0.0016979061 0)
(1.0019399 0.0016913173 0)
(1.0019829 0.0016845519 0)
(1.0020261 0.0016776352 0)
(1.0020697 0.0016705837 0)
(1.0021136 0.0016634302 0)
(1.001255 0.001758363 0)
(1.0012921 0.0017552325 0)
(1.0013295 0.0017520948 0)
(1.0013673 0.0017489083 0)
(1.0014055 0.0017456299 0)
(1.001444 0.0017422171 0)
(1.001483 0.0017386282 0)
(1.0015224 0.001734824 0)
(1.0015623 0.0017307743 0)
(1.0016025 0.0017264621 0)
(1.001643 0.0017218802 0)
(1.0016839 0.0017170232 0)
(1.0017252 0.0017118873 0)
(1.0017668 0.0017064777 0)
(1.0017668 0.0017064777 0)
(1.0021542 0.0016482565 0)
(1.0021542 0.0016482565 0)
(1.0021988 0.0016411267 0)
(1.0022437 0.0016339121 0)
(1.002289 0.0016266431 0)
(1.0023347 0.001619333 0)
)
;
    }
}


// ************************************************************************* //
