/*--------------------------------*- C++ -*----------------------------------*\
  =========                 |
  \\      /  F ield         | OpenFOAM: The Open Source CFD Toolbox
   \\    /   O peration     | Website:  https://openfoam.org
    \\  /    A nd           | Version:  12
     \\/     M anipulation  |
\*---------------------------------------------------------------------------*/
FoamFile
{
    format      ascii;
    class       volScalarField;
    location    "300";
    object      nut;
}
// * * * * * * * * * * * * * * * * * * * * * * * * * * * * * * * * * * * * * //

dimensions      [0 2 -1 0 0 0 0];

internalField   nonuniform List<scalar> 
816
(
1.2682255e-05
1.3013e-05
1.3336464e-05
1.3652982e-05
1.3962865e-05
1.4266398e-05
1.456386e-05
1.4855518e-05
1.5141623e-05
1.5422403e-05
1.5698069e-05
1.5968829e-05
1.6234881e-05
1.6496411e-05
1.6753581e-05
1.7006545e-05
1.7255454e-05
1.7500455e-05
1.774168e-05
1.797924e-05
1.8213241e-05
1.8443793e-05
1.8670996e-05
1.8894935e-05
1.9115679e-05
1.9333292e-05
1.9547844e-05
1.253239e-05
1.2922182e-05
1.3303919e-05
1.3677956e-05
1.4044624e-05
1.4404235e-05
1.4757098e-05
1.5103514e-05
1.544376e-05
1.577809e-05
1.6106743e-05
1.6429958e-05
1.6747965e-05
1.7060975e-05
1.7369175e-05
1.7672746e-05
1.7971867e-05
1.8266713e-05
1.8557439e-05
1.8844177e-05
1.9127059e-05
1.9406218e-05
1.9681782e-05
1.9953854e-05
2.022252e-05
2.048787e-05
2.0749995e-05
1.207416e-05
1.2530862e-05
1.2978833e-05
1.3418418e-05
1.3849941e-05
1.4273726e-05
1.4690104e-05
1.5099399e-05
1.5501904e-05
1.589789e-05
1.6287623e-05
1.6671375e-05
1.7049404e-05
1.7421943e-05
1.7789203e-05
1.8151394e-05
1.850873e-05
1.8861412e-05
1.9209617e-05
1.9553504e-05
1.9893232e-05
2.0228966e-05
2.0560858e-05
2.0889034e-05
2.1213603e-05
2.1534683e-05
2.1852393e-05
1.1234119e-05
1.1765396e-05
1.2287596e-05
1.2800969e-05
1.3305776e-05
1.3802316e-05
1.4290917e-05
1.4771893e-05
1.5245523e-05
1.5712077e-05
1.6171841e-05
1.6625111e-05
1.7072164e-05
1.7513246e-05
1.7948584e-05
1.837842e-05
1.8803001e-05
1.9222556e-05
1.9637281e-05
2.0047358e-05
2.0452981e-05
2.0854349e-05
2.1251641e-05
2.1645006e-05
2.2034579e-05
2.2420511e-05
2.2802957e-05
9.9335208e-06
1.0545268e-05
1.1148456e-05
1.1743031e-05
1.232906e-05
1.2906746e-05
1.3476337e-05
1.4038049e-05
1.4592076e-05
1.5138647e-05
1.5678046e-05
1.6210572e-05
1.6736486e-05
1.7256018e-05
1.7769404e-05
1.8276914e-05
1.8778823e-05
1.9275372e-05
1.9766768e-05
2.0253216e-05
2.0734948e-05
2.12122e-05
2.1685173e-05
2.2154032e-05
2.2618948e-05
2.3080112e-05
2.3537714e-05
8.0995195e-06
8.7918507e-06
9.4783066e-06
1.0157995e-05
1.0830548e-05
1.1495883e-05
1.2153927e-05
1.2804557e-05
1.344772e-05
1.4083534e-05
1.4712231e-05
1.5334032e-05
1.5949095e-05
1.6557574e-05
1.7159696e-05
1.7755745e-05
1.8345998e-05
1.8930671e-05
1.9509957e-05
2.0084086e-05
2.0653329e-05
2.1217946e-05
2.1778146e-05
2.2334108e-05
2.2886038e-05
2.3434175e-05
2.3978744e-05
5.7009006e-06
6.4559591e-06
7.2136429e-06
7.9711144e-06
8.7271141e-06
9.4804276e-06
1.0229645e-05
1.0973593e-05
1.171169e-05
1.2443837e-05
1.3170038e-05
1.3890173e-05
1.4604071e-05
1.5311713e-05
1.6013281e-05
1.670903e-05
1.7399144e-05
1.8083726e-05
1.8762916e-05
1.9436962e-05
2.0106166e-05
2.0770777e-05
2.143097e-05
2.2086924e-05
2.2738891e-05
2.3387159e-05
2.403197e-05
3.0013281e-06
3.6595168e-06
4.3908261e-06
5.1712538e-06
5.9807102e-06
6.8038356e-06
7.631817e-06
8.4609241e-06
9.2901053e-06
1.0118694e-05
1.0945431e-05
1.176884e-05
1.2587928e-05
1.3402423e-05
1.4212426e-05
1.5017947e-05
1.5818773e-05
1.6614702e-05
1.7405779e-05
1.8192271e-05
1.8974446e-05
1.9752426e-05
2.0526271e-05
2.1296148e-05
2.2062365e-05
2.2825238e-05
2.3584974e-05
2.4341716e-05
2.5095674e-05
1.4380916e-06
1.6405335e-06
1.9478158e-06
2.3928073e-06
2.9631233e-06
3.6416833e-06
4.4147747e-06
5.2546487e-06
6.1375624e-06
7.0433043e-06
7.9582207e-06
8.8760486e-06
9.795278e-06
1.071597e-05
1.1637548e-05
1.2558481e-05
1.3477201e-05
1.4392952e-05
1.5305789e-05
1.6215955e-05
1.7123379e-05
1.8027729e-05
1.8928817e-05
1.9826825e-05
2.0722123e-05
2.1614947e-05
2.2505334e-05
2.3393346e-05
2.4279253e-05
1.4163079e-06
1.5880013e-06
1.8604202e-06
2.2603803e-06
2.8169135e-06
3.5035578e-06
4.3063358e-06
5.2055568e-06
6.1707335e-06
7.1749697e-06
8.1972733e-06
9.2257381e-06
1.0256618e-05
1.1290385e-05
1.232782e-05
1.3368073e-05
1.4409191e-05
1.5449605e-05
1.648896e-05
1.7527691e-05
1.856608e-05
1.9603851e-05
2.0640565e-05
2.1676191e-05
2.2711145e-05
1.2544488e-06
1.2609929e-06
1.2784165e-06
1.3146011e-06
1.3864348e-06
1.5199821e-06
1.7444624e-06
2.0907905e-06
2.5931317e-06
3.2679414e-06
4.0878971e-06
5.0390301e-06
6.0913175e-06
7.2094666e-06
8.3626093e-06
9.5292142e-06
1.0699867e-05
1.1873879e-05
1.3053656e-05
1.4240176e-05
1.5431827e-05
1.6626161e-05
1.7821944e-05
1.9019529e-05
2.0219671e-05
1.288365e-06
1.283057e-06
1.2788836e-06
1.2748017e-06
1.2750873e-06
1.2781704e-06
1.2884257e-06
1.3119278e-06
1.3604061e-06
1.4548738e-06
1.6269304e-06
1.9129304e-06
2.3468733e-06
2.9764211e-06
3.7982301e-06
4.7878332e-06
5.9278105e-06
7.1740615e-06
8.4839067e-06
9.8223708e-06
1.1169106e-05
1.2519081e-05
1.3875708e-05
1.5242845e-05
1.6620457e-05
1.3282603e-06
1.3235458e-06
1.3186074e-06
1.3134937e-06
1.3084722e-06
1.3036632e-06
1.2992313e-06
1.29587e-06
1.2932932e-06
1.2943437e-06
1.2991465e-06
1.3131234e-06
1.3432565e-06
1.4042674e-06
1.527302e-06
1.75099e-06
2.1208396e-06
2.6747508e-06
3.4843191e-06
4.5085045e-06
5.7313104e-06
7.1204771e-06
8.6172902e-06
1.0168346e-05
1.1736949e-05
1.3589174e-06
1.3553161e-06
1.3516064e-06
1.3477812e-06
1.3438253e-06
1.3397364e-06
1.3354988e-06
1.3310763e-06
1.3265482e-06
1.3221068e-06
1.3178469e-06
1.3141185e-06
1.3114052e-06
1.3099877e-06
1.3117251e-06
1.3185571e-06
1.3369117e-06
1.3768723e-06
1.4567231e-06
1.6254037e-06
1.9324574e-06
2.4316755e-06
3.183173e-06
4.2417596e-06
5.5639959e-06
1.3829564e-06
1.3801501e-06
1.37727e-06
1.3743126e-06
1.3712728e-06
1.3681445e-06
1.3649214e-06
1.3615917e-06
1.3581488e-06
1.3545753e-06
1.3508861e-06
1.346962e-06
1.3428889e-06
1.3387999e-06
1.3348074e-06
1.3309602e-06
1.3279129e-06
1.3248484e-06
1.3251555e-06
1.3281822e-06
1.338561e-06
1.3648584e-06
1.421704e-06
1.5452063e-06
1.800062e-06
1.3880161e-06
1.3854373e-06
1.3827817e-06
1.3800436e-06
1.3772183e-06
1.3742956e-06
1.3712642e-06
1.3681166e-06
1.3648423e-06
1.3614331e-06
1.3578384e-06
1.3540752e-06
1.3503184e-06
1.3466426e-06
1.3432408e-06
1.3406576e-06
1.3387776e-06
1.3400474e-06
1.3458845e-06
1.4062753e-06
1.4042699e-06
1.4022052e-06
1.4000782e-06
1.3978854e-06
1.3956235e-06
1.3932886e-06
1.390876e-06
1.3883797e-06
1.3857942e-06
1.3831084e-06
1.380316e-06
1.3773989e-06
1.3743605e-06
1.3711224e-06
1.3677066e-06
1.3641995e-06
1.3607219e-06
1.357309e-06
1.4206018e-06
1.4190452e-06
1.4174427e-06
1.4157921e-06
1.4140908e-06
1.412336e-06
1.4105249e-06
1.4086544e-06
1.4067211e-06
1.4047215e-06
1.4026515e-06
1.400507e-06
1.3982825e-06
1.3959724e-06
1.3935681e-06
1.3910577e-06
1.3884329e-06
1.3856792e-06
1.3827838e-06
1.4318209e-06
1.430612e-06
1.4293678e-06
1.4280865e-06
1.4267662e-06
1.4254047e-06
1.4239998e-06
1.422549e-06
1.4210499e-06
1.4194996e-06
1.4178951e-06
1.4162333e-06
1.4145107e-06
1.4127235e-06
1.4108679e-06
1.4089392e-06
1.4069325e-06
1.4048413e-06
1.4026593e-06
1.4406184e-06
1.4396787e-06
1.4387118e-06
1.4377163e-06
1.4366907e-06
1.4356334e-06
1.4345426e-06
1.4334165e-06
1.4322531e-06
1.4310502e-06
1.4298057e-06
1.4285169e-06
1.4271813e-06
1.4257959e-06
1.4243576e-06
1.4228631e-06
1.4213086e-06
1.4196904e-06
1.4180039e-06
1.447532e-06
1.446801e-06
1.4460489e-06
1.4452748e-06
1.4444773e-06
1.4436554e-06
1.4428076e-06
1.4419326e-06
1.4410289e-06
1.4400947e-06
1.4391283e-06
1.4381278e-06
1.4370912e-06
1.4360163e-06
1.4349006e-06
1.4337416e-06
1.4325363e-06
1.4312818e-06
1.4299747e-06
1.4529787e-06
1.4524095e-06
1.4518241e-06
1.4512215e-06
1.450601e-06
1.4499615e-06
1.4493021e-06
1.4486216e-06
1.4479188e-06
1.4471926e-06
1.4464415e-06
1.4456641e-06
1.4448587e-06
1.4440238e-06
1.4431575e-06
1.4422576e-06
1.4413222e-06
1.4403488e-06
1.4393348e-06
1.457285e-06
1.4568415e-06
1.4563854e-06
1.4559161e-06
1.4554328e-06
1.4549349e-06
1.4544214e-06
1.4538917e-06
1.4533448e-06
1.4527797e-06
1.4521954e-06
1.4515907e-06
1.4509645e-06
1.4503153e-06
1.4496419e-06
1.4489426e-06
1.4482158e-06
1.4474597e-06
1.4466723e-06
1.4607022e-06
1.4603564e-06
1.4600008e-06
1.459635e-06
1.4592583e-06
1.4588703e-06
1.4584703e-06
1.4580577e-06
1.4576318e-06
1.4571917e-06
1.4567368e-06
1.4562661e-06
1.4557787e-06
1.4552736e-06
1.4547496e-06
1.4542057e-06
1.4536405e-06
1.4530526e-06
1.4524406e-06
1.4634282e-06
1.4631584e-06
1.462881e-06
1.4625957e-06
1.462302e-06
1.4619994e-06
1.4616876e-06
1.4613659e-06
1.4610339e-06
1.460691e-06
1.4603366e-06
1.4599699e-06
1.4595902e-06
1.4591969e-06
1.458789e-06
1.4583656e-06
1.4579257e-06
1.4574682e-06
1.456992e-06
1.4656094e-06
1.4653988e-06
1.4651824e-06
1.4649597e-06
1.4647305e-06
1.4644945e-06
1.4642513e-06
1.4640004e-06
1.4637416e-06
1.4634742e-06
1.4631979e-06
1.4629121e-06
1.4626163e-06
1.4623098e-06
1.4619921e-06
1.4616623e-06
1.4613197e-06
1.4609635e-06
1.4605928e-06
1.4673186e-06
1.4671543e-06
1.4669855e-06
1.4668118e-06
1.4666331e-06
1.4664491e-06
1.4662595e-06
1.466064e-06
1.4658622e-06
1.4656539e-06
1.4654386e-06
1.465216e-06
1.4649855e-06
1.4647468e-06
1.4644994e-06
1.4642426e-06
1.463976e-06
1.4636987e-06
1.4634103e-06
1.468615e-06
1.4684869e-06
1.4683552e-06
1.4682198e-06
1.4680804e-06
1.4679369e-06
1.4677891e-06
1.4676367e-06
1.4674795e-06
1.4673171e-06
1.4671494e-06
1.4669759e-06
1.4667964e-06
1.4666105e-06
1.4664178e-06
1.4662179e-06
1.4660103e-06
1.4657945e-06
1.46557e-06
1.4696842e-06
1.4695838e-06
1.4694807e-06
1.4693746e-06
1.4692655e-06
1.4691532e-06
1.4690375e-06
1.4689182e-06
1.4687951e-06
1.4686681e-06
1.4685369e-06
1.4684013e-06
1.4682609e-06
1.4681156e-06
1.4679649e-06
1.4678087e-06
1.4676465e-06
1.4674779e-06
1.4673026e-06
1.4706479e-06
1.4705694e-06
1.4704886e-06
1.4704057e-06
1.4703203e-06
1.4702325e-06
1.470142e-06
1.4700487e-06
1.4699525e-06
1.4698532e-06
1.4697507e-06
1.4696447e-06
1.4695351e-06
1.4694215e-06
1.4693039e-06
1.4691819e-06
1.4690553e-06
1.4689237e-06
1.4687868e-06
1.4714914e-06
1.4714305e-06
1.471368e-06
1.4713038e-06
1.4712378e-06
1.4711698e-06
1.4710998e-06
1.4710276e-06
1.4709532e-06
1.4708765e-06
1.4707972e-06
1.4707152e-06
1.4706305e-06
1.4705428e-06
1.4704519e-06
1.4703577e-06
1.4702598e-06
1.4701582e-06
1.4700526e-06
1.4722179e-06
1.472171e-06
1.4721229e-06
1.4720734e-06
1.4720226e-06
1.4719702e-06
1.4719163e-06
1.4718608e-06
1.4718036e-06
1.4717446e-06
1.4716837e-06
1.4716207e-06
1.4715556e-06
1.4714882e-06
1.4714184e-06
1.4713461e-06
1.471271e-06
1.4711931e-06
1.471112e-06
1.4727765e-06
1.4727379e-06
1.4726983e-06
1.4726575e-06
1.4726155e-06
1.4725722e-06
1.4725275e-06
1.4724814e-06
1.4724338e-06
1.4723846e-06
1.4723336e-06
1.4722809e-06
1.4722262e-06
1.4721695e-06
1.4721107e-06
1.4720495e-06
1.473972e-06
1.4739604e-06
1.4739484e-06
1.473936e-06
1.4739232e-06
1.4739101e-06
1.4738965e-06
1.4738825e-06
1.473868e-06
1.4738531e-06
1.4738375e-06
1.4738215e-06
1.4738048e-06
1.4737874e-06
1.4737694e-06
1.4737506e-06
1.4744618e-06
1.4744591e-06
1.4744564e-06
1.4744537e-06
1.4744509e-06
1.4744481e-06
1.4744453e-06
1.4744424e-06
1.4744394e-06
1.4744365e-06
1.4744334e-06
1.4744304e-06
1.4744272e-06
1.474424e-06
1.4744207e-06
1.4744174e-06
1.4747571e-06
1.4747576e-06
1.4747582e-06
1.4747588e-06
1.4747595e-06
1.4747602e-06
1.4747611e-06
1.474762e-06
1.4747631e-06
1.4747642e-06
1.4747655e-06
1.4747668e-06
1.4747683e-06
1.4747699e-06
1.4747716e-06
1.4747735e-06
1.4749919e-06
1.4749941e-06
1.4749965e-06
1.474999e-06
1.4750016e-06
1.4750044e-06
1.4750074e-06
1.4750104e-06
1.4750137e-06
1.4750172e-06
1.4750208e-06
1.4750246e-06
1.4750287e-06
1.475033e-06
1.4750375e-06
1.4750423e-06
1.4751846e-06
1.475188e-06
1.4751915e-06
1.4751952e-06
1.475199e-06
1.4752031e-06
1.4752073e-06
1.4752118e-06
1.4752165e-06
1.4752214e-06
1.4752266e-06
1.475232e-06
1.4752377e-06
1.4752437e-06
1.47525e-06
1.4752567e-06
)
;

boundaryField
{
    bottom
    {
        type            nutUSpaldingWallFunction;
        Cmu             0.09;
        kappa           0.41;
        E               9.8;
        value           nonuniform List<scalar> 0();
    }
    back
    {
        type            empty;
    }
    front
    {
        type            empty;
    }
    inlet
    {
        type            calculated;
        value           nonuniform List<scalar> 0();
    }
    outlet
    {
        type            calculated;
        value           nonuniform List<scalar> 0();
    }
    top
    {
        type            calculated;
        value           nonuniform List<scalar> 0();
    }
    slipsurface
    {
        type            slip;
    }
    procBoundary14to0
    {
        type            processor;
        value           nonuniform List<scalar> 
33
(
1.2326768e-06
1.2433071e-06
1.2686532e-06
1.3176318e-06
1.3176318e-06
1.2529215e-06
1.2939635e-06
1.332843e-06
1.3624235e-06
1.3856924e-06
1.4020768e-06
1.3998859e-06
1.3976378e-06
1.3953297e-06
1.3929588e-06
1.3905221e-06
1.3905221e-06
1.4082243e-06
1.4221149e-06
1.4329962e-06
1.4415321e-06
1.448243e-06
1.4535323e-06
1.4577165e-06
1.4610386e-06
1.4636908e-06
1.4658144e-06
1.4674784e-06
1.4687398e-06
1.4697819e-06
1.4707244e-06
1.4715506e-06
1.4722636e-06
)
;
    }
    procBoundary14to1
    {
        type            processor;
        value           nonuniform List<scalar> 9(1.472886e-06 1.4728505e-06 1.472814e-06 1.472814e-06 1.4739834e-06 1.4744644e-06 1.4747567e-06 1.4749898e-06 1.4751814e-06);
    }
    procBoundary14to7
    {
        type            processor;
        value           nonuniform List<scalar> 9(1.2343874e-05 1.2134162e-05 1.1608357e-05 1.0693495e-05 9.3133019e-06 7.4026358e-06 4.9550434e-06 2.4371069e-06 1.317233e-06);
    }
    procBoundary14to9
    {
        type            processor;
        value           nonuniform List<scalar> 
27
(
1.2588394e-05
1.2867522e-05
1.3140144e-05
1.3406561e-05
1.3667054e-05
1.3921878e-05
1.4171278e-05
1.4415488e-05
1.465473e-05
1.4889203e-05
1.5119091e-05
1.5344572e-05
1.5565817e-05
1.5782985e-05
1.5996216e-05
1.6205639e-05
1.641138e-05
1.6613563e-05
1.6812297e-05
1.7007675e-05
1.7199782e-05
1.7388706e-05
1.7574527e-05
1.7757313e-05
1.7937116e-05
1.8113984e-05
1.8287967e-05
)
;
    }
    procBoundary14to13
    {
        type            processor;
        value           nonuniform List<scalar> 
16
(
1.4753372e-06
1.4753413e-06
1.4753456e-06
1.47535e-06
1.4753547e-06
1.4753596e-06
1.4753647e-06
1.4753701e-06
1.4753757e-06
1.4753816e-06
1.4753878e-06
1.4753942e-06
1.475401e-06
1.4754082e-06
1.4754157e-06
1.4754236e-06
)
;
    }
    procBoundary14to15
    {
        type            processor;
        value           nonuniform List<scalar> 
40
(
1.9759393e-05
2.1008974e-05
2.2166836e-05
2.3182042e-05
2.3991904e-05
2.4519914e-05
2.4673497e-05
2.4673497e-05
2.5311914e-05
2.5847157e-05
2.5163444e-05
2.3745844e-05
2.1422398e-05
1.8005592e-05
1.3309183e-05
7.1253955e-06
2.2583498e-06
1.3638667e-06
1.3545362e-06
1.3796977e-06
1.4003748e-06
1.4162444e-06
1.4286114e-06
1.4382775e-06
1.4458514e-06
1.4518026e-06
1.4564958e-06
1.4602066e-06
1.4631098e-06
1.4653362e-06
1.46712e-06
1.4686443e-06
1.4699426e-06
1.4710277e-06
1.4719858e-06
1.473731e-06
1.474414e-06
1.4747755e-06
1.4750474e-06
1.4752637e-06
)
;
    }
}


// ************************************************************************* //
