/*--------------------------------*- C++ -*----------------------------------*\
  =========                 |
  \\      /  F ield         | OpenFOAM: The Open Source CFD Toolbox
   \\    /   O peration     | Website:  https://openfoam.org
    \\  /    A nd           | Version:  12
     \\/     M anipulation  |
\*---------------------------------------------------------------------------*/
FoamFile
{
    format      ascii;
    class       volScalarField;
    location    "1400";
    object      nut;
}
// * * * * * * * * * * * * * * * * * * * * * * * * * * * * * * * * * * * * * //

dimensions      [0 2 -1 0 0 0 0];

internalField   nonuniform List<scalar> 
816
(
2.7039261e-05
2.7671853e-05
2.8280207e-05
2.8865102e-05
2.9427202e-05
2.9967089e-05
3.0485265e-05
3.0982228e-05
3.1458514e-05
3.1914697e-05
3.2350919e-05
3.2758844e-05
3.3127723e-05
3.3457555e-05
3.3753347e-05
3.4019448e-05
3.4259414e-05
2.7871214e-05
2.867169e-05
2.9444155e-05
3.0189456e-05
3.0908326e-05
3.1601437e-05
3.2269358e-05
3.2912608e-05
3.3531729e-05
3.412733e-05
3.4699545e-05
3.5237398e-05
3.5726446e-05
3.6166171e-05
3.6562679e-05
3.6921321e-05
3.7246566e-05
2.8200583e-05
2.9203676e-05
3.017485e-05
3.1114989e-05
3.2024879e-05
3.2905288e-05
3.3756843e-05
3.458009e-05
3.5375572e-05
3.6143908e-05
3.6885192e-05
3.7585113e-05
3.8224561e-05
3.8802299e-05
3.9325719e-05
3.9801341e-05
4.0234687e-05
2.7852307e-05
2.9097371e-05
3.0306702e-05
3.1481128e-05
3.2621467e-05
3.3728594e-05
3.480317e-05
3.5845755e-05
3.6856899e-05
3.7837209e-05
3.8786691e-05
3.9686866e-05
4.0512773e-05
4.1262189e-05
4.1944006e-05
4.2566083e-05
4.3135157e-05
2.6619165e-05
2.8149503e-05
2.9640892e-05
3.1093787e-05
3.2509076e-05
3.3887746e-05
3.5230371e-05
3.6537514e-05
3.7809739e-05
3.9047598e-05
4.0250963e-05
4.1396194e-05
4.245105e-05
4.3411973e-05
4.428958e-05
4.509326e-05
4.5831126e-05
2.4265271e-05
2.6125591e-05
2.7945385e-05
2.9724067e-05
3.1462908e-05
3.316272e-05
3.4823637e-05
3.6446241e-05
3.8031076e-05
3.957852e-05
4.1088264e-05
4.253034e-05
4.3863511e-05
4.5082437e-05
4.619968e-05
4.7226348e-05
4.8172096e-05
2.054948e-05
2.2776105e-05
2.4964322e-05
2.711337e-05
2.9225006e-05
3.1297679e-05
3.3330306e-05
3.5323666e-05
3.7277888e-05
3.9192829e-05
4.1067976e-05
4.2865617e-05
4.4533456e-05
4.6063786e-05
4.74713e-05
4.8768977e-05
4.9968179e-05
1.5363353e-05
1.7916045e-05
2.0461926e-05
2.3002627e-05
2.5524156e-05
2.8012768e-05
3.0466515e-05
3.2885893e-05
3.5268169e-05
3.7611918e-05
3.9916418e-05
4.2134195e-05
4.4199354e-05
4.6101061e-05
4.7856158e-05
4.9479544e-05
5.0984423e-05
9.4548742e-06
1.1755996e-05
1.4449184e-05
1.7292924e-05
2.016945e-05
2.3056918e-05
2.5952084e-05
2.8836602e-05
3.1694693e-05
3.4523594e-05
3.7320935e-05
4.0025282e-05
4.2553985e-05
4.4891875e-05
4.7057362e-05
4.9067047e-05
5.0936036e-05
8.720961e-06
8.2823501e-06
9.0720491e-06
1.0870957e-05
1.34404e-05
1.6469686e-05
1.9690199e-05
2.297105e-05
2.6284874e-05
2.9621285e-05
3.2955079e-05
3.620005e-05
3.925326e-05
4.2091269e-05
4.4731255e-05
4.7190799e-05
4.9486602e-05
1.795403e-05
1.4534746e-05
1.1745161e-05
1.0098564e-05
9.6390173e-06
1.05723e-05
1.2652652e-05
1.5610872e-05
1.9089557e-05
2.2793074e-05
2.6586192e-05
3.0355554e-05
3.3958885e-05
3.7339757e-05
4.0505191e-05
4.347195e-05
4.6255376e-05
3.2612178e-05
2.8683613e-05
2.4463549e-05
2.0268462e-05
1.6437136e-05
1.3350606e-05
1.1567289e-05
1.1209753e-05
1.2439905e-05
1.4993873e-05
1.8529626e-05
2.2526917e-05
2.6532296e-05
3.0378984e-05
3.4052063e-05
3.754647e-05
4.0854449e-05
4.6841197e-05
4.3959949e-05
4.0511385e-05
3.6522652e-05
3.2061264e-05
2.7279472e-05
2.2537486e-05
1.8239321e-05
1.4934723e-05
1.3130234e-05
1.3119172e-05
1.4864969e-05
1.7865715e-05
2.1542502e-05
2.5440552e-05
2.9303464e-05
3.3039841e-05
5.911211e-05
5.7335321e-05
5.5133946e-05
5.242882e-05
4.91034e-05
4.5126908e-05
4.052583e-05
3.5373136e-05
2.9894098e-05
2.4524023e-05
1.9737735e-05
1.6452597e-05
1.4940948e-05
1.5277005e-05
1.7066066e-05
1.9891366e-05
2.3335749e-05
7.0240677e-05
6.9162915e-05
6.7830677e-05
6.6170438e-05
6.4098812e-05
6.152592e-05
5.8355365e-05
5.4439995e-05
4.9748569e-05
4.4338797e-05
3.8259975e-05
3.2052136e-05
2.6419174e-05
2.181863e-05
1.8794183e-05
1.726801e-05
1.7280342e-05
8.1229935e-05
8.0505216e-05
7.9646977e-05
7.8610519e-05
7.7338707e-05
7.5760806e-05
7.3790611e-05
7.1320138e-05
6.823174e-05
6.4423255e-05
5.9660303e-05
5.4097147e-05
4.8095371e-05
4.190425e-05
3.5927818e-05
3.0490862e-05
2.5898379e-05
9.2796335e-05
9.220953e-05
9.1556889e-05
9.0815191e-05
8.9952864e-05
8.892781e-05
8.7685035e-05
8.6153202e-05
8.4235526e-05
8.1835967e-05
7.8799592e-05
7.502433e-05
7.0693023e-05
6.5715543e-05
6.0259964e-05
5.4500709e-05
4.8581104e-05
0.00010533134
0.00010477564
0.00010418473
0.00010354799
0.0001028504
0.00010207086
0.00010118011
0.0001001385
9.8889808e-05
9.7364826e-05
9.5468914e-05
9.311549e-05
9.0343079e-05
8.712432e-05
8.3377115e-05
7.9230138e-05
7.4531769e-05
0.0001189864
0.00011842067
0.00011783037
0.00011721092
0.00011655578
0.00011585549
0.00011509647
0.00011425948
0.00011331657
0.00011222924
0.00011094456
0.00010941972
0.00010765348
0.00010562602
0.00010327662
0.00010060813
9.7567075e-05
0.0001337521
0.00013316789
0.00013256117
0.00013192964
0.00013127022
0.00013057867
0.00012984895
0.00012907245
0.00012823655
0.00012732291
0.00012630538
0.00012517111
0.00012392513
0.00012255528
0.00012102686
0.00011931559
0.00011738997
0.00014950361
0.00014890626
0.00014828575
0.00014764036
0.00014696809
0.00014626647
0.00014553233
0.00014476147
0.00014394805
0.00014308369
0.00014215652
0.00014117054
0.00014014259
0.00013907061
0.0001379368
0.00013672314
0.00013540986
0.00016601865
0.00016541836
0.00016479402
0.00016414394
0.00016346627
0.0001627589
0.00016201944
0.00016124503
0.00016043218
0.0001595763
0.00015867165
0.00015772995
0.00015677566
0.00015581432
0.00015483804
0.00015383768
0.00015280291
0.00018298233
0.00018239041
0.00018177419
0.00018113191
0.00018046162
0.00017976119
0.00017902827
0.00017826021
0.00017745405
0.00017660621
0.00017571296
0.00017478847
0.00017386018
0.00017293756
0.00017201773
0.00017109708
0.0001701713
0.00019999123
0.00019941856
0.00019882221
0.00019820037
0.00019755105
0.00019687203
0.00019616092
0.00019541501
0.00019463135
0.00019380648
0.0001929371
0.0001920372
0.0001911342
0.0001902388
0.00018935018
0.00018846727
0.00018758873
0.00021656589
0.00021602212
0.00021545616
0.00021486621
0.0002142503
0.00021360627
0.00021293171
0.00021222394
0.00021147998
0.00021069637
0.00020986994
0.00020901332
0.00020815218
0.000207297
0.0002064476
0.00020560379
0.00020476538
0.00023217896
0.00023167191
0.00023114488
0.00023059619
0.00023002399
0.00022942623
0.00022880065
0.00022814467
0.00022745546
0.00022672965
0.00022596433
0.00022517022
0.00022437029
0.0002235741
0.00022278161
0.00022199282
0.00022120786
0.00024630313
0.00024583816
0.00024535599
0.00024485511
0.00024433387
0.00024379044
0.00024322276
0.00024262852
0.00024200517
0.00024134955
0.00024065922
0.00023994275
0.00023921982
0.00023849883
0.00023777967
0.00023706236
0.00023634707
0.0002584785
0.00025805797
0.00025762334
0.00025717332
0.00025670651
0.00025622135
0.0002557161
0.00025518877
0.00025463717
0.00025405854
0.000253451
0.00025282094
0.00025218447
0.0002515487
0.00025091343
0.00025027865
0.00024964452
0.00026839124
0.00026801401
0.00026762584
0.00026722568
0.0002668124
0.00026638476
0.00026594134
0.00026548055
0.00026500061
0.0002644992
0.00026397513
0.00026343265
0.00026288437
0.00026233605
0.00026178745
0.00026123851
0.0002606894
0.00027594258
0.00027560407
0.00027525755
0.00027490222
0.00027453721
0.00027416158
0.00027377425
0.000273374
0.0002729595
0.00027252888
0.00027208164
0.00027162013
0.00027115373
0.00027068701
0.00027021967
0.00026975163
0.00026928306
0.00028128139
0.00028097429
0.00028066167
0.0002803429
0.00028001736
0.00027968437
0.00027934316
0.00027899285
0.00027863249
0.00027826065
0.00027787741
0.00027748363
0.00027708598
0.00027668805
0.00027628951
0.00027589022
0.00027549038
0.00028477526
0.00028449098
0.00028420301
0.0002839109
0.00028361421
0.00028331248
0.00028300518
0.00028269167
0.00028237136
0.00028204311
0.00028170753
0.00028136433
0.00028101824
0.00028067208
0.00028032548
0.00027997833
0.0002796308
0.00028691614
0.00028664646
0.0002863743
0.00028609934
0.00028582125
0.00028553972
0.00028525438
0.00028496479
0.00028467056
0.0002843708
0.00028406647
0.00028375656
0.00028344451
0.00028313265
0.0002828206
0.00028250822
0.00028219571
0.00028819192
0.00028793044
0.00028766719
0.0002874019
0.00028713433
0.00028686424
0.00028659137
0.00028631539
0.00028603605
0.00028575259
0.00028546619
0.00028517544
0.00028488304
0.00028459103
0.00028429904
0.00028400692
0.00028371487
0.00028898236
0.00028872502
0.00028846627
0.00028820587
0.00028794363
0.00028767934
0.0002874128
0.00028714375
0.00028687199
0.00028659684
0.0002863196
0.00028603866
0.00028575633
0.00028547452
0.00028519285
0.00028491117
0.00028462969
0.00028952354
0.00028926822
0.00028901168
0.00028875368
0.00028849404
0.00028823259
0.00028796914
0.00028770347
0.0002874354
0.0002871643
0.00028689152
0.00028661535
0.00028633791
0.00028606105
0.00028578439
0.00028550778
0.00028523142
0.00028993621
0.00028968198
0.00028942662
0.00028916989
0.00028891163
0.00028865168
0.00028838987
0.00028812597
0.00028785984
0.00028759087
0.00028732041
0.00028704672
0.00028677181
0.0002864975
0.00028622341
0.00028594939
0.00028567564
0.00029027498
0.00029002142
0.00028976678
0.00028951083
0.00028925343
0.0002889944
0.00028873359
0.00028847078
0.00028820583
0.00028793815
0.0002876691
0.0002873969
0.00028712352
0.00028685074
0.00028657819
0.0002863057
0.0002860335
0.00029056544
0.00029031234
0.0002900582
0.0002898028
0.00028954598
0.00028928759
0.00028902747
0.00028876541
0.00028850128
0.00028823448
0.0002879664
0.00028769522
0.00028742287
0.00028715114
0.00028687962
0.00028660818
0.00028633702
0.00029082136
0.0002905686
0.00029031482
0.00029005981
0.00028980342
0.00028954549
0.00028928587
0.00028902436
0.00028876082
0.00028849465
0.00028822727
0.00028795683
0.00028768524
0.00028741426
0.0002871435
0.00028687281
0.00028660241
0.00029105192
0.00029079941
0.0002905459
0.00029029119
0.00029003512
0.00028977754
0.0002895183
0.00028925719
0.00028899409
0.00028872841
0.00028846156
0.00028819168
0.00028792065
0.00028765023
0.00028738004
0.00028710991
0.00028684007
0.00029126312
0.00029101079
0.00029075749
0.000290503
0.00029024717
0.00028998985
0.00028973088
0.00028947008
0.00028920731
0.00028894199
0.00028867553
0.00028840606
0.00028813546
0.00028786546
0.00028759569
0.00028732599
0.00028705658
0.00029145981
0.00029120763
0.00029095448
0.00029070016
0.00029044452
0.0002901874
0.00028992865
0.00028966809
0.00028940558
0.00028914054
0.00028887439
0.00028860524
0.00028833497
0.00028806531
0.00028779586
0.00028752649
0.00028725741
0.00029164505
0.00029139298
0.00029113995
0.00029088575
0.00029063024
0.00029037327
0.00029011469
0.0002898543
0.00028959198
0.00028932715
0.00028906122
0.00028879232
0.00028852229
0.00028825288
0.00028798368
0.00028771456
0.00028744572
0.00029182168
0.00029156969
0.00029131676
0.00029106267
0.00029080727
0.00029055042
0.00029029197
0.00029003172
0.00028976956
0.00028950489
0.00028923914
0.00028897043
0.00028870059
0.00028843136
0.00028816235
0.00028789341
0.00028762475
0.0002919912
0.00029173927
0.00029148639
0.00029123235
0.00029097702
0.00029072024
0.00029046186
0.0002902017
0.00028993962
0.00028967506
0.00028940943
0.00028914084
0.00028887113
0.00028860202
0.00028833314
0.00028806434
0.00028779581
0.00029215587
0.00029190399
0.00029165116
0.00029139719
0.00029114192
0.00029088522
0.00029062692
0.00029036684
0.00029010487
0.00028984041
0.00028957489
0.00028930642
0.00028903682
0.00028876784
0.00028849909
0.0002882304
0.000287962
0.00029232281
0.00029207096
0.00029181818
0.00029156426
0.00029130905
0.0002910524
0.00029079417
0.00029053416
0.00029027227
0.0002900079
0.00028974248
0.00028947411
0.00028920463
0.00028893576
0.00028866711
0.00028839854
0.00028813025
)
;

boundaryField
{
    bottom
    {
        type            nutLowReWallFunction;
        Cmu             0.09;
        kappa           0.41;
        E               9.8;
        value           nonuniform List<scalar> 0();
    }
    back
    {
        type            empty;
    }
    front
    {
        type            empty;
    }
    inlet
    {
        type            calculated;
        value           nonuniform List<scalar> 0();
    }
    outlet
    {
        type            calculated;
        value           nonuniform List<scalar> 0();
    }
    top
    {
        type            calculated;
        value           nonuniform List<scalar> 
17
(
0.00029232281
0.00029207096
0.00029181818
0.00029156426
0.00029130905
0.0002910524
0.00029079417
0.00029053416
0.00029027227
0.0002900079
0.00028974248
0.00028947411
0.00028920463
0.00028893576
0.00028866711
0.00028839854
0.00028813025
)
;
    }
    slipsurface
    {
        type            slip;
    }
    procBoundary2to0
    {
        type            processor;
        value           nonuniform List<scalar> 
25
(
2.6381591e-05
2.704179e-05
2.7164497e-05
2.6570262e-05
2.5048649e-05
2.2365177e-05
1.8296005e-05
1.2818203e-05
7.8263385e-06
1.0192253e-05
2.1694729e-05
3.6133622e-05
4.921185e-05
6.0543358e-05
7.1120654e-05
8.1854882e-05
9.3334216e-05
0.00010585928
0.00011953081
0.00013431561
0.00015007931
0.00016659648
0.00018355167
0.000200542
0.00021708919
)
;
    }
    procBoundary2to1
    {
        type            processor;
        value           nonuniform List<scalar> 
23
(
0.00023266767
0.00024675243
0.0002588863
0.00026875872
0.00027627408
0.00028158377
0.00028505656
0.00028718397
0.0002884522
0.00028923882
0.00028977813
0.00029018981
0.00029052796
0.00029081799
0.0002910736
0.00029130393
0.00029151496
0.00029171151
0.00029189666
0.00029207321
0.00029224269
0.0002924073
0.00029257421
)
;
    }
    procBoundary2to3
    {
        type            processor;
        value           nonuniform List<scalar> 
48
(
3.447616e-05
3.7542121e-05
4.0630411e-05
4.3656978e-05
4.6510184e-05
4.9045344e-05
5.1078889e-05
5.2382463e-05
5.2677653e-05
5.1633029e-05
4.8868056e-05
4.3978159e-05
3.6635023e-05
2.7046886e-05
1.8620434e-05
2.2496686e-05
4.2750427e-05
6.9425478e-05
9.4148656e-05
0.00011522448
0.00013397698
0.00015172223
0.0001692351
0.00018671256
0.00020393167
0.00022042637
0.00023563342
0.00024901057
0.00026013951
0.00026881321
0.00027508916
0.00027928199
0.00028188211
0.00028342191
0.0002843474
0.0002849543
0.00028540116
0.00028576056
0.00028606513
0.00028633127
0.00028656949
0.00028678642
0.00028698758
0.00028717613
0.00028735536
0.00028752655
0.00028769285
0.00028786122
)
;
    }
    procBoundary2to9
    {
        type            processor;
        value           nonuniform List<scalar> 
17
(
2.5849248e-05
2.6344069e-05
2.6818172e-05
2.7272257e-05
2.7706909e-05
2.8122618e-05
2.8519833e-05
2.8899026e-05
2.9260719e-05
2.9605437e-05
2.9933293e-05
3.0238032e-05
3.0511808e-05
3.0754978e-05
3.0971622e-05
3.1165225e-05
3.1338576e-05
)
;
    }
}


// ************************************************************************* //
