/*--------------------------------*- C++ -*----------------------------------*\
  =========                 |
  \\      /  F ield         | OpenFOAM: The Open Source CFD Toolbox
   \\    /   O peration     | Website:  https://openfoam.org
    \\  /    A nd           | Version:  12
     \\/     M anipulation  |
\*---------------------------------------------------------------------------*/
FoamFile
{
    format      ascii;
    class       volScalarField;
    location    "1500";
    object      nut;
}
// * * * * * * * * * * * * * * * * * * * * * * * * * * * * * * * * * * * * * //

dimensions      [0 2 -1 0 0 0 0];

internalField   nonuniform List<scalar> 
1762
(
4.7452565e-10
4.7142478e-10
4.6846931e-10
4.6565006e-10
4.6295863e-10
4.603873e-10
4.579289e-10
4.5557683e-10
4.5332498e-10
4.511677e-10
4.4909972e-10
4.4711614e-10
4.4521237e-10
4.4338416e-10
4.416275e-10
4.3993867e-10
4.3831415e-10
4.3675068e-10
4.3524516e-10
4.337947e-10
4.3239659e-10
4.3104824e-10
4.2974727e-10
4.2849137e-10
4.2727845e-10
4.2610645e-10
4.2497342e-10
4.2387767e-10
4.2281748e-10
4.2179119e-10
4.207973e-10
4.198344e-10
4.1890113e-10
4.1799622e-10
4.1711845e-10
4.1626669e-10
4.1543986e-10
4.1463696e-10
4.13857e-10
4.1309909e-10
4.1236236e-10
4.11646e-10
4.1094922e-10
4.1027129e-10
4.0961152e-10
4.0896921e-10
4.0834379e-10
4.0773447e-10
4.0714096e-10
4.0656196e-10
4.0599828e-10
4.0544561e-10
4.0491142e-10
4.0437186e-10
4.0391049e-10
4.031316e-10
5.4200582e-08
5.3933613e-08
5.3678504e-08
5.3434546e-08
5.3201095e-08
5.2977552e-08
5.2763358e-08
5.2557998e-08
5.2360992e-08
5.2171893e-08
5.1990283e-08
5.1815773e-08
5.1647997e-08
5.1486611e-08
5.1331295e-08
5.1181745e-08
5.1037678e-08
5.0898825e-08
5.0764936e-08
5.0635771e-08
5.0511107e-08
5.0390732e-08
5.0274446e-08
5.016206e-08
5.0053397e-08
4.9948286e-08
4.9846562e-08
4.9748086e-08
4.9652711e-08
4.9560296e-08
4.9470715e-08
4.9383849e-08
4.9299581e-08
4.9217803e-08
4.9138412e-08
4.906131e-08
4.8986405e-08
4.8913611e-08
4.8842845e-08
4.8774027e-08
4.8707083e-08
4.8641945e-08
4.8578543e-08
4.8516814e-08
4.84567e-08
4.8398138e-08
4.8341078e-08
4.8285455e-08
4.8231239e-08
4.8178322e-08
4.812677e-08
4.8076208e-08
4.8027294e-08
4.7977887e-08
4.7935601e-08
4.7864142e-08
1.9688047e-07
1.9620542e-07
1.9555908e-07
1.9493983e-07
1.9434615e-07
1.9377668e-07
1.932301e-07
1.9270521e-07
1.9220089e-07
1.9171608e-07
1.9124979e-07
1.908011e-07
1.9036915e-07
1.8995311e-07
1.8955221e-07
1.8916573e-07
1.8879299e-07
1.8843333e-07
1.8808614e-07
1.8775086e-07
1.8742693e-07
1.8711384e-07
1.8681109e-07
1.8651822e-07
1.862348e-07
1.859604e-07
1.8569463e-07
1.8543712e-07
1.8518752e-07
1.8494548e-07
1.8471068e-07
1.8448283e-07
1.8426163e-07
1.8404682e-07
1.8383812e-07
1.8363531e-07
1.8343814e-07
1.832464e-07
1.8305988e-07
1.8287838e-07
1.8270171e-07
1.825297e-07
1.8236217e-07
1.8219897e-07
1.8203994e-07
1.8188492e-07
1.817338e-07
1.815864e-07
1.8144265e-07
1.8130227e-07
1.8116543e-07
1.8103121e-07
1.8090122e-07
1.8076998e-07
1.8065753e-07
1.8046722e-07
3.5617833e-07
3.5516316e-07
3.5419059e-07
3.532582e-07
3.5236382e-07
3.5150542e-07
3.5068109e-07
3.4988907e-07
3.4912769e-07
3.4839543e-07
3.4769082e-07
3.4701251e-07
3.4635921e-07
3.4572972e-07
3.4512291e-07
3.4453769e-07
3.4397306e-07
3.4342806e-07
3.4290179e-07
3.4239338e-07
3.4190203e-07
3.4142697e-07
3.4096746e-07
3.4052282e-07
3.400924e-07
3.3967557e-07
3.3927172e-07
3.3888033e-07
3.3850085e-07
3.3813278e-07
3.3777562e-07
3.3742894e-07
3.3709229e-07
3.3676528e-07
3.3644751e-07
3.3613861e-07
3.3583824e-07
3.3554607e-07
3.3526177e-07
3.3498506e-07
3.3471565e-07
3.3445328e-07
3.3419768e-07
3.3394861e-07
3.3370585e-07
3.3346916e-07
3.3323835e-07
3.3301318e-07
3.3279351e-07
3.3257898e-07
3.3236976e-07
3.321646e-07
3.3196575e-07
3.3176513e-07
3.3159308e-07
3.3130157e-07
5.1326695e-07
5.1197783e-07
5.1074162e-07
5.0955546e-07
5.084167e-07
5.0732286e-07
5.0627162e-07
5.0526081e-07
5.0428843e-07
5.0335256e-07
5.0245143e-07
5.0158335e-07
5.0074674e-07
4.9994011e-07
4.9916204e-07
4.9841122e-07
4.9768638e-07
4.9698632e-07
4.9630992e-07
4.9565611e-07
4.9502389e-07
4.9441227e-07
4.9382036e-07
4.932473e-07
4.9269225e-07
4.9215442e-07
4.9163311e-07
4.911276e-07
4.9063722e-07
4.9016131e-07
4.8969931e-07
4.8925063e-07
4.8881472e-07
4.8839107e-07
4.879792e-07
4.8757864e-07
4.8718895e-07
4.8680973e-07
4.8644056e-07
4.8608108e-07
4.8573093e-07
4.8538977e-07
4.8505728e-07
4.8473315e-07
4.8441708e-07
4.8410882e-07
4.8380803e-07
4.8351455e-07
4.8322789e-07
4.8294826e-07
4.8267411e-07
4.8240823e-07
4.8214014e-07
4.8191008e-07
4.8151994e-07
6.6907824e-07
6.6746382e-07
6.6591532e-07
6.6442924e-07
6.6300229e-07
6.6163138e-07
6.6031364e-07
6.5904639e-07
6.5782711e-07
6.5665344e-07
6.5552317e-07
6.5443421e-07
6.5338459e-07
6.5237245e-07
6.5139604e-07
6.504537e-07
6.4954387e-07
6.4866505e-07
6.4781585e-07
6.4699492e-07
6.4620101e-07
6.4543291e-07
6.4468949e-07
6.4396967e-07
6.4327243e-07
6.4259675e-07
6.4194175e-07
6.4130656e-07
6.4069032e-07
6.4009222e-07
6.3951154e-07
6.3894754e-07
6.3839955e-07
6.3786692e-07
6.3734905e-07
6.3684535e-07
6.3635528e-07
6.358783e-07
6.3541393e-07
6.3496169e-07
6.3452114e-07
6.3409185e-07
6.3367341e-07
6.3326546e-07
6.328676e-07
6.324795e-07
6.3210077e-07
6.317312e-07
6.3137018e-07
6.3101794e-07
6.3067265e-07
6.3033761e-07
6.2999993e-07
6.2971003e-07
6.2921804e-07
8.2308759e-07
8.211334e-07
8.1925873e-07
8.1745935e-07
8.1573131e-07
8.1407093e-07
8.1247472e-07
8.1093948e-07
8.0946217e-07
8.0803997e-07
8.066702e-07
8.0535036e-07
8.0407806e-07
8.0285107e-07
8.0166729e-07
8.0052471e-07
7.9942145e-07
7.9835571e-07
7.9732581e-07
7.9633011e-07
7.9536711e-07
7.9443535e-07
7.9353346e-07
7.9266015e-07
7.9181416e-07
7.9099428e-07
7.9019943e-07
7.8942858e-07
7.8868067e-07
7.8795472e-07
7.8724986e-07
7.8656521e-07
7.8589994e-07
7.8525327e-07
7.8462446e-07
7.840128e-07
7.8341765e-07
7.8283835e-07
7.8227431e-07
7.8172495e-07
7.8118975e-07
7.8066817e-07
7.8015973e-07
7.7966397e-07
7.7918042e-07
7.7870869e-07
7.7824831e-07
7.7779898e-07
7.7736003e-07
7.7693169e-07
7.765118e-07
7.7610425e-07
7.7569361e-07
7.7534096e-07
7.7474211e-07
9.7590076e-07
9.7359018e-07
9.7137332e-07
9.6924523e-07
9.6720127e-07
9.652371e-07
9.6334865e-07
9.6153213e-07
9.5978398e-07
9.5810088e-07
9.5647968e-07
9.5491742e-07
9.5341131e-07
9.5195873e-07
9.5055718e-07
9.4920432e-07
9.4789791e-07
9.4663585e-07
9.4541614e-07
9.4423687e-07
9.4309625e-07
9.4199256e-07
9.4092419e-07
9.3988961e-07
9.3888734e-07
9.3791595e-07
9.3697417e-07
9.3606076e-07
9.3517448e-07
9.3431418e-07
9.3347882e-07
9.3266735e-07
9.3187881e-07
9.3111226e-07
9.3036683e-07
9.296417e-07
9.2893607e-07
9.2824919e-07
9.2758035e-07
9.2692887e-07
9.2629412e-07
9.2567548e-07
9.2507236e-07
9.2448423e-07
9.2391054e-07
9.2335082e-07
9.228045e-07
9.2227125e-07
9.2175027e-07
9.2124181e-07
9.2074339e-07
9.202595e-07
9.1977203e-07
9.1935331e-07
9.1864186e-07
1.1280039e-06
1.1253193e-06
1.1227433e-06
1.1202701e-06
1.1178945e-06
1.1156113e-06
1.113416e-06
1.1113041e-06
1.1092715e-06
1.1073143e-06
1.105429e-06
1.1036121e-06
1.1018604e-06
1.1001708e-06
1.0985404e-06
1.0969666e-06
1.0954467e-06
1.0939783e-06
1.0925591e-06
1.0911869e-06
1.0898596e-06
1.0885752e-06
1.0873318e-06
1.0861277e-06
1.0849612e-06
1.0838305e-06
1.0827343e-06
1.081671e-06
1.0806392e-06
1.0796376e-06
1.0786651e-06
1.0777202e-06
1.0768021e-06
1.0759094e-06
1.0750414e-06
1.0741969e-06
1.073375e-06
1.072575e-06
1.0717959e-06
1.071037e-06
1.0702975e-06
1.0695767e-06
1.068874e-06
1.0681886e-06
1.0675201e-06
1.0668677e-06
1.0662309e-06
1.0656093e-06
1.065002e-06
1.0644092e-06
1.063828e-06
1.0632637e-06
1.0626953e-06
1.062207e-06
1.0613769e-06
1.2797603e-06
1.2766834e-06
1.2737307e-06
1.2708955e-06
1.2681719e-06
1.2655541e-06
1.2630368e-06
1.2606149e-06
1.2582838e-06
1.2560391e-06
1.2538765e-06
1.2517923e-06
1.2497827e-06
1.2478443e-06
1.2459737e-06
1.2441679e-06
1.2424239e-06
1.2407389e-06
1.2391102e-06
1.2375354e-06
1.2360121e-06
1.2345379e-06
1.2331107e-06
1.2317286e-06
1.2303895e-06
1.2290915e-06
1.227833e-06
1.2266122e-06
1.2254276e-06
1.2242776e-06
1.2231609e-06
1.2220759e-06
1.2210216e-06
1.2199965e-06
1.2189995e-06
1.2180296e-06
1.2170856e-06
1.2161666e-06
1.2152717e-06
1.2143998e-06
1.2135502e-06
1.2127221e-06
1.2119146e-06
1.211127e-06
1.2103587e-06
1.209609e-06
1.208877e-06
1.2081625e-06
1.2074643e-06
1.2067827e-06
1.2061146e-06
1.2054657e-06
1.2048121e-06
1.2042506e-06
1.2032956e-06
1.4314378e-06
1.42795e-06
1.4246026e-06
1.4213883e-06
1.4183002e-06
1.4153318e-06
1.412477e-06
1.4097303e-06
1.4070864e-06
1.4045402e-06
1.4020871e-06
1.3997227e-06
1.3974428e-06
1.3952435e-06
1.393121e-06
1.391072e-06
1.3890929e-06
1.3871807e-06
1.3853324e-06
1.3835451e-06
1.3818162e-06
1.3801429e-06
1.378523e-06
1.3769541e-06
1.3754339e-06
1.3739605e-06
1.3725317e-06
1.3711458e-06
1.3698008e-06
1.3684951e-06
1.3672271e-06
1.3659952e-06
1.3647979e-06
1.3636338e-06
1.3625015e-06
1.3614e-06
1.3603279e-06
1.359284e-06
1.3582674e-06
1.357277e-06
1.3563119e-06
1.355371e-06
1.3544535e-06
1.3535587e-06
1.3526856e-06
1.3518336e-06
1.3510018e-06
1.3501896e-06
1.349396e-06
1.3486212e-06
1.3478617e-06
1.3471239e-06
1.3463808e-06
1.3457423e-06
1.3446561e-06
1.5832343e-06
1.5793168e-06
1.5755567e-06
1.5719458e-06
1.5684763e-06
1.565141e-06
1.5619333e-06
1.5588467e-06
1.5558753e-06
1.5530137e-06
1.5502565e-06
1.5475988e-06
1.5450359e-06
1.5425635e-06
1.5401774e-06
1.5378737e-06
1.5356486e-06
1.5334985e-06
1.5314202e-06
1.5294104e-06
1.5274661e-06
1.5255844e-06
1.5237625e-06
1.521998e-06
1.5202883e-06
1.518631e-06
1.5170239e-06
1.515465e-06
1.513952e-06
1.5124832e-06
1.5110567e-06
1.5096708e-06
1.5083237e-06
1.507014e-06
1.50574e-06
1.5045005e-06
1.5032941e-06
1.5021195e-06
1.5009754e-06
1.4998607e-06
1.4987745e-06
1.4977155e-06
1.4966827e-06
1.4956754e-06
1.4946925e-06
1.4937333e-06
1.4927967e-06
1.4918822e-06
1.4909886e-06
1.490116e-06
1.4892606e-06
1.4884295e-06
1.4875926e-06
1.4868734e-06
1.4856494e-06
1.735297e-06
1.7309309e-06
1.7267398e-06
1.7227145e-06
1.7188467e-06
1.7151283e-06
1.7115517e-06
1.70811e-06
1.7047966e-06
1.7016052e-06
1.6985302e-06
1.695566e-06
1.6927074e-06
1.6899496e-06
1.6872879e-06
1.6847179e-06
1.6822355e-06
1.6798368e-06
1.677518e-06
1.6752755e-06
1.673106e-06
1.6710063e-06
1.6689734e-06
1.6670043e-06
1.6650963e-06
1.6632467e-06
1.6614532e-06
1.6597132e-06
1.6580246e-06
1.6563852e-06
1.6547929e-06
1.6532458e-06
1.6517421e-06
1.65028e-06
1.6488578e-06
1.647474e-06
1.646127e-06
1.6448155e-06
1.6435381e-06
1.6422934e-06
1.6410804e-06
1.6398978e-06
1.6387444e-06
1.6376193e-06
1.6365215e-06
1.63545e-06
1.6344038e-06
1.6333822e-06
1.6323838e-06
1.6314089e-06
1.630453e-06
1.6295243e-06
1.6285892e-06
1.6277854e-06
1.6264172e-06
1.8877358e-06
1.8829019e-06
1.8782614e-06
1.8738042e-06
1.8695209e-06
1.8654028e-06
1.8614415e-06
1.8576293e-06
1.853959e-06
1.8504237e-06
1.847017e-06
1.843733e-06
1.8405657e-06
1.83751e-06
1.8345606e-06
1.8317127e-06
1.8289618e-06
1.8263034e-06
1.8237335e-06
1.8212481e-06
1.8188436e-06
1.8165163e-06
1.8142628e-06
1.8120801e-06
1.8099651e-06
1.8079147e-06
1.8059264e-06
1.8039974e-06
1.8021253e-06
1.8003077e-06
1.7985422e-06
1.7968269e-06
1.7951595e-06
1.7935382e-06
1.7919612e-06
1.7904266e-06
1.7889328e-06
1.7874783e-06
1.7860615e-06
1.784681e-06
1.7833355e-06
1.7820237e-06
1.7807443e-06
1.7794962e-06
1.7782783e-06
1.7770895e-06
1.7759286e-06
1.7747951e-06
1.7736872e-06
1.7726053e-06
1.7715444e-06
1.7705137e-06
1.7694757e-06
1.7685836e-06
1.7670644e-06
2.0406334e-06
2.0353125e-06
2.030204e-06
2.0252969e-06
2.020581e-06
2.0160466e-06
2.0116845e-06
2.0074864e-06
2.0034442e-06
1.9995505e-06
1.9957983e-06
1.9921809e-06
1.988692e-06
1.9853257e-06
1.9820765e-06
1.9789389e-06
1.975908e-06
1.972979e-06
1.9701473e-06
1.9674087e-06
1.964759e-06
1.9621943e-06
1.959711e-06
1.9573055e-06
1.9549746e-06
1.9527148e-06
1.9505233e-06
1.9483972e-06
1.9463337e-06
1.9443302e-06
1.9423842e-06
1.9404933e-06
1.9386552e-06
1.9368679e-06
1.9351292e-06
1.9334374e-06
1.9317905e-06
1.9301868e-06
1.9286246e-06
1.9271024e-06
1.9256187e-06
1.9241721e-06
1.9227611e-06
1.9213846e-06
1.9200413e-06
1.9187301e-06
1.9174497e-06
1.9161993e-06
1.914977e-06
1.9137834e-06
1.9126131e-06
1.9114757e-06
1.9103305e-06
1.9093461e-06
1.9076693e-06
2.1940517e-06
2.1882244e-06
2.1826294e-06
2.1772545e-06
2.1720886e-06
2.1671211e-06
2.1623422e-06
2.1577426e-06
2.1533135e-06
2.1490469e-06
2.144935e-06
2.1409707e-06
2.137147e-06
2.1334575e-06
2.1298961e-06
2.126457e-06
2.1231346e-06
2.1199238e-06
2.1168196e-06
2.1138172e-06
2.1109123e-06
2.1081005e-06
2.1053777e-06
2.1027403e-06
2.1001844e-06
2.0977066e-06
2.0953035e-06
2.0929721e-06
2.0907092e-06
2.088512e-06
2.0863778e-06
2.084304e-06
2.0822882e-06
2.0803278e-06
2.0784209e-06
2.0765652e-06
2.0747587e-06
2.0729995e-06
2.0712859e-06
2.069616e-06
2.0679883e-06
2.0664012e-06
2.0648532e-06
2.0633429e-06
2.061869e-06
2.0604302e-06
2.0590251e-06
2.0576529e-06
2.0563115e-06
2.0550015e-06
2.0537168e-06
2.0524684e-06
2.0512112e-06
2.0501307e-06
2.0482896e-06
2.3480374e-06
2.3416844e-06
2.335584e-06
2.3297232e-06
2.32409e-06
2.3186727e-06
2.3134606e-06
2.3084438e-06
2.3036127e-06
2.2989585e-06
2.2944729e-06
2.2901479e-06
2.2859762e-06
2.2819508e-06
2.2780648e-06
2.2743121e-06
2.2706867e-06
2.2671828e-06
2.2637952e-06
2.2605186e-06
2.2573481e-06
2.2542792e-06
2.2513075e-06
2.2484287e-06
2.2456389e-06
2.2429341e-06
2.2403109e-06
2.2377659e-06
2.2352956e-06
2.2328969e-06
2.230567e-06
2.228303e-06
2.226102e-06
2.2239617e-06
2.2218796e-06
2.2198534e-06
2.2178809e-06
2.2159599e-06
2.2140886e-06
2.2122651e-06
2.2104875e-06
2.2087542e-06
2.2070635e-06
2.205414e-06
2.2038041e-06
2.2022325e-06
2.2006976e-06
2.1991986e-06
2.1977332e-06
2.1963019e-06
2.1948984e-06
2.1935342e-06
2.1921606e-06
2.19098e-06
2.1889676e-06
2.5026255e-06
2.4957272e-06
2.4891028e-06
2.482738e-06
2.4766198e-06
2.4707358e-06
2.4650743e-06
2.4596244e-06
2.454376e-06
2.4493195e-06
2.4444459e-06
2.4397466e-06
2.4352135e-06
2.4308392e-06
2.4266162e-06
2.4225379e-06
2.4185976e-06
2.4147894e-06
2.4111073e-06
2.4075458e-06
2.4040995e-06
2.4007635e-06
2.397533e-06
2.3944035e-06
2.3913706e-06
2.3884301e-06
2.3855781e-06
2.3828111e-06
2.3801253e-06
2.3775172e-06
2.3749839e-06
2.372522e-06
2.3701288e-06
2.3678014e-06
2.3655372e-06
2.3633337e-06
2.3611886e-06
2.3590995e-06
2.3570644e-06
2.355081e-06
2.3531477e-06
2.3512624e-06
2.3494234e-06
2.3476291e-06
2.3458778e-06
2.3441681e-06
2.3424983e-06
2.3408674e-06
2.339273e-06
2.3377158e-06
2.3361885e-06
2.334704e-06
2.3332092e-06
2.3319245e-06
2.3297341e-06
2.6578422e-06
2.6503791e-06
2.6432117e-06
2.6363246e-06
2.6297039e-06
2.6233361e-06
2.6172088e-06
2.61131e-06
2.605629e-06
2.6001554e-06
2.5948794e-06
2.5897918e-06
2.5848839e-06
2.5801476e-06
2.575575e-06
2.5711588e-06
2.566892e-06
2.5627679e-06
2.5587803e-06
2.5549231e-06
2.5511907e-06
2.5475774e-06
2.5440784e-06
2.5406886e-06
2.5374033e-06
2.5342181e-06
2.5311287e-06
2.5281312e-06
2.5252215e-06
2.5223961e-06
2.5196515e-06
2.5169844e-06
2.5143914e-06
2.5118698e-06
2.5094166e-06
2.5070291e-06
2.5047047e-06
2.502441e-06
2.5002357e-06
2.4980864e-06
2.4959913e-06
2.4939482e-06
2.4919551e-06
2.4900105e-06
2.4881124e-06
2.4862592e-06
2.4844493e-06
2.4826814e-06
2.4809531e-06
2.4792649e-06
2.4776091e-06
2.4759996e-06
2.4743789e-06
2.472986e-06
2.4706105e-06
2.8137068e-06
2.8056593e-06
2.7979299e-06
2.7905023e-06
2.7833614e-06
2.7764928e-06
2.769883e-06
2.7635195e-06
2.7573904e-06
2.7514846e-06
2.7457917e-06
2.7403019e-06
2.7350057e-06
2.7298943e-06
2.7249594e-06
2.720193e-06
2.7155877e-06
2.7111362e-06
2.7068319e-06
2.7026681e-06
2.6986388e-06
2.6947382e-06
2.6909607e-06
2.6873009e-06
2.683754e-06
2.6803149e-06
2.6769793e-06
2.6737427e-06
2.670601e-06
2.6675501e-06
2.6645864e-06
2.6617062e-06
2.6589062e-06
2.656183e-06
2.6535337e-06
2.6509553e-06
2.648445e-06
2.6460002e-06
2.6436183e-06
2.6412969e-06
2.6390339e-06
2.636827e-06
2.6346742e-06
2.6325735e-06
2.630523e-06
2.6285211e-06
2.6265658e-06
2.6246558e-06
2.6227884e-06
2.6209643e-06
2.6191752e-06
2.617436e-06
2.6156846e-06
2.6141794e-06
2.6116118e-06
2.9702338e-06
2.9615822e-06
2.9532718e-06
2.9452853e-06
2.9376064e-06
2.9302197e-06
2.9231109e-06
2.9162664e-06
2.9096736e-06
2.9033207e-06
2.8971964e-06
2.8912901e-06
2.8855919e-06
2.8800922e-06
2.8747822e-06
2.8696532e-06
2.8646973e-06
2.8599067e-06
2.8552743e-06
2.850793e-06
2.8464563e-06
2.8422579e-06
2.8381918e-06
2.8342525e-06
2.8304345e-06
2.8267324e-06
2.8231415e-06
2.8196572e-06
2.816275e-06
2.8129904e-06
2.8097996e-06
2.8066987e-06
2.803684e-06
2.800752e-06
2.7978994e-06
2.7951231e-06
2.7924201e-06
2.7897875e-06
2.7872226e-06
2.7847228e-06
2.7822859e-06
2.7799092e-06
2.7775907e-06
2.7753283e-06
2.7731199e-06
2.7709637e-06
2.7688576e-06
2.7668003e-06
2.7647887e-06
2.7628238e-06
2.7608963e-06
2.7590226e-06
2.7571357e-06
2.7555141e-06
2.7527472e-06
3.1274337e-06
3.1181582e-06
3.1092478e-06
3.1006838e-06
3.092449e-06
3.084527e-06
3.0769024e-06
3.0695608e-06
3.0624887e-06
3.0556734e-06
3.0491029e-06
3.042766e-06
3.036652e-06
3.0307506e-06
3.0250524e-06
3.0195483e-06
3.0142296e-06
3.0090882e-06
3.0041162e-06
2.9993063e-06
2.9946514e-06
2.9901448e-06
2.98578e-06
2.9815512e-06
2.9774524e-06
2.973478e-06
2.9696229e-06
2.9658822e-06
2.9622508e-06
2.9587243e-06
2.9552984e-06
2.9519689e-06
2.9487319e-06
2.9455836e-06
2.9425205e-06
2.9395393e-06
2.9366367e-06
2.9338096e-06
2.9310552e-06
2.9283706e-06
2.9257534e-06
2.923201e-06
2.9207109e-06
2.9182809e-06
2.915909e-06
2.913593e-06
2.9113307e-06
2.9091207e-06
2.9069598e-06
2.9048489e-06
2.9027782e-06
2.9007651e-06
2.8987378e-06
2.8969956e-06
2.894022e-06
3.2853142e-06
3.275395e-06
3.2658653e-06
3.2567054e-06
3.2478967e-06
3.239422e-06
3.2312648e-06
3.2234097e-06
3.2158425e-06
3.2085495e-06
3.2015181e-06
3.1947361e-06
3.1881923e-06
3.1818758e-06
3.1757764e-06
3.1698844e-06
3.1641907e-06
3.1586864e-06
3.1533634e-06
3.1482135e-06
3.1432295e-06
3.1384041e-06
3.1337304e-06
3.129202e-06
3.1248129e-06
3.1205568e-06
3.1164283e-06
3.1124221e-06
3.1085331e-06
3.1047562e-06
3.101087e-06
3.0975209e-06
3.0940538e-06
3.0906817e-06
3.0874008e-06
3.0842075e-06
3.0810983e-06
3.07807e-06
3.0751194e-06
3.0722436e-06
3.0694399e-06
3.0667054e-06
3.0640377e-06
3.0614344e-06
3.0588931e-06
3.0564117e-06
3.0539877e-06
3.0516197e-06
3.0493043e-06
3.0470423e-06
3.0448232e-06
3.0426658e-06
3.0404932e-06
3.0386261e-06
3.0354386e-06
3.443881e-06
3.4332981e-06
3.42313e-06
3.4133554e-06
3.4039549e-06
3.3949099e-06
3.3862031e-06
3.3778182e-06
3.3697398e-06
3.3619538e-06
3.3544464e-06
3.347205e-06
3.3402173e-06
3.333472e-06
3.3269581e-06
3.3206655e-06
3.3145842e-06
3.308705e-06
3.3030191e-06
3.2975181e-06
3.2921939e-06
3.2870389e-06
3.2820458e-06
3.2772079e-06
3.2725185e-06
3.2679711e-06
3.26356e-06
3.2592794e-06
3.2551239e-06
3.2510881e-06
3.2471673e-06
3.2433566e-06
3.2396516e-06
3.236048e-06
3.2325418e-06
3.2291291e-06
3.2258063e-06
3.2225698e-06
3.2194163e-06
3.2163427e-06
3.2133461e-06
3.2104234e-06
3.207572e-06
3.2047894e-06
3.2020729e-06
3.1994204e-06
3.1968292e-06
3.1942978e-06
3.1918225e-06
3.1894041e-06
3.1870316e-06
3.1847249e-06
3.1824018e-06
3.1804055e-06
3.1769966e-06
3.6031383e-06
3.5918719e-06
3.5810459e-06
3.570638e-06
3.5606274e-06
3.5509946e-06
3.5417212e-06
3.5327898e-06
3.5241843e-06
3.5158896e-06
3.5078912e-06
3.5001756e-06
3.4927299e-06
3.485542e-06
3.4786003e-06
3.4718939e-06
3.4654126e-06
3.4591462e-06
3.4530857e-06
3.4472218e-06
3.4415463e-06
3.4360508e-06
3.4307279e-06
3.4255701e-06
3.4205705e-06
3.4157222e-06
3.4110189e-06
3.4064549e-06
3.4020239e-06
3.3977206e-06
3.3935397e-06
3.3894762e-06
3.3855253e-06
3.3816825e-06
3.3779434e-06
3.374304e-06
3.3707604e-06
3.3673088e-06
3.3639456e-06
3.3606675e-06
3.3574715e-06
3.3543543e-06
3.351313e-06
3.3483449e-06
3.3454474e-06
3.342618e-06
3.339854e-06
3.3371536e-06
3.3345129e-06
3.331933e-06
3.3294018e-06
3.3269407e-06
3.3244621e-06
3.3223322e-06
3.3186943e-06
3.7630895e-06
3.7511196e-06
3.7396164e-06
3.7285562e-06
3.7179173e-06
3.707679e-06
3.6978217e-06
3.6883272e-06
3.6791784e-06
3.6703593e-06
3.6618547e-06
3.6536501e-06
3.645732e-06
3.6380875e-06
3.6307045e-06
3.6235714e-06
3.6166771e-06
3.6100113e-06
3.603564e-06
3.5973257e-06
3.5912874e-06
3.5854405e-06
3.579777e-06
3.5742889e-06
3.568969e-06
3.5638099e-06
3.558805e-06
3.5539481e-06
3.5492327e-06
3.544653e-06
3.5402036e-06
3.535879e-06
3.5316741e-06
3.5275841e-06
3.5236045e-06
3.5197309e-06
3.5159592e-06
3.5122853e-06
3.5087055e-06
3.5052162e-06
3.5018142e-06
3.4984959e-06
3.4952584e-06
3.4920989e-06
3.4890143e-06
3.4860022e-06
3.4830595e-06
3.4801845e-06
3.477373e-06
3.4746261e-06
3.471931e-06
3.4693103e-06
3.466671e-06
3.4644032e-06
3.4605285e-06
3.9237375e-06
3.9110439e-06
3.898844e-06
3.8871127e-06
3.8758272e-06
3.8649654e-06
3.854507e-06
3.8444326e-06
3.8347242e-06
3.8253649e-06
3.8163385e-06
3.80763e-06
3.799225e-06
3.79111e-06
3.7832719e-06
3.7756987e-06
3.7683786e-06
3.7613007e-06
3.7544545e-06
3.7478299e-06
3.7414174e-06
3.7352079e-06
3.7291929e-06
3.723364e-06
3.7177135e-06
3.7122336e-06
3.7069174e-06
3.7017582e-06
3.6967493e-06
3.6918843e-06
3.6871576e-06
3.6825634e-06
3.6780963e-06
3.6737512e-06
3.6695232e-06
3.6654078e-06
3.6614005e-06
3.6574971e-06
3.6536937e-06
3.6499863e-06
3.6463715e-06
3.6428457e-06
3.6394057e-06
3.6360483e-06
3.6327706e-06
3.6295698e-06
3.6264427e-06
3.6233874e-06
3.6203995e-06
3.6174801e-06
3.6146157e-06
3.6118302e-06
3.6090249e-06
3.6066145e-06
3.6024952e-06
4.0850847e-06
4.0716475e-06
4.0587313e-06
4.04631e-06
4.0343592e-06
4.0228562e-06
4.0117791e-06
4.0011079e-06
3.9908234e-06
3.9809079e-06
3.9713443e-06
3.9621168e-06
3.9532102e-06
3.9446103e-06
3.9363033e-06
3.9282765e-06
3.9205176e-06
3.9130149e-06
3.9057574e-06
3.8987345e-06
3.8919361e-06
3.8853527e-06
3.8789751e-06
3.8727947e-06
3.8668032e-06
3.8609924e-06
3.855355e-06
3.849884e-06
3.8445721e-06
3.8394127e-06
3.8343999e-06
3.8295275e-06
3.8247898e-06
3.8201814e-06
3.8156971e-06
3.8113322e-06
3.8070819e-06
3.8029416e-06
3.7989073e-06
3.7949748e-06
3.7911405e-06
3.7874005e-06
3.7837514e-06
3.7801899e-06
3.7767128e-06
3.7733172e-06
3.7699997e-06
3.7667584e-06
3.7635883e-06
3.7604909e-06
3.7574517e-06
3.7544961e-06
3.7515195e-06
3.7489619e-06
3.7445899e-06
4.2471339e-06
4.2329328e-06
4.2192808e-06
4.2061503e-06
4.1935159e-06
4.1813535e-06
4.1696403e-06
4.1583551e-06
4.1474779e-06
4.13699e-06
4.1268736e-06
4.1171118e-06
4.1076888e-06
4.0985895e-06
4.0897997e-06
4.0813056e-06
4.0730946e-06
4.0651542e-06
4.057473e-06
4.0500395e-06
4.0428434e-06
4.0358745e-06
4.0291232e-06
4.0225803e-06
4.0162372e-06
4.0100852e-06
4.0041166e-06
3.9983239e-06
3.9926996e-06
3.9872367e-06
3.9819287e-06
3.9767694e-06
3.9717525e-06
3.9668725e-06
3.9621239e-06
3.9575015e-06
3.9530005e-06
3.9486159e-06
3.9443434e-06
3.9401788e-06
3.936118e-06
3.932157e-06
3.9282922e-06
3.9245201e-06
3.9208373e-06
3.9172407e-06
3.9137268e-06
3.9102934e-06
3.9069355e-06
3.9036544e-06
3.9004348e-06
3.8973037e-06
3.8941502e-06
3.8914408e-06
3.8868081e-06
4.2096015e-06
4.2017451e-06
4.1941393e-06
4.1867731e-06
4.1796367e-06
4.1727203e-06
4.1660149e-06
4.1595112e-06
4.1532011e-06
4.1470769e-06
4.1411305e-06
4.1353545e-06
4.1297424e-06
4.1242872e-06
4.1189825e-06
4.1138225e-06
4.1088013e-06
4.1039134e-06
4.0991538e-06
4.0945173e-06
4.0899992e-06
4.0855951e-06
4.0813007e-06
4.0771119e-06
4.0730246e-06
4.0690353e-06
4.0651404e-06
4.0613366e-06
4.0576201e-06
4.0539887e-06
4.050437e-06
4.0469664e-06
4.0435608e-06
4.0402485e-06
4.0369126e-06
4.0340466e-06
4.0291448e-06
4.3458241e-06
4.3380489e-06
4.3305158e-06
4.3232146e-06
4.3161358e-06
4.3092698e-06
4.3026079e-06
4.296142e-06
4.2898637e-06
4.2837652e-06
4.2778394e-06
4.2720793e-06
4.266478e-06
4.2610293e-06
4.2557271e-06
4.2505656e-06
4.2455395e-06
4.2406432e-06
4.235872e-06
4.231221e-06
4.2266859e-06
4.2222621e-06
4.2179455e-06
4.2137323e-06
4.2096187e-06
4.2056013e-06
4.2016759e-06
4.1978403e-06
4.1940888e-06
4.1904229e-06
4.1868255e-06
4.1833264e-06
4.1798024e-06
4.176775e-06
4.1715955e-06
4.4666002e-06
4.459361e-06
4.4523367e-06
4.4455189e-06
4.4388986e-06
4.4324678e-06
4.426219e-06
4.4201446e-06
4.4142377e-06
4.4084915e-06
4.4028998e-06
4.3974563e-06
4.3921555e-06
4.3869917e-06
4.3819596e-06
4.3770542e-06
4.3722709e-06
4.367605e-06
4.3630521e-06
4.3586082e-06
4.3542692e-06
4.3500315e-06
4.3458909e-06
4.3418449e-06
4.3378874e-06
4.3340201e-06
4.330225e-06
4.3265335e-06
4.3228155e-06
4.3196217e-06
4.314156e-06
4.5952076e-06
4.5882352e-06
4.5814621e-06
4.5748806e-06
4.5684826e-06
4.5622608e-06
4.5562083e-06
4.5503183e-06
4.5445844e-06
4.5390006e-06
4.533561e-06
4.5282602e-06
4.5230927e-06
4.5180538e-06
4.5131384e-06
4.508342e-06
4.5036604e-06
4.4990892e-06
4.4946246e-06
4.4902622e-06
4.4859994e-06
4.4818297e-06
4.4777549e-06
4.4737561e-06
4.4698662e-06
4.4659484e-06
4.4625831e-06
4.4568223e-06
4.6860739e-06
4.6803504e-06
4.6747727e-06
4.6693353e-06
4.6640331e-06
4.6588608e-06
4.6538136e-06
4.6488871e-06
4.6440767e-06
4.6393784e-06
4.6347876e-06
4.6303014e-06
4.6259132e-06
4.6216246e-06
4.6174159e-06
4.6133216e-06
4.609198e-06
4.6056561e-06
4.5995911e-06
4.810208e-06
4.8047712e-06
4.7994658e-06
4.7942871e-06
4.7892304e-06
4.7842915e-06
4.7794654e-06
4.7747491e-06
4.7701358e-06
4.7656271e-06
4.7612023e-06
4.7568975e-06
4.7525618e-06
)
;

boundaryField
{
    inlet
    {
        type            calculated;
        value           nonuniform List<scalar> 0();
    }
    top
    {
        type            calculated;
        value           nonuniform List<scalar> 0();
    }
    outlet
    {
        type            calculated;
        value           nonuniform List<scalar> 
34
(
4.031316e-10
4.7864142e-08
1.8046722e-07
3.3130157e-07
4.8151994e-07
6.2921804e-07
7.7474211e-07
9.1864186e-07
1.0613769e-06
1.2032956e-06
1.3446561e-06
1.4856494e-06
1.6264172e-06
1.7670644e-06
1.9076693e-06
2.0482896e-06
2.1889676e-06
2.3297341e-06
2.4706105e-06
2.6116118e-06
2.7527472e-06
2.894022e-06
3.0354386e-06
3.1769966e-06
3.3186943e-06
3.4605285e-06
3.6024952e-06
3.7445899e-06
3.8868081e-06
4.0291448e-06
4.1715955e-06
4.314156e-06
4.4568223e-06
4.5995911e-06
)
;
    }
    slipsurface
    {
        type            slip;
    }
    bottom
    {
        type            nutkWallFunction;
        Cmu             0.09;
        kappa           0.41;
        E               9.8;
        value           uniform 0;
    }
    frontandback
    {
        type            empty;
    }
    procBoundary11to8
    {
        type            processor;
        value           nonuniform List<scalar> 
30
(
4.7778192e-10
5.4480173e-08
1.9758598e-07
3.5723861e-07
5.1461214e-07
5.1461214e-07
6.707626e-07
8.2512613e-07
9.7831079e-07
1.1308038e-06
1.282969e-06
1.4350746e-06
1.5873188e-06
1.7398489e-06
1.892775e-06
2.0461799e-06
2.2001255e-06
2.3546586e-06
2.5098144e-06
2.665619e-06
2.8220919e-06
2.9792476e-06
3.1370965e-06
3.2956466e-06
3.4549034e-06
3.6148714e-06
3.7755538e-06
3.9369536e-06
4.0990734e-06
4.2619158e-06
)
;
    }
    procBoundary11to10
    {
        type            processor;
        value           nonuniform List<scalar> 
62
(
4.4098879e-06
4.3949029e-06
4.3804954e-06
4.3666366e-06
4.3532998e-06
4.3404599e-06
4.3280929e-06
4.3161765e-06
4.3046899e-06
4.2936134e-06
4.2829281e-06
4.2726167e-06
4.2626622e-06
4.253049e-06
4.243762e-06
4.234787e-06
4.2261104e-06
4.2177193e-06
4.2177193e-06
4.3621437e-06
4.353852e-06
4.353852e-06
4.4978989e-06
4.4897025e-06
4.4817609e-06
4.4740635e-06
4.4740635e-06
4.6174089e-06
4.6097853e-06
4.602388e-06
4.602388e-06
4.7452092e-06
4.7378742e-06
4.7307488e-06
4.7238246e-06
4.7170934e-06
4.7105474e-06
4.7041793e-06
4.6979821e-06
4.6919491e-06
4.6919491e-06
4.8333754e-06
4.8273594e-06
4.8214967e-06
4.8157814e-06
4.748838e-06
4.7424597e-06
4.8157814e-06
4.9565786e-06
4.9508694e-06
4.9452982e-06
4.9398599e-06
4.9345496e-06
4.9293629e-06
4.9242946e-06
4.9193415e-06
4.9144964e-06
4.9097611e-06
4.9051137e-06
4.9005921e-06
4.748838e-06
4.8960381e-06
)
;
    }
}


// ************************************************************************* //
