/*--------------------------------*- C++ -*----------------------------------*\
  =========                 |
  \\      /  F ield         | OpenFOAM: The Open Source CFD Toolbox
   \\    /   O peration     | Website:  https://openfoam.org
    \\  /    A nd           | Version:  12
     \\/     M anipulation  |
\*---------------------------------------------------------------------------*/
FoamFile
{
    format      ascii;
    class       volVectorField;
    location    "1800";
    object      U;
}
// * * * * * * * * * * * * * * * * * * * * * * * * * * * * * * * * * * * * * //

dimensions      [0 1 -1 0 0 0 0];

internalField   nonuniform List<vector> 
820
(
(1.0001622 0.0017286543 0)
(1.0001588 0.0016533704 0)
(1.000156 0.0015865701 0)
(1.0001539 0.0015266863 0)
(1.0001521 0.0014725354 0)
(1.0001508 0.0014231915 0)
(1.0001498 0.0013779186 0)
(1.0001491 0.0013361279 0)
(1.0001489 0.0012973353 0)
(1.000149 0.0012611324 0)
(1.0001497 0.0012271793 0)
(1.0001509 0.0011951489 0)
(1.0001529 0.0011647541 0)
(1.0001558 0.0011357573 0)
(1.0001599 0.0011078943 0)
(1.0001657 0.0010808787 0)
(1.0001737 0.0010543913 0)
(1.0001846 0.0010280356 0)
(1.0001995 0.0010012853 0)
(1.0002201 0.00097335166 0)
(1.0002487 0.00094308566 0)
(1.0002883 0.00090832179 0)
(1.0003463 0.00086599201 0)
(1.0004266 0.00080855225 0)
(1.0005606 0.0007244059 0)
(1.0007209 0.00057981896 0)
(1.0011558 0.00034688134 0)
(1.001488 -0.00069931858 0)
(1.001094 -0.0028030408 -8.5154143e-18)
(0.9986879 -0.0027332306 0)
(0.99769726 -0.00071512542 0)
(0.99807799 0.00097235202 0)
(0.99894762 0.0015531329 0)
(0.99950681 0.0018569933 0)
(1.0002496 0.0017290578 0)
(1.0002453 0.0016537017 0)
(1.0002416 0.0015868425 0)
(1.0002384 0.0015269093 0)
(1.0002358 0.0014727157 0)
(1.0002335 0.0014233336 0)
(1.0002316 0.0013780248 0)
(1.0002302 0.0013361984 0)
(1.0002292 0.0012973685 0)
(1.0002287 0.0012611246 0)
(1.0002288 0.0012271237 0)
(1.0002295 0.0011950379 0)
(1.0002311 0.0011645768 0)
(1.0002337 0.0011354959 0)
(1.0002377 0.0011075259 0)
(1.0002434 0.0010803725 0)
(1.0002513 0.0010537049 0)
(1.0002623 0.0010271098 0)
(1.0002773 0.0010000367 0)
(1.000298 0.00097165791 0)
(1.0003268 0.00094077073 0)
(1.0003666 0.00090510355 0)
(1.0004244 0.0008614763 0)
(1.0005042 0.00080187936 0)
(1.0006356 0.00071503127 0)
(1.0007956 0.00056335654 0)
(1.0011994 0.00031651505 0)
(1.0014932 -0.00068915184 0)
(1.0011147 -0.0027058481 0)
(0.99881746 -0.0026358545 0)
(0.99781088 -0.00071931051 0)
(0.99811456 0.0009360352 7.8497823e-19)
(0.99894202 0.0015229896 0)
(0.99949298 0.0018331619 0)
(1.0003325 0.0017295393 0)
(1.0003284 0.001654123 0)
(1.0003247 0.0015872102 0)
(1.0003214 0.0015272285 0)
(1.0003183 0.00147299 0)
(1.0003156 0.0014235653 0)
(1.0003133 0.0013782144 0)
(1.0003113 0.0013363446 0)
(1.0003098 0.0012974683 0)
(1.0003087 0.0012611731 0)
(1.0003082 0.0012271128 0)
(1.0003085 0.0011949585 0)
(1.0003096 0.0011644162 0)
(1.0003118 0.0011352341 0)
(1.0003153 0.001107137 0)
(1.0003206 0.001079822 0)
(1.0003282 0.0010529455 0)
(1.0003389 0.0010260755 0)
(1.0003537 0.00099863476 0)
(1.0003742 0.00096975272 0)
(1.0004027 0.00093816712 0)
(1.0004421 0.0009014941 0)
(1.0004991 0.00085642195 0)
(1.0005778 0.00079448901 0)
(1.0007055 0.00070456859 0)
(1.0008633 0.00054574627 0)
(1.0012347 0.0002851754 0)
(1.001487 -0.00067733331 0)
(1.0011156 -0.0025988911 0)
(0.99892912 -0.0025303932 0)
(0.9979172 -0.00072062844 8.525875e-18)
(0.99813462 0.00089856601 -1.7729903e-18)
(0.99889783 0.0014918573 0)
(0.99944355 0.0018065672 0)
(1.0004074 0.001729951 0)
(1.0004048 0.001654517 0)
(1.0004021 0.0015875812 0)
(1.0003994 0.0015275728 0)
(1.0003968 0.0014733045 0)
(1.0003943 0.001423847 0)
(1.0003919 0.0013784595 0)
(1.0003899 0.0013365483 0)
(1.0003881 0.0012976244 0)
(1.0003868 0.0012612741 0)
(1.000386 0.0012271478 0)
(1.0003859 0.0011949159 0)
(1.0003866 0.0011642805 0)
(1.0003884 0.0011349821 0)
(1.0003915 0.0011067391 0)
(1.0003964 0.0010792392 0)
(1.0004036 0.0010521245 0)
(1.0004139 0.0010249425 0)
(1.0004283 0.00099708645 0)
(1.0004482 0.00096763951 0)
(1.0004761 0.00093527307 0)
(1.0005148 0.00089748583 0)
(1.0005706 0.00085081419 0)
(1.0006475 0.00078636701 0)
(1.0007709 0.00069300603 0)
(1.0009242 0.00052710078 0)
(1.0012616 0.00025358588 0)
(1.0014718 -0.00066367859 0)
(1.0011028 -0.0024815538 -4.3447751e-18)
(0.99902871 -0.00241665 0)
(0.99801474 -0.00071883188 0)
(0.99815491 0.00086069762 -2.8478033e-18)
(0.99884271 0.0014607152 0)
(0.99938243 0.0017769135 0)
(1.0004736 0.0017301148 0)
(1.0004732 0.0016547407 0)
(1.0004721 0.0015878391 0)
(1.0004707 0.0015278472 0)
(1.000469 0.0014735821 0)
(1.0004671 0.0014241164 0)
(1.0004653 0.0013787103 0)
(1.0004635 0.0013367701 0)
(1.0004619 0.0012978065 0)
(1.0004607 0.0012614044 0)
(1.0004598 0.001227212 0)
(1.0004596 0.0011948986 0)
(1.0004601 0.0011641624 0)
(1.0004616 0.0011347358 0)
(1.0004645 0.0011063304 0)
(1.000469 0.0010786234 0)
(1.0004759 0.0010512416 0)
(1.0004857 0.00102371 0)
(1.0004997 0.00099538952 0)
(1.0005191 0.00096531326 0)
(1.0005462 0.00093207985 0)
(1.0005839 0.00089306611 0)
(1.0006382 0.00084463769 0)
(1.0007129 0.00077750176 0)
(1.0008312 0.00068037256 0)
(1.0009777 0.00050749449 0)
(1.0012801 0.00022335857 0)
(1.0014473 -0.00064799869 0)
(1.0010779 -0.0023536545 8.4939823e-18)
(0.99911891 -0.002294481 0)
(0.9981077 -0.00071297609 0)
(0.998184 0.00082216305 1.899413e-18)
(0.99881171 0.0014297642 0)
(0.99934311 0.0017442728 0)
(1.0005325 0.0017299164 0)
(1.0005341 0.0016546961 0)
(1.0005347 0.0015878995 0)
(1.0005346 0.0015279785 0)
(1.0005339 0.0014737589 0)
(1.0005329 0.0014243181 0)
(1.0005317 0.0013789185 0)
(1.0005305 0.0013369684 0)
(1.0005293 0.0012979785 0)
(1.0005283 0.0012615337 0)
(1.0005276 0.0012272794 0)
(1.0005274 0.0011948844 0)
(1.000528 0.001164043 0)
(1.0005294 0.0011344793 0)
(1.0005322 0.001105897 0)
(1.0005365 0.0010779623 0)
(1.0005431 0.0010502851 0)
(1.0005527 0.001022366 0)
(1.0005662 0.00099353083 0)
(1.000585 0.00096275915 0)
(1.0006115 0.00092857053 0)
(1.0006481 0.00088821657 0)
(1.0007007 0.00083787685 0)
(1.0007726 0.00076789306 0)
(1.0008852 0.00066668882 0)
(1.0010227 0.00048757485 0)
(1.0012898 0.00019075619 0)
(1.0014132 -0.00062770583 0)
(1.0010408 -0.0022126538 0)
(0.99919999 -0.0021639241 0)
(0.99819379 -0.00070230806 0)
(0.9982706 0.00078131117 0)
(0.99885106 0.0013973032 0)
(0.99935187 0.0017094552 0)
(1.0005849 0.0017293686 0)
(1.0005879 0.001654384 0)
(1.0005897 0.0015877539 0)
(1.0005906 0.0015279511 0)
(1.0005908 0.0014738152 0)
(1.0005906 0.0014244299 0)
(1.00059 0.0013790607 0)
(1.0005892 0.0013371184 0)
(1.0005885 0.0012981152 0)
(1.0005878 0.0012616363 0)
(1.0005874 0.0012273254 0)
(1.0005875 0.0011948497 0)
(1.0005882 0.0011638994 0)
(1.0005898 0.0011341899 0)
(1.0005925 0.0011054169 0)
(1.0005969 0.0010772341 0)
(1.0006034 0.0010492332 0)
(1.0006127 0.0010208884 0)
(1.0006259 0.0009914874 0)
(1.0006443 0.00095995317 0)
(1.00067 0.00092472071 0)
(1.0007055 0.00088291462 0)
(1.0007562 0.00083051966 0)
(1.000825 0.00075754791 0)
(1.0009314 0.00065210919 0)
(1.0010568 0.00046713074 0)
(1.0012933 0.00016148685 0)
(1.0013687 -0.00060366551 0)
(1.0009896 -0.0020611298 0)
(0.99926968 -0.0020242902 0)
(0.99827128 -0.00068529038 0)
(0.99836498 0.00073613471 0)
(0.9989034 0.0013610682 0)
(0.99937588 0.0016732603 0)
(1.0006282 0.0017285162 0)
(1.0006324 0.0016538424 0)
(1.0006352 0.0015874313 0)
(1.000637 0.0015277838 0)
(1.0006379 0.0014737575 0)
(1.0006383 0.001424449 0)
(1.0006383 0.0013791292 0)
(1.0006381 0.0013372091 0)
(1.0006378 0.0012982018 0)
(1.0006376 0.001261694 0)
(1.0006376 0.0012273285 0)
(1.000638 0.0011947711 0)
(1.000639 0.001163707 0)
(1.0006408 0.0011338421 0)
(1.0006437 0.001104863 0)
(1.0006482 0.0010764106 0)
(1.0006548 0.0010480566 0)
(1.000664 0.0010192469 0)
(1.000677 0.00098922823 0)
(1.0006951 0.00095686427 0)
(1.0007201 0.00092050128 0)
(1.0007544 0.00087713702 0)
(1.000803 0.00082256531 0)
(1.0008683 0.00074647844 0)
(1.0009678 0.00063697552 0)
(1.001077 0.00044591329 0)
(1.0013109 0.00013431794 0)
(1.0013027 -0.00057514944 0)
(1.0009154 -0.0018968897 0)
(0.99932526 -0.0018759965 0)
(0.99833739 -0.00066149177 0)
(0.99844308 0.00068564038 0)
(0.99893677 0.0013198289 0)
(0.99937909 0.0016356822 0)
(1.000657 0.001727265 0)
(1.000663 0.0016529997 0)
(1.0006673 0.0015868799 0)
(1.0006703 0.0015274449 0)
(1.0006723 0.0014735595 0)
(1.0006736 0.0014243395 0)
(1.0006745 0.0013790805 0)
(1.000675 0.0013371977 0)
(1.0006754 0.001298199 0)
(1.0006759 0.0012616693 0)
(1.0006764 0.0012272512 0)
(1.0006773 0.0011946108 0)
(1.0006788 0.0011634287 0)
(1.000681 0.0011333999 0)
(1.0006843 0.0011041997 0)
(1.000689 0.0010754554 0)
(1.0006958 0.0010467181 0)
(1.0007051 0.0010174037 0)
(1.000718 0.0009867156 0)
(1.0007357 0.00095345658 0)
(1.0007601 0.00091588169 0)
(1.0007932 0.00087086692 0)
(1.0008394 0.00081402111 0)
(1.0009009 0.00073479921 0)
(1.0009914 0.00062134507 0)
(1.0010924 0.00042506743 0)
(1.0012507 0.00011103229 0)
(1.001238 -0.00054142529 0)
(1.0008443 -0.0017221157 0)
(0.99938275 -0.0017173261 0)
(0.99838568 -0.00062815011 0)
(0.99846661 0.00063172775 0)
(0.9989002 0.0012747731 0)
(0.99932141 0.0015966352 0)
(1.000667 0.0017252181 0)
(1.000676 0.001651543 0)
(1.0006827 0.001585818 0)
(1.0006878 0.0015266553 0)
(1.0006916 0.001473016 0)
(1.0006945 0.0014239924 0)
(1.0006967 0.0013788427 0)
(1.0006984 0.0013370142 0)
(1.0006999 0.0012980404 0)
(1.0007012 0.0012615034 0)
(1.0007027 0.0012270365 0)
(1.0007044 0.0011943064 0)
(1.0007065 0.0011629974 0)
(1.0007094 0.0011327968 0)
(1.0007132 0.0011033652 0)
(1.0007184 0.0010743119 0)
(1.0007255 0.0010451649 0)
(1.000735 0.0010153093 0)
(1.000748 0.00098390413 0)
(1.0007654 0.000949691 0)
(1.0007891 0.00091083387 0)
(1.0008208 0.00086410117 0)
(1.0008645 0.00080491743 0)
(1.0009217 0.00072269725 0)
(1.0010024 0.00060526531 0)
(1.0010907 0.00040695237 0)
(1.0012048 9.4862801e-05 0)
(1.0011568 -0.00050355626 0)
(1.0007497 -0.0015377486 0)
(0.99942526 -0.0015460255 0)
(0.99837422 -0.00057991036 0)
(0.99844332 0.00057729665 0)
(0.99882294 0.0012266389 0)
(0.99921951 0.0015553722 0)
(1.0006596 0.0017218142 0)
(1.0006723 0.0016490061 0)
(1.0006822 0.0015839306 0)
(1.0006899 0.0015252549 0)
(1.0006961 0.0014719236 0)
(1.000701 0.0014231047 0)
(1.000705 0.0013781301 0)
(1.0007083 0.001336429 0)
(1.0007112 0.0012975166 0)
(1.0007139 0.0012610011 0)
(1.0007165 0.0012265371 0)
(1.0007192 0.001193772 0)
(1.0007223 0.0011623603 0)
(1.0007259 0.0011319829 0)
(1.0007305 0.0011023028 0)
(1.0007363 0.0010729195 0)
(1.0007439 0.0010433373 0)
(1.0007537 0.001012908 0)
(1.0007667 0.000980745 0)
(1.0007839 0.00094553028 0)
(1.0008068 0.00090534003 0)
(1.0008371 0.00085685755 0)
(1.0008778 0.00079534147 0)
(1.0009301 0.00071034413 0)
(1.0010004 0.00058945825 0)
(1.0010732 0.00039116981 0)
(1.0011499 8.4646389e-05 0)
(1.0010646 -0.00045922006 0)
(1.0006328 -0.0013471456 0)
(0.99944908 -0.001363186 0)
(0.99837883 -0.00051266884 0)
(0.9984156 0.00052827056 0)
(0.99872757 0.0011766172 0)
(0.99909363 0.0015120843 0)
(1.0006408 0.0017167259 0)
(1.0006572 0.0016450889 0)
(1.0006702 0.001580869 0)
(1.0006807 0.0015228248 0)
(1.0006892 0.0014699822 0)
(1.0006962 0.0014215443 0)
(1.0007021 0.0013768484 0)
(1.0007072 0.0013353487 0)
(1.0007116 0.0012965846 0)
(1.0007157 0.0012601507 0)
(1.0007195 0.0012256842 0)
(1.0007234 0.001192853 0)
(1.0007275 0.0011613366 0)
(1.0007321 0.0011308057 0)
(1.0007375 0.0011008972 0)
(1.0007439 0.0010711888 0)
(1.000752 0.0010411629 0)
(1.0007622 0.0010101412 0)
(1.0007752 0.00097719414 0)
(1.0007921 0.00094094991 0)
(1.0008141 0.00089940644 0)
(1.0008426 0.00084919182 0)
(1.0008799 0.00078544501 0)
(1.0009265 0.00069802936 0)
(1.0009856 0.00057457449 0)
(1.0010418 0.00037834722 0)
(1.0010825 8.2379011e-05 0)
(1.0009706 -0.0004062733 0)
(1.0004963 -0.0011442436 1.1481502e-18)
(0.99944544 -0.0011690537 0)
(0.99848733 -0.00043177804 0)
(0.9984025 0.00048941597 0)
(0.99864367 0.0011254859 0)
(0.99897425 0.0014662732 0)
(1.0006158 0.0017096814 0)
(1.0006355 0.0016395642 0)
(1.0006515 0.0015764747 0)
(1.0006644 0.0015192838 0)
(1.0006752 0.0014670914 0)
(1.0006842 0.0014191478 0)
(1.0006919 0.001374826 0)
(1.0006985 0.0013336039 0)
(1.0007044 0.0012950348 0)
(1.0007097 0.001258727 0)
(1.0007148 0.0012243294 0)
(1.0007197 0.0011915085 0)
(1.0007248 0.0011599317 0)
(1.0007302 0.0011292588 0)
(1.0007363 0.0010991199 0)
(1.0007434 0.0010690808 0)
(1.0007518 0.0010386029 0)
(1.0007622 0.001006978 0)
(1.0007751 0.00097323636 0)
(1.0007915 0.00093596012 0)
(1.0008122 0.00089308501 0)
(1.0008385 0.00084122344 0)
(1.0008719 0.00077546502 0)
(1.0009121 0.00068617738 0)
(1.0009591 0.00056132959 0)
(1.000998 0.0003696253 0)
(1.0010047 8.8299024e-05 0)
(1.0008747 -0.00034168586 0)
(1.0003876 -0.00094788988 0)
(0.99945043 -0.00096524293 0)
(0.99866975 -0.00034116271 -6.1033587e-19)
(0.99840883 0.00047344318 0)
(0.99860714 0.0010790735 0)
(0.99890212 0.0014190366 0)
(1.0005871 0.0017003615 0)
(1.0006101 0.0016321758 0)
(1.0006288 0.0015705351 0)
(1.0006442 0.0015144433 0)
(1.0006571 0.0014630909 0)
(1.0006679 0.0014157945 0)
(1.0006772 0.0013719728 0)
(1.0006853 0.0013311328 0)
(1.0006924 0.0012928474 0)
(1.0006989 0.0012567378 0)
(1.000705 0.0012224584 0)
(1.0007108 0.0011896766 0)
(1.0007167 0.0011580605 0)
(1.0007228 0.0011272665 0)
(1.0007295 0.001096916 0)
(1.000737 0.0010665603 0)
(1.0007456 0.00103564 0)
(1.000756 0.0010034205 0)
(1.0007686 0.0009688986 0)
(1.000784 0.00093062386 0)
(1.0008032 0.00088649465 0)
(1.0008267 0.0008331587 0)
(1.0008555 0.00076575096 0)
(1.0008884 0.00067534891 0)
(1.0009228 0.00055059188 0)
(1.0009441 0.00036609438 0)
(1.0009203 0.00010340113 0)
(1.0007778 -0.00026899088 0)
(1.0003222 -0.0007462852 0)
(0.9995143 -0.00076641145 0)
(0.99880141 -0.00024037079 0)
(0.99853724 0.00047786094 0)
(0.99866291 0.0010372172 0)
(0.99890551 0.001371143 0)
(1.0005555 0.0016882757 0)
(1.0005819 0.0016225213 0)
(1.0006034 0.0015627201 0)
(1.0006212 0.0015080359 0)
(1.0006361 0.0014577689 0)
(1.0006487 0.0014113161 0)
(1.0006596 0.0013681519 0)
(1.0006691 0.0013278201 0)
(1.0006775 0.0012899197 0)
(1.000685 0.001254089 0)
(1.000692 0.0012199924 0)
(1.0006987 0.0011873042 0)
(1.0007052 0.0011556952 0)
(1.0007119 0.0011248187 0)
(1.0007189 0.0010942872 0)
(1.0007266 0.00106364 0)
(1.0007353 0.0010323013 0)
(1.0007454 0.00099951694 0)
(1.0007573 0.00096426085 0)
(1.0007715 0.00092506847 0)
(1.0007886 0.00087983504 0)
(1.000809 0.00082530535 0)
(1.0008325 0.00075677878 0)
(1.0008573 0.00066623626 0)
(1.0008788 0.00054335988 0)
(1.0008824 0.00036877634 0)
(1.0008341 0.00012828504 0)
(1.0006775 -0.00018770106 0)
(1.0002643 -0.00055328014 0)
(0.99958033 -0.00057000671 0)
(0.99895729 -0.00013079655 0)
(0.99869512 0.00049152246 0)
(0.99876851 0.0010016171 0)
(0.99896329 0.001326352 0)
(1.0005213 0.0016728672 0)
(1.0005509 0.0016101178 0)
(1.0005753 0.0015526143 0)
(1.0005956 0.001499708 0)
(1.0006127 0.0014508262 0)
(1.0006272 0.0014054596 0)
(1.0006397 0.0013631502 0)
(1.0006506 0.0013234885 0)
(1.0006602 0.0012861063 0)
(1.0006688 0.0012506648 0)
(1.0006767 0.0012168435 0)
(1.0006842 0.0011843265 0)
(1.0006913 0.0011527896 0)
(1.0006985 0.0011218854 0)
(1.0007058 0.0010912217 0)
(1.0007136 0.0010603302 0)
(1.0007221 0.0010286251 0)
(1.0007316 0.0009953411 0)
(1.0007426 0.00095944416 0)
(1.0007553 0.00091948014 0)
(1.0007699 0.00087338519 0)
(1.0007864 0.00081807194 0)
(1.0008041 0.00074914315 0)
(1.0008204 0.00065963945 0)
(1.0008291 0.00054069356 0)
(1.0008157 0.00037848111 0)
(1.0007486 0.00016366158 0)
(1.0005805 -9.8624144e-05 0)
(1.0002126 -0.00037081027 0)
(0.999641 -0.00037850792 0)
(0.99910781 -1.7529679e-05 0)
(0.99885641 0.00051337795 0)
(0.99888822 0.00097253885 0)
(0.99904121 0.0012841339 0)
(1.0004846 0.0016535223 0)
(1.0005174 0.00159441 0)
(1.0005447 0.001539725 0)
(1.0005675 0.0014890269 0)
(1.0005868 0.0014418863 0)
(1.0006033 0.0013979001 0)
(1.0006175 0.0013566892 0)
(1.0006299 0.0013179008 0)
(1.0006408 0.001281207 0)
(1.0006505 0.0012462984 0)
(1.0006594 0.0012128746 0)
(1.0006675 0.0011806339 0)
(1.0006753 0.0011492609 0)
(1.0006828 0.0011184121 0)
(1.0006904 0.0010876955 0)
(1.0006981 0.001056641 0)
(1.0007064 0.0010246608 0)
(1.0007152 0.00099099071 0)
(1.000725 0.00095460841 0)
(1.0007358 0.00091410115 0)
(1.0007476 0.00086749859 0)
(1.0007599 0.00081195808 0)
(1.0007714 0.00074352925 0)
(1.0007789 0.00065642749 0)
(1.0007753 0.00054356264 0)
(1.0007468 0.00039592458 0)
(1.0006658 0.00020923395 0)
(1.0004939 -3.1591651e-06 0)
(1.0001695 -0.00019946996 0)
(0.99969668 -0.00019558705 0)
(0.99924799 9.756097e-05 0)
(0.99901339 0.00054328981 0)
(0.99901201 0.00095057175 0)
(0.9991272 0.0012449964 0)
(1.0004459 0.0016296351 0)
(1.0004817 0.0015748199 0)
(1.0005117 0.0015235195 0)
(1.000537 0.0014755106 0)
(1.0005585 0.0014305189 0)
(1.000577 0.0013882576 0)
(1.0005929 0.0013484362 0)
(1.0006068 0.0013107678 0)
(1.0006191 0.0012749731 0)
(1.00063 0.0012407785 0)
(1.0006398 0.00120791 0)
(1.0006488 0.0011760852 0)
(1.0006571 0.0011450025 0)
(1.0006651 0.0011143279 0)
(1.0006728 0.0010836758 0)
(1.0006804 0.0010525822 0)
(1.0006882 0.001020468 0)
(1.0006963 0.00098658652 0)
(1.0007046 0.0009499512 0)
(1.0007133 0.00090922707 0)
(1.000722 0.00086259513 0)
(1.0007298 0.00080753481 0)
(1.000735 0.00074067107 0)
(1.0007338 0.00065746153 0)
(1.0007191 0.0005527479 0)
(1.000678 0.00042152267 0)
(1.0005878 0.00026390517 0)
(1.0004195 9.676279e-05 0)
(1.0001365 -3.9421558e-05 0)
(0.99974901 -2.3864287e-05 0)
(0.99937724 0.00021249239 0)
(0.99916385 0.00058089279 0)
(0.99913726 0.00093639719 0)
(0.99921856 0.0012099267 0)
(1.0004057 0.0016006596 0)
(1.0004441 0.0015507847 0)
(1.0004765 0.0015034519 0)
(1.0005041 0.0014586466 0)
(1.0005278 0.0014162536 0)
(1.0005482 0.0013761074 0)
(1.000566 0.0013380127 0)
(1.0005814 0.0013017563 0)
(1.000595 0.001267115 0)
(1.0006071 0.0012338576 0)
(1.0006179 0.0012017431 0)
(1.0006277 0.0011705142 0)
(1.0006366 0.0011398894 0)
(1.0006449 0.0011095506 0)
(1.0006528 0.001079127 0)
(1.0006603 0.0010481706 0)
(1.0006675 0.001016125 0)
(1.0006746 0.00098227996 0)
(1.0006814 0.00094571296 0)
(1.0006878 0.00090520615 0)
(1.0006931 0.00085914966 0)
(1.0006964 0.00080541429 0)
(1.0006953 0.00074129495 0)
(1.0006861 0.00066349585 0)
(1.0006618 0.00056875326 0)
(1.0006113 0.00045520061 0)
(1.0005168 0.0003261908 0)
(1.0003575 0.00019904395 0)
(1.0001139 0.00010932274 0)
(0.99979903 0.00013488348 0)
(0.99949544 0.00032506428 0)
(0.99930617 0.00062524888 0)
(0.99926224 0.00093037579 0)
(0.99931428 0.0011799008 0)
(1.0003649 0.0015661793 0)
(1.0004052 0.0015218163 0)
(1.0004397 0.0014790102 0)
(1.0004694 0.0014379287 0)
(1.000495 0.0013986072 0)
(1.0005172 0.0013610003 0)
(1.0005366 0.0013250098 0)
(1.0005536 0.0012905004 0)
(1.0005686 0.0012573108 0)
(1.0005818 0.0012252587 0)
(1.0005936 0.0011941419 0)
(1.0006041 0.0011637351 0)
(1.0006136 0.0011337835 0)
(1.0006223 0.0011039932 0)
(1.0006302 0.0010740176 0)
(1.0006375 0.0010434372 0)
(1.0006441 0.0010117338 0)
(1.0006501 0.00097825593 0)
(1.0006553 0.00094217425 0)
(1.0006592 0.00090242712 0)
(1.0006612 0.00085766457 0)
(1.00066 0.00080619951 0)
(1.0006531 0.0007460415 0)
(1.0006369 0.0006750717 0)
(1.0006051 0.00059170817 0)
(1.0005485 0.00049635893 0)
(1.000454 0.00039430178 0)
(1.0003078 0.00030145122 0)
(1.0001011 0.00024673451 0)
(0.99984739 0.00027967529 0)
(0.99960274 0.00043309567 0)
(0.99943896 0.00067487138 0)
(0.99938501 0.00093241445 0)
(0.99941309 0.0011557297 0)
(1.0003243 0.0015259839 0)
(1.0003658 0.0014875728 0)
(1.0004018 0.0014497773 0)
(1.0004331 0.0014129063 0)
(1.0004604 0.0013771235 0)
(1.0004842 0.0013424937 0)
(1.0005051 0.0013090114 0)
(1.0005235 0.0012766193 0)
(1.0005397 0.0012452204 0)
(1.000554 0.0012146859 0)
(1.0005667 0.0011848581 0)
(1.000578 0.0011555498 0)
(1.0005881 0.0011265404 0)
(1.000597 0.0010975692 0)
(1.000605 0.0010683243 0)
(1.0006119 0.0010384284 0)
(1.0006179 0.0010074191 0)
(1.0006227 0.00097472532 0)
(1.0006262 0.00093963952 0)
(1.0006277 0.00090128951 0)
(1.0006265 0.00085862119 0)
(1.0006211 0.00081041154 0)
(1.0006093 0.00075537075 0)
(1.0005875 0.0006924129 0)
(1.0005506 0.00062129837 0)
(1.0004912 0.00054389411 0)
(1.0004005 0.00046621982 0)
(1.00027 0.00040182126 0)
(1.0000972 0.00037277799 0)
(0.99989446 0.0004102343 0)
(0.99969965 0.00053470718 0)
(0.99956122 0.00072787401 0)
(0.99950355 0.00094189681 0)
(0.9995133 0.0011379095 0)
(1.0002852 0.0014801379 0)
(1.0003269 0.0014479315 0)
(1.0003637 0.0014155016 0)
(1.000396 0.0013832468 0)
(1.0004245 0.0013514268 0)
(1.0004496 0.0013201962 0)
(1.0004718 0.001289631 0)
(1.0004914 0.0012597462 0)
(1.0005087 0.0012305079 0)
(1.000524 0.0012018422 0)
(1.0005375 0.0011736398 0)
(1.0005495 0.0011457571 0)
(1.00056 0.001118015 0)
(1.0005692 0.0010901945 0)
(1.0005771 0.00106203 0)
(1.0005837 0.0010331997 0)
(1.0005889 0.0010033139 0)
(1.0005926 0.00097190225 0)
(1.0005944 0.00093840147 0)
(1.0005937 0.00090215101 0)
(1.0005896 0.00086240695 0)
(1.0005807 0.00081839681 0)
(1.000565 0.00076945973 0)
(1.0005393 0.00071533873 0)
(1.0004996 0.00065673658 0)
(1.0004406 0.00059627113 0)
(1.0003566 0.00053980878 0)
(1.0002432 0.00049819812 0)
(1.0001009 0.00048740535 0)
(0.9999404 0.00052677642 0)
(0.99978697 0.00062847606 0)
(0.99967254 0.0007821736 0)
(0.99961607 0.0009576741 0)
(0.99961302 0.0011264976 0)
(1.0002485 0.0014290313 0)
(1.0002896 0.0014030553 0)
(1.0003263 0.0013761692 0)
(1.000359 0.0013488087 0)
(1.0003881 0.0013212891 0)
(1.0004141 0.0012938277 0)
(1.0004371 0.0012665636 0)
(1.0004576 0.0012395727 0)
(1.0004758 0.0012128781 0)
(1.0004919 0.0011864589 0)
(1.0005061 0.001160255 0)
(1.0005186 0.0011341702 0)
(1.0005295 0.0011080727 0)
(1.0005388 0.0010817931 0)
(1.0005467 0.001055122 0)
(1.0005529 0.0010278054 0)
(1.0005574 0.00099954002 0)
(1.0005601 0.00096997073 0)
(1.0005603 0.00093869196 0)
(1.0005577 0.00090526081 0)
(1.0005513 0.00086923218 0)
(1.0005398 0.00083023481 0)
(1.0005213 0.0007881192 0)
(1.0004936 0.00074322082 0)
(1.0004536 0.00069679153 0)
(1.0003976 0.00065164577 0)
(1.0003225 0.00061293919 0)
(1.0002262 0.00058891459 0)
(1.0001109 0.00059059325 0)
(0.99998516 0.00062981315 0)
(0.99986565 0.00071348078 0)
(0.99977301 0.00083572676 0)
(0.99972122 0.00097816857 0)
(0.99971032 0.0011210621 0)
(1.0002155 0.0013733882 0)
(1.000255 0.001353427 0)
(1.0002907 0.0013320565 0)
(1.0003231 0.0013097015 0)
(1.0003522 0.0012866928 0)
(1.0003784 0.0012632792 0)
(1.0004019 0.00123964 0)
(1.0004229 0.0012158955 0)
(1.0004416 0.0011921152 0)
(1.0004583 0.0011683251 0)
(1.000473 0.0011445124 0)
(1.0004858 0.0011206287 0)
(1.000497 0.0010965926 0)
(1.0005064 0.00107229 0)
(1.0005141 0.0010475747 0)
(1.0005199 0.0010222687 0)
(1.0005239 0.00099616364 0)
(1.0005256 0.00096902568 0)
(1.0005247 0.0009406073 0)
(1.0005206 0.00091067099 0)
(1.0005125 0.00087903426 0)
(1.0004994 0.00084564895 0)
(1.0004797 0.00081073365 0)
(1.0004518 0.00077498118 0)
(1.0004135 0.00073985889 0)
(1.0003626 0.00070799901 0)
(1.0002975 0.00068359281 0)
(1.0002178 0.00067261384 0)
(1.000126 0.0006823704 0)
(1.0000286 0.00071997814 0)
(0.99993661 0.00078922446 0)
(0.99986317 0.00088670913 0)
(0.99981812 0.0010015408 0)
(0.9998035 0.0011206888 0)
(1.0000007 0.00085553422 0)
(0.99994377 0.00093363773 0)
(0.99990641 0.0010259087 0)
(0.99989117 0.0011240917 0)
)
;

boundaryField
{
    bottom
    {
        type            fixedValue;
        value           nonuniform List<vector> 0();
    }
    back
    {
        type            empty;
    }
    front
    {
        type            empty;
    }
    inlet
    {
        type            fixedValue;
        value           nonuniform List<vector> 0();
    }
    outlet
    {
        type            zeroGradient;
    }
    top
    {
        type            zeroGradient;
    }
    slipsurface
    {
        type            slip;
    }
    procBoundary6to0
    {
        type            processor;
        value           nonuniform List<vector> 
24
(
(0.9998486 0.0020367669 0)
(0.99983295 0.0020196453 0)
(0.99978884 0.0020000167 0)
(0.99973418 0.001977173 0)
(0.99969415 0.0019508561 0)
(0.99968381 0.0019218139 0)
(0.99968609 0.001890969 0)
(0.99966923 0.0018584369 0)
(0.99960337 0.00182354 0)
(0.99949371 0.0017852341 0)
(0.99935905 0.0017436971 0)
(0.99922895 0.001698844 0)
(0.99914111 0.0016510909 0)
(0.99911823 0.0016017491 0)
(0.99914813 0.001553859 0)
(0.99920094 0.0015068946 0)
(0.99926286 0.0014611207 0)
(0.99933052 0.0014172003 0)
(0.99940334 0.0013759606 0)
(0.99948085 0.0013382767 0)
(0.99956212 0.0013049266 0)
(0.9996459 0.0012764795 0)
(0.99973064 0.0012532066 0)
(0.99981467 0.0012349941 0)
)
;
    }
    procBoundary6to1
    {
        type            processor;
        value           nonuniform List<vector> 3((0.99998607 0.0010494767 0) (0.99989636 0.0012213261 0) (0.99997232 0.00112972 0));
    }
    procBoundary6to5
    {
        type            processor;
        value           nonuniform List<vector> 
24
(
(1.0001664 0.0018145601 0)
(1.0002546 0.0018150506 0)
(1.0003368 0.0018155973 0)
(1.0004097 0.0018160151 0)
(1.0004731 0.0018160771 0)
(1.0005294 0.0018156508 0)
(1.00058 0.0018147651 0)
(1.0006219 0.0018134652 0)
(1.0006485 0.0018116247 0)
(1.0006547 0.0018087405 0)
(1.0006428 0.0018041135 0)
(1.0006197 0.0017974084 0)
(1.0005908 0.0017882743 0)
(1.0005582 0.0017763158 0)
(1.0005228 0.0017609411 0)
(1.0004848 0.0017415268 0)
(1.0004446 0.0017174247 0)
(1.0004028 0.0016880417 0)
(1.0003602 0.0016529035 0)
(1.0003178 0.0016117287 0)
(1.0002766 0.0015645053 0)
(1.0002378 0.0015115471 0)
(1.0002027 0.0014535188 0)
(1.0001721 0.0013914099 0)
)
;
    }
    procBoundary6to7
    {
        type            processor;
        value           nonuniform List<vector> 
33
(
(1.000187 0.0013142419 0)
(1.000224 0.0012998573 0)
(1.0002581 0.001283764 0)
(1.0002892 0.0012663396 0)
(1.0003177 0.0012478959 0)
(1.0003435 0.0012286836 0)
(1.0003669 0.0012088978 0)
(1.000388 0.0011886844 0)
(1.0004069 0.0011681453 0)
(1.0004237 0.0011473437 0)
(1.0004387 0.0011263079 0)
(1.0004517 0.0011050348 0)
(1.0004629 0.001083493 0)
(1.0004723 0.001061625 0)
(1.0004799 0.0010393504 0)
(1.0004854 0.0010165695 0)
(1.0004889 0.00099316899 0)
(1.0004899 0.00096903247 0)
(1.0004882 0.00094405689 0)
(1.0004833 0.00091818064 0)
(1.0004744 0.00089142858 0)
(1.0004608 0.00086398186 0)
(1.0004413 0.00083628185 0)
(1.0004148 0.0008091757 0)
(1.0003799 0.00078410281 0)
(1.0003355 0.0007633023 0)
(1.0002809 0.00074997308 0)
(1.0002166 0.00074826274 0)
(1.0001449 0.00076285198 0)
(1.0000705 0.00079793584 0)
(1.0000705 0.00079793584 0)
(1.0000586 0.00091239598 0)
(1.0000156 0.00097534644 0)
)
;
    }
    procBoundary6to11
    {
        type            processor;
        value           uniform (0.99948057 0.0018788528 0);
    }
    procBoundary6to12
    {
        type            processor;
        value           nonuniform List<vector> 
33
(
(1.0000753 0.0017284059 0)
(1.0000734 0.0016531843 0)
(1.0000722 0.0015864306 0)
(1.0000713 0.001526583 0)
(1.0000708 0.0014724614 0)
(1.0000704 0.0014231423 0)
(1.0000703 0.0013778919 0)
(1.0000704 0.0013361236 0)
(1.0000707 0.0012973549 0)
(1.0000713 0.0012611792 0)
(1.0000723 0.0012272597 0)
(1.0000737 0.0011952698 0)
(1.0000756 0.0011649255 0)
(1.0000784 0.0011359954 0)
(1.0000823 0.0011082197 0)
(1.0000878 0.0010813192 0)
(1.0000952 0.0010549849 0)
(1.0001055 0.0010288357 0)
(1.0001198 0.0010023667 0)
(1.0001396 0.00097482499 0)
(1.0001673 0.00094510909 0)
(1.0002062 0.00091115307 0)
(1.0002635 0.00086998345 0)
(1.0003433 0.00081452416 0)
(1.0004788 0.00073272653 0)
(1.0006378 0.00059507336 0)
(1.0011042 0.00037591438 0)
(1.0014522 -0.00070828701 -2.6828151e-19)
(1.0010436 -0.0028916419 0)
(0.99854052 -0.002822753 0)
(0.99755147 -0.00070874859 0)
(0.99798786 0.0010059877 0)
(0.99890567 0.001581913 0)
)
;
    }
}


// ************************************************************************* //
