#      distance             U_x             U_y             U_z wallShearStr... wallShearStr... wallShearStr...               p           omega               k             nut
  8.3018647e-06     0.052281279    1.687826e-07               0               0               0               0   2.2718901e-06        743249.8   1.1212278e-05   7.8901112e-11
  1.4018573e-05     0.088065478   2.8814672e-07               0               0               0               0   2.2887124e-06       165436.63   5.0870325e-05   7.0304789e-10
  1.9896106e-05      0.12453958   4.1179546e-07               0               0               0               0   2.3128426e-06       67832.754   0.00015460237   3.5508109e-09
  2.5938986e-05      0.16103492   5.3795072e-07               0               0               0               0   2.3448365e-06       37588.085   0.00035502359   1.2050724e-08
  3.2151866e-05       0.1963612   6.6278105e-07               0               0               0               0   2.3855533e-06       24862.533    0.0006580068   3.0346984e-08
  3.8539528e-05      0.22918885   7.8133771e-07               0               0               0               0   2.4366173e-06       18311.533     0.001030074   6.0986098e-08
   4.510689e-05      0.25864883    8.899329e-07               0               0               0               0   2.5000513e-06       14372.835    0.0014173315   1.0378834e-07
  5.1859006e-05      0.28458316   9.8760872e-07               0               0               0               0   2.5776958e-06       11725.022    0.0017768023   1.5651998e-07
  5.8801074e-05      0.30734173   1.0755647e-06               0               0               0               0   2.6707646e-06       9811.2695    0.0020893199   2.1637788e-07
  6.5938438e-05      0.32743951   1.1558575e-06               0               0               0               0   2.7797937e-06       8360.5655    0.0023530644   2.8206334e-07
  7.3276592e-05      0.34533347   1.2304466e-06               0               0               0               0   2.9048998e-06       7223.7142    0.0025732045   3.5399846e-07
  8.0821184e-05        0.361378   1.3009247e-06               0               0               0               0   3.0460024e-06       6311.6199    0.0027561836   4.3251372e-07
  8.8578023e-05      0.37585888   1.3686275e-06               0               0               0               0   3.2028533e-06       5567.1418     0.002908207   5.1738769e-07
  9.6553079e-05      0.38901466   1.4347244e-06               0               0               0               0   3.3750095e-06       4951.2337    0.0030348689   6.0833229e-07
  0.00010475249      0.40104379   1.5002254e-06               0               0               0               0   3.5618488e-06       4435.9969    0.0031409317    7.050462e-07
  0.00011318257      0.41211169   1.5659981e-06               0               0               0               0   3.7625905e-06       4000.8336    0.0032303225   8.0706821e-07
  0.00012184981      0.42235942    1.632809e-06               0               0               0               0   3.9762709e-06       3630.0617    0.0033062247   9.1334225e-07
  0.00013076087      0.43191073    1.701356e-06               0               0               0               0    4.201753e-06       3311.3737    0.0033711866   1.0224088e-06
  0.00013992263      0.44087096   1.7722893e-06               0               0               0               0   4.4378449e-06       3035.0217    0.0034272038    1.133983e-06
  0.00014934212      0.44932241   1.8462117e-06               0               0               0               0   4.6834929e-06       2793.4216    0.0034757851   1.2489745e-06
  0.00015902661      0.45732786   1.9235814e-06               0               0               0               0   4.9378707e-06       2580.7093    0.0035180652   1.3678582e-06
  0.00016898354      0.46493829    2.004682e-06               0               0               0               0   5.2003044e-06       2392.2581    0.0035549415   1.4906104e-06
  0.00017922058      0.47219692   2.0897199e-06               0               0               0               0   5.4702032e-06       2224.3503    0.0035871501   1.6172203e-06
  0.00018974561      0.47914063   2.1788761e-06               0               0               0               0   5.7470422e-06       2073.9693    0.0036152986   1.7476878e-06
  0.00020056674      0.48580109   2.2723093e-06               0               0               0               0   6.0303594e-06        1938.645    0.0036398922   1.8820218e-06
  0.00021169229       0.4922057   2.3701613e-06               0               0               0               0    6.319747e-06       1816.3382    0.0036613537   2.0202394e-06
  0.00022313082      0.49837826   2.4725614e-06               0               0               0               0   6.6148491e-06       1705.3524    0.0036800389   2.1623642e-06
  0.00023489115      0.50433958   2.5796295e-06               0               0               0               0   6.9153555e-06       1604.2658    0.0036962494   2.3084262e-06
  0.00024698232      0.51010795   2.6914788e-06               0               0               0               0   7.2209958e-06       1511.8795    0.0037102421   2.4584607e-06
  0.00025941364      0.51569949   2.8082178e-06               0               0               0               0   7.5315332e-06       1427.1757     0.003722237   2.6125078e-06
  0.00027219468      0.52112851   2.9299519e-06               0               0               0               0   7.8467556e-06       1349.2858     0.003732424   2.7706122e-06
  0.00028533528      0.52640776   3.0567836e-06               0               0               0               0   8.1664706e-06       1277.4643    0.0037409673   2.9328226e-06
  0.00029884556       0.5315486   3.1888143e-06               0               0               0               0   8.4904979e-06       1211.0681    0.0037480098   3.0991915e-06
  0.00031273591      0.53656125   3.3261856e-06               0               0               0               0   8.8186785e-06         1149.54    0.0037536765   3.2697748e-06
  0.00032701703      0.54145489   3.4692159e-06               0               0               0               0   9.1509226e-06       1092.3947    0.0037580771   3.4446319e-06
   0.0003416999      0.54623782   3.6183205e-06               0               0               0               0   9.4872873e-06       1039.2083    0.0037613085   3.6238253e-06
  0.00035679584      0.55091755   3.7737536e-06               0               0               0               0   9.8279644e-06       989.60825    0.0037634566   3.8074204e-06
  0.00037231646      0.55550089   3.9356686e-06               0               0               0               0   1.0173204e-05       943.26674    0.0037645975   3.9954856e-06
  0.00038827371      0.55999407   4.1042406e-06               0               0               0               0   1.0523289e-05       899.89375    0.0037647996   4.1880919e-06
  0.00040467988      0.56440275   4.2795351e-06               0               0               0               0   1.0878494e-05       859.23203    0.0037641237   4.3853133e-06
  0.00042154758      0.56873212   4.4614732e-06               0               0               0               0   1.1238984e-05       821.05263    0.0037626251   4.5872261e-06
  0.00043888981      0.57298695   4.6500716e-06               0               0               0               0   1.1604798e-05       785.15117    0.0037603531   4.7939094e-06
  0.00045671992      0.57717161   4.8455251e-06               0               0               0               0   1.1975932e-05       751.34466    0.0037573528   5.0054446e-06
  0.00047505163      0.58129014   5.0480742e-06               0               0               0               0   1.2352391e-05       719.46884    0.0037536652   5.2219158e-06
  0.00049389905      0.58534626   5.2579604e-06               0               0               0               0   1.2734199e-05       689.37586    0.0037493274   5.4434092e-06
  0.00051327669       0.5893434   5.4754333e-06               0               0               0               0   1.3121392e-05        660.9323    0.0037443737   5.6700137e-06
  0.00053319946      0.59328477   5.7007509e-06               0               0               0               0   1.3514019e-05       634.01746    0.0037388352   5.9018205e-06
  0.00055368271      0.59717333   5.9341804e-06               0               0               0               0   1.3912137e-05       608.52195     0.003732741   6.1389231e-06
   0.0005747422      0.60101181    6.175999e-06               0               0               0               0   1.4315813e-05       584.34636    0.0037261175   6.3814171e-06
  0.00059639414      0.60480278    6.426494e-06               0               0               0               0   1.4725124e-05       561.40016    0.0037189895   6.6294009e-06
  0.00061865519      0.60854864   6.6859641e-06               0               0               0               0    1.514015e-05       539.60079    0.0037113799   6.8829746e-06
   0.0006415425      0.61225161   6.9547196e-06               0               0               0               0   1.5560976e-05       518.87277    0.0037033099   7.1422409e-06
  0.00066507368      0.61591377   7.2330826e-06               0               0               0               0   1.5987694e-05       499.14697    0.0036947996   7.4073047e-06
  0.00068926684      0.61953708    7.521388e-06               0               0               0               0   1.6420396e-05       480.35997    0.0036858675   7.6782729e-06
  0.00071414061      0.62312336   7.8199836e-06               0               0               0               0   1.6859177e-05       462.45348    0.0036765312   7.9552546e-06
  0.00073971414      0.62667434   8.1292305e-06               0               0               0               0   1.7304135e-05       445.37387     0.003666807   8.2383612e-06
  0.00076600711      0.63019163   8.4495034e-06               0               0               0               0   1.7755364e-05       429.07167    0.0036567106    8.527706e-06
  0.00079303975      0.63367674   8.7811911e-06               0               0               0               0   1.8212958e-05       413.50121    0.0036462565   8.8234044e-06
  0.00082083289      0.63713111   9.1246961e-06               0               0               0               0   1.8677005e-05       398.62025    0.0036354586   9.1255736e-06
   0.0008494079      0.64055608   9.4804355e-06               0               0               0               0   1.9147588e-05       384.38967    0.0036243301   9.4343331e-06
   0.0008787868      0.64395293   9.8488412e-06               0               0               0               0   1.9624795e-05        370.7732    0.0036128834   9.7498037e-06
  0.00090899219      0.64732286   1.0230377e-05               0               0               0               0   2.0108728e-05       357.73716    0.0036011304   1.0072108e-05
  0.00094004732      0.65066701   1.0625575e-05               0               0               0               0   2.0599518e-05       345.25022    0.0035890825   1.0401372e-05
  0.00097197611      0.65398645    1.103501e-05               0               0               0               0   2.1097336e-05       333.28325    0.0035767505    1.073772e-05
   0.0010048031       0.6572822   1.1459223e-05               0               0               0               0   2.1602368e-05       321.80905    0.0035641448    1.108128e-05
   0.0010385536      0.66055524    1.189875e-05               0               0               0               0   2.2114801e-05       310.80228    0.0035512752   1.1432182e-05
   0.0010732536      0.66380648    1.235415e-05               0               0               0               0   2.2634817e-05       300.23924    0.0035381512   1.1790555e-05
   0.0011089298      0.66703679    1.282601e-05               0               0               0               0   2.3162595e-05       290.09778    0.0035247819    1.215653e-05
   0.0011456096      0.67024701   1.3314942e-05               0               0               0               0   2.3698318e-05       280.35716    0.0035111762   1.2530239e-05
   0.0011833213      0.67343793   1.3821585e-05               0               0               0               0    2.424216e-05       270.99794    0.0034973423   1.2911814e-05
    0.001222094      0.67661031   1.4346605e-05               0               0               0               0   2.4794304e-05       262.00189    0.0034832883   1.3301389e-05
   0.0012619573      0.67976486   1.4890697e-05               0               0               0               0   2.5354926e-05       253.35187    0.0034690221   1.3699097e-05
   0.0013029422      0.68290228   1.5454585e-05               0               0               0               0   2.5924206e-05       245.03181     0.003454551    1.410507e-05
     0.00134508      0.68602323   1.6039024e-05               0               0               0               0   2.6502329e-05       237.02656    0.0034398823   1.4519441e-05
   0.0013884033      0.68912834   1.6644802e-05               0               0               0               0   2.7089473e-05       229.32186    0.0034250229   1.4942341e-05
   0.0014329453      0.69221821   1.7272739e-05               0               0               0               0   2.7685824e-05       221.90429    0.0034099794   1.5373902e-05
   0.0014787404      0.69529342   1.7923692e-05               0               0               0               0   2.8291565e-05       214.76116    0.0033947582   1.5814252e-05
   0.0015258238      0.69835455   1.8598551e-05               0               0               0               0   2.8906887e-05       207.88053    0.0033793655   1.6263518e-05
   0.0015742318      0.70140212   1.9298246e-05               0               0               0               0   2.9531977e-05       201.25109    0.0033638072   1.6721824e-05
   0.0016240016      0.70443665   2.0023748e-05               0               0               0               0   3.0167026e-05       194.86216     0.003348089   1.7189293e-05
   0.0016751716      0.70745866   2.0776067e-05               0               0               0               0   3.0812226e-05       188.70364    0.0033322163   1.7666041e-05
    0.001727781      0.71046862   2.1556257e-05               0               0               0               0   3.1467771e-05       182.76596    0.0033161943   1.8152182e-05
   0.0017818705        0.713467   2.2365418e-05               0               0               0               0   3.2133861e-05       177.04006     0.003300028   1.8647825e-05
   0.0018374817      0.71645427   2.3204697e-05               0               0               0               0   3.2810689e-05       171.51733    0.0032837221   1.9153073e-05
   0.0018946573      0.71943087   2.4075292e-05               0               0               0               0   3.3498459e-05       166.18964    0.0032672812   1.9668021e-05
   0.0019534414      0.72239723   2.4978452e-05               0               0               0               0   3.4197377e-05       161.04924    0.0032507096   2.0192759e-05
   0.0020138792      0.72535378    2.591548e-05               0               0               0               0   3.4907647e-05       156.08878    0.0032340113   2.0727366e-05
   0.0020760173      0.72830094   2.6887739e-05               0               0               0               0   3.5629478e-05       151.30126      0.00321719   2.1271914e-05
   0.0021399034      0.73123911   2.7896652e-05               0               0               0               0   3.6363086e-05       146.68006    0.0032002495   2.1826462e-05
   0.0022055868       0.7341687   2.8943706e-05               0               0               0               0   3.7108693e-05       142.21884    0.0031831929   2.2391059e-05
    0.002273118      0.73709009   3.0030456e-05               0               0               0               0   3.7866524e-05       137.91158    0.0031660235   2.2965739e-05
   0.0023425491      0.74000369   3.1158529e-05               0               0               0               0   3.8636814e-05       133.75255     0.003148744   2.3550523e-05
   0.0024139334      0.74290989   3.2329629e-05               0               0               0               0   3.9419813e-05       129.73629     0.003131357   2.4145415e-05
   0.0024873259      0.74580906   3.3545543e-05               0               0               0               0   4.0215786e-05       125.85759    0.0031138648     2.47504e-05
    0.002562783      0.74870159   3.4808148e-05               0               0               0               0   4.1025023e-05       122.11146    0.0030962694   2.5365445e-05
    0.002640363      0.75158788   3.6119417e-05               0               0               0               0   4.1847844e-05       118.49318    0.0030785725   2.5990495e-05
   0.0027201254      0.75446831   3.7481431e-05               0               0               0               0   4.2684617e-05       114.99821    0.0030607757    2.662547e-05
   0.0028021318      0.75734326   3.8896394e-05               0               0               0               0   4.3535776e-05       111.62222    0.0030428799   2.7270266e-05
   0.0028864452      0.76021313   4.0366648e-05               0               0               0               0   4.4401853e-05       108.36108    0.0030248862   2.7924749e-05
   0.0029731305      0.76307833   4.1894702e-05               0               0               0               0   4.5283512e-05       105.21083    0.0030067948   2.8588756e-05
   0.0030622544      0.76593924   4.3483271e-05               0               0               0               0   4.6181599e-05        102.1677     0.002988606    2.926209e-05
   0.0031538856       0.7687963   4.5135312e-05               0               0               0               0   4.7097156e-05       99.228048    0.0029703193    2.994452e-05
   0.0032480946      0.77165019   4.6854325e-05               0               0               0               0   4.8031367e-05       96.388135    0.0029519315   3.0631058e-05
   0.0033449539      0.77450226   4.8644466e-05               0               0               0               0   4.8985247e-05       93.643666    0.0029334325   3.1310611e-05
   0.0034445381      0.77735426    5.051006e-05               0               0               0               0   4.9959093e-05       90.990022    0.0029148063   3.1982501e-05
   0.0035469238      0.78020759   5.2454977e-05               0               0               0               0   5.0952129e-05       88.422983    0.0028960355   3.2652196e-05
   0.0036521898      0.78306311   5.4482804e-05               0               0               0               0   5.1962704e-05       85.938933    0.0028771034   3.3323943e-05
   0.0037604172      0.78592113   5.6597243e-05               0               0               0               0   5.2988896e-05       83.534844    0.0028579959   3.4004383e-05
   0.0038716893      0.78878159   5.8802011e-05               0               0               0               0    5.402902e-05       81.208198    0.0028387023   3.4696664e-05
   0.0039860917      0.79164427   6.1100852e-05               0               0               0               0   5.5081799e-05       78.956768    0.0028192143   3.5401516e-05
   0.0041037125      0.79450897    6.349761e-05               0               0               0               0    5.614632e-05       76.778475     0.002799525   3.6118208e-05
   0.0042246422       0.7973756   6.5996298e-05               0               0               0               0   5.7221932e-05       74.671323    0.0027796285   3.6845263e-05
    0.004348974       0.8002442   6.8601147e-05               0               0               0               0   5.8308111e-05       72.633362    0.0027595191   3.7580912e-05
   0.0044768035      0.80311492   7.1316648e-05               0               0               0               0   5.9404339e-05       70.662685    0.0027391909   3.8323359e-05
   0.0046082291      0.80598803   7.4147573e-05               0               0               0               0   6.0509993e-05       68.757421    0.0027186376   3.9070887e-05
    0.004743352      0.80886388   7.7098973e-05               0               0               0               0   6.1624206e-05       66.915748    0.0026978522   3.9821895e-05
   0.0048822762      0.81174291   8.0176078e-05               0               0               0               0    6.274561e-05       65.135895    0.0026768269   4.0574875e-05
   0.0050251087      0.81462559   8.3384298e-05               0               0               0               0   6.3871975e-05       63.416145     0.002655553   4.1328374e-05
   0.0051719594      0.81751248    8.673377e-05               0               0               0               0   6.5001848e-05       61.754842    0.0026340208   4.2080947e-05
   0.0053229413      0.82040416   9.0216268e-05               0               0               0               0   6.6140069e-05       60.150388    0.0026122196   4.2831111e-05
   0.0054781706      0.82330124   9.3870973e-05               0               0               0               0   6.7297433e-05       58.601243    0.0025901377   4.3577306e-05
   0.0056377669       0.8262044   9.7745005e-05               0               0               0               0   6.8484989e-05       57.105926     0.002567762   4.4317847e-05
    0.005801853      0.82911436   0.00010180052               0               0               0               0   6.9711054e-05       55.663007    0.0025450783   4.5050879e-05
   0.0059705553      0.83203187    0.0001060214               0               0               0               0   7.0977432e-05       54.271109    0.0025220707   4.5774396e-05
   0.0061440034      0.83495777   0.00011042909               0               0               0               0   7.2281314e-05       52.928899    0.0024987219   4.6486226e-05
   0.0063223311      0.83789291   0.00011503676               0               0               0               0   7.3620423e-05       51.635092    0.0024750131   4.7184014e-05
   0.0065056755      0.84083825   0.00011985605               0               0               0               0   7.4993361e-05       50.388442    0.0024509232   4.7865218e-05
   0.0066941779      0.84379479   0.00012489905               0               0               0               0   7.6398938e-05       49.187741    0.0024264293   4.8527113e-05
   0.0068879832      0.84676359   0.00013017851               0               0               0               0   7.7835838e-05       48.031818    0.0024015064   4.9166781e-05
   0.0070872406      0.84974582   0.00013570795               0               0               0               0   7.9302496e-05       46.919532    0.0023761268   4.9781117e-05
   0.0072921037      0.85274269   0.00014150167               0               0               0               0   8.0796983e-05       45.849772    0.0023502602   5.0366827e-05
     0.00750273      0.85575551    0.0001475748               0               0               0               0    8.231689e-05       44.821454    0.0023238735   5.0920425e-05
   0.0077192816      0.85878569   0.00015394339               0               0               0               0   8.3859204e-05       43.833515    0.0022969304   5.1438224e-05
   0.0079419254       0.8618347   0.00016062444               0               0               0               0   8.5420176e-05       42.884915    0.0022693913   5.1916321e-05
   0.0081708326      0.86490412   0.00016763596               0               0               0               0   8.6995171e-05       41.974624    0.0022412125   5.2350564e-05
   0.0084061795      0.86799565   0.00017499702               0               0               0               0   8.8578523e-05       41.101627    0.0022123467   5.2736504e-05
   0.0086481472       0.8711111   0.00018272791               0               0               0               0   9.0163394e-05       40.264907    0.0021827415    5.306932e-05
    0.008896922      0.87425243   0.00019085025               0               0               0               0   9.1741662e-05       39.463446    0.0021523396   5.3343724e-05
   0.0091526955      0.87742174   0.00019938733               0               0               0               0   9.3303864e-05       38.696204    0.0021210777   5.3553829e-05
   0.0094156643      0.88062134   0.00020836449               0               0               0               0   9.4839242e-05       37.962112    0.0020888857   5.3693015e-05
   0.0096860311      0.88385382   0.00021780984               0               0               0               0   9.6335926e-05        37.26005    0.0020556852   5.3753777e-05
   0.0099640039      0.88712202   0.00022775515               0               0               0               0   9.7781348e-05       36.588824    0.0020213882   5.3727615e-05
    0.010249797       0.8904292   0.00023823718               0               0               0               0    9.916291e-05       35.947138    0.0019858949   5.3604989e-05
     0.01054363      0.89377905    0.0002492992               0               0               0               0   0.00010046891       35.333564    0.0019490917   5.3375383e-05
    0.010845728      0.89717577   0.00026099276               0               0               0               0   0.00010168943       34.746498    0.0019108484   5.3027512e-05
    0.011156326      0.90062418   0.00027337789               0               0               0               0   0.00010281688       34.184116    0.0018710156   5.2549577e-05
    0.011475662      0.90412977   0.00028652066               0               0               0               0   0.00010384611       33.644314    0.0018294215   5.1929651e-05
    0.011803981      0.90769875   0.00030049179               0               0               0               0   0.00010477387       33.124633    0.0017858686   5.1156439e-05
    0.012141536      0.91133805   0.00031536707               0               0               0               0   0.00010559807       32.622162    0.0017401308   5.0220486e-05
    0.012488588      0.91505525   0.00033122755               0               0               0               0   0.00010631683       32.133424    0.0016919514   4.9115726e-05
    0.012845403      0.91885835     0.000348159               0               0               0               0   0.00010692788       31.654238    0.0016410418   4.7841275e-05
    0.013212256       0.9227553   0.00036625021               0               0               0               0   0.00010742808       31.179574    0.0015870832   4.6403457e-05
    0.013589429      0.92675329   0.00038558866               0               0               0               0   0.00010781321       30.703416    0.0015297337    4.481801e-05
    0.013977213      0.93085752   0.00040625743               0               0               0               0   0.00010807835        30.21868    0.0014686445   4.3112431e-05
    0.014375907      0.93506947   0.00042832941               0               0               0               0   0.00010821924        29.71727     0.001403492   4.1328371e-05
    0.014785816      0.93938428   0.00045184263               0               0               0               0   0.00010823303       29.190411     0.001334036   3.9523787e-05
    0.015207257      0.94378746   0.00047676504               0               0               0               0   0.00010811705       28.629504    0.0012602107   3.7774208e-05
    0.015640554      0.94825119   0.00050296564               0               0               0               0   0.00010786688       28.027958    0.0011822582   3.6171627e-05
    0.016086041      0.95273132   0.00053019227               0               0               0               0   0.00010747582       27.386651    0.0011009712   3.4817201e-05
     0.01654406      0.95716872    0.0005580814               0               0               0               0   0.00010693736       26.718591    0.0010178124   3.3786113e-05
    0.017014965      0.96150113   0.00058623124               0               0               0               0   0.00010625131       26.041909   0.00093441776   3.3034518e-05
    0.017499117       0.9656899   0.00061436878               0               0               0               0   0.00010543093       25.369782   0.00085181797   3.2260042e-05
    0.017996889       0.9697526   0.00064256314               0               0               0               0   0.00010450074       24.706114   0.00076990595   3.0860658e-05
    0.018508665      0.97375447   0.00067119474               0               0               0               0    0.0001034824       24.041803   0.00068761178   2.8587042e-05
    0.019034838      0.97774524   0.00070057435               0               0               0               0   0.00010239088       23.356602    0.0006039995   2.5840979e-05
    0.019575814      0.98172598    0.0007306525               0               0               0               0   0.00010124301       22.623454   0.00051894786    2.291139e-05
    0.020132008      0.98567013   0.00076114125               0               0               0               0   0.00010006096       21.805189   0.00043293979   1.9815095e-05
     0.02070385      0.98953332   0.00079161521               0               0               0               0   9.8874077e-05       20.845482   0.00034700194   1.6586597e-05
    0.021291778      0.99323886   0.00082136166               0               0               0               0   9.7720764e-05       19.654911   0.00026299476   1.3289181e-05
    0.021896247      0.99665271   0.00084915595               0               0               0               0   9.6644211e-05        18.09347   0.00018402376   1.0030717e-05
     0.02251772      0.99955579   0.00087309081               0               0               0               0   9.5684064e-05       15.975521   0.00011475523   6.9777653e-06
    0.023156677       1.0016679    0.0008910561               0               0               0               0    9.487009e-05       13.191513   6.0754882e-05   4.3416577e-06
    0.023813609       1.0028459   0.00090229068               0               0               0               0   9.4215041e-05       10.047955   2.5788436e-05   2.3146079e-06
    0.024489022       1.0033034   0.00090816456               0               0               0               0     9.36984e-05       7.4359634   8.4418403e-06   1.0056312e-06
    0.025183436       1.0034203   0.00091070157               0               0               0               0   9.3269864e-05       6.0679533   2.3883293e-06   3.7281124e-07
    0.025897385       1.0034368   0.00091128196               0               0               0               0   9.2879395e-05       5.6760349   1.0063004e-06   1.7681717e-07
     0.02663142       1.0034369   0.00091100203               0               0               0               0   9.2495776e-05       5.6168657   7.9788298e-07   1.4207232e-07
    0.027386104       1.0034361   0.00091044142               0               0               0               0   9.2105987e-05       5.6101002    7.731418e-07   1.3781177e-07
    0.028162019       1.0034355    0.0009099505               0               0               0               0   9.1707108e-05       5.6093839   7.7042453e-07   1.3734157e-07
    0.028959763       1.0034348   0.00090943566               0               0               0               0   9.1299155e-05       5.6093099   7.7013694e-07   1.3729175e-07
    0.029779949        1.003434   0.00090902057               0               0               0               0   9.0882122e-05       5.6093014   7.7010721e-07   1.3728663e-07
    0.030623208       1.0034333   0.00090861533               0               0               0               0   9.0455823e-05       5.6092993   7.7010392e-07   1.3728609e-07
     0.03149019       1.0034325    0.0009081822               0               0               0               0    9.001993e-05       5.6092977   7.7010325e-07   1.3728601e-07
    0.032381563       1.0034317   0.00090776543               0               0               0               0   8.9574174e-05       5.6092962   7.7010283e-07   1.3728597e-07
    0.033298011       1.0034308   0.00090732026               0               0               0               0   8.9118417e-05       5.6092945   7.7010241e-07   1.3728594e-07
    0.034240242       1.0034298   0.00090689639               0               0               0               0   8.8652529e-05       5.6092927   7.7010199e-07    1.372859e-07
    0.035208979       1.0034291   0.00090644993               0               0               0               0   8.8176335e-05       5.6092907   7.7010154e-07   1.3728587e-07
     0.03620497       1.0034281   0.00090599659               0               0               0               0   8.7689489e-05       5.6092885   7.7010107e-07   1.3728584e-07
    0.037228979        1.003427   0.00090552191               0               0               0               0   8.7191632e-05       5.6092862   7.7010058e-07   1.3728582e-07
    0.038281796        1.003426   0.00090502861               0               0               0               0   8.6682224e-05       5.6092837   7.7010008e-07   1.3728579e-07
    0.039364232       1.0034249   0.00090449513               0               0               0               0     8.61605e-05       5.6092811   7.7009956e-07   1.3728576e-07
    0.040477119       1.0034238   0.00090390455               0               0               0               0   8.5625328e-05       5.6092782   7.7009902e-07   1.3728573e-07
    0.041621313       1.0034226   0.00090322474               0               0               0               0   8.5075268e-05       5.6092752   7.7009844e-07    1.372857e-07
    0.042797697       1.0034214   0.00090251773               0               0               0               0   8.4508603e-05       5.6092719   7.7009784e-07   1.3728568e-07
    0.044007175       1.0034201   0.00090167974               0               0               0               0   8.3922746e-05       5.6092684   7.7009721e-07   1.3728565e-07
    0.045250678       1.0034188   0.00090051452               0               0               0               0   8.3310745e-05       5.6092649   7.7009664e-07   1.3728563e-07
    0.046529163       1.0034175   0.00089699659               0               0               0               0   8.2647992e-05       5.6092611     7.70096e-07   1.3728561e-07
    0.047843616       1.0034164   0.00089360805               0               0               0               0    8.191985e-05       5.6092566   7.7009521e-07   1.3728558e-07
    0.049195046       1.0034153   0.00089592943               0               0               0               0   8.1173092e-05       5.6092519   7.7009439e-07   1.3728555e-07
    0.050584496       1.0034139   0.00089925118               0               0               0               0   8.0465243e-05       5.6092468    7.700935e-07   1.3728552e-07
    0.052013033       1.0034121    0.0008997214               0               0               0               0   7.9796389e-05       5.6092412   7.7009256e-07   1.3728549e-07
    0.053481759       1.0034103   0.00089974144               0               0               0               0   7.9139236e-05       5.6092354    7.700916e-07   1.3728546e-07
    0.054991803       1.0034084   0.00089937994               0               0               0               0   7.8476929e-05       5.6092292    7.700906e-07   1.3728543e-07
    0.056544329       1.0034064    0.0008988064               0               0               0               0    7.780143e-05       5.6092225   7.7008952e-07    1.372854e-07
     0.05814053       1.0034041   0.00089817529               0               0               0               0   7.7108022e-05       5.6092154   7.7008838e-07   1.3728537e-07
    0.059781636        1.003402   0.00089748354               0               0               0               0   7.6394259e-05       5.6092079   7.7008718e-07   1.3728534e-07
    0.061468909       1.0034008   0.00089665691               0               0               0               0   7.5656789e-05          5.6092   7.7008593e-07   1.3728531e-07
     0.06320365       1.0034025   0.00089693949               0               0               0               0   7.4900929e-05       5.6091932   7.7008482e-07   1.3728528e-07
    0.064987193        1.003407   0.00089924143               0               0               0               0   7.4147118e-05       5.6091893   7.7008411e-07   1.3728525e-07
     0.06682091       1.0034118   0.00090246906               0               0               0               0   7.3422322e-05       5.6091886   7.7008387e-07   1.3728522e-07
    0.068706215       1.0034158   0.00090540252               0               0               0               0   7.2745247e-05       5.6091901   7.7008396e-07   1.3728521e-07
    0.070644557       1.0034189   0.00090755583               0               0               0               0   7.2115165e-05       5.6091919   7.7008413e-07   1.3728519e-07
    0.072637429       1.0034213   0.00090938623               0               0               0               0   7.1526653e-05       5.6091923   7.7008412e-07   1.3728518e-07
    0.074686365       1.0034231   0.00091065162               0               0               0               0   7.0977143e-05       5.6091902   7.7008376e-07   1.3728517e-07
    0.076792942       1.0034243   0.00091172136               0               0               0               0   7.0467923e-05       5.6091853   7.7008299e-07   1.3728515e-07
    0.078958782       1.0034248   0.00091226398               0               0               0               0    7.000133e-05        5.609178   7.7008185e-07   1.3728512e-07
    0.081185551       1.0034248   0.00091242596               0               0               0               0   6.9573206e-05       5.6091689   7.7008044e-07   1.3728509e-07
    0.083474965       1.0034247   0.00091173799               0               0               0               0     6.91795e-05       5.6091583   7.7007881e-07   1.3728506e-07
    0.085828785       1.0034241    0.0009101113               0               0               0               0   6.8813304e-05       5.6091457   7.7007691e-07   1.3728503e-07
    0.088248823       1.0034222   0.00090784477               0               0               0               0   6.8461306e-05        5.609131   7.7007469e-07     1.37285e-07
    0.090736943       1.0034191   0.00090505129               0               0               0               0   6.8111872e-05       5.6091152   7.7007226e-07   1.3728495e-07
    0.093295058       1.0034159   0.00090227576               0               0               0               0   6.7763108e-05        5.609099   7.7006978e-07   1.3728491e-07
    0.095925139       1.0034121   0.00089963808               0               0               0               0   6.7421493e-05       5.6090803   7.7006699e-07   1.3728487e-07
