/*--------------------------------*- C++ -*----------------------------------*\
  =========                 |
  \\      /  F ield         | OpenFOAM: The Open Source CFD Toolbox
   \\    /   O peration     | Website:  https://openfoam.org
    \\  /    A nd           | Version:  12
     \\/     M anipulation  |
\*---------------------------------------------------------------------------*/
FoamFile
{
    format      ascii;
    class       volVectorField;
    location    "500";
    object      U;
}
// * * * * * * * * * * * * * * * * * * * * * * * * * * * * * * * * * * * * * //

dimensions      [0 1 -1 0 0 0 0];

internalField   nonuniform List<vector> 
1745
(
(1.0021134 0.00066774604 0)
(1.0021214 0.00065012297 0)
(1.0021313 0.00063291206 0)
(1.0021287 0.00061615774 0)
(1.0020816 0.00059967777 0)
(1.0018717 0.00058253001 0)
(1.0012879 0.00056305431 0)
(1.0001525 0.00054026722 0)
(0.99851894 0.00051485062 0)
(0.99653808 0.00048817941 0)
(0.99435749 0.00046133372 0)
(0.9920803 0.00043505986 0)
(0.98977054 0.00040984822 0)
(0.98746783 0.00038584544 0)
(0.98519551 0.00036305023 0)
(0.98296596 0.00034155229 0)
(0.98079033 0.00032137639 0)
(0.97867383 0.00030236812 0)
(0.9766153 0.00028450897 0)
(0.97461874 0.00026785344 0)
(0.97268728 0.00025226548 0)
(0.97080287 0.00023748621 0)
(0.96895276 0.00022391619 0)
(0.96710435 0.00021018521 0)
(0.96528469 0.00020029045 0)
(0.96341666 0.00018464974 0)
(0.96182731 0.00020530424 0)
(0.95903193 0.0001390388 0)
(1.001825 0.0015208976 0)
(1.0018424 0.0014759292 0)
(1.0018584 0.0014324251 0)
(1.0018733 0.0013903394 0)
(1.0018872 0.001349637 0)
(1.0019002 0.0013102791 0)
(1.0019125 0.0012722228 0)
(1.0019241 0.0012354245 0)
(1.0019351 0.0011998411 0)
(1.0019456 0.001165429 0)
(1.0019556 0.0011321459 0)
(1.0019652 0.0010999519 0)
(1.0019745 0.0010688082 0)
(1.0019835 0.001038675 0)
(1.0019923 0.0010095093 0)
(1.0020008 0.00098129435 0)
(1.0020091 0.00095412116 0)
(1.0020174 0.00092792492 0)
(1.0020258 0.00090247737 0)
(1.0020342 0.00087769231 0)
(1.0020424 0.00085356928 0)
(1.0020505 0.00083009711 0)
(1.0020585 0.00080737998 0)
(1.0020664 0.00078553211 0)
(1.0020744 0.00076446457 0)
(1.0020825 0.00074404055 0)
(1.0020908 0.00072410339 0)
(1.0020991 0.00070463809 0)
(1.0021072 0.00068581419 0)
(1.0021155 0.00066765116 0)
(1.0021239 0.00065002359 0)
(1.0021326 0.00063282138 0)
(1.0021409 0.00061610763 0)
(1.002145 0.00059993809 0)
(1.0021191 0.00058405083 0)
(1.0019784 0.00056781544 0)
(1.0015476 0.00054986284 0)
(1.0005943 0.00052891836 0)
(0.99912584 0.00050513615 0)
(0.99727113 0.00047963107 0)
(0.99518171 0.00045367403 0)
(0.99297165 0.00042820069 0)
(0.99071434 0.00040362292 0)
(0.98845424 0.00038009507 0)
(0.98621679 0.000357782 0)
(0.98401947 0.0003367512 0)
(0.98187254 0.00031689857 0)
(0.97977888 0.00029821503 0)
(0.9777434 0.00028074279 0)
(0.97577028 0.00026436218 0)
(0.97385488 0.00024892004 0)
(0.97199774 0.0002348167 0)
(0.970172 0.00022063163 0)
(0.96838286 0.00021050363 0)
(0.96654056 0.00019425109 0)
(0.96496679 0.00021577203 0)
(0.96216322 0.00014670663 0)
(1.0018244 0.0015203844 0)
(1.0018418 0.0014754688 0)
(1.0018579 0.0014320103 0)
(1.0018729 0.0013899644 0)
(1.0018869 0.0013492967 0)
(1.0019 0.001309969 0)
(1.0019123 0.001271939 0)
(1.0019239 0.0012351638 0)
(1.001935 0.0011996004 0)
(1.0019455 0.0011652059 0)
(1.0019555 0.0011319382 0)
(1.0019652 0.0010997577 0)
(1.0019746 0.001068626 0)
(1.0019836 0.0010385033 0)
(1.0019924 0.0010093474 0)
(1.0020009 0.00098114151 0)
(1.0020093 0.00095397404 0)
(1.0020177 0.00092778111 0)
(1.0020261 0.00090233795 0)
(1.0020345 0.00087755813 0)
(1.0020428 0.00085344072 0)
(1.002051 0.00082997494 0)
(1.002059 0.00080726314 0)
(1.002067 0.00078541799 0)
(1.0020751 0.00076435196 0)
(1.0020833 0.00074392932 0)
(1.0020917 0.00072399514 0)
(1.0021 0.00070453399 0)
(1.0021083 0.00068571276 0)
(1.0021166 0.00066755104 0)
(1.0021252 0.0006499246 0)
(1.0021337 0.00063272412 0)
(1.0021425 0.00061601495 0)
(1.0021509 0.00059985411 0)
(1.0021588 0.00058415503 0)
(1.0021469 0.00056872664 0)
(1.0020595 0.00055327286 0)
(1.0017489 0.0005367562 0)
(1.0009839 0.0005175735 0)
(0.99969271 0.00049537359 0)
(0.99797615 0.00047112648 0)
(0.99598595 0.0004462057 0)
(0.99384813 0.00042150648 0)
(0.99164603 0.0003974975 0)
(0.9894294 0.00037451147 0)
(0.98722909 0.00035270492 0)
(0.985064 0.00033204213 0)
(0.98294325 0.00031254331 0)
(0.98087437 0.00029425487 0)
(0.97886333 0.00027708963 0)
(0.97690837 0.00026088071 0)
(0.97501085 0.0002460796 0)
(0.97317115 0.00023130538 0)
(0.97138868 0.00022084595 0)
(0.96957476 0.00020403017 0)
(0.9680296 0.00022643239 0)
(0.96524444 0.0001545552 0)
(1.0018228 0.0015198497 0)
(1.0018403 0.0014749893 0)
(1.0018565 0.0014315786 0)
(1.0018716 0.0013895745 0)
(1.0018857 0.0013489432 0)
(1.0018989 0.0013096472 0)
(1.0019113 0.0012716448 0)
(1.0019231 0.0012348936 0)
(1.0019342 0.0011993511 0)
(1.0019448 0.001164975 0)
(1.0019549 0.0011317234 0)
(1.0019647 0.0010995571 0)
(1.0019741 0.0010684377 0)
(1.0019832 0.001038326 0)
(1.001992 0.0010091802 0)
(1.0020006 0.0009809837 0)
(1.0020091 0.00095382216 0)
(1.0020175 0.0009276327 0)
(1.002026 0.00090219406 0)
(1.0020344 0.00087741965 0)
(1.0020428 0.00085330798 0)
(1.002051 0.00082984876 0)
(1.0020591 0.00080714242 0)
(1.0020671 0.00078530004 0)
(1.0020752 0.00076423555 0)
(1.0020835 0.00074381428 0)
(1.0020919 0.00072388312 0)
(1.0021003 0.00070442618 0)
(1.0021086 0.00068560772 0)
(1.002117 0.00066744734 0)
(1.0021256 0.00064982261 0)
(1.0021343 0.00063262447 0)
(1.002143 0.00061591675 0)
(1.0021519 0.00059975789 0)
(1.0021603 0.00058405526 0)
(1.0021712 0.00056872957 0)
(1.0021671 0.00055379984 0)
(1.0021167 0.00053908907 0)
(1.0019007 0.00052369078 0)
(1.001318 0.0005060855 0)
(1.0002121 0.00048554282 0)
(0.99864598 0.00046273626 0)
(0.99676551 0.000438858 0)
(0.99470706 0.00041489155 0)
(0.99256375 0.00039152533 0)
(0.99039335 0.00036911067 0)
(0.98823112 0.00034772737 0)
(0.98609691 0.00032745737 0)
(0.98400379 0.00030837165 0)
(0.98196107 0.00029042063 0)
(0.97997054 0.00027345505 0)
(0.97803509 0.0002579193 0)
(0.97615451 0.00024238875 0)
(0.97434436 0.00023148895 0)
(0.97252325 0.00021402212 0)
(0.97100182 0.00023719491 0)
(0.96824398 0.00016253467 0)
(1.0018202 0.001519298 0)
(1.0018379 0.0014744939 0)
(1.0018542 0.0014311321 0)
(1.0018695 0.0013891708 0)
(1.0018837 0.0013485769 0)
(1.001897 0.0013093135 0)
(1.0019095 0.0012713396 0)
(1.0019214 0.0012346132 0)
(1.0019326 0.0011990925 0)
(1.0019433 0.0011647354 0)
(1.0019536 0.0011315006 0)
(1.0019634 0.0010993489 0)
(1.0019729 0.0010682424 0)
(1.0019821 0.0010381421 0)
(1.001991 0.0010090069 0)
(1.0019997 0.00098082019 0)
(1.0020082 0.00095366491 0)
(1.0020167 0.00092747917 0)
(1.0020252 0.00090204529 0)
(1.0020337 0.00087727651 0)
(1.0020421 0.00085317083 0)
(1.0020504 0.00082971838 0)
(1.0020585 0.00080701769 0)
(1.0020666 0.00078517821 0)
(1.0020748 0.00076411533 0)
(1.0020831 0.00074369552 0)
(1.0020915 0.00072376745 0)
(1.0021 0.00070431482 0)
(1.0021084 0.00068549918 0)
(1.0021168 0.00066734024 0)
(1.0021255 0.00064971709 0)
(1.0021342 0.00063252174 0)
(1.002143 0.00061581588 0)
(1.0021519 0.00059965965 0)
(1.0021607 0.00058395201 0)
(1.0021701 0.00056863521 0)
(1.0021789 0.00055375032 0)
(1.002183 0.00053935227 0)
(1.0021566 0.00052517862 0)
(1.0020155 0.00051061778 0)
(1.001594 0.00049450393 0)
(1.0006745 0.00047570401 0)
(0.99927373 0.0004543557 0)
(0.99751697 0.00043152805 0)
(0.99554605 0.00040839955 0)
(0.99346618 0.000385721 0)
(0.99134444 0.00036380879 0)
(0.98922056 0.00034287295 0)
(0.98711872 0.00032304733 0)
(0.98505468 0.00030433408 0)
(0.98303535 0.00028661264 0)
(0.98106645 0.00027033952 0)
(0.97914824 0.00025405543 0)
(0.97729923 0.00024259983 0)
(0.97543916 0.00022440573 0)
(0.97390642 0.00024810227 0)
(0.97115145 0.00017068523 0)
(1.0018176 0.0015187237 0)
(1.0018353 0.0014739784 0)
(1.0018518 0.0014306676 0)
(1.0018671 0.001388751 0)
(1.0018814 0.0013481961 0)
(1.0018948 0.0013089666 0)
(1.0019074 0.0012710223 0)
(1.0019193 0.0012343218 0)
(1.0019307 0.0011988237 0)
(1.0019414 0.0011644865 0)
(1.0019518 0.001131269 0)
(1.0019617 0.0010991326 0)
(1.0019712 0.0010680396 0)
(1.0019805 0.0010379513 0)
(1.0019895 0.001008827 0)
(1.0019983 0.00098065053 0)
(1.0020068 0.00095350183 0)
(1.0020154 0.00092732008 0)
(1.002024 0.00090189119 0)
(1.0020325 0.00087712829 0)
(1.002041 0.00085302884 0)
(1.0020493 0.0008295834 0)
(1.0020575 0.00080688857 0)
(1.0020656 0.00078505214 0)
(1.0020739 0.00076399098 0)
(1.0020823 0.00074357272 0)
(1.0020907 0.00072364787 0)
(1.0020992 0.00070419967 0)
(1.0021077 0.00068538697 0)
(1.0021162 0.00066722953 0)
(1.0021249 0.00064960803 0)
(1.0021336 0.00063241548 0)
(1.0021425 0.00061571204 0)
(1.0021514 0.00059955725 0)
(1.0021604 0.00058385089 0)
(1.0021695 0.00056853537 0)
(1.0021789 0.00055365527 0)
(1.0021877 0.0005392636 0)
(1.0021964 0.00052527354 0)
(1.0021849 0.00051147655 0)
(1.0021004 0.00049767418 0)
(1.0018031 0.00048292723 0)
(1.0010776 0.00046574185 0)
(0.9998556 0.00044587405 0)
(0.99823571 0.00042425204 0)
(0.99636132 0.00040204069 0)
(0.99435059 0.00038000053 0)
(0.99228044 0.00035862123 0)
(0.99019723 0.00033818269 0)
(0.98812954 0.0003187751 0)
(0.98609291 0.00030032777 0)
(0.98409816 0.00028332827 0)
(0.98214771 0.00026628668 0)
(0.98026318 0.00025428225 0)
(0.97836607 0.00023537938 0)
(0.97679435 0.000259223 0)
(0.97400712 0.00017917782 0)
(1.0018154 0.0015181316 0)
(1.0018332 0.0014734468 0)
(1.0018497 0.0014301884 0)
(1.0018651 0.0013883178 0)
(1.0018795 0.001347803 0)
(1.0018929 0.0013086085 0)
(1.0019056 0.0012706946 0)
(1.0019175 0.0012340208 0)
(1.0019289 0.001198546 0)
(1.0019397 0.0011642292 0)
(1.0019501 0.0011310297 0)
(1.00196 0.0010989091 0)
(1.0019696 0.0010678299 0)
(1.0019789 0.0010377539 0)
(1.001988 0.001008641 0)
(1.0019968 0.00098047496 0)
(1.0020054 0.0009533331 0)
(1.002014 0.00092715552 0)
(1.0020226 0.00090173182 0)
(1.0020312 0.000876975 0)
(1.0020397 0.00085288198 0)
(1.0020481 0.00082944375 0)
(1.0020563 0.00080675497 0)
(1.0020645 0.00078492173 0)
(1.0020727 0.00076386239 0)
(1.0020812 0.00074344578 0)
(1.0020897 0.00072352425 0)
(1.0020982 0.00070408062 0)
(1.0021067 0.00068527097 0)
(1.0021152 0.00066711512 0)
(1.002124 0.00064949534 0)
(1.0021328 0.00063230566 0)
(1.0021416 0.00061560479 0)
(1.0021506 0.00059945144 0)
(1.0021596 0.00058374714 0)
(1.0021688 0.00056843354 0)
(1.0021781 0.00055355524 0)
(1.0021874 0.00053916408 0)
(1.0021964 0.00052516839 0)
(1.0022083 0.00051146905 0)
(1.0022049 0.00049815093 0)
(1.0021585 0.00048503317 0)
(1.0019578 0.00047126836 0)
(1.0014174 0.00045557658 0)
(1.0003834 0.00043732321 0)
(0.99891405 0.00041702501 0)
(0.99714817 0.00039571746 0)
(0.99521442 0.0003743685 0)
(0.99320038 0.0003535816 0)
(0.99116057 0.00033362851 0)
(0.98912668 0.00031453507 0)
(0.98711913 0.00029685124 0)
(0.98514527 0.0002790676 0)
(0.98323099 0.00026651428 0)
(0.98130059 0.00024697103 0)
(0.97969273 0.00027067488 0)
(0.97686029 0.00018820394 0)
(1.0018137 0.0015175236 0)
(1.0018315 0.0014729008 0)
(1.0018481 0.0014296963 0)
(1.0018635 0.0013878728 0)
(1.0018779 0.001347399 0)
(1.0018914 0.0013082403 0)
(1.0019041 0.0012703577 0)
(1.0019161 0.0012337112 0)
(1.0019275 0.0011982604 0)
(1.0019383 0.0011639645 0)
(1.0019487 0.0011307835 0)
(1.0019587 0.001098679 0)
(1.0019683 0.001067614 0)
(1.0019777 0.0010375506 0)
(1.0019867 0.0010084494 0)
(1.0019955 0.00098029409 0)
(1.0020042 0.00095315925 0)
(1.0020128 0.000926986 0)
(1.0020214 0.00090156761 0)
(1.00203 0.00087681703 0)
(1.0020385 0.00085273061 0)
(1.0020469 0.00082929975 0)
(1.0020552 0.00080661717 0)
(1.0020634 0.00078478722 0)
(1.0020717 0.00076372976 0)
(1.0020801 0.00074331486 0)
(1.0020886 0.00072339674 0)
(1.0020972 0.0007039578 0)
(1.0021057 0.00068515128 0)
(1.0021143 0.00066699709 0)
(1.002123 0.00064937908 0)
(1.0021318 0.00063219236 0)
(1.0021407 0.00061549412 0)
(1.0021497 0.00059934235 0)
(1.0021588 0.00058363995 0)
(1.002168 0.00056832886 0)
(1.0021772 0.00055345254 0)
(1.0021866 0.00053906394 0)
(1.002196 0.0005250617 0)
(1.002206 0.00051137183 0)
(1.0022152 0.00049809112 0)
(1.0022207 0.00048524823 0)
(1.0021982 0.00047255587 0)
(1.0020718 0.00045956318 0)
(1.0016928 0.00044532165 0)
(1.0008463 0.00042868879 0)
(0.99954484 0.0004097093 0)
(0.99790308 0.00038941472 0)
(0.99605522 0.00036885181 0)
(0.99410239 0.00034866672 0)
(0.99210776 0.00032910031 0)
(0.99011047 0.00031083003 0)
(0.98812829 0.00029235578 0)
(0.9861941 0.00027927712 0)
(0.98423688 0.0002591986 0)
(0.98259746 0.00028240765 0)
(0.97972151 0.00019777266 0)
(1.001812 0.0015168967 0)
(1.00183 0.0014723377 0)
(1.0018466 0.0014291886 0)
(1.0018621 0.0013874137 0)
(1.0018766 0.0013469823 0)
(1.0018901 0.0013078606 0)
(1.0019029 0.0012700104 0)
(1.0019149 0.0012333921 0)
(1.0019264 0.001197966 0)
(1.0019372 0.0011636918 0)
(1.0019477 0.0011305297 0)
(1.0019577 0.001098442 0)
(1.0019673 0.0010673917 0)
(1.0019767 0.0010373414 0)
(1.0019857 0.0010082522 0)
(1.0019946 0.00098010791 0)
(1.0020032 0.00095298036 0)
(1.0020118 0.00092681163 0)
(1.0020205 0.00090139874 0)
(1.0020291 0.00087665456 0)
(1.0020377 0.00085257491 0)
(1.0020461 0.0008291516 0)
(1.0020543 0.00080647537 0)
(1.0020625 0.00078464881 0)
(1.0020708 0.00076359331 0)
(1.0020792 0.00074318017 0)
(1.0020878 0.00072326554 0)
(1.0020963 0.00070383138 0)
(1.0021048 0.00068502808 0)
(1.0021134 0.00066687558 0)
(1.0021222 0.00064925941 0)
(1.002131 0.00063207569 0)
(1.0021399 0.00061538017 0)
(1.0021488 0.00059923002 0)
(1.002158 0.00058352955 0)
(1.0021672 0.00056822104 0)
(1.0021764 0.00055334702 0)
(1.0021858 0.00053895989 0)
(1.0021953 0.00052495887 0)
(1.0022049 0.00051127067 0)
(1.0022148 0.00049799374 0)
(1.002224 0.00048515196 0)
(1.0022343 0.00047261605 0)
(1.0022249 0.00046025822 0)
(1.0021544 0.00044801263 0)
(1.0018923 0.00043499949 0)
(1.0012444 0.00041982152 0)
(1.0001243 0.00040229155 0)
(0.99862009 0.00038315464 0)
(0.99686853 0.00036342366 0)
(0.99498295 0.00034375649 0)
(0.9930387 0.00032510678 0)
(0.99107507 0.00030605892 0)
(0.98913811 0.00029252017 0)
(0.98716529 0.00027206719 0)
(0.98550168 0.00029434947 0)
(0.98258785 0.00020788927 0)
(1.0018104 0.0015162462 0)
(1.0018284 0.0014717536 0)
(1.0018451 0.0014286622 0)
(1.0018607 0.0013869377 0)
(1.0018752 0.0013465505 0)
(1.0018889 0.0013074673 0)
(1.0019017 0.0012696507 0)
(1.0019138 0.0012330619 0)
(1.0019253 0.0011976615 0)
(1.0019362 0.0011634098 0)
(1.0019467 0.0011302676 0)
(1.0019567 0.0010981973 0)
(1.0019664 0.0010671624 0)
(1.0019758 0.0010371256 0)
(1.0019849 0.0010080488 0)
(1.0019938 0.00097991599 0)
(1.0020024 0.00095279606 0)
(1.0020111 0.0009266321 0)
(1.0020198 0.00090122492 0)
(1.0020284 0.00087648738 0)
(1.0020369 0.00085241472 0)
(1.0020454 0.00082899917 0)
(1.0020536 0.00080632948 0)
(1.0020618 0.00078450644 0)
(1.0020701 0.00076345298 0)
(1.0020786 0.00074304169 0)
(1.0020871 0.00072313065 0)
(1.0020957 0.00070370138 0)
(1.0021042 0.00068490139 0)
(1.0021128 0.00066675066 0)
(1.0021215 0.00064913636 0)
(1.0021303 0.00063195574 0)
(1.0021392 0.00061526298 0)
(1.0021482 0.0005991145 0)
(1.0021573 0.00058341603 0)
(1.0021665 0.00056811014 0)
(1.0021758 0.00055323853 0)
(1.0021851 0.00053885278 0)
(1.0021947 0.00052485382 0)
(1.0022043 0.00051116765 0)
(1.002214 0.0004978932 0)
(1.0022237 0.00048504773 0)
(1.0022338 0.00047251549 0)
(1.0022439 0.00046023243 0)
(1.0022447 0.00044837833 0)
(1.0022081 0.00043671821 0)
(1.0020386 0.00042449637 0)
(1.0015722 0.0004107666 0)
(1.0006407 0.00039478337 0)
(0.99929083 0.00037688433 0)
(0.9976493 0.00035794196 0)
(0.99584105 0.00033936491 0)
(0.99394642 0.00031999269 0)
(0.99203789 0.00030613711 0)
(0.9900694 0.00028555262 0)
(0.98839398 0.00030638227 0)
(0.9854539 0.00021861542 0)
(1.0018086 0.0015155732 0)
(1.0018268 0.0014711494 0)
(1.0018436 0.0014281176 0)
(1.0018592 0.0013864455 0)
(1.0018739 0.001346104 0)
(1.0018875 0.0013070607 0)
(1.0019004 0.0012692789 0)
(1.0019126 0.0012327205 0)
(1.0019242 0.0011973468 0)
(1.0019352 0.0011631186 0)
(1.0019457 0.0011299969 0)
(1.0019558 0.0010979446 0)
(1.0019655 0.0010669255 0)
(1.0019749 0.0010369028 0)
(1.0019841 0.0010078389 0)
(1.001993 0.00097971789 0)
(1.0020017 0.00095260589 0)
(1.0020104 0.00092644698 0)
(1.0020191 0.00090104573 0)
(1.0020277 0.00087631508 0)
(1.0020363 0.00085224965 0)
(1.0020447 0.00082884209 0)
(1.002053 0.00080617916 0)
(1.0020612 0.0007843598 0)
(1.0020695 0.0007633085 0)
(1.002078 0.00074289917 0)
(1.0020866 0.00072299184 0)
(1.0020951 0.00070356761 0)
(1.0021036 0.00068477105 0)
(1.0021122 0.00066662216 0)
(1.002121 0.00064900983 0)
(1.0021298 0.00063183238 0)
(1.0021387 0.00061514249 0)
(1.0021477 0.00059899575 0)
(1.0021568 0.00058329933 0)
(1.002166 0.00056799614 0)
(1.0021753 0.000553127 0)
(1.0021846 0.00053874273 0)
(1.0021942 0.00052474564 0)
(1.0022038 0.0005110623 0)
(1.0022134 0.00049778993 0)
(1.0022232 0.00048494553 0)
(1.0022331 0.00047241171 0)
(1.0022433 0.00046013744 0)
(1.0022527 0.00044829955 0)
(1.0022604 0.00043685537 0)
(1.0022444 0.00042548208 0)
(1.0021439 0.00041401173 0)
(1.0018246 0.00040160756 0)
(1.0010865 0.00038711761 0)
(0.99990853 0.00037042717 0)
(0.99839433 0.00035292072 0)
(0.99666746 0.00033377942 0)
(0.99484717 0.00031990953 0)
(0.99292005 0.00029956724 0)
(0.99125477 0.00031832457 0)
(0.98831007 0.00023004765 0)
(1.0018068 0.0015148806 0)
(1.0018251 0.0014705273 0)
(1.001842 0.0014275568 0)
(1.0018577 0.0013859384 0)
(1.0018724 0.0013456438 0)
(1.0018862 0.0013066415 0)
(1.0018992 0.0012688956 0)
(1.0019114 0.0012323685 0)
(1.001923 0.0011970222 0)
(1.0019341 0.001162818 0)
(1.0019446 0.0011297175 0)
(1.0019548 0.0010976838 0)
(1.0019646 0.001066681 0)
(1.0019741 0.0010366728 0)
(1.0019833 0.0010076222 0)
(1.0019922 0.00097951329 0)
(1.0020009 0.00095240953 0)
(1.0020096 0.00092625591 0)
(1.0020184 0.00090086084 0)
(1.0020271 0.00087613731 0)
(1.0020357 0.00085207936 0)
(1.0020441 0.00082868004 0)
(1.0020524 0.00080602408 0)
(1.0020607 0.00078420858 0)
(1.002069 0.00076315959 0)
(1.0020775 0.00074275234 0)
(1.0020861 0.00072284885 0)
(1.0020946 0.00070342983 0)
(1.0021032 0.00068463683 0)
(1.0021118 0.0006664899 0)
(1.0021205 0.00064887961 0)
(1.0021294 0.00063170545 0)
(1.0021382 0.00061501852 0)
(1.0021472 0.0005988736 0)
(1.0021563 0.00058317932 0)
(1.0021655 0.00056787891 0)
(1.0021748 0.00055301233 0)
(1.0021842 0.0005386296 0)
(1.0021937 0.00052463444 0)
(1.0022033 0.00051095403 0)
(1.002213 0.00049768381 0)
(1.0022228 0.00048484116 0)
(1.0022327 0.0004723093 0)
(1.0022426 0.00046003751 0)
(1.0022527 0.00044820202 0)
(1.002262 0.000436753 0)
(1.0022738 0.00042549269 0)
(1.0022685 0.00041451962 0)
(1.0022156 0.00040371163 0)
(1.0020033 0.00039231722 0)
(1.0014598 0.00037912717 0)
(1.0004676 0.00036431376 0)
(0.99909005 0.00034658585 0)
(0.99747589 0.00033336696 0)
(0.99566249 0.00031387818 0)
(0.99404875 0.00032989397 0)
(0.9911391 0.00024233314 0)
(1.001805 0.0015141629 0)
(1.0018233 0.0014698826 0)
(1.0018403 0.0014269757 0)
(1.0018562 0.0013854129 0)
(1.0018709 0.001345167 0)
(1.0018848 0.0013062071 0)
(1.0018978 0.0012684983 0)
(1.0019101 0.0012320037 0)
(1.0019218 0.0011966859 0)
(1.0019329 0.0011625066 0)
(1.0019436 0.001129428 0)
(1.0019538 0.0010974136 0)
(1.0019636 0.0010664279 0)
(1.0019731 0.0010364347 0)
(1.0019824 0.0010073979 0)
(1.0019914 0.0009793016 0)
(1.0020001 0.00095220647 0)
(1.0020089 0.00092605847 0)
(1.0020177 0.00090066986 0)
(1.0020264 0.00087595375 0)
(1.002035 0.00085190357 0)
(1.0020435 0.00082851276 0)
(1.0020518 0.00080586403 0)
(1.0020601 0.00078405259 0)
(1.0020684 0.00076300604 0)
(1.0020769 0.00074260102 0)
(1.0020855 0.00072270152 0)
(1.0020941 0.00070328786 0)
(1.0021027 0.00068449857 0)
(1.0021113 0.00066635369 0)
(1.00212 0.00064874556 0)
(1.0021289 0.00063157479 0)
(1.0021378 0.00061489094 0)
(1.0021468 0.00059874791 0)
(1.0021559 0.00058305584 0)
(1.0021651 0.00056775831 0)
(1.0021744 0.00055289436 0)
(1.0021838 0.00053851324 0)
(1.0021933 0.00052452009 0)
(1.002203 0.00051084268 0)
(1.0022126 0.00049757476 0)
(1.0022224 0.00048473377 0)
(1.0022323 0.00047220443 0)
(1.0022422 0.00045993554 0)
(1.0022522 0.00044810354 0)
(1.0022621 0.00043664956 0)
(1.0022723 0.00042539744 0)
(1.0022817 0.0004144695 0)
(1.0022864 0.00040394628 0)
(1.0022612 0.00039357986 0)
(1.0021306 0.00038281561 0)
(1.0017582 0.000371443 0)
(1.0009487 0.00035670776 0)
(0.99974616 0.00034545873 0)
(0.99818847 0.00032790483 0)
(0.9967085 0.00034062647 0)
(0.99390861 0.00025567841 0)
(1.0018031 0.001513422 0)
(1.0018215 0.0014692169 0)
(1.0018386 0.0014263754 0)
(1.0018545 0.00138487 0)
(1.0018694 0.0013446741 0)
(1.0018833 0.0013057581 0)
(1.0018965 0.0012680877 0)
(1.0019088 0.0012316266 0)
(1.0019206 0.0011963382 0)
(1.0019318 0.0011621848 0)
(1.0019425 0.0011291289 0)
(1.0019527 0.0010971344 0)
(1.0019626 0.0010661663 0)
(1.0019722 0.0010361887 0)
(1.0019815 0.0010071662 0)
(1.0019905 0.00097908292 0)
(1.0019993 0.00095199679 0)
(1.0020081 0.00092585473 0)
(1.0020169 0.00090047286 0)
(1.0020257 0.00087576444 0)
(1.0020343 0.00085172231 0)
(1.0020428 0.00082834026 0)
(1.0020512 0.00080569899 0)
(1.0020595 0.00078389179 0)
(1.0020679 0.00076284783 0)
(1.0020764 0.00074244515 0)
(1.002085 0.00072254979 0)
(1.0020936 0.00070314163 0)
(1.0021022 0.00068435618 0)
(1.0021108 0.00066621346 0)
(1.0021196 0.00064860756 0)
(1.0021285 0.00063144029 0)
(1.0021374 0.00061475961 0)
(1.0021464 0.00059861856 0)
(1.0021555 0.00058292878 0)
(1.0021647 0.0005676342 0)
(1.002174 0.00055277299 0)
(1.0021834 0.00053839354 0)
(1.0021929 0.00052440246 0)
(1.0022026 0.00051072813 0)
(1.0022123 0.0004974626 0)
(1.002222 0.00048462331 0)
(1.002232 0.0004720965 0)
(1.0022419 0.00045983129 0)
(1.0022518 0.00044800159 0)
(1.0022618 0.00043654946 0)
(1.0022718 0.00042530054 0)
(1.0022818 0.00041437789 0)
(1.0022909 0.00040385762 0)
(1.0023005 0.00039364636 0)
(1.0022902 0.00038347483 0)
(1.0022197 0.0003738802 0)
(1.0019652 0.00036223655 0)
(1.0013679 0.00035428968 0)
(1.000288 0.00034033435 0)
(0.99909902 0.00034971811 0)
(0.9965538 0.00027023735 0)
(1.0018011 0.0015126545 0)
(1.0018197 0.0014685273 0)
(1.0018369 0.0014257536 0)
(1.0018529 0.0013843076 0)
(1.0018678 0.0013441638 0)
(1.0018819 0.0013052933 0)
(1.0018951 0.0012676626 0)
(1.0019075 0.0012312364 0)
(1.0019193 0.0011959785 0)
(1.0019306 0.0011618519 0)
(1.0019413 0.0011288196 0)
(1.0019517 0.0010968459 0)
(1.0019616 0.001065896 0)
(1.0019712 0.0010359347 0)
(1.0019805 0.0010069269 0)
(1.0019896 0.0009788571 0)
(1.0019985 0.00095178037 0)
(1.0020073 0.00092564456 0)
(1.0020161 0.00090026972 0)
(1.0020249 0.00087556927 0)
(1.0020336 0.00085153545 0)
(1.0020421 0.00082816242 0)
(1.0020505 0.00080552885 0)
(1.0020589 0.00078372606 0)
(1.0020673 0.00076268483 0)
(1.0020758 0.00074228462 0)
(1.0020844 0.00072239351 0)
(1.0020931 0.00070299101 0)
(1.0021016 0.00068420953 0)
(1.0021103 0.00066606906 0)
(1.0021191 0.00064846549 0)
(1.002128 0.00063130181 0)
(1.0021369 0.0006146244 0)
(1.0021459 0.00059848541 0)
(1.0021551 0.000582798 0)
(1.0021643 0.00056750647 0)
(1.0021736 0.00055264806 0)
(1.002183 0.00053827035 0)
(1.0021926 0.00052428141 0)
(1.0022022 0.00051061026 0)
(1.0022119 0.00049734719 0)
(1.0022217 0.00048450967 0)
(1.0022316 0.00047198547 0)
(1.0022415 0.00045972407 0)
(1.0022515 0.00044789674 0)
(1.0022615 0.00043644724 0)
(1.0022715 0.00042520216 0)
(1.0022814 0.00041428382 0)
(1.002291 0.00040376342 0)
(1.0023005 0.00039355278 0)
(1.0023108 0.00038345631 0)
(1.0023096 0.00037422341 0)
(1.0022714 0.00036373386 0)
(1.002119 0.0003583929 0)
(1.0016592 0.00034914947 0)
(1.0009667 0.0003559751 0)
(0.99893945 0.00028561845 0)
(1.0017991 0.0015118626 0)
(1.0018178 0.0014678157 0)
(1.0018351 0.0014251118 0)
(1.0018512 0.0013837271 0)
(1.0018662 0.0013436369 0)
(1.0018803 0.0013048132 0)
(1.0018936 0.0012672236 0)
(1.0019061 0.0012308334 0)
(1.001918 0.001195607 0)
(1.0019293 0.0011615081 0)
(1.0019402 0.0011285001 0)
(1.0019505 0.0010965479 0)
(1.0019605 0.0010656169 0)
(1.0019702 0.0010356723 0)
(1.0019796 0.0010066799 0)
(1.0019887 0.00097862394 0)
(1.0019976 0.00095155697 0)
(1.0020065 0.00092542774 0)
(1.0020153 0.00090006019 0)
(1.0020242 0.00087536798 0)
(1.0020329 0.00085134275 0)
(1.0020414 0.000827979 0)
(1.0020499 0.00080535335 0)
(1.0020582 0.00078355516 0)
(1.0020666 0.0007625168 0)
(1.0020752 0.00074211919 0)
(1.0020839 0.00072223249 0)
(1.0020925 0.0007028358 0)
(1.0021011 0.00068405842 0)
(1.0021098 0.00066592031 0)
(1.0021186 0.00064831917 0)
(1.0021275 0.00063115919 0)
(1.0021364 0.00061448516 0)
(1.0021455 0.00059834831 0)
(1.0021546 0.00058266335 0)
(1.0021639 0.00056737497 0)
(1.0021732 0.00055251947 0)
(1.0021826 0.00053814357 0)
(1.0021922 0.00052415684 0)
(1.0022018 0.00051048895 0)
(1.0022115 0.00049722842 0)
(1.0022213 0.00048439275 0)
(1.0022312 0.00047187123 0)
(1.0022412 0.00045961374 0)
(1.0022511 0.00044778895 0)
(1.0022611 0.00043634195 0)
(1.0022711 0.00042510131 0)
(1.002281 0.00041418731 0)
(1.0022907 0.00040367082 0)
(1.0023002 0.00039346015 0)
(1.0023094 0.00038337677 0)
(1.002318 0.00037416401 0)
(1.0023213 0.00036388085 0)
(1.0023077 0.00035891506 0)
(1.0022004 0.00035340457 0)
(1.0019955 0.00035875741 0)
(1.0008184 0.00030037892 0)
(1.001797 0.0015110425 0)
(1.0018158 0.0014670786 0)
(1.0018332 0.0014244471 0)
(1.0018494 0.0013831258 0)
(1.0018646 0.0013430912 0)
(1.0018788 0.0013043161 0)
(1.0018921 0.0012667691 0)
(1.0019047 0.0012304161 0)
(1.0019167 0.0011952225 0)
(1.0019281 0.0011611522 0)
(1.001939 0.0011281695 0)
(1.0019494 0.0010962395 0)
(1.0019594 0.0010653281 0)
(1.0019692 0.001035401 0)
(1.0019786 0.0010064244 0)
(1.0019878 0.00097838282 0)
(1.0019967 0.00095132605 0)
(1.0020056 0.00092520376 0)
(1.0020145 0.00089984382 0)
(1.0020234 0.00087516017 0)
(1.0020321 0.00085114383 0)
(1.0020407 0.00082778964 0)
(1.0020492 0.00080517218 0)
(1.0020575 0.00078337881 0)
(1.002066 0.00076234349 0)
(1.0020746 0.00074194864 0)
(1.0020833 0.00072206649 0)
(1.0020919 0.00070267578 0)
(1.0021006 0.00068390266 0)
(1.0021092 0.00066576704 0)
(1.0021181 0.00064816843 0)
(1.002127 0.00063101227 0)
(1.0021359 0.00061434174 0)
(1.002145 0.00059820713 0)
(1.0021542 0.00058252472 0)
(1.0021634 0.00056723958 0)
(1.0021727 0.00055238707 0)
(1.0021822 0.00053801307 0)
(1.0021917 0.00052402864 0)
(1.0022014 0.00051036411 0)
(1.0022111 0.0004971062 0)
(1.0022209 0.00048427244 0)
(1.0022308 0.00047175369 0)
(1.0022408 0.00045950021 0)
(1.0022507 0.00044767805 0)
(1.0022608 0.00043623363 0)
(1.0022708 0.00042499758 0)
(1.0022806 0.00041408809 0)
(1.0022904 0.00040357579 0)
(1.0022999 0.00039337047 0)
(1.0023089 0.0003832951 0)
(1.002318 0.00037408643 0)
(1.0023236 0.00036383563 0)
(1.0023325 0.00035882261 0)
(1.0023194 0.00035492956 0)
(1.0022887 0.00035925396 0)
(1.001897 0.00031236996 0)
(1.0017949 0.0015101954 0)
(1.0018138 0.0014663171 0)
(1.0018313 0.0014237602 0)
(1.0018476 0.0013825043 0)
(1.0018629 0.001342527 0)
(1.0018771 0.0013038022 0)
(1.0018906 0.0012662991 0)
(1.0019033 0.0012299847 0)
(1.0019153 0.0011948248 0)
(1.0019268 0.0011607843 0)
(1.0019377 0.0011278277 0)
(1.0019482 0.0010959208 0)
(1.0019583 0.0010650296 0)
(1.0019681 0.0010351206 0)
(1.0019776 0.0010061603 0)
(1.0019868 0.00097813363 0)
(1.0019958 0.00095108748 0)
(1.0020048 0.0009249725 0)
(1.0020137 0.00089962049 0)
(1.0020226 0.00087494571 0)
(1.0020313 0.00085093856 0)
(1.00204 0.00082759422 0)
(1.0020485 0.00080498521 0)
(1.0020569 0.00078319688 0)
(1.0020653 0.00076216477 0)
(1.002074 0.00074177283 0)
(1.0020826 0.0007218954 0)
(1.0020913 0.00070251084 0)
(1.0021 0.00068374214 0)
(1.0021087 0.00066560913 0)
(1.0021175 0.00064801317 0)
(1.0021265 0.00063086095 0)
(1.0021354 0.00061419404 0)
(1.0021445 0.00059806177 0)
(1.0021537 0.000582382 0)
(1.002163 0.00056710021 0)
(1.0021723 0.00055225079 0)
(1.0021817 0.00053787876 0)
(1.0021913 0.0005238967 0)
(1.002201 0.00051023562 0)
(1.0022107 0.00049698043 0)
(1.0022205 0.00048414866 0)
(1.0022305 0.00047163275 0)
(1.0022404 0.0004593834 0)
(1.0022504 0.00044756396 0)
(1.0022604 0.0004361222 0)
(1.0022704 0.00042489085 0)
(1.0022803 0.00041398605 0)
(1.00229 0.000403478 0)
(1.0022996 0.00039327864 0)
(1.0023085 0.00038321099 0)
(1.0023176 0.0003740099 0)
(1.0023231 0.00036378796 0)
(1.0023344 0.00035872726 0)
(1.0023336 0.00035531164 0)
(1.0023317 0.00035900087 0)
(1.0022654 0.00032039955 0)
(1.0017927 0.0015093185 0)
(1.0018117 0.0014655287 0)
(1.0018294 0.001423049 0)
(1.0018458 0.0013818609 0)
(1.0018611 0.0013419429 0)
(1.0018755 0.0013032701 0)
(1.001889 0.0012658125 0)
(1.0019018 0.0012295381 0)
(1.0019139 0.0011944132 0)
(1.0019254 0.0011604035 0)
(1.0019364 0.0011274741 0)
(1.001947 0.001095591 0)
(1.0019572 0.0010647209 0)
(1.001967 0.0010348306 0)
(1.0019765 0.0010058873 0)
(1.0019858 0.00097787599 0)
(1.0019949 0.00095084093 0)
(1.0020038 0.00092473365 0)
(1.0020128 0.00089938992 0)
(1.0020217 0.00087472435 0)
(1.0020305 0.00085072672 0)
(1.0020392 0.00082739254 0)
(1.0020477 0.00080479226 0)
(1.0020562 0.0007830092 0)
(1.0020647 0.00076198048 0)
(1.0020733 0.00074159162 0)
(1.002082 0.00072171908 0)
(1.0020907 0.00070234085 0)
(1.0020994 0.00068357673 0)
(1.0021081 0.00066544646 0)
(1.002117 0.00064785325 0)
(1.0021259 0.0006307051 0)
(1.0021349 0.00061404193 0)
(1.002144 0.00059791211 0)
(1.0021532 0.00058223507 0)
(1.0021625 0.00056695672 0)
(1.0021718 0.0005521105 0)
(1.0021813 0.00053774052 0)
(1.0021909 0.00052376092 0)
(1.0022005 0.00051010339 0)
(1.0022103 0.00049685101 0)
(1.0022201 0.00048402129 0)
(1.00223 0.00047150832 0)
(1.00224 0.0004592632 0)
(1.00225 0.00044744657 0)
(1.00226 0.00043600757 0)
(1.00227 0.00042478103 0)
(1.0022799 0.00041388107 0)
(1.0022896 0.00040337737 0)
(1.0022992 0.00039318421 0)
(1.0023082 0.00038312479 0)
(1.0023172 0.00037393191 0)
(1.0023229 0.00036373988 0)
(1.0023332 0.00035861869 0)
(1.0023342 0.00035533329 0)
(1.0023353 0.00035865894 0)
(1.0023304 0.00032490106 0)
(1.0017905 0.001508412 0)
(1.0018096 0.0014647136 0)
(1.0018273 0.0014223135 0)
(1.0018439 0.0013811954 0)
(1.0018593 0.0013413388 0)
(1.0018738 0.0013027196 0)
(1.0018874 0.0012653092 0)
(1.0019002 0.0012290761 0)
(1.0019124 0.0011939875 0)
(1.001924 0.0011600097 0)
(1.0019351 0.0011271083 0)
(1.0019457 0.00109525 0)
(1.001956 0.0010644018 0)
(1.0019659 0.0010345308 0)
(1.0019754 0.0010056052 0)
(1.0019848 0.00097760969 0)
(1.0019939 0.00095058619 0)
(1.0020029 0.00092448703 0)
(1.0020119 0.00089915192 0)
(1.0020209 0.0008744959 0)
(1.0020297 0.00085050814 0)
(1.0020384 0.00082718441 0)
(1.002047 0.00080459314 0)
(1.0020554 0.00078281559 0)
(1.002064 0.00076179045 0)
(1.0020726 0.00074140485 0)
(1.0020814 0.00072153735 0)
(1.0020901 0.00070216563 0)
(1.0020988 0.00068340625 0)
(1.0021075 0.00066527886 0)
(1.0021164 0.00064768854 0)
(1.0021254 0.00063054457 0)
(1.0021344 0.00061388527 0)
(1.0021435 0.000597758 0)
(1.0021527 0.00058208379 0)
(1.002162 0.000566809 0)
(1.0021713 0.00055196608 0)
(1.0021808 0.00053759824 0)
(1.0021904 0.00052362117 0)
(1.0022001 0.00050996729 0)
(1.0022098 0.00049671781 0)
(1.0022197 0.00048389023 0)
(1.0022296 0.00047138028 0)
(1.0022396 0.00045913951 0)
(1.0022496 0.00044732578 0)
(1.0022596 0.00043588963 0)
(1.0022696 0.00042466805 0)
(1.0022795 0.00041377306 0)
(1.0022893 0.00040327385 0)
(1.0022989 0.00039308704 0)
(1.0023078 0.00038303614 0)
(1.0023169 0.00037385137 0)
(1.0023225 0.00036369104 0)
(1.0023337 0.0003585001 0)
(1.0023338 0.00035525769 0)
(1.0023346 0.00035839949 0)
(1.0023364 0.00032697262 0)
(1.0017882 0.001507474 0)
(1.0018074 0.0014638699 0)
(1.0018253 0.0014215523 0)
(1.0018419 0.0013805065 0)
(1.0018574 0.0013407134 0)
(1.001872 0.0013021498 0)
(1.0018857 0.0012647882 0)
(1.0018986 0.0012285978 0)
(1.0019109 0.0011935468 0)
(1.0019226 0.0011596021 0)
(1.0019337 0.0011267298 0)
(1.0019444 0.0010948971 0)
(1.0019547 0.0010640716 0)
(1.0019647 0.0010342208 0)
(1.0019743 0.0010053134 0)
(1.0019837 0.00097733432 0)
(1.0019929 0.00095032288 0)
(1.0020019 0.00092423228 0)
(1.002011 0.00089890617 0)
(1.00202 0.00087426006 0)
(1.0020288 0.0008502825 0)
(1.0020376 0.00082696956 0)
(1.0020462 0.0008043876 0)
(1.0020547 0.00078261579 0)
(1.0020632 0.00076159444 0)
(1.0020719 0.00074121228 0)
(1.0020807 0.00072135002 0)
(1.0020894 0.000701985 0)
(1.0020982 0.00068323054 0)
(1.0021069 0.00066510616 0)
(1.0021158 0.00064751886 0)
(1.0021248 0.00063037921 0)
(1.0021338 0.0006137239 0)
(1.0021429 0.00059759929 0)
(1.0021522 0.00058192802 0)
(1.0021615 0.0005666569 0)
(1.0021708 0.00055181738 0)
(1.0021803 0.00053745177 0)
(1.0021899 0.00052347733 0)
(1.0021996 0.0005098272 0)
(1.0022094 0.00049658072 0)
(1.0022192 0.00048375536 0)
(1.0022292 0.00047124853 0)
(1.0022392 0.00045901222 0)
(1.0022492 0.0004472015 0)
(1.0022592 0.00043576829 0)
(1.0022692 0.00042455179 0)
(1.0022791 0.00041366192 0)
(1.0022889 0.00040316735 0)
(1.0022985 0.00039298708 0)
(1.0023074 0.00038294487 0)
(1.0023165 0.00037376872 0)
(1.0023223 0.00036363846 0)
(1.0023325 0.00035838117 0)
(1.0023334 0.00035514709 0)
(1.0023342 0.00035817695 0)
(1.0023366 0.00032803045 0)
(1.0017858 0.0015065038 0)
(1.0018051 0.0014629972 0)
(1.0018231 0.0014207647 0)
(1.0018399 0.0013797936 0)
(1.0018555 0.0013400661 0)
(1.0018702 0.0013015601 0)
(1.001884 0.0012642489 0)
(1.001897 0.0012281029 0)
(1.0019094 0.0011930908 0)
(1.0019211 0.0011591803 0)
(1.0019323 0.0011263382 0)
(1.0019431 0.0010945321 0)
(1.0019535 0.0010637301 0)
(1.0019635 0.0010339001 0)
(1.0019732 0.0010050116 0)
(1.0019826 0.00097704959 0)
(1.0019918 0.00095005073 0)
(1.0020009 0.00092396913 0)
(1.00201 0.00089865241 0)
(1.0020191 0.00087401659 0)
(1.002028 0.00085004959 0)
(1.0020367 0.00082674776 0)
(1.0020453 0.00080417541 0)
(1.0020539 0.00078240963 0)
(1.0020625 0.00076139227 0)
(1.0020712 0.00074101374 0)
(1.00208 0.00072115691 0)
(1.0020888 0.00070179877 0)
(1.0020975 0.00068304941 0)
(1.0021063 0.0006649282 0)
(1.0021152 0.00064734404 0)
(1.0021242 0.00063020885 0)
(1.0021333 0.00061355768 0)
(1.0021424 0.00059743584 0)
(1.0021516 0.00058176762 0)
(1.0021609 0.00056650028 0)
(1.0021703 0.00055166429 0)
(1.0021798 0.000537301 0)
(1.0021894 0.00052332928 0)
(1.0021991 0.00050968301 0)
(1.0022089 0.00049643963 0)
(1.0022188 0.00048361657 0)
(1.0022287 0.00047111296 0)
(1.0022387 0.00045888123 0)
(1.0022487 0.00044707362 0)
(1.0022588 0.00043564345 0)
(1.0022688 0.00042443218 0)
(1.0022787 0.00041354757 0)
(1.0022885 0.0004030578 0)
(1.0022981 0.00039288415 0)
(1.0023071 0.00038285133 0)
(1.0023161 0.00037368231 0)
(1.002322 0.00036358852 0)
(1.0023322 0.00035825233 0)
(1.0023328 0.00035502353 0)
(1.0023337 0.00035798861 0)
(1.0023362 0.00032882762 0)
(1.0017833 0.0015054999 0)
(1.0018028 0.0014620939 0)
(1.0018209 0.0014199494 0)
(1.0018378 0.0013790557 0)
(1.0018535 0.001339396 0)
(1.0018683 0.0013009496 0)
(1.0018822 0.0012636906 0)
(1.0018953 0.0012275905 0)
(1.0019077 0.0011926188 0)
(1.0019196 0.0011587437 0)
(1.0019309 0.0011259329 0)
(1.0019417 0.0010941544 0)
(1.0019522 0.0010633768 0)
(1.0019622 0.0010335685 0)
(1.001972 0.0010046996 0)
(1.0019815 0.0009767551 0)
(1.0019907 0.00094976936 0)
(1.0019999 0.00092369726 0)
(1.002009 0.00089839033 0)
(1.0020181 0.00087376519 0)
(1.0020271 0.00084980914 0)
(1.0020359 0.00082651877 0)
(1.0020445 0.00080395635 0)
(1.0020531 0.00078219685 0)
(1.0020617 0.00076118371 0)
(1.0020705 0.00074080902 0)
(1.0020793 0.00072095781 0)
(1.0020881 0.00070160676 0)
(1.0020968 0.00068286268 0)
(1.0021056 0.00066474481 0)
(1.0021146 0.00064716394 0)
(1.0021236 0.00063003334 0)
(1.0021327 0.00061338644 0)
(1.0021418 0.00059726751 0)
(1.0021511 0.00058160245 0)
(1.0021604 0.00056633901 0)
(1.0021698 0.00055150665 0)
(1.0021793 0.00053714579 0)
(1.0021889 0.00052317689 0)
(1.0021987 0.00050953459 0)
(1.0022084 0.00049629441 0)
(1.0022183 0.00048347375 0)
(1.0022283 0.00047097345 0)
(1.0022383 0.00045874642 0)
(1.0022483 0.00044694204 0)
(1.0022583 0.00043551502 0)
(1.0022684 0.0004243091 0)
(1.0022783 0.00041342991 0)
(1.002288 0.00040294508 0)
(1.0022977 0.00039277829 0)
(1.0023067 0.00038275479 0)
(1.0023157 0.00037359477 0)
(1.0023215 0.00036352954 0)
(1.0023324 0.00035814161 0)
(1.0023325 0.00035483711 0)
(1.0023332 0.0003578043 0)
(1.0023357 0.00032959053 0)
(1.0017808 0.0015044611 0)
(1.0018004 0.0014611591 0)
(1.0018186 0.0014191056 0)
(1.0018356 0.0013782918 0)
(1.0018515 0.0013387023 0)
(1.0018664 0.0013003175 0)
(1.0018804 0.0012631126 0)
(1.0018936 0.00122706 0)
(1.0019061 0.0011921301 0)
(1.001918 0.0011582918 0)
(1.0019294 0.0011255134 0)
(1.0019403 0.0010937636 0)
(1.0019508 0.0010630112 0)
(1.0019609 0.0010332254 0)
(1.0019708 0.0010043768 0)
(1.0019803 0.00097645051 0)
(1.0019896 0.00094947846 0)
(1.0019988 0.00092341635 0)
(1.002008 0.00089811966 0)
(1.0020171 0.0008735056 0)
(1.0020261 0.00084956088 0)
(1.0020349 0.00082628232 0)
(1.0020436 0.00080373016 0)
(1.0020523 0.00078197723 0)
(1.0020609 0.00076096855 0)
(1.0020697 0.00074059792 0)
(1.0020785 0.00072075253 0)
(1.0020873 0.00070140877 0)
(1.0020961 0.00068267018 0)
(1.002105 0.0006645558 0)
(1.0021139 0.00064697836 0)
(1.002123 0.00062985251 0)
(1.002132 0.00061321004 0)
(1.0021412 0.00059709414 0)
(1.0021505 0.00058143236 0)
(1.0021598 0.00056617295 0)
(1.0021692 0.00055134434 0)
(1.0021788 0.00053698601 0)
(1.0021884 0.00052302002 0)
(1.0021981 0.00050938181 0)
(1.0022079 0.00049614494 0)
(1.0022178 0.00048332677 0)
(1.0022278 0.00047082989 0)
(1.0022378 0.00045860769 0)
(1.0022478 0.00044680665 0)
(1.0022579 0.00043538287 0)
(1.0022679 0.00042418246 0)
(1.0022779 0.00041330885 0)
(1.0022876 0.00040282912 0)
(1.0022972 0.00039266932 0)
(1.0023062 0.00038265579 0)
(1.0023153 0.00037350303 0)
(1.0023213 0.00036347765 0)
(1.0023307 0.000357998 0)
(1.002332 0.000354772 0)
(1.0023329 0.00035771966 0)
(1.0023354 0.00033029157 0)
(1.0017782 0.0015033862 0)
(1.001798 0.0014601915 0)
(1.0018163 0.0014182321 0)
(1.0018334 0.0013775009 0)
(1.0018494 0.001337984 0)
(1.0018644 0.0012996629 0)
(1.0018785 0.0012625141 0)
(1.0018918 0.0012265107 0)
(1.0019044 0.0011916241 0)
(1.0019164 0.0011578239 0)
(1.0019278 0.0011250792 0)
(1.0019388 0.001093359 0)
(1.0019494 0.0010626329 0)
(1.0019596 0.0010328704 0)
(1.0019695 0.0010040428 0)
(1.0019791 0.00097613543 0)
(1.0019885 0.00094917766 0)
(1.0019977 0.00092312607 0)
(1.002007 0.00089784006 0)
(1.0020161 0.00087323751 0)
(1.0020251 0.00084930454 0)
(1.002034 0.00082603816 0)
(1.0020427 0.00080349659 0)
(1.0020514 0.00078175055 0)
(1.0020601 0.00076074658 0)
(1.0020689 0.00074038023 0)
(1.0020777 0.00072054088 0)
(1.0020866 0.00070120462 0)
(1.0020954 0.00068247171 0)
(1.0021043 0.000664361 0)
(1.0021132 0.00064678716 0)
(1.0021223 0.00062966619 0)
(1.0021314 0.0006130283 0)
(1.0021406 0.00059691557 0)
(1.0021499 0.00058125719 0)
(1.0021592 0.00056600193 0)
(1.0021687 0.00055117721 0)
(1.0021782 0.00053682151 0)
(1.0021879 0.00052285855 0)
(1.0021976 0.00050922453 0)
(1.0022074 0.00049599109 0)
(1.0022173 0.00048317551 0)
(1.0022273 0.00047068215 0)
(1.0022373 0.00045846491 0)
(1.0022473 0.00044666732 0)
(1.0022574 0.00043524691 0)
(1.0022675 0.00042405215 0)
(1.0022774 0.00041318427 0)
(1.0022872 0.00040270981 0)
(1.0022968 0.00039255723 0)
(1.0023058 0.00038255363 0)
(1.0023149 0.00037341019 0)
(1.0023207 0.00036341414 0)
(1.0023314 0.00035789034 0)
(1.0023315 0.00035455203 0)
(1.0023323 0.00035740253 0)
(1.0023348 0.00033107985 0)
(1.0017756 0.0015022737 0)
(1.0017954 0.0014591899 0)
(1.0018139 0.0014173277 0)
(1.0018311 0.0013766819 0)
(1.0018472 0.0013372402 0)
(1.0018623 0.0012989851 0)
(1.0018765 0.0012618943 0)
(1.0018899 0.0012259419 0)
(1.0019026 0.0011911001 0)
(1.0019147 0.0011573395 0)
(1.0019263 0.0011246296 0)
(1.0019373 0.0010929402 0)
(1.001948 0.0010622413 0)
(1.0019582 0.001032503 0)
(1.0019682 0.0010036973 0)
(1.0019778 0.00097580944 0)
(1.0019873 0.00094886656 0)
(1.0019966 0.00092282605 0)
(1.0020059 0.00089755119 0)
(1.002015 0.0008729606 0)
(1.0020241 0.00084903979 0)
(1.002033 0.00082578598 0)
(1.0020418 0.00080325536 0)
(1.0020505 0.0007815165 0)
(1.0020592 0.00076051751 0)
(1.002068 0.00074015568 0)
(1.0020769 0.00072032259 0)
(1.0020858 0.00070099405 0)
(1.0020947 0.00068226705 0)
(1.0021035 0.00066416019 0)
(1.0021125 0.00064659011 0)
(1.0021216 0.0006294742 0)
(1.0021307 0.00061284104 0)
(1.0021399 0.00059673161 0)
(1.0021492 0.00058107677 0)
(1.0021586 0.0005658258 0)
(1.0021681 0.00055100508 0)
(1.0021776 0.00053665214 0)
(1.0021873 0.00052269231 0)
(1.002197 0.00050906261 0)
(1.0022069 0.00049583272 0)
(1.0022167 0.00048301982 0)
(1.0022268 0.0004705301 0)
(1.0022368 0.00045831795 0)
(1.0022468 0.00044652393 0)
(1.0022569 0.000435107 0)
(1.002267 0.00042391805 0)
(1.0022769 0.00041305608 0)
(1.0022867 0.00040258705 0)
(1.0022963 0.00039244186 0)
(1.0023054 0.0003824488 0)
(1.0023144 0.00037331288 0)
(1.0023205 0.00036335914 0)
(1.00233 0.0003577406 0)
(1.0023311 0.00035450988 0)
(1.0023319 0.00035747631 0)
(1.0023345 0.00033169825 0)
(1.0017728 0.0015011222 0)
(1.0017928 0.0014581531 0)
(1.0018114 0.0014163913 0)
(1.0018288 0.0013758339 0)
(1.001845 0.0013364698 0)
(1.0018602 0.001298283 0)
(1.0018745 0.0012612523 0)
(1.001888 0.0012253528 0)
(1.0019008 0.0011905575 0)
(1.001913 0.0011568379 0)
(1.0019246 0.0011241642 0)
(1.0019357 0.0010925067 0)
(1.0019465 0.0010618361 0)
(1.0019568 0.0010321229 0)
(1.0019668 0.0010033398 0)
(1.0019765 0.00097547219 0)
(1.001986 0.00094854486 0)
(1.0019954 0.000922516 0)
(1.0020047 0.00089725279 0)
(1.002014 0.00087267462 0)
(1.0020231 0.00084876642 0)
(1.002032 0.00082552556 0)
(1.0020408 0.00080300626 0)
(1.0020496 0.00078127492 0)
(1.0020583 0.00076028117 0)
(1.0020672 0.00073992412 0)
(1.0020761 0.00072009751 0)
(1.002085 0.00070077692 0)
(1.0020939 0.00068205603 0)
(1.0021028 0.00066395323 0)
(1.0021118 0.00064638706 0)
(1.0021209 0.00062927637 0)
(1.0021301 0.00061264811 0)
(1.0021393 0.00059654214 0)
(1.0021486 0.00058089096 0)
(1.002158 0.00056564441 0)
(1.0021675 0.00055082784 0)
(1.002177 0.00053647777 0)
(1.0021867 0.00052252119 0)
(1.0021965 0.00050889593 0)
(1.0022063 0.0004956697 0)
(1.0022162 0.00048285961 0)
(1.0022262 0.00047037363 0)
(1.0022363 0.0004581667 0)
(1.0022463 0.00044637639 0)
(1.0022564 0.00043496306 0)
(1.0022665 0.00042378007 0)
(1.0022764 0.00041292417 0)
(1.0022862 0.00040246076 0)
(1.0022959 0.00039232315 0)
(1.0023049 0.00038234079 0)
(1.0023139 0.0003732141 0)
(1.00232 0.00036329042 0)
(1.0023301 0.0003576338 0)
(1.0023305 0.00035426282 0)
(1.0023313 0.00035708496 0)
(1.0023339 0.00033249493 0)
(1.00177 0.0014999304 0)
(1.0017902 0.0014570795 0)
(1.0018089 0.0014154216 0)
(1.0018264 0.0013749555 0)
(1.0018427 0.0013356719 0)
(1.001858 0.0012975558 0)
(1.0018724 0.0012605873 0)
(1.001886 0.0012247424 0)
(1.0018989 0.0011899954 0)
(1.0019112 0.0011563182 0)
(1.0019229 0.001123682 0)
(1.0019341 0.0010920577 0)
(1.0019449 0.0010614164 0)
(1.0019553 0.0010317294 0)
(1.0019654 0.0010029698 0)
(1.0019752 0.00097512307 0)
(1.0019847 0.00094821198 0)
(1.0019942 0.0009221954 0)
(1.0020035 0.00089694437 0)
(1.0020128 0.00087237911 0)
(1.002022 0.00084848398 0)
(1.002031 0.0008252565 0)
(1.0020398 0.00080274891 0)
(1.0020486 0.00078102544 0)
(1.0020574 0.00076003723 0)
(1.0020663 0.00073968522 0)
(1.0020752 0.00071986535 0)
(1.0020842 0.00070055296 0)
(1.0020931 0.00068183842 0)
(1.002102 0.00066373986 0)
(1.0021111 0.0006461778 0)
(1.0021202 0.0006290725 0)
(1.0021293 0.00061244931 0)
(1.0021386 0.00059634695 0)
(1.0021479 0.00058069959 0)
(1.0021573 0.0005654576 0)
(1.0021668 0.0005506453 0)
(1.0021764 0.00053629824 0)
(1.0021861 0.00052234501 0)
(1.0021959 0.00050872433 0)
(1.0022057 0.00049550188 0)
(1.0022156 0.00048269469 0)
(1.0022257 0.00047021259 0)
(1.0022357 0.00045801102 0)
(1.0022458 0.00044622454 0)
(1.0022559 0.00043481493 0)
(1.002266 0.00042363806 0)
(1.0022759 0.00041278841 0)
(1.0022857 0.00040233081 0)
(1.0022954 0.00039220094 0)
(1.0023044 0.00038222983 0)
(1.0023134 0.00037311095 0)
(1.0023195 0.00036322997 0)
(1.00233 0.0003574789 0)
(1.0023301 0.00035424082 0)
(1.0023308 0.00035718674 0)
(1.0023334 0.00033306834 0)
(1.0017671 0.0014986965 0)
(1.0017874 0.0014559679 0)
(1.0018063 0.0014144172 0)
(1.0018239 0.0013740458 0)
(1.0018403 0.0013348454 0)
(1.0018558 0.0012968026 0)
(1.0018703 0.0012598985 0)
(1.001884 0.0012241104 0)
(1.001897 0.0011894133 0)
(1.0019094 0.0011557802 0)
(1.0019212 0.0011231829 0)
(1.0019325 0.001091593 0)
(1.0019433 0.0010609821 0)
(1.0019538 0.0010313221 0)
(1.001964 0.0010025868 0)
(1.0019738 0.00097476185 0)
(1.0019834 0.00094786767 0)
(1.0019929 0.00092186398 0)
(1.0020023 0.00089662566 0)
(1.0020117 0.0008720738 0)
(1.0020209 0.00084819221 0)
(1.0020299 0.00082497853 0)
(1.0020388 0.00080248303 0)
(1.0020476 0.00078076777 0)
(1.0020565 0.00075978541 0)
(1.0020654 0.00073943872 0)
(1.0020743 0.00071962584 0)
(1.0020833 0.00070032188 0)
(1.0020922 0.00068161393 0)
(1.0021012 0.00066351984 0)
(1.0021103 0.00064596208 0)
(1.0021194 0.00062886234 0)
(1.0021286 0.0006122444 0)
(1.0021379 0.00059614582 0)
(1.0021472 0.00058050242 0)
(1.0021567 0.00056526515 0)
(1.0021662 0.00055045729 0)
(1.0021757 0.00053611335 0)
(1.0021855 0.00052216362 0)
(1.0021953 0.00050854763 0)
(1.0022051 0.00049532911 0)
(1.002215 0.00048252495 0)
(1.0022251 0.00047004683 0)
(1.0022351 0.00045785077 0)
(1.0022452 0.00044606826 0)
(1.0022553 0.00043466252 0)
(1.0022654 0.00042349192 0)
(1.0022754 0.00041264872 0)
(1.0022852 0.0004021971 0)
(1.0022948 0.00039207526 0)
(1.0023039 0.00038211539 0)
(1.0023129 0.00037300645 0)
(1.0023193 0.00036315605 0)
(1.0023278 0.00035737237 0)
(1.0023295 0.00035396616 0)
(1.0023304 0.00035675322 0)
(1.0023331 0.0003338486 0)
(1.0017641 0.0014974191 0)
(1.0017846 0.0014548169 0)
(1.0018036 0.0014133772 0)
(1.0018213 0.0013731033 0)
(1.0018379 0.001333989 0)
(1.0018534 0.0012960219 0)
(1.0018681 0.0012591845 0)
(1.0018819 0.0012234552 0)
(1.001895 0.00118881 0)
(1.0019075 0.0011552226 0)
(1.0019194 0.0011226657 0)
(1.0019307 0.0010911115 0)
(1.0019417 0.0010605323 0)
(1.0019522 0.0010309004 0)
(1.0019625 0.0010021904 0)
(1.0019724 0.00097438797 0)
(1.0019821 0.00094751146 0)
(1.0019916 0.00092152136 0)
(1.0020011 0.00089629632 0)
(1.0020105 0.00087175839 0)
(1.0020197 0.00084789085 0)
(1.0020288 0.00082469141 0)
(1.0020377 0.00080220841 0)
(1.0020466 0.00078050176 0)
(1.0020555 0.00075952556 0)
(1.0020644 0.00073918448 0)
(1.0020734 0.00071937885 0)
(1.0020824 0.00070008357 0)
(1.0020914 0.00068138245 0)
(1.0021004 0.00066329304 0)
(1.0021095 0.00064573977 0)
(1.0021186 0.00062864577 0)
(1.0021278 0.00061203326 0)
(1.0021371 0.00059593866 0)
(1.0021465 0.00058029936 0)
(1.0021559 0.00056506696 0)
(1.0021655 0.00055026368 0)
(1.0021751 0.00053592302 0)
(1.0021848 0.00052197689 0)
(1.0021946 0.00050836574 0)
(1.0022045 0.00049515127 0)
(1.0022144 0.00048235027 0)
(1.0022245 0.00046987627 0)
(1.0022346 0.00045768585 0)
(1.0022446 0.00044590745 0)
(1.0022547 0.00043450569 0)
(1.0022649 0.00042334154 0)
(1.0022748 0.00041250495 0)
(1.0022846 0.00040205952 0)
(1.0022943 0.00039194581 0)
(1.0023034 0.0003819981 0)
(1.0023124 0.00037289609 0)
(1.0023185 0.00036309504 0)
(1.0023288 0.00035721345 0)
(1.0023289 0.00035397164 0)
(1.0023297 0.00035687189 0)
(1.0023323 0.00033438448 0)
(1.0017611 0.0014960966 0)
(1.0017817 0.0014536241 0)
(1.0018008 0.0014122992 0)
(1.0018187 0.0013721265 0)
(1.0018354 0.0013331013 0)
(1.0018511 0.0012952127 0)
(1.0018658 0.0012584444 0)
(1.0018797 0.0012227761 0)
(1.001893 0.0011881845 0)
(1.0019055 0.0011546446 0)
(1.0019175 0.0011221296 0)
(1.001929 0.0010906125 0)
(1.00194 0.0010600661 0)
(1.0019506 0.0010304635 0)
(1.0019609 0.0010017798 0)
(1.0019709 0.00097400067 0)
(1.0019806 0.00094714263 0)
(1.0019903 0.00092116683 0)
(1.0019998 0.00089595571 0)
(1.0020092 0.00087143228 0)
(1.0020185 0.00084757931 0)
(1.0020276 0.0008243946 0)
(1.0020366 0.00080192455 0)
(1.0020455 0.0007802269 0)
(1.0020544 0.00075925722 0)
(1.0020634 0.00073892208 0)
(1.0020725 0.00071912398 0)
(1.0020815 0.00069983765 0)
(1.0020905 0.00068114364 0)
(1.0020995 0.00066305915 0)
(1.0021086 0.00064551058 0)
(1.0021178 0.00062842253 0)
(1.0017579 0.0014947269 0)
(1.0017786 0.0014523903 0)
(1.0017979 0.0014111843 0)
(1.0018159 0.0013711161 0)
(1.0018328 0.001332183 0)
(1.0018486 0.0012943756 0)
(1.0018635 0.0012576789 0)
(1.0018775 0.0012220736 0)
(1.0018908 0.0011875377 0)
(1.0019035 0.0011540468 0)
(1.0019156 0.0011215752 0)
(1.0019271 0.0010900965 0)
(1.0019382 0.0010595841 0)
(1.0019489 0.0010300118 0)
(1.0019593 0.0010013552 0)
(1.0019694 0.00097360022 0)
(1.0019792 0.00094676138 0)
(1.0019889 0.00092080053 0)
(1.0019984 0.0008956039 0)
(1.0020079 0.00087109551 0)
(1.0020173 0.00084725761 0)
(1.0020264 0.00082408807 0)
(1.0020355 0.00080163136 0)
(1.0020444 0.0007799431 0)
(1.0020534 0.00075898027 0)
(1.0020624 0.00073865137 0)
(1.0020715 0.00071886107 0)
(1.0020805 0.00069958395 0)
(1.0020895 0.00068089729 0)
(1.0020986 0.00066281796 0)
(1.0021077 0.0006452743 0)
(1.002117 0.00062819238 0)
)
;

boundaryField
{
    inlet
    {
        type            fixedValue;
        value           nonuniform List<vector> 0();
    }
    top
    {
        type            zeroGradient;
    }
    outlet
    {
        type            zeroGradient;
    }
    slipsurface
    {
        type            slip;
    }
    bottom
    {
        type            fixedValue;
        value           nonuniform List<vector> 0();
    }
    frontandback
    {
        type            empty;
    }
    procBoundary14to10
    {
        type            processor;
        value           nonuniform List<vector> 
60
(
(1.002127 0.00061181568 0)
(1.0021363 0.00059572504 0)
(1.0021457 0.00058008998 0)
(1.0021552 0.00056486261 0)
(1.0021647 0.00055006408 0)
(1.0021744 0.00053572684 0)
(1.0021841 0.00052178446 0)
(1.0021939 0.00050817832 0)
(1.0022038 0.00049496802 0)
(1.0022138 0.00048217032 0)
(1.0022238 0.0004697006 0)
(1.0022339 0.000457516 0)
(1.002244 0.00044574186 0)
(1.0022541 0.00043434426 0)
(1.0022643 0.00042318675 0)
(1.0022742 0.00041235699 0)
(1.0022841 0.00040191795 0)
(1.0022937 0.00039181272 0)
(1.0023028 0.00038187689 0)
(1.0023118 0.00037278552 0)
(1.0023183 0.00036301573 0)
(1.0023267 0.00035710955 0)
(1.0023283 0.00035366358 0)
(1.0023293 0.00035639748 0)
(1.002332 0.0003351329 0)
(1.002127 0.00061181568 0)
(1.0017356 0.0015381709 0)
(1.0017547 0.0014933089 0)
(1.0017756 0.0014511103 0)
(1.001795 0.0014100264 0)
(1.0018131 0.0013700664 0)
(1.0018301 0.0013312287 0)
(1.0018461 0.0012935054 0)
(1.0018611 0.0012568829 0)
(1.0018752 0.0012213432 0)
(1.0018886 0.0011868651 0)
(1.0019014 0.0011534253 0)
(1.0019136 0.0011209989 0)
(1.0019252 0.0010895603 0)
(1.0019364 0.0010590834 0)
(1.0019472 0.0010295427 0)
(1.0019577 0.0010009144 0)
(1.0019678 0.00097318467 0)
(1.0019777 0.00094636598 0)
(1.0019874 0.00092042097 0)
(1.001997 0.00089523959 0)
(1.0020066 0.00087074695 0)
(1.002016 0.00084692475 0)
(1.0020252 0.00082377096 0)
(1.0020343 0.00080132812 0)
(1.0020433 0.00077964972 0)
(1.0020523 0.00075869417 0)
(1.0020613 0.00073837189 0)
(1.0020704 0.00071858973 0)
(1.0020795 0.00069932213 0)
(1.0020886 0.00068064311 0)
(1.0020977 0.00066256923 0)
(1.0021068 0.00064503073 0)
(1.0021262 0.00061159131 0)
(1.0021161 0.00062795519 0)
)
;
    }
    procBoundary14to12
    {
        type            processor;
        value           nonuniform List<vector> 
30
(
(1.0018063 0.0015673507 0)
(1.0018056 0.0015667766 0)
(1.0018038 0.0015661776 0)
(1.001801 0.0015655607 0)
(1.0017983 0.0015649182 0)
(1.0017961 0.0015642561 0)
(1.0017943 0.0015635765 0)
(1.0017926 0.0015628758 0)
(1.0017908 0.0015621487 0)
(1.001789 0.0015613965 0)
(1.0017871 0.0015606226 0)
(1.0017851 0.0015598208 0)
(1.0017831 0.0015589935 0)
(1.0017811 0.0015581365 0)
(1.0017789 0.0015572526 0)
(1.0017767 0.0015563372 0)
(1.0017745 0.0015553921 0)
(1.0017722 0.0015544139 0)
(1.0017698 0.001553403 0)
(1.0017674 0.0015523572 0)
(1.0017649 0.0015512758 0)
(1.0017623 0.0015501571 0)
(1.0017597 0.0015489999 0)
(1.0017569 0.0015478027 0)
(1.0017541 0.0015465641 0)
(1.0017513 0.0015452825 0)
(1.0017483 0.0015439562 0)
(1.0017452 0.0015425837 0)
(1.0017421 0.0015411632 0)
(1.0017389 0.001539693 0)
)
;
    }
    procBoundary14to15
    {
        type            processor;
        value           nonuniform List<vector> 
58
(
(1.0021097 0.00066783905 0)
(1.0021175 0.00065021853 0)
(1.0021082 0.00063291574 0)
(1.0020303 0.00061565418 0)
(1.0017342 0.00059735294 0)
(1.0009785 0.00057621249 0)
(0.99966088 0.0005516828 0)
(0.9978752 0.00052469077 0)
(0.99578111 0.00049679298 0)
(0.99351697 0.00046910202 0)
(0.99117664 0.000442143 0)
(0.98881691 0.0004162538 0)
(0.98647204 0.00039169772 0)
(0.9841641 0.00036849256 0)
(0.98190502 0.00034655009 0)
(0.97969975 0.00032593204 0)
(0.97755694 0.00030664167 0)
(0.9754782 0.0002884802 0)
(0.97345961 0.00027145408 0)
(0.9715052 0.00025559052 0)
(0.96959052 0.00024062674 0)
(0.96770137 0.00022637576 0)
(0.96582059 0.0002131738 0)
(0.96394264 0.00019983683 0)
(0.96210014 0.00019022928 0)
(0.96022558 0.00017527812 0)
(0.95864139 0.00019513968 0)
(0.95588395 0.00013162873 0)
(1.0018253 0.001521399 0)
(1.0018426 0.0014763791 0)
(1.0018586 0.00143283 0)
(1.0018735 0.0013907048 0)
(1.0018873 0.0013499682 0)
(1.0019003 0.0013105806 0)
(1.0019125 0.0012724983 0)
(1.0019241 0.0012356775 0)
(1.001935 0.0012000744 0)
(1.0019454 0.0011656451 0)
(1.0019554 0.0011323469 0)
(1.001965 0.0011001396 0)
(1.0019742 0.0010689842 0)
(1.0019831 0.0010388408 0)
(1.0019918 0.0010096655 0)
(1.0020002 0.00098144157 0)
(1.0020084 0.00095426279 0)
(1.0020167 0.00092806328 0)
(1.0020249 0.00090261139 0)
(1.0020332 0.00087782116 0)
(1.0020413 0.00085369263 0)
(1.0020493 0.00083021421 0)
(1.0020572 0.00080749187 0)
(1.002065 0.00078564135 0)
(1.0020728 0.00076457235 0)
(1.0020809 0.00074414699 0)
(1.002089 0.00072420695 0)
(1.0020971 0.00070473753 0)
(1.0021052 0.00068591139 0)
(1.0021052 0.00068591139 0)
)
;
    }
}


// ************************************************************************* //
