/*--------------------------------*- C++ -*----------------------------------*\
  =========                 |
  \\      /  F ield         | OpenFOAM: The Open Source CFD Toolbox
   \\    /   O peration     | Website:  https://openfoam.org
    \\  /    A nd           | Version:  12
     \\/     M anipulation  |
\*---------------------------------------------------------------------------*/
FoamFile
{
    format      ascii;
    class       volScalarField;
    location    "1100";
    object      nut;
}
// * * * * * * * * * * * * * * * * * * * * * * * * * * * * * * * * * * * * * //

dimensions      [0 2 -1 0 0 0 0];

internalField   nonuniform List<scalar> 
1745
(
1.6707481e-05
1.732092e-05
1.8883268e-05
1.9723472e-05
1.9972263e-05
1.9966529e-05
1.9863231e-05
1.9744835e-05
1.9629781e-05
1.9518233e-05
1.9408596e-05
1.9299461e-05
1.9189939e-05
1.90796e-05
1.8968233e-05
1.8855755e-05
1.8742158e-05
1.8627374e-05
1.8511362e-05
1.8394151e-05
1.8275789e-05
1.815633e-05
1.8035826e-05
1.7914334e-05
1.7791926e-05
1.7668706e-05
1.7544802e-05
1.7420345e-05
1.7295425e-05
1.7170055e-05
1.7044157e-05
1.6917587e-05
1.6790185e-05
1.6661821e-05
1.6532417e-05
1.6401947e-05
1.6270413e-05
1.6137834e-05
1.729995e-05
1.789436e-05
1.9527893e-05
2.0423256e-05
2.0691806e-05
2.0692112e-05
2.058803e-05
2.0467597e-05
2.0350705e-05
2.0237653e-05
2.0126771e-05
2.0016507e-05
1.990584e-05
1.9794254e-05
1.9681496e-05
1.956747e-05
1.9452171e-05
1.9335535e-05
1.9217521e-05
1.9098161e-05
1.8977507e-05
1.8855623e-05
1.8732568e-05
1.8608405e-05
1.848321e-05
1.8357088e-05
1.8230177e-05
1.8102627e-05
1.7974557e-05
1.7846014e-05
1.7716947e-05
1.7587229e-05
1.7456698e-05
1.7325214e-05
1.7192686e-05
1.7059073e-05
1.6924371e-05
1.6788598e-05
1.7911514e-05
1.8485388e-05
2.020549e-05
2.1161348e-05
2.1458739e-05
2.1469297e-05
2.1363591e-05
2.123825e-05
2.1116305e-05
2.0998774e-05
2.0884081e-05
2.0770534e-05
2.0656933e-05
2.0542618e-05
2.0427236e-05
2.031063e-05
2.019276e-05
2.0073536e-05
1.9952893e-05
1.9830846e-05
1.9707435e-05
1.9582719e-05
1.9456756e-05
1.9329605e-05
1.9201336e-05
1.9072051e-05
1.8941888e-05
1.881101e-05
1.867956e-05
1.8547615e-05
1.8415154e-05
1.8282066e-05
1.8148195e-05
1.8013392e-05
1.7877548e-05
1.774061e-05
1.7602564e-05
1.7463422e-05
1.8542484e-05
1.9096675e-05
2.0906341e-05
2.1928812e-05
2.227006e-05
2.2298409e-05
2.2191318e-05
2.2058511e-05
2.1928399e-05
2.1803417e-05
2.1682293e-05
2.1563229e-05
2.1444816e-05
2.1326199e-05
2.1206873e-05
2.1086575e-05
2.0965194e-05
2.0842583e-05
2.071863e-05
2.0593313e-05
2.0466642e-05
2.0338656e-05
2.0209399e-05
2.0078918e-05
1.9947272e-05
1.9814549e-05
1.9680882e-05
1.9546434e-05
1.9411368e-05
1.9275788e-05
1.9139701e-05
1.9003019e-05
1.8865592e-05
1.8727261e-05
1.8587905e-05
1.8447453e-05
1.8305881e-05
1.8163195e-05
1.9193203e-05
1.9729497e-05
2.1627378e-05
2.2721232e-05
2.3121365e-05
2.3177533e-05
2.3070863e-05
2.2928759e-05
2.2787776e-05
2.2652603e-05
2.2522559e-05
2.2395802e-05
2.2270714e-05
2.2146212e-05
2.2021601e-05
2.1896471e-05
2.1770608e-05
2.164378e-05
2.1515806e-05
2.1386607e-05
2.1256148e-05
2.1124431e-05
2.0991478e-05
2.0857313e-05
2.0721975e-05
2.0585531e-05
2.0448099e-05
2.0309838e-05
2.0170919e-05
2.003147e-05
1.9891525e-05
1.975102e-05
1.9609814e-05
1.9467744e-05
1.9324673e-05
1.9180514e-05
1.903523e-05
1.8888818e-05
1.986379e-05
2.0386522e-05
2.2375029e-05
2.3539831e-05
2.4007441e-05
2.4102085e-05
2.399986e-05
2.3847925e-05
2.3694141e-05
2.3546515e-05
2.3405365e-05
2.3268941e-05
2.3135442e-05
2.3003552e-05
2.2872361e-05
2.2741287e-05
2.2609981e-05
2.2478109e-05
2.2345401e-05
2.2211704e-05
2.2076921e-05
2.1941008e-05
2.1803949e-05
2.1665739e-05
2.1526388e-05
2.1385938e-05
2.124448e-05
2.1102162e-05
2.0959155e-05
2.0815604e-05
2.0671572e-05
2.0527015e-05
2.0381805e-05
2.023578e-05
2.0088788e-05
1.9940726e-05
1.979154e-05
1.9641217e-05
2.0553502e-05
2.1073961e-05
2.3153342e-05
2.4384676e-05
2.4921875e-05
2.5065018e-05
2.4973918e-05
2.4813497e-05
2.4646121e-05
2.4484492e-05
2.4330531e-05
2.4182798e-05
2.4039388e-05
2.3898774e-05
2.3759826e-05
2.3621776e-05
2.3484126e-05
2.3346422e-05
2.3208294e-05
2.30695e-05
2.292987e-05
2.2789303e-05
2.2647733e-05
2.250512e-05
2.236144e-05
2.22167e-05
2.207096e-05
2.1924346e-05
2.1777021e-05
2.1629143e-05
2.1480796e-05
2.133196e-05
2.1182525e-05
2.1032327e-05
2.0881206e-05
2.072904e-05
2.0575759e-05
2.0421337e-05
2.1259976e-05
2.1801053e-05
2.3964325e-05
2.5250429e-05
2.5855758e-05
2.6057307e-05
2.5986836e-05
2.5821653e-05
2.5641349e-05
2.5465092e-05
2.5297248e-05
2.5137017e-05
2.4982527e-05
2.4832097e-05
2.4684398e-05
2.4538475e-05
2.4393682e-05
2.4249434e-05
2.4105254e-05
2.3960806e-05
2.3815839e-05
2.3670182e-05
2.3523717e-05
2.3376358e-05
2.3228043e-05
2.3078738e-05
2.2928468e-05
2.2777327e-05
2.2625466e-05
2.2473043e-05
2.2320162e-05
2.2166827e-05
2.2012946e-05
2.1858359e-05
2.1702898e-05
2.1546426e-05
2.1388855e-05
2.1230144e-05
2.1979839e-05
2.2586917e-05
2.4796928e-05
2.6125819e-05
2.6798837e-05
2.7068951e-05
2.7030932e-05
2.6867501e-05
2.6676626e-05
2.6486206e-05
2.6304162e-05
2.6130791e-05
2.5964462e-05
2.5803433e-05
2.5646223e-05
2.5491715e-05
2.5339117e-05
2.5187722e-05
2.5036944e-05
2.488635e-05
2.4735604e-05
2.4584463e-05
2.4432748e-05
2.4280326e-05
2.4127089e-05
2.3972962e-05
2.3817928e-05
2.3662044e-05
2.3505438e-05
2.3348265e-05
2.3190642e-05
2.3032597e-05
2.2874055e-05
2.2714866e-05
2.2554857e-05
2.2393877e-05
2.2231818e-05
2.2068627e-05
2.2716043e-05
2.3410509e-05
2.5628915e-05
2.7001841e-05
2.774384e-05
2.8090729e-05
2.8097866e-05
2.7945415e-05
2.7748143e-05
2.7545224e-05
2.7349492e-05
2.7162951e-05
2.6984482e-05
2.6812427e-05
2.6645226e-05
2.6481639e-05
2.632075e-05
2.6161741e-05
2.6003926e-05
2.584678e-05
2.5689884e-05
2.5532918e-05
2.5375643e-05
2.5217873e-05
2.5059455e-05
2.4900271e-05
2.4740258e-05
2.4579432e-05
2.4417891e-05
2.4255779e-05
2.409322e-05
2.3930262e-05
2.3766853e-05
2.3602855e-05
2.3438092e-05
2.32724e-05
2.3105658e-05
2.2937794e-05
2.3484688e-05
2.4258037e-05
2.6474381e-05
2.7882983e-05
2.8689713e-05
2.9116456e-05
2.9180223e-05
2.9049532e-05
2.8851779e-05
2.8639239e-05
2.8431188e-05
2.8232077e-05
2.8041656e-05
2.785853e-05
2.7681162e-05
2.7508244e-05
2.7338773e-05
2.7171841e-05
2.7006678e-05
2.6842677e-05
2.667934e-05
2.6516276e-05
2.6353185e-05
2.6189828e-05
2.6026007e-05
2.5861559e-05
2.5696377e-05
2.553043e-05
2.5363782e-05
2.5196558e-05
2.5028886e-05
2.4860829e-05
2.4692357e-05
2.4523348e-05
2.435363e-05
2.4183029e-05
2.4011407e-05
2.3838676e-05
2.4337553e-05
2.513994e-05
2.7353607e-05
2.8783841e-05
2.9643174e-05
3.0145333e-05
3.0272829e-05
3.0174476e-05
2.9983472e-05
2.9765289e-05
2.9547101e-05
2.9336635e-05
2.9134929e-05
2.8941071e-05
2.8753668e-05
2.8571421e-05
2.8393286e-05
2.8218295e-05
2.8045613e-05
2.7874569e-05
2.7704596e-05
2.753524e-05
2.7366139e-05
2.7197008e-05
2.7027602e-05
2.6857718e-05
2.6687203e-05
2.6515982e-05
2.6344077e-05
2.617159e-05
2.5998643e-05
2.5825316e-05
2.5651599e-05
2.5477389e-05
2.5302519e-05
2.5126812e-05
2.4950116e-05
2.4772327e-05
2.5284604e-05
2.6052849e-05
2.8273306e-05
2.9718764e-05
3.06161e-05
3.1182577e-05
3.1374046e-05
3.1316246e-05
3.1139646e-05
3.092063e-05
3.0695176e-05
3.047512e-05
3.0263235e-05
3.0059343e-05
2.9862339e-05
2.9671016e-05
2.9484343e-05
2.9301332e-05
2.9121108e-05
2.8942955e-05
2.8766253e-05
2.8590491e-05
2.8415259e-05
2.8240222e-05
2.8065098e-05
2.7889643e-05
2.7713664e-05
2.753704e-05
2.7359751e-05
2.7181869e-05
2.7003509e-05
2.6824758e-05
2.6645628e-05
2.6466036e-05
2.6285828e-05
2.6104823e-05
2.592286e-05
2.5739822e-05
2.623691e-05
2.6988553e-05
2.9235847e-05
3.0695729e-05
3.1619638e-05
3.2236993e-05
3.2486359e-05
3.247306e-05
3.2317673e-05
3.2103013e-05
3.1873647e-05
3.1646199e-05
3.1425612e-05
3.1212702e-05
3.1006798e-05
3.0806884e-05
3.0612e-05
3.0421176e-05
3.0233534e-05
3.0048328e-05
2.9864907e-05
2.9682715e-05
2.95013e-05
2.9320287e-05
2.913936e-05
2.8958242e-05
2.8776699e-05
2.8594572e-05
2.8411796e-05
2.8228412e-05
2.8044517e-05
2.7860207e-05
2.7675512e-05
2.749037e-05
2.7304644e-05
2.7118156e-05
2.6930739e-05
2.6742261e-05
2.7169196e-05
2.7963447e-05
3.0231562e-05
3.1714971e-05
3.2660509e-05
3.3317272e-05
3.3615221e-05
3.364572e-05
3.3516301e-05
3.3310944e-05
3.3081214e-05
3.284885e-05
3.2621313e-05
3.2400648e-05
3.2186773e-05
3.1978953e-05
3.1776361e-05
3.1578092e-05
3.1383288e-05
3.1191205e-05
3.1001174e-05
3.0812614e-05
3.0625037e-05
3.0438039e-05
3.0251275e-05
3.006444e-05
2.987727e-05
2.9689566e-05
2.9501225e-05
2.931225e-05
2.9122722e-05
2.8932735e-05
2.8742337e-05
2.8551492e-05
2.8360078e-05
2.8167929e-05
2.7974872e-05
2.7780767e-05
2.8122256e-05
2.8965451e-05
3.1264434e-05
3.2776667e-05
3.3741186e-05
3.4429548e-05
3.4766883e-05
3.4837175e-05
3.4735903e-05
3.4543875e-05
3.4317198e-05
3.4082485e-05
3.3849904e-05
3.3622918e-05
3.3402168e-05
3.3187285e-05
3.2977637e-05
3.2772421e-05
3.2570833e-05
3.2372155e-05
3.2175718e-05
3.1980929e-05
3.1787281e-05
3.1594346e-05
3.1401759e-05
3.1209195e-05
3.1016365e-05
3.082304e-05
3.0629076e-05
3.0434444e-05
3.0239201e-05
3.0043437e-05
2.9847217e-05
2.9650525e-05
2.9453266e-05
2.9255283e-05
2.9056406e-05
2.8856489e-05
2.9117132e-05
2.9987012e-05
3.2343784e-05
3.3878967e-05
3.4861185e-05
3.5577069e-05
3.5946707e-05
3.6051513e-05
3.5978285e-05
3.5802279e-05
3.5581638e-05
3.5347038e-05
3.5111343e-05
3.4879551e-05
3.4653122e-05
3.4432131e-05
3.4216187e-05
3.4004629e-05
3.3796735e-05
3.3591831e-05
3.338927e-05
3.3188463e-05
3.2988894e-05
3.2790122e-05
3.2591771e-05
3.2393502e-05
3.2195012e-05
3.1996042e-05
3.1796421e-05
3.1596082e-05
3.1395059e-05
3.1193436e-05
3.0991286e-05
3.078862e-05
3.0585366e-05
3.0381384e-05
3.0176512e-05
2.99706e-05
3.0161599e-05
3.1044186e-05
3.3455034e-05
3.5017498e-05
3.6019117e-05
3.6761053e-05
3.7158511e-05
3.729295e-05
3.7246212e-05
3.7087587e-05
3.6875311e-05
3.6643012e-05
3.6406042e-05
3.6170948e-05
3.5940072e-05
3.5713981e-05
3.549257e-05
3.5275346e-05
3.5061692e-05
3.4850999e-05
3.4642659e-05
3.44361e-05
3.423081e-05
3.4026347e-05
3.3822327e-05
3.361841e-05
3.3414281e-05
3.3209667e-05
3.3004369e-05
3.2798289e-05
3.2591435e-05
3.2383881e-05
3.217571e-05
3.1966953e-05
3.1757564e-05
3.1547427e-05
3.1336389e-05
3.1124301e-05
3.124861e-05
3.2138916e-05
3.459577e-05
3.6189938e-05
3.721336e-05
3.7981646e-05
3.8404772e-05
3.8565222e-05
3.8542909e-05
3.8401992e-05
3.8199686e-05
3.797149e-05
3.7734887e-05
3.7497906e-05
3.7263781e-05
3.7033602e-05
3.6807574e-05
3.6585393e-05
3.6366566e-05
3.6150564e-05
3.5936831e-05
3.5724826e-05
3.5514052e-05
3.5304073e-05
3.5094509e-05
3.4885022e-05
3.4675298e-05
3.4465055e-05
3.4254073e-05
3.4042228e-05
3.3829504e-05
3.361596e-05
3.3401684e-05
3.3186729e-05
3.2971075e-05
3.2754631e-05
3.2537259e-05
3.2318818e-05
3.2376641e-05
3.3267156e-05
3.5775279e-05
3.7396357e-05
3.8442747e-05
3.9238712e-05
3.9687126e-05
3.9871423e-05
3.9871665e-05
3.9748186e-05
3.9556801e-05
3.9334085e-05
3.9099236e-05
3.886163e-05
3.8625368e-05
3.8392066e-05
3.8162249e-05
3.7935818e-05
3.7712413e-05
3.7491595e-05
3.7272872e-05
3.7055746e-05
3.6839743e-05
3.6624443e-05
3.6409477e-05
3.6194515e-05
3.5979252e-05
3.5763403e-05
3.5546737e-05
3.532911e-05
3.5110479e-05
3.4890892e-05
3.4670437e-05
3.4449184e-05
3.4227141e-05
3.4004244e-05
3.3780376e-05
3.3555406e-05
3.3554009e-05
3.4446598e-05
3.6988187e-05
3.8635123e-05
3.9706801e-05
4.0532308e-05
4.1006795e-05
4.121409e-05
4.1235594e-05
4.1129086e-05
4.0949116e-05
4.0732868e-05
4.0500883e-05
4.0263726e-05
4.0026308e-05
3.9790759e-05
3.9557922e-05
3.9327906e-05
3.9100492e-05
3.8875337e-05
3.8652022e-05
3.8430097e-05
3.8209122e-05
3.7988699e-05
3.7768476e-05
3.7548139e-05
3.7327394e-05
3.7105966e-05
3.6883618e-05
3.6660191e-05
3.643562e-05
3.6209939e-05
3.5983232e-05
3.5755586e-05
3.5527036e-05
3.5297545e-05
3.506702e-05
3.4835345e-05
3.4787898e-05
3.56756e-05
3.8230283e-05
3.9906996e-05
4.1005925e-05
4.186275e-05
4.2364806e-05
4.259531e-05
4.2637516e-05
4.2547642e-05
4.2379347e-05
4.2170264e-05
4.1942003e-05
4.1706169e-05
4.1468423e-05
4.1231381e-05
4.0996198e-05
4.076319e-05
4.0532279e-05
4.0303225e-05
4.0075683e-05
3.9849258e-05
3.9623551e-05
3.939819e-05
3.9172846e-05
3.8947225e-05
3.8721053e-05
3.8494065e-05
3.8266031e-05
3.8036779e-05
3.780623e-05
3.75744e-05
3.7341371e-05
3.7107239e-05
3.6872064e-05
3.6635839e-05
3.6398498e-05
3.6159944e-05
3.6075584e-05
3.6941542e-05
3.9512178e-05
4.1214611e-05
4.2340831e-05
4.3230554e-05
4.3762071e-05
4.4016795e-05
4.4079894e-05
4.4006674e-05
4.385032e-05
4.3648941e-05
4.3425073e-05
4.3191255e-05
4.2953845e-05
4.2715924e-05
4.2478951e-05
4.2243445e-05
4.2009468e-05
4.1776883e-05
4.1545423e-05
4.1314752e-05
4.1084515e-05
4.0854373e-05
4.0624021e-05
4.0393189e-05
4.0161625e-05
3.9929086e-05
3.9695347e-05
3.9460236e-05
3.922366e-05
3.8985619e-05
3.874619e-05
3.8505477e-05
3.826356e-05
3.8020463e-05
3.7776148e-05
3.7530538e-05
3.7405133e-05
3.8246018e-05
4.0833132e-05
4.255937e-05
4.3712759e-05
4.4636443e-05
4.5199387e-05
4.5479908e-05
4.5564806e-05
4.5508772e-05
4.5364832e-05
4.5171695e-05
4.4952787e-05
4.4721536e-05
4.4484976e-05
4.4246645e-05
4.4008301e-05
4.3770669e-05
4.3533952e-05
4.3298114e-05
4.3062969e-05
4.2828242e-05
4.2593625e-05
4.2358811e-05
4.2123527e-05
4.1887527e-05
4.1650584e-05
4.1412477e-05
4.1172997e-05
4.0931973e-05
4.0689305e-05
4.044498e-05
4.0199065e-05
3.9951669e-05
3.9702891e-05
3.9452781e-05
3.9201331e-05
3.894849e-05
3.8758422e-05
3.9585432e-05
4.2193524e-05
4.3943152e-05
4.5123096e-05
4.608122e-05
4.6677429e-05
4.6985684e-05
4.709393e-05
4.7056217e-05
4.6925544e-05
4.6741334e-05
4.6527952e-05
4.6299736e-05
4.6064417e-05
4.5826006e-05
4.5586573e-05
4.5347056e-05
4.5107803e-05
4.4868885e-05
4.4630194e-05
4.439152e-05
4.4152602e-05
4.3913171e-05
4.3672981e-05
4.3431815e-05
4.318947e-05
4.294575e-05
4.2700465e-05
4.2453453e-05
4.2204609e-05
4.1953908e-05
4.1701407e-05
4.1447217e-05
4.1191451e-05
4.0934184e-05
4.0675437e-05
4.0415187e-05
4.0104426e-05
4.095625e-05
4.3596287e-05
4.5368098e-05
4.6573131e-05
4.7565709e-05
4.8196795e-05
4.85349e-05
4.8668568e-05
4.8650939e-05
4.8534876e-05
4.8360563e-05
4.8153383e-05
4.7928659e-05
4.769489e-05
4.7456612e-05
4.721624e-05
4.6974946e-05
4.6733236e-05
4.6491291e-05
4.624909e-05
4.6006486e-05
4.5763267e-05
4.5519202e-05
4.5274076e-05
4.5027694e-05
4.4779883e-05
4.453047e-05
4.4279286e-05
4.4026182e-05
4.3771052e-05
4.3513862e-05
4.3254661e-05
4.2993554e-05
4.2730664e-05
4.246609e-05
4.219988e-05
4.1932037e-05
4.1428125e-05
4.2385006e-05
4.5049119e-05
4.6835845e-05
4.8063928e-05
4.909078e-05
4.9758099e-05
5.0128173e-05
5.0289696e-05
5.029448e-05
5.0194922e-05
5.0031864e-05
4.9831775e-05
4.961107e-05
4.9379137e-05
4.9141124e-05
4.8899853e-05
4.8656766e-05
4.8412554e-05
4.816752e-05
4.7921734e-05
4.767512e-05
4.7427513e-05
4.7178723e-05
4.6928564e-05
4.6676865e-05
4.6423475e-05
4.6168247e-05
4.5911035e-05
4.5651704e-05
4.5390151e-05
4.5126338e-05
4.4860298e-05
4.4592135e-05
4.4321977e-05
4.4049938e-05
4.3776093e-05
4.3500473e-05
4.2895929e-05
4.3901277e-05
4.6552714e-05
4.8346441e-05
4.9596577e-05
5.0657474e-05
5.1362046e-05
5.1766044e-05
5.1958009e-05
5.1987965e-05
5.1907335e-05
5.175735e-05
5.1565551e-05
5.1349558e-05
5.1119796e-05
5.0882153e-05
5.0639949e-05
5.0394957e-05
5.014809e-05
4.9899795e-05
4.9650248e-05
4.9399446e-05
4.9147277e-05
4.8893595e-05
4.8638238e-05
4.838106e-05
4.8121929e-05
4.7860723e-05
4.7597316e-05
4.7331591e-05
4.7063451e-05
4.6792851e-05
4.6519817e-05
4.6244443e-05
4.5966857e-05
4.5687187e-05
4.540553e-05
4.5121942e-05
4.4498569e-05
4.5461331e-05
4.8095451e-05
4.9899481e-05
5.1172442e-05
5.2267002e-05
5.3009434e-05
5.3448997e-05
5.3673915e-05
5.3732031e-05
5.3673195e-05
5.3538588e-05
5.3356679e-05
5.314636e-05
5.2919247e-05
5.2682128e-05
5.2438941e-05
5.2191877e-05
5.1942125e-05
5.1690312e-05
5.1436737e-05
5.1181488e-05
5.0924503e-05
5.0665688e-05
5.0404906e-05
5.0142029e-05
4.9876947e-05
4.9609556e-05
4.9339752e-05
4.9067433e-05
4.8792511e-05
4.8514939e-05
4.8234732e-05
4.7951972e-05
4.7666786e-05
4.737931e-05
4.7089657e-05
4.6797908e-05
4.6067617e-05
4.7049448e-05
4.9676166e-05
5.149497e-05
5.279264e-05
5.3920546e-05
5.4701037e-05
5.5177366e-05
5.5437446e-05
5.5526695e-05
5.5492814e-05
5.537637e-05
5.5206432e-05
5.500314e-05
5.477942e-05
5.4543133e-05
5.429898e-05
5.4049687e-05
5.3796794e-05
5.3541157e-05
5.3283231e-05
5.3023203e-05
5.2761096e-05
5.2496847e-05
5.2230354e-05
5.196151e-05
5.1690222e-05
5.1416401e-05
5.1139964e-05
5.0860822e-05
5.0578899e-05
5.0294143e-05
5.0006563e-05
4.9716228e-05
4.9423257e-05
4.9127789e-05
4.8829951e-05
4.8529844e-05
5.4926451e-05
5.4658864e-05
5.4388842e-05
5.4116314e-05
5.3841197e-05
5.3563413e-05
5.328289e-05
5.2999556e-05
5.271334e-05
5.2424172e-05
5.2132004e-05
5.1836833e-05
5.1538718e-05
5.1237766e-05
5.0934113e-05
5.0627896e-05
5.0319231e-05
2.2939715e-05
2.2532504e-05
2.207371e-05
2.1496687e-05
2.0655184e-05
1.9748155e-05
1.758899e-05
1.6023948e-05
3.726462e-05
3.4020831e-05
3.1598522e-05
2.9794924e-05
2.8437463e-05
2.7396802e-05
2.6580958e-05
2.5924362e-05
2.5382112e-05
2.4917015e-05
2.4506149e-05
2.4116039e-05
2.3735433e-05
2.3312845e-05
2.2833579e-05
2.2235834e-05
2.1355316e-05
2.0430495e-05
1.8249997e-05
1.6621352e-05
3.8258503e-05
3.5008084e-05
3.2571075e-05
3.0748827e-05
2.9372026e-05
2.8313101e-05
2.7480732e-05
2.6809312e-05
2.6253673e-05
2.5776018e-05
2.5352999e-05
2.4950195e-05
2.4555663e-05
2.411712e-05
2.3616464e-05
2.2997371e-05
2.2076771e-05
2.1133089e-05
1.8935546e-05
1.7243447e-05
3.9279328e-05
3.6022316e-05
3.3570805e-05
3.1730089e-05
3.0334025e-05
2.9256807e-05
2.8407793e-05
2.7721358e-05
2.7152087e-05
2.6661574e-05
2.6226043e-05
2.5810116e-05
2.5401096e-05
2.4946004e-05
2.4423008e-05
2.3781916e-05
2.2820306e-05
2.185611e-05
1.9646419e-05
1.7891137e-05
4.0327811e-05
3.7064252e-05
3.4598444e-05
3.2739445e-05
3.1324207e-05
3.0228675e-05
2.9362901e-05
2.8661265e-05
2.8078115e-05
2.7574441e-05
2.7126026e-05
2.6696534e-05
2.6272439e-05
2.5800186e-05
2.5253869e-05
2.4590095e-05
2.3586725e-05
2.2599777e-05
2.0383002e-05
1.8565733e-05
4.1404685e-05
3.8134633e-05
3.5654735e-05
3.3777647e-05
3.2343333e-05
3.1229473e-05
3.0346833e-05
2.9629811e-05
2.9032535e-05
2.851539e-05
2.8053709e-05
2.7610195e-05
2.7170415e-05
2.6680369e-05
2.610972e-05
2.5422547e-05
2.4376881e-05
2.3364124e-05
2.1146927e-05
1.9269094e-05
4.2510699e-05
3.9234213e-05
3.6740438e-05
3.4845463e-05
3.3392179e-05
3.2259987e-05
3.136038e-05
3.0627791e-05
3.0016141e-05
2.9485208e-05
2.9009868e-05
2.855186e-05
2.8095762e-05
2.7587273e-05
2.6991252e-05
2.627993e-05
2.5191658e-05
2.414885e-05
2.1942148e-05
2.0003604e-05
4.3646618e-05
4.0363764e-05
3.7856328e-05
3.5943675e-05
3.4471537e-05
3.3321018e-05
3.240435e-05
3.1656015e-05
3.1029741e-05
3.0484699e-05
2.9995295e-05
2.9522306e-05
2.904923e-05
2.8521631e-05
2.7899167e-05
2.7162925e-05
2.6031936e-05
2.4953217e-05
2.2777068e-05
2.0770738e-05
4.4813225e-05
4.1524072e-05
3.9003197e-05
3.7073079e-05
3.5582211e-05
3.4413381e-05
3.3479564e-05
3.2715309e-05
3.2074161e-05
3.1514683e-05
3.1010797e-05
3.0522326e-05
3.0031587e-05
2.9484191e-05
2.883418e-05
2.8072257e-05
2.6898497e-05
2.5776025e-05
2.3670477e-05
2.1564584e-05
4.6011317e-05
4.2715939e-05
4.0181848e-05
3.8234488e-05
3.6725025e-05
3.5537906e-05
3.4586861e-05
3.3806514e-05
3.315024e-05
3.2575993e-05
3.2057195e-05
3.1552725e-05
3.1043612e-05
3.0475718e-05
2.979702e-05
2.9008711e-05
2.7791805e-05
2.6617007e-05
2.4655427e-05
2.2353283e-05
4.724171e-05
4.3940185e-05
4.1393104e-05
3.9428729e-05
3.7900814e-05
3.6695438e-05
3.5727093e-05
3.4930487e-05
3.4258833e-05
3.3669479e-05
3.3135327e-05
3.2614325e-05
3.20861e-05
3.1496987e-05
3.0788427e-05
2.9973151e-05
2.8711582e-05
2.7483658e-05
2.5697359e-05
2.310758e-05
4.8505236e-05
4.5197645e-05
4.2637802e-05
4.0656645e-05
3.9110428e-05
3.7886839e-05
3.6901127e-05
3.6088098e-05
3.5400811e-05
3.4796004e-05
3.4246042e-05
3.370796e-05
3.3159858e-05
3.2548791e-05
3.1809158e-05
3.0966512e-05
2.9656659e-05
2.8397311e-05
2.6575787e-05
2.3928331e-05
4.9802746e-05
4.648917e-05
4.3916795e-05
4.1919094e-05
4.0354735e-05
3.9112982e-05
3.8109845e-05
3.7280232e-05
3.6577056e-05
3.5956446e-05
3.5390204e-05
3.4834478e-05
3.4265708e-05
3.3631931e-05
3.2859996e-05
3.1989693e-05
3.0626542e-05
2.9373376e-05
2.7163262e-05
2.4955178e-05
5.1135107e-05
4.7815629e-05
4.5230953e-05
4.321695e-05
4.1634616e-05
4.0374756e-05
3.9354142e-05
3.8507788e-05
3.7788466e-05
3.7151695e-05
3.656869e-05
3.599474e-05
3.5404483e-05
3.4747223e-05
3.3941757e-05
3.30434e-05
3.1623757e-05
3.0392106e-05
2.7856554e-05
2.6033536e-05
5.2503206e-05
4.9177908e-05
4.658116e-05
4.4551101e-05
4.2950965e-05
4.1673066e-05
4.0634929e-05
3.9771679e-05
3.9035953e-05
3.8382655e-05
3.7782391e-05
3.7189618e-05
3.6577031e-05
3.5895492e-05
3.5055296e-05
3.4128148e-05
3.2652718e-05
3.1422398e-05
2.8871536e-05
2.7013772e-05
5.3907947e-05
5.0576911e-05
4.7968321e-05
4.5922453e-05
4.4304694e-05
4.3008829e-05
4.1953129e-05
4.1072832e-05
4.032044e-05
3.9650246e-05
3.9032208e-05
3.842e-05
3.7784211e-05
3.7077574e-05
3.6201495e-05
3.5244431e-05
3.371651e-05
3.2458363e-05
3.004876e-05
2.7987839e-05
5.5350252e-05
5.2013558e-05
4.9393354e-05
4.7331927e-05
4.5696729e-05
4.4382978e-05
4.330968e-05
4.2412187e-05
4.1642864e-05
4.0955395e-05
4.0319056e-05
3.9686783e-05
3.9026894e-05
3.8294318e-05
3.7381257e-05
3.6392855e-05
3.4816333e-05
3.3510251e-05
3.1266318e-05
2.8994745e-05
5.6831062e-05
5.3488789e-05
5.0857195e-05
4.878046e-05
4.712801e-05
4.5796458e-05
4.4705534e-05
4.3790697e-05
4.3004177e-05
4.2299045e-05
4.1643861e-05
4.0990875e-05
4.0305966e-05
3.9546583e-05
3.8595497e-05
3.7574149e-05
3.5952462e-05
3.4591175e-05
3.2452803e-05
3.0066265e-05
5.8351337e-05
5.5003562e-05
5.2360798e-05
5.0269004e-05
4.8599495e-05
4.7250232e-05
4.6141654e-05
4.5209327e-05
4.4405339e-05
4.3682149e-05
4.3007559e-05
4.2333196e-05
4.1622319e-05
4.0835243e-05
3.984514e-05
3.87891e-05
3.7125575e-05
3.5706226e-05
3.3621512e-05
3.1189281e-05
5.9912056e-05
5.655885e-05
5.3905135e-05
5.179853e-05
5.0112154e-05
4.8745275e-05
4.761902e-05
4.6669056e-05
4.5847324e-05
4.5105672e-05
4.4411099e-05
4.3714676e-05
4.297686e-05
4.2161186e-05
4.113112e-05
4.0038498e-05
3.8337454e-05
3.6850945e-05
3.4785127e-05
3.235295e-05
6.1514217e-05
5.8155649e-05
5.5491193e-05
5.3370024e-05
5.1666975e-05
5.0282575e-05
4.9138622e-05
4.8170875e-05
4.7331118e-05
4.6570591e-05
4.5855437e-05
4.5136257e-05
4.4370505e-05
4.3525315e-05
4.2454371e-05
4.1323156e-05
3.9590968e-05
3.8009077e-05
3.5943626e-05
3.356401e-05
6.3158837e-05
5.979497e-05
5.7119981e-05
5.4984488e-05
5.3264959e-05
5.1863136e-05
5.0701466e-05
4.9715787e-05
4.8857717e-05
4.8077891e-05
4.7341543e-05
4.6598889e-05
4.5804182e-05
4.492855e-05
4.3815813e-05
4.2644094e-05
4.088843e-05
3.9158152e-05
3.7099438e-05
3.4862431e-05
6.4846951e-05
6.1477846e-05
5.8792522e-05
5.6642943e-05
5.4907126e-05
5.3487978e-05
5.2308569e-05
5.1304807e-05
5.042813e-05
4.9628569e-05
4.8870393e-05
4.8103532e-05
4.7278826e-05
4.6371834e-05
4.5216325e-05
4.4002846e-05
4.222769e-05
4.0354794e-05
3.8289488e-05
3.6274606e-05
6.6579616e-05
6.3205326e-05
6.0509859e-05
5.8346426e-05
5.6594509e-05
5.5158131e-05
5.3960962e-05
5.2938962e-05
5.2043375e-05
5.1223633e-05
5.0442974e-05
4.9651156e-05
4.8795386e-05
4.7856127e-05
4.6656746e-05
4.5401456e-05
4.3603823e-05
4.165371e-05
3.9566468e-05
3.7696457e-05
6.8357907e-05
6.497848e-05
6.2273053e-05
6.0095991e-05
5.8328158e-05
5.6874645e-05
5.5659689e-05
5.4619293e-05
5.3704483e-05
5.2864099e-05
5.2060285e-05
5.1242741e-05
5.0354821e-05
4.9382406e-05
4.8137906e-05
4.6842029e-05
4.5014817e-05
4.3028556e-05
4.095239e-05
3.9099702e-05
7.0182918e-05
6.6798396e-05
6.4083186e-05
6.189271e-05
6.0109139e-05
5.863858e-05
5.7405809e-05
5.634685e-05
5.5412493e-05
5.4550995e-05
5.3723329e-05
5.2879275e-05
5.19581e-05
5.0951661e-05
4.9660665e-05
4.8326551e-05
4.64588e-05
4.4479886e-05
4.2456798e-05
4.0518305e-05
7.2055762e-05
6.8666181e-05
6.5941353e-05
6.3737672e-05
6.1938534e-05
6.0451014e-05
5.9200392e-05
5.8122697e-05
5.7168457e-05
5.6285356e-05
5.5433121e-05
5.4561755e-05
5.3606207e-05
5.2564888e-05
5.1225955e-05
4.985683e-05
4.793234e-05
4.6019297e-05
4.4123383e-05
4.1858884e-05
7.3977574e-05
7.0582963e-05
6.7848673e-05
6.5631985e-05
6.3817443e-05
6.2313038e-05
6.1044522e-05
5.9947908e-05
5.8973437e-05
5.8068228e-05
5.7190686e-05
5.6291187e-05
5.5300141e-05
5.422308e-05
5.2834847e-05
5.1434216e-05
4.9429883e-05
4.7790308e-05
4.5899322e-05
4.3387081e-05
7.5949506e-05
7.2549887e-05
6.980628e-05
6.7576772e-05
6.5746979e-05
6.4225759e-05
6.2939296e-05
6.1823571e-05
6.0828503e-05
5.9900666e-05
5.8997056e-05
5.8068586e-05
5.7040914e-05
5.5927219e-05
5.4488644e-05
5.3058325e-05
5.0962361e-05
4.9653644e-05
4.7669245e-05
4.5201196e-05
7.797273e-05
7.4568116e-05
7.1815328e-05
6.9573176e-05
6.7728274e-05
6.6190296e-05
6.4885825e-05
6.3750784e-05
6.2734739e-05
6.1783735e-05
6.0853272e-05
5.9894975e-05
5.8829556e-05
5.7678277e-05
5.6188908e-05
5.4726528e-05
5.2559646e-05
5.1332267e-05
4.9359216e-05
4.6869122e-05
)
;

boundaryField
{
    inlet
    {
        type            calculated;
        value           nonuniform List<scalar> 
29
(
3.9267191e-05
4.0257715e-05
4.1275325e-05
4.2320729e-05
4.3394653e-05
4.449784e-05
4.5631049e-05
4.6795054e-05
4.7990649e-05
4.9218644e-05
5.0479866e-05
5.1775159e-05
5.3105389e-05
5.4471435e-05
5.5874199e-05
5.7314598e-05
5.879357e-05
6.0312073e-05
6.187108e-05
6.3471587e-05
6.5114609e-05
6.6801178e-05
6.8532348e-05
7.0309192e-05
7.2132802e-05
7.4004289e-05
7.5924786e-05
7.7895443e-05
7.991743e-05
)
;
    }
    top
    {
        type            calculated;
        value           nonuniform List<scalar> 0();
    }
    outlet
    {
        type            calculated;
        value           nonuniform List<scalar> 0();
    }
    slipsurface
    {
        type            slip;
    }
    bottom
    {
        type            nutkWallFunction;
        Cmu             0.09;
        kappa           0.41;
        E               9.8;
        value           nonuniform List<scalar> 0();
    }
    frontandback
    {
        type            empty;
    }
    procBoundary2to3
    {
        type            processor;
        value           nonuniform List<scalar> 
59
(
4.7600826e-05
4.8675822e-05
5.1300131e-05
5.3135494e-05
5.4458885e-05
5.561918e-05
5.6437369e-05
5.6951114e-05
5.7248077e-05
5.7371175e-05
5.7365514e-05
5.7270441e-05
5.7115115e-05
5.6920732e-05
5.6701573e-05
5.646672e-05
5.6221809e-05
5.5970235e-05
5.5713993e-05
5.5454235e-05
5.5191618e-05
5.5191618e-05
5.6892903e-05
5.6619482e-05
5.6343336e-05
5.6064434e-05
5.5782721e-05
5.5498135e-05
5.5210617e-05
5.4920108e-05
5.462655e-05
5.4329882e-05
5.4030058e-05
5.3727067e-05
5.3420954e-05
5.3111815e-05
5.2799778e-05
5.2484984e-05
5.2167562e-05
8.0048444e-05
7.6638846e-05
7.3876999e-05
7.1622366e-05
6.9762486e-05
6.8207798e-05
6.6885243e-05
6.5730666e-05
6.4693245e-05
6.3718517e-05
6.2760393e-05
6.1771395e-05
6.0667119e-05
5.9477237e-05
5.7937255e-05
5.643671e-05
5.4238247e-05
5.2804511e-05
5.0940701e-05
4.8435519e-05
)
;
    }
    procBoundary2to5
    {
        type            processor;
        value           nonuniform List<scalar> 
31
(
1.6004175e-05
1.6651728e-05
1.7323173e-05
1.8019384e-05
1.8741266e-05
1.948974e-05
2.0265751e-05
2.1070263e-05
2.190426e-05
2.2768752e-05
2.3664769e-05
2.4593362e-05
2.5555609e-05
2.655261e-05
2.7585488e-05
2.8655394e-05
2.9763502e-05
3.0911012e-05
3.2099153e-05
3.3329178e-05
3.4602369e-05
3.5920034e-05
3.7283507e-05
3.8694148e-05
4.0153341e-05
4.1662494e-05
4.3223035e-05
4.483641e-05
4.6504077e-05
4.822751e-05
5.0008189e-05
)
;
    }
    procBoundary2to13
    {
        type            processor;
        value           nonuniform List<scalar> 
59
(
1.6133434e-05
1.676262e-05
1.8269062e-05
1.906408e-05
1.930037e-05
1.9290541e-05
1.918638e-05
1.9067094e-05
1.8950819e-05
1.8838007e-05
1.8727261e-05
1.8617307e-05
1.850733e-05
1.8396921e-05
1.8285856e-05
1.8174016e-05
1.8061355e-05
1.7947776e-05
1.7833214e-05
1.7717677e-05
1.7601191e-05
1.7483792e-05
1.7365515e-05
1.7246404e-05
1.7126521e-05
1.7005959e-05
1.688483e-05
1.676324e-05
1.6641247e-05
1.6518828e-05
1.639588e-05
1.6272247e-05
1.614777e-05
1.6022333e-05
1.589587e-05
1.5768367e-05
1.5639829e-05
1.5510276e-05
2.2167839e-05
2.1775445e-05
2.1336237e-05
2.0779325e-05
1.9975672e-05
1.9086312e-05
1.6949573e-05
1.5450385e-05
3.629698e-05
3.3059852e-05
3.0652438e-05
2.8867662e-05
2.7529614e-05
2.6507178e-05
2.5707734e-05
2.506577e-05
2.4536665e-05
2.4083834e-05
2.3684771e-05
2.330694e-05
2.330694e-05
)
;
    }
}


// ************************************************************************* //
