/*--------------------------------*- C++ -*----------------------------------*\
  =========                 |
  \\      /  F ield         | OpenFOAM: The Open Source CFD Toolbox
   \\    /   O peration     | Website:  https://openfoam.org
    \\  /    A nd           | Version:  12
     \\/     M anipulation  |
\*---------------------------------------------------------------------------*/
FoamFile
{
    format      ascii;
    class       surfaceScalarField;
    location    "1400";
    object      phi;
}
// * * * * * * * * * * * * * * * * * * * * * * * * * * * * * * * * * * * * * //

dimensions      [0 3 -1 0 0 0 0];

internalField   nonuniform List<scalar> 
889
(
0.002450838
2.3941011e-05
0.0024509373
2.4557254e-05
0.0024510361
2.5187259e-05
0.0024511344
2.5831341e-05
0.0024512323
2.6489922e-05
0.0024513299
2.7163412e-05
0.0024514271
2.7852153e-05
0.002451524
2.8556562e-05
0.0024516208
2.9277237e-05
0.0024517174
3.0014693e-05
0.002451814
3.0769306e-05
0.0024519106
3.1541631e-05
0.0024520072
3.2332384e-05
0.002452104
3.3142069e-05
0.002452201
3.3971115e-05
0.0024522982
3.4820357e-05
0.0024523958
3.5690386e-05
0.0024524938
3.6581606e-05
0.0024525922
3.7494931e-05
0.0024526912
3.8430992e-05
0.0024527908
3.939024e-05
0.002452891
4.0373696e-05
0.002452992
4.1381984e-05
0.0024530937
4.2415636e-05
0.0024531962
4.347573e-05
0.0024532997
4.4562926e-05
0.0024534041
4.5678008e-05
4.6821844e-05
0.0025326634
2.3837723e-05
0.0025327661
2.4454541e-05
0.0025328683
2.5085084e-05
0.00253297
2.5729658e-05
0.0025330712
2.6388674e-05
0.0025331721
2.7062534e-05
0.0025332727
2.7751594e-05
0.002533373
2.8456273e-05
0.0025334731
2.9177144e-05
0.002533573
2.9914721e-05
0.0025336729
3.0669403e-05
0.0025337728
3.1441736e-05
0.0025338728
3.2232412e-05
0.0025339729
3.304195e-05
0.0025340732
3.38708e-05
0.0025341738
3.4719757e-05
0.0025342748
3.5589427e-05
0.0025343762
3.6480242e-05
0.002534478
3.7393076e-05
0.0025345804
3.8328576e-05
0.0025346835
3.9287217e-05
0.0025347872
4.0269981e-05
0.0025348916
4.1277515e-05
0.0025349969
4.2310369e-05
0.002535103
4.3369588e-05
0.0025352101
4.4455856e-05
0.0025353182
4.5569954e-05
4.6712753e-05
0.0026172202
2.3730911e-05
0.0026173264
2.4348325e-05
0.0026174321
2.497942e-05
0.0026175373
2.5624499e-05
0.002617642
2.6283959e-05
0.0026177463
2.69582e-05
0.0026178503
2.7647587e-05
0.0026179541
2.8352539e-05
0.0026180576
2.9073609e-05
0.002618161
2.9811312e-05
0.0026182643
3.0566061e-05
0.0026183677
3.13384e-05
0.0026184711
3.2128995e-05
0.0026185747
3.2938382e-05
0.0026186784
3.3767024e-05
0.0026187825
3.4615686e-05
0.002618887
3.5484986e-05
0.0026189918
3.6375379e-05
0.0026190972
3.7287704e-05
0.0026192031
3.8222622e-05
0.0026193097
3.9180633e-05
0.002619417
4.0162679e-05
0.0026195251
4.116943e-05
0.002619634
4.2201452e-05
0.0026197439
4.3259761e-05
0.0026198547
4.4345061e-05
0.0026199665
4.5458132e-05
4.6599848e-05
0.0027045996
2.3620467e-05
0.0027047094
2.4238495e-05
0.0027048186
2.4870157e-05
0.0027049274
2.5515753e-05
0.0027050357
2.6175667e-05
0.0027051436
2.6850298e-05
0.0027052512
2.7540018e-05
0.0027053584
2.8245247e-05
0.0027054655
2.896652e-05
0.0027055725
2.9704349e-05
0.0027056794
3.0459166e-05
0.0027057863
3.1231506e-05
0.0027058933
3.2022018e-05
0.0027060004
3.2831247e-05
0.0027061078
3.3659672e-05
0.0027062154
3.4508031e-05
0.0027063234
3.5376947e-05
0.0027064319
3.6266901e-05
0.0027065409
3.71787e-05
0.0027066505
3.8113017e-05
0.0027067608
3.9070372e-05
0.0027068718
4.0051676e-05
0.0027069836
4.1057614e-05
0.0027070963
4.2088772e-05
0.0027072099
4.3146137e-05
0.0027073245
4.423043e-05
0.0027074402
4.5342433e-05
4.648302e-05
0.0027948956
2.350628e-05
0.0027950091
2.4124941e-05
0.0027951221
2.4757184e-05
0.0027952345
2.5403306e-05
0.0027953465
2.6063685e-05
0.0027954581
2.6738713e-05
0.0027955694
2.7428771e-05
0.0027956803
2.8134279e-05
0.0027957911
2.8855758e-05
0.0027959017
2.9593717e-05
0.0027960123
3.0348599e-05
0.0027961228
3.1120937e-05
0.0027962335
3.1911362e-05
0.0027963443
3.2720426e-05
0.0027964554
3.3548625e-05
0.0027965667
3.4396669e-05
0.0027966785
3.526519e-05
0.0027967907
3.6154687e-05
0.0027969035
3.7065943e-05
0.0027970168
3.7999638e-05
0.0027971309
3.8956314e-05
0.0027972457
3.993685e-05
0.0027973614
4.0941948e-05
0.002797478
4.1972209e-05
0.0027975955
4.3028595e-05
0.0027977141
4.4111844e-05
0.0027978338
4.5222739e-05
4.6362152e-05
0.0028882056
2.338824e-05
0.002888323
2.4007553e-05
0.0028884398
2.4640388e-05
0.002888556
2.5287046e-05
0.0028886718
2.5947896e-05
0.0028887872
2.6623329e-05
0.0028889022
2.731373e-05
0.002889017
2.8019519e-05
0.0028891316
2.8741205e-05
0.002889246
2.9479293e-05
0.0028893603
3.0234239e-05
0.0028894747
3.100657e-05
0.0028895892
3.1796903e-05
0.0028897038
3.2605797e-05
0.0028898187
3.3433757e-05
0.0028899339
3.4281476e-05
0.0028900495
3.5149588e-05
0.0028901655
3.6038613e-05
0.0028902822
3.6949308e-05
0.0028903994
3.7882361e-05
0.0028905174
3.8838331e-05
0.0028906362
3.9818074e-05
0.0028907558
4.0822303e-05
0.0028908764
4.1851635e-05
0.002890998
4.2907009e-05
0.0028911207
4.3989176e-05
0.0028912445
4.5098922e-05
4.6237119e-05
0.0029846301
2.3266238e-05
0.0029847515
2.3886216e-05
0.0029848722
2.4519654e-05
0.0029849924
2.5166857e-05
0.0029851121
2.5828185e-05
0.0029852314
2.6504028e-05
0.0029853504
2.7194773e-05
0.002985469
2.7900845e-05
0.0029855875
2.8622738e-05
0.0029857059
2.9360955e-05
0.0029858241
3.0115961e-05
0.0029859424
3.088828e-05
0.0029860608
3.1678515e-05
0.0029861794
3.248723e-05
0.0029862982
3.3314941e-05
0.0029864173
3.4162323e-05
0.0029865369
3.5030013e-05
0.002986657
3.5918546e-05
0.0029867776
3.6828662e-05
0.0029868989
3.7761051e-05
0.002987021
3.8716292e-05
0.0029871438
3.9695216e-05
0.0029872676
4.0698547e-05
0.0029873923
4.1726918e-05
0.0029875181
4.2781244e-05
0.002987645
4.3862292e-05
0.002987773
4.4970848e-05
4.6107786e-05
0.0030842732
2.3140163e-05
0.0030843985
2.3760818e-05
0.0030845233
2.4394869e-05
0.0030846476
2.5042621e-05
0.0030847713
2.5704432e-05
0.0030848947
2.6380687e-05
0.0030850177
2.707178e-05
0.0030851404
2.7778132e-05
0.0030852629
2.8500231e-05
0.0030853853
2.9238575e-05
0.0030855076
2.9993636e-05
0.0030856299
3.0765936e-05
0.0030857524
3.1556067e-05
0.003085875
3.2364593e-05
0.0030859979
3.3192044e-05
0.0030861212
3.4039076e-05
0.0030862448
3.4906327e-05
0.003086369
3.5794351e-05
0.0030864938
3.6703868e-05
0.0030866193
3.7635572e-05
0.0030867455
3.8590058e-05
0.0030868726
3.9568136e-05
0.0030870006
4.0570539e-05
0.0030871296
4.1597915e-05
0.0030872597
4.265116e-05
0.003087391
4.373105e-05
0.0030875234
4.4838376e-05
4.597401e-05
0.0031872419
2.3009902e-05
0.0031873715
2.3631246e-05
0.0031875005
2.4265916e-05
0.0031876289
2.491422e-05
0.0031877568
2.5576515e-05
0.0031878843
2.6253185e-05
0.0031880114
2.6944624e-05
0.0031881383
2.7651254e-05
0.003188265
2.8373556e-05
0.0031883916
2.9112022e-05
0.0031885181
2.9867132e-05
0.0031886446
3.0639405e-05
0.0031887712
3.1429422e-05
0.0031888981
3.223775e-05
0.0031890252
3.3064926e-05
0.0031891527
3.3911594e-05
0.0031892806
3.4778392e-05
0.0031894091
3.5665887e-05
0.0031895382
3.6574784e-05
0.0031896679
3.750578e-05
0.0031897985
3.8459484e-05
0.00318993
3.9436689e-05
0.0031900624
4.0438133e-05
0.0031901958
4.146448e-05
0.0031903304
4.2516607e-05
0.0031904661
4.3595301e-05
0.0031906031
4.4701356e-05
4.5835643e-05
0.0032936475
2.2875346e-05
0.0032937813
2.3497383e-05
0.0032939146
2.4132676e-05
0.0032940473
2.4781534e-05
0.0032941795
2.5444313e-05
0.0032943112
2.6121395e-05
0.0032944427
2.6813177e-05
0.0032945739
2.7520081e-05
0.0032947048
2.8242579e-05
0.0032948357
2.8981163e-05
0.0032949665
2.9736314e-05
0.0032950974
3.0508549e-05
0.0032952284
3.1298442e-05
0.0032953595
3.210656e-05
0.003295491
3.2933446e-05
0.0032956229
3.3779734e-05
0.0032957552
3.4646061e-05
0.0032958881
3.5533006e-05
0.0032960216
3.6441261e-05
0.0032961559
3.7371525e-05
0.0032962909
3.8324419e-05
0.0032964269
3.9300721e-05
0.0032965639
4.0301176e-05
0.0032967019
4.1326458e-05
0.0032968411
4.2377431e-05
0.0032969815
4.3454889e-05
0.0032971232
4.455963e-05
4.5692524e-05
0.0034036043
2.2736382e-05
0.0034037426
2.3359116e-05
0.0034038802
2.399503e-05
0.0034040173
2.464444e-05
0.0034041539
2.53077e-05
0.0034042901
2.598519e-05
0.003404426
2.6677309e-05
0.0034045616
2.7384479e-05
0.003404697
2.8107167e-05
0.0034048323
2.8845859e-05
0.0034049676
2.960104e-05
0.0034051029
3.0373226e-05
0.0034052384
3.1162983e-05
0.0034053741
3.1970876e-05
0.0034055101
3.2797456e-05
0.0034056464
3.3643347e-05
0.0034057833
3.4509184e-05
0.0034059208
3.5395555e-05
0.0034060589
3.6303146e-05
0.0034061978
3.7232651e-05
0.0034063375
3.8184706e-05
0.0034064781
3.9160076e-05
0.0034066198
4.0159507e-05
0.0034067626
4.1183688e-05
0.0034069065
4.2233469e-05
0.0034070518
4.330965e-05
0.0034071984
4.4413033e-05
4.5544489e-05
0.003517231
2.25929e-05
0.0035173738
2.3216328e-05
0.0035175159
2.3852859e-05
0.0035176575
2.4502814e-05
0.0035177987
2.5166547e-05
0.0035179395
2.5844438e-05
0.0035180799
2.6536885e-05
0.00351822
2.7244311e-05
0.00351836
2.7967177e-05
0.0035184999
2.8705967e-05
0.0035186398
2.9461166e-05
0.0035187797
3.0233289e-05
0.0035189198
3.1022894e-05
0.0035190602
3.1830547e-05
0.0035192008
3.2656802e-05
0.0035193419
3.3502276e-05
0.0035194835
3.4367602e-05
0.0035196256
3.5253376e-05
0.0035197685
3.6160276e-05
0.0035199122
3.7088996e-05
0.0035200567
3.8040181e-05
0.0035202022
3.9014586e-05
0.0035203487
4.001296e-05
0.0035204964
4.1036002e-05
0.0035206453
4.2084551e-05
0.0035207956
4.3159413e-05
0.0035209472
4.4261394e-05
4.5391363e-05
0.0036346498
2.2444787e-05
0.0036347972
2.3068902e-05
0.003634944
2.3706041e-05
0.0036350903
2.435653e-05
0.0036352361
2.5020725e-05
0.0036353815
2.5699005e-05
0.0036355267
2.6391768e-05
0.0036356715
2.7099436e-05
0.0036358162
2.7822467e-05
0.0036359609
2.856134e-05
0.0036361055
2.9316541e-05
0.0036362502
3.0088585e-05
0.0036363951
3.0878022e-05
0.0036365402
3.1685416e-05
0.0036366857
3.2511325e-05
0.0036368316
3.3356361e-05
0.003636978
3.4221152e-05
0.0036371251
3.5106304e-05
0.0036372729
3.6012486e-05
0.0036374215
3.6940391e-05
0.003637571
3.7890674e-05
0.0036377215
3.8864081e-05
0.0036378731
3.9861361e-05
0.0036380259
4.0883224e-05
0.00363818
4.19305e-05
0.0036383354
4.3003999e-05
0.0036384922
4.410453e-05
4.5232965e-05
0.0037559872
2.2291933e-05
0.0037561394
2.2916719e-05
0.003756291
2.3554451e-05
0.003756442
2.4205459e-05
0.0037565927
2.48701e-05
0.0037567429
2.5548752e-05
0.0037568929
2.6241815e-05
0.0037570426
2.6949709e-05
0.0037571922
2.7672887e-05
0.0037573417
2.8411826e-05
0.0037574912
2.9167012e-05
0.0037576409
2.9938956e-05
0.0037577907
3.0728205e-05
0.0037579408
3.1535319e-05
0.0037580912
3.236086e-05
0.0037582422
3.3205433e-05
0.0037583936
3.4069665e-05
0.0037585458
3.4954166e-05
0.0037586987
3.5859601e-05
0.0037588524
3.678666e-05
0.0037590071
3.7736007e-05
0.0037591628
3.8708379e-05
0.0037593196
3.9704528e-05
0.0037594777
4.0725171e-05
0.003759637
4.1771131e-05
0.0037597978
4.2843221e-05
0.0037599601
4.3942255e-05
4.5069103e-05
0.003881374
2.2134226e-05
0.0038815311
2.2759661e-05
0.0038816875
2.3397964e-05
0.0038818435
2.404947e-05
0.0038819991
2.4714536e-05
0.0038821543
2.539354e-05
0.0038823092
2.6086882e-05
0.003882464
2.6794981e-05
0.0038826186
2.7518285e-05
0.0038827731
2.8257269e-05
0.0038829277
2.9012417e-05
0.0038830824
2.978424e-05
0.0038832374
3.0573277e-05
0.0038833926
3.1380088e-05
0.0038835482
3.2205235e-05
0.0038837043
3.3049319e-05
0.003883861
3.3912964e-05
0.0038840184
3.4796784e-05
0.0038841766
3.5701441e-05
0.0038843356
3.6627621e-05
0.0038844956
3.7575995e-05
0.0038846567
3.8547295e-05
0.003884819
3.9542272e-05
0.0038849825
4.0561653e-05
0.0038851474
4.1606252e-05
0.0038853137
4.2676885e-05
0.0038854816
4.3774372e-05
4.4899582e-05
0.0040109452
0.0040111073
0.0040112688
0.0040114298
0.0040115905
0.0040117508
0.0040119108
0.0040120707
0.0040122305
0.0040123903
2.8097507e-05
0.0040125501
2.8852593e-05
0.0040127101
2.9624268e-05
0.0040128703
3.0413068e-05
0.0040130308
3.1219549e-05
0.0040131918
3.2044274e-05
0.0040133532
3.288784e-05
0.0040135153
3.3750867e-05
0.0040136782
3.4633974e-05
0.0040138418
3.5537818e-05
0.0040140063
3.6463084e-05
0.0040141719
3.7410447e-05
0.0040143385
3.8380635e-05
0.0040145064
3.9374398e-05
0.0040146756
4.0392471e-05
0.0040148462
4.1435662e-05
0.0040150183
4.250479e-05
0.004015192
4.3600678e-05
4.4724194e-05
0.0044854611
0.0044856398
0.0044858188
0.004485998
0.0044861776
0.0044863577
0.0044865384
0.0044867198
0.004486902
0.0044870851
0.0044872693
0.0044874546
0.0044876412
0.0044878291
0.0044880184
0.0044882094
0.004488402
0.0044885965
)
;

boundaryField
{
    inlet
    {
        type            calculated;
        value           nonuniform List<scalar> 0();
    }
    top
    {
        type            calculated;
        value           nonuniform List<scalar> 0();
    }
    outlet
    {
        type            calculated;
        value           nonuniform List<scalar> 0();
    }
    slipsurface
    {
        type            calculated;
        value           nonuniform List<scalar> 0();
    }
    bottom
    {
        type            calculated;
        value           nonuniform List<scalar> 0();
    }
    frontandback
    {
        type            empty;
    }
    procBoundary2to0
    {
        type            processor;
        value           uniform 4.4527877e-05;
    }
    procBoundary2to1
    {
        type            processor;
        value           nonuniform List<scalar> 
17
(
0.0024535095
0.0025354273
0.0026200794
0.0027075571
0.0027979546
0.0028913695
0.0029879024
0.0030876572
0.0031907415
0.0032972663
0.0034073464
0.0035211003
0.0036386506
0.0037601239
0.0038856511
0.0040153673
0.0044887928
)
;
    }
    procBoundary2to3
    {
        type            processor;
        value           nonuniform List<scalar> 
28
(
2.1971555e-05
2.259761e-05
2.3236456e-05
2.3888431e-05
2.4553895e-05
2.5233226e-05
2.592682e-05
2.6635098e-05
2.7358504e-05
-0.0044852825
2.791887e-05
2.8673855e-05
2.9445336e-05
3.0233846e-05
3.1039937e-05
3.186417e-05
3.270714e-05
3.3569464e-05
3.4451761e-05
3.5354686e-05
3.6278921e-05
3.7225147e-05
3.8194086e-05
3.9186489e-05
4.0203096e-05
4.1244711e-05
4.2312154e-05
4.3406253e-05
)
;
    }
    procBoundary2to5
    {
        type            processor;
        value           uniform -4.6927218e-05;
    }
    procBoundary2to6
    {
        type            processor;
        value           nonuniform List<scalar> 
27
(
-2.4040883e-05
-2.465657e-05
-2.5286054e-05
-2.5929654e-05
-2.6587813e-05
-2.7260943e-05
-2.7949372e-05
-2.8653516e-05
-2.9374e-05
-3.0111338e-05
-3.086588e-05
-3.1638195e-05
-3.2429022e-05
-3.3238847e-05
-3.4068081e-05
-3.4917598e-05
-3.5787972e-05
-3.6679581e-05
-3.759338e-05
-3.8529981e-05
-3.948981e-05
-4.0473931e-05
-4.1482943e-05
-4.2517359e-05
-4.357829e-05
-4.4666374e-05
-4.5782394e-05
)
;
    }
    procBoundary2to8
    {
        type            processor;
        value           uniform -0.0024507381;
    }
    procBoundary2to12
    {
        type            processor;
        value           nonuniform List<scalar> 
15
(
-0.0025325601
-0.0026171134
-0.0027044891
-0.0027947814
-0.0028880875
-0.0029845081
-0.0030841471
-0.0031871117
-0.0032935129
-0.0034034654
-0.0035170875
-0.0036345016
-0.0037558343
-0.0038812163
-0.0040107825
)
;
    }
}


// ************************************************************************* //
