/*--------------------------------*- C++ -*----------------------------------*\
  =========                 |
  \\      /  F ield         | OpenFOAM: The Open Source CFD Toolbox
   \\    /   O peration     | Website:  https://openfoam.org
    \\  /    A nd           | Version:  12
     \\/     M anipulation  |
\*---------------------------------------------------------------------------*/
FoamFile
{
    format      ascii;
    class       surfaceScalarField;
    location    "900";
    object      phi;
}
// * * * * * * * * * * * * * * * * * * * * * * * * * * * * * * * * * * * * * //

dimensions      [0 3 -1 0 0 0 0];

internalField   nonuniform List<scalar> 
3401
(
0.00074302774
1.0512232e-05
-0.00074289158
0.00074319616
1.1543545e-05
0.00074338864
1.2520252e-05
0.00074359726
1.3412087e-05
0.00074381584
1.4205179e-05
0.0007440384
1.4885969e-05
0.00074425956
1.5443904e-05
0.00074447469
1.5873571e-05
0.00074467933
1.6171852e-05
1.6339943e-05
0.00076396938
1.0377072e-05
-0.00076383422
0.00076413588
1.1377044e-05
0.00076432645
1.2329683e-05
0.0007645336
1.3204938e-05
0.00076475123
1.3987553e-05
0.00076497345
1.466374e-05
0.0007651949
1.5222459e-05
0.00076541084
1.5657634e-05
0.0007656168
1.5965887e-05
1.6147968e-05
0.00078550079
1.0242873e-05
-0.0007853666
0.00078566544
1.1212394e-05
0.00078585409
1.2141038e-05
0.00078605968
1.2999346e-05
0.00078627624
1.3770996e-05
0.000786498
1.4441984e-05
0.00078671957
1.5000889e-05
0.00078693618
1.5441022e-05
0.00078714335
1.575871e-05
1.5954249e-05
0.00080763861
1.0109594e-05
-0.00080750533
0.00080780146
1.1049536e-05
0.00080798817
1.1954328e-05
0.00080819214
1.2795385e-05
0.00080840751
1.3555621e-05
0.00080862865
1.4220844e-05
0.0008088502
1.4779341e-05
0.00080906735
1.5223872e-05
0.00080927562
1.555044e-05
1.575889e-05
0.00083039982
9.9771994e-06
-0.00083026743
0.00083056095
1.0888413e-05
0.00083074572
1.1769559e-05
0.00083094798
1.2593124e-05
0.00083116206
1.3341537e-05
0.00083138245
1.4000458e-05
0.00083160382
1.4557961e-05
0.00083182137
1.5006324e-05
0.00083203061
1.5341203e-05
1.5561998e-05
0.00085380202
9.8456568e-06
-0.00085367048
0.00085396146
1.0728973e-05
0.00085414429
1.1586732e-05
0.00085434479
1.2392627e-05
0.00085455748
1.3128847e-05
0.00085477697
1.3780959e-05
0.00085499804
1.4336895e-05
0.00085521585
1.4788515e-05
0.00085542593
1.5131127e-05
1.5363686e-05
0.00087786319
9.71494e-06
-0.00087773248
0.000878021
1.057117e-05
0.00087820188
1.1405843e-05
0.00087840056
1.219395e-05
0.00087861176
1.2917648e-05
0.00087883024
1.3562476e-05
0.00087905085
1.4116286e-05
0.00087926878
1.4570587e-05
0.00087947957
1.4920342e-05
1.5164072e-05
0.00090260189
9.5850262e-06
-0.00090247198
0.0009027581
1.0414961e-05
0.00090293706
1.122689e-05
0.00090313386
1.1997141e-05
0.00090334348
1.2708031e-05
0.00090356083
1.3345132e-05
0.00090378084
1.3896272e-05
0.00090399875
1.4352679e-05
0.00090421011
1.4708982e-05
1.4963276e-05
0.00092803716
9.4558966e-06
-0.00092790803
0.00092819181
1.0260307e-05
0.00092836884
1.1049863e-05
0.00092856374
1.1802246e-05
0.00092877169
1.250008e-05
0.00092898778
1.3129043e-05
0.00092920706
1.3676991e-05
0.0009294248
1.413493e-05
0.00092963661
1.4497181e-05
1.4761425e-05
0.0009541886
9.3275354e-06
-0.00095406024
0.00095434174
1.0107172e-05
0.00095451684
1.0874754e-05
0.00095470979
1.1609303e-05
0.00095491599
1.2293874e-05
0.00095513072
1.291432e-05
0.00095534913
1.3458574e-05
0.00095556658
1.391748e-05
0.00095577869
1.4285075e-05
1.4558644e-05
0.00098107635
9.1999302e-06
-0.00098094874
0.00098122799
9.955526e-06
0.00098140119
1.0701552e-05
0.00098159215
1.1418344e-05
0.00098179654
1.2089486e-05
0.00098200979
1.2701069e-05
0.00098222722
1.3241149e-05
0.00098244423
1.3700465e-05
0.00098265651
1.40728e-05
1.4355066e-05
0.0010087211
9.0730712e-06
-0.0010085942
0.0010088713
9.8053403e-06
0.0010090426
1.0530247e-05
0.0010092315
1.1229398e-05
0.001009434
1.1886982e-05
0.0010096457
1.2489389e-05
0.001009862
1.302484e-05
0.0010100785
1.348402e-05
0.0010102908
1.3860493e-05
1.4150822e-05
0.0010371441
8.9469511e-06
-0.001037018
0.0010372929
9.6565898e-06
0.0010374623
1.0360825e-05
0.0010376492
1.1042487e-05
0.0010378498
1.1686422e-05
0.0010380598
1.2279372e-05
0.0010382749
1.2809763e-05
0.0010384906
1.3268275e-05
0.0010387028
1.3648291e-05
1.3946048e-05
0.0010663673
8.8215652e-06
-0.0010662419
0.0010665147
9.5092524e-06
0.0010666822
1.0193275e-05
0.0010668671
1.085763e-05
0.0010670656
1.1487859e-05
0.0010672739
1.2071105e-05
0.0010674876
1.2596032e-05
0.0010677026
1.305336e-05
0.0010679145
1.3436328e-05
1.374088e-05
0.0010964132
8.6969108e-06
-0.0010962886
0.0010965592
9.3633085e-06
0.0010967249
1.0027584e-05
0.0010969077
1.0674843e-05
0.0010971042
1.1291344e-05
0.0010973106
1.1864668e-05
0.0010975229
1.2383753e-05
0.0010977369
1.28394e-05
0.0010979484
1.322474e-05
1.3535453e-05
0.0011273049
8.5729871e-06
-0.001127181
0.0011274495
9.2187406e-06
0.0011276134
9.8637384e-06
0.0011277941
1.0494136e-05
0.0011279885
1.1096918e-05
0.001128193
1.1660135e-05
0.0011284038
1.2173027e-05
0.0011286166
1.2626514e-05
0.0011288277
1.3013657e-05
1.3329905e-05
0.0011590663
8.4497952e-06
-0.0011589431
0.0011592095
9.0755337e-06
0.0011593715
9.7017259e-06
0.0011595501
1.0315518e-05
0.0011597424
1.0904619e-05
0.001159945
1.1457573e-05
0.001160154
1.196395e-05
0.0011603657
1.2414819e-05
0.0011605762
1.2803209e-05
1.3124373e-05
0.0011917216
8.3273377e-06
-0.0011915991
0.0011918635
8.9336744e-06
0.0011920236
9.5415337e-06
0.0011922002
1.0138994e-05
0.0011923903
1.0714479e-05
0.0011925908
1.1257044e-05
0.0011927982
1.175661e-05
0.0011930086
1.2204427e-05
0.0011932183
1.2593524e-05
1.2918991e-05
0.0012252961
8.2056187e-06
-0.0012251744
0.0012254367
8.7931512e-06
0.001225595
9.3831492e-06
0.0012257695
9.9645665e-06
0.0012259574
1.0526526e-05
0.0012261559
1.1058604e-05
0.0012263614
1.155109e-05
0.0012265704
1.1995443e-05
0.0012267792
1.2384724e-05
1.2713893e-05
0.0012598157
8.0846437e-06
-0.0012596947
0.0012599549
8.6539541e-06
0.0012601115
9.2265599e-06
0.0012602838
9.792235e-06
0.0012604695
1.0340781e-05
0.0012606658
1.0862301e-05
0.0012608695
1.1347467e-05
0.0012610769
1.1787968e-05
0.0012612847
1.2176929e-05
1.2509213e-05
0.0012953069
7.964419e-06
-0.0012951866
0.0012954447
8.5160743e-06
0.0012955995
9.0717536e-06
0.0012957698
9.6219978e-06
0.0012959533
1.0157265e-05
0.0012961474
1.066818e-05
0.0012963491
1.1145811e-05
0.0012965549
1.1582097e-05
0.0012967616
1.1970254e-05
1.2305079e-05
0.0013317969
7.8449523e-06
-0.0013316774
0.0013319335
8.3795043e-06
0.0013320865
8.9187182e-06
0.0013322547
9.4538509e-06
0.0013324359
9.9759896e-06
0.0013326278
1.0476279e-05
0.0013328275
1.0946187e-05
0.0013330316
1.137792e-05
0.0013332371
1.176481e-05
1.2101619e-05
0.001369314
7.7262517e-06
-0.0013691953
0.0013694493
8.2442378e-06
0.0013696005
8.7674417e-06
0.0013697666
9.2877886e-06
0.0013699456
9.7969671e-06
0.0013701353
1.0286631e-05
0.0013703328
1.0748654e-05
0.0013705352
1.117552e-05
0.0013707393
1.1560703e-05
1.1898956e-05
0.0014078869
7.6083262e-06
-0.001407769
0.0014080209
8.1102691e-06
0.0014081704
8.6179123e-06
0.0014083344
9.1238035e-06
0.0014085112
9.6202041e-06
0.0014086985
1.0099264e-05
0.0014088939
1.0553263e-05
0.0014090945
1.0974976e-05
0.0014092972
1.1358033e-05
1.1697209e-05
0.0014475454
7.4911856e-06
-0.0014474283
0.0014476781
7.9775935e-06
0.0014478259
8.4701183e-06
0.0014479878
8.9618871e-06
0.0014481623
9.4457043e-06
0.0014483474
9.9142026e-06
0.0014485406
1.0360063e-05
0.0014487392
1.0776358e-05
0.0014489403
1.1156895e-05
1.1496495e-05
0.00148832
7.3748397e-06
-0.0014882037
0.0014884514
7.8462069e-06
0.0014885975
8.3240481e-06
0.0014887573
8.8020292e-06
0.0014889296
9.2734685e-06
0.0014891123
9.731464e-06
0.0014893033
1.0169093e-05
0.0014894999
1.0579733e-05
0.0014896994
1.0957381e-05
1.1296925e-05
0.0015302421
7.259299e-06
-0.0015301265
0.0015303722
7.7161057e-06
0.0015305165
8.1796901e-06
0.0015306743
8.6442188e-06
0.0015308443
9.1034946e-06
0.0015310247
9.5510631e-06
0.0015312134
9.9803909e-06
0.001531408
1.0385161e-05
0.0015316058
1.0759574e-05
1.1098604e-05
0.0015733438
7.1445741e-06
-0.0015732291
0.0015734726
7.5872867e-06
0.0015736153
8.0370329e-06
0.0015737711
8.4884437e-06
0.0015739388
8.9357783e-06
0.0015741168
9.3730103e-06
0.0015743032
9.7939864e-06
0.0015744957
1.0192696e-05
0.0015746917
1.0563552e-05
1.0901635e-05
0.0016176585
7.0306757e-06
-0.0016175446
0.001617786
7.4597472e-06
0.001617927
7.8960649e-06
0.0016180807
8.3346909e-06
0.0016182462
8.7703126e-06
0.0016184219
9.1973123e-06
0.001618606
9.6099057e-06
0.0016187963
1.0002387e-05
0.0016189904
1.0369388e-05
1.0706114e-05
0.0016632201
6.9176145e-06
-0.001663107
0.0016633463
7.3334845e-06
0.0016634856
7.7567746e-06
0.0016636374
8.1829462e-06
0.0016638006
8.6070884e-06
0.0016639739
9.0239721e-06
0.0016641557
9.4281697e-06
0.0016643438
9.8142765e-06
0.001664536
1.0177151e-05
1.051213e-05
0.0017100637
6.8054012e-06
-0.0017099515
0.0017101887
7.2084962e-06
0.0017103263
7.6191504e-06
0.0017104761
8.033195e-06
0.0017106371
8.446095e-06
0.0017108081
8.8529897e-06
0.0017109874
9.2487952e-06
0.0017111733
9.6284029e-06
0.0017113636
9.9868994e-06
1.0319769e-05
0.0017582254
6.6940464e-06
-0.0017581141
0.0017583492
7.0847801e-06
0.0017584851
7.4831807e-06
0.0017586329
7.8854217e-06
0.0017587917
8.2873195e-06
0.0017589603
8.6843617e-06
0.0017591373
9.0717943e-06
0.0017593209
9.4447984e-06
0.0017595091
9.7986905e-06
1.0129111e-05
0.0018077423
6.5835604e-06
-0.0018076318
0.0018078647
6.9623337e-06
0.0018079991
7.3488536e-06
0.0018081449
7.7396102e-06
0.0018083015
8.1307476e-06
0.0018084677
8.5180823e-06
0.0018086423
8.8971756e-06
0.0018088237
9.2634907e-06
0.0018090098
9.6125741e-06
9.9402296e-06
0.0018586524
6.4739533e-06
-0.0018585428
0.0018587735
6.8411548e-06
0.0018589062
7.2161574e-06
0.0018590501
7.5957437e-06
0.0018592045
7.9763635e-06
0.0018593684
8.3541427e-06
0.0018595407
8.7249435e-06
0.0018597196
9.0845025e-06
0.0018599036
9.4285945e-06
9.7531921e-06
0.0019109948
6.3652347e-06
-0.0019108861
0.0019111147
6.7212408e-06
0.0019112458
7.0850799e-06
0.0019113877
7.453805e-06
0.0019115399
7.8241501e-06
0.0019117016
8.192532e-06
0.0019118714
8.5550991e-06
0.0019120481
8.9078521e-06
0.0019122299
9.2467911e-06
9.5680613e-06
0.0019648099
6.257414e-06
-0.0019647021
0.0019649286
6.6025892e-06
0.001965058
6.9556091e-06
0.0019651981
7.3137762e-06
0.0019653481
7.674089e-06
0.0019655074
8.0332371e-06
0.0019656749
8.3876402e-06
0.0019658492
8.7335533e-06
0.0019660288
9.0671978e-06
9.3848937e-06
0.002020139
6.1505e-06
-0.0020200321
0.0020202564
6.4851971e-06
0.0020203843
6.8277325e-06
0.0020205224
7.175639e-06
0.0020206704
7.5261607e-06
0.0020208273
7.8762427e-06
0.0020209924
8.2225615e-06
0.0020211644
8.5616159e-06
0.0020213417
8.8898437e-06
9.2037405e-06
0.0020770247
6.044501e-06
-0.0020769187
0.0020771409
6.3690615e-06
0.0020772672
6.7014375e-06
0.0020774034
7.0393746e-06
0.0020775492
7.3803447e-06
0.002077704
7.7215318e-06
0.0020778667
8.0598548e-06
0.0020780362
8.3920458e-06
0.0020782113
8.7147529e-06
9.0246473e-06
0.0021355108
5.9394249e-06
-0.0021354057
0.0021356257
6.2541788e-06
0.0021357504
6.5767114e-06
0.0021358848
6.904964e-06
0.0021360285
7.2366196e-06
0.002136181
7.5690856e-06
0.0021363413
7.8995092e-06
0.0021365085
8.2248451e-06
0.0021366813
8.541945e-06
8.8476542e-06
0.0021956421
5.8352785e-06
-0.002195538
0.0021957558
6.1405453e-06
0.0021958789
6.453541e-06
0.0021960115
6.7723872e-06
0.0021961532
7.094963e-06
0.0021963034
7.4188837e-06
0.0021964614
7.7415114e-06
0.0021966262
8.0600123e-06
0.0021967967
8.3714351e-06
8.6727963e-06
0.002257465
5.7320684e-06
-0.0022573618
0.0022575774
6.0281567e-06
0.002257699
6.3319126e-06
0.0022578298
6.6416242e-06
0.0022579694
6.9553517e-06
0.0022581174
7.2709042e-06
0.0022582731
7.5858456e-06
0.0022584355
7.8975428e-06
0.0022586037
8.2032338e-06
8.5001034e-06
0.002321027
5.6298e-06
-0.0023209247
0.0023211381
5.9170082e-06
0.0023212582
6.2118125e-06
0.0023213872
6.5126544e-06
0.0023215248
6.8177616e-06
0.0023216706
7.1251238e-06
0.0023218239
7.4324939e-06
0.002321984
7.7374288e-06
0.0023221499
8.0373481e-06
8.3296007e-06
0.0023863769
5.5284786e-06
-0.0023862756
0.0023864868
5.8070947e-06
0.0023866054
6.0932266e-06
0.0023867326
6.3854569e-06
0.0023868682
6.6821683e-06
0.0023870118
6.9815183e-06
0.0023871629
7.2814367e-06
0.0023873206
7.57966e-06
0.0023874842
7.8737813e-06
8.1613089e-06
0.002453565
5.4281086e-06
-0.0024534646
0.0024536737
5.6984112e-06
0.0024537908
5.976141e-06
0.0024539162
6.2600111e-06
0.0024540498
6.5485474e-06
0.0024541913
6.840063e-06
0.0024543401
7.1326534e-06
0.0024544955
7.4242241e-06
0.0024546568
7.7125339e-06
7.9952452e-06
0.0025226429
5.3286962e-06
-0.0025225435
0.0025227504
5.5909532e-06
0.002522866
5.8605424e-06
0.0025229897
6.1362968e-06
0.0025231214
6.4168747e-06
0.0025232607
6.7007334e-06
0.0025234072
6.986123e-06
0.0025235603
7.2711079e-06
0.0025237193
7.5536046e-06
7.8314242e-06
0.0025936637
5.2302513e-06
-0.0025935653
0.00259377
5.4847219e-06
0.0025938841
5.7464227e-06
0.0025940061
6.0142986e-06
0.0025941358
6.28713e-06
0.0025942731
6.5635081e-06
0.0025944174
6.8418265e-06
0.0025945682
7.1202992e-06
0.0025947248
7.3969918e-06
7.6698584e-06
0.002666682
5.1327797e-06
-0.0026665845
0.002666787
5.3797097e-06
0.0026668996
5.6337698e-06
0.0026670199
5.8939987e-06
0.0026671478
6.1592915e-06
0.0026672829
6.4283636e-06
0.002667425
6.699742e-06
0.0026675735
6.9717809e-06
0.0026677278
7.2426873e-06
7.510552e-06
0.0027417536
-0.0027416571
5.0363078e-06
0.0027418574
5.2759413e-06
0.0027419686
5.5225879e-06
0.0027420872
5.7753891e-06
0.0027422131
6.033342e-06
0.0027423462
6.2952759e-06
0.0027424861
6.5598419e-06
0.0027426324
6.8255254e-06
0.0027427844
7.0906667e-06
7.3534873e-06
0.00074420215
5.0425822e-07
0.00074416393
1.4062206e-06
0.00074410536
2.1576262e-06
0.00074402999
2.7888946e-06
0.00074393934
3.3932144e-06
0.00074383438
3.9942913e-06
0.00074371596
4.6091523e-06
0.00074358538
5.2565133e-06
0.00074344447
5.9266242e-06
0.00074329693
6.6317525e-06
0.00074314722
7.3353959e-06
0.00074300365
8.0359676e-06
0.00074287423
8.6662393e-06
0.00074277082
9.1966645e-06
0.00074270153
9.5502192e-06
0.00074267317
9.6864267e-06
0.00074268556
9.5733087e-06
0.00074273286
9.2177575e-06
0.00074280528
8.6618712e-06
7.9673871e-06
0.00076513822
5.1861879e-07
0.00076509901
1.4454338e-06
0.00076503893
2.2177006e-06
0.00076496167
2.8661559e-06
0.00076486885
3.4860369e-06
0.0007647615
4.1016387e-06
0.00076464062
4.7300335e-06
0.00076450766
5.3894703e-06
0.00076436468
6.0696079e-06
0.00076421568
6.7807549e-06
0.00076406547
7.4856067e-06
0.00076392267
8.1787668e-06
0.00076379553
8.793372e-06
0.00076369574
9.2964543e-06
0.0007636311
9.6148652e-06
0.00076360748
9.7100497e-06
0.00076362392
9.5568631e-06
0.00076367399
9.1676922e-06
0.00076374773
8.5881299e-06
7.8808946e-06
0.00078666326
5.3337606e-07
0.00078662303
1.485665e-06
0.00078656143
2.279307e-06
0.00078648224
2.9453393e-06
0.00078638721
3.5810693e-06
0.00078627746
4.2113875e-06
0.00078615411
4.8533824e-06
0.00078601881
5.5247763e-06
0.00078587382
6.2145918e-06
0.00078572348
6.9310925e-06
0.00078557295
7.6361386e-06
0.00078543114
8.320582e-06
0.00078530653
8.9179795e-06
0.00078521056
9.3924266e-06
0.00078515066
9.6747645e-06
0.00078513177
9.7289353e-06
0.0007851522
9.536439e-06
0.00078520493
9.1149566e-06
0.00078527993
8.5131313e-06
7.7942288e-06
0.00080879388
5.4854013e-07
0.00080875261
1.5269358e-06
0.00080868944
2.3424748e-06
0.0008086083
3.0264768e-06
0.00080851103
3.6783401e-06
0.00080839886
4.3235549e-06
0.00080827305
4.979196e-06
0.00080813543
5.6623963e-06
0.00080798852
6.3614963e-06
0.00080783698
7.0826328e-06
0.00080768632
7.7868016e-06
0.00080754572
8.461185e-06
0.00080742387
9.0398286e-06
0.0008073319
9.4843923e-06
0.00080727684
9.7298275e-06
0.00080726269
9.7430894e-06
0.000807287
9.5121207e-06
0.00080734231
9.059648e-06
0.00080741851
8.4369362e-06
7.707409e-06
0.00083154705
5.6412128e-07
0.00083150472
1.5692673e-06
0.00083143996
2.4072328e-06
0.00083135684
3.1095997e-06
0.0008312573
3.7778758e-06
0.0008311427
4.4381554e-06
0.00083101443
5.1074663e-06
0.00083087454
5.8022885e-06
0.0008307258
6.5102323e-06
0.0008305732
7.2352324e-06
0.00083042261
7.9373962e-06
0.00083028345
8.6003412e-06
0.00083016459
9.1586875e-06
0.00083007682
9.5721695e-06
0.00083002667
9.7799756e-06
0.00083001723
9.7525278e-06
0.00083004535
9.4839955e-06
0.00083010314
9.0018624e-06
0.00083018047
8.3596033e-06
7.6204535e-06
0.00085494034
5.8012994e-07
0.00085489693
1.6126812e-06
0.00085483055
2.4736096e-06
0.00085474541
3.1947384e-06
0.00085464359
3.879701e-06
0.00085452654
4.5551996e-06
0.00085439583
5.23818e-06
0.00085425371
5.9444034e-06
0.00085410325
6.6607013e-06
0.00085394974
7.3887376e-06
0.00085379942
8.0877135e-06
0.00085366195
8.7378109e-06
0.00085354631
9.274326e-06
0.0008534629
9.6555849e-06
0.00085341773
9.8251419e-06
0.00085341298
9.7572766e-06
0.00085344483
9.4521541e-06
0.00085350499
8.9416949e-06
0.00085358341
8.28119e-06
7.5333799e-06
0.00087899172
5.9657671e-07
0.00087894721
1.6571986e-06
0.00087887918
2.5416334e-06
0.000878792
3.2819218e-06
0.00087868786
3.9838379e-06
0.00087856837
4.6746946e-06
0.00087843523
5.371318e-06
0.00087829095
6.0886836e-06
0.00087813886
6.8127948e-06
0.00087798461
7.542984e-06
0.00087783479
8.2375357e-06
0.00087769925
8.8733499e-06
0.00087758706
9.3865171e-06
0.00087750817
9.7344747e-06
0.00087746804
9.8652712e-06
0.00087746794
9.7573712e-06
0.00087750341
9.4166896e-06
0.00087756586
8.879239e-06
0.0008776453
8.2017518e-06
7.4462053e-06
0.00090371973
6.1347234e-07
0.00090367409
1.7028407e-06
0.00090360439
2.6113315e-06
0.00090351514
3.3711777e-06
0.00090340867
4.0903065e-06
0.00090328672
4.7966432e-06
0.00090315118
5.5068551e-06
0.0009030048
6.2350633e-06
0.00090285121
6.966394e-06
0.00090269639
7.6977965e-06
0.00090254729
8.3866367e-06
0.00090241393
9.0067103e-06
0.00090230541
9.4950375e-06
0.0009022312
9.8086849e-06
0.00090219615
9.9003198e-06
0.00090220067
9.7528563e-06
0.00090223966
9.3776977e-06
0.00090230431
8.814587e-06
0.00090238472
8.1213431e-06
7.3589465e-06
0.00092914339
6.3082772e-07
0.00092909661
1.7496287e-06
0.00092902521
2.6827308e-06
0.00092893385
3.4625323e-06
0.00092882504
4.1991235e-06
0.00092870064
4.9210438e-06
0.00092856273
5.6447592e-06
0.00092841433
6.3834676e-06
0.00092825935
7.1213696e-06
0.00092810416
7.8529892e-06
0.00092795601
8.534782e-06
0.00092782508
9.1376413e-06
0.00092772045
9.5996691e-06
0.00092765106
9.8780725e-06
0.00092762113
9.9302556e-06
0.0009276302
9.743785e-06
0.00092767262
9.3352759e-06
0.00092773938
8.7478294e-06
0.0009278207
8.040017e-06
7.2716207e-06
0.00095528229
6.4865385e-07
0.00095523434
1.7975832e-06
0.00095516121
2.7558572e-06
0.00095506774
3.5560102e-06
0.00095495656
4.310303e-06
0.00095482971
5.0478899e-06
0.00095468948
5.7849913e-06
0.00095453913
6.5338128e-06
0.00095438292
7.2775814e-06
0.00095422754
8.0083655e-06
0.0009540806
8.6817298e-06
0.00095395235
9.2658906e-06
0.00095385182
9.7001997e-06
0.00095378738
9.942506e-06
0.00095376258
9.9550583e-06
0.00095377615
9.7302184e-06
0.0009538219
9.2895237e-06
0.00095389067
8.6790556e-06
0.00095397286
7.9578255e-06
7.1842449e-06
0.00098215654
6.6696188e-07
0.0009821074
1.8467248e-06
0.00098203252
2.8307356e-06
0.0009819369
3.6516338e-06
0.00098182335
4.4238554e-06
0.00098169407
5.1771695e-06
0.00098155155
5.9275048e-06
0.00098139936
6.6860052e-06
0.00098124206
7.4348782e-06
0.00098108671
8.1637184e-06
0.00098094121
8.8272315e-06
0.00098081589
9.391205e-06
0.00098071967
9.7964241e-06
0.00098066031
1.0001866e-05
0.00098064065
9.9747187e-06
0.00098065864
9.7122252e-06
0.00098070763
9.2405418e-06
0.00098077833
8.6083531e-06
0.00098086133
7.8748194e-06
7.0968365e-06
0.0010097868
6.8576302e-07
0.0010097365
1.8970735e-06
0.0010096598
2.9073898e-06
0.001009562
3.7494234e-06
0.0010094461
4.5397875e-06
0.0010093144
5.308865e-06
0.0010091696
6.0722451e-06
0.0010090157
6.8399409e-06
0.0010088575
7.5930974e-06
0.0010087024
8.3188306e-06
0.0010085586
8.9710323e-06
0.0010084365
9.5133317e-06
0.0010083447
9.888145e-06
0.0010082906
1.0056045e-05
0.001008276
9.9892393e-06
0.0010082984
9.6898811e-06
0.0010083505
9.1884324e-06
0.001008423
8.5358082e-06
0.0010085068
7.7910489e-06
7.0094133e-06
0.0010381944
7.050686e-07
0.0010381428
1.9486491e-06
0.0010380644
2.9858421e-06
0.0010379644
3.8493968e-06
0.0010378461
4.6581019e-06
0.001037712
5.4429529e-06
0.0010375651
6.2191491e-06
0.0010374095
6.9955057e-06
0.0010372505
7.7520651e-06
0.0010370959
8.4734746e-06
0.0010369541
9.112872e-06
0.0010368354
9.6320196e-06
0.0010367483
9.9751741e-06
0.0010366994
1.0104949e-05
0.00103669
9.9986332e-06
0.0010367167
9.6632679e-06
0.0010367718
9.1332985e-06
0.0010368461
8.4615058e-06
0.0010369306
7.7065631e-06
6.9219935e-06
0.0010674011
7.2489001e-07
0.0010673483
2.0014706e-06
0.001067268
3.0661136e-06
0.0010671659
3.9515693e-06
0.0010670452
4.7787969e-06
0.0010669087
5.5794028e-06
0.0010667597
6.3681448e-06
0.0010666027
7.1525744e-06
0.0010664431
7.911596e-06
0.0010662892
8.6274133e-06
0.0010661496
9.2524862e-06
0.0010660346
9.7470199e-06
0.0010659524
1.0057333e-05
0.0010659089
1.0148498e-05
0.0010659046
1.0002924e-05
0.0010659354
9.6324735e-06
0.0010659934
9.0752439e-06
0.0010660694
8.3855292e-06
0.0010661545
7.6214105e-06
6.8345956e-06
0.0010974295
7.4523868e-07
0.0010973755
2.0555565e-06
0.0010972933
3.1482235e-06
0.001097189
4.0559529e-06
0.0010970659
4.9018659e-06
0.0010969271
5.7181772e-06
0.0010967761
6.5191507e-06
0.0010966177
7.3110107e-06
0.0010964578
8.0714932e-06
0.0010963048
8.7804003e-06
0.0010961677
9.3896066e-06
0.0010960566
9.8580879e-06
0.0010959795
1.0134453e-05
0.0010959414
1.0186624e-05
0.0010959421
1.0002147e-05
0.001095977
9.597591e-06
0.0010960379
9.0143729e-06
0.0010961155
8.3079603e-06
0.0010962012
7.5356387e-06
6.7472389e-06
0.0011283027
7.6612605e-07
0.0011282473
2.1109247e-06
0.0011281634
3.2321893e-06
0.0011280568
4.1625564e-06
0.0011279313
5.027297e-06
0.0011277903
5.8592314e-06
0.0011276374
6.6720755e-06
0.0011274777
7.4706667e-06
0.0011273177
8.2315483e-06
0.0011271659
8.9321808e-06
0.0011270315
9.5239626e-06
0.0011269246
9.9649838e-06
0.0011268527
1.0206378e-05
0.00112682
1.0219274e-05
0.0011268258
9.9963457e-06
0.0011268647
9.5587183e-06
0.0011269283
8.9507902e-06
0.0011270074
8.22888e-06
0.0011270937
7.4492949e-06
6.6599427e-06
0.0011600444
7.8756361e-07
0.0011599878
2.167592e-06
0.0011599019
3.3180263e-06
0.0011597931
4.2713849e-06
0.0011596653
5.1550728e-06
0.001159522
6.0025124e-06
0.0011593673
6.8268175e-06
0.0011592066
7.6313827e-06
0.0011590466
8.3915419e-06
0.0011588963
9.0824916e-06
0.001158765
9.6552822e-06
0.0011586625
1.0067474e-05
0.0011585959
1.0272963e-05
0.0011585687
1.0246407e-05
0.0011585795
9.9855741e-06
0.0011586223
9.5159577e-06
0.0011586885
8.8846005e-06
0.001158769
8.1483677e-06
0.0011588558
7.3624255e-06
6.572727e-06
0.0011926791
8.0956277e-07
0.0011926211
2.2255744e-06
0.0011925334
3.4057475e-06
0.0011924223
4.3824398e-06
0.0011922922
5.2851696e-06
0.0011921468
6.1479588e-06
0.0011919903
6.9832643e-06
0.0011918287
7.7929871e-06
0.001191669
8.551243e-06
0.0011915205
9.2310623e-06
0.0011913925
9.783293e-06
0.0011912946
1.0165332e-05
0.0011912335
1.0334077e-05
0.0011912119
1.0267997e-05
0.0011912276
9.9698953e-06
0.0011912741
9.469415e-06
0.0011913428
8.8159086e-06
0.0011914247
8.0665015e-06
0.001191512
7.2750764e-06
6.4856122e-06
0.0012262319
8.3213491e-07
0.0012261726
2.2848868e-06
0.0012260829
3.4953633e-06
0.0012259697
4.4957177e-06
0.0012258373
5.4175574e-06
0.0012256897
6.2955003e-06
0.0012255317
7.1412925e-06
0.0012253694
7.9552958e-06
0.0012252102
8.7104102e-06
0.0012250637
9.3776161e-06
0.0012249392
9.9077235e-06
0.0012248462
1.0258341e-05
0.0012247907
1.0389602e-05
0.0012247747
1.0284031e-05
0.0012247952
9.9493811e-06
0.0012248454
9.4191997e-06
0.0012249165
8.7448189e-06
0.0012249996
7.9833584e-06
0.0012250874
7.1872929e-06
6.3986188e-06
0.0012607285
8.5529133e-07
0.0012606679
2.3455431e-06
0.0012605764
3.5868813e-06
0.0012604609
4.6112108e-06
0.0012603262
5.5521991e-06
0.0012601767
6.4450569e-06
0.0012600172
7.3007667e-06
0.0012598544
8.1181129e-06
0.001259696
8.8687913e-06
0.0012595518
9.5218704e-06
0.0012594312
1.0028304e-05
0.0012593432
1.0346292e-05
0.0012592934
1.0439431e-05
0.0012592829
1.0294509e-05
0.0012593082
9.9241111e-06
0.001259362
9.3654239e-06
0.0012594353
8.6714356e-06
0.0012595197
7.8990142e-06
0.0012596079
7.0991198e-06
6.3117679e-06
0.0012961957
8.7904319e-07
0.0012961337
2.4075555e-06
0.0012960403
3.680306e-06
0.0012959226
4.7289061e-06
0.0012957857
5.6890499e-06
0.0012956343
6.5965389e-06
0.0012954735
7.46154e-06
0.0012953104
8.2812296e-06
0.001295153
9.0261243e-06
0.0012950114
9.6635382e-06
0.0012948949
1.0144769e-05
0.0012948122
1.0428987e-05
0.0012947682
1.0483476e-05
0.0012947632
1.0299445e-05
0.0012947932
9.8941729e-06
0.0012948504
9.3082022e-06
0.001294926
8.5958622e-06
0.0012950114
7.8135435e-06
0.0012950999
7.0106014e-06
6.2250806e-06
0.0013326606
9.0340151e-07
0.0013325973
2.470935e-06
0.0013325019
3.7756384e-06
0.0013323821
4.8487851e-06
0.001332243
5.8280573e-06
0.0013320897
6.7498459e-06
0.0013319278
7.623453e-06
0.0013317646
8.4444253e-06
0.0013316086
9.1821378e-06
0.0013314698
9.8023287e-06
0.0013313577
1.0256856e-05
0.0013312805
1.0506242e-05
0.0013312423
1.0521661e-05
0.0013312429
1.0298865e-05
0.0013312774
9.8596611e-06
0.0013313379
9.2476514e-06
0.0013314156
8.5182018e-06
0.0013315021
7.7270196e-06
0.0013315909
6.9217813e-06
6.1385783e-06
0.0013701514
9.283771e-07
0.0013700867
2.5356908e-06
0.0013699894
3.8728761e-06
0.0013698674
4.9708232e-06
0.0013697263
5.9691603e-06
0.0013695713
6.9048666e-06
0.0013694084
7.7863338e-06
0.0013692454
8.6074668e-06
0.0013690909
9.3365513e-06
0.0013689553
9.9379488e-06
0.0013688479
1.036431e-05
0.0013687762
1.0577883e-05
0.001368744
1.0553923e-05
0.00136875
1.0292807e-05
0.001368789
9.8206767e-06
0.0013688528
9.1838898e-06
0.0013689324
8.4385564e-06
0.0013690199
7.6395147e-06
0.001369109
6.8327027e-06
6.0522824e-06
0.0014086969
9.5398054e-07
0.0014086308
2.6018305e-06
0.0014085316
3.9720123e-06
0.0014084075
5.0949895e-06
0.0014082643
6.1122887e-06
0.0014081077
7.0614784e-06
0.0014079441
7.9499977e-06
0.0014077814
8.770109e-06
0.0014076289
9.4890766e-06
0.0014074967
1.0070104e-05
0.0014073942
1.0466881e-05
0.0014073283
1.064375e-05
0.001407302
1.0580217e-05
0.0014073135
1.0281321e-05
0.0014073569
9.7773269e-06
0.0014074237
9.117037e-06
0.0014075052
8.3570271e-06
0.0014075936
7.5510999e-06
0.0014076829
6.743408e-06
5.9662145e-06
0.0014483268
9.8022212e-07
0.0014482592
2.6693595e-06
0.0014481582
4.0730362e-06
0.001448032
5.2212461e-06
0.0014478869
6.257363e-06
0.0014477288
7.2195468e-06
0.0014475646
8.1142472e-06
0.0014474026
8.9320951e-06
0.0014472522
9.6394179e-06
0.0014471239
1.0198501e-05
0.0014470264
1.0564331e-05
0.0014469665
1.0703699e-05
0.0014469462
1.0600511e-05
0.001446963
1.0264468e-05
0.0014470106
9.7297243e-06
0.0014470804
9.0472137e-06
0.0014471638
8.2737141e-06
0.001447253
7.4618447e-06
0.0014473425
6.6539391e-06
5.880396e-06
0.0014890715
1.0071118e-06
0.0014890026
2.7382811e-06
0.0014888997
4.175932e-06
0.0014887714
5.349548e-06
0.0014886245
6.4042935e-06
0.0014884651
7.3789251e-06
0.0014883005
8.2788714e-06
0.0014881394
9.0931569e-06
0.0014879916
9.7872734e-06
0.0014878672
1.0322846e-05
0.0014877751
1.0656428e-05
0.0014877212
1.0757597e-05
0.001487707
1.0614789e-05
0.0014877291
1.0242319e-05
0.0014877808
9.6779864e-06
0.0014878535
8.9745412e-06
0.0014879385
8.1887163e-06
0.0014880285
7.3718178e-06
0.0014881181
6.5643373e-06
5.7948483e-06
0.0015309625
1.0346592e-06
0.0015308922
2.8085964e-06
0.0015307875
4.2806791e-06
0.0015306572
5.479842e-06
0.0015305085
6.5529801e-06
0.001530348
7.5394538e-06
0.0015301832
8.4436465e-06
0.0015300233
9.2530152e-06
0.0015298783
9.9323361e-06
0.0015297583
1.0442849e-05
0.0015296717
1.0742952e-05
0.001529624
1.0805331e-05
0.0015296157
1.0623048e-05
0.0015296431
1.0214958e-05
0.0015296989
9.622235e-06
0.0015297743
8.8991409e-06
0.0015298608
8.1021313e-06
0.0015299516
7.2810863e-06
0.0015300413
6.4746431e-06
5.7095929e-06
0.001574032
1.0628734e-06
0.0015739603
2.8803037e-06
0.0015738537
4.3872513e-06
0.0015737215
5.6120668e-06
0.0015735712
6.7033117e-06
0.0015734097
7.7009605e-06
0.001573245
8.6083355e-06
0.0015730866
9.4113805e-06
0.0015729447
1.0074295e-05
0.0015728293
1.0558224e-05
0.0015727486
1.0823696e-05
0.0015727071
1.0846802e-05
0.0015727048
1.06253e-05
0.0015727373
1.0182475e-05
0.001572797
9.5625956e-06
0.001572875
8.8211345e-06
0.001572963
8.0140554e-06
0.0015730544
7.1897161e-06
0.0015731442
6.3848963e-06
5.6246506e-06
0.0016183132
1.0917632e-06
0.0016182401
2.9533986e-06
0.0016181317
4.4956166e-06
0.0016179976
5.746152e-06
0.0016178458
6.8551654e-06
0.0016176835
7.8632595e-06
0.0016175191
8.7726885e-06
0.0016173626
9.5679536e-06
0.001617224
1.0212835e-05
0.0016171135
1.0668692e-05
0.0016170388
1.0898464e-05
0.0016170037
1.0881925e-05
0.0016170074
1.0621572e-05
0.0016170449
1.014497e-05
0.0016171083
9.4991973e-06
0.0016171888
8.7406432e-06
0.0016172783
7.9245833e-06
0.0016173702
7.0977717e-06
0.00161746
6.295136e-06
5.5400424e-06
0.0016638401
1.1213367e-06
0.0016637656
3.0278737e-06
0.0016636555
4.6057367e-06
0.0016635196
5.8820179e-06
0.0016633664
7.0084066e-06
0.0016632035
8.0261515e-06
0.0016630397
8.9364428e-06
0.0016628852
9.7224265e-06
0.0016627504
1.0347641e-05
0.0016626452
1.0773978e-05
0.0016625765
1.0967076e-05
0.0016625478
1.0910636e-05
0.0016625575
1.0611905e-05
0.0016625999
1.0102552e-05
0.0016626669
9.4321716e-06
0.0016627498
8.657788e-06
0.0016628406
7.8338082e-06
0.001662933
7.0053162e-06
0.0016630228
6.2054004e-06
5.4557888e-06
0.0017106477
1.1516015e-06
0.0017105719
3.1037184e-06
0.0017104601
4.7175671e-06
0.0017103225
6.0195749e-06
0.001710168
7.1628881e-06
0.0017100047
8.1894237e-06
0.0017098419
9.099323e-06
0.0017096898
9.8744832e-06
0.0017095591
1.0478398e-05
0.0017094592
1.0873819e-05
0.0017093969
1.1029364e-05
0.0017093747
1.0932885e-05
0.0017093902
1.059635e-05
0.0017094374
1.0055336e-05
0.001709508
9.3616524e-06
0.0017095931
8.5726887e-06
0.0017096851
7.7418216e-06
0.001709778
6.9124113e-06
0.0017098676
6.1157269e-06
5.3719097e-06
0.0017587722
1.1825646e-06
0.001758695
3.1809184e-06
0.0017585815
4.8310557e-06
0.0017584424
6.1587231e-06
0.0017582868
7.3184498e-06
0.0017581234
8.3528493e-06
0.0017579617
9.2610418e-06
0.0017578124
1.0023801e-05
0.001757686
1.0604789e-05
0.0017575918
1.0967959e-05
0.001757536
1.108518e-05
0.0017575203
1.0948638e-05
0.0017575416
1.0574974e-05
0.0017575935
1.0003446e-05
0.0017576674
9.2877753e-06
0.0017577546
8.4854645e-06
0.0017578477
7.648713e-06
0.001757941
6.8191172e-06
0.0017580306
6.0261517e-06
5.288425e-06
0.0018082506
1.2142324e-06
0.001808172
3.2594557e-06
0.0018080569
4.9461434e-06
0.0018079163
6.2993512e-06
0.0018077599
7.4749183e-06
0.0018075965
8.5161877e-06
0.0018074363
9.4213005e-06
0.00180729
1.017005e-05
0.0018071683
1.0726504e-05
0.0018070801
1.1056155e-05
0.0018070309
1.113439e-05
0.0018070216
1.0957879e-05
0.0018070488
1.0547856e-05
0.0018071052
9.9470088e-06
0.0018071823
9.2106773e-06
0.0018072715
8.396233e-06
0.0018073657
7.5545704e-06
0.0018074593
6.7254924e-06
0.0018075487
5.9367106e-06
5.2053538e-06
0.0018591209
1.2466105e-06
0.001859041
3.3393084e-06
0.0018589244
5.0627631e-06
0.0018587824
6.4413371e-06
0.0018586252
7.6321069e-06
0.0018584622
8.6791844e-06
0.0018583037
9.5797892e-06
0.0018581609
1.0312899e-05
0.0018580442
1.0843234e-05
0.0018579621
1.1138175e-05
0.0018579197
1.1176875e-05
0.0018579169
1.0960608e-05
0.0018579497
1.0515083e-05
0.0018580105
9.8861593e-06
0.0018580907
9.1304961e-06
0.0018581819
8.3051106e-06
0.0018582769
7.4594797e-06
0.0018583708
6.6315943e-06
0.0018584601
5.8474379e-06
5.1227148e-06
0.0019114223
1.2797038e-06
0.0019113411
3.42045e-06
0.0019112231
5.1808397e-06
0.0019110798
6.5845462e-06
0.0019109221
7.7898147e-06
0.0019107598
8.8415716e-06
0.0019106034
9.7361882e-06
0.0019104642
1.045201e-05
0.0019103528
1.0954677e-05
0.0019102772
1.1213803e-05
0.0019102415
1.1212538e-05
0.0019102453
1.0956842e-05
0.0019102836
1.0476756e-05
0.0019103487
9.821036e-06
0.0019104319
9.0473698e-06
0.0019105248
8.212212e-06
0.0019106207
7.3635246e-06
0.0019107148
6.5374782e-06
0.0019108039
5.7583671e-06
5.040526e-06
0.0019651951
1.3135166e-06
0.0019651127
3.5028494e-06
0.0019649932
5.3002894e-06
0.0019648489
6.7288321e-06
0.0019646909
7.9478271e-06
0.0019645294
9.0030681e-06
0.0019643754
9.8901685e-06
0.0019642404
1.0587044e-05
0.0019641345
1.1060539e-05
0.0019640655
1.1282836e-05
0.0019640368
1.1241296e-05
0.001964047
1.0946612e-05
0.0019640908
1.0432986e-05
0.00196416
9.7517815e-06
0.0019642459
8.9614366e-06
0.0019643405
8.11765e-06
0.0019644372
7.2667872e-06
0.0019645315
6.443198e-06
0.0019646204
5.6695306e-06
4.958805e-06
0.0020204806
1.3480525e-06
0.002020397
3.5864709e-06
0.0020202763
5.4210197e-06
0.002020131
6.8740359e-06
0.002019973
8.1059157e-06
0.0020198126
9.1633802e-06
0.0020196614
1.0041393e-05
0.0020195308
1.0717665e-05
0.0020194308
1.1160533e-05
0.0020193686
1.1345087e-05
0.0020193468
1.1263088e-05
0.0020193634
1.0929965e-05
0.0020194125
1.0383891e-05
0.0020194857
9.6785421e-06
0.0020195743
8.8728341e-06
0.0020196705
8.0215355e-06
0.0020197679
7.1693469e-06
0.0020198623
6.348806e-06
0.0020199509
5.5809599e-06
4.8775686e-06
0.0020773215
1.3833146e-06
0.0020772367
3.6712735e-06
0.0020771148
5.5429297e-06
0.0020769688
7.0199858e-06
0.0020768109
8.2638382e-06
0.0020766521
9.3222021e-06
0.0020765039
1.0189519e-05
0.0020763781
1.0843534e-05
0.0020762842
1.1254386e-05
0.0020762289
1.1400389e-05
0.0020762141
1.1277867e-05
0.0020762371
1.0906963e-05
0.0020762914
1.0329598e-05
0.0020763685
9.6014664e-06
0.0020764596
8.7816992e-06
0.0020765572
7.9239772e-06
0.0020766553
7.0712813e-06
0.0020767497
6.2543525e-06
0.002076838
5.4926849e-06
4.7968329e-06
0.0021357614
1.4193056e-06
0.0021356755
3.7572113e-06
0.0021355525
5.6659098e-06
0.002135406
7.1664982e-06
0.0021352485
8.4213391e-06
0.0021350915
9.4792168e-06
0.0021349468
1.0334195e-05
0.002134826
1.0964319e-05
0.0021347386
1.1341834e-05
0.0021346904
1.144859e-05
0.0021346826
1.1285608e-05
0.0021347119
1.0877683e-05
0.0021347713
1.0270244e-05
0.002134852
9.5207054e-06
0.0021349455
8.6881676e-06
0.0021350444
7.8250811e-06
0.0021351431
6.9726653e-06
0.0021352375
6.1598864e-06
0.0021353255
5.4047348e-06
4.7166134e-06
0.0021958454
1.4560285e-06
0.0021957584
3.8442341e-06
0.0021956345
5.789843e-06
0.0021954876
7.3133775e-06
0.0021953308
8.5781503e-06
0.0021951759
9.6340968e-06
0.002195035
1.047507e-05
0.0021949197
1.1079689e-05
0.0021948389
1.1422627e-05
0.0021947979
1.1489557e-05
0.0021947972
1.1286301e-05
0.0021948327
1.0842211e-05
0.0021948969
1.020597e-05
0.0021949812
9.436411e-06
0.002195077
8.5923733e-06
0.0021951772
7.724951e-06
0.0021952763
6.8735717e-06
0.0021953707
6.0654545e-06
0.0021954583
5.3171371e-06
4.6369245e-06
0.0022576198
1.4934878e-06
0.0022575317
3.9322887e-06
0.0022574069
5.9146065e-06
0.0022572599
7.4604171e-06
0.0022571041
8.7339911e-06
0.0022569517
9.7865048e-06
0.0022568149
1.0611786e-05
0.0022567053
1.1189322e-05
0.0022566314
1.149653e-05
0.0022565978
1.1523176e-05
0.0022566041
1.1279956e-05
0.0022566457
1.080065e-05
0.0022567147
1.0136922e-05
0.0022568024
9.3487359e-06
0.0022569003
8.494448e-06
0.0022570016
7.6236874e-06
0.0022571011
6.7740703e-06
0.0022571955
5.9711014e-06
0.0022572827
5.2299183e-06
4.5577801e-06
0.0023211319
1.5316931e-06
0.0023210429
4.021323e-06
0.0023209174
6.0400742e-06
0.0023207705
7.6073992e-06
0.0023206159
8.8885669e-06
0.0023204663
9.9360921e-06
0.0023203341
1.0743982e-05
0.0023202305
1.1292899e-05
0.0023201637
1.1563321e-05
0.0023201375
1.154935e-05
0.0023201509
1.1266597e-05
0.0023201984
1.0753109e-05
0.0023202721
1.0063254e-05
0.002320363
9.2578326e-06
0.0023204629
8.394521e-06
0.0023205652
7.5213879e-06
0.0023206651
6.6742286e-06
0.0023207593
5.8768703e-06
0.0023208461
5.1431034e-06
4.479193e-06
0.0023864309
1.5706669e-06
0.0023863409
4.1112918e-06
0.0023862148
6.1661179e-06
0.0023860682
7.7540917e-06
0.0023859152
9.0415656e-06
0.0023857687
1.0082497e-05
0.0023856414
1.0871292e-05
0.0023855442
1.139011e-05
0.0023854848
1.1622795e-05
0.0023854661
1.1568003e-05
0.0023854864
1.1246265e-05
0.0023855398
1.0699711e-05
0.002385618
9.9851187e-06
0.0023857119
9.1638527e-06
0.0023858137
8.2927189e-06
0.002385917
7.4181472e-06
0.0023860171
6.5741111e-06
0.0023861112
5.7828019e-06
0.0023861976
5.0567161e-06
4.4011753e-06
0.0024535668
1.610463e-06
0.0024534759
4.2021664e-06
0.0024533494
6.2926023e-06
0.0024532032
7.9002373e-06
0.0024530522
9.1926492e-06
0.0024529093
1.0225339e-05
0.0024527873
1.0993347e-05
0.0024526967
1.1480649e-05
0.0024526448
1.1674759e-05
0.0024526337
1.1579074e-05
0.0024526609
1.1219015e-05
0.0024527201
1.0640587e-05
0.0024528025
9.9026766e-06
0.0024528994
9.0669473e-06
0.002453003
8.1891658e-06
0.0024531071
7.314057e-06
0.0024532074
6.4737804e-06
0.0024533013
5.6889356e-06
0.0024533872
4.970779e-06
4.3237385e-06
0.0025225912
1.6512104e-06
0.0025224995
4.293938e-06
0.0025223727
6.4193603e-06
0.0025222274
8.0455307e-06
0.0025220786
9.3414428e-06
0.0025219397
1.0364219e-05
0.0025218233
1.1109772e-05
0.0025217397
1.1564224e-05
0.0025216954
1.1719044e-05
0.002521692
1.1582527e-05
0.0025217261
1.1184922e-05
0.0025217908
1.0575876e-05
0.0025218774
9.8160899e-06
0.0025219771
8.9672677e-06
0.0025220822
8.0839842e-06
0.0025221871
7.209207e-06
0.0025222876
6.3732977e-06
0.0025223812
5.595311e-06
0.0025224667
4.8853165e-06
4.2468947e-06
0.0025935572
1.693206e-06
0.0025934646
4.3865808e-06
0.0025933378
6.5461266e-06
0.0025931938
8.1895891e-06
0.0025930477
9.4875351e-06
0.0025929132
1.0498729e-05
0.0025928027
1.1220202e-05
0.0025927264
1.1640561e-05
0.0025926899
1.1755504e-05
0.0025926941
1.1578347e-05
0.002592735
1.1144079e-05
0.0025928051
1.0505733e-05
0.0025928957
9.7255284e-06
0.002592998
8.8649674e-06
0.0025931047
7.9772966e-06
0.0025932102
7.1036862e-06
0.0025933108
6.2727216e-06
0.0025934041
5.5019621e-06
0.0025934891
4.8003465e-06
4.1706596e-06
0.0026665191
1.737086e-06
0.0026664258
4.4798703e-06
0.0026662995
6.6724403e-06
0.0026661571
8.3319634e-06
0.0026660141
9.6305138e-06
0.0026658844
1.0628479e-05
0.0026657803
1.1324297e-05
0.0026657114
1.1709417e-05
0.0026656829
1.1784026e-05
0.0026656947
1.1566555e-05
0.0026657422
1.1096604e-05
0.0026658176
1.043033e-05
0.0026659119
9.6311733e-06
0.0026660167
8.7602094e-06
0.0026661247
7.8692351e-06
0.0026662308
6.9975954e-06
0.0026663314
6.1721282e-06
0.0026664244
5.408948e-06
0.0026665089
4.7159073e-06
4.0950287e-06
0.0027415338
1.7826352e-06
0.0027414389
4.5747198e-06
0.0027413141
6.7972949e-06
0.0027411736
8.4723873e-06
0.002741034
9.7701773e-06
0.0027409093
1.0753171e-05
0.0027408118
1.1421744e-05
0.0027407507
1.1770529e-05
0.0027407303
1.1804455e-05
0.0027407497
1.1547121e-05
0.0027408038
1.1042584e-05
0.0027408843
1.0349825e-05
0.0027409822
9.533207e-06
0.0027410893
8.6531616e-06
0.0027411986
7.7599323e-06
0.0027413051
6.8910247e-06
0.0027414057
6.071568e-06
0.0027414984
5.3162934e-06
0.0027415822
4.632036e-06
4.0201124e-06
0.013214246
1.9875681e-06
0.013213797
5.022937e-06
0.013213257
7.3373186e-06
0.013212662
9.0675215e-06
0.01321209
1.0342004e-05
0.01321161
1.1233744e-05
0.013211271
1.1760142e-05
0.013211107
1.1934683e-05
0.013211126
1.1785684e-05
0.013211313
1.1359642e-05
0.013211638
1.0717692e-05
0.013212061
9.9273023e-06
0.013212541
9.0530937e-06
0.013213044
8.1500682e-06
0.013213544
7.260424e-06
0.013214021
6.413428e-06
0.013214466
5.627138e-06
0.013214871
4.9108563e-06
0.013215236
4.2675832e-06
3.696089e-06
0.01321556
0.018433277
2.2188895e-06
0.018432766
5.5339732e-06
0.018432163
7.9404637e-06
0.018431547
9.6834821e-06
0.018431007
1.0882034e-05
0.018430621
1.1619927e-05
0.018430436
1.194442e-05
0.018430471
1.1900214e-05
0.018430712
1.1544815e-05
0.018431124
1.0947148e-05
0.018431662
1.0180327e-05
0.018432275
9.3135845e-06
0.018432922
8.4060915e-06
0.018433569
7.5038106e-06
0.01843419
6.6391873e-06
0.01843477
5.8327411e-06
0.018435302
5.0955317e-06
0.018435781
4.4317209e-06
0.018436208
3.840807e-06
3.3193375e-06
0.018436585
0.025713609
2.4465458e-06
0.025713113
6.0299513e-06
0.025712559
8.4947177e-06
0.025712067
1.0175287e-05
0.02571173
1.1219044e-05
0.025711616
1.1734707e-05
0.025711749
1.1810455e-05
0.025712121
1.1529184e-05
0.025712689
1.0975896e-05
0.025713402
1.023441e-05
0.025714202
9.3809077e-06
0.025715036
8.4789548e-06
0.025715865
7.5772965e-06
0.025716659
6.7101788e-06
0.025717398
5.8993359e-06
0.025718075
5.1566777e-06
0.025718683
4.4869672e-06
0.025719225
3.8901107e-06
0.025719703
3.3629507e-06
2.9005292e-06
0.025720121
0.035869374
2.6094711e-06
0.035869046
6.358732e-06
0.035868752
8.7880833e-06
0.035868625
1.0302793e-05
0.035868735
1.1108356e-05
0.035869112
1.1357797e-05
0.03586974
1.1182316e-05
0.035870573
1.0696745e-05
0.035871547
1.0001798e-05
0.035872598
9.1829756e-06
0.035873671
8.3087544e-06
0.035874719
7.4303157e-06
0.035875713
6.5831457e-06
0.035876634
5.789632e-06
0.035877471
5.0620718e-06
0.035878222
4.4055143e-06
0.035878889
3.8200931e-06
0.035879476
3.3028409e-06
0.03587999
2.8490138e-06
2.4529493e-06
0.035880438
0.05003624
2.6087512e-06
0.050036301
6.2978373e-06
0.050036543
8.5460431e-06
0.050037042
9.8037253e-06
0.050037813
1.0337829e-05
0.050038826
1.0344876e-05
0.050040025
9.983372e-06
0.050041341
9.3805829e-06
0.050042706
8.6363861e-06
0.050044063
7.8264935e-06
0.050045366
7.0054884e-06
0.050046586
6.2102242e-06
0.050047706
5.463638e-06
0.050048717
4.778256e-06
0.05004962
4.1592884e-06
0.050050418
3.6071103e-06
0.050051119
3.1190797e-06
0.050051731
2.6907903e-06
0.050052263
2.3169645e-06
1.9920256e-06
0.050052724
0.069798371
2.3300489e-06
0.069799036
5.6329845e-06
0.069800048
7.5334358e-06
0.069801363
8.48906e-06
0.069802909
8.7915302e-06
0.069804604
8.6500605e-06
0.069806365
8.2221584e-06
0.069808121
7.6249872e-06
0.069809814
6.9431122e-06
0.069811405
6.2353489e-06
0.06981287
5.540669e-06
0.069814197
4.8832104e-06
0.069815384
4.2764381e-06
0.069816436
3.7264551e-06
0.069817361
3.2345145e-06
0.069818169
2.798833e-06
0.069818872
2.4159005e-06
0.069819482
2.0812737e-06
0.069820009
1.7901475e-06
1.537712e-06
0.069820463
0.09736536
1.8740636e-06
0.097366482
4.5111366e-06
0.097368049
5.9661471e-06
0.097369912
6.6264325e-06
0.097371939
6.7636869e-06
0.097374022
6.567156e-06
0.097376074
6.1701892e-06
0.097378034
5.6658282e-06
0.09737986
5.1171083e-06
0.09738153
4.5650435e-06
0.097383036
4.0349299e-06
0.097384378
3.5411793e-06
0.097385563
3.0908779e-06
0.097386603
2.6863478e-06
0.097387511
2.3269419e-06
0.097388299
2.0102688e-06
0.097388982
1.7330086e-06
0.097389572
1.4914384e-06
0.097390081
1.2817694e-06
1.1003218e-06
0.097390518
0.13582014
9.7971142e-07
0.13582185
2.8061166e-06
0.13582401
3.8095323e-06
0.13582636
4.2711127e-06
0.13582875
4.3738175e-06
0.13583107
4.2492697e-06
0.13583325
3.9910051e-06
0.13583525
3.6626923e-06
0.13583706
3.3062972e-06
0.13583868
2.9485726e-06
0.13584011
2.6057177e-06
0.13584136
2.2868006e-06
0.13584246
1.996185e-06
0.13584341
1.7352182e-06
0.13584423
1.5033873e-06
0.13584494
1.2991004e-06
0.13584556
1.1201977e-06
0.13584608
9.6427625e-07
0.13584654
8.2889923e-07
7.1168537e-07
0.13584692
0.18946111
1.0428047e-06
0.1894621
1.8099911e-06
0.18946371
2.1995226e-06
0.18946566
2.3281304e-06
0.18946773
2.2988671e-06
0.1894698
2.1789797e-06
0.18947178
2.0105102e-06
0.18947362
1.8205535e-06
0.1894753
1.6264656e-06
0.18947681
1.4387956e-06
0.18947816
1.2634151e-06
0.18947934
1.1031829e-06
0.18948038
9.5909079e-07
0.18948128
8.3098959e-07
0.18948207
7.1806462e-07
0.18948275
6.1915363e-07
0.18948333
5.3294449e-07
0.18948384
4.5809506e-07
0.18948428
3.9330656e-07
3.3737426e-07
0.18948465
0.26429007
0.26429182
0.26429386
0.26429598
0.26429804
0.26429998
0.26430176
0.26430337
0.2643048
0.26430607
0.26430718
0.26430815
0.26430899
0.26430973
0.26431036
0.2643109
0.26431137
0.26431178
0.26431212
0.26431242
0.013215975
4.6210036e-06
0.01321642
4.8311368e-06
0.013216894
5.047761e-06
0.0132174
5.2703182e-06
0.013217935
5.4981567e-06
0.0132185
5.7305036e-06
0.013219093
5.9664513e-06
0.013219713
6.2049587e-06
0.013220359
6.44486e-06
6.6848768e-06
0.018437064
4.1415421e-06
0.018437574
4.3209316e-06
0.018438116
4.5061376e-06
0.018438689
4.696854e-06
0.018439295
4.8927165e-06
0.018439932
5.0932797e-06
0.018440601
5.2980056e-06
0.018441299
5.5062593e-06
0.018442027
5.7173105e-06
5.9303355e-06
0.025720651
3.61208e-06
0.025721211
3.7611485e-06
0.025721802
3.9152373e-06
0.025722424
4.0742149e-06
0.025723079
4.2379185e-06
0.025723766
4.4061365e-06
0.025724486
4.5785995e-06
0.025725237
4.754976e-06
0.025726019
4.9348701e-06
5.1178196e-06
0.035881001
3.0494447e-06
0.035881592
3.1697262e-06
0.035882213
3.294184e-06
0.035882865
3.4227917e-06
0.035883547
3.5555118e-06
0.035884261
3.6922808e-06
0.035885006
3.8330033e-06
0.035885784
3.9775484e-06
0.035886593
4.1257471e-06
4.2773897e-06
0.0500533
2.473261e-06
0.050053903
2.5672888e-06
0.050054532
2.6646547e-06
0.05005519
2.7653956e-06
0.050055876
2.869534e-06
0.050056591
2.9770799e-06
0.050057336
3.0880309e-06
0.050058111
3.2023677e-06
0.050058917
3.3200511e-06
3.4410204e-06
0.069821029
1.9072774e-06
0.069821618
1.9778677e-06
0.069822232
2.0510168e-06
0.069822871
2.1267779e-06
0.069823535
2.2051955e-06
0.069824226
2.2863092e-06
0.069824944
2.3701567e-06
0.069825689
2.4567692e-06
0.069826463
2.5461695e-06
0.069827266
2.6383705e-06
2.733374e-06
0.097391061
1.3643819e-06
0.097391624
1.4142753e-06
0.097392209
1.4660044e-06
0.097392817
1.5196205e-06
0.097393447
1.5751739e-06
0.0973941
1.632714e-06
0.097394778
1.6922887e-06
0.097395481
1.7539433e-06
0.097396209
1.8177202e-06
0.097396964
1.8836582e-06
1.9517919e-06
0.13584741
8.8209487e-07
0.13584791
9.1424462e-07
0.13584843
9.4761587e-07
0.13584896
9.8223855e-07
0.13584952
1.0181528e-06
0.1358501
1.0553993e-06
0.1358507
1.0940191e-06
0.13585131
1.1340528e-06
0.13585196
1.175541e-06
0.13585262
1.2185233e-06
1.2630388e-06
0.18948511
4.1860287e-07
0.18948559
4.3394293e-07
0.18948609
4.4986843e-07
0.18948661
4.6641146e-07
0.18948714
4.835947e-07
0.1894877
5.0144165e-07
0.18948827
5.1997639e-07
0.18948886
5.3922351e-07
0.18948948
5.5920805e-07
0.18949012
5.7995546e-07
6.0149153e-07
0.26431279
0.26431317
0.26431357
0.26431398
0.26431441
0.26431485
0.26431531
0.26431579
0.26431629
0.2643168
)
;

boundaryField
{
    inlet
    {
        type            calculated;
        value           nonuniform List<scalar> 
58
(
-0.00074421612
-0.00076515258
-0.00078667802
-0.00080880904
-0.00083156263
-0.00085495635
-0.00087900817
-0.00090373663
-0.00092916075
-0.00095530012
-0.00098217485
-0.0010098056
-0.0010382137
-0.001067421
-0.0010974499
-0.0011283236
-0.0011600659
-0.0011927011
-0.0012262544
-0.0012607517
-0.0012962195
-0.001332685
-0.0013701764
-0.0014087225
-0.001448353
-0.0014890984
-0.0015309901
-0.0015740602
-0.0016183421
-0.0016638696
-0.001710678
-0.0017588032
-0.0018082822
-0.0018591533
-0.0019114554
-0.0019652289
-0.0020205151
-0.0020773567
-0.0021357974
-0.0021958822
-0.0022576572
-0.0023211701
-0.0023864698
-0.0024536066
-0.002522632
-0.0025935992
-0.002666563
-0.0027415793
-0.01321445
-0.018433508
-0.025713837
-0.035869537
-0.050036239
-0.069798092
-0.097364904
-0.13581925
-0.18946117
-0.26428901
)
;
    }
    top
    {
        type            calculated;
        value           nonuniform List<scalar> 
31
(
-1.8020658e-08
6.5771182e-08
1.5536805e-07
2.1093066e-07
2.3501582e-07
2.3858075e-07
2.2958822e-07
2.1331359e-07
1.9345618e-07
1.7252557e-07
1.5205322e-07
1.3287452e-07
1.1539774e-07
9.9767245e-08
8.5968506e-08
7.3898129e-08
6.3408586e-08
5.4336191e-08
4.6514822e-08
3.9790345e-08
4.9145304e-08
5.0750482e-08
5.2417205e-08
5.4147831e-08
5.5945455e-08
5.7813463e-08
5.9755577e-08
6.1775817e-08
6.3878488e-08
6.606821e-08
6.8349956e-08
)
;
    }
    outlet
    {
        type            calculated;
        value           nonuniform List<scalar> 0();
    }
    slipsurface
    {
        type            calculated;
        value           nonuniform List<scalar> 0();
    }
    bottom
    {
        type            calculated;
        value           nonuniform List<scalar> 0();
    }
    frontandback
    {
        type            empty;
    }
    procBoundary12to8
    {
        type            processor;
        value           nonuniform List<scalar> 
28
(
-1.0648401e-05
-1.1711961e-05
-1.2712731e-05
-1.3620711e-05
-1.4423755e-05
-1.5108525e-05
-1.5665073e-05
-1.60887e-05
-4.9028446e-07
-1.3680043e-06
-2.0990544e-06
-2.7135225e-06
-3.302572e-06
-3.8893248e-06
-4.4907369e-06
-5.1259334e-06
-5.7857117e-06
-6.4842082e-06
-7.1856866e-06
-7.8924064e-06
-8.5368144e-06
-9.0932535e-06
-9.4809275e-06
-9.6580717e-06
-9.5856954e-06
-9.2650546e-06
-8.7342926e-06
-8.0536857e-06
)
;
    }
    procBoundary12to9
    {
        type            processor;
        value           nonuniform List<scalar> 2(-1.6376486e-05 -1.6530076e-05);
    }
    procBoundary12to13
    {
        type            processor;
        value           nonuniform List<scalar> 
59
(
0.00074486946
0.00076580878
0.00078733707
0.00080947098
0.0008322275
0.00085562424
0.00087967918
0.0009044109
0.00092983846
0.00095598147
0.00098286009
0.001010495
0.0010389076
0.0010681197
0.0010981539
0.0011290333
0.0011607817
0.0011934236
0.0012269843
0.0012614894
0.0012969658
0.0013334405
0.001370942
0.0014094989
0.0014491411
0.001489899
0.0015318041
0.0015748887
0.001619186
0.00166473
0.0017115559
0.0017596998
0.0018091987
0.0018600907
0.001912415
0.0019662119
0.0020215229
0.0020783904
0.0021368583
0.0021969716
0.0022587764
0.0023223204
0.0023876525
0.0024548228
0.0025238831
0.0025948864
0.0026678871
0.0027429415
0.013221028
0.018442781
0.025726832
0.035887433
0.050059753
-3.5651914e-06
0.069828098
0.097397746
0.13585331
0.18949078
0.26431733
)
;
    }
}


// ************************************************************************* //
