/*--------------------------------*- C++ -*----------------------------------*\
  =========                 |
  \\      /  F ield         | OpenFOAM: The Open Source CFD Toolbox
   \\    /   O peration     | Website:  https://openfoam.org
    \\  /    A nd           | Version:  12
     \\/     M anipulation  |
\*---------------------------------------------------------------------------*/
FoamFile
{
    format      ascii;
    class       volScalarField;
    location    "1900";
    object      nut;
}
// * * * * * * * * * * * * * * * * * * * * * * * * * * * * * * * * * * * * * //

dimensions      [0 2 -1 0 0 0 0];

internalField   nonuniform List<scalar> 
816
(
2.0429547e-06
1.4472767e-06
1.2359215e-06
1.1552171e-06
1.1126165e-06
1.0804095e-06
1.0529715e-06
1.0295282e-06
1.0096679e-06
9.9284015e-07
9.7849334e-07
9.6615792e-07
9.5545702e-07
9.4609023e-07
9.3781713e-07
9.3043683e-07
9.2379378e-07
9.1771058e-07
9.1218341e-07
9.066148e-07
9.0273563e-07
8.927435e-07
9.0698626e-07
8.3273669e-07
1.1816624e-08
1.6558179e-09
6.2233716e-10
2.7767331e-10
1.2473936e-10
5.7077559e-11
2.8085844e-11
1.5181864e-11
8.8520142e-12
5.4136795e-12
2.1996607e-06
1.5921455e-06
1.3727943e-06
1.2899456e-06
1.2479361e-06
1.2168813e-06
1.190389e-06
1.1676081e-06
1.1482117e-06
1.1317238e-06
1.1176361e-06
1.1055031e-06
1.0949621e-06
1.0857221e-06
1.0775494e-06
1.0702475e-06
1.0636648e-06
1.0576242e-06
1.0521258e-06
1.0465701e-06
1.0426274e-06
1.033022e-06
1.0436825e-06
9.8653685e-07
3.0241682e-08
3.1270586e-09
1.082559e-09
5.1121545e-10
2.6153075e-10
1.3719193e-10
7.4626046e-11
4.2933353e-11
2.6134509e-11
1.6591994e-11
2.375267e-06
1.7551622e-06
1.526891e-06
1.4412807e-06
1.3996959e-06
1.3698926e-06
1.3445264e-06
1.3225844e-06
1.3038041e-06
1.2877848e-06
1.2740662e-06
1.2622309e-06
1.251933e-06
1.242893e-06
1.2348854e-06
1.2277192e-06
1.2212481e-06
1.2152962e-06
1.209867e-06
1.204366e-06
1.2003704e-06
1.1912801e-06
1.1981278e-06
1.1549828e-06
8.2897061e-08
6.9275186e-09
2.0319329e-09
9.4718783e-10
5.1844057e-10
3.0029163e-10
1.7987173e-10
1.1158284e-10
7.1841901e-11
4.7771204e-11
2.5717251e-06
1.938259e-06
1.6999992e-06
1.6108403e-06
1.5693783e-06
1.5408488e-06
1.5167535e-06
1.4958118e-06
1.4777924e-06
1.4623658e-06
1.4491231e-06
1.4376778e-06
1.4277039e-06
1.4189349e-06
1.4111551e-06
1.4041805e-06
1.3978707e-06
1.392052e-06
1.3867314e-06
1.3813247e-06
1.3772925e-06
1.3687833e-06
1.3721111e-06
1.340464e-06
2.3354268e-07
1.9203772e-08
4.3753702e-09
1.8434108e-09
1.0142682e-09
6.1887278e-10
3.9861319e-10
2.6524763e-10
1.8140968e-10
1.2709734e-10
2.7911946e-06
2.1435878e-06
1.8941204e-06
1.8004396e-06
1.7586391e-06
1.7313062e-06
1.7085763e-06
1.6887724e-06
1.6716463e-06
1.656929e-06
1.6442632e-06
1.6332962e-06
1.6237236e-06
1.615294e-06
1.6078024e-06
1.6010732e-06
1.5949726e-06
1.5893302e-06
1.5841558e-06
1.5788803e-06
1.5748361e-06
1.5668999e-06
1.5675495e-06
1.5450902e-06
6.0684867e-07
6.9632454e-08
1.1780521e-08
4.0883274e-09
2.0586011e-09
1.2500592e-09
8.3499992e-10
5.8522764e-10
4.2211898e-10
3.1104841e-10
3.0360783e-06
2.373559e-06
2.1115142e-06
2.0121394e-06
1.9693563e-06
1.9430186e-06
1.92168e-06
1.9031162e-06
1.8869969e-06
1.8730941e-06
1.8610986e-06
1.8506923e-06
1.8415941e-06
1.8335684e-06
1.8264227e-06
1.81999e-06
1.8141444e-06
1.8087194e-06
1.8037276e-06
1.7986166e-06
1.7945945e-06
1.7871554e-06
1.7861886e-06
1.7701268e-06
1.0896455e-06
2.6072556e-07
4.2213402e-08
1.1417518e-08
4.8315988e-09
2.6645845e-09
1.7193799e-09
1.218355e-09
9.1057988e-10
7.0132564e-10
3.3090635e-06
2.6308885e-06
2.3547511e-06
2.2483015e-06
2.203687e-06
2.1779923e-06
2.1579803e-06
2.1407096e-06
2.1256833e-06
2.1126833e-06
2.1014402e-06
2.091669e-06
2.0831119e-06
2.0755502e-06
2.0688041e-06
2.0627162e-06
2.0571689e-06
2.0519999e-06
2.0472253e-06
2.0423085e-06
2.0383515e-06
2.0312843e-06
2.0297223e-06
2.0155431e-06
1.5415982e-06
6.8993882e-07
2.0499175e-07
4.4577105e-08
1.4733459e-08
6.8509614e-09
3.9309586e-09
2.5948961e-09
1.8832464e-09
1.4563381e-09
3.6131709e-06
2.9186502e-06
2.6267716e-06
2.5116534e-06
2.4641331e-06
2.4385499e-06
2.4196841e-06
2.4036918e-06
2.3898052e-06
2.3777722e-06
2.3673474e-06
2.3582739e-06
2.3503161e-06
2.3432717e-06
2.3369737e-06
2.3312745e-06
2.326065e-06
2.3211879e-06
2.3166628e-06
2.3119653e-06
2.3081227e-06
2.301276e-06
2.3001082e-06
2.2799415e-06
1.9496953e-06
1.250774e-06
6.6891271e-07
2.1985865e-07
6.9071473e-08
2.4803057e-08
1.1605232e-08
6.6463601e-09
4.3440929e-09
3.125088e-09
3.9518115e-06
3.2403382e-06
2.9309545e-06
2.8053607e-06
2.7536177e-06
2.7274064e-06
2.7093609e-06
2.6945418e-06
2.6817867e-06
2.6707497e-06
2.6611853e-06
2.6528552e-06
2.645542e-06
2.6390583e-06
2.6332493e-06
2.6279765e-06
2.6231396e-06
2.6185855e-06
2.6143388e-06
2.609881e-06
2.606203e-06
2.5994294e-06
2.5994229e-06
2.5687796e-06
2.3364657e-06
1.8104923e-06
1.2870358e-06
7.3567987e-07
3.3449955e-07
1.4271017e-07
5.3203409e-08
2.4308881e-08
1.3306295e-08
8.3397923e-09
4.328852e-06
3.5999357e-06
3.2711924e-06
3.1331096e-06
3.075572e-06
3.0477561e-06
3.030027e-06
3.0161578e-06
3.0044501e-06
2.9943886e-06
2.9856925e-06
2.9781266e-06
2.9714848e-06
2.9655908e-06
2.9602999e-06
2.9554819e-06
2.9510444e-06
2.9468382e-06
2.9428934e-06
2.9386896e-06
2.9352203e-06
2.928408e-06
2.9299132e-06
2.8891798e-06
2.7140441e-06
2.3359554e-06
1.9072191e-06
1.4231028e-06
9.4721786e-07
5.7359506e-07
3.0455235e-07
1.4825567e-07
6.7444566e-08
3.3785827e-08
4.7486881e-06
4.0019935e-06
3.6519756e-06
3.4991991e-06
3.4340332e-06
3.4033734e-06
3.3852445e-06
3.3719509e-06
3.3611051e-06
3.3519297e-06
3.3440613e-06
3.337245e-06
3.331274e-06
3.3259774e-06
3.3212168e-06
3.3168681e-06
3.3128452e-06
3.3090017e-06
3.3053738e-06
3.301431e-06
3.2982009e-06
3.2912922e-06
3.2942333e-06
3.24617e-06
3.0996532e-06
2.8311581e-06
2.4984457e-06
2.108605e-06
1.6859117e-06
1.2865445e-06
9.2402399e-07
6.1752992e-07
3.7602284e-07
2.1424891e-07
5.216328e-06
4.451719e-06
4.0784842e-06
3.9086423e-06
3.8337549e-06
3.7987281e-06
3.7792362e-06
3.7659574e-06
3.7556554e-06
3.7471836e-06
3.7400352e-06
3.7339034e-06
3.7285642e-06
3.723842e-06
3.7195992e-06
3.7157137e-06
3.7121037e-06
3.7086228e-06
3.7053141e-06
3.7016288e-06
3.6986475e-06
3.6916384e-06
3.6956324e-06
3.6435147e-06
3.5091992e-06
3.3127243e-06
3.0632834e-06
2.7626487e-06
2.4183129e-06
2.0626278e-06
1.7131396e-06
1.3810099e-06
1.0691583e-06
7.8576795e-07
5.7374834e-06
4.9550754e-06
4.5566873e-06
4.3672786e-06
4.2803294e-06
4.2391162e-06
4.2170192e-06
4.2029696e-06
4.192726e-06
4.1846526e-06
4.1780257e-06
4.1724446e-06
4.1676444e-06
4.1634306e-06
4.1596579e-06
4.1562005e-06
4.1529769e-06
4.1498375e-06
4.1468313e-06
4.1433851e-06
4.1406357e-06
4.1335572e-06
4.1380786e-06
4.0846379e-06
3.9548839e-06
3.7996233e-06
3.6140313e-06
3.3897676e-06
3.1232358e-06
2.8295955e-06
2.5244554e-06
2.2191315e-06
1.9187873e-06
1.6245515e-06
6.3187536e-06
5.5187899e-06
5.0934472e-06
4.8818962e-06
4.780323e-06
4.7308048e-06
4.7045574e-06
4.68869e-06
4.6778133e-06
4.6696769e-06
4.6632541e-06
4.657998e-06
4.653571e-06
4.6497411e-06
4.6463424e-06
4.6432375e-06
4.6403393e-06
4.6374905e-06
4.6347436e-06
4.6314963e-06
4.6289313e-06
4.6218192e-06
4.6263413e-06
4.5733687e-06
4.4457675e-06
4.3110106e-06
4.1686883e-06
4.0036513e-06
3.8050645e-06
3.5756387e-06
3.3247329e-06
3.0621998e-06
2.7950061e-06
2.5256864e-06
6.9677227e-06
6.1504962e-06
5.696636e-06
5.4603621e-06
5.3414215e-06
5.2811935e-06
5.2489322e-06
5.229907e-06
5.2174622e-06
5.2086083e-06
5.2019213e-06
5.1966452e-06
5.1923303e-06
5.1886814e-06
5.1854961e-06
5.1826133e-06
5.1799328e-06
5.177283e-06
5.1747159e-06
5.1715963e-06
5.169133e-06
5.1619965e-06
5.1660666e-06
5.1145238e-06
4.989016e-06
4.8640578e-06
4.7474118e-06
4.6231912e-06
4.4777168e-06
4.3058775e-06
4.1099972e-06
3.896001e-06
3.6701022e-06
3.4361356e-06
7.6930427e-06
6.8589132e-06
6.3752627e-06
6.1117612e-06
5.972587e-06
5.8989879e-06
5.8585321e-06
5.8346936e-06
5.8194684e-06
5.8090132e-06
5.8014082e-06
5.7956176e-06
5.7910318e-06
5.7872607e-06
5.7840436e-06
5.7811811e-06
5.7785489e-06
5.7759527e-06
5.7734375e-06
5.7703321e-06
5.767847e-06
5.760642e-06
5.7638955e-06
5.714115e-06
5.5913065e-06
5.4719144e-06
5.3683425e-06
5.2690741e-06
5.1606786e-06
5.0345223e-06
4.8876935e-06
4.7215875e-06
4.5397872e-06
4.3456825e-06
8.5045677e-06
7.6539807e-06
7.1396093e-06
6.8465419e-06
6.6842215e-06
6.5943842e-06
6.5432565e-06
6.5126273e-06
6.4931074e-06
6.4799051e-06
6.4705093e-06
6.4635285e-06
6.4581385e-06
6.4538162e-06
6.4502161e-06
6.4470812e-06
6.444249e-06
6.4414919e-06
6.4388389e-06
6.435578e-06
6.4328977e-06
6.4255089e-06
6.427641e-06
6.3794912e-06
6.2599274e-06
6.1443329e-06
6.047018e-06
5.9612098e-06
5.8757625e-06
5.7816974e-06
5.6735384e-06
5.5492441e-06
5.4093659e-06
5.2555977e-06
9.4135017e-06
8.5470061e-06
8.0013737e-06
7.6766669e-06
7.4883373e-06
7.3792621e-06
7.3147312e-06
7.2750257e-06
7.2493852e-06
7.2320051e-06
7.2196979e-06
7.2106403e-06
7.2037343e-06
7.1982805e-06
7.1938165e-06
7.1900045e-06
7.1866265e-06
7.1834073e-06
7.1803495e-06
7.1766921e-06
7.1735813e-06
7.165811e-06
7.1665188e-06
7.1196763e-06
7.0035298e-06
6.8907956e-06
6.796751e-06
6.7173962e-06
6.6444239e-06
6.5702237e-06
6.4889704e-06
6.3969564e-06
6.2924996e-06
6.1753767e-06
1.043256e-05
9.5508225e-06
8.9738212e-06
8.6157681e-06
8.3987285e-06
8.2673794e-06
8.1865302e-06
8.1351924e-06
8.1013058e-06
8.0780246e-06
8.0614189e-06
8.0491634e-06
8.0398266e-06
8.0324851e-06
8.0265242e-06
8.0214975e-06
8.0171107e-06
8.0130245e-06
8.0092008e-06
8.0048193e-06
8.0009664e-06
7.992527e-06
7.9914469e-06
7.9455265e-06
7.8326224e-06
7.7221874e-06
7.6300484e-06
7.5535193e-06
7.4864316e-06
7.4229534e-06
7.3581002e-06
7.2879953e-06
7.2099696e-06
7.1224784e-06
1.1576149e-05
1.067996e-05
1.0071944e-05
9.6793051e-06
9.431142e-06
9.2745657e-06
9.1743952e-06
9.1086668e-06
9.064146e-06
9.0329617e-06
9.0104015e-06
8.9935809e-06
8.9806783e-06
8.9704989e-06
8.9622366e-06
8.9553065e-06
8.9493134e-06
8.9438342e-06
8.9387742e-06
8.9332387e-06
8.9282404e-06
8.9187453e-06
8.9154e-06
8.8700114e-06
8.7599586e-06
8.6513483e-06
8.560342e-06
8.4848401e-06
8.420067e-06
8.3614872e-06
8.3052108e-06
8.247988e-06
8.1871781e-06
8.1207702e-06
1.2860561e-05
1.1950835e-05
1.131263e-05
1.0884724e-05
1.0603445e-05
1.0418908e-05
1.0296448e-05
1.0213465e-05
1.0155727e-05
1.01144e-05
1.0083981e-05
1.0060987e-05
1.0043161e-05
1.002899e-05
1.001744e-05
1.0007753e-05
9.9994084e-06
9.9918761e-06
9.9849863e-06
9.9777522e-06
9.9711015e-06
9.9600408e-06
9.9539439e-06
9.908662e-06
9.8009761e-06
9.6936513e-06
9.603103e-06
9.527678e-06
9.463375e-06
9.406381e-06
9.3536474e-06
9.3026957e-06
9.2513995e-06
9.1979196e-06
1.4304203e-05
1.338196e-05
1.2714854e-05
1.2251626e-05
1.1935786e-05
1.1720926e-05
1.1573389e-05
1.1470305e-05
1.1396672e-05
1.1342796e-05
1.1302412e-05
1.1271427e-05
1.1247111e-05
1.12276e-05
1.1211592e-05
1.1198129e-05
1.1186534e-05
1.1176147e-05
1.1166704e-05
1.1157103e-05
1.114818e-05
1.1134906e-05
1.1125719e-05
1.1079981e-05
1.0974137e-05
1.086743e-05
1.0776591e-05
1.0700549e-05
1.0635571e-05
1.0578297e-05
1.0526165e-05
1.047726e-05
1.0430003e-05
1.0382978e-05
1.5927835e-05
1.499418e-05
1.4299878e-05
1.380194e-05
1.3450757e-05
1.3203731e-05
1.3028667e-05
1.2902806e-05
1.2810631e-05
1.2741737e-05
1.2689161e-05
1.2648209e-05
1.2615671e-05
1.2589301e-05
1.2567504e-05
1.2549089e-05
1.2533198e-05
1.2519019e-05
1.2506167e-05
1.2493411e-05
1.2481469e-05
1.246525e-05
1.2452212e-05
1.240541e-05
1.2300936e-05
1.219419e-05
1.2102285e-05
1.202476e-05
1.1958187e-05
1.1899453e-05
1.1846222e-05
1.1796883e-05
1.1750224e-05
1.1705213e-05
1.7754854e-05
1.6810939e-05
1.6091494e-05
1.556012e-05
1.5173555e-05
1.4893179e-05
1.4688638e-05
1.4537656e-05
1.4424477e-05
1.4338161e-05
1.4271149e-05
1.4218189e-05
1.4175594e-05
1.414073e-05
1.4111686e-05
1.4087017e-05
1.4065662e-05
1.4046632e-05
1.40294e-05
1.4012589e-05
1.3996765e-05
1.3976793e-05
1.3958908e-05
1.3910155e-05
1.3806501e-05
1.3699117e-05
1.3605392e-05
1.3525405e-05
1.3456276e-05
1.3395114e-05
1.3339647e-05
1.3288365e-05
1.3240235e-05
1.3194459e-05
)
;

boundaryField
{
    bottom
    {
        type            nutLowReWallFunction;
        Cmu             0.09;
        kappa           0.41;
        E               9.8;
        value           nonuniform List<scalar> 0();
    }
    back
    {
        type            empty;
    }
    front
    {
        type            empty;
    }
    inlet
    {
        type            calculated;
        value           nonuniform List<scalar> 
24
(
2.7380024e-06
2.893884e-06
3.0678076e-06
3.2616675e-06
3.4775922e-06
3.7179823e-06
3.9855548e-06
4.2833938e-06
4.6150078e-06
4.9843944e-06
5.3961131e-06
5.8553672e-06
6.3680945e-06
6.9410645e-06
7.5819829e-06
8.2996077e-06
9.103881e-06
1.0006073e-05
1.1018944e-05
1.2156922e-05
1.3436303e-05
1.4875475e-05
1.6495171e-05
1.8318749e-05
)
;
    }
    outlet
    {
        type            calculated;
        value           nonuniform List<scalar> 0();
    }
    top
    {
        type            calculated;
        value           nonuniform List<scalar> 0();
    }
    slipsurface
    {
        type            slip;
    }
    procBoundary14to5
    {
        type            processor;
        value           nonuniform List<scalar> 
34
(
1.9811601e-05
1.8858581e-05
1.8116301e-05
1.7553373e-05
1.7132166e-05
1.6818017e-05
1.6582699e-05
1.6404745e-05
1.6268445e-05
1.6162524e-05
1.6078949e-05
1.6011981e-05
1.5957489e-05
1.5912454e-05
1.5874645e-05
1.5842347e-05
1.5814276e-05
1.5789251e-05
1.5766581e-05
1.5744727e-05
1.5724065e-05
1.5699439e-05
1.5675787e-05
1.5623995e-05
1.5520464e-05
1.5411837e-05
1.5315159e-05
1.5231873e-05
1.515936e-05
1.509486e-05
1.5036154e-05
1.4981782e-05
1.4930784e-05
1.4882474e-05
)
;
    }
    procBoundary14to12
    {
        type            processor;
        value           nonuniform List<scalar> 
24
(
3.4032764e-12
1.0820567e-11
3.2523159e-11
9.0784231e-11
2.3313954e-10
5.5013137e-10
1.1732308e-09
2.4115377e-09
5.785936e-09
1.9668496e-08
1.1707982e-07
5.5111445e-07
1.3465714e-06
2.2597855e-06
3.1983377e-06
4.1427028e-06
5.0901593e-06
6.0462908e-06
7.0248938e-06
8.0473774e-06
9.1407225e-06
1.0334885e-05
1.1660889e-05
1.3150348e-05
)
;
    }
    procBoundary14to15
    {
        type            processor;
        value           nonuniform List<scalar> 
34
(
1.9033773e-06
1.3188104e-06
1.114661e-06
1.0356349e-06
9.9238821e-07
9.5918509e-07
9.3100389e-07
9.0708259e-07
8.869136e-07
8.6987679e-07
8.5538254e-07
8.4294139e-07
8.3216497e-07
8.2274558e-07
8.1443774e-07
8.070374e-07
8.0038614e-07
7.9430735e-07
7.8879287e-07
7.832542e-07
7.7944674e-07
7.6923744e-07
7.8648524e-07
6.936255e-07
5.2672494e-09
9.7639678e-10
3.7352336e-10
1.4558321e-10
5.3889198e-11
2.1396116e-11
9.7466444e-12
5.0481222e-12
2.8512569e-12
1.6921597e-12
)
;
    }
}


// ************************************************************************* //
