/*--------------------------------*- C++ -*----------------------------------*\
  =========                 |
  \\      /  F ield         | OpenFOAM: The Open Source CFD Toolbox
   \\    /   O peration     | Website:  https://openfoam.org
    \\  /    A nd           | Version:  12
     \\/     M anipulation  |
\*---------------------------------------------------------------------------*/
FoamFile
{
    format      ascii;
    class       volScalarField;
    location    "1800";
    object      p;
}
// * * * * * * * * * * * * * * * * * * * * * * * * * * * * * * * * * * * * * //

dimensions      [0 2 -2 0 0 0 0];

internalField   nonuniform List<scalar> 
820
(
0.0038635889
0.0038055537
0.0037505216
0.0036993267
0.0036511881
0.0036055734
0.003562299
0.0035205869
0.0034810132
0.0034423383
0.0034056876
0.0033704234
0.0033351314
0.0033021676
0.0032700944
0.0032375566
0.0032071097
0.0031773918
0.0031470588
0.0031180534
0.0030901095
0.0030618259
0.0030334565
0.0030067696
0.0029804419
0.0029531385
0.0029261782
0.0029007215
0.0028753298
0.0028488379
0.0028227276
0.0027978668
0.0027731583
0.0027473515
0.0027216246
0.0038643775
0.0038062496
0.0037511445
0.0036998916
0.0036517031
0.0036060454
0.0035627335
0.0035209884
0.0034813857
0.0034426851
0.0034060116
0.0033707267
0.0033354161
0.0033024355
0.0032703467
0.0032377948
0.003207335
0.0031776052
0.0031472611
0.0031182456
0.0030902922
0.0030619997
0.0030336222
0.0030069277
0.0029805928
0.0029532826
0.0029263161
0.0029008535
0.002875456
0.0028489587
0.0028228434
0.0027979779
0.0027732648
0.0027474537
0.0027217228
0.0038652999
0.0038070687
0.0037518813
0.0037005595
0.0036523121
0.0036066035
0.0035632473
0.0035214633
0.0034818262
0.0034430952
0.0034063946
0.0033710853
0.0033357526
0.003302752
0.0032706448
0.0032380761
0.0032076011
0.003177857
0.0031474999
0.0031184724
0.0030905078
0.0030622048
0.0030338177
0.0030071143
0.0029807708
0.0029534526
0.0029264787
0.0029010092
0.0028756049
0.0028491012
0.00282298
0.0027981088
0.0027733903
0.0027475742
0.0027218385
0.0038663924
0.0038080397
0.0037527544
0.0037013504
0.0036530326
0.0036072633
0.0035638545
0.0035220242
0.0034823462
0.0034435791
0.0034068464
0.003371508
0.0033361492
0.003303125
0.003270996
0.0032384075
0.0032079144
0.0031781537
0.003147781
0.0031187394
0.0030907616
0.0030624462
0.0030340477
0.0030073337
0.0029809802
0.0029536525
0.0029266701
0.0029011923
0.00287578
0.0028492688
0.0028231406
0.0027982629
0.002773538
0.0027477159
0.0027219747
0.0038676971
0.0038091892
0.003753786
0.0037022843
0.0036538827
0.0036080414
0.00356457
0.0035226848
0.0034829585
0.0034441486
0.0034073778
0.0033720052
0.0033366155
0.0033035634
0.0032714088
0.0032387968
0.0032082826
0.0031785021
0.0031481112
0.003119053
0.0030910596
0.0030627296
0.0030343177
0.0030075913
0.0029812259
0.0029538872
0.0029268945
0.0029014072
0.0028759855
0.0028494654
0.002823329
0.0027984436
0.0027737113
0.0027478821
0.0038692603
0.0038105534
0.0037550018
0.0037033835
0.0036548833
0.0036089568
0.0035654113
0.0035234612
0.0034836778
0.0034448174
0.0034080017
0.0033725888
0.0033371626
0.0033040777
0.0032718929
0.0032392533
0.0032087141
0.0031789105
0.0031484981
0.0031194203
0.0030914088
0.0030630615
0.0030346339
0.003007893
0.0029815137
0.0029541618
0.0029271572
0.0029016586
0.002876226
0.0028496955
0.0028235496
0.0027986551
0.0027739141
0.0027480766
0.0038711228
0.0038121818
0.0037564386
0.0037046748
0.0036560574
0.0036100311
0.0035663985
0.0035243721
0.0034845213
0.0034456014
0.0034087329
0.0033732725
0.0033378034
0.0033046799
0.0032724597
0.0032397877
0.0032092193
0.0031793885
0.0031489508
0.0031198501
0.0030918171
0.0030634497
0.0030350036
0.0030082456
0.0029818501
0.0029544829
0.0029274642
0.0029019525
0.0028765072
0.0028499645
0.0028238073
0.0027989022
0.002774151
0.0027483038
0.0038733101
0.0038141186
0.0037581493
0.0037061977
0.0036574334
0.0036112874
0.0035675538
0.0035254382
0.0034855088
0.003446519
0.0034095884
0.0033740723
0.0033385528
0.0033053841
0.0032731224
0.0032404123
0.0032098095
0.0031799469
0.0031494797
0.003120352
0.0030922941
0.0030639031
0.0030354353
0.0030086573
0.0029822427
0.0029548576
0.0029278225
0.0029022954
0.0028768352
0.0028502783
0.0028241079
0.0027991905
0.0027744273
0.0027485688
0.0038758391
0.0038163849
0.0037601764
0.0037080094
0.0036590553
0.0036127532
0.0035689017
0.0035266819
0.0034866617
0.0034475904
0.0034105877
0.0033750063
0.0033394278
0.0033062062
0.0032738959
0.0032411412
0.0032104983
0.0031805986
0.0031500967
0.0031209375
0.0030928504
0.0030644318
0.0030359386
0.0030091373
0.0029827005
0.0029552944
0.0029282399
0.0029026949
0.0028772175
0.002850644
0.0028244582
0.0027995263
0.0027747492
0.0027488775
0.003878728
0.0038189905
0.0037625329
0.0037101441
0.0036609756
0.0036144828
0.0035704771
0.0035281299
0.0034880025
0.0034488374
0.0034117516
0.0033760946
0.0033404475
0.0033071644
0.0032747973
0.0032419906
0.003211301
0.0031813578
0.0031508154
0.0031216196
0.0030934983
0.0030650475
0.0030365246
0.0030096962
0.0029832335
0.0029558028
0.0029287258
0.00290316
0.0028776624
0.0028510696
0.0028248658
0.0027999171
0.0027751239
0.0027492367
0.0038819868
0.003821945
0.0037652229
0.0037126017
0.0036632185
0.0036165254
0.0035723371
0.0035298291
0.0034895604
0.0034502853
0.003413102
0.0033773578
0.0033416325
0.0033082783
0.0032758457
0.0032429788
0.0032122346
0.003182241
0.0031516515
0.0031224129
0.003094252
0.0030657636
0.0030372062
0.0030103461
0.0029838534
0.0029563941
0.0029292907
0.0029037007
0.0028781797
0.0028515644
0.0028253396
0.0028003714
0.0027755594
0.0027496541
0.0038855955
0.003825247
0.0037682489
0.0037153841
0.0036657812
0.0036188861
0.0035745148
0.0035318259
0.0034913939
0.0034519791
0.0034146655
0.0033788202
0.0033430049
0.0033095675
0.0032770613
0.0032441256
0.0032133182
0.0031832664
0.0031526226
0.0031233342
0.0030951274
0.0030665954
0.0030379977
0.0030111009
0.0029845733
0.0029570807
0.0029299467
0.0029043285
0.0028787805
0.002852139
0.0028258898
0.0028008989
0.0027760651
0.0027501387
0.0038894693
0.0038288633
0.0037716004
0.0037184906
0.0036686591
0.0036215584
0.0035769995
0.0035341303
0.0034935393
0.0034539626
0.0034164985
0.00338053
0.0033445929
0.0033110547
0.0032784674
0.0032454493
0.0032145705
0.0031844537
0.0031537476
0.0031244016
0.0030961422
0.0030675602
0.0030389156
0.0030119762
0.0029854083
0.002957877
0.0029307074
0.0029050566
0.0028794774
0.0028528054
0.0028265279
0.0028015107
0.0027766516
0.0027507009
0.0038934201
0.0038326897
0.0037752323
0.0037218979
0.003671841
0.0036245356
0.0035797827
0.0035367336
0.0034959815
0.0034562436
0.0034186361
0.0033825278
0.0033464463
0.0033127968
0.003280099
0.003246968
0.0032160134
0.003185824
0.003155044
0.0031256332
0.0030973152
0.0030686762
0.0030399773
0.0030129891
0.0029863753
0.0029587992
0.0029315883
0.0029058998
0.0028802846
0.0028535775
0.002827267
0.0028022195
0.0027773313
0.0027513522
0.0038971722
0.0038364937
0.0037790142
0.0037255238
0.0036752922
0.0036277974
0.0035828508
0.0035396262
0.0034987088
0.0034588101
0.0034210607
0.0033848114
0.0033485921
0.0033148283
0.0032819961
0.0032487377
0.003217696
0.0031874055
0.0031565281
0.0031270501
0.0030986668
0.0030699598
0.0030411998
0.0030141577
0.0029874924
0.0029598646
0.0029326059
0.0029068747
0.0028812183
0.0028544704
0.0028281219
0.0028030395
0.0027781177
0.0027521059
0.0039005949
0.0038399658
0.0037826564
0.0037291745
0.0036789089
0.0036312721
0.0035861688
0.0035427893
0.003501703
0.0034616476
0.0034237585
0.0033873658
0.0033510107
0.0033171289
0.003284172
0.0032507964
0.0032196507
0.0031892399
0.003158254
0.0031286996
0.0031002236
0.0030714251
0.0030426027
0.0030155022
0.0029887754
0.002961089
0.002933777
0.0029079986
0.0028822957
0.0028555007
0.0028291085
0.0028039865
0.0027790264
0.0027529766
0.0039037051
0.0038433145
0.0037858714
0.0037325971
0.0036824144
0.0036347673
0.0035896384
0.0035461516
0.0035049154
0.0034647358
0.0034267087
0.0033901706
0.0033536866
0.0033196894
0.0032866096
0.0032531163
0.0032218643
0.0031913467
0.0031602583
0.0031306105
0.0031020239
0.0030731248
0.0030442354
0.0030170528
0.0029902375
0.0029624884
0.0029351212
0.0029092891
0.0028835315
0.0028566836
0.002830243
0.0028050774
0.0027800737
0.0027539802
0.0039055046
0.0038459385
0.003789092
0.0037359926
0.0036854326
0.0036380134
0.0035930015
0.0035494916
0.0035082325
0.0034680048
0.003429847
0.0033931973
0.0033566096
0.0033224925
0.0032892846
0.0032556784
0.0032243286
0.003193707
0.0031625116
0.0031327657
0.0031040861
0.0030750963
0.003046124
0.0030188412
0.0029919282
0.0029641117
0.002936678
0.0029107661
0.0028849366
0.0028580357
0.0028315442
0.0028063277
0.0027812738
0.0027551313
0.0039063604
0.0038468639
0.0037911822
0.0037387492
0.0036885842
0.0036413563
0.0035959088
0.003552486
0.0035114436
0.0034712017
0.0034330154
0.0033963845
0.0033597267
0.0033254756
0.0032921728
0.0032584775
0.0032270286
0.0031962943
0.0031649926
0.0031351582
0.0031063943
0.0030773099
0.0030482426
0.0030208754
0.0029938843
0.0029659888
0.0029384714
0.0029124661
0.0028865596
0.0028596035
0.0028330451
0.0028077517
0.0027826369
0.0027564458
0.0039077809
0.0038479175
0.0037918988
0.003739559
0.0036906344
0.0036440918
0.0035989132
0.0035558072
0.0035144269
0.0034739209
0.0034360269
0.0033995049
0.0033627951
0.0033284973
0.003295231
0.0032614738
0.0032299031
0.0031990791
0.0031676967
0.0031377817
0.0031089241
0.0030797383
0.0030505819
0.0030231451
0.0029960777
0.00296809
0.0029404866
0.00291441
0.0028884372
0.0028614118
0.0028347693
0.002809388
0.0027842089
0.0027579684
0.0039095791
0.0038495435
0.0037931879
0.0037404775
0.0036912034
0.0036446468
0.0036005877
0.0035584671
0.0035173001
0.0034771983
0.0034392725
0.0034021029
0.0033654188
0.0033314127
0.0032982377
0.0032644289
0.0032327991
0.0032020124
0.0031705993
0.0031405853
0.0031116302
0.0030823671
0.0030531414
0.0030256316
0.0029984753
0.0029703925
0.0029427147
0.0029165827
0.0028905411
0.002863431
0.0028367083
0.0028112624
0.0027860244
0.0027597221
0.0039116335
0.003851438
0.0037949341
0.0037420564
0.0036924505
0.0036455423
0.0036011426
0.0035587602
0.0035182896
0.00347961
0.0034420575
0.0034048691
0.0033687535
0.0033345267
0.0033006404
0.0032669086
0.0032355588
0.0032048918
0.0031734723
0.0031433823
0.0031144242
0.0030851728
0.003055883
0.0030282719
0.0030010411
0.002972891
0.0029451564
0.0029189629
0.0028928399
0.0028656407
0.0028388512
0.0028133572
0.0027880578
0.0027616782
0.0039138998
0.0038535285
0.0037968663
0.0037438372
0.0036940908
0.0036470539
0.0036023879
0.003559644
0.0035189067
0.0034798681
0.0034422465
0.0034061676
0.0033714198
0.0033373041
0.0033032978
0.0032701667
0.00323863
0.0032072259
0.0031757884
0.0031459243
0.0031171426
0.003087948
0.003058582
0.0030309119
0.0030037273
0.0029755813
0.0029477761
0.0029214885
0.0028953006
0.0028680392
0.0028411999
0.0028156537
0.0027902805
0.0027638164
0.0039164908
0.0038559206
0.0037990713
0.0037458653
0.0036959617
0.0036487878
0.00360399
0.0035611571
0.0035202601
0.0034808955
0.0034429693
0.0034066621
0.0033715266
0.0033374197
0.0033045811
0.0032727975
0.003241371
0.0032097691
0.0031788055
0.003149016
0.0031196509
0.0030901165
0.0030608504
0.0030334121
0.0030063674
0.0029782664
0.0029503592
0.0029240152
0.0028978856
0.0028706311
0.0028437282
0.0028180946
0.0027926547
0.0027661302
)
;

boundaryField
{
    bottom
    {
        type            zeroGradient;
    }
    back
    {
        type            empty;
    }
    front
    {
        type            empty;
    }
    inlet
    {
        type            zeroGradient;
    }
    outlet
    {
        type            fixedValue;
        value           nonuniform List<scalar> 0();
    }
    top
    {
        type            zeroGradient;
    }
    slipsurface
    {
        type            slip;
    }
    procBoundary1to0
    {
        type            processor;
        value           nonuniform List<scalar> 
35
(
0.0038629157
0.0038049578
0.003749989
0.0036988439
0.003650748
0.0036051703
0.0035619281
0.0035202448
0.0034806967
0.0034420437
0.0034054124
0.0033701657
0.0033348894
0.00330194
0.00326988
0.0032373542
0.0032069182
0.0031772105
0.0031468869
0.00311789
0.0030899542
0.0030616781
0.0030333156
0.0030066351
0.0029803136
0.0029530159
0.0029260608
0.0029006093
0.0028752225
0.0028487352
0.0028226291
0.0027977723
0.0027730677
0.0027472646
0.002721541
)
;
    }
    procBoundary1to3
    {
        type            processor;
        value           nonuniform List<scalar> 
24
(
0.0039254478
0.0039263547
0.0039274254
0.0039286955
0.0039302103
0.0039320131
0.0039341362
0.0039366045
0.0039394429
0.0039426698
0.0039462805
0.0039502189
0.0039543215
0.0039582646
0.0039617261
0.003964963
0.003967373
0.0039684261
0.0039696839
0.003971429
0.0039733903
0.0039756359
0.0039781196
0.0039809635
)
;
    }
    procBoundary1to6
    {
        type            processor;
        value           nonuniform List<scalar> 
30
(
0.0039193576
0.0038585659
0.0038015092
0.0037481101
0.0036980288
0.0036506985
0.0036057622
0.0035628203
0.0035217998
0.0034823483
0.0034443537
0.0034078592
0.0033723985
0.0033380311
0.0033049889
0.0032727861
0.0032412309
0.0032106826
0.003181045
0.0031517025
0.003122198
0.003092806
0.0030640163
0.0030363285
0.0030085397
0.0029803339
0.0029525538
0.0029264271
0.0029004342
0.0028732285
)
;
    }
    procBoundary1to8
    {
        type            processor;
        value           nonuniform List<scalar> 4(0.002696699 0.0026967933 0.0026969046 0.0026970354);
    }
    procBoundary1to9
    {
        type            processor;
        value           nonuniform List<scalar> 
21
(
0.0027221343
0.0027221343
0.0027223211
0.0027225393
0.0027227937
0.00272309
0.0027234347
0.0027238353
0.0027243003
0.0027248395
0.0027254642
0.002726187
0.0027270221
0.0027279848
0.0027290908
0.0027303578
0.0027318172
0.0027334913
0.0027353712
0.0027374433
0.0027397096
)
;
    }
    procBoundary1to14
    {
        type            processor;
        value           nonuniform List<scalar> 4(0.0028462271 0.0028205258 0.0027951276 0.002768621);
    }
}


// ************************************************************************* //
