/*--------------------------------*- C++ -*----------------------------------*\
  =========                 |
  \\      /  F ield         | OpenFOAM: The Open Source CFD Toolbox
   \\    /   O peration     | Website:  https://openfoam.org
    \\  /    A nd           | Version:  12
     \\/     M anipulation  |
\*---------------------------------------------------------------------------*/
FoamFile
{
    format      ascii;
    class       volScalarField;
    location    "900";
    object      epsilon;
}
// * * * * * * * * * * * * * * * * * * * * * * * * * * * * * * * * * * * * * //

dimensions      [0 2 -3 0 0 0 0];

internalField   nonuniform List<scalar> 
1776
(
1.3613446e-05
1.3375346e-05
1.3144069e-05
1.3152146e-05
1.3160131e-05
1.3168067e-05
1.2919354e-05
1.2927337e-05
1.293522e-05
1.2943046e-05
1.2700943e-05
1.2708839e-05
1.2716629e-05
1.2724361e-05
1.2732041e-05
1.273967e-05
1.2747235e-05
1.2488573e-05
1.2496388e-05
1.2504093e-05
1.2511736e-05
1.2519324e-05
1.2526854e-05
1.2534314e-05
1.228197e-05
1.2289711e-05
1.2297338e-05
1.2304899e-05
1.2312402e-05
1.2319843e-05
1.2327216e-05
1.2334516e-05
1.2341735e-05
1.2348862e-05
1.2355885e-05
1.2362793e-05
1.2369577e-05
1.2376225e-05
1.2382726e-05
1.2389069e-05
1.2395243e-05
1.2401239e-05
1.2407044e-05
1.2412651e-05
1.2418048e-05
1.2423227e-05
1.2428178e-05
1.2432892e-05
1.2437361e-05
1.2441574e-05
1.2445524e-05
1.2449202e-05
1.2452597e-05
1.2455701e-05
1.2458505e-05
1.2460997e-05
1.2463169e-05
1.246501e-05
1.2466509e-05
1.2467655e-05
1.2468437e-05
1.2468832e-05
1.2080855e-05
1.2088528e-05
1.2096083e-05
1.2103569e-05
1.2110994e-05
1.2118354e-05
1.2125644e-05
1.2132858e-05
1.2139988e-05
1.2147025e-05
1.2153961e-05
1.2160784e-05
1.2167485e-05
1.2174053e-05
1.2180478e-05
1.218675e-05
1.2192857e-05
1.219879e-05
1.2204539e-05
1.2210094e-05
1.2215445e-05
1.2220585e-05
1.2225502e-05
1.2230189e-05
1.2234637e-05
1.2238837e-05
1.224278e-05
1.2246457e-05
1.224986e-05
1.2252978e-05
1.2255803e-05
1.2258325e-05
1.2260534e-05
1.226242e-05
1.2263972e-05
1.226518e-05
1.2266032e-05
1.2266511e-05
1.1884935e-05
1.1892546e-05
1.1900036e-05
1.1907453e-05
1.1914806e-05
1.1922092e-05
1.1929306e-05
1.1936443e-05
1.1943494e-05
1.1950451e-05
1.1957307e-05
1.1964052e-05
1.1970676e-05
1.1977171e-05
1.1983525e-05
1.1989729e-05
1.1995773e-05
1.2001648e-05
1.2007343e-05
1.201285e-05
1.2018158e-05
1.202326e-05
1.2028146e-05
1.2032808e-05
1.2037236e-05
1.2041423e-05
1.2045358e-05
1.2049035e-05
1.2052444e-05
1.2055575e-05
1.205842e-05
1.2060968e-05
1.2063212e-05
1.2065139e-05
1.2066741e-05
1.2068006e-05
1.2068925e-05
1.2069477e-05
1.1693908e-05
1.1701462e-05
1.1708892e-05
1.1716246e-05
1.1723534e-05
1.1730752e-05
1.1737896e-05
1.1744962e-05
1.175194e-05
1.1758826e-05
1.1765609e-05
1.1772283e-05
1.1778837e-05
1.1785264e-05
1.1791553e-05
1.1797695e-05
1.1803681e-05
1.1809501e-05
1.1815146e-05
1.1820608e-05
1.1825876e-05
1.1830943e-05
1.1835799e-05
1.1840436e-05
1.1844846e-05
1.184902e-05
1.1852949e-05
1.1856625e-05
1.1860039e-05
1.1863182e-05
1.1866045e-05
1.1868619e-05
1.1870894e-05
1.187286e-05
1.1874508e-05
1.1875827e-05
1.1876807e-05
1.1877428e-05
1.150746e-05
1.1514962e-05
1.1522336e-05
1.1529633e-05
1.153686e-05
1.1544016e-05
1.1551096e-05
1.1558096e-05
1.1565009e-05
1.1571827e-05
1.1578545e-05
1.1585153e-05
1.1591643e-05
1.1598007e-05
1.1604236e-05
1.1610321e-05
1.1616253e-05
1.1622023e-05
1.1627622e-05
1.1633041e-05
1.1638273e-05
1.1643307e-05
1.1648135e-05
1.165275e-05
1.1657143e-05
1.1661304e-05
1.1665227e-05
1.1668902e-05
1.1672321e-05
1.1675475e-05
1.1678355e-05
1.1680952e-05
1.1683257e-05
1.168526e-05
1.1686951e-05
1.1688319e-05
1.1689357e-05
1.1690042e-05
1.1325262e-05
1.1332714e-05
1.1340038e-05
1.1347282e-05
1.1354453e-05
1.1361552e-05
1.1368573e-05
1.1375513e-05
1.1382364e-05
1.1389122e-05
1.1395778e-05
1.1402325e-05
1.1408756e-05
1.1415063e-05
1.1421236e-05
1.1427269e-05
1.1433151e-05
1.1438874e-05
1.1444431e-05
1.1449811e-05
1.1455008e-05
1.1460011e-05
1.1464814e-05
1.1469408e-05
1.1473785e-05
1.1477935e-05
1.1481852e-05
1.1485527e-05
1.148895e-05
1.1492114e-05
1.1495011e-05
1.149763e-05
1.1499962e-05
1.1501999e-05
1.150373e-05
1.1505145e-05
1.1506237e-05
1.1506983e-05
1.1146968e-05
1.1154376e-05
1.1161652e-05
1.1168846e-05
1.1175966e-05
1.1183012e-05
1.1189979e-05
1.1196862e-05
1.1203658e-05
1.1210358e-05
1.1216958e-05
1.122345e-05
1.1229826e-05
1.1236079e-05
1.1242201e-05
1.1248184e-05
1.125402e-05
1.12597e-05
1.1265217e-05
1.1270561e-05
1.1275725e-05
1.1280701e-05
1.128548e-05
1.1290054e-05
1.1294416e-05
1.1298556e-05
1.1302468e-05
1.1306142e-05
1.130957e-05
1.1312744e-05
1.1315655e-05
1.1318295e-05
1.1320653e-05
1.1322722e-05
1.1324491e-05
1.1325951e-05
1.1327092e-05
1.1327895e-05
1.0972219e-05
1.0979584e-05
1.0986816e-05
1.0993964e-05
1.1001036e-05
1.1008032e-05
1.1014949e-05
1.1021781e-05
1.1028523e-05
1.1035171e-05
1.1041718e-05
1.1048158e-05
1.1054483e-05
1.1060686e-05
1.106676e-05
1.1072698e-05
1.107849e-05
1.108413e-05
1.1089609e-05
1.109492e-05
1.1100054e-05
1.1105003e-05
1.1109759e-05
1.1114315e-05
1.1118663e-05
1.1122793e-05
1.11267e-05
1.1130373e-05
1.1133806e-05
1.1136989e-05
1.1139914e-05
1.1142573e-05
1.1144957e-05
1.1147056e-05
1.1148861e-05
1.1150362e-05
1.1151551e-05
1.1152408e-05
1.0800637e-05
1.0807962e-05
1.0815152e-05
1.0822257e-05
1.0829283e-05
1.0836233e-05
1.0843101e-05
1.0849884e-05
1.0856578e-05
1.0863176e-05
1.0869673e-05
1.0876064e-05
1.0882341e-05
1.0888497e-05
1.0894527e-05
1.0900421e-05
1.0906172e-05
1.0911774e-05
1.0917218e-05
1.0922496e-05
1.0927602e-05
1.0932526e-05
1.0937261e-05
1.0941799e-05
1.0946133e-05
1.0950255e-05
1.0954156e-05
1.0957829e-05
1.0961265e-05
1.0964457e-05
1.0967396e-05
1.0970073e-05
1.097248e-05
1.0974607e-05
1.0976446e-05
1.0977986e-05
1.097922e-05
1.0980127e-05
1.0631828e-05
1.0639115e-05
1.0646264e-05
1.0653326e-05
1.0660309e-05
1.0667214e-05
1.0674036e-05
1.0680773e-05
1.068742e-05
1.0693971e-05
1.0700421e-05
1.0706765e-05
1.0712996e-05
1.0719108e-05
1.0725094e-05
1.0730947e-05
1.073666e-05
1.0742225e-05
1.0747635e-05
1.0752883e-05
1.075796e-05
1.076286e-05
1.0767575e-05
1.0772096e-05
1.0776417e-05
1.0780529e-05
1.0784425e-05
1.0788097e-05
1.0791537e-05
1.0794736e-05
1.0797687e-05
1.0800381e-05
1.0802809e-05
1.0804963e-05
1.0806834e-05
1.0808411e-05
1.0809687e-05
1.0810642e-05
1.046538e-05
1.0472627e-05
1.0479737e-05
1.0486757e-05
1.0493698e-05
1.0500559e-05
1.0507337e-05
1.0514029e-05
1.0520629e-05
1.0527135e-05
1.053354e-05
1.0539839e-05
1.0546026e-05
1.0552094e-05
1.0558039e-05
1.0563852e-05
1.0569527e-05
1.0575056e-05
1.0580433e-05
1.0585651e-05
1.0590701e-05
1.0595577e-05
1.0600271e-05
1.0604775e-05
1.0609083e-05
1.0613185e-05
1.0617076e-05
1.0620746e-05
1.0624188e-05
1.0627394e-05
1.0630356e-05
1.0633065e-05
1.0635513e-05
1.0637691e-05
1.0639591e-05
1.0641202e-05
1.0642518e-05
1.0643518e-05
1.0300862e-05
1.0308069e-05
1.0315138e-05
1.0322117e-05
1.0329015e-05
1.0335832e-05
1.0342566e-05
1.0349213e-05
1.0355769e-05
1.0362229e-05
1.0368589e-05
1.0374844e-05
1.0380987e-05
1.0387013e-05
1.0392916e-05
1.039869e-05
1.0404327e-05
1.0409822e-05
1.0415166e-05
1.0420353e-05
1.0425376e-05
1.0430228e-05
1.0434901e-05
1.0439387e-05
1.0443681e-05
1.0447773e-05
1.0451656e-05
1.0455323e-05
1.0458766e-05
1.0461977e-05
1.0464948e-05
1.046767e-05
1.0470136e-05
1.0472337e-05
1.0474263e-05
1.0475906e-05
1.0477259e-05
1.0478301e-05
1.0137826e-05
1.0144992e-05
1.0152019e-05
1.0158954e-05
1.0165809e-05
1.0172582e-05
1.0179271e-05
1.0185872e-05
1.0192382e-05
1.0198797e-05
1.0205111e-05
1.0211321e-05
1.021742e-05
1.0223403e-05
1.0229265e-05
1.0234999e-05
1.0240598e-05
1.0246056e-05
1.0251367e-05
1.0256523e-05
1.0261518e-05
1.0266344e-05
1.0270994e-05
1.0275462e-05
1.0279739e-05
1.0283819e-05
1.0287694e-05
1.0291356e-05
1.0294797e-05
1.0298011e-05
1.0300989e-05
1.0303722e-05
1.0306203e-05
1.0308423e-05
1.0310373e-05
1.0312045e-05
1.031343e-05
1.031451e-05
9.9758074e-06
9.9829296e-06
9.9899114e-06
9.9968018e-06
1.000361e-05
1.0010336e-05
1.0016978e-05
1.0023532e-05
1.0029995e-05
1.0036362e-05
1.004263e-05
1.0048793e-05
1.0054846e-05
1.0060785e-05
1.0066603e-05
1.0072295e-05
1.0077854e-05
1.0083275e-05
1.008855e-05
1.0093673e-05
1.0098637e-05
1.0103436e-05
1.0108062e-05
1.0112508e-05
1.0116767e-05
1.0120832e-05
1.0124695e-05
1.0128349e-05
1.0131787e-05
1.0135e-05
1.0137981e-05
1.0140722e-05
1.0143214e-05
1.014545e-05
1.0147421e-05
1.0149117e-05
1.0150532e-05
1.0151646e-05
9.8143268e-06
9.8214005e-06
9.8283334e-06
9.8351744e-06
9.8419329e-06
9.8486088e-06
9.8552e-06
9.8617033e-06
9.8681152e-06
9.874432e-06
9.8806494e-06
9.886763e-06
9.8927679e-06
9.898659e-06
9.904431e-06
9.9100781e-06
9.9155944e-06
9.9209739e-06
9.9262102e-06
9.9312968e-06
9.9362273e-06
9.9409948e-06
9.9455924e-06
9.9500133e-06
9.9542503e-06
9.9582964e-06
9.9621443e-06
9.9657866e-06
9.9692159e-06
9.9724245e-06
9.9754047e-06
9.9781487e-06
9.9806484e-06
9.9828955e-06
9.9848817e-06
9.986598e-06
9.9880375e-06
9.9891812e-06
9.6528874e-06
9.6599066e-06
9.666785e-06
9.6735711e-06
9.6802743e-06
9.6868948e-06
9.6934303e-06
9.6998779e-06
9.7062342e-06
9.7124957e-06
9.7186582e-06
9.7247175e-06
9.7306691e-06
9.7365079e-06
9.7422288e-06
9.7478264e-06
9.753295e-06
9.7586286e-06
9.7638212e-06
9.7688666e-06
9.7737581e-06
9.7784894e-06
9.7830537e-06
9.7874441e-06
9.7916539e-06
9.7956759e-06
9.799503e-06
9.8031279e-06
9.8065435e-06
9.809742e-06
9.812716e-06
9.8154577e-06
9.8179591e-06
9.8202122e-06
9.8222087e-06
9.8239396e-06
9.8253986e-06
9.8265665e-06
9.4909756e-06
9.4979328e-06
9.5047492e-06
9.5114731e-06
9.5181138e-06
9.5246715e-06
9.5311442e-06
9.537529e-06
9.5438227e-06
9.5500218e-06
9.5561225e-06
9.5621206e-06
9.5680119e-06
9.5737915e-06
9.5794545e-06
9.5849957e-06
9.5904096e-06
9.5956905e-06
9.6008325e-06
9.6058295e-06
9.6106752e-06
9.6153633e-06
9.6198873e-06
9.6242403e-06
9.6284158e-06
9.6324068e-06
9.6362062e-06
9.6398071e-06
9.6432022e-06
9.646384e-06
9.6493453e-06
9.6520782e-06
9.6545752e-06
9.6568281e-06
9.6588289e-06
9.660569e-06
9.6620419e-06
9.6632287e-06
9.3280536e-06
9.3349392e-06
9.3416834e-06
9.3483348e-06
9.3549028e-06
9.3613878e-06
9.3677878e-06
9.3741001e-06
9.3803216e-06
9.386449e-06
9.3924787e-06
9.3984066e-06
9.4042286e-06
9.4099401e-06
9.4155365e-06
9.4210125e-06
9.426363e-06
9.4315824e-06
9.4366651e-06
9.4416051e-06
9.4463964e-06
9.4510328e-06
9.4555078e-06
9.4598151e-06
9.463948e-06
9.4678999e-06
9.4716638e-06
9.4752328e-06
9.4786e-06
9.481758e-06
9.4846996e-06
9.4874172e-06
9.4899034e-06
9.4921503e-06
9.49415e-06
9.495894e-06
9.4973761e-06
9.4985773e-06
1.417195e-05
1.4148529e-05
1.4123918e-05
1.410269e-05
1.3918525e-05
1.3895327e-05
1.3870987e-05
1.3850029e-05
1.3672497e-05
1.3649507e-05
1.362542e-05
1.3604714e-05
1.3587977e-05
1.3574977e-05
1.3565319e-05
1.3558613e-05
1.3554501e-05
1.3552656e-05
1.355278e-05
1.3554599e-05
1.3557859e-05
1.3562331e-05
1.3567808e-05
1.3574117e-05
1.3581108e-05
1.3588702e-05
1.3596668e-05
1.3605608e-05
1.3433615e-05
1.3410816e-05
1.3386965e-05
1.3366495e-05
1.3349979e-05
1.3337169e-05
1.3327671e-05
1.3321092e-05
1.3317073e-05
1.3315286e-05
1.3315435e-05
1.3317247e-05
1.3320473e-05
1.3324885e-05
1.3330285e-05
1.3336505e-05
1.3343399e-05
1.3350894e-05
1.3358763e-05
1.3367606e-05
1.320162e-05
1.3179001e-05
1.315537e-05
1.3135118e-05
1.3118805e-05
1.3106174e-05
1.3096824e-05
1.3090362e-05
1.3086427e-05
1.3084693e-05
1.3084863e-05
1.3086667e-05
1.3089857e-05
1.3094213e-05
1.3099539e-05
1.3105675e-05
1.311248e-05
1.3119883e-05
1.3127665e-05
1.3136417e-05
1.2976253e-05
1.2953801e-05
1.2930375e-05
1.2910328e-05
1.2894203e-05
1.2881736e-05
1.2872523e-05
1.2866168e-05
1.2862311e-05
1.2860623e-05
1.2860811e-05
1.2862604e-05
1.286576e-05
1.2870061e-05
1.2875319e-05
1.2881376e-05
1.2888097e-05
1.2895415e-05
1.2903115e-05
1.2911786e-05
1.2757248e-05
1.2734952e-05
1.2711718e-05
1.269186e-05
1.267591e-05
1.2663595e-05
1.2654509e-05
1.2648253e-05
1.2644466e-05
1.264282e-05
1.2643021e-05
1.2644803e-05
1.2647925e-05
1.2652174e-05
1.2657366e-05
1.2663349e-05
1.2669993e-05
1.2677233e-05
1.2684858e-05
1.2693452e-05
1.2544333e-05
1.2522183e-05
1.2499127e-05
1.2479447e-05
1.2463659e-05
1.2451486e-05
1.2442517e-05
1.2436352e-05
1.2432628e-05
1.2431019e-05
1.2431232e-05
1.2433001e-05
1.2436089e-05
1.2440289e-05
1.2445419e-05
1.2451333e-05
1.2457904e-05
1.2465072e-05
1.2472628e-05
1.2481152e-05
1.2337229e-05
1.2315216e-05
1.2292327e-05
1.2272812e-05
1.2257175e-05
1.2245133e-05
1.2236273e-05
1.2230191e-05
1.2226526e-05
1.222495e-05
1.2225171e-05
1.2226927e-05
1.2229983e-05
1.2234135e-05
1.2239207e-05
1.2245057e-05
1.2251561e-05
1.2258661e-05
1.2266154e-05
1.2274614e-05
1.2135647e-05
1.2113763e-05
1.2091031e-05
1.207167e-05
1.2056175e-05
1.2044256e-05
1.2035496e-05
1.2029492e-05
1.2025879e-05
1.2024332e-05
1.202456e-05
1.2026302e-05
1.2029327e-05
1.2033434e-05
1.2038452e-05
1.2044242e-05
1.2050684e-05
1.2057722e-05
1.2065157e-05
1.2073558e-05
1.193929e-05
1.1917527e-05
1.1894942e-05
1.1875728e-05
1.1860365e-05
1.184856e-05
1.1839894e-05
1.1833961e-05
1.1830398e-05
1.1828877e-05
1.182911e-05
1.1830838e-05
1.1833833e-05
1.1837897e-05
1.1842864e-05
1.1848598e-05
1.1854983e-05
1.1861964e-05
1.1869346e-05
1.1877692e-05
1.1747848e-05
1.17262e-05
1.1703756e-05
1.1684678e-05
1.1669441e-05
1.1657744e-05
1.1649165e-05
1.1643299e-05
1.163978e-05
1.1638284e-05
1.1638521e-05
1.1640235e-05
1.1643201e-05
1.1647225e-05
1.1652144e-05
1.1657826e-05
1.1664158e-05
1.1671086e-05
1.1678419e-05
1.1686716e-05
1.1560999e-05
1.1539462e-05
1.1517151e-05
1.1498204e-05
1.1483085e-05
1.147149e-05
1.1462994e-05
1.1457191e-05
1.1453714e-05
1.1452239e-05
1.1452479e-05
1.1454179e-05
1.1457118e-05
1.1461105e-05
1.1465979e-05
1.1471613e-05
1.1477896e-05
1.1484775e-05
1.1492063e-05
1.1500314e-05
1.1378408e-05
1.1356977e-05
1.1334794e-05
1.1315973e-05
1.1300968e-05
1.128947e-05
1.1281053e-05
1.1275308e-05
1.1271871e-05
1.1270417e-05
1.1270659e-05
1.1272346e-05
1.1275259e-05
1.127921e-05
1.1284043e-05
1.1289632e-05
1.1295869e-05
1.1302703e-05
1.130995e-05
1.1318158e-05
1.1199723e-05
1.1178397e-05
1.1156339e-05
1.113764e-05
1.1122744e-05
1.111134e-05
1.1102998e-05
1.109731e-05
1.109391e-05
1.1092475e-05
1.109272e-05
1.1094394e-05
1.1097282e-05
1.11012e-05
1.1105994e-05
1.1111541e-05
1.1117735e-05
1.1124527e-05
1.1131735e-05
1.1139903e-05
1.1024577e-05
1.1003355e-05
1.0981421e-05
1.0962842e-05
1.0948053e-05
1.093674e-05
1.0928472e-05
1.0922839e-05
1.0919475e-05
1.0918058e-05
1.0918305e-05
1.0919968e-05
1.0922833e-05
1.0926719e-05
1.0931477e-05
1.0936984e-05
1.0943137e-05
1.094989e-05
1.0957062e-05
1.0965192e-05
1.0852586e-05
1.083147e-05
1.080966e-05
1.07912e-05
1.0776518e-05
1.0765295e-05
1.0757099e-05
1.0751519e-05
1.0748191e-05
1.0746793e-05
1.0747042e-05
1.0748693e-05
1.0751537e-05
1.0755394e-05
1.0760116e-05
1.0765586e-05
1.0771701e-05
1.0778416e-05
1.0785553e-05
1.0793646e-05
1.0683349e-05
1.0662341e-05
1.0640659e-05
1.062232e-05
1.0607745e-05
1.0596612e-05
1.0588488e-05
1.0582962e-05
1.0579669e-05
1.0578289e-05
1.0578541e-05
1.0580182e-05
1.0583005e-05
1.0586833e-05
1.0591522e-05
1.0596956e-05
1.0603034e-05
1.0609712e-05
1.0616815e-05
1.0624872e-05
1.0516445e-05
1.0495552e-05
1.0474002e-05
1.0455788e-05
1.0441323e-05
1.0430282e-05
1.042223e-05
1.0416759e-05
1.0413502e-05
1.041214e-05
1.0412396e-05
1.0414027e-05
1.041683e-05
1.0420631e-05
1.0425288e-05
1.0430686e-05
1.0436728e-05
1.0443369e-05
1.0450438e-05
1.0458459e-05
1.0351437e-05
1.0330668e-05
1.0309258e-05
1.0291175e-05
1.0276824e-05
1.0265877e-05
1.0257901e-05
1.0252485e-05
1.0249265e-05
1.0247922e-05
1.0248182e-05
1.0249805e-05
1.0252588e-05
1.0256362e-05
1.0260987e-05
1.026635e-05
1.0272356e-05
1.027896e-05
1.0285994e-05
1.0293976e-05
1.0187872e-05
1.0167236e-05
1.0145978e-05
1.0128034e-05
1.0113803e-05
1.0102956e-05
1.0095058e-05
1.0089699e-05
1.0086517e-05
1.0085196e-05
1.008546e-05
1.0087074e-05
1.0089838e-05
1.0093585e-05
1.0098178e-05
1.0103505e-05
1.0109473e-05
1.0116039e-05
1.0123036e-05
1.0130977e-05
1.0025279e-05
1.0004791e-05
9.983697e-06
9.9659035e-06
9.9518012e-06
9.9410597e-06
9.9332445e-06
9.9279466e-06
9.9248048e-06
9.9235045e-06
9.9237737e-06
9.9253794e-06
9.9281244e-06
9.931844e-06
9.9364027e-06
9.9416925e-06
9.9476211e-06
9.9541457e-06
9.9611036e-06
9.969e-06
9.8631758e-06
9.8428527e-06
9.8219399e-06
9.8043102e-06
9.7903468e-06
9.7797183e-06
9.7719908e-06
9.766757e-06
9.7636574e-06
9.7623796e-06
9.7626541e-06
9.7642509e-06
9.7669754e-06
9.7706658e-06
9.7751889e-06
9.7804386e-06
9.7863243e-06
9.7928039e-06
9.7997179e-06
9.8075642e-06
9.7010703e-06
9.6809316e-06
9.6602196e-06
9.6427695e-06
9.6289569e-06
9.6184499e-06
9.6108159e-06
9.6056498e-06
9.6025941e-06
9.6013392e-06
9.6016185e-06
9.6032049e-06
9.6059068e-06
9.6095651e-06
9.6140491e-06
9.6192544e-06
9.6250925e-06
9.6315217e-06
9.638386e-06
9.6461754e-06
9.5384638e-06
9.5185322e-06
9.4980433e-06
9.4807903e-06
9.4671413e-06
9.4567644e-06
9.4492294e-06
9.4441335e-06
9.4411225e-06
9.4398896e-06
9.4401715e-06
9.4417443e-06
9.4444196e-06
9.4480411e-06
9.4524805e-06
9.4576356e-06
9.4634194e-06
9.4697911e-06
9.4765979e-06
9.4843218e-06
9.3748579e-06
9.3551579e-06
9.3349152e-06
9.3178773e-06
9.304404e-06
9.2941646e-06
9.286732e-06
9.2817069e-06
9.2787384e-06
9.2775236e-06
9.2778029e-06
9.2793558e-06
9.2819974e-06
9.2855743e-06
9.2899607e-06
9.2950566e-06
9.3007768e-06
9.307081e-06
9.3138203e-06
9.3214671e-06
8.9165542e-06
8.8975156e-06
8.8779666e-06
8.8615251e-06
8.8485311e-06
8.8386585e-06
8.8314902e-06
8.8266381e-06
8.8237629e-06
8.822573e-06
8.8228203e-06
8.8242948e-06
8.8268212e-06
8.8302545e-06
8.8344759e-06
8.8393905e-06
8.844918e-06
8.8510198e-06
8.8575573e-06
8.8649752e-06
8.3787391e-06
8.3599026e-06
8.3405433e-06
8.3242343e-06
8.3113086e-06
8.3014416e-06
8.2942216e-06
8.2892683e-06
8.2862519e-06
8.2848914e-06
8.2849489e-06
8.2862245e-06
8.2885512e-06
8.2917907e-06
8.2958288e-06
8.300574e-06
8.3059485e-06
8.3119135e-06
8.3183376e-06
8.3256442e-06
8.0278436e-06
8.0084946e-06
7.9885959e-06
7.9718126e-06
7.9584844e-06
7.9482778e-06
7.9407718e-06
7.9355793e-06
7.9323665e-06
7.93085e-06
7.9307908e-06
7.9319883e-06
7.9342744e-06
7.9375096e-06
7.9415787e-06
7.9463885e-06
7.9518601e-06
7.9579529e-06
7.9645363e-06
7.9720329e-06
7.8709849e-06
7.8509358e-06
7.8303062e-06
7.8128917e-06
7.7990452e-06
7.7884229e-06
7.7805909e-06
7.7751508e-06
7.7717598e-06
7.7701269e-06
7.770007e-06
7.7711939e-06
7.773515e-06
7.7768264e-06
7.7810092e-06
7.785967e-06
7.7916183e-06
7.7979204e-06
7.80474e-06
7.8125084e-06
7.8265226e-06
7.8061814e-06
7.7852482e-06
7.7675733e-06
7.7535154e-06
7.7427264e-06
7.7347671e-06
7.7292342e-06
7.7257803e-06
7.7241113e-06
7.7239786e-06
7.7251737e-06
7.7275215e-06
7.7308763e-06
7.7351172e-06
7.7401465e-06
7.7458814e-06
7.7522784e-06
7.7592027e-06
7.7670901e-06
7.8135932e-06
7.7932258e-06
7.7722643e-06
7.7545645e-06
7.7404858e-06
7.7296796e-06
7.7217061e-06
7.716162e-06
7.7126997e-06
7.7110246e-06
7.7108883e-06
7.7120818e-06
7.7144302e-06
7.7177874e-06
7.7220324e-06
7.7270675e-06
7.7328096e-06
7.7392153e-06
7.7461495e-06
7.7540483e-06
7.8058857e-06
7.7855419e-06
7.7646044e-06
7.7469244e-06
7.7328607e-06
7.7220653e-06
7.7140991e-06
7.7085593e-06
7.7050988e-06
7.7034236e-06
7.7032856e-06
7.7044761e-06
7.7068204e-06
7.7101726e-06
7.7144119e-06
7.7194407e-06
7.725176e-06
7.7315744e-06
7.7385011e-06
7.7463914e-06
7.7993653e-06
7.7790488e-06
7.7581393e-06
7.7404826e-06
7.7264369e-06
7.7156551e-06
7.7076985e-06
7.702165e-06
7.698708e-06
7.6970339e-06
7.6968951e-06
7.6980832e-06
7.7004236e-06
7.7037708e-06
7.7080042e-06
7.7130261e-06
7.7187538e-06
7.7251439e-06
7.7320619e-06
7.7399422e-06
7.7933836e-06
7.7730947e-06
7.7522133e-06
7.73458e-06
7.7205526e-06
7.7097845e-06
7.7018378e-06
7.6963108e-06
7.6928577e-06
7.6911852e-06
7.6910459e-06
7.6922319e-06
7.6945688e-06
7.6979113e-06
7.7021388e-06
7.707154e-06
7.7128742e-06
7.719256e-06
7.7261653e-06
7.7340355e-06
7.7876269e-06
7.7673663e-06
7.7465139e-06
7.7289048e-06
7.7148972e-06
7.7041417e-06
7.6962138e-06
7.690662e-06
7.6873422e-06
7.6851524e-06
7.6854345e-06
7.6866148e-06
7.6889477e-06
7.6922854e-06
7.6965074e-06
7.701516e-06
7.7072288e-06
7.7136024e-06
7.720503e-06
7.7283632e-06
8.8713617e-06
8.8780146e-06
8.8845399e-06
8.890975e-06
8.8973269e-06
8.9035954e-06
8.9097788e-06
8.9158746e-06
8.92188e-06
8.9277922e-06
8.9336078e-06
8.9393234e-06
8.9449354e-06
8.9504397e-06
8.9558322e-06
8.9611085e-06
8.966264e-06
8.9712937e-06
8.9761926e-06
8.9809554e-06
8.9855768e-06
8.9900512e-06
8.9943727e-06
8.9985355e-06
9.0025335e-06
9.0063606e-06
9.0100104e-06
9.0134766e-06
9.0167524e-06
9.0198314e-06
9.0227065e-06
9.0253708e-06
9.0278171e-06
9.0300382e-06
9.0320266e-06
9.0337742e-06
9.0352754e-06
9.0365118e-06
8.3319182e-06
8.3384423e-06
8.3448329e-06
8.3511271e-06
8.3573322e-06
8.363448e-06
8.3694729e-06
8.3754046e-06
8.3812407e-06
8.3869785e-06
8.3926151e-06
8.3981478e-06
8.4035732e-06
8.4088881e-06
8.414089e-06
8.4191722e-06
8.424134e-06
8.4289702e-06
8.4336769e-06
8.4382495e-06
8.4426835e-06
8.4469744e-06
8.4511172e-06
8.4551069e-06
8.4589383e-06
8.4626062e-06
8.466105e-06
8.469429e-06
8.4725725e-06
8.4755294e-06
8.4782937e-06
8.480859e-06
8.4832188e-06
8.4853664e-06
8.4872952e-06
8.4889975e-06
8.4904684e-06
8.4916904e-06
7.9784604e-06
7.985137e-06
7.9916718e-06
7.9981035e-06
8.0044392e-06
8.010679e-06
8.0168212e-06
8.0228636e-06
8.0288037e-06
8.0346389e-06
8.0403664e-06
8.0459835e-06
8.0514871e-06
8.056874e-06
8.062141e-06
8.0672846e-06
8.0723012e-06
8.0771871e-06
8.0819383e-06
8.0865509e-06
8.0910206e-06
8.095343e-06
8.0995136e-06
8.1035277e-06
8.1073804e-06
8.1110667e-06
8.1145814e-06
8.1179191e-06
8.1210744e-06
8.1240414e-06
8.1268144e-06
8.1293872e-06
8.1317536e-06
8.1339071e-06
8.1358413e-06
8.1375488e-06
8.1390249e-06
8.140252e-06
7.8191645e-06
7.826075e-06
7.8328361e-06
7.8394881e-06
7.8460385e-06
7.8524873e-06
7.8588329e-06
7.865073e-06
7.871205e-06
7.8772263e-06
7.8831342e-06
7.8889258e-06
7.894598e-06
7.9001478e-06
7.9055717e-06
7.9108665e-06
7.9160285e-06
7.921054e-06
7.9259392e-06
7.93068e-06
7.9352723e-06
7.9397118e-06
7.9439939e-06
7.9481141e-06
7.9520675e-06
7.9558492e-06
7.959454e-06
7.9628765e-06
7.9661114e-06
7.9691528e-06
7.9719951e-06
7.974632e-06
7.9770574e-06
7.9792649e-06
7.9812478e-06
7.982999e-06
7.9845135e-06
7.9857736e-06
7.773847e-06
7.7808611e-06
7.7877227e-06
7.7944726e-06
7.8011188e-06
7.8076611e-06
7.8140979e-06
7.8204268e-06
7.8266455e-06
7.8327511e-06
7.8387411e-06
7.8446124e-06
7.850362e-06
7.8559869e-06
7.8614837e-06
7.866849e-06
7.8720792e-06
7.8771706e-06
7.8821193e-06
7.8869214e-06
7.8915727e-06
7.8960689e-06
7.9004055e-06
7.9045778e-06
7.9085811e-06
7.9124104e-06
7.9160605e-06
7.9195262e-06
7.9228019e-06
7.925882e-06
7.9287606e-06
7.9314316e-06
7.9338887e-06
7.9361256e-06
7.9381357e-06
7.9399116e-06
7.9414485e-06
7.9427285e-06
7.7608145e-06
7.7678379e-06
7.7747083e-06
7.7814668e-06
7.7881209e-06
7.7946709e-06
7.801115e-06
7.8074509e-06
7.813676e-06
7.8197878e-06
7.8257835e-06
7.8316602e-06
7.8374149e-06
7.8430444e-06
7.8485455e-06
7.8539147e-06
7.8591485e-06
7.8642432e-06
7.8691948e-06
7.8739995e-06
7.8786531e-06
7.8831512e-06
7.8874894e-06
7.8916632e-06
7.8956676e-06
7.8994978e-06
7.9031486e-06
7.9066147e-06
7.9098907e-06
7.9129708e-06
7.9158492e-06
7.91852e-06
7.9209767e-06
7.9232131e-06
7.9252225e-06
7.9269977e-06
7.9285338e-06
7.929813e-06
7.7531501e-06
7.7601656e-06
7.7670283e-06
7.7737789e-06
7.7804253e-06
7.7869676e-06
7.793404e-06
7.7997321e-06
7.8059496e-06
7.8120538e-06
7.8180418e-06
7.8239109e-06
7.8296581e-06
7.8352801e-06
7.8407737e-06
7.8461354e-06
7.8513618e-06
7.8564491e-06
7.8613935e-06
7.866191e-06
7.8708374e-06
7.8753284e-06
7.8796597e-06
7.8838265e-06
7.8878241e-06
7.8916476e-06
7.8952918e-06
7.8987515e-06
7.9020212e-06
7.9050951e-06
7.9079676e-06
7.9106325e-06
7.9130837e-06
7.9153147e-06
7.9173189e-06
7.9190891e-06
7.9206205e-06
7.9218953e-06
7.7466924e-06
7.7536989e-06
7.7605526e-06
7.7672945e-06
7.7739322e-06
7.7804658e-06
7.7868936e-06
7.7932132e-06
7.7994223e-06
7.8055181e-06
7.811498e-06
7.8173589e-06
7.823098e-06
7.828712e-06
7.8341978e-06
7.8395518e-06
7.8447705e-06
7.8498503e-06
7.8547873e-06
7.8595774e-06
7.8642167e-06
7.8687007e-06
7.873025e-06
7.8771851e-06
7.8811761e-06
7.8849931e-06
7.888631e-06
7.8920845e-06
7.8953482e-06
7.8984164e-06
7.9012833e-06
7.9039428e-06
7.9063888e-06
7.9086148e-06
7.9106144e-06
7.9123802e-06
7.9139074e-06
7.9151782e-06
7.740777e-06
7.7477745e-06
7.7546194e-06
7.7613524e-06
7.7679814e-06
7.7745065e-06
7.7809258e-06
7.787237e-06
7.7934378e-06
7.7995255e-06
7.8054973e-06
7.8113503e-06
7.8170816e-06
7.8226879e-06
7.8281661e-06
7.8335127e-06
7.8387241e-06
7.8437967e-06
7.8487267e-06
7.85351e-06
7.8581425e-06
7.86262e-06
7.8669379e-06
7.8710918e-06
7.8750768e-06
7.878888e-06
7.8825202e-06
7.8859683e-06
7.8892267e-06
7.8922899e-06
7.895152e-06
7.8978069e-06
7.9002485e-06
7.9024704e-06
7.9044661e-06
7.9062282e-06
7.9077521e-06
7.9090199e-06
7.7350961e-06
7.7420846e-06
7.7489206e-06
7.755645e-06
7.7622654e-06
7.768782e-06
7.7751929e-06
7.7814959e-06
7.7876885e-06
7.7937681e-06
7.799732e-06
7.8055772e-06
7.8113008e-06
7.8168996e-06
7.8223704e-06
7.8277098e-06
7.8329141e-06
7.8379798e-06
7.842903e-06
7.8476796e-06
7.8523057e-06
7.8567769e-06
7.8610888e-06
7.8652367e-06
7.869216e-06
7.8730216e-06
7.8766486e-06
7.8800915e-06
7.8833451e-06
7.8864035e-06
7.8892611e-06
7.8919119e-06
7.8943495e-06
7.8965677e-06
7.8985599e-06
7.9003189e-06
7.9018399e-06
7.903105e-06
)
;

boundaryField
{
    inlet
    {
        type            zeroGradient;
    }
    top
    {
        type            zeroGradient;
    }
    outlet
    {
        type            zeroGradient;
    }
    slipsurface
    {
        type            slip;
    }
    bottom
    {
        type            epsilonWallFunction;
        value           nonuniform List<scalar> 0();
    }
    frontandback
    {
        type            empty;
    }
    procBoundary5to0
    {
        type            processor;
        value           nonuniform List<scalar> 
29
(
1.2676741e-05
1.2468839e-05
1.2266634e-05
1.2069693e-05
1.1877724e-05
1.1690411e-05
1.150742e-05
1.1328396e-05
1.1152969e-05
1.0980745e-05
1.0811314e-05
1.064424e-05
1.0479069e-05
1.0315322e-05
1.0152496e-05
9.9900661e-06
9.8274807e-06
9.6641677e-06
9.4995388e-06
9.0375248e-06
8.4927045e-06
8.1412725e-06
7.9868233e-06
7.9437962e-06
7.9308798e-06
7.922958e-06
7.9162372e-06
7.910076e-06
7.9041588e-06
)
;
    }
    procBoundary5to4
    {
        type            processor;
        value           nonuniform List<scalar> 
65
(
1.3858598e-05
1.3621743e-05
1.3383539e-05
1.3383539e-05
1.3391631e-05
1.3399678e-05
1.3175967e-05
1.2950849e-05
1.2950849e-05
1.295858e-05
1.2966248e-05
1.2754738e-05
1.2541731e-05
1.2541731e-05
1.2549041e-05
1.2556254e-05
1.2563364e-05
1.2570359e-05
1.2577229e-05
1.2583961e-05
1.2590542e-05
1.2596962e-05
1.2603208e-05
1.260927e-05
1.2615137e-05
1.2620798e-05
1.2626244e-05
1.2631466e-05
1.2636453e-05
1.2641196e-05
1.2645686e-05
1.2649915e-05
1.2653873e-05
1.2657551e-05
1.2660939e-05
1.2664028e-05
1.2666808e-05
1.266927e-05
1.2671402e-05
1.2673195e-05
1.2674637e-05
1.2675717e-05
1.2676421e-05
1.4433017e-05
1.4409365e-05
1.4384468e-05
1.4362953e-05
1.4085476e-05
1.3833063e-05
1.3833063e-05
1.3819854e-05
1.3810022e-05
1.3803179e-05
1.3798964e-05
1.3797053e-05
1.3797146e-05
1.3798967e-05
1.3802261e-05
1.3806791e-05
1.3812347e-05
1.381875e-05
1.3825842e-05
1.383354e-05
1.3841607e-05
1.385065e-05
)
;
    }
}


// ************************************************************************* //
