/*--------------------------------*- C++ -*----------------------------------*\
  =========                 |
  \\      /  F ield         | OpenFOAM: The Open Source CFD Toolbox
   \\    /   O peration     | Website:  https://openfoam.org
    \\  /    A nd           | Version:  12
     \\/     M anipulation  |
\*---------------------------------------------------------------------------*/
FoamFile
{
    format      ascii;
    class       volScalarField;
    location    "2000";
    object      nut;
}
// * * * * * * * * * * * * * * * * * * * * * * * * * * * * * * * * * * * * * //

dimensions      [0 2 -1 0 0 0 0];

internalField   nonuniform List<scalar> 
1758
(
6.2354036e-30
5.6235461e-30
5.1086897e-30
4.6749235e-30
4.3079229e-30
3.9965903e-30
3.7318753e-30
3.5062956e-30
3.3136455e-30
3.1488114e-30
3.007627e-30
2.8866736e-30
2.7831342e-30
2.6946686e-30
2.6193299e-30
2.5554956e-30
2.501812e-30
2.457145e-30
7.9084824e-30
7.0870279e-30
6.3875819e-30
5.7950035e-30
5.291008e-30
4.8626057e-30
4.4982984e-30
4.1880882e-30
3.9233395e-30
3.6968368e-30
3.5026986e-30
3.3360757e-30
3.1929702e-30
3.0700589e-30
2.9645911e-30
2.8742867e-30
2.7972509e-30
2.7319008e-30
2.6769081e-30
1.0004665e-29
8.9664889e-30
8.0532445e-30
7.2655309e-30
6.5829171e-30
5.9978e-30
5.4983461e-30
5.0727558e-30
4.7095925e-30
4.3990074e-30
4.1328932e-30
3.9044451e-30
3.7080239e-30
3.5389138e-30
3.3932341e-30
3.2677819e-30
3.1599026e-30
3.0673787e-30
2.9883527e-30
1.2345896e-29
1.1206169e-29
1.0129816e-29
9.15612e-30
8.2642061e-30
7.4826772e-30
6.8064971e-30
6.2271526e-30
5.7312572e-30
5.3066142e-30
4.9427401e-30
4.63039e-30
4.3617983e-30
4.1303335e-30
3.9305829e-30
3.7580827e-30
3.6091255e-30
3.4806006e-30
3.3699016e-30
2.583288e-09
3.8553011e-10
1.2430365e-29
1.1440661e-29
1.0368231e-29
9.385018e-30
8.5003182e-30
7.7296461e-30
7.0617524e-30
6.4860753e-30
5.9912313e-30
5.5657302e-30
5.1995972e-30
4.8837518e-30
4.6109106e-30
4.3750038e-30
4.1709249e-30
3.9943236e-30
3.8415422e-30
1.4521203e-08
6.6423587e-09
2.0581284e-09
1.386368e-19
1.2721059e-29
1.1672282e-29
1.0607143e-29
9.6433167e-30
8.7760489e-30
8.0142226e-30
7.3515547e-30
6.7774274e-30
6.2815298e-30
5.852159e-30
5.4805074e-30
5.1588406e-30
4.8803933e-30
4.6391633e-30
4.4300572e-30
3.7183602e-08
2.3429794e-08
1.3101251e-08
4.7344361e-09
1.3954723e-09
1.6039193e-26
1.2943241e-29
1.1925487e-29
1.0895698e-29
9.9499176e-30
9.0976923e-30
8.3427561e-30
7.6828032e-30
7.1044652e-30
6.6007961e-30
6.1635829e-30
5.7847681e-30
5.4563717e-30
5.1714905e-30
4.9241522e-30
4.7093254e-30
4.5227394e-30
4.360793e-30
4.2204384e-30
4.0990969e-30
3.994581e-30
3.9050316e-30
3.8288634e-30
3.7647213e-30
3.7114432e-30
3.6680302e-30
7.1228484e-08
5.1164362e-08
3.496763e-08
2.0948273e-08
1.1399246e-08
4.1342317e-09
1.0948052e-09
2.2762628e-29
1.3225619e-29
1.2239796e-29
1.1248938e-29
1.0320252e-29
9.4823316e-30
8.7219131e-30
8.0488057e-30
7.4591618e-30
6.946456e-30
6.5010171e-30
6.1142099e-30
5.7780631e-30
5.4857914e-30
5.2315133e-30
5.0102463e-30
4.8177473e-30
4.6504234e-30
4.5052242e-30
4.3795618e-30
4.2712327e-30
4.1783579e-30
4.0993305e-30
4.0327732e-30
1.1902252e-07
9.0933385e-08
6.7980094e-08
4.8238449e-08
3.2639074e-08
1.95888e-08
1.0444301e-08
3.7057077e-09
8.3607909e-10
1.4499509e-29
1.360668e-29
1.2652005e-29
1.1714746e-29
1.0772192e-29
9.9058028e-30
9.1273694e-30
8.4431666e-30
7.8440529e-30
7.3218567e-30
6.8668913e-30
6.4707669e-30
6.1257055e-30
5.8250324e-30
5.5629372e-30
5.3344694e-30
5.1353959e-30
4.9621217e-30
4.8115815e-30
4.6811656e-30
4.5686449e-30
4.472114e-30
1.8521844e-07
1.459263e-07
1.1392645e-07
8.7084109e-08
6.5034225e-08
4.6265602e-08
3.119118e-08
1.8616548e-08
9.5935623e-09
3.3323759e-09
5.4683673e-10
1.4931289e-29
1.4233232e-29
1.3215931e-29
1.2207456e-29
1.1234307e-29
1.0355504e-29
9.5676108e-30
8.8731393e-30
8.2629575e-30
7.7294337e-30
7.2633096e-30
6.856441e-30
6.5012298e-30
6.1910862e-30
5.9202422e-30
5.683765e-30
5.4774141e-30
5.2975731e-30
5.1411489e-30
5.0055008e-30
2.7625058e-07
2.2147022e-07
1.7684029e-07
1.4008282e-07
1.0977567e-07
8.425992e-08
6.3040623e-08
4.486165e-08
2.9959585e-08
1.7793213e-08
8.6078148e-09
2.9161632e-09
3.1105575e-15
1.5654243e-29
1.479693e-29
1.3732425e-29
1.2714221e-29
1.1735489e-29
1.0848255e-29
1.0049155e-29
9.3419132e-30
8.7183894e-30
8.1715087e-30
7.6924798e-30
7.2733669e-30
6.9066928e-30
6.5859428e-30
6.3053638e-30
6.0600104e-30
5.8456156e-30
5.6585309e-30
3.9902e-07
3.2425253e-07
2.626254e-07
2.1198788e-07
1.7029965e-07
1.3564266e-07
1.0675454e-07
8.2211637e-08
6.1437013e-08
4.3739396e-08
2.8681375e-08
1.6862158e-08
6.5200327e-09
2.2031081e-09
4.5785067e-21
1.6199928e-29
1.5345943e-29
1.4289642e-29
1.3272606e-29
1.2287305e-29
1.138849e-29
1.0575114e-29
9.8521902e-30
9.2128554e-30
8.6505227e-30
8.1567271e-30
7.7237725e-30
7.3442595e-30
7.0116924e-30
6.7203059e-30
6.4651313e-30
5.5888148e-07
4.607843e-07
3.7798329e-07
3.0907784e-07
2.5195963e-07
2.0461711e-07
1.6527702e-07
1.322828e-07
1.0439726e-07
8.0646906e-08
5.9994225e-08
4.2553995e-08
2.6559418e-08
1.5375954e-08
6.0400424e-09
1.966719e-09
5.8359042e-25
1.6777393e-29
1.5953507e-29
1.4908499e-29
1.3889544e-29
1.2893954e-29
1.1979325e-29
1.1148255e-29
1.0406784e-29
9.748957e-30
9.1689219e-30
8.6584514e-30
8.2099724e-30
7.8161256e-30
7.4704325e-30
7.5760102e-07
6.3526435e-07
5.2875486e-07
4.3786974e-07
3.611653e-07
2.9700875e-07
2.4347251e-07
1.9880721e-07
1.613332e-07
1.2971553e-07
1.0250535e-07
7.9200923e-08
5.8113476e-08
4.0915036e-08
2.5695624e-08
1.4827083e-08
5.8076708e-09
1.7882827e-09
1.8716586e-27
1.742655e-29
1.663227e-29
1.5595558e-29
1.4568369e-29
1.3558232e-29
1.2624132e-29
1.177137e-29
1.1008212e-29
1.0329294e-29
9.7292337e-30
9.2000074e-30
8.7342031e-30
9.9298907e-07
8.4807188e-07
7.1784295e-07
6.0325848e-07
5.0396104e-07
4.1917609e-07
3.4742475e-07
2.8719555e-07
2.3666523e-07
1.9425606e-07
1.5826785e-07
1.2759426e-07
1.0062144e-07
7.7608424e-08
5.7148633e-08
4.0323103e-08
2.5368161e-08
1.448881e-08
5.6297183e-09
1.6289286e-09
7.5209472e-29
1.815927e-29
1.7384401e-29
1.6353006e-29
1.5313734e-29
1.4282609e-29
1.3324967e-29
1.2447153e-29
1.165915e-29
1.095625e-29
1.0333718e-29
1.2603246e-06
1.0960852e-06
9.4435673e-07
8.0681305e-07
6.8409699e-07
5.7644005e-07
4.8323034e-07
4.0360735e-07
3.3614881e-07
2.7929157e-07
2.3128596e-07
1.9063359e-07
1.5573277e-07
1.2578129e-07
9.9529278e-08
7.703903e-08
5.6906444e-08
4.0112982e-08
2.5201475e-08
1.4220032e-08
5.4722085e-09
1.4867741e-09
2.1363278e-29
1.8976407e-29
1.8218514e-29
1.7180548e-29
1.6125721e-29
1.5069782e-29
1.4084438e-29
1.3177607e-29
1.2361551e-29
1.554271e-06
1.3743613e-06
1.2044952e-06
1.046578e-06
9.0185691e-07
7.7132481e-07
6.5525839e-07
5.5363756e-07
4.6584986e-07
3.9075517e-07
3.2698701e-07
2.7295155e-07
2.2708413e-07
1.8792313e-07
1.5413276e-07
1.2499999e-07
9.928743e-08
7.7017091e-08
5.6953778e-08
4.0045768e-08
2.5100808e-08
1.401013e-08
5.3343774e-09
1.3596078e-09
2.0435524e-29
1.9864983e-29
1.9129868e-29
1.8081537e-29
1.7006062e-29
1.592012e-29
1.4903329e-29
1.87011e-06
1.677824e-06
1.4932888e-06
1.3183406e-06
1.1544489e-06
1.0029764e-06
8.6479604e-07
7.4057763e-07
6.3059165e-07
5.3439431e-07
4.5134925e-07
3.8022353e-07
3.1979295e-07
2.6829464e-07
2.2424255e-07
1.8639951e-07
1.5352183e-07
1.2493118e-07
9.9485979e-08
7.7247066e-08
5.7130806e-08
4.0091015e-08
2.5068776e-08
1.3847628e-08
5.2295226e-09
1.2493027e-09
2.1369339e-29
2.0832592e-29
2.0115736e-29
1.9051137e-29
1.7952258e-29
2.2041213e-06
2.0021611e-06
1.8059921e-06
1.6172697e-06
1.4374643e-06
1.2680101e-06
1.1100318e-06
9.6456178e-07
8.325087e-07
7.1409923e-07
6.0952007e-07
5.1824622e-07
4.3970153e-07
3.7231132e-07
3.1466417e-07
2.6520189e-07
2.2261681e-07
1.8578341e-07
1.5352884e-07
1.2525768e-07
9.9920283e-08
7.7662838e-08
5.7446436e-08
4.0252691e-08
2.5129969e-08
1.3724377e-08
5.172615e-09
1.1774996e-09
2.2370246e-29
2.1861485e-29
2.1165929e-29
2.5534916e-06
2.3440107e-06
2.13869e-06
1.9389937e-06
1.7463084e-06
1.5619936e-06
1.3871989e-06
1.2230361e-06
1.0707079e-06
9.3087058e-07
8.043445e-07
6.9137172e-07
5.9216841e-07
5.0574304e-07
4.3105279e-07
3.6658867e-07
3.111253e-07
2.6328116e-07
2.2183016e-07
1.8575037e-07
1.5392509e-07
1.258813e-07
1.0058857e-07
7.8275059e-08
5.7938583e-08
4.0520853e-08
2.5334427e-08
1.3746466e-08
5.1982202e-09
1.1610794e-09
2.3413447e-29
2.916098e-06
2.7008206e-06
2.4883464e-06
2.2799725e-06
2.0769836e-06
1.8806209e-06
1.6919594e-06
1.5120396e-06
1.3421e-06
1.1829653e-06
1.0357821e-06
9.0136658e-07
7.8062024e-07
6.7327776e-07
5.7886711e-07
4.9625911e-07
4.2453601e-07
3.6239826e-07
3.0870637e-07
2.6218859e-07
2.2164621e-07
1.8618283e-07
1.5469439e-07
1.2681316e-07
1.015353e-07
7.9080068e-08
5.8673385e-08
4.1045405e-08
2.5757971e-08
1.3996066e-08
5.3538826e-09
3.2903154e-06
3.0706457e-06
2.8526413e-06
2.63746e-06
2.4262879e-06
2.2202479e-06
2.0203149e-06
1.8274119e-06
1.642682e-06
1.4669524e-06
1.3014453e-06
1.147284e-06
1.0057948e-06
8.7732379e-07
7.6196401e-07
6.5912274e-07
5.6836156e-07
4.8876126e-07
4.1949027e-07
3.5934407e-07
3.0717291e-07
2.6180488e-07
2.2203962e-07
1.8708919e-07
1.558817e-07
1.2806584e-07
1.0282408e-07
8.0245037e-08
5.9754259e-08
4.1949118e-08
2.6515081e-08
3.6748794e-06
3.4519819e-06
3.2297876e-06
3.0093377e-06
2.7917264e-06
2.5779696e-06
2.3689462e-06
2.1654637e-06
1.9685276e-06
1.7788979e-06
1.5977392e-06
1.4262788e-06
1.2660132e-06
1.1176668e-06
9.8172737e-07
8.5808487e-07
7.4678866e-07
6.4744899e-07
5.5972259e-07
4.8276343e-07
4.1568535e-07
3.573264e-07
3.0650512e-07
2.6213804e-07
2.2305236e-07
1.8849671e-07
1.5754627e-07
1.2979726e-07
1.0457878e-07
8.1914549e-08
6.1334564e-08
4.0687944e-06
3.8436488e-06
3.6183882e-06
3.3939541e-06
3.1713542e-06
2.9515087e-06
2.7352109e-06
2.5231694e-06
2.3162517e-06
2.1151356e-06
1.9208842e-06
1.7347207e-06
1.5581465e-06
1.3920545e-06
1.2371216e-06
1.0935497e-06
9.6173844e-07
8.4178494e-07
7.3386463e-07
6.3765564e-07
5.5272761e-07
4.7820713e-07
4.1312645e-07
3.5636323e-07
3.0674398e-07
2.6322522e-07
2.2473927e-07
1.9054003e-07
1.5981421e-07
1.3214958e-07
1.0696212e-07
4.4712725e-06
4.2447113e-06
4.0173376e-06
3.7900049e-06
3.5636383e-06
3.3390717e-06
3.1170226e-06
2.898117e-06
2.6830973e-06
2.4725654e-06
2.2674836e-06
2.0690278e-06
1.8786256e-06
1.6972063e-06
1.5254859e-06
1.3638099e-06
1.2127489e-06
1.0727262e-06
9.443166e-07
8.2770794e-07
7.2298697e-07
6.2975044e-07
5.4743378e-07
4.7513791e-07
4.1186065e-07
3.5649806e-07
3.0793836e-07
2.6516959e-07
2.272097e-07
1.9334192e-07
1.6283086e-07
4.8816912e-06
4.6544266e-06
4.4257544e-06
4.1964494e-06
3.9673567e-06
3.7392315e-06
3.5127233e-06
3.2883877e-06
3.0668573e-06
2.8486692e-06
2.6346988e-06
2.4260627e-06
2.2240881e-06
2.029675e-06
1.8435002e-06
1.6659437e-06
1.4976112e-06
1.3390834e-06
1.1911574e-06
1.054388e-06
9.292915e-07
8.1595451e-07
7.1429781e-07
6.2383361e-07
5.4391045e-07
4.736062e-07
4.119276e-07
3.5779689e-07
3.1016262e-07
2.6805578e-07
2.3056346e-07
5.2995643e-06
5.0722073e-06
4.8429362e-06
4.6124537e-06
4.381528e-06
4.1508416e-06
3.9209823e-06
3.6924435e-06
3.4657626e-06
3.2414206e-06
3.0202206e-06
2.8032194e-06
2.5916395e-06
2.3863245e-06
2.1878826e-06
1.9966762e-06
1.8132753e-06
1.6383027e-06
1.4726306e-06
1.3170125e-06
1.1722316e-06
1.0387522e-06
9.1692275e-07
8.0671213e-07
7.0791309e-07
6.1997036e-07
5.4218649e-07
4.7363582e-07
4.1334987e-07
3.6028279e-07
3.1343687e-07
5.7245205e-06
5.4975954e-06
5.2683272e-06
5.0373515e-06
4.8053628e-06
4.5729767e-06
4.3407238e-06
4.1090414e-06
3.8783834e-06
3.6491816e-06
3.4221781e-06
3.1983705e-06
2.978881e-06
2.7644871e-06
2.5557231e-06
2.3529157e-06
2.1565749e-06
1.9673087e-06
1.7859781e-06
1.61341e-06
1.4505038e-06
1.2979468e-06
1.1563728e-06
1.0261225e-06
9.0739901e-07
8.0007412e-07
7.038531e-07
6.1813946e-07
5.4221748e-07
4.7516191e-07
4.1602998e-07
6.1562873e-06
5.9302431e-06
5.7014951e-06
5.4706158e-06
5.2382299e-06
5.0048909e-06
4.7710761e-06
4.5371709e-06
4.3035559e-06
4.0706184e-06
3.8390466e-06
3.6097799e-06
3.3838455e-06
3.1619525e-06
2.9445649e-06
2.7319707e-06
2.5246191e-06
2.3230826e-06
2.1281761e-06
1.9407296e-06
1.761662e-06
1.591756e-06
1.4317857e-06
1.2823236e-06
1.1438611e-06
1.0166329e-06
9.0073593e-07
7.9597291e-07
7.0199228e-07
6.181583e-07
5.4374482e-07
6.5946781e-06
6.3698979e-06
6.1421139e-06
5.9118388e-06
5.6796314e-06
5.4459876e-06
5.2113349e-06
4.9760102e-06
4.7403293e-06
4.5046384e-06
4.2695758e-06
4.0360228e-06
3.804917e-06
3.5768994e-06
3.3523696e-06
3.1315785e-06
2.9149216e-06
2.7029338e-06
2.4963752e-06
2.2960502e-06
2.1028493e-06
1.9175738e-06
1.7410357e-06
1.5739143e-06
1.4168527e-06
1.2703217e-06
1.1347082e-06
1.0101659e-06
8.9671142e-07
7.9407564e-07
7.0186501e-07
7.0395834e-06
6.816392e-06
6.5899507e-06
6.3607158e-06
6.1291839e-06
5.8957975e-06
5.6609375e-06
5.4248951e-06
5.1879284e-06
4.9503452e-06
4.7127362e-06
4.4759239e-06
4.2407611e-06
4.0078227e-06
3.777449e-06
3.5498565e-06
3.3253954e-06
3.1045656e-06
2.888077e-06
2.6766994e-06
2.4712783e-06
2.2725967e-06
2.0814491e-06
1.8985406e-06
1.7245625e-06
1.5601013e-06
1.4057048e-06
1.2617636e-06
1.128575e-06
1.0062042e-06
8.9461079e-07
7.044855e-06
6.8170334e-06
6.5866047e-06
6.3539621e-06
6.1194429e-06
5.8832951e-06
5.6457261e-06
5.4070064e-06
5.1676806e-06
4.9285116e-06
4.6902723e-06
4.4534732e-06
4.2184003e-06
3.985238e-06
3.7542976e-06
3.5260487e-06
3.3011571e-06
3.0803584e-06
2.864451e-06
2.6541851e-06
2.4503145e-06
2.2535277e-06
2.0645053e-06
1.8838655e-06
1.7122139e-06
1.5500592e-06
1.3978593e-06
1.2559137e-06
1.1244672e-06
7.5067504e-06
7.2806591e-06
7.0516998e-06
6.8202202e-06
6.5865167e-06
6.3507969e-06
6.1132228e-06
5.8740295e-06
5.6337159e-06
5.3929855e-06
5.1525347e-06
4.9128124e-06
4.6740546e-06
4.436415e-06
4.2001713e-06
3.9657659e-06
3.7338271e-06
3.5050582e-06
3.2802134e-06
3.0600066e-06
2.8451437e-06
2.6362782e-06
2.4340533e-06
2.2390728e-06
2.051936e-06
1.8731838e-06
1.7033323e-06
1.5428061e-06
1.3920306e-06
7.9756278e-06
7.7515337e-06
7.5243553e-06
7.2943978e-06
7.0619193e-06
6.82709e-06
6.5900313e-06
6.3509445e-06
6.110283e-06
5.868691e-06
5.6267927e-06
5.3849783e-06
5.143437e-06
4.9022932e-06
4.6617947e-06
4.422359e-06
4.1845813e-06
3.9491354e-06
3.7167347e-06
3.4880562e-06
3.2637577e-06
3.0444519e-06
2.8307341e-06
2.6231735e-06
2.4223307e-06
2.2287295e-06
2.0428797e-06
1.8652502e-06
1.6963532e-06
8.4515379e-06
8.2296637e-06
8.0045289e-06
7.7763989e-06
7.5454961e-06
7.3119561e-06
7.0758642e-06
6.8373893e-06
6.59694e-06
6.3551017e-06
6.1124303e-06
5.8692603e-06
5.6257376e-06
5.3819584e-06
5.1381427e-06
4.8946848e-06
4.65215e-06
4.4111839e-06
4.1724622e-06
3.9366254e-06
3.7042848e-06
3.4760103e-06
3.252348e-06
3.0338239e-06
2.8209474e-06
2.614202e-06
2.4140606e-06
2.2209906e-06
2.0355311e-06
8.9345858e-06
8.7151153e-06
8.4922434e-06
8.2661985e-06
8.0371694e-06
7.8052603e-06
7.5705243e-06
7.3330994e-06
7.0933502e-06
6.8518045e-06
6.608954e-06
6.3650804e-06
6.1202897e-06
5.8746509e-06
5.6283578e-06
5.381782e-06
5.1354611e-06
4.8900131e-06
4.646078e-06
4.4042601e-06
4.1651257e-06
3.9292016e-06
3.6969853e-06
3.4689569e-06
3.2455718e-06
3.0272657e-06
2.8144646e-06
2.607616e-06
2.4072571e-06
9.4249264e-06
9.2080092e-06
8.9875812e-06
8.7638359e-06
8.5369314e-06
8.3069431e-06
8.0738959e-06
7.8378982e-06
7.5992719e-06
7.3584889e-06
7.1159801e-06
6.8719787e-06
6.6265533e-06
6.3797466e-06
6.1317278e-06
5.8828457e-06
5.6336111e-06
5.3846149e-06
5.1364625e-06
4.8897214e-06
4.6449143e-06
4.4025245e-06
4.1630024e-06
3.9267814e-06
3.6942642e-06
3.4658385e-06
3.2418853e-06
3.0228294e-06
2.8091967e-06
9.9227606e-06
9.7085161e-06
9.4906785e-06
9.2694094e-06
9.0448381e-06
8.8170142e-06
8.5859377e-06
8.3516895e-06
8.1145498e-06
7.8749367e-06
7.6332247e-06
7.3896014e-06
7.1441015e-06
6.8967425e-06
6.6476693e-06
6.3972082e-06
6.1458438e-06
5.8941393e-06
5.642666e-06
5.3919543e-06
5.1424834e-06
4.8946934e-06
4.648988e-06
4.4057546e-06
4.1653461e-06
3.9281057e-06
3.694376e-06
3.464563e-06
3.2391817e-06
1.0428331e-05
1.0216852e-05
1.0001721e-05
9.783071e-06
9.5610038e-06
9.3355465e-06
9.1066772e-06
8.8744509e-06
8.6391079e-06
8.4010152e-06
8.1604945e-06
7.9176918e-06
7.6726106e-06
7.4252444e-06
7.1757148e-06
6.924325e-06
6.6715333e-06
6.417875e-06
6.1638872e-06
5.9100627e-06
5.6568375e-06
5.4046077e-06
5.1537314e-06
4.9045507e-06
4.6573723e-06
4.4125001e-06
4.1702463e-06
3.9310043e-06
3.6952818e-06
1.0941919e-05
1.0733275e-05
1.0520941e-05
1.0305022e-05
1.0085597e-05
9.862671e-06
9.6362042e-06
9.4062274e-06
9.1729429e-06
8.9366693e-06
8.6976795e-06
8.4560816e-06
8.2118508e-06
7.964958e-06
7.715502e-06
7.4637622e-06
7.2101711e-06
6.955235e-06
6.6994571e-06
6.4432915e-06
6.1871314e-06
5.9313284e-06
5.6761959e-06
5.4220317e-06
5.1691007e-06
4.9176727e-06
4.6680378e-06
4.4205822e-06
4.1758097e-06
1.1463841e-05
1.1258081e-05
1.1048612e-05
1.0835511e-05
1.0618835e-05
1.0398572e-05
1.0174667e-05
9.9471265e-06
9.7161187e-06
9.4819159e-06
9.2447466e-06
9.0046846e-06
8.7616793e-06
8.5156807e-06
8.266765e-06
8.0151882e-06
7.761356e-06
7.5057457e-06
7.248826e-06
6.9910123e-06
6.7326546e-06
6.4740601e-06
6.2154985e-06
5.9572248e-06
5.6994665e-06
5.442465e-06
5.1864952e-06
4.9319403e-06
4.6793022e-06
1.1994448e-05
1.1791605e-05
1.1585046e-05
1.1374826e-05
1.1160981e-05
1.0943484e-05
1.0722265e-05
1.0497313e-05
1.0268761e-05
1.0036839e-05
9.8017339e-06
9.5634898e-06
9.3220332e-06
9.0772942e-06
8.8293275e-06
8.578365e-06
8.3247856e-06
8.0690371e-06
7.8115538e-06
7.5527118e-06
7.2928185e-06
7.0321367e-06
6.7708936e-06
6.5093038e-06
6.2475616e-06
5.9858855e-06
5.7245406e-06
5.4639098e-06
5.2044927e-06
1.2534123e-05
1.2334212e-05
1.2130592e-05
1.1923296e-05
1.171234e-05
1.1497686e-05
1.1279251e-05
1.1057006e-05
1.0831053e-05
1.0601582e-05
1.0368745e-05
1.0132556e-05
9.8929241e-06
9.6497593e-06
9.4030961e-06
9.1531421e-06
8.9002495e-06
8.6448361e-06
8.3873018e-06
8.1279835e-06
7.8671465e-06
7.6050102e-06
7.3417606e-06
7.0775747e-06
6.812618e-06
6.5470905e-06
6.281252e-06
6.0154855e-06
5.7502873e-06
1.3083274e-05
1.28863e-05
1.2685633e-05
1.2481286e-05
1.2273259e-05
1.2061501e-05
1.1845921e-05
1.1626473e-05
1.1403231e-05
1.1176349e-05
1.0945944e-05
1.0712009e-05
1.0474432e-05
1.023311e-05
9.9880543e-06
9.7394502e-06
9.4876225e-06
9.2329589e-06
8.9758253e-06
8.7165199e-06
8.4552666e-06
8.1922423e-06
7.9275942e-06
7.6614646e-06
7.3939943e-06
7.1253691e-06
6.8558459e-06
6.5858074e-06
6.3157433e-06
1.3642343e-05
1.3448297e-05
1.3250584e-05
1.3049195e-05
1.2844117e-05
1.263529e-05
1.2422613e-05
1.2206028e-05
1.1985581e-05
1.1761394e-05
1.1533554e-05
1.1302032e-05
1.1066703e-05
1.0827447e-05
1.0584258e-05
1.0337296e-05
1.008686e-05
9.8333065e-06
9.5769686e-06
9.3181064e-06
9.0569035e-06
8.7934964e-06
8.5279956e-06
8.2605119e-06
7.9911656e-06
7.7201312e-06
7.4476641e-06
7.1741449e-06
6.9000535e-06
1.4211795e-05
1.4020659e-05
1.3825888e-05
1.3627455e-05
1.3425332e-05
1.3219452e-05
1.3009707e-05
1.2796027e-05
1.2578434e-05
1.2357021e-05
1.2131847e-05
1.1902866e-05
1.1669941e-05
1.1432937e-05
1.119183e-05
1.0946758e-05
1.0697991e-05
1.0445858e-05
1.0190658e-05
9.9326153e-06
9.6718736e-06
9.4085316e-06
9.1426657e-06
8.8743591e-06
8.6037145e-06
8.3308977e-06
8.0561628e-06
7.779886e-06
7.5025329e-06
1.4792122e-05
1.4603872e-05
1.4412021e-05
1.4216528e-05
1.4017353e-05
1.381442e-05
1.3607619e-05
1.3396866e-05
1.3182165e-05
1.296358e-05
1.2741148e-05
1.2514806e-05
1.2284406e-05
1.2049804e-05
1.1810957e-05
1.156798e-05
1.1321117e-05
1.1070668e-05
1.08169e-05
1.0560001e-05
1.0300079e-05
1.0037197e-05
9.7713994e-06
9.5027456e-06
9.2313238e-06
8.9572926e-06
8.6809043e-06
8.4025272e-06
8.1226092e-06
1.5383844e-05
1.5198444e-05
1.5009485e-05
1.4816907e-05
1.4620659e-05
1.4420662e-05
1.4216799e-05
1.400898e-05
1.3797189e-05
1.3581465e-05
1.3361824e-05
1.3138192e-05
1.2910412e-05
1.2678328e-05
1.2441883e-05
1.2201169e-05
1.1956405e-05
1.170786e-05
1.1455773e-05
1.1200296e-05
1.0941504e-05
1.0679426e-05
1.0414079e-05
1.0145502e-05
9.8737704e-06
9.5990367e-06
9.3215497e-06
9.0416669e-06
8.7598149e-06
1.5987505e-05
1.5804915e-05
1.5618808e-05
1.5429111e-05
1.5235762e-05
1.5038675e-05
1.4837734e-05
1.463284e-05
1.4423958e-05
1.4211109e-05
1.399429e-05
1.3773414e-05
1.3548319e-05
1.3318842e-05
1.3084909e-05
1.2846591e-05
1.2604082e-05
1.2357624e-05
1.2107423e-05
1.1853604e-05
1.1596207e-05
1.1335232e-05
1.1070672e-05
1.0802545e-05
1.053092e-05
1.0255941e-05
9.9778533e-06
9.6969993e-06
9.4137815e-06
1.6603674e-05
1.6423848e-05
1.6240549e-05
1.605369e-05
1.58632e-05
1.566899e-05
1.5470941e-05
1.5268948e-05
1.5062962e-05
1.4852985e-05
1.4638996e-05
1.4420902e-05
1.4198536e-05
1.3971727e-05
1.3740387e-05
1.3504567e-05
1.3264436e-05
1.3020209e-05
1.2772065e-05
1.2520098e-05
1.226432e-05
1.2004704e-05
1.174122e-05
1.1473873e-05
1.1202721e-05
1.0927903e-05
1.0649657e-05
1.0368309e-05
1.0084234e-05
1.7232949e-05
1.7055834e-05
1.6875291e-05
1.669122e-05
1.6503543e-05
1.6312165e-05
1.6116968e-05
1.5917841e-05
1.5714724e-05
1.5507599e-05
1.5296435e-05
1.508113e-05
1.4861514e-05
1.4637409e-05
1.4408717e-05
1.4175469e-05
1.3937808e-05
1.3695926e-05
1.3449974e-05
1.3200017e-05
1.2946044e-05
1.2688002e-05
1.2425843e-05
1.215956e-05
1.1889201e-05
1.1614902e-05
1.1336888e-05
1.1055468e-05
1.0770987e-05
1.7875953e-05
1.7701491e-05
1.7523645e-05
1.7342306e-05
1.7157387e-05
1.6968789e-05
1.6776395e-05
1.6580089e-05
1.63798e-05
1.6175497e-05
1.5967135e-05
1.5754608e-05
1.5537743e-05
1.531636e-05
1.5090347e-05
1.4859718e-05
1.4624593e-05
1.4385138e-05
1.414148e-05
1.389366e-05
1.3641641e-05
1.3385352e-05
1.3124729e-05
1.2859751e-05
1.2590463e-05
1.2316992e-05
1.2039552e-05
1.175843e-05
1.1473941e-05
1.8533338e-05
1.8361464e-05
1.8186252e-05
1.8007581e-05
1.7825357e-05
1.763948e-05
1.744983e-05
1.7256289e-05
1.7058779e-05
1.6857254e-05
1.6651659e-05
1.6441884e-05
1.6227755e-05
1.600909e-05
1.5785767e-05
1.5557781e-05
1.5325232e-05
1.5088261e-05
1.4846972e-05
1.4601383e-05
1.4351437e-05
1.4097045e-05
1.383813e-05
1.3574663e-05
1.3306681e-05
1.3034303e-05
1.2757731e-05
1.2477227e-05
1.2193078e-05
1.9205784e-05
1.9036428e-05
1.8863779e-05
1.8687706e-05
1.8508109e-05
1.8324884e-05
1.8137912e-05
1.7947074e-05
1.7752282e-05
1.755348e-05
1.7350604e-05
1.7143541e-05
1.6932118e-05
1.6716151e-05
1.6495509e-05
1.6270171e-05
1.6040214e-05
1.5805759e-05
1.5566886e-05
1.5323596e-05
1.5075812e-05
1.482343e-05
1.4566363e-05
1.4304575e-05
1.4038095e-05
1.3767034e-05
1.3491579e-05
1.3211969e-05
1.2928458e-05
1.9894002e-05
1.9727086e-05
1.9556923e-05
1.9383373e-05
1.9206325e-05
1.9025678e-05
1.884131e-05
1.8653103e-05
1.846096e-05
1.8264816e-05
1.8064601e-05
1.7860198e-05
1.7651437e-05
1.7438132e-05
1.7220145e-05
1.6997438e-05
1.6770071e-05
1.6538142e-05
1.6301712e-05
1.6060761e-05
1.5815201e-05
1.5564913e-05
1.5309803e-05
1.5049827e-05
1.4785009e-05
1.451545e-05
1.4241321e-05
1.3962835e-05
1.3680217e-05
2.0598733e-05
2.0434175e-05
2.0266414e-05
2.0095301e-05
1.9920722e-05
1.9742569e-05
1.9560725e-05
1.9375067e-05
1.9185496e-05
1.8991937e-05
1.8794313e-05
1.8592506e-05
1.838635e-05
1.8175657e-05
1.7960283e-05
1.7740177e-05
1.7515378e-05
1.7285965e-05
1.705198e-05
1.6813389e-05
1.6570089e-05
1.6321954e-05
1.6068879e-05
1.5810818e-05
1.5547788e-05
1.5279879e-05
1.5007245e-05
1.4730074e-05
1.4448562e-05
2.1320753e-05
2.1158461e-05
2.099301e-05
2.0824245e-05
2.0652043e-05
2.0476296e-05
2.0296886e-05
2.0113691e-05
1.9926605e-05
1.9735548e-05
1.9540436e-05
1.9341152e-05
1.9137532e-05
1.8929388e-05
1.8716572e-05
1.8499019e-05
1.827675e-05
1.8049825e-05
1.781827e-05
1.7582037e-05
1.7341011e-05
1.709506e-05
1.6844075e-05
1.6588002e-05
1.6326854e-05
1.606071e-05
1.5789704e-05
1.5514002e-05
1.5233771e-05
2.2060872e-05
2.1900746e-05
2.1737507e-05
2.1570989e-05
2.1401067e-05
2.1227629e-05
2.1050556e-05
2.0869728e-05
2.0685034e-05
2.0496387e-05
2.03037e-05
2.0106854e-05
1.9905689e-05
1.970002e-05
1.9489693e-05
1.9274631e-05
1.9054839e-05
1.8830358e-05
1.8601199e-05
1.8367303e-05
1.8128547e-05
1.7884791e-05
1.7635923e-05
1.7381885e-05
1.7122685e-05
1.6858387e-05
1.6589111e-05
1.6314996e-05
1.6036184e-05
2.2819934e-05
2.2661868e-05
2.2500731e-05
2.2336354e-05
2.2168605e-05
2.199737e-05
2.1822531e-05
2.1643966e-05
2.1461561e-05
2.1275224e-05
2.1084865e-05
2.0890365e-05
2.0691565e-05
2.0488285e-05
2.0280365e-05
2.006772e-05
1.9850337e-05
1.9628241e-05
1.940143e-05
1.9169832e-05
1.893332e-05
1.8691749e-05
1.8445004e-05
1.8193023e-05
1.7935808e-05
1.7673412e-05
1.7405935e-05
1.7133495e-05
1.6856207e-05
2.3598823e-05
2.34427e-05
2.3283549e-05
2.3121197e-05
2.2955506e-05
2.278636e-05
2.2613641e-05
2.2437226e-05
2.2257e-05
2.2072866e-05
2.1884728e-05
2.1692469e-05
2.1495934e-05
2.1294946e-05
2.1089342e-05
2.0879026e-05
2.0663972e-05
2.0444188e-05
2.021966e-05
1.9990307e-05
1.9755996e-05
1.951658e-05
1.9271943e-05
1.9022019e-05
1.8766801e-05
1.8506335e-05
1.8240699e-05
1.7969991e-05
1.7694302e-05
2.4398463e-05
2.4244155e-05
2.4086861e-05
2.3926407e-05
2.376265e-05
2.359547e-05
2.3424749e-05
2.3250364e-05
2.3072198e-05
2.2890148e-05
2.2704116e-05
2.2513986e-05
2.2319607e-05
2.2120803e-05
2.1917412e-05
2.1709327e-05
2.1496509e-05
2.1278951e-05
2.1056627e-05
2.082945e-05
2.0597282e-05
2.0359975e-05
2.011741e-05
1.986952e-05
1.9616292e-05
1.9357758e-05
1.9093981e-05
1.8825036e-05
1.8550992e-05
)
;

boundaryField
{
    inlet
    {
        type            calculated;
        value           nonuniform List<scalar> 0();
    }
    top
    {
        type            calculated;
        value           nonuniform List<scalar> 0();
    }
    outlet
    {
        type            calculated;
        value           nonuniform List<scalar> 0();
    }
    slipsurface
    {
        type            slip;
    }
    bottom
    {
        type            nutkWallFunction;
        Cmu             0.09;
        kappa           0.41;
        E               9.8;
        value           nonuniform List<scalar> 0();
    }
    frontandback
    {
        type            empty;
    }
    procBoundary14to5
    {
        type            processor;
        value           nonuniform List<scalar> 
29
(
2.5219821e-05
2.5067188e-05
2.4911614e-05
2.4752922e-05
2.4590963e-05
2.4425616e-05
2.4256762e-05
2.4084277e-05
2.3908041e-05
2.3727949e-05
2.35439e-05
2.3355777e-05
2.3163434e-05
2.2966698e-05
2.2765405e-05
2.2559442e-05
2.2348755e-05
2.2133325e-05
2.1913115e-05
2.1688031e-05
2.1457933e-05
2.1222671e-05
2.0982127e-05
2.073623e-05
2.048496e-05
2.0228339e-05
1.9966413e-05
1.9699237e-05
1.9426859e-05
)
;
    }
    procBoundary14to9
    {
        type            processor;
        value           nonuniform List<scalar> 
30
(
2.9761037e-30
2.8362743e-30
2.7168095e-30
2.6147779e-30
2.5277725e-30
2.4538063e-30
2.391226e-30
2.3386495e-30
2.2949197e-30
2.2590662e-30
2.2302736e-30
2.4205408e-30
2.4205408e-30
2.6311527e-30
2.9212615e-30
3.2748382e-30
3.7095036e-30
4.2487609e-30
4.2487609e-30
4.091653e-30
3.9556767e-30
3.8382552e-30
3.737208e-30
3.6506874e-30
3.5771227e-30
3.515176e-30
3.4637032e-30
3.4217234e-30
3.388393e-30
3.3629853e-30
)
;
    }
    procBoundary14to10
    {
        type            processor;
        value           nonuniform List<scalar> 7(4.9570118e-30 4.5119746e-30 4.1384487e-30 3.8238624e-30 3.5577885e-30 3.3319948e-30 3.1398851e-30);
    }
    procBoundary14to12
    {
        type            processor;
        value           nonuniform List<scalar> 
31
(
6.962601e-30
8.8652399e-30
1.1141378e-29
7.0198003e-10
7.9482944e-09
2.5561231e-08
5.4204337e-08
9.5515545e-08
1.5333067e-07
2.3358999e-07
3.4331782e-07
4.8878653e-07
6.7317786e-07
8.9547474e-07
1.1514174e-06
1.4355212e-06
1.7426698e-06
2.0687542e-06
2.4106695e-06
2.7660945e-06
3.1332713e-06
3.5108447e-06
3.897754e-06
4.2931629e-06
4.6964115e-06
5.1069834e-06
5.5244821e-06
5.9486136e-06
6.3791722e-06
6.8160304e-06
7.2591302e-06
)
;
    }
    procBoundary14to13
    {
        type            processor;
        value           nonuniform List<scalar> 
32
(
7.490962e-06
7.2696359e-06
7.2696359e-06
7.7295989e-06
8.1963176e-06
8.6698807e-06
9.1504287e-06
9.6381472e-06
1.0133264e-05
1.0636045e-05
1.1146791e-05
1.1665839e-05
1.2193552e-05
1.2730325e-05
1.3276581e-05
1.3832768e-05
1.4399361e-05
1.4976859e-05
1.5565788e-05
1.6166696e-05
1.678016e-05
1.7406782e-05
1.8047191e-05
1.8702043e-05
1.9372025e-05
2.0057854e-05
2.0760279e-05
2.1480082e-05
2.2218081e-05
2.2975131e-05
2.3752126e-05
2.4549998e-05
)
;
    }
    procBoundary14to15
    {
        type            processor;
        value           nonuniform List<scalar> 
55
(
3.633621e-30
3.9775012e-30
4.3899374e-30
4.8883651e-30
5.4956223e-30
6.2418566e-30
7.1670884e-30
8.324456e-30
9.7836323e-30
1.1631929e-29
1.3964144e-29
1.6832872e-29
2.0082578e-29
2.2929729e-29
1.220529e-09
1.4564321e-08
4.3368209e-08
8.4237175e-08
1.3525442e-07
1.9698323e-07
2.7187305e-07
3.6380363e-07
4.7783958e-07
6.1943969e-07
7.9351514e-07
1.0035866e-06
1.2513342e-06
1.5366784e-06
1.8582537e-06
2.2139932e-06
2.6016024e-06
3.0188476e-06
3.4636904e-06
3.9343257e-06
4.4291769e-06
4.9468728e-06
5.4862233e-06
6.0461979e-06
6.6259074e-06
7.2245907e-06
7.8416034e-06
8.4764103e-06
9.1285782e-06
9.7977713e-06
1.0483746e-05
1.1186348e-05
1.1905508e-05
1.2641237e-05
1.3393626e-05
1.4162838e-05
1.4949112e-05
1.5752751e-05
1.6574126e-05
1.7413669e-05
1.8271871e-05
)
;
    }
}


// ************************************************************************* //
