/*--------------------------------*- C++ -*----------------------------------*\
  =========                 |
  \\      /  F ield         | OpenFOAM: The Open Source CFD Toolbox
   \\    /   O peration     | Website:  https://openfoam.org
    \\  /    A nd           | Version:  12
     \\/     M anipulation  |
\*---------------------------------------------------------------------------*/
FoamFile
{
    format      ascii;
    class       faceList;
    location    "constant/polyMesh";
    object      faces;
}
// * * * * * * * * * * * * * * * * * * * * * * * * * * * * * * * * * * * * * //


1913
(
4(1 30 88 59)
4(58 59 88 87)
4(2 31 89 60)
4(59 60 89 88)
4(3 32 90 61)
4(60 61 90 89)
4(4 33 91 62)
4(61 62 91 90)
4(5 34 92 63)
4(62 63 92 91)
4(6 35 93 64)
4(63 64 93 92)
4(7 36 94 65)
4(64 65 94 93)
4(8 37 95 66)
4(65 66 95 94)
4(9 38 96 67)
4(66 67 96 95)
4(10 39 97 68)
4(67 68 97 96)
4(11 40 98 69)
4(68 69 98 97)
4(12 41 99 70)
4(69 70 99 98)
4(13 42 100 71)
4(70 71 100 99)
4(14 43 101 72)
4(71 72 101 100)
4(15 44 102 73)
4(72 73 102 101)
4(16 45 103 74)
4(73 74 103 102)
4(17 46 104 75)
4(74 75 104 103)
4(18 47 105 76)
4(75 76 105 104)
4(19 48 106 77)
4(76 77 106 105)
4(20 49 107 78)
4(77 78 107 106)
4(21 50 108 79)
4(78 79 108 107)
4(22 51 109 80)
4(79 80 109 108)
4(23 52 110 81)
4(80 81 110 109)
4(24 53 111 82)
4(81 82 111 110)
4(25 54 112 83)
4(82 83 112 111)
4(26 55 113 84)
4(83 84 113 112)
4(27 56 114 85)
4(84 85 114 113)
4(85 86 115 114)
4(59 88 146 117)
4(116 117 146 145)
4(60 89 147 118)
4(117 118 147 146)
4(61 90 148 119)
4(118 119 148 147)
4(62 91 149 120)
4(119 120 149 148)
4(63 92 150 121)
4(120 121 150 149)
4(64 93 151 122)
4(121 122 151 150)
4(65 94 152 123)
4(122 123 152 151)
4(66 95 153 124)
4(123 124 153 152)
4(67 96 154 125)
4(124 125 154 153)
4(68 97 155 126)
4(125 126 155 154)
4(69 98 156 127)
4(126 127 156 155)
4(70 99 157 128)
4(127 128 157 156)
4(71 100 158 129)
4(128 129 158 157)
4(72 101 159 130)
4(129 130 159 158)
4(73 102 160 131)
4(130 131 160 159)
4(74 103 161 132)
4(131 132 161 160)
4(75 104 162 133)
4(132 133 162 161)
4(76 105 163 134)
4(133 134 163 162)
4(77 106 164 135)
4(134 135 164 163)
4(78 107 165 136)
4(135 136 165 164)
4(79 108 166 137)
4(136 137 166 165)
4(80 109 167 138)
4(137 138 167 166)
4(81 110 168 139)
4(138 139 168 167)
4(82 111 169 140)
4(139 140 169 168)
4(83 112 170 141)
4(140 141 170 169)
4(84 113 171 142)
4(141 142 171 170)
4(85 114 172 143)
4(142 143 172 171)
4(143 144 173 172)
4(117 146 204 175)
4(174 175 204 203)
4(118 147 205 176)
4(175 176 205 204)
4(119 148 206 177)
4(176 177 206 205)
4(120 149 207 178)
4(177 178 207 206)
4(121 150 208 179)
4(178 179 208 207)
4(122 151 209 180)
4(179 180 209 208)
4(123 152 210 181)
4(180 181 210 209)
4(124 153 211 182)
4(181 182 211 210)
4(125 154 212 183)
4(182 183 212 211)
4(126 155 213 184)
4(183 184 213 212)
4(127 156 214 185)
4(184 185 214 213)
4(128 157 215 186)
4(185 186 215 214)
4(129 158 216 187)
4(186 187 216 215)
4(130 159 217 188)
4(187 188 217 216)
4(131 160 218 189)
4(188 189 218 217)
4(132 161 219 190)
4(189 190 219 218)
4(133 162 220 191)
4(190 191 220 219)
4(134 163 221 192)
4(191 192 221 220)
4(135 164 222 193)
4(192 193 222 221)
4(136 165 223 194)
4(193 194 223 222)
4(137 166 224 195)
4(194 195 224 223)
4(138 167 225 196)
4(195 196 225 224)
4(139 168 226 197)
4(196 197 226 225)
4(140 169 227 198)
4(197 198 227 226)
4(141 170 228 199)
4(198 199 228 227)
4(142 171 229 200)
4(199 200 229 228)
4(143 172 230 201)
4(200 201 230 229)
4(201 202 231 230)
4(175 204 262 233)
4(232 233 262 261)
4(176 205 263 234)
4(233 234 263 262)
4(177 206 264 235)
4(234 235 264 263)
4(178 207 265 236)
4(235 236 265 264)
4(179 208 266 237)
4(236 237 266 265)
4(180 209 267 238)
4(237 238 267 266)
4(181 210 268 239)
4(238 239 268 267)
4(182 211 269 240)
4(239 240 269 268)
4(183 212 270 241)
4(240 241 270 269)
4(184 213 271 242)
4(241 242 271 270)
4(185 214 272 243)
4(242 243 272 271)
4(186 215 273 244)
4(243 244 273 272)
4(187 216 274 245)
4(244 245 274 273)
4(188 217 275 246)
4(245 246 275 274)
4(189 218 276 247)
4(246 247 276 275)
4(190 219 277 248)
4(247 248 277 276)
4(191 220 278 249)
4(248 249 278 277)
4(192 221 279 250)
4(249 250 279 278)
4(193 222 280 251)
4(250 251 280 279)
4(194 223 281 252)
4(251 252 281 280)
4(195 224 282 253)
4(252 253 282 281)
4(196 225 283 254)
4(253 254 283 282)
4(197 226 284 255)
4(254 255 284 283)
4(198 227 285 256)
4(255 256 285 284)
4(199 228 286 257)
4(256 257 286 285)
4(200 229 287 258)
4(257 258 287 286)
4(201 230 288 259)
4(258 259 288 287)
4(259 260 289 288)
4(233 262 320 291)
4(290 291 320 319)
4(234 263 321 292)
4(291 292 321 320)
4(235 264 322 293)
4(292 293 322 321)
4(236 265 323 294)
4(293 294 323 322)
4(237 266 324 295)
4(294 295 324 323)
4(238 267 325 296)
4(295 296 325 324)
4(239 268 326 297)
4(296 297 326 325)
4(240 269 327 298)
4(297 298 327 326)
4(241 270 328 299)
4(298 299 328 327)
4(242 271 329 300)
4(299 300 329 328)
4(243 272 330 301)
4(300 301 330 329)
4(244 273 331 302)
4(301 302 331 330)
4(245 274 332 303)
4(302 303 332 331)
4(246 275 333 304)
4(303 304 333 332)
4(247 276 334 305)
4(304 305 334 333)
4(248 277 335 306)
4(305 306 335 334)
4(249 278 336 307)
4(306 307 336 335)
4(250 279 337 308)
4(307 308 337 336)
4(251 280 338 309)
4(308 309 338 337)
4(252 281 339 310)
4(309 310 339 338)
4(253 282 340 311)
4(310 311 340 339)
4(254 283 341 312)
4(311 312 341 340)
4(255 284 342 313)
4(312 313 342 341)
4(256 285 343 314)
4(313 314 343 342)
4(257 286 344 315)
4(314 315 344 343)
4(258 287 345 316)
4(315 316 345 344)
4(259 288 346 317)
4(316 317 346 345)
4(317 318 347 346)
4(291 320 378 349)
4(348 349 378 377)
4(292 321 379 350)
4(349 350 379 378)
4(293 322 380 351)
4(350 351 380 379)
4(294 323 381 352)
4(351 352 381 380)
4(295 324 382 353)
4(352 353 382 381)
4(296 325 383 354)
4(353 354 383 382)
4(297 326 384 355)
4(354 355 384 383)
4(298 327 385 356)
4(355 356 385 384)
4(299 328 386 357)
4(356 357 386 385)
4(300 329 387 358)
4(357 358 387 386)
4(301 330 388 359)
4(358 359 388 387)
4(302 331 389 360)
4(359 360 389 388)
4(303 332 390 361)
4(360 361 390 389)
4(304 333 391 362)
4(361 362 391 390)
4(305 334 392 363)
4(362 363 392 391)
4(306 335 393 364)
4(363 364 393 392)
4(307 336 394 365)
4(364 365 394 393)
4(308 337 395 366)
4(365 366 395 394)
4(309 338 396 367)
4(366 367 396 395)
4(310 339 397 368)
4(367 368 397 396)
4(311 340 398 369)
4(368 369 398 397)
4(312 341 399 370)
4(369 370 399 398)
4(313 342 400 371)
4(370 371 400 399)
4(314 343 401 372)
4(371 372 401 400)
4(315 344 402 373)
4(372 373 402 401)
4(316 345 403 374)
4(373 374 403 402)
4(317 346 404 375)
4(374 375 404 403)
4(375 376 405 404)
4(349 378 436 407)
4(406 407 436 435)
4(350 379 437 408)
4(407 408 437 436)
4(351 380 438 409)
4(408 409 438 437)
4(352 381 439 410)
4(409 410 439 438)
4(353 382 440 411)
4(410 411 440 439)
4(354 383 441 412)
4(411 412 441 440)
4(355 384 442 413)
4(412 413 442 441)
4(356 385 443 414)
4(413 414 443 442)
4(357 386 444 415)
4(414 415 444 443)
4(358 387 445 416)
4(415 416 445 444)
4(359 388 446 417)
4(416 417 446 445)
4(360 389 447 418)
4(417 418 447 446)
4(361 390 448 419)
4(418 419 448 447)
4(362 391 449 420)
4(419 420 449 448)
4(363 392 450 421)
4(420 421 450 449)
4(364 393 451 422)
4(421 422 451 450)
4(365 394 452 423)
4(422 423 452 451)
4(366 395 453 424)
4(423 424 453 452)
4(367 396 454 425)
4(424 425 454 453)
4(368 397 455 426)
4(425 426 455 454)
4(369 398 456 427)
4(426 427 456 455)
4(370 399 457 428)
4(427 428 457 456)
4(371 400 458 429)
4(428 429 458 457)
4(372 401 459 430)
4(429 430 459 458)
4(373 402 460 431)
4(430 431 460 459)
4(374 403 461 432)
4(431 432 461 460)
4(375 404 462 433)
4(432 433 462 461)
4(433 434 463 462)
4(407 436 494 465)
4(464 465 494 493)
4(408 437 495 466)
4(465 466 495 494)
4(409 438 496 467)
4(466 467 496 495)
4(410 439 497 468)
4(467 468 497 496)
4(411 440 498 469)
4(468 469 498 497)
4(412 441 499 470)
4(469 470 499 498)
4(413 442 500 471)
4(470 471 500 499)
4(414 443 501 472)
4(471 472 501 500)
4(415 444 502 473)
4(472 473 502 501)
4(416 445 503 474)
4(473 474 503 502)
4(417 446 504 475)
4(474 475 504 503)
4(418 447 505 476)
4(475 476 505 504)
4(419 448 506 477)
4(476 477 506 505)
4(420 449 507 478)
4(477 478 507 506)
4(421 450 508 479)
4(478 479 508 507)
4(422 451 509 480)
4(479 480 509 508)
4(423 452 510 481)
4(480 481 510 509)
4(424 453 511 482)
4(481 482 511 510)
4(425 454 512 483)
4(482 483 512 511)
4(426 455 513 484)
4(483 484 513 512)
4(427 456 514 485)
4(484 485 514 513)
4(428 457 515 486)
4(485 486 515 514)
4(429 458 516 487)
4(486 487 516 515)
4(430 459 517 488)
4(487 488 517 516)
4(431 460 518 489)
4(488 489 518 517)
4(432 461 519 490)
4(489 490 519 518)
4(433 462 520 491)
4(490 491 520 519)
4(491 492 521 520)
4(465 494 552 523)
4(522 523 552 551)
4(466 495 553 524)
4(523 524 553 552)
4(467 496 554 525)
4(524 525 554 553)
4(468 497 555 526)
4(525 526 555 554)
4(469 498 556 527)
4(526 527 556 555)
4(470 499 557 528)
4(527 528 557 556)
4(471 500 558 529)
4(528 529 558 557)
4(472 501 559 530)
4(529 530 559 558)
4(473 502 560 531)
4(530 531 560 559)
4(474 503 561 532)
4(531 532 561 560)
4(475 504 562 533)
4(532 533 562 561)
4(476 505 563 534)
4(533 534 563 562)
4(477 506 564 535)
4(534 535 564 563)
4(478 507 565 536)
4(535 536 565 564)
4(479 508 566 537)
4(536 537 566 565)
4(480 509 567 538)
4(537 538 567 566)
4(481 510 568 539)
4(538 539 568 567)
4(482 511 569 540)
4(539 540 569 568)
4(483 512 570 541)
4(540 541 570 569)
4(484 513 571 542)
4(541 542 571 570)
4(485 514 572 543)
4(542 543 572 571)
4(486 515 573 544)
4(543 544 573 572)
4(487 516 574 545)
4(544 545 574 573)
4(488 517 575 546)
4(545 546 575 574)
4(489 518 576 547)
4(546 547 576 575)
4(490 519 577 548)
4(547 548 577 576)
4(491 520 578 549)
4(548 549 578 577)
4(549 550 579 578)
4(523 552 610 581)
4(580 581 610 609)
4(524 553 611 582)
4(581 582 611 610)
4(525 554 612 583)
4(582 583 612 611)
4(526 555 613 584)
4(583 584 613 612)
4(527 556 614 585)
4(584 585 614 613)
4(528 557 615 586)
4(585 586 615 614)
4(529 558 616 587)
4(586 587 616 615)
4(530 559 617 588)
4(587 588 617 616)
4(531 560 618 589)
4(588 589 618 617)
4(532 561 619 590)
4(589 590 619 618)
4(533 562 620 591)
4(590 591 620 619)
4(534 563 621 592)
4(591 592 621 620)
4(535 564 622 593)
4(592 593 622 621)
4(536 565 623 594)
4(593 594 623 622)
4(537 566 624 595)
4(594 595 624 623)
4(538 567 625 596)
4(595 596 625 624)
4(539 568 626 597)
4(596 597 626 625)
4(540 569 627 598)
4(597 598 627 626)
4(541 570 628 599)
4(598 599 628 627)
4(542 571 629 600)
4(599 600 629 628)
4(543 572 630 601)
4(600 601 630 629)
4(544 573 631 602)
4(601 602 631 630)
4(545 574 632 603)
4(602 603 632 631)
4(546 575 633 604)
4(603 604 633 632)
4(547 576 634 605)
4(604 605 634 633)
4(548 577 635 606)
4(605 606 635 634)
4(549 578 636 607)
4(606 607 636 635)
4(607 608 637 636)
4(581 610 668 639)
4(638 639 668 667)
4(582 611 669 640)
4(639 640 669 668)
4(583 612 670 641)
4(640 641 670 669)
4(584 613 671 642)
4(641 642 671 670)
4(585 614 672 643)
4(642 643 672 671)
4(586 615 673 644)
4(643 644 673 672)
4(587 616 674 645)
4(644 645 674 673)
4(588 617 675 646)
4(645 646 675 674)
4(589 618 676 647)
4(646 647 676 675)
4(590 619 677 648)
4(647 648 677 676)
4(591 620 678 649)
4(648 649 678 677)
4(592 621 679 650)
4(649 650 679 678)
4(593 622 680 651)
4(650 651 680 679)
4(594 623 681 652)
4(651 652 681 680)
4(595 624 682 653)
4(652 653 682 681)
4(596 625 683 654)
4(653 654 683 682)
4(597 626 684 655)
4(654 655 684 683)
4(598 627 685 656)
4(655 656 685 684)
4(599 628 686 657)
4(656 657 686 685)
4(600 629 687 658)
4(657 658 687 686)
4(601 630 688 659)
4(658 659 688 687)
4(602 631 689 660)
4(659 660 689 688)
4(603 632 690 661)
4(660 661 690 689)
4(604 633 691 662)
4(661 662 691 690)
4(605 634 692 663)
4(662 663 692 691)
4(606 635 693 664)
4(663 664 693 692)
4(607 636 694 665)
4(664 665 694 693)
4(665 666 695 694)
4(639 668 726 697)
4(696 697 726 725)
4(640 669 727 698)
4(697 698 727 726)
4(641 670 728 699)
4(698 699 728 727)
4(642 671 729 700)
4(699 700 729 728)
4(643 672 730 701)
4(700 701 730 729)
4(644 673 731 702)
4(701 702 731 730)
4(645 674 732 703)
4(702 703 732 731)
4(646 675 733 704)
4(703 704 733 732)
4(647 676 734 705)
4(704 705 734 733)
4(648 677 735 706)
4(705 706 735 734)
4(649 678 736 707)
4(706 707 736 735)
4(650 679 737 708)
4(707 708 737 736)
4(651 680 738 709)
4(708 709 738 737)
4(652 681 739 710)
4(709 710 739 738)
4(653 682 740 711)
4(710 711 740 739)
4(654 683 741 712)
4(711 712 741 740)
4(655 684 742 713)
4(712 713 742 741)
4(656 685 743 714)
4(713 714 743 742)
4(657 686 744 715)
4(714 715 744 743)
4(658 687 745 716)
4(715 716 745 744)
4(659 688 746 717)
4(716 717 746 745)
4(660 689 747 718)
4(717 718 747 746)
4(661 690 748 719)
4(718 719 748 747)
4(662 691 749 720)
4(719 720 749 748)
4(663 692 750 721)
4(720 721 750 749)
4(664 693 751 722)
4(721 722 751 750)
4(665 694 752 723)
4(722 723 752 751)
4(723 724 753 752)
4(697 726 784 755)
4(754 755 784 783)
4(698 727 785 756)
4(755 756 785 784)
4(699 728 786 757)
4(756 757 786 785)
4(700 729 787 758)
4(757 758 787 786)
4(701 730 788 759)
4(758 759 788 787)
4(702 731 789 760)
4(759 760 789 788)
4(703 732 790 761)
4(760 761 790 789)
4(704 733 791 762)
4(761 762 791 790)
4(705 734 792 763)
4(762 763 792 791)
4(706 735 793 764)
4(763 764 793 792)
4(707 736 794 765)
4(764 765 794 793)
4(708 737 795 766)
4(765 766 795 794)
4(709 738 796 767)
4(766 767 796 795)
4(710 739 797 768)
4(767 768 797 796)
4(711 740 798 769)
4(768 769 798 797)
4(712 741 799 770)
4(769 770 799 798)
4(713 742 800 771)
4(770 771 800 799)
4(714 743 801 772)
4(771 772 801 800)
4(715 744 802 773)
4(772 773 802 801)
4(716 745 803 774)
4(773 774 803 802)
4(717 746 804 775)
4(774 775 804 803)
4(718 747 805 776)
4(775 776 805 804)
4(719 748 806 777)
4(776 777 806 805)
4(720 749 807 778)
4(777 778 807 806)
4(721 750 808 779)
4(778 779 808 807)
4(722 751 809 780)
4(779 780 809 808)
4(723 752 810 781)
4(780 781 810 809)
4(781 782 811 810)
4(755 784 842 813)
4(812 813 842 841)
4(756 785 843 814)
4(813 814 843 842)
4(757 786 844 815)
4(814 815 844 843)
4(758 787 845 816)
4(815 816 845 844)
4(759 788 846 817)
4(816 817 846 845)
4(760 789 847 818)
4(817 818 847 846)
4(761 790 848 819)
4(818 819 848 847)
4(762 791 849 820)
4(819 820 849 848)
4(763 792 850 821)
4(820 821 850 849)
4(764 793 851 822)
4(821 822 851 850)
4(765 794 852 823)
4(822 823 852 851)
4(766 795 853 824)
4(823 824 853 852)
4(767 796 854 825)
4(824 825 854 853)
4(768 797 855 826)
4(825 826 855 854)
4(769 798 856 827)
4(826 827 856 855)
4(770 799 857 828)
4(827 828 857 856)
4(771 800 858 829)
4(828 829 858 857)
4(772 801 859 830)
4(829 830 859 858)
4(773 802 860 831)
4(830 831 860 859)
4(774 803 861 832)
4(831 832 861 860)
4(775 804 862 833)
4(832 833 862 861)
4(776 805 863 834)
4(833 834 863 862)
4(777 806 864 835)
4(834 835 864 863)
4(778 807 865 836)
4(835 836 865 864)
4(779 808 866 837)
4(836 837 866 865)
4(780 809 867 838)
4(837 838 867 866)
4(781 810 868 839)
4(838 839 868 867)
4(839 840 869 868)
4(813 842 900 871)
4(870 871 900 899)
4(814 843 901 872)
4(871 872 901 900)
4(815 844 902 873)
4(872 873 902 901)
4(816 845 903 874)
4(873 874 903 902)
4(817 846 904 875)
4(874 875 904 903)
4(818 847 905 876)
4(875 876 905 904)
4(819 848 906 877)
4(876 877 906 905)
4(820 849 907 878)
4(877 878 907 906)
4(821 850 908 879)
4(878 879 908 907)
4(822 851 909 880)
4(879 880 909 908)
4(823 852 910 881)
4(880 881 910 909)
4(824 853 911 882)
4(881 882 911 910)
4(825 854 912 883)
4(882 883 912 911)
4(826 855 913 884)
4(883 884 913 912)
4(827 856 914 885)
4(884 885 914 913)
4(828 857 915 886)
4(885 886 915 914)
4(829 858 916 887)
4(886 887 916 915)
4(830 859 917 888)
4(887 888 917 916)
4(831 860 918 889)
4(888 889 918 917)
4(832 861 919 890)
4(889 890 919 918)
4(833 862 920 891)
4(890 891 920 919)
4(834 863 921 892)
4(891 892 921 920)
4(835 864 922 893)
4(892 893 922 921)
4(836 865 923 894)
4(893 894 923 922)
4(837 866 924 895)
4(894 895 924 923)
4(838 867 925 896)
4(895 896 925 924)
4(839 868 926 897)
4(896 897 926 925)
4(897 898 927 926)
4(871 900 958 929)
4(872 901 959 930)
4(873 902 960 931)
4(874 903 961 932)
4(875 904 962 933)
4(876 905 963 934)
4(877 906 964 935)
4(878 907 965 936)
4(879 908 966 937)
4(880 909 967 938)
4(937 938 967 966)
4(881 910 968 939)
4(938 939 968 967)
4(882 911 969 940)
4(939 940 969 968)
4(883 912 970 941)
4(940 941 970 969)
4(884 913 971 942)
4(941 942 971 970)
4(885 914 972 943)
4(942 943 972 971)
4(886 915 973 944)
4(943 944 973 972)
4(887 916 974 945)
4(944 945 974 973)
4(888 917 975 946)
4(945 946 975 974)
4(889 918 976 947)
4(946 947 976 975)
4(890 919 977 948)
4(947 948 977 976)
4(891 920 978 949)
4(948 949 978 977)
4(892 921 979 950)
4(949 950 979 978)
4(893 922 980 951)
4(950 951 980 979)
4(894 923 981 952)
4(951 952 981 980)
4(895 924 982 953)
4(952 953 982 981)
4(896 925 983 954)
4(953 954 983 982)
4(897 926 984 955)
4(954 955 984 983)
4(955 956 985 984)
4(938 967 1007 987)
4(939 968 1008 988)
4(940 969 1009 989)
4(941 970 1010 990)
4(942 971 1011 991)
4(943 972 1012 992)
4(944 973 1013 993)
4(945 974 1014 994)
4(946 975 1015 995)
4(947 976 1016 996)
4(948 977 1017 997)
4(949 978 1018 998)
4(950 979 1019 999)
4(951 980 1020 1000)
4(952 981 1021 1001)
4(953 982 1022 1002)
4(954 983 1023 1003)
4(955 984 1024 1004)
4(0 1 59 58)
4(58 59 117 116)
4(116 117 175 174)
4(174 175 233 232)
4(232 233 291 290)
4(290 291 349 348)
4(348 349 407 406)
4(406 407 465 464)
4(464 465 523 522)
4(522 523 581 580)
4(580 581 639 638)
4(638 639 697 696)
4(696 697 755 754)
4(754 755 813 812)
4(812 813 871 870)
4(870 871 929 928)
4(1 2 60 59)
4(59 60 118 117)
4(117 118 176 175)
4(175 176 234 233)
4(233 234 292 291)
4(291 292 350 349)
4(349 350 408 407)
4(407 408 466 465)
4(465 466 524 523)
4(523 524 582 581)
4(581 582 640 639)
4(639 640 698 697)
4(697 698 756 755)
4(755 756 814 813)
4(813 814 872 871)
4(871 872 930 929)
4(2 3 61 60)
4(60 61 119 118)
4(118 119 177 176)
4(176 177 235 234)
4(234 235 293 292)
4(292 293 351 350)
4(350 351 409 408)
4(408 409 467 466)
4(466 467 525 524)
4(524 525 583 582)
4(582 583 641 640)
4(640 641 699 698)
4(698 699 757 756)
4(756 757 815 814)
4(814 815 873 872)
4(872 873 931 930)
4(3 4 62 61)
4(61 62 120 119)
4(119 120 178 177)
4(177 178 236 235)
4(235 236 294 293)
4(293 294 352 351)
4(351 352 410 409)
4(409 410 468 467)
4(467 468 526 525)
4(525 526 584 583)
4(583 584 642 641)
4(641 642 700 699)
4(699 700 758 757)
4(757 758 816 815)
4(815 816 874 873)
4(873 874 932 931)
4(4 5 63 62)
4(62 63 121 120)
4(120 121 179 178)
4(178 179 237 236)
4(236 237 295 294)
4(294 295 353 352)
4(352 353 411 410)
4(410 411 469 468)
4(468 469 527 526)
4(526 527 585 584)
4(584 585 643 642)
4(642 643 701 700)
4(700 701 759 758)
4(758 759 817 816)
4(816 817 875 874)
4(874 875 933 932)
4(5 6 64 63)
4(63 64 122 121)
4(121 122 180 179)
4(179 180 238 237)
4(237 238 296 295)
4(295 296 354 353)
4(353 354 412 411)
4(411 412 470 469)
4(469 470 528 527)
4(527 528 586 585)
4(585 586 644 643)
4(643 644 702 701)
4(701 702 760 759)
4(759 760 818 817)
4(817 818 876 875)
4(875 876 934 933)
4(6 7 65 64)
4(64 65 123 122)
4(122 123 181 180)
4(180 181 239 238)
4(238 239 297 296)
4(296 297 355 354)
4(354 355 413 412)
4(412 413 471 470)
4(470 471 529 528)
4(528 529 587 586)
4(586 587 645 644)
4(644 645 703 702)
4(702 703 761 760)
4(760 761 819 818)
4(818 819 877 876)
4(876 877 935 934)
4(7 8 66 65)
4(65 66 124 123)
4(123 124 182 181)
4(181 182 240 239)
4(239 240 298 297)
4(297 298 356 355)
4(355 356 414 413)
4(413 414 472 471)
4(471 472 530 529)
4(529 530 588 587)
4(587 588 646 645)
4(645 646 704 703)
4(703 704 762 761)
4(761 762 820 819)
4(819 820 878 877)
4(877 878 936 935)
4(8 9 67 66)
4(66 67 125 124)
4(124 125 183 182)
4(182 183 241 240)
4(240 241 299 298)
4(298 299 357 356)
4(356 357 415 414)
4(414 415 473 472)
4(472 473 531 530)
4(530 531 589 588)
4(588 589 647 646)
4(646 647 705 704)
4(704 705 763 762)
4(762 763 821 820)
4(820 821 879 878)
4(878 879 937 936)
4(9 10 68 67)
4(67 68 126 125)
4(125 126 184 183)
4(183 184 242 241)
4(241 242 300 299)
4(299 300 358 357)
4(357 358 416 415)
4(415 416 474 473)
4(473 474 532 531)
4(531 532 590 589)
4(589 590 648 647)
4(647 648 706 705)
4(705 706 764 763)
4(763 764 822 821)
4(821 822 880 879)
4(879 880 938 937)
4(10 11 69 68)
4(68 69 127 126)
4(126 127 185 184)
4(184 185 243 242)
4(242 243 301 300)
4(300 301 359 358)
4(358 359 417 416)
4(416 417 475 474)
4(474 475 533 532)
4(532 533 591 590)
4(590 591 649 648)
4(648 649 707 706)
4(706 707 765 764)
4(764 765 823 822)
4(822 823 881 880)
4(880 881 939 938)
4(11 12 70 69)
4(69 70 128 127)
4(127 128 186 185)
4(185 186 244 243)
4(243 244 302 301)
4(301 302 360 359)
4(359 360 418 417)
4(417 418 476 475)
4(475 476 534 533)
4(533 534 592 591)
4(591 592 650 649)
4(649 650 708 707)
4(707 708 766 765)
4(765 766 824 823)
4(823 824 882 881)
4(881 882 940 939)
4(12 13 71 70)
4(70 71 129 128)
4(128 129 187 186)
4(186 187 245 244)
4(244 245 303 302)
4(302 303 361 360)
4(360 361 419 418)
4(418 419 477 476)
4(476 477 535 534)
4(534 535 593 592)
4(592 593 651 650)
4(650 651 709 708)
4(708 709 767 766)
4(766 767 825 824)
4(824 825 883 882)
4(882 883 941 940)
4(13 14 72 71)
4(71 72 130 129)
4(129 130 188 187)
4(187 188 246 245)
4(245 246 304 303)
4(303 304 362 361)
4(361 362 420 419)
4(419 420 478 477)
4(477 478 536 535)
4(535 536 594 593)
4(593 594 652 651)
4(651 652 710 709)
4(709 710 768 767)
4(767 768 826 825)
4(825 826 884 883)
4(883 884 942 941)
4(14 15 73 72)
4(72 73 131 130)
4(130 131 189 188)
4(188 189 247 246)
4(246 247 305 304)
4(304 305 363 362)
4(362 363 421 420)
4(420 421 479 478)
4(478 479 537 536)
4(536 537 595 594)
4(594 595 653 652)
4(652 653 711 710)
4(710 711 769 768)
4(768 769 827 826)
4(826 827 885 884)
4(884 885 943 942)
4(15 16 74 73)
4(73 74 132 131)
4(131 132 190 189)
4(189 190 248 247)
4(247 248 306 305)
4(305 306 364 363)
4(363 364 422 421)
4(421 422 480 479)
4(479 480 538 537)
4(537 538 596 595)
4(595 596 654 653)
4(653 654 712 711)
4(711 712 770 769)
4(769 770 828 827)
4(827 828 886 885)
4(885 886 944 943)
4(16 17 75 74)
4(74 75 133 132)
4(132 133 191 190)
4(190 191 249 248)
4(248 249 307 306)
4(306 307 365 364)
4(364 365 423 422)
4(422 423 481 480)
4(480 481 539 538)
4(538 539 597 596)
4(596 597 655 654)
4(654 655 713 712)
4(712 713 771 770)
4(770 771 829 828)
4(828 829 887 886)
4(886 887 945 944)
4(17 18 76 75)
4(75 76 134 133)
4(133 134 192 191)
4(191 192 250 249)
4(249 250 308 307)
4(307 308 366 365)
4(365 366 424 423)
4(423 424 482 481)
4(481 482 540 539)
4(539 540 598 597)
4(597 598 656 655)
4(655 656 714 713)
4(713 714 772 771)
4(771 772 830 829)
4(829 830 888 887)
4(887 888 946 945)
4(18 19 77 76)
4(76 77 135 134)
4(134 135 193 192)
4(192 193 251 250)
4(250 251 309 308)
4(308 309 367 366)
4(366 367 425 424)
4(424 425 483 482)
4(482 483 541 540)
4(540 541 599 598)
4(598 599 657 656)
4(656 657 715 714)
4(714 715 773 772)
4(772 773 831 830)
4(830 831 889 888)
4(888 889 947 946)
4(19 20 78 77)
4(77 78 136 135)
4(135 136 194 193)
4(193 194 252 251)
4(251 252 310 309)
4(309 310 368 367)
4(367 368 426 425)
4(425 426 484 483)
4(483 484 542 541)
4(541 542 600 599)
4(599 600 658 657)
4(657 658 716 715)
4(715 716 774 773)
4(773 774 832 831)
4(831 832 890 889)
4(889 890 948 947)
4(20 21 79 78)
4(78 79 137 136)
4(136 137 195 194)
4(194 195 253 252)
4(252 253 311 310)
4(310 311 369 368)
4(368 369 427 426)
4(426 427 485 484)
4(484 485 543 542)
4(542 543 601 600)
4(600 601 659 658)
4(658 659 717 716)
4(716 717 775 774)
4(774 775 833 832)
4(832 833 891 890)
4(890 891 949 948)
4(21 22 80 79)
4(79 80 138 137)
4(137 138 196 195)
4(195 196 254 253)
4(253 254 312 311)
4(311 312 370 369)
4(369 370 428 427)
4(427 428 486 485)
4(485 486 544 543)
4(543 544 602 601)
4(601 602 660 659)
4(659 660 718 717)
4(717 718 776 775)
4(775 776 834 833)
4(833 834 892 891)
4(891 892 950 949)
4(22 23 81 80)
4(80 81 139 138)
4(138 139 197 196)
4(196 197 255 254)
4(254 255 313 312)
4(312 313 371 370)
4(370 371 429 428)
4(428 429 487 486)
4(486 487 545 544)
4(544 545 603 602)
4(602 603 661 660)
4(660 661 719 718)
4(718 719 777 776)
4(776 777 835 834)
4(834 835 893 892)
4(892 893 951 950)
4(23 24 82 81)
4(81 82 140 139)
4(139 140 198 197)
4(197 198 256 255)
4(255 256 314 313)
4(313 314 372 371)
4(371 372 430 429)
4(429 430 488 487)
4(487 488 546 545)
4(545 546 604 603)
4(603 604 662 661)
4(661 662 720 719)
4(719 720 778 777)
4(777 778 836 835)
4(835 836 894 893)
4(893 894 952 951)
4(24 25 83 82)
4(82 83 141 140)
4(140 141 199 198)
4(198 199 257 256)
4(256 257 315 314)
4(314 315 373 372)
4(372 373 431 430)
4(430 431 489 488)
4(488 489 547 546)
4(546 547 605 604)
4(604 605 663 662)
4(662 663 721 720)
4(720 721 779 778)
4(778 779 837 836)
4(836 837 895 894)
4(894 895 953 952)
4(25 26 84 83)
4(83 84 142 141)
4(141 142 200 199)
4(199 200 258 257)
4(257 258 316 315)
4(315 316 374 373)
4(373 374 432 431)
4(431 432 490 489)
4(489 490 548 547)
4(547 548 606 605)
4(605 606 664 663)
4(663 664 722 721)
4(721 722 780 779)
4(779 780 838 837)
4(837 838 896 895)
4(895 896 954 953)
4(26 27 85 84)
4(84 85 143 142)
4(142 143 201 200)
4(200 201 259 258)
4(258 259 317 316)
4(316 317 375 374)
4(374 375 433 432)
4(432 433 491 490)
4(490 491 549 548)
4(548 549 607 606)
4(606 607 665 664)
4(664 665 723 722)
4(722 723 781 780)
4(780 781 839 838)
4(838 839 897 896)
4(896 897 955 954)
4(27 28 86 85)
4(85 86 144 143)
4(143 144 202 201)
4(201 202 260 259)
4(259 260 318 317)
4(317 318 376 375)
4(375 376 434 433)
4(433 434 492 491)
4(491 492 550 549)
4(549 550 608 607)
4(607 608 666 665)
4(665 666 724 723)
4(723 724 782 781)
4(781 782 840 839)
4(839 840 898 897)
4(897 898 956 955)
4(29 87 88 30)
4(87 145 146 88)
4(145 203 204 146)
4(203 261 262 204)
4(261 319 320 262)
4(319 377 378 320)
4(377 435 436 378)
4(435 493 494 436)
4(493 551 552 494)
4(551 609 610 552)
4(609 667 668 610)
4(667 725 726 668)
4(725 783 784 726)
4(783 841 842 784)
4(841 899 900 842)
4(899 957 958 900)
4(30 88 89 31)
4(88 146 147 89)
4(146 204 205 147)
4(204 262 263 205)
4(262 320 321 263)
4(320 378 379 321)
4(378 436 437 379)
4(436 494 495 437)
4(494 552 553 495)
4(552 610 611 553)
4(610 668 669 611)
4(668 726 727 669)
4(726 784 785 727)
4(784 842 843 785)
4(842 900 901 843)
4(900 958 959 901)
4(31 89 90 32)
4(89 147 148 90)
4(147 205 206 148)
4(205 263 264 206)
4(263 321 322 264)
4(321 379 380 322)
4(379 437 438 380)
4(437 495 496 438)
4(495 553 554 496)
4(553 611 612 554)
4(611 669 670 612)
4(669 727 728 670)
4(727 785 786 728)
4(785 843 844 786)
4(843 901 902 844)
4(901 959 960 902)
4(32 90 91 33)
4(90 148 149 91)
4(148 206 207 149)
4(206 264 265 207)
4(264 322 323 265)
4(322 380 381 323)
4(380 438 439 381)
4(438 496 497 439)
4(496 554 555 497)
4(554 612 613 555)
4(612 670 671 613)
4(670 728 729 671)
4(728 786 787 729)
4(786 844 845 787)
4(844 902 903 845)
4(902 960 961 903)
4(33 91 92 34)
4(91 149 150 92)
4(149 207 208 150)
4(207 265 266 208)
4(265 323 324 266)
4(323 381 382 324)
4(381 439 440 382)
4(439 497 498 440)
4(497 555 556 498)
4(555 613 614 556)
4(613 671 672 614)
4(671 729 730 672)
4(729 787 788 730)
4(787 845 846 788)
4(845 903 904 846)
4(903 961 962 904)
4(34 92 93 35)
4(92 150 151 93)
4(150 208 209 151)
4(208 266 267 209)
4(266 324 325 267)
4(324 382 383 325)
4(382 440 441 383)
4(440 498 499 441)
4(498 556 557 499)
4(556 614 615 557)
4(614 672 673 615)
4(672 730 731 673)
4(730 788 789 731)
4(788 846 847 789)
4(846 904 905 847)
4(904 962 963 905)
4(35 93 94 36)
4(93 151 152 94)
4(151 209 210 152)
4(209 267 268 210)
4(267 325 326 268)
4(325 383 384 326)
4(383 441 442 384)
4(441 499 500 442)
4(499 557 558 500)
4(557 615 616 558)
4(615 673 674 616)
4(673 731 732 674)
4(731 789 790 732)
4(789 847 848 790)
4(847 905 906 848)
4(905 963 964 906)
4(36 94 95 37)
4(94 152 153 95)
4(152 210 211 153)
4(210 268 269 211)
4(268 326 327 269)
4(326 384 385 327)
4(384 442 443 385)
4(442 500 501 443)
4(500 558 559 501)
4(558 616 617 559)
4(616 674 675 617)
4(674 732 733 675)
4(732 790 791 733)
4(790 848 849 791)
4(848 906 907 849)
4(906 964 965 907)
4(37 95 96 38)
4(95 153 154 96)
4(153 211 212 154)
4(211 269 270 212)
4(269 327 328 270)
4(327 385 386 328)
4(385 443 444 386)
4(443 501 502 444)
4(501 559 560 502)
4(559 617 618 560)
4(617 675 676 618)
4(675 733 734 676)
4(733 791 792 734)
4(791 849 850 792)
4(849 907 908 850)
4(907 965 966 908)
4(38 96 97 39)
4(96 154 155 97)
4(154 212 213 155)
4(212 270 271 213)
4(270 328 329 271)
4(328 386 387 329)
4(386 444 445 387)
4(444 502 503 445)
4(502 560 561 503)
4(560 618 619 561)
4(618 676 677 619)
4(676 734 735 677)
4(734 792 793 735)
4(792 850 851 793)
4(850 908 909 851)
4(908 966 967 909)
4(39 97 98 40)
4(97 155 156 98)
4(155 213 214 156)
4(213 271 272 214)
4(271 329 330 272)
4(329 387 388 330)
4(387 445 446 388)
4(445 503 504 446)
4(503 561 562 504)
4(561 619 620 562)
4(619 677 678 620)
4(677 735 736 678)
4(735 793 794 736)
4(793 851 852 794)
4(851 909 910 852)
4(909 967 968 910)
4(40 98 99 41)
4(98 156 157 99)
4(156 214 215 157)
4(214 272 273 215)
4(272 330 331 273)
4(330 388 389 331)
4(388 446 447 389)
4(446 504 505 447)
4(504 562 563 505)
4(562 620 621 563)
4(620 678 679 621)
4(678 736 737 679)
4(736 794 795 737)
4(794 852 853 795)
4(852 910 911 853)
4(910 968 969 911)
4(41 99 100 42)
4(99 157 158 100)
4(157 215 216 158)
4(215 273 274 216)
4(273 331 332 274)
4(331 389 390 332)
4(389 447 448 390)
4(447 505 506 448)
4(505 563 564 506)
4(563 621 622 564)
4(621 679 680 622)
4(679 737 738 680)
4(737 795 796 738)
4(795 853 854 796)
4(853 911 912 854)
4(911 969 970 912)
4(42 100 101 43)
4(100 158 159 101)
4(158 216 217 159)
4(216 274 275 217)
4(274 332 333 275)
4(332 390 391 333)
4(390 448 449 391)
4(448 506 507 449)
4(506 564 565 507)
4(564 622 623 565)
4(622 680 681 623)
4(680 738 739 681)
4(738 796 797 739)
4(796 854 855 797)
4(854 912 913 855)
4(912 970 971 913)
4(43 101 102 44)
4(101 159 160 102)
4(159 217 218 160)
4(217 275 276 218)
4(275 333 334 276)
4(333 391 392 334)
4(391 449 450 392)
4(449 507 508 450)
4(507 565 566 508)
4(565 623 624 566)
4(623 681 682 624)
4(681 739 740 682)
4(739 797 798 740)
4(797 855 856 798)
4(855 913 914 856)
4(913 971 972 914)
4(44 102 103 45)
4(102 160 161 103)
4(160 218 219 161)
4(218 276 277 219)
4(276 334 335 277)
4(334 392 393 335)
4(392 450 451 393)
4(450 508 509 451)
4(508 566 567 509)
4(566 624 625 567)
4(624 682 683 625)
4(682 740 741 683)
4(740 798 799 741)
4(798 856 857 799)
4(856 914 915 857)
4(914 972 973 915)
4(45 103 104 46)
4(103 161 162 104)
4(161 219 220 162)
4(219 277 278 220)
4(277 335 336 278)
4(335 393 394 336)
4(393 451 452 394)
4(451 509 510 452)
4(509 567 568 510)
4(567 625 626 568)
4(625 683 684 626)
4(683 741 742 684)
4(741 799 800 742)
4(799 857 858 800)
4(857 915 916 858)
4(915 973 974 916)
4(46 104 105 47)
4(104 162 163 105)
4(162 220 221 163)
4(220 278 279 221)
4(278 336 337 279)
4(336 394 395 337)
4(394 452 453 395)
4(452 510 511 453)
4(510 568 569 511)
4(568 626 627 569)
4(626 684 685 627)
4(684 742 743 685)
4(742 800 801 743)
4(800 858 859 801)
4(858 916 917 859)
4(916 974 975 917)
4(47 105 106 48)
4(105 163 164 106)
4(163 221 222 164)
4(221 279 280 222)
4(279 337 338 280)
4(337 395 396 338)
4(395 453 454 396)
4(453 511 512 454)
4(511 569 570 512)
4(569 627 628 570)
4(627 685 686 628)
4(685 743 744 686)
4(743 801 802 744)
4(801 859 860 802)
4(859 917 918 860)
4(917 975 976 918)
4(48 106 107 49)
4(106 164 165 107)
4(164 222 223 165)
4(222 280 281 223)
4(280 338 339 281)
4(338 396 397 339)
4(396 454 455 397)
4(454 512 513 455)
4(512 570 571 513)
4(570 628 629 571)
4(628 686 687 629)
4(686 744 745 687)
4(744 802 803 745)
4(802 860 861 803)
4(860 918 919 861)
4(918 976 977 919)
4(49 107 108 50)
4(107 165 166 108)
4(165 223 224 166)
4(223 281 282 224)
4(281 339 340 282)
4(339 397 398 340)
4(397 455 456 398)
4(455 513 514 456)
4(513 571 572 514)
4(571 629 630 572)
4(629 687 688 630)
4(687 745 746 688)
4(745 803 804 746)
4(803 861 862 804)
4(861 919 920 862)
4(919 977 978 920)
4(50 108 109 51)
4(108 166 167 109)
4(166 224 225 167)
4(224 282 283 225)
4(282 340 341 283)
4(340 398 399 341)
4(398 456 457 399)
4(456 514 515 457)
4(514 572 573 515)
4(572 630 631 573)
4(630 688 689 631)
4(688 746 747 689)
4(746 804 805 747)
4(804 862 863 805)
4(862 920 921 863)
4(920 978 979 921)
4(51 109 110 52)
4(109 167 168 110)
4(167 225 226 168)
4(225 283 284 226)
4(283 341 342 284)
4(341 399 400 342)
4(399 457 458 400)
4(457 515 516 458)
4(515 573 574 516)
4(573 631 632 574)
4(631 689 690 632)
4(689 747 748 690)
4(747 805 806 748)
4(805 863 864 806)
4(863 921 922 864)
4(921 979 980 922)
4(52 110 111 53)
4(110 168 169 111)
4(168 226 227 169)
4(226 284 285 227)
4(284 342 343 285)
4(342 400 401 343)
4(400 458 459 401)
4(458 516 517 459)
4(516 574 575 517)
4(574 632 633 575)
4(632 690 691 633)
4(690 748 749 691)
4(748 806 807 749)
4(806 864 865 807)
4(864 922 923 865)
4(922 980 981 923)
4(53 111 112 54)
4(111 169 170 112)
4(169 227 228 170)
4(227 285 286 228)
4(285 343 344 286)
4(343 401 402 344)
4(401 459 460 402)
4(459 517 518 460)
4(517 575 576 518)
4(575 633 634 576)
4(633 691 692 634)
4(691 749 750 692)
4(749 807 808 750)
4(807 865 866 808)
4(865 923 924 866)
4(923 981 982 924)
4(54 112 113 55)
4(112 170 171 113)
4(170 228 229 171)
4(228 286 287 229)
4(286 344 345 287)
4(344 402 403 345)
4(402 460 461 403)
4(460 518 519 461)
4(518 576 577 519)
4(576 634 635 577)
4(634 692 693 635)
4(692 750 751 693)
4(750 808 809 751)
4(808 866 867 809)
4(866 924 925 867)
4(924 982 983 925)
4(55 113 114 56)
4(113 171 172 114)
4(171 229 230 172)
4(229 287 288 230)
4(287 345 346 288)
4(345 403 404 346)
4(403 461 462 404)
4(461 519 520 462)
4(519 577 578 520)
4(577 635 636 578)
4(635 693 694 636)
4(693 751 752 694)
4(751 809 810 752)
4(809 867 868 810)
4(867 925 926 868)
4(925 983 984 926)
4(56 114 115 57)
4(114 172 173 115)
4(172 230 231 173)
4(230 288 289 231)
4(288 346 347 289)
4(346 404 405 347)
4(404 462 463 405)
4(462 520 521 463)
4(520 578 579 521)
4(578 636 637 579)
4(636 694 695 637)
4(694 752 753 695)
4(752 810 811 753)
4(810 868 869 811)
4(868 926 927 869)
4(926 984 985 927)
4(937 938 987 986)
4(938 939 988 987)
4(939 940 989 988)
4(940 941 990 989)
4(941 942 991 990)
4(942 943 992 991)
4(943 944 993 992)
4(944 945 994 993)
4(945 946 995 994)
4(946 947 996 995)
4(947 948 997 996)
4(948 949 998 997)
4(949 950 999 998)
4(950 951 1000 999)
4(951 952 1001 1000)
4(952 953 1002 1001)
4(953 954 1003 1002)
4(954 955 1004 1003)
4(955 956 1005 1004)
4(966 1006 1007 967)
4(967 1007 1008 968)
4(968 1008 1009 969)
4(969 1009 1010 970)
4(970 1010 1011 971)
4(971 1011 1012 972)
4(972 1012 1013 973)
4(973 1013 1014 974)
4(974 1014 1015 975)
4(975 1015 1016 976)
4(976 1016 1017 977)
4(977 1017 1018 978)
4(978 1018 1019 979)
4(979 1019 1020 980)
4(980 1020 1021 981)
4(981 1021 1022 982)
4(982 1022 1023 983)
4(983 1023 1024 984)
4(984 1024 1025 985)
4(1004 1005 1025 1024)
4(28 57 115 86)
4(86 115 173 144)
4(144 173 231 202)
4(202 231 289 260)
4(260 289 347 318)
4(318 347 405 376)
4(376 405 463 434)
4(434 463 521 492)
4(492 521 579 550)
4(550 579 637 608)
4(608 637 695 666)
4(666 695 753 724)
4(724 753 811 782)
4(782 811 869 840)
4(840 869 927 898)
4(898 927 985 956)
4(956 985 1025 1005)
4(928 929 958 957)
4(929 930 959 958)
4(930 931 960 959)
4(931 932 961 960)
4(932 933 962 961)
4(933 934 963 962)
4(934 935 964 963)
4(935 936 965 964)
4(936 937 966 965)
4(937 986 1006 966)
4(986 987 1007 1006)
4(987 988 1008 1007)
4(988 989 1009 1008)
4(989 990 1010 1009)
4(990 991 1011 1010)
4(991 992 1012 1011)
4(992 993 1013 1012)
4(993 994 1014 1013)
4(994 995 1015 1014)
4(995 996 1016 1015)
4(996 997 1017 1016)
4(997 998 1018 1017)
4(998 999 1019 1018)
4(999 1000 1020 1019)
4(1000 1001 1021 1020)
4(1001 1002 1022 1021)
4(1002 1003 1023 1022)
4(1003 1004 1024 1023)
4(27 56 57 28)
4(0 29 30 1)
4(1 30 31 2)
4(2 31 32 3)
4(3 32 33 4)
4(4 33 34 5)
4(5 34 35 6)
4(6 35 36 7)
4(7 36 37 8)
4(8 37 38 9)
4(9 38 39 10)
4(10 39 40 11)
4(11 40 41 12)
4(12 41 42 13)
4(13 42 43 14)
4(14 43 44 15)
4(15 44 45 16)
4(16 45 46 17)
4(17 46 47 18)
4(18 47 48 19)
4(19 48 49 20)
4(20 49 50 21)
4(21 50 51 22)
4(22 51 52 23)
4(23 52 53 24)
4(24 53 54 25)
4(25 54 55 26)
4(26 55 56 27)
4(0 58 87 29)
4(58 116 145 87)
4(116 174 203 145)
4(174 232 261 203)
4(232 290 319 261)
4(290 348 377 319)
4(348 406 435 377)
4(406 464 493 435)
4(464 522 551 493)
4(522 580 609 551)
4(580 638 667 609)
4(638 696 725 667)
4(696 754 783 725)
4(754 812 841 783)
4(812 870 899 841)
4(870 928 957 899)
)


// ************************************************************************* //
