/*--------------------------------*- C++ -*----------------------------------*\
  =========                 |
  \\      /  F ield         | OpenFOAM: The Open Source CFD Toolbox
   \\    /   O peration     | Website:  https://openfoam.org
    \\  /    A nd           | Version:  12
     \\/     M anipulation  |
\*---------------------------------------------------------------------------*/
FoamFile
{
    format      ascii;
    class       volScalarField;
    location    "1700";
    object      p;
}
// * * * * * * * * * * * * * * * * * * * * * * * * * * * * * * * * * * * * * //

dimensions      [0 2 -2 0 0 0 0];

internalField   nonuniform List<scalar> 
467
(
0.0015034827
0.001459252
0.0014145704
0.001369417
0.0013237728
0.0012776197
0.0012309411
0.0011837223
0.0011359505
0.0010876162
0.0010387134
0.00098924066
0.00093920324
0.00088861297
0.00083749554
0.00078588308
0.00073384647
0.00068143612
0.00062885649
0.00057608067
0.00052385426
0.00047134089
0.0015051205
0.0014608372
0.0014161029
0.001370897
0.0013252004
0.0012789951
0.0012322645
0.0011849938
0.0011371703
0.0010887841
0.0010398292
0.00099030362
0.00094021203
0.00088956564
0.0008383887
0.0007867125
0.00073460361
0.00068211331
0.00062942941
0.00057654196
0.0005241182
0.00047144892
0.00042155395
0.00036918359
0.00032953426
0.0015070935
0.0014627493
0.0014179534
0.0013726857
0.0013269272
0.0012806599
0.0012338673
0.0011865346
0.0011386488
0.0010902001
0.0010411819
0.00099159195
0.00094143404
0.0008907186
0.00083946805
0.00078771248
0.00073551327
0.00068292207
0.00063010711
0.00057707628
0.00052440596
0.0004715278
0.0004209766
0.00036843077
0.00032616154
0.00027262655
0.0002368268
-2.6437193e-06
0.0015094532
0.0014650392
0.0014201725
0.0013748332
0.0013290023
0.0012826623
0.0012357965
0.0011883901
0.0011404301
0.0010919063
0.0010428117
0.0009931436
0.00094290477
0.0008921045
0.00084076301
0.0007889086
0.00073659648
0.0006838776
0.00063089794
0.00057768186
0.00052470494
0.00047154304
0.00042020088
0.00036730617
0.00032206164
0.00026710137
0.0002195218
1.4524712e-05
0.001512225
0.0014677356
0.001422791
0.001377372
0.0013314598
0.0012850371
0.0012380874
0.0011905957
0.0011425491
0.0010939371
0.001044752
0.0009949905
0.00094465413
0.00089375068
0.00084229767
0.00079032081
0.00073786807
0.0006849879
0.0006318017
0.00057834601
0.00052498977
0.00047144157
0.00041915986
0.00036565971
0.00031711732
0.00026011593
0.00020105679
3.0509278e-05
0.0015155
0.0014709283
0.0014258975
0.0013803889
0.0013343842
0.0012878664
0.0012408191
0.0011932275
0.0011450785
0.0010963612
0.0010470674
0.0009971926
0.00094673705
0.00089570649
0.00084411507
0.0007919848
0.00073935528
0.00068626975
0.0006328232
0.00057905659
0.00052523158
0.00047116109
0.00041777609
0.00036333777
0.00031121568
0.00025168979
0.00018272385
4.3757176e-05
0.0015190578
0.0014744153
0.0014293065
0.0013837137
0.0013376194
0.0012910069
0.0012438601
0.0011961645
0.0011479066
0.0010990753
0.0010496616
0.00099965987
0.00094906828
0.00089789007
0.00084613525
0.00079382076
0.00074097644
0.00068763685
0.00063386909
0.0005797078
0.00052531174
0.00047055525
0.00041589825
0.00036014013
0.00030434699
0.00024188718
0.0001656296
5.2780485e-05
0.0015233786
0.0014786656
0.0014334754
0.0013877912
0.0013415966
0.0012948755
0.0012476126
0.0011997933
0.0011514043
0.0011024338
0.001052872
0.0010027116
0.00095194867
0.00090058294
0.00084861937
0.00079606818
0.00074294784
0.00068928025
0.0006351032
0.00058043294
0.00052533336
0.00046969207
0.00041358375
0.00035613546
0.00029678552
0.00023144656
0.0001507297
5.7315492e-05
0.0015269563
0.0014822377
0.0014370239
0.0013912999
0.0013450507
0.0012982612
0.0012509168
0.0012030035
0.0011545078
0.0011054174
0.0010557216
0.0010054111
0.00095447894
0.00090292087
0.0008507356
0.00079792484
0.00074449388
0.00069044802
0.00063579442
0.00058052011
0.00052460476
0.00046790967
0.00041022775
0.00035086577
0.00028833852
0.00022076343
0.00013785891
5.7685177e-05
0.0015321935
0.0014874928
0.0014422702
0.0013965127
0.0013502073
0.0013033403
0.0012558982
0.0012078675
0.001159235
0.0011099879
0.001060114
0.001009602
0.0009584415
0.00090662322
0.00085413864
0.00080097935
0.00074713591
0.00069259401
0.00063732988
0.000581295
0.00052439892
0.00046645852
0.00040709696
0.00034573261
0.00028058283
0.00021135716
0.00012807958
5.615735e-05
0.0015329582
0.0014884609
0.0014434029
0.0013977741
0.0013515638
0.0013047603
0.0012573517
0.0012093252
0.0011606682
0.0011113673
0.0010614091
0.0010107797
0.00095946495
0.00090744969
0.00085471733
0.00080124832
0.00074701765
0.00069199044
0.00063611405
0.00057930555
0.00052142378
0.00046224974
0.00040134256
0.0003382297
0.00027123558
0.00020107543
0.00011883315
5.2224877e-05
0.0015382312
0.0014940101
0.0014491737
0.0014037151
0.0013576259
0.0013108969
0.0012635174
0.001215476
0.0011667605
0.0011173574
0.0010672521
0.0010164284
0.00096486825
0.00091255088
0.00085945186
0.00080554101
0.00075077927
0.00069511395
0.00063847019
0.00058074093
0.00052175983
0.00046130072
0.00039894192
0.00033434503
0.00026610709
0.0001955407
0.00011460815
5.0618495e-05
0.0015286483
0.0014851147
0.0014409014
0.0013960044
0.0013504177
0.0013041337
0.0012571436
0.0012094371
0.0011610026
0.0011118259
0.0010618906
0.0010111779
0.00095966615
0.0009073294
0.00085413644
0.00080004855
0.00074501643
0.0006889759
0.0006318407
0.00057349579
0.00051377648
0.00045248048
0.00038925579
0.00032390294
0.00025533079
0.00018517466
0.00010658306
4.5928359e-05
0.0015321145
0.0014893041
0.0014457321
0.0014013962
0.0013562925
0.0013104126
0.0012637458
0.0012162843
0.0011680205
0.0011189414
0.0010690293
0.0010182641
0.00096662238
0.00091407587
0.00086059028
0.00080612349
0.00075062301
0.00069402295
0.00063623878
0.00057716424
0.00051665615
0.00045455439
0.00039058144
0.00032464828
0.00025581735
0.00018581235
0.00010772422
4.6986758e-05
0.001495455
0.0014542604
0.0014122521
0.0013694209
0.0013257574
0.0012812507
0.0012358893
0.0011896601
0.0011425487
0.0010945385
0.0010456103
0.00099574253
0.00094491033
0.0008930847
0.00084023156
0.00078631052
0.00073127332
0.00067506209
0.00061760663
0.0005588243
0.00049861061
0.00043686391
0.00037340277
0.00030825996
0.00024075822
0.00017276041
9.8464362e-05
4.1926535e-05
0.0014973771
0.0014569734
0.0014157064
0.0013735632
0.0013305296
0.0012865909
0.0012417324
0.0011959387
0.0011491934
0.0011014789
0.0010527761
0.0010030637
0.00095231807
0.00090051249
0.00084761638
0.00079359455
0.00073840605
0.00068200304
0.00062432854
0.00056531677
0.00050488308
0.00044294667
0.00037933975
0.00031409231
0.00024645269
0.00017815717
0.00010280874
4.4450011e-05
0.0014003256
0.0013641613
0.001326995
0.0012888112
0.0012495935
0.0012093258
0.0011679923
0.0011255772
0.0010820644
0.0010374376
0.00099168024
0.0009447752
0.00089670486
0.00084745102
0.00079699484
0.0007453169
0.00069239736
0.00063821641
0.00058275435
0.00052599456
0.00046791833
0.00040852999
0.00034778429
0.00028584727
0.00022225253
0.00015879876
9.0268798e-05
3.8308169e-05
)
;

boundaryField
{
    inlet
    {
        type            zeroGradient;
    }
    top
    {
        type            zeroGradient;
    }
    outlet
    {
        type            fixedValue;
        value           uniform 0;
    }
    slipsurface
    {
        type            slip;
    }
    bottom
    {
        type            zeroGradient;
    }
    frontandback
    {
        type            empty;
    }
    procBoundary0to1
    {
        type            processor;
        value           nonuniform List<scalar> 
29
(
0.001457946
0.0014133088
0.0013681996
0.0013225991
0.0012764896
0.0012298543
0.0011826783
0.0011349492
0.0010866575
0.0010377975
0.00098836806
0.00093837474
0.00088782998
0.00083676061
0.00078519935
0.0007332206
0.00068087379
0.00062837707
0.00057568883
0.00052361953
0.00047122518
0.00042198165
0.00042198165
0.00036968368
0.00033227769
0.00027674003
0.00027674003
0.00025237402
-1.9540527e-05
)
;
    }
    procBoundary0to2
    {
        type            processor;
        value           uniform 0.0015021323;
    }
    procBoundary0to3
    {
        type            processor;
        value           nonuniform List<scalar> 
17
(
0.0015472836
0.0015489736
0.0015510069
0.0015534348
0.0015562793
0.0015596318
0.0015632525
0.0015676311
0.0015711948
0.0015763848
0.0015769038
0.0015818428
0.001571505
0.0015741641
0.0015358447
0.0015369289
0.0014355021
)
;
    }
}


// ************************************************************************* //
