/*--------------------------------*- C++ -*----------------------------------*\
  =========                 |
  \\      /  F ield         | OpenFOAM: The Open Source CFD Toolbox
   \\    /   O peration     | Website:  https://openfoam.org
    \\  /    A nd           | Version:  12
     \\/     M anipulation  |
\*---------------------------------------------------------------------------*/
FoamFile
{
    format      ascii;
    class       surfaceScalarField;
    location    "400";
    object      phi;
}
// * * * * * * * * * * * * * * * * * * * * * * * * * * * * * * * * * * * * * //

dimensions      [0 3 -1 0 0 0 0];

internalField   nonuniform List<scalar> 
3435
(
5.2201679e-05
4.6454915e-06
5.1990839e-05
4.3710515e-06
5.1793617e-05
4.1206384e-06
5.1608593e-05
3.8913006e-06
5.143452e-05
3.6805308e-06
5.1270316e-05
3.4862377e-06
5.1115054e-05
3.3065107e-06
5.0967934e-05
3.1397202e-06
5.0828263e-05
2.9844734e-06
5.069544e-05
2.839606e-06
5.0568935e-05
2.7041157e-06
5.0448284e-05
2.5771394e-06
5.0333073e-05
2.4579293e-06
5.0222937e-05
2.3458236e-06
5.0117545e-05
2.2402434e-06
5.0016603e-05
2.1406577e-06
4.9919845e-05
2.0465588e-06
4.9827029e-05
1.9575438e-06
4.9737936e-05
1.8732672e-06
4.9652364e-05
1.7933825e-06
4.9570129e-05
1.7175829e-06
4.9491062e-05
1.6455969e-06
4.9415006e-05
1.5771563e-06
4.9341817e-05
1.5120273e-06
4.9271361e-05
1.4500342e-06
4.9203511e-05
1.390985e-06
4.9138151e-05
1.3346794e-06
4.9075174e-05
1.2809291e-06
4.9014477e-05
1.2296245e-06
4.8955964e-05
1.1806734e-06
4.8899544e-05
1.133913e-06
4.884513e-05
1.0892165e-06
4.8792641e-05
1.046473e-06
4.8742003e-05
1.0055728e-06
4.8693141e-05
9.6644066e-07
4.8645987e-05
9.2898929e-07
4.8600474e-05
8.931183e-07
4.855654e-05
8.587528e-07
4.8514124e-05
8.258417e-07
4.8473171e-05
7.9430656e-07
4.8433625e-05
7.6406108e-07
4.8395433e-05
7.3506284e-07
4.8358547e-05
7.0724906e-07
4.8322917e-05
6.8055817e-07
4.8288499e-05
6.5496209e-07
4.8255247e-05
6.3040963e-07
4.8223121e-05
6.0683741e-07
4.8192077e-05
5.8420565e-07
4.8162078e-05
5.6248567e-07
4.8133084e-05
5.4165422e-07
4.8105058e-05
5.2167573e-07
4.8077961e-05
5.0258928e-07
4.8051762e-05
4.8423701e-07
4.8026395e-05
4.6725151e-07
4.8001929e-05
4.48815e-07
4.7978046e-05
4.3652981e-07
4.7955769e-05
4.0792345e-07
4.7929318e-05
4.7421158e-07
2.9106248e-07
5.3980904e-05
4.8858121e-06
5.3757074e-05
4.594881e-06
5.3548015e-05
4.3296981e-06
5.3352167e-05
4.087148e-06
5.3168157e-05
3.8645408e-06
5.299479e-05
3.6596045e-06
5.2831039e-05
3.4702621e-06
5.2676019e-05
3.2947405e-06
5.2528966e-05
3.1315264e-06
5.2389216e-05
2.9793552e-06
5.2256192e-05
2.8371406e-06
5.2129382e-05
2.7039488e-06
5.2008339e-05
2.5789722e-06
5.1892664e-05
2.4614984e-06
5.1782002e-05
2.3509054e-06
5.1676035e-05
2.2466256e-06
5.1574475e-05
2.1481189e-06
5.1477064e-05
2.0549546e-06
5.1383567e-05
1.9667635e-06
5.129377e-05
1.8831794e-06
5.1207476e-05
1.8038776e-06
5.1124503e-05
1.7285694e-06
5.1044688e-05
1.6569716e-06
5.0967877e-05
1.5888386e-06
5.0893926e-05
1.5239844e-06
5.0822705e-05
1.4622067e-06
5.0754089e-05
1.4032953e-06
5.0687965e-05
1.3470529e-06
5.0624227e-05
1.2933629e-06
5.0562772e-05
1.242128e-06
5.0503505e-05
1.1931802e-06
5.0446335e-05
1.1463862e-06
5.0391179e-05
1.1016294e-06
5.0337956e-05
1.0587957e-06
5.028659e-05
1.0178061e-06
5.023701e-05
9.7856954e-07
5.0189146e-05
9.4098233e-07
5.0142933e-05
9.0496635e-07
5.0098307e-05
8.7046698e-07
5.0055211e-05
8.3740288e-07
5.0013587e-05
8.056855e-07
4.997338e-05
7.7526988e-07
4.9934538e-05
7.4609073e-07
4.9897012e-05
7.1808433e-07
4.9860753e-05
6.9122062e-07
4.9825716e-05
6.6544646e-07
4.9791857e-05
6.4069676e-07
4.9759133e-05
6.169301e-07
4.9727502e-05
5.9411636e-07
4.9696925e-05
5.7223139e-07
4.9667362e-05
5.5123813e-07
4.9638774e-05
5.3117781e-07
4.9611127e-05
5.1188424e-07
4.9584352e-05
4.9402597e-07
4.9558522e-05
4.7464521e-07
4.9533302e-05
4.6174988e-07
4.9509782e-05
4.3144288e-07
4.9481815e-05
5.0217921e-07
3.0854172e-07
5.5822684e-05
5.1416867e-06
5.5584724e-05
4.8328412e-06
5.5362798e-05
4.5516244e-06
5.5155206e-05
4.2947406e-06
5.4960439e-05
4.0593072e-06
5.4777182e-05
3.8428621e-06
5.4604295e-05
3.6431492e-06
5.4440798e-05
3.4582369e-06
5.4285847e-05
3.2864779e-06
5.4138707e-05
3.1264944e-06
5.3998742e-05
2.9771058e-06
5.3865392e-05
2.8372986e-06
5.3738166e-05
2.706198e-06
5.3616631e-05
2.5830342e-06
5.3500399e-05
2.467137e-06
5.3389127e-05
2.3578978e-06
5.3282505e-05
2.2547407e-06
5.3180255e-05
2.1572041e-06
5.3082126e-05
2.0648929e-06
5.2987887e-05
1.9774188e-06
5.2897327e-05
1.8944375e-06
5.2810254e-05
1.8156417e-06
5.2726494e-05
1.7407321e-06
5.2645883e-05
1.6694499e-06
5.2568269e-05
1.6015978e-06
5.2493513e-05
1.5369626e-06
5.2421485e-05
1.4753233e-06
5.2352065e-05
1.416473e-06
5.2285141e-05
1.3602876e-06
5.2220605e-05
1.3066639e-06
5.2158356e-05
1.2554286e-06
5.2098301e-05
1.2064416e-06
5.204035e-05
1.1595799e-06
5.1984421e-05
1.1147247e-06
5.1930434e-05
1.0717934e-06
5.1878313e-05
1.0306906e-06
5.1827986e-05
9.9130918e-07
5.1779385e-05
9.5356758e-07
5.1732444e-05
9.1740755e-07
5.1687103e-05
8.8274463e-07
5.16433e-05
8.4948786e-07
5.160098e-05
8.1758969e-07
5.1560089e-05
7.8698216e-07
5.1520574e-05
7.5759933e-07
5.1482386e-05
7.2940904e-07
5.1445476e-05
7.0235615e-07
5.1409799e-05
6.7637374e-07
5.137531e-05
6.514187e-07
5.1341967e-05
6.2745943e-07
5.1309728e-05
6.0447082e-07
5.1278552e-05
5.8241429e-07
5.1248396e-05
5.6133331e-07
5.1219227e-05
5.4105292e-07
5.1190974e-05
5.2227958e-07
5.116371e-05
5.0190866e-07
5.1137084e-05
4.8837624e-07
5.1112259e-05
4.5626811e-07
5.1082695e-05
5.3174317e-07
3.2704268e-07
5.7729758e-05
5.4144556e-06
5.747642e-05
5.0861798e-06
5.7240489e-05
4.7875552e-06
5.7020124e-05
4.5151049e-06
5.6813683e-05
4.2657486e-06
5.6619717e-05
4.036828e-06
5.6436968e-05
3.8258982e-06
5.6264349e-05
3.6308558e-06
5.6100922e-05
3.4499045e-06
5.5945876e-05
3.2815405e-06
5.5798505e-05
3.1244769e-06
5.5658193e-05
2.9776109e-06
5.55244e-05
2.8399913e-06
5.539665e-05
2.7107839e-06
5.5274523e-05
2.5892638e-06
5.5157645e-05
2.4747759e-06
5.5045681e-05
2.3667048e-06
5.4938331e-05
2.2645546e-06
5.4835322e-05
2.1679014e-06
5.4736408e-05
2.0763325e-06
5.4641364e-05
1.9894817e-06
5.4549984e-05
1.9070216e-06
5.4462082e-05
1.828635e-06
5.4377482e-05
1.7540489e-06
5.4296027e-05
1.6830537e-06
5.4217565e-05
1.615424e-06
5.4141961e-05
1.5509277e-06
5.4069086e-05
1.4893474e-06
5.3998823e-05
1.4305504e-06
5.393106e-05
1.3744275e-06
5.3865689e-05
1.3207993e-06
5.3802612e-05
1.2695188e-06
5.3741736e-05
1.2204562e-06
5.3682973e-05
1.1734877e-06
5.362624e-05
1.1285263e-06
5.3571458e-05
1.0854726e-06
5.3518552e-05
1.0442153e-06
5.346745e-05
1.0046696e-06
5.3418084e-05
9.6677336e-07
5.337039e-05
9.3043873e-07
5.3324305e-05
8.9557222e-07
5.3279772e-05
8.6212354e-07
5.3236732e-05
8.3002195e-07
5.3195132e-05
7.9919923e-07
5.315492e-05
7.6962095e-07
5.3116046e-05
7.412299e-07
5.3078463e-05
7.1395725e-07
5.3042123e-05
6.8775813e-07
5.3006983e-05
6.6259938e-07
5.2972999e-05
6.3845492e-07
5.2940129e-05
6.1528458e-07
5.2908328e-05
5.9313418e-07
5.2877561e-05
5.7181952e-07
5.2847754e-05
5.52087e-07
5.2818985e-05
5.3067805e-07
5.279088e-05
5.1648071e-07
5.2764683e-05
4.8246535e-07
5.2733439e-05
5.6298709e-07
3.4662054e-07
5.9704988e-05
5.7054857e-06
5.9434942e-05
5.3562256e-06
5.9183765e-05
5.038732e-06
5.8949494e-05
4.7493763e-06
5.8730353e-05
4.4848897e-06
5.8524762e-05
4.2424192e-06
5.8331334e-05
4.0193259e-06
5.8148866e-05
3.8133236e-06
5.7976318e-05
3.6224534e-06
5.7812787e-05
3.4450715e-06
5.7657491e-05
3.2797725e-06
5.7509749e-05
3.1253531e-06
5.7368963e-05
2.9807765e-06
5.7234613e-05
2.8451347e-06
5.7106235e-05
2.717641e-06
5.6983423e-05
2.5975878e-06
5.6865813e-05
2.4843152e-06
5.6753078e-05
2.3772893e-06
5.6644926e-05
2.2760538e-06
5.6541089e-05
2.1801692e-06
5.6441326e-05
2.0892446e-06
5.6345418e-05
2.0029304e-06
5.6253162e-05
1.9208902e-06
5.6164376e-05
1.8428352e-06
5.6078888e-05
1.7685421e-06
5.5996539e-05
1.6977726e-06
5.5917185e-05
1.6302823e-06
5.584069e-05
1.5658425e-06
5.5766929e-05
1.5043114e-06
5.5695784e-05
1.4455725e-06
5.5627142e-05
1.3894406e-06
5.55609e-05
1.335761e-06
5.549696e-05
1.2843966e-06
5.5435229e-05
1.2352182e-06
5.5375621e-05
1.1881343e-06
5.5318053e-05
1.1430408e-06
5.5262446e-05
1.0998224e-06
5.5208725e-05
1.0583906e-06
5.5156819e-05
1.0186792e-06
5.5106661e-05
9.8059677e-07
5.5058186e-05
9.4404712e-07
5.5011333e-05
9.0897705e-07
5.4966042e-05
8.7531296e-07
5.4922257e-05
8.4298417e-07
5.4879924e-05
8.1195392e-07
5.4838991e-05
7.8216279e-07
5.4799408e-05
7.5353998e-07
5.4761128e-05
7.2603875e-07
5.4724103e-05
6.9962433e-07
5.4688288e-05
6.7426964e-07
5.465364e-05
6.4993283e-07
5.4620112e-05
6.2666222e-07
5.4587667e-05
6.0426384e-07
5.4556228e-05
5.8352619e-07
5.4525877e-05
5.6102929e-07
5.4496219e-05
5.4613829e-07
5.4468581e-05
5.1010374e-07
5.443557e-05
5.9599839e-07
3.6733306e-07
6.1751326e-05
6.0160858e-06
6.1463209e-05
5.6443418e-06
6.1195463e-05
5.3064781e-06
6.0946047e-05
4.9987924e-06
6.0713073e-05
4.7178635e-06
6.0494833e-05
4.4606589e-06
6.0289811e-05
4.2243486e-06
6.0096677e-05
4.0064574e-06
5.9914278e-05
3.8048525e-06
5.9741613e-05
3.6177368e-06
5.9577812e-05
3.4435733e-06
5.9422118e-05
3.2810468e-06
5.9273871e-05
3.129024e-06
5.9132491e-05
2.9865141e-06
5.8997473e-05
2.8526592e-06
5.8868369e-05
2.7266922e-06
5.8744781e-05
2.6079029e-06
5.8626355e-05
2.4957149e-06
5.8512773e-05
2.3896363e-06
5.8403746e-05
2.2891965e-06
5.8299013e-05
2.1939775e-06
5.8198338e-05
2.1036052e-06
5.8101506e-05
2.0177218e-06
5.800832e-05
1.9360212e-06
5.7918597e-05
1.858265e-06
5.7832169e-05
1.7842006e-06
5.7748881e-05
1.7135706e-06
5.7668589e-05
1.6461342e-06
5.7591162e-05
1.581739e-06
5.7516473e-05
1.520261e-06
5.7444406e-05
1.4615082e-06
5.7374848e-05
1.4053183e-06
5.7307699e-05
1.351546e-06
5.7242861e-05
1.3000563e-06
5.7180242e-05
1.2507529e-06
5.7119756e-05
1.2035266e-06
5.7061321e-05
1.1582577e-06
5.7004858e-05
1.114854e-06
5.6950292e-05
1.0732449e-06
5.6897553e-05
1.0333353e-06
5.6846575e-05
9.9502583e-07
5.6797291e-05
9.5826042e-07
5.6749642e-05
9.2296243e-07
5.6703567e-05
8.8905861e-07
5.6659012e-05
8.565097e-07
5.661592e-05
8.2525397e-07
5.6574242e-05
7.9521856e-07
5.6533926e-05
7.6635479e-07
5.6494924e-05
7.3862617e-07
5.6457189e-05
7.120046e-07
5.6420675e-05
6.8644646e-07
5.6385335e-05
6.6200272e-07
5.635113e-05
6.384691e-07
5.6317977e-05
6.1667844e-07
5.6285965e-05
5.9304152e-07
5.6254676e-05
5.7742724e-07
5.6225525e-05
5.3925536e-07
5.6190655e-05
6.3086837e-07
3.8924064e-07
6.3871734e-05
6.3473683e-06
6.3564231e-05
5.9518449e-06
6.3278555e-05
5.592154e-06
6.3012675e-05
5.2646725e-06
6.2764633e-05
4.9659054e-06
6.2532613e-05
4.6926792e-06
6.2314972e-05
4.4419895e-06
6.2110254e-05
4.2111748e-06
6.1917186e-05
3.9979211e-06
6.1734655e-05
3.8002669e-06
6.1561697e-05
3.6165313e-06
6.1397469e-05
3.4452755e-06
6.1241234e-05
3.2852589e-06
6.1092351e-05
3.1353965e-06
6.0950261e-05
2.9947496e-06
6.081447e-05
2.8624833e-06
6.0684543e-05
2.7378302e-06
6.0560092e-05
2.6201661e-06
6.0440769e-05
2.5089588e-06
6.0326262e-05
2.4037036e-06
6.0216288e-05
2.3039513e-06
6.0110593e-05
2.2093003e-06
6.0008945e-05
2.1193695e-06
5.9911133e-05
2.0338337e-06
5.981696e-05
1.9524376e-06
5.9726248e-05
1.8749127e-06
5.9638831e-05
1.8009878e-06
5.9554556e-05
1.7304088e-06
5.9473284e-05
1.6630117e-06
5.9394881e-05
1.598664e-06
5.9319222e-05
1.5371666e-06
5.9246192e-05
1.4783488e-06
5.9175681e-05
1.4220567e-06
5.9107588e-05
1.3681491e-06
5.9041817e-05
1.3165242e-06
5.8978276e-05
1.2670674e-06
5.891688e-05
1.2196545e-06
5.8857545e-05
1.174189e-06
5.8800194e-05
1.1305958e-06
5.8744753e-05
1.0887758e-06
5.8691152e-05
1.0486266e-06
5.8639324e-05
1.0100887e-06
5.8589204e-05
9.7308227e-07
5.8540731e-05
9.3753148e-07
5.8493847e-05
9.0339438e-07
5.8448494e-05
8.706068e-07
5.8404619e-05
8.3909374e-07
5.8362169e-05
8.0880445e-07
5.8321094e-05
7.7970066e-07
5.8281346e-05
7.5175319e-07
5.8242876e-05
7.249166e-07
5.8205634e-05
6.9924462e-07
5.8169581e-05
6.7452208e-07
5.8134631e-05
6.5162854e-07
5.8100875e-05
6.2679732e-07
5.8067873e-05
6.1042924e-07
5.8037133e-05
5.6999543e-07
5.8000309e-05
6.6769235e-07
4.1240644e-07
6.6069048e-05
6.7000427e-06
6.5741028e-05
6.279865e-06
6.5436108e-05
5.8970741e-06
6.5152409e-05
5.5483718e-06
6.4887983e-05
5.230331e-06
6.4640949e-05
4.9397137e-06
6.4409557e-05
4.6733807e-06
6.4192232e-05
4.4285005e-06
6.3987573e-05
4.2025795e-06
6.3794355e-05
3.9934848e-06
6.3611506e-05
3.7993812e-06
6.3438086e-05
3.6186955e-06
6.3273276e-05
3.4500689e-06
6.3116361e-05
3.292311e-06
6.2966719e-05
3.1443915e-06
6.2823805e-05
3.005397e-06
6.268714e-05
2.8744954e-06
6.2556298e-05
2.7510087e-06
6.2430897e-05
2.6343597e-06
6.2310596e-05
2.5240044e-06
6.2195089e-05
2.4194587e-06
6.2084099e-05
2.32029e-06
6.1977377e-05
2.2260912e-06
6.1874695e-05
2.1365157e-06
6.1775843e-05
2.0512896e-06
6.1680629e-05
1.970127e-06
6.1588876e-05
1.892741e-06
6.1500421e-05
1.8188638e-06
6.1415114e-05
1.7483182e-06
6.1332816e-05
1.6809622e-06
6.1253393e-05
1.6165891e-06
6.1176723e-05
1.555019e-06
6.1102691e-05
1.4960891e-06
6.1031189e-05
1.439651e-06
6.0962115e-05
1.3855973e-06
6.0895375e-05
1.3338074e-06
6.0830878e-05
1.2841521e-06
6.0768536e-05
1.2365306e-06
6.0708269e-05
1.190863e-06
6.0649999e-05
1.1470457e-06
6.0593653e-05
1.104973e-06
6.0539159e-05
1.0645819e-06
6.0486452e-05
1.0257893e-06
6.0435467e-05
9.8851644e-07
6.0386143e-05
9.5271863e-07
6.0338421e-05
9.1832909e-07
6.0292244e-05
8.8527056e-07
6.0247558e-05
8.5349014e-07
6.0204311e-05
8.2294766e-07
6.0162452e-05
7.9361283e-07
6.012193e-05
7.6543827e-07
6.0082694e-05
7.3848062e-07
6.0044703e-05
7.1251326e-07
6.0007867e-05
6.8846488e-07
5.9972281e-05
6.623828e-07
5.9937481e-05
6.4522945e-07
5.9905074e-05
6.0240235e-07
5.9866197e-05
7.0656983e-07
4.3689644e-07
6.8345748e-05
7.074069e-06
6.799649e-05
6.6291226e-06
6.7671198e-05
6.2223665e-06
6.7368371e-05
5.8511983e-06
6.7086212e-05
5.5124902e-06
6.6822851e-05
5.2030751e-06
6.6576476e-05
4.9197551e-06
6.6345409e-05
4.6595678e-06
6.6128133e-05
4.4198557e-06
6.5923303e-05
4.1983148e-06
6.5729734e-05
3.9929501e-06
6.5546383e-05
3.8020459e-06
6.5372337e-05
3.6241151e-06
6.5206797e-05
3.4578512e-06
6.5049069e-05
3.3021196e-06
6.4898548e-05
3.155918e-06
6.4754704e-05
3.0183396e-06
6.4617066e-05
2.8886459e-06
6.4485217e-05
2.7662092e-06
6.435878e-05
2.6504413e-06
6.4237421e-05
2.5408178e-06
6.412084e-05
2.436871e-06
6.4008766e-05
2.3381646e-06
6.3900954e-05
2.2443285e-06
6.3797176e-05
2.1550676e-06
6.3697226e-05
2.0700765e-06
6.3600916e-05
1.9890516e-06
6.350807e-05
1.9117096e-06
6.3418529e-05
1.8378592e-06
6.3332144e-05
1.7673474e-06
6.3248774e-05
1.6999591e-06
6.3168288e-05
1.635505e-06
6.3090565e-05
1.5738123e-06
6.3015491e-05
1.5147249e-06
6.2942959e-05
1.4581291e-06
6.2872868e-05
1.4038981e-06
6.2805123e-05
1.3518971e-06
6.2739633e-05
1.3020206e-06
6.2676312e-05
1.2541836e-06
6.261508e-05
1.208278e-06
6.2555859e-05
1.1641942e-06
6.2498575e-05
1.1218655e-06
6.2443159e-05
1.0812054e-06
6.2389544e-05
1.0421321e-06
6.2337664e-05
1.0045979e-06
6.228746e-05
9.6853328e-07
6.2238872e-05
9.3385858e-07
6.2191844e-05
9.0051862e-07
6.214632e-05
8.6847127e-07
6.2102248e-05
8.3768502e-07
6.2059576e-05
8.0811049e-07
6.2018249e-05
7.7980738e-07
6.1978225e-05
7.5253696e-07
6.193941e-05
7.2727964e-07
6.1901905e-05
6.9988774e-07
6.1865218e-05
6.819167e-07
6.1831063e-05
6.3655789e-07
6.1790028e-05
7.4760459e-07
4.6277958e-07
7.0703629e-05
7.4682021e-06
7.0333154e-05
6.9995976e-06
6.998677e-05
6.5687513e-06
6.9663696e-05
6.1742717e-06
6.9362504e-05
5.8136821e-06
6.9081472e-05
5.4841071e-06
6.8818805e-05
5.1824227e-06
6.8572762e-05
4.9056105e-06
6.8341732e-05
4.6508862e-06
6.8124257e-05
4.4157896e-06
6.7919039e-05
4.1981678e-06
6.7724926e-05
3.9961592e-06
6.7540898e-05
3.8081424e-06
6.7366065e-05
3.6326842e-06
6.7199651e-05
3.468534e-06
6.7040981e-05
3.3145877e-06
6.6889467e-05
3.1698536e-06
6.6744589e-05
3.0335241e-06
6.6605883e-05
2.9049156e-06
6.6472934e-05
2.7833897e-06
6.6345376e-05
2.6683759e-06
6.6222881e-05
2.5593659e-06
6.6105155e-05
2.4558908e-06
6.599193e-05
2.3575539e-06
6.5882961e-05
2.2640364e-06
6.5778026e-05
2.1750112e-06
6.5676922e-05
2.090156e-06
6.5579461e-05
2.0091706e-06
6.5485472e-05
1.9318481e-06
6.5394796e-05
1.8580231e-06
6.5307284e-05
1.7874712e-06
6.5222796e-05
1.719993e-06
6.5141203e-05
1.6554049e-06
6.5062386e-05
1.5935424e-06
6.498623e-05
1.534285e-06
6.4912629e-05
1.4774988e-06
6.4841483e-05
1.4230432e-06
6.4772696e-05
1.3708076e-06
6.4706178e-05
1.3207016e-06
6.4641844e-05
1.272612e-06
6.4579613e-05
1.2264253e-06
6.4519408e-05
1.1820708e-06
6.4461155e-05
1.1394581e-06
6.4404785e-05
1.0985025e-06
6.435023e-05
1.0591528e-06
6.4297427e-05
1.0213367e-06
6.4246313e-05
9.8497208e-07
6.419683e-05
9.5000127e-07
6.4148922e-05
9.1638002e-07
6.4102531e-05
8.8407562e-07
6.4057605e-05
8.5303653e-07
6.4014087e-05
8.2332565e-07
6.3971932e-05
7.946915e-07
6.3931043e-05
7.6816888e-07
6.3891525e-05
7.394057e-07
6.3852858e-05
7.205836e-07
6.3816869e-05
6.7254726e-07
6.3773569e-05
7.9090487e-07
4.901278e-07
7.3143356e-05
7.8794757e-06
7.2752867e-05
7.3900866e-06
7.2385405e-05
6.9362128e-06
7.2041376e-05
6.5183014e-06
7.1720045e-05
6.1350128e-06
7.1420054e-05
5.7840978e-06
7.1139756e-05
5.4627208e-06
7.087743e-05
5.1679368e-06
7.0631409e-05
4.896907e-06
7.0400148e-05
4.6470505e-06
7.0182244e-05
4.416072e-06
6.9976433e-05
4.2019706e-06
6.9781586e-05
4.0029897e-06
6.9596708e-05
3.8175621e-06
6.9420932e-05
3.6443099e-06
6.9253505e-05
3.4820145e-06
6.9093772e-05
3.3295865e-06
6.8941156e-05
3.1861406e-06
6.879514e-05
3.050931e-06
6.8655266e-05
2.9232635e-06
6.8521128e-05
2.8025138e-06
6.8392367e-05
2.6881271e-06
6.8268661e-05
2.5795971e-06
6.8149717e-05
2.4764974e-06
6.8035271e-05
2.3784824e-06
6.7925082e-05
2.2852004e-06
6.781893e-05
2.1963082e-06
6.7716613e-05
2.1114871e-06
6.7617949e-05
2.030513e-06
6.7522765e-05
1.9532063e-06
6.7430904e-05
1.8793323e-06
6.7342217e-05
1.8086806e-06
6.7256565e-05
1.7410562e-06
6.7173823e-05
1.6762851e-06
6.7093869e-05
1.6142392e-06
6.701659e-05
1.5547774e-06
6.6941881e-05
1.4977522e-06
6.6869641e-05
1.4430478e-06
6.6799774e-05
1.3905679e-06
6.6732193e-05
1.3401938e-06
6.666681e-05
1.2918079e-06
6.6603546e-05
1.245335e-06
6.6542323e-05
1.2006808e-06
6.6483069e-05
1.157757e-06
6.6425712e-05
1.1165092e-06
6.6370187e-05
1.0768619e-06
6.6316429e-05
1.0387303e-06
6.6264376e-05
1.0020542e-06
6.6213969e-05
9.6678714e-07
6.6165149e-05
9.3289499e-07
6.6117862e-05
9.0032402e-07
6.6072047e-05
8.6914044e-07
6.6027659e-05
8.3907937e-07
6.5984595e-05
8.1123275e-07
6.5942967e-05
7.8103424e-07
6.5902224e-05
7.6132671e-07
6.5864312e-05
7.1045925e-07
6.5818633e-05
8.3658359e-07
5.1901618e-07
7.5663953e-05
8.3029916e-06
7.5256339e-05
7.7977008e-06
7.4868988e-05
7.3235637e-06
7.4504029e-05
6.8832604e-06
7.416187e-05
6.4771713e-06
7.3841834e-05
6.1041337e-06
7.3542632e-05
5.7619234e-06
7.3262691e-05
5.4478772e-06
7.3000372e-05
5.1592259e-06
7.2754086e-05
4.8933366e-06
7.2522349e-05
4.6478088e-06
7.2303796e-05
4.4205237e-06
7.2097187e-05
4.2095985e-06
7.1901418e-05
4.0133314e-06
7.171552e-05
3.8302084e-06
7.1538651e-05
3.6588831e-06
7.1370082e-05
3.4981553e-06
7.1209171e-05
3.3470522e-06
7.1055342e-05
3.2047598e-06
7.0908084e-05
3.0705218e-06
7.0766945e-05
2.9436524e-06
7.063153e-05
2.823542e-06
7.0501486e-05
2.7096417e-06
7.0376492e-05
2.6014915e-06
7.0256258e-05
2.4987159e-06
7.0140524e-05
2.4009349e-06
7.002905e-05
2.3077818e-06
6.992162e-05
2.2189172e-06
6.9818035e-05
2.134098e-06
6.9718112e-05
2.0531287e-06
6.9621682e-05
1.9757628e-06
6.9528584e-05
1.9017781e-06
6.9438674e-05
1.8309669e-06
6.9351814e-05
1.7631452e-06
6.9267876e-05
1.6981764e-06
6.9186743e-05
1.6359111e-06
6.91083e-05
1.5761948e-06
6.9032442e-05
1.5189057e-06
6.8959069e-05
1.4639413e-06
6.8888085e-05
1.411177e-06
6.8819403e-05
1.3604906e-06
6.8752936e-05
1.3118022e-06
6.8688603e-05
1.2650129e-06
6.8626329e-05
1.2200312e-06
6.856604e-05
1.1767988e-06
6.8507665e-05
1.1352369e-06
6.8451137e-05
1.0952579e-06
6.8396393e-05
1.0567988e-06
6.8343369e-05
1.0198108e-06
6.8292006e-05
9.8425828e-07
6.8242244e-05
9.5008521e-07
6.8194024e-05
9.1736128e-07
6.8147296e-05
8.858074e-07
6.8101953e-05
8.5657562e-07
6.8058112e-05
8.2487503e-07
6.8015192e-05
8.0424666e-07
6.7975265e-05
7.5038643e-07
6.792709e-05
8.8475846e-07
5.4952309e-07
7.82626e-05
8.7327924e-06
7.7842646e-05
8.2176544e-06
7.7438255e-05
7.727955e-06
7.7053562e-05
7.2679532e-06
7.669063e-05
6.8401037e-06
7.634989e-05
6.4448739e-06
7.6030721e-05
6.0810922e-06
7.5731908e-05
5.74669e-06
7.5451967e-05
5.4391672e-06
7.5189348e-05
5.1559557e-06
7.4942536e-05
4.89462e-06
7.4710091e-05
4.6529686e-06
7.4490671e-05
4.4290187e-06
7.4283061e-05
4.2209421e-06
7.4086183e-05
4.0270863e-06
7.38991e-05
3.845966e-06
7.3720999e-05
3.6762558e-06
7.3551167e-05
3.516885e-06
7.338896e-05
3.3669665e-06
7.3233805e-05
3.2256765e-06
7.3085199e-05
3.0922584e-06
7.2942703e-05
2.9660385e-06
7.2805926e-05
2.8464182e-06
7.2674517e-05
2.7329003e-06
7.2548158e-05
2.6250752e-06
7.2426562e-05
2.5225305e-06
7.2309472e-05
2.4248725e-06
7.219665e-05
2.3317391e-06
7.2087882e-05
2.2428656e-06
7.1982972e-05
2.1580388e-06
7.1881736e-05
2.0769986e-06
7.1784005e-05
1.9995098e-06
7.168962e-05
1.9253511e-06
7.1598438e-05
1.8543272e-06
7.1510323e-05
1.7862922e-06
7.1425146e-05
1.7210877e-06
7.134279e-05
1.6585513e-06
7.126314e-05
1.598555e-06
7.1186092e-05
1.5409892e-06
7.1111546e-05
1.4857231e-06
7.1039407e-05
1.4326295e-06
7.0969586e-05
1.3816232e-06
7.0901998e-05
1.3326009e-06
7.0836563e-05
1.285467e-06
7.0773202e-05
1.2401594e-06
7.0711843e-05
1.1965956e-06
7.0652416e-05
1.154685e-06
7.0594854e-05
1.1143617e-06
7.053909e-05
1.0755742e-06
7.0485063e-05
1.0382856e-06
7.0432711e-05
1.0024372e-06
7.038197e-05
9.6810234e-07
7.033279e-05
9.34987e-07
7.0285059e-05
9.0430633e-07
7.02389e-05
8.7103403e-07
7.0193699e-05
8.4944836e-07
7.015166e-05
7.9242523e-07
7.0100866e-05
9.3555215e-07
5.8173019e-07
8.0935459e-05
9.1642814e-06
8.0509011e-05
8.6441022e-06
8.0092294e-05
8.1446714e-06
7.9690713e-05
7.669535e-06
7.9308233e-05
7.222583e-06
7.8946885e-05
6.8062223e-06
7.8607131e-05
6.4208459e-06
7.8288415e-05
6.0654065e-06
7.798961e-05
5.7379718e-06
7.7709341e-05
5.4362246e-06
7.744615e-05
5.1578111e-06
7.7198571e-05
4.9005483e-06
7.6965185e-05
4.6624045e-06
7.6744676e-05
4.4414511e-06
7.6535858e-05
4.2359042e-06
7.6337691e-05
4.0441331e-06
7.6149273e-05
3.8646731e-06
7.5969813e-05
3.6963454e-06
7.5798593e-05
3.5381866e-06
7.5634968e-05
3.3893015e-06
7.5478373e-05
3.2488534e-06
7.5328319e-05
3.1160924e-06
7.5184375e-05
2.9903625e-06
7.5046151e-05
2.8711246e-06
7.4913295e-05
2.7579309e-06
7.4785494e-05
2.6503317e-06
7.4662464e-05
2.5479019e-06
7.454395e-05
2.4502539e-06
7.4429716e-05
2.3570991e-06
7.4319551e-05
2.2682038e-06
7.4213257e-05
2.1832925e-06
7.4110652e-05
2.1021156e-06
7.4011566e-05
2.0244369e-06
7.3915844e-05
1.9500486e-06
7.3823342e-05
1.8787946e-06
7.3733923e-05
1.8105062e-06
7.3647462e-05
1.7450128e-06
7.3563838e-05
1.6821791e-06
7.3482939e-05
1.6218881e-06
7.340466e-05
1.5640023e-06
7.33289e-05
1.5083888e-06
7.3255567e-05
1.454957e-06
7.3184569e-05
1.4035983e-06
7.3115823e-05
1.3542132e-06
7.3049247e-05
1.3067353e-06
7.2984764e-05
1.261078e-06
7.2922302e-05
1.2171476e-06
7.2861788e-05
1.1748751e-06
7.2803156e-05
1.1342063e-06
7.2746339e-05
1.0951024e-06
7.2691274e-05
1.0575022e-06
7.2637894e-05
1.0214828e-06
7.2586147e-05
9.8673434e-07
7.2535915e-05
9.5453834e-07
7.2487327e-05
9.1962172e-07
7.2439734e-05
8.9704117e-07
7.2395483e-05
8.3667617e-07
7.2341943e-05
9.8909248e-07
6.1572263e-07
8.3680037e-05
9.5981238e-06
8.3251629e-05
9.0725112e-06
8.282834e-05
8.56796e-06
8.2414553e-05
8.0833221e-06
8.2015398e-05
7.6217376e-06
8.1634721e-05
7.1868998e-06
8.1274535e-05
6.7810313e-06
8.0935346e-05
6.4045954e-06
8.0616682e-05
6.056636e-06
8.0317543e-05
5.7353635e-06
8.0036667e-05
5.4386872e-06
7.9772653e-05
5.1645629e-06
7.9524058e-05
4.910999e-06
7.9289491e-05
4.6760182e-06
7.9067666e-05
4.4577295e-06
7.885744e-05
4.2543592e-06
7.8657821e-05
4.0642916e-06
7.8467936e-05
3.8862304e-06
7.8286986e-05
3.7191366e-06
7.8114245e-05
3.5620427e-06
7.7949076e-05
3.4140221e-06
7.7790933e-05
3.2742354e-06
7.7639336e-05
3.1419592e-06
7.7493853e-05
3.0166078e-06
7.7354093e-05
2.8976912e-06
7.7219708e-05
2.7847162e-06
7.7090389e-05
2.6772211e-06
7.6965854e-05
2.574789e-06
7.6845848e-05
2.4771051e-06
7.6730139e-05
2.3839123e-06
7.6618515e-05
2.2949169e-06
7.6510777e-05
2.2098532e-06
7.6406745e-05
2.1284688e-06
7.6306252e-05
2.0505421e-06
7.6209141e-05
1.9759052e-06
7.6115269e-05
1.9043786e-06
7.60245e-05
1.8357821e-06
7.5936706e-05
1.7699726e-06
7.5851769e-05
1.7068249e-06
7.5769577e-05
1.6461943e-06
7.5690024e-05
1.5879419e-06
7.561301e-05
1.5319708e-06
7.5538442e-05
1.4781669e-06
7.5466229e-05
1.4264263e-06
7.5396286e-05
1.376678e-06
7.5328533e-05
1.3288311e-06
7.5262892e-05
1.2827885e-06
7.5199289e-05
1.2384778e-06
7.5137654e-05
1.1958417e-06
7.5077917e-05
1.1548398e-06
7.5020011e-05
1.1154079e-06
7.4963867e-05
1.077627e-06
7.490943e-05
1.0411707e-06
7.4856579e-05
1.00739e-06
7.4805447e-05
9.7075332e-07
7.4755349e-05
9.471391e-07
7.4708781e-05
8.8324402e-07
7.4652361e-05
1.0455127e-06
6.5158918e-07
8.6499041e-05
1.0040521e-05
8.606804e-05
9.5035115e-06
8.5642611e-05
8.993389e-06
8.5222296e-05
8.5036379e-06
8.4811151e-05
8.0328822e-06
8.4414069e-05
7.5839815e-06
8.4034802e-05
7.1602985e-06
8.3675366e-05
6.7640312e-06
8.3336334e-05
6.3956683e-06
8.3017371e-05
6.0543262e-06
8.2717618e-05
5.7384405e-06
8.243588e-05
5.4463007e-06
8.2170785e-05
5.1760946e-06
8.1920917e-05
4.9258863e-06
8.1684916e-05
4.6937299e-06
8.1461549e-05
4.4777264e-06
8.1249738e-05
4.2761023e-06
8.1048531e-05
4.087438e-06
8.0857042e-05
3.9106251e-06
8.0674456e-05
3.7446287e-06
8.0500055e-05
3.5884236e-06
8.0333225e-05
3.4410651e-06
8.0173434e-05
3.3017507e-06
8.0020197e-05
3.1698442e-06
7.987308e-05
3.0448088e-06
7.9731695e-05
2.926101e-06
7.9595701e-05
2.8132155e-06
7.9464787e-05
2.7057026e-06
7.9338674e-05
2.6032178e-06
7.921711e-05
2.5054771e-06
7.909986e-05
2.412166e-06
7.8986713e-05
2.3230002e-06
7.8877473e-05
2.2377095e-06
7.8771958e-05
2.1560568e-06
7.8670002e-05
2.0778613e-06
7.857145e-05
2.0029308e-06
7.8476157e-05
1.931075e-06
7.8383987e-05
1.8621421e-06
7.8294814e-05
1.7959979e-06
7.8208519e-05
1.7324896e-06
7.8124989e-05
1.6714718e-06
7.8044119e-05
1.6128411e-06
7.7965809e-05
1.5564769e-06
7.7889964e-05
1.5022708e-06
7.7816496e-05
1.4501467e-06
7.7745318e-05
1.4000091e-06
7.7676349e-05
1.3517571e-06
7.7609512e-05
1.3053147e-06
7.7544733e-05
1.2606214e-06
7.7481938e-05
1.2176348e-06
7.7421058e-05
1.1762876e-06
7.736202e-05
1.1366648e-06
7.7304768e-05
1.0984225e-06
7.7249173e-05
1.0629848e-06
7.7195378e-05
1.024549e-06
7.7142656e-05
9.9986104e-07
7.7093662e-05
9.3223801e-07
7.7034223e-05
1.1049514e-06
6.8942235e-07
8.9400851e-05
1.0496674e-05
8.8961044e-05
9.9433183e-06
8.8532737e-05
9.4216968e-06
8.811018e-05
8.926194e-06
8.7692659e-05
8.4504038e-06
8.7283886e-05
7.9927541e-06
8.6888536e-05
7.5556489e-06
8.6510292e-05
7.1422751e-06
8.6151206e-05
6.7547542e-06
8.5811986e-05
6.3935465e-06
8.5492456e-05
6.0579701e-06
8.5191838e-05
5.7469184e-06
8.4908975e-05
5.4589581e-06
8.4642523e-05
5.1923381e-06
8.4391102e-05
4.9451511e-06
8.4153413e-05
4.7154154e-06
8.3928312e-05
4.5012034e-06
8.3714777e-05
4.3009727e-06
8.351184e-05
4.1135617e-06
8.3318588e-05
3.937881e-06
8.313421e-05
3.7728016e-06
8.295802e-05
3.6172551e-06
8.2789424e-05
3.4703471e-06
8.2627881e-05
3.331387e-06
8.2472902e-05
3.1997881e-06
8.2324054e-05
3.0749484e-06
8.2180959e-05
2.9563109e-06
8.2043274e-05
2.8433879e-06
8.1910689e-05
2.7358024e-06
8.1782927e-05
2.6332393e-06
8.1659734e-05
2.5353591e-06
8.1540877e-05
2.4418568e-06
8.1426144e-05
2.3524422e-06
8.1315341e-05
2.2668607e-06
8.1208285e-05
2.1849168e-06
8.1104811e-05
2.1064046e-06
8.1004764e-05
2.0311221e-06
8.0907998e-05
1.9589078e-06
8.0814379e-05
1.8896177e-06
8.0723778e-05
1.8230901e-06
8.0636077e-05
1.7591727e-06
8.0551164e-05
1.6977544e-06
8.0468933e-05
1.6387082e-06
8.0389283e-05
1.5819202e-06
8.0312121e-05
1.527309e-06
8.0237356e-05
1.474774e-06
8.0164903e-05
1.4242105e-06
8.0094679e-05
1.3755382e-06
8.0026607e-05
1.3286931e-06
7.9960611e-05
1.283631e-06
7.9896618e-05
1.2402809e-06
7.9834551e-05
1.198732e-06
7.9774351e-05
1.1586221e-06
7.9715884e-05
1.1214517e-06
7.9659299e-05
1.0811341e-06
7.9603829e-05
1.055331e-06
7.9552295e-05
9.8377206e-07
7.9489693e-05
1.1675535e-06
7.2931863e-07
9.2393151e-05
1.0966423e-05
9.1939252e-05
1.0397217e-05
9.1501745e-05
9.859204e-06
9.1075967e-05
9.3519726e-06
9.0656173e-05
8.8701971e-06
9.0241267e-05
8.4076601e-06
8.9834591e-05
7.9623251e-06
8.9440626e-05
7.53624e-06
8.9063035e-05
7.1323455e-06
8.8703985e-05
6.7525965e-06
8.8364339e-05
6.3976158e-06
8.8044007e-05
6.0672502e-06
8.7742262e-05
5.7607035e-06
8.7457985e-05
5.476615e-06
8.7189868e-05
5.213268e-06
8.6936604e-05
4.9686796e-06
8.6697018e-05
4.7407897e-06
8.6470045e-05
4.5279454e-06
8.6254645e-05
4.3289622e-06
8.6049803e-05
4.1427229e-06
8.5854609e-05
3.9679947e-06
8.5668298e-05
3.8035663e-06
8.5490209e-05
3.6484364e-06
8.5319737e-05
3.5018585e-06
8.5156331e-05
3.3631947e-06
8.4999504e-05
3.231775e-06
8.4848835e-05
3.1069804e-06
8.4703943e-05
2.98828e-06
8.4564484e-05
2.8752609e-06
8.4430151e-05
2.7675722e-06
8.4300666e-05
2.6648446e-06
8.4175773e-05
2.5667491e-06
8.4055242e-05
2.4729733e-06
8.393886e-05
2.3832429e-06
8.3826431e-05
2.2973454e-06
8.3717777e-05
2.2150595e-06
8.3612729e-05
2.13617e-06
8.3511132e-05
2.0605049e-06
8.341284e-05
1.987909e-06
8.3317719e-05
1.918211e-06
8.3225642e-05
1.8512506e-06
8.3136487e-05
1.7869088e-06
8.3050144e-05
1.725051e-06
8.2966507e-05
1.6655578e-06
8.2885474e-05
1.6083417e-06
8.2806951e-05
1.5532968e-06
8.2730848e-05
1.5003138e-06
8.2657078e-05
1.4493081e-06
8.2585559e-05
1.4002119e-06
8.2516212e-05
1.3529787e-06
8.2448959e-05
1.3075338e-06
8.238372e-05
1.2639707e-06
8.2320434e-05
1.2219076e-06
8.2258961e-05
1.1829254e-06
8.2199455e-05
1.1406397e-06
8.2141108e-05
1.1136786e-06
8.2086915e-05
1.037965e-06
8.2020998e-05
1.2334698e-06
7.7137864e-07
9.547846e-05
1.1446057e-05
9.5010541e-05
1.0865136e-05
9.455857e-05
1.0311175e-05
9.4123058e-05
9.7874844e-06
9.3699639e-05
9.2936158e-06
9.3282487e-05
8.8248126e-06
9.2869987e-05
8.3748247e-06
9.2465104e-05
7.9411235e-06
9.2072195e-05
7.5252539e-06
9.1695008e-05
7.1297833e-06
9.1335818e-05
6.756806e-06
9.0995539e-05
6.4075295e-06
9.0674152e-05
6.0820909e-06
9.0370986e-05
5.7797805e-06
9.0084958e-05
5.4992957e-06
8.9814847e-05
5.2387905e-06
8.9559515e-05
4.9961222e-06
8.9317902e-05
4.7695588e-06
8.9088918e-05
4.5579457e-06
8.8871457e-05
4.3601834e-06
8.8664507e-05
4.174945e-06
8.8467216e-05
4.0008571e-06
8.8278857e-05
3.8367959e-06
8.8098754e-05
3.6819612e-06
8.7926284e-05
3.5356654e-06
8.7760898e-05
3.3971603e-06
8.7602126e-05
3.2657526e-06
8.7449543e-05
3.1408628e-06
8.7302766e-05
3.0220384e-06
8.7161451e-05
2.9088873e-06
8.7025291e-05
2.8010045e-06
8.6894007e-05
2.6980332e-06
8.6767344e-05
2.5996362e-06
8.664507e-05
2.5055166e-06
8.6526973e-05
2.4154424e-06
8.6412858e-05
2.3291748e-06
8.6302544e-05
2.2464839e-06
8.6195863e-05
2.1671854e-06
8.609266e-05
2.091112e-06
8.599279e-05
2.0180814e-06
8.5896116e-05
1.9479249e-06
8.580251e-05
1.8805145e-06
8.5711854e-05
1.8157074e-06
8.5624034e-05
1.7533778e-06
8.5538943e-05
1.6934319e-06
8.5456482e-05
1.6357577e-06
8.5376555e-05
1.5802411e-06
8.529907e-05
1.5267928e-06
8.5223941e-05
1.4753408e-06
8.5151084e-05
1.425836e-06
8.5080418e-05
1.3781997e-06
8.5011859e-05
1.3325298e-06
8.4945343e-05
1.2884237e-06
8.4880722e-05
1.2475468e-06
8.4818159e-05
1.2032025e-06
8.4756798e-05
1.1750388e-06
8.4699822e-05
1.094941e-06
8.4630435e-05
1.3028576e-06
8.1570731e-07
9.8655937e-05
1.1929495e-05
9.8177519e-05
1.1343555e-05
9.7711176e-05
1.0777518e-05
9.7260788e-05
1.0237872e-05
9.6826962e-05
9.7274415e-06
9.640572e-05
9.2460549e-06
9.5991037e-05
8.7895078e-06
9.5580662e-05
8.3514985e-06
9.5177269e-05
7.9286467e-06
9.4785269e-05
7.5217835e-06
9.4408413e-05
7.1336623e-06
9.4048917e-05
6.7670248e-06
9.3707772e-05
6.4232365e-06
9.3385043e-05
6.102509e-06
9.3080096e-05
5.8042432e-06
9.2791946e-05
5.5269399e-06
9.2519602e-05
5.2684666e-06
9.2262088e-05
5.0270724e-06
9.2018317e-05
4.8017172e-06
9.1787109e-05
4.5913917e-06
9.1567354e-05
4.3947001e-06
9.135812e-05
4.2100904e-06
9.1158615e-05
4.0363015e-06
9.0968088e-05
3.872488e-06
9.0785834e-05
3.7179191e-06
9.0611237e-05
3.5717577e-06
9.0443768e-05
3.4332219e-06
9.0282953e-05
3.3016776e-06
9.012836e-05
3.1766307e-06
8.9979607e-05
3.0576407e-06
8.9836351e-05
2.9442601e-06
8.9698285e-05
2.8361e-06
8.9565125e-05
2.7327954e-06
8.9436619e-05
2.634023e-06
8.9312533e-05
2.5395282e-06
8.9192655e-05
2.4490526e-06
8.907679e-05
2.3623492e-06
8.8964755e-05
2.2792201e-06
8.8856383e-05
2.1994841e-06
8.8751518e-05
2.1229468e-06
8.8650013e-05
2.0494299e-06
8.8551732e-05
1.9787956e-06
8.8456547e-05
1.910892e-06
8.8364339e-05
1.8455863e-06
8.8274993e-05
1.7827777e-06
8.8188403e-05
1.7223475e-06
8.8104468e-05
1.6641764e-06
8.802309e-05
1.60817e-06
8.794418e-05
1.5542515e-06
8.7867647e-05
1.502369e-06
8.7793407e-05
1.4524396e-06
8.7721371e-05
1.4045654e-06
8.7651473e-05
1.3583222e-06
8.7583556e-05
1.3154635e-06
8.7517793e-05
1.2689659e-06
8.7453278e-05
1.2395531e-06
8.7393389e-05
1.1548298e-06
8.7320366e-05
1.3758812e-06
8.6241414e-07
0.00010192259
1.2407024e-05
0.0001014395
1.1826646e-05
0.00010096216
1.125486e-05
0.00010049711
1.0702921e-05
0.00010004796
1.0176598e-05
9.9615496e-05
9.6785148e-06
9.9196202e-05
9.2088018e-06
9.8783699e-05
8.7640017e-06
9.8375123e-05
8.3372225e-06
9.7973164e-05
7.9237424e-06
9.7582144e-05
7.5246824e-06
9.7205521e-05
7.1436475e-06
9.6845519e-05
6.7832384e-06
9.6503242e-05
6.4447858e-06
9.6178795e-05
6.1286908e-06
9.5871654e-05
5.8340805e-06
9.5581137e-05
5.558984e-06
9.5306476e-05
5.3017327e-06
9.5046667e-05
5.0615262e-06
9.4800503e-05
4.8375558e-06
9.4566798e-05
4.6284056e-06
9.4344553e-05
4.4323348e-06
9.413292e-05
4.2479342e-06
9.3931077e-05
4.0743313e-06
9.3738229e-05
3.9107674e-06
9.3553681e-05
3.7563056e-06
9.3376844e-05
3.6100584e-06
9.3207189e-05
3.4713334e-06
9.3044226e-05
3.3395931e-06
9.2887526e-05
3.2143413e-06
9.2736707e-05
3.0950792e-06
9.2591425e-05
2.9813814e-06
9.2451369e-05
2.8728514e-06
9.2316257e-05
2.7691351e-06
9.2185833e-05
2.6699519e-06
9.2059865e-05
2.5750206e-06
9.1938139e-05
2.4840751e-06
9.1820458e-05
2.3969012e-06
9.170664e-05
2.3133024e-06
9.1596516e-05
2.2330705e-06
9.148993e-05
2.1560164e-06
9.1386734e-05
2.0819915e-06
9.1286792e-05
2.0108339e-06
9.1189976e-05
1.9424028e-06
9.1096164e-05
1.8765897e-06
9.1005243e-05
1.8132686e-06
9.0917104e-05
1.7523146e-06
9.0831647e-05
1.6936274e-06
9.0748773e-05
1.6371252e-06
9.0668389e-05
1.5827529e-06
9.0590406e-05
1.530423e-06
9.051473e-05
1.4802418e-06
9.044129e-05
1.4317623e-06
9.0369923e-05
1.3868303e-06
9.0300809e-05
1.3380798e-06
9.0232993e-05
1.3073695e-06
9.0170055e-05
1.2177669e-06
9.0093225e-05
1.4527121e-06
9.1161341e-07
0.00010527206
0.00010479369
1.2305019e-05
0.00010431098
1.1737574e-05
0.00010383453
1.117937e-05
0.00010337048
1.0640646e-05
0.00010292219
1.0126804e-05
0.00010249075
9.640242e-06
0.00010207307
9.1816832e-06
0.00010166233
8.7479583e-06
0.0001012555
8.3305764e-06
0.0001008552
7.9249747e-06
0.00010046516
7.5336956e-06
0.00010008861
7.1597828e-06
9.9727871e-05
6.8055267e-06
9.9384081e-05
6.4724814e-06
9.9057472e-05
6.1606894e-06
9.8747899e-05
5.8685568e-06
9.845498e-05
5.5946524e-06
9.8177917e-05
5.3385888e-06
9.7915557e-05
5.0999158e-06
9.7666683e-05
4.8772796e-06
9.7430264e-05
4.6687536e-06
9.720542e-05
4.4727784e-06
9.6991263e-05
4.2884882e-06
9.6786907e-05
4.1151232e-06
9.6591576e-05
3.9516373e-06
9.6404614e-05
3.7970198e-06
9.622543e-05
3.6505175e-06
9.6053472e-05
3.5115511e-06
9.5888253e-05
3.37956e-06
9.5729348e-05
3.2539842e-06
9.5576373e-05
3.1343573e-06
9.5428977e-05
3.0202472e-06
9.5286848e-05
2.911264e-06
9.5149704e-05
2.807096e-06
9.5017288e-05
2.7074366e-06
9.4889366e-05
2.6119973e-06
9.4765722e-05
2.5205449e-06
9.4646159e-05
2.4328656e-06
9.4530493e-05
2.3487357e-06
9.4418556e-05
2.2679537e-06
9.4310189e-05
2.1903588e-06
9.4205245e-05
2.1157777e-06
9.4103587e-05
2.0440612e-06
9.4005084e-05
1.9750921e-06
9.3909617e-05
1.9087362e-06
9.3817069e-05
1.8448623e-06
9.3727333e-05
1.7833639e-06
9.3640304e-05
1.7241535e-06
9.3555884e-05
1.6671727e-06
9.3473979e-05
1.6123286e-06
9.3394489e-05
1.5597319e-06
9.331734e-05
1.5089114e-06
9.324236e-05
1.4618097e-06
9.3169738e-05
1.4107017e-06
9.3098465e-05
1.3786429e-06
9.3032337e-05
1.2838946e-06
9.295152e-05
1.5335296e-06
9.6342452e-07
0.00010823388
1.2763962e-05
0.00010775494
1.221651e-05
0.00010727257
1.1661737e-05
0.00010679682
1.1116405e-05
0.00010633346
1.0590161e-05
0.00010588565
1.0088046e-05
0.00010545486
9.6124733e-06
0.00010503828
9.1645422e-06
0.00010462915
8.7397101e-06
0.00010422434
8.3297783e-06
0.00010382578
7.9322592e-06
0.00010343661
7.5489505e-06
0.00010305995
7.182188e-06
0.00010269809
6.8343408e-06
0.00010235233
6.5064471e-06
0.00010202336
6.1975324e-06
0.00010171139
5.9066203e-06
0.00010141602
5.6339556e-06
0.00010113628
5.379656e-06
0.000100871
5.1425578e-06
0.00010061919
4.9205732e-06
0.00010037996
4.7120066e-06
0.00010015239
4.516056e-06
9.9935508e-05
4.332004e-06
9.9728456e-05
4.1586897e-06
9.9530515e-05
3.9949605e-06
9.9341027e-05
3.8400062e-06
9.9159367e-05
3.6932109e-06
9.8984986e-05
3.5539406e-06
9.8817408e-05
3.4215621e-06
9.8656201e-05
3.2955645e-06
9.8500972e-05
3.1754763e-06
9.8351371e-05
3.0608646e-06
9.8207085e-05
2.951382e-06
9.8067829e-05
2.8466929e-06
9.7933344e-05
2.7464824e-06
9.7803393e-05
2.6504954e-06
9.7677761e-05
2.558498e-06
9.7556248e-05
2.4702486e-06
9.743867e-05
2.3855317e-06
9.7324856e-05
2.3041728e-06
9.7214648e-05
2.225986e-06
9.7107897e-05
2.150812e-06
9.7004465e-05
2.0785242e-06
9.6904222e-05
2.0089794e-06
9.6807045e-05
1.9420394e-06
9.6712818e-05
1.8775908e-06
9.6621431e-05
1.8155399e-06
9.653278e-05
1.7558242e-06
9.6446763e-05
1.6983453e-06
9.6363277e-05
1.6432182e-06
9.6282242e-05
1.5899461e-06
9.6203479e-05
1.5405727e-06
9.6127184e-05
1.4869969e-06
9.6052291e-05
1.4535361e-06
9.5982824e-05
1.3533618e-06
9.5897832e-05
1.6185214e-06
1.0179723e-06
0.00011174863
1.3181792e-05
0.00011128796
1.2677177e-05
0.00011080867
1.2141027e-05
0.00011032659
1.1598482e-05
0.0001098513
1.1065452e-05
0.0001093883
1.0551047e-05
0.00010894064
1.0060139e-05
0.0001085102
9.5949756e-06
0.00010809444
9.1554688e-06
0.00010768682
8.7373976e-06
0.0001072841
8.3349802e-06
0.00010688723
7.9458191e-06
0.00010649878
7.5706423e-06
0.00010612162
7.2115046e-06
0.0001057582
6.8698638e-06
0.00010541034
6.5453875e-06
0.00010507914
6.2378278e-06
0.00010476478
5.9483088e-06
0.00010446668
5.6777612e-06
0.00010418384
5.4253959e-06
0.00010391539
5.1890197e-06
0.00010366056
4.9668416e-06
0.0001034184
4.7582125e-06
0.00010318788
4.5625249e-06
0.00010296807
4.3785039e-06
0.00010275819
4.2048387e-06
0.00010255752
4.0406743e-06
0.00010236536
3.8853709e-06
0.00010218109
3.7382104e-06
0.00010200418
3.5984751e-06
0.00010183414
3.4656067e-06
0.00010167052
3.3390913e-06
0.00010151294
3.2184446e-06
0.00010136105
3.1032776e-06
0.00010121452
2.9932226e-06
0.00010107307
2.8879334e-06
0.00010093643
2.7871288e-06
0.00010080438
2.6905522e-06
0.00010067668
2.5979414e-06
0.00010055315
2.5090642e-06
0.00010043359
2.4237308e-06
0.00010031784
2.3417408e-06
0.00010020573
2.2629238e-06
0.00010009711
2.1871423e-06
9.9991846e-05
2.1142432e-06
9.9889805e-05
2.0440804e-06
9.9790863e-05
1.9765329e-06
9.9694903e-05
1.9115001e-06
9.9601812e-05
1.8489151e-06
9.9511484e-05
1.7886732e-06
9.9423808e-05
1.7308937e-06
9.9338702e-05
1.6750527e-06
9.9255975e-05
1.6232997e-06
9.9175832e-05
1.5671397e-06
9.9097148e-05
1.5322203e-06
9.9024184e-05
1.4263252e-06
9.8934821e-05
1.7078842e-06
1.0753875e-06
0.00011531934
1.353062e-05
0.0001148986
1.3097919e-05
0.00011443676
1.2602866e-05
0.00011395728
1.207797e-05
0.00011347539
1.1547333e-05
0.00011300031
1.1026128e-05
0.00011253737
1.0523084e-05
0.00011208983
1.0042515e-05
0.00011165955
9.5857523e-06
0.00011124411
9.1528295e-06
0.00011083784
8.7412513e-06
0.00011043718
8.3464823e-06
0.00011004185
7.9659752e-06
0.00010965368
7.5996749e-06
0.00010927559
7.2479452e-06
0.00010891062
6.9103579e-06
0.00010856093
6.5875174e-06
0.00010822757
6.2816746e-06
0.00010791053
5.9947996e-06
0.00010760922
5.7267102e-06
0.00010732303
5.4752075e-06
0.00010705139
5.2384819e-06
0.00010679343
5.0161708e-06
0.00010654808
4.8078746e-06
0.00010631437
4.6122152e-06
0.00010609149
4.4277146e-06
0.00010587867
4.2534998e-06
0.00010567511
4.0889294e-06
0.00010548013
3.9331915e-06
0.00010529313
3.7854717e-06
0.00010511357
3.6451656e-06
0.00010494095
3.5117146e-06
0.00010477482
3.3845734e-06
0.00010461479
3.2633054e-06
0.00010446051
3.147507e-06
0.00010431165
3.0367959e-06
0.00010416791
2.9308592e-06
0.00010402905
2.8294147e-06
0.00010389482
2.7321761e-06
0.00010376499
2.6388917e-06
0.00010363937
2.5493541e-06
0.00010351776
2.4633465e-06
0.0001034
2.3806854e-06
0.00010328592
2.3012214e-06
0.00010317537
2.2247898e-06
0.00010306822
2.151236e-06
0.00010296432
2.0804304e-06
0.00010286356
2.0122645e-06
0.00010276581
1.9466665e-06
0.00010267095
1.8835249e-06
0.00010257888
1.822963e-06
0.00010248951
1.7644285e-06
0.00010240263
1.7101814e-06
0.00010231845
1.651314e-06
0.0001022358
1.6148756e-06
0.00010215917
1.5029497e-06
0.00010206523
1.8018246e-06
1.1358072e-06
0.00011892043
1.3783984e-05
0.00011856797
1.3450374e-05
0.00011814532
1.3025519e-05
0.00011768278
1.2540509e-05
0.0001172032
1.202691e-05
0.00011672139
1.1507945e-05
0.00011624629
1.0998184e-05
0.00011578337
1.0505433e-05
0.00011533586
1.0033262e-05
0.00011490523
9.5834563e-06
0.00011448971
9.1567786e-06
0.00011408465
8.7515343e-06
0.00011368587
8.364755e-06
0.00011329155
7.9940037e-06
0.00011290323
7.6362647e-06
0.00011252442
7.289159e-06
0.00011215832
6.9536199e-06
0.00011180693
6.6330661e-06
0.00011147111
6.3306251e-06
0.00011115087
6.0469428e-06
0.00011084612
5.7799616e-06
0.00011055662
5.5279765e-06
0.0001102817
5.291095e-06
0.00011002031
5.0692617e-06
0.00010977151
4.861022e-06
0.00010953449
4.6647353e-06
0.00010930843
4.4795597e-06
0.00010909247
4.3048887e-06
0.00010888585
4.1398079e-06
0.00010868792
3.9833965e-06
0.00010849808
3.8350119e-06
0.00010831574
3.6940498e-06
0.00010814042
3.5598933e-06
0.00010797168
3.4320522e-06
0.0001078091
3.3100848e-06
0.00010765233
3.1935658e-06
0.00010750104
3.082145e-06
0.00010735495
2.9755111e-06
0.00010721377
2.8733499e-06
0.00010707728
2.7753861e-06
0.00010694524
2.6813924e-06
0.00010681745
2.5911328e-06
0.00010669373
2.5044091e-06
0.00010657389
2.4210576e-06
0.00010645778
2.3409011e-06
0.00010634524
2.2637749e-06
0.00010623613
2.1895397e-06
0.00010613032
2.1180784e-06
0.00010602767
2.0493137e-06
0.00010592807
1.9831263e-06
0.00010583139
1.9196436e-06
0.00010573754
1.8582828e-06
0.0001056463
1.8014196e-06
0.0001055579
1.7397141e-06
0.00010547108
1.7016925e-06
0.00010539062
1.5834092e-06
0.00010529189
1.9005598e-06
1.1993753e-06
0.00012252629
1.3932485e-05
0.00012226965
1.3707012e-05
0.00012191504
1.3380125e-05
0.00012149138
1.2964171e-05
0.00012102856
1.2489735e-05
0.00012054895
1.1987546e-05
0.00012006709
1.148005e-05
0.00011959195
1.0980568e-05
0.00011912898
1.0496238e-05
0.00011868109
1.0031344e-05
0.00011824966
9.5882112e-06
0.00011783373
9.1674576e-06
0.00011742965
8.7688356e-06
0.00011703209
8.3915659e-06
0.00011663823
8.0301217e-06
0.00011625015
7.6772435e-06
0.00011587122
7.3325532e-06
0.00011550416
7.0001246e-06
0.00011515076
6.6840214e-06
0.00011481195
6.3857492e-06
0.00011448836
6.1035599e-06
0.0001141803
5.8360299e-06
0.00011388744
5.5839602e-06
0.00011360888
5.3478188e-06
0.00011334378
5.1261229e-06
0.00011309142
4.9170959e-06
0.00011285097
4.7200092e-06
0.00011262151
4.5343468e-06
0.00011240223
4.3590864e-06
0.00011219243
4.1931966e-06
0.00011199143
4.0360143e-06
0.00011179859
3.8868925e-06
0.00011161335
3.7451306e-06
0.00011143522
3.6101809e-06
0.00011126374
3.4815623e-06
0.00011109851
3.3587992e-06
0.00011093916
3.2414978e-06
0.00011078535
3.1293141e-06
0.0001106368
3.0219011e-06
0.00011049323
2.9189557e-06
0.0001103544
2.8202276e-06
0.00011022007
2.7254588e-06
0.00011009005
2.6344329e-06
0.00010996414
2.5469709e-06
0.00010984216
2.4628806e-06
0.00010972395
2.3819856e-06
0.00010960935
2.304136e-06
0.00010949822
2.2292049e-06
0.00010939043
2.1571083e-06
0.00010928584
2.0877186e-06
0.00010918431
2.0211667e-06
0.00010908576
1.9568378e-06
0.00010898995
1.8972286e-06
0.00010889712
1.8325462e-06
0.00010880594
1.7928723e-06
0.00010872146
1.6678877e-06
0.0001086177
2.0043187e-06
1.2662435e-06
0.00012612703
1.3996256e-05
0.00012597669
1.3857352e-05
0.00012571859
1.3638218e-05
0.00012536325
1.3319519e-05
0.00012493942
1.2913556e-05
0.00012447668
1.2450289e-05
0.00012399713
1.1959605e-05
0.00012351526
1.1462439e-05
0.00012304004
1.0971454e-05
0.00012257669
1.0494698e-05
0.00012212801
1.0036888e-05
0.00012169539
9.6000749e-06
0.00012127871
9.1855174e-06
0.00012087487
8.7954024e-06
0.00012047786
8.4271372e-06
0.00012008484
8.0702621e-06
0.00011969769
7.7196992e-06
0.00011931882
7.3790038e-06
0.00011895047
7.0523649e-06
0.00011859458
6.7416442e-06
0.00011825273
6.4454015e-06
0.00011792604
6.1627264e-06
0.00011761466
5.8953416e-06
0.00011731803
5.6444466e-06
0.00011703555
5.4086058e-06
0.00011676668
5.1859646e-06
0.00011651065
4.976035e-06
0.00011626653
4.778472e-06
0.00011603347
4.5921448e-06
0.00011581075
4.415919e-06
0.00011559762
4.2491443e-06
0.00011539337
4.0911389e-06
0.00011519739
3.9411062e-06
0.00011500913
3.798441e-06
0.00011482807
3.6626247e-06
0.00011465375
3.5331231e-06
0.00011448575
3.4094919e-06
0.00011432372
3.2913518e-06
0.0001141673
3.1783174e-06
0.0001140162
3.0700523e-06
0.00011387015
2.9662803e-06
0.00011372889
2.8667172e-06
0.0001135922
2.7711257e-06
0.00011345986
2.6793087e-06
0.00011333169
2.5910564e-06
0.00011320749
2.5061794e-06
0.00011308711
2.4245153e-06
0.00011297039
2.3459257e-06
0.00011285718
2.2703194e-06
0.00011274734
2.1975592e-06
0.00011264073
2.1277791e-06
0.00011253723
2.0603306e-06
0.00011243663
1.9978361e-06
0.00011233914
1.9300289e-06
0.00011224339
1.8886286e-06
0.0001121547
1.7565796e-06
0.00011204567
2.1133429e-06
1.3365715e-06
0.0001297424
1.4014572e-05
0.00012967822
1.3921532e-05
0.00012952778
1.378866e-05
0.00012927001
1.3577287e-05
0.00012891529
1.3268276e-05
0.00012849212
1.2873461e-05
0.00012802982
1.2421901e-05
0.0001275505
1.1941761e-05
0.00012706866
1.1453289e-05
0.00012659316
1.0970204e-05
0.00012612909
1.0500956e-05
0.00012567927
1.0049896e-05
0.00012524505
9.6197353e-06
0.00012482711
9.2133443e-06
0.00012442277
8.8314783e-06
0.00012402627
8.4667604e-06
0.00012363476
8.1112061e-06
0.00012324867
7.7650931e-06
0.00012286943
7.4316101e-06
0.00012249936
7.1117133e-06
0.0001221411
6.8036567e-06
0.00012179664
6.5071869e-06
0.00012146686
6.2251269e-06
0.00012115172
5.9595834e-06
0.00012085106
5.7092715e-06
0.00012056466
5.4723558e-06
0.00012029193
5.2487691e-06
0.00012003196
5.0384468e-06
0.00011978394
4.8401585e-06
0.00011954717
4.6526934e-06
0.00011932084
4.4754706e-06
0.00011910419
4.3077879e-06
0.00011889656
4.1487427e-06
0.00011869732
3.9976792e-06
0.00011850589
3.8540476e-06
0.00011832177
3.7172467e-06
0.00011814449
3.5867755e-06
0.00011797362
3.462218e-06
0.00011780879
3.3431444e-06
0.00011764967
3.229179e-06
0.00011749593
3.120016e-06
0.00011734731
3.0153411e-06
0.00011720354
2.9148916e-06
0.0001170644
2.8184497e-06
0.00011692967
2.7257852e-06
0.00011679916
2.6366929e-06
0.00011667268
2.5509965e-06
0.00011655006
2.4685441e-06
0.00011643114
2.3892357e-06
0.00011631578
2.3129238e-06
0.00011620381
2.2397446e-06
0.00011609513
2.1690136e-06
0.00011598948
2.1034848e-06
0.00011588711
2.0323948e-06
0.00011578656
1.9891881e-06
0.00011569344
1.8496914e-06
0.0001155789
2.2278878e-06
1.410528e-06
0.00013341294
0.00013339466
0.00013333118
0.00013318234
0.00013292665
0.0001325739
0.00013215219
0.0001316908
0.00013121192
0.00013073006
0.00013025402
0.00012978892
0.00012933755
0.00012890147
0.00012848198
0.00012807679
0.00012768082
0.00012729078
0.00012690514
0.0001265251
0.00012615371
0.00012579367
0.00012544663
0.00012511331
0.0001247942
0.00012448962
0.00012419924
0.00012392232
0.00012365818
0.00012340619
0.00012316552
0.00012293538
0.00012271506
0.00012250389
0.00012230124
0.00012210651
0.0001219192
0.00012173884
0.00012156499
0.00012139726
0.00012123533
0.00012107886
0.00012092757
0.00012078121
0.00012063954
0.00012050234
0.00012036941
0.00012024057
0.00012011564
0.00011999445
0.00011987685
0.00011976271
0.00011965176
0.00011954426
0.00011943866
0.00011934091
0.00011922057
)
;

boundaryField
{
    inlet
    {
        type            calculated;
        value           nonuniform List<scalar> 0();
    }
    top
    {
        type            calculated;
        value           nonuniform List<scalar> 0();
    }
    outlet
    {
        type            calculated;
        value           nonuniform List<scalar> 
30
(
4.7912808e-05
4.9464335e-05
5.1064194e-05
5.2713861e-05
5.4414857e-05
5.6168747e-05
5.7977143e-05
5.9841707e-05
6.1764145e-05
6.374622e-05
6.5789744e-05
6.7896583e-05
7.0068659e-05
7.230795e-05
7.4616495e-05
7.699639e-05
7.9449797e-05
8.1978938e-05
8.4586106e-05
8.7273659e-05
9.0044025e-05
9.2899709e-05
9.5843284e-05
9.8877406e-05
0.00010200481
0.00010522832
0.00010855083
0.00011197534
0.00011550494
0.00011914281
)
;
    }
    slipsurface
    {
        type            calculated;
        value           nonuniform List<scalar> 0();
    }
    bottom
    {
        type            calculated;
        value           nonuniform List<scalar> 0();
    }
    frontandback
    {
        type            empty;
    }
    procBoundary3to2
    {
        type            processor;
        value           nonuniform List<scalar> 
59
(
-4.419462e-06
-4.1602112e-06
-3.9234163e-06
-3.7062773e-06
-3.5064574e-06
-3.322034e-06
-3.1512484e-06
-2.9926e-06
-2.8448032e-06
-2.7067827e-06
-2.577611e-06
-2.4564878e-06
-2.3427187e-06
-2.2356869e-06
-2.1348519e-06
-2.0397159e-06
-1.9498003e-06
-1.8647277e-06
-1.7841741e-06
-1.707811e-06
-1.635348e-06
-1.5665292e-06
-1.5011004e-06
-1.4388388e-06
-1.3795777e-06
-1.3231349e-06
-1.2693195e-06
-1.2179517e-06
-1.168928e-06
-1.1221608e-06
-1.0774925e-06
-1.0348023e-06
-9.9398476e-07
-9.5493418e-07
-9.1757886e-07
-8.8183502e-07
-8.4760546e-07
-8.1481841e-07
-7.8342621e-07
-7.5335313e-07
-7.2451494e-07
-6.9687156e-07
-6.7036268e-07
-6.449288e-07
-6.2054378e-07
-5.9715824e-07
-5.7471041e-07
-5.531622e-07
-5.3248621e-07
-5.1266023e-07
-4.9365002e-07
-4.7549248e-07
-4.5803792e-07
-4.4188459e-07
-4.2434828e-07
-4.1264717e-07
-3.8564636e-07
-4.4776011e-07
-2.7455217e-07
)
;
    }
    procBoundary3to4
    {
        type            processor;
        value           nonuniform List<scalar> 4(-5.2427709e-05 -5.4221224e-05 -5.6078559e-05 -5.8002527e-05);
    }
    procBoundary3to5
    {
        type            processor;
        value           nonuniform List<scalar> 
27
(
-5.9996018e-05
-6.2061926e-05
-6.4203016e-05
-6.6421723e-05
-6.8719774e-05
-7.1097763e-05
-7.355463e-05
-7.6087469e-05
-7.8692401e-05
-8.1366948e-05
-8.411388e-05
-8.6941438e-05
-8.9857004e-05
-9.2862899e-05
-9.5958094e-05
-9.9139376e-05
-0.00010240012
-0.00010572864
1.2863601e-05
-0.00010869282
-0.00011216646
-0.00011566817
-0.00011917379
-0.00012267479
-0.0001261908
-0.00012976072
-0.00013341605
)
;
    }
    procBoundary3to15
    {
        type            processor;
        value           nonuniform List<scalar> 
58
(
1.4017686e-05
1.3939805e-05
1.3852142e-05
1.3726127e-05
1.3523968e-05
1.3226212e-05
1.2843613e-05
1.2403151e-05
1.1932167e-05
1.1452065e-05
1.0976997e-05
1.0514996e-05
1.0071108e-05
9.64942e-06
9.2509637e-06
8.8719519e-06
8.5071769e-06
8.1551388e-06
7.8172462e-06
7.491755e-06
7.1750432e-06
6.8672268e-06
6.5721742e-06
6.2929014e-06
6.0283808e-06
5.7769358e-06
5.5391465e-06
5.3153691e-06
5.104293e-06
4.9046899e-06
4.7161359e-06
4.5379315e-06
4.3690628e-06
4.2088436e-06
4.0567056e-06
3.911972e-06
3.7740821e-06
3.6425843e-06
3.5169972e-06
3.3969e-06
3.2819547e-06
3.1718109e-06
3.0661766e-06
2.9648099e-06
2.8674565e-06
2.7738925e-06
2.683925e-06
2.5973869e-06
2.514168e-06
2.4341081e-06
2.3573454e-06
2.2831567e-06
2.2144334e-06
2.1398918e-06
2.0947919e-06
1.9474419e-06
2.3482239e-06
1.4882919e-06
)
;
    }
}


// ************************************************************************* //
