/*--------------------------------*- C++ -*----------------------------------*\
  =========                 |
  \\      /  F ield         | OpenFOAM: The Open Source CFD Toolbox
   \\    /   O peration     | Website:  https://openfoam.org
    \\  /    A nd           | Version:  12
     \\/     M anipulation  |
\*---------------------------------------------------------------------------*/
FoamFile
{
    format      ascii;
    class       volVectorField;
    location    "1100";
    object      U;
}
// * * * * * * * * * * * * * * * * * * * * * * * * * * * * * * * * * * * * * //

dimensions      [0 1 -1 0 0 0 0];

internalField   nonuniform List<vector> 
808
(
(1.0001312 0.0017642954 0)
(1.0001664 0.0017791717 0)
(1.0002016 0.0017927468 0)
(1.0002367 0.0018050856 0)
(1.0002717 0.0018162533 0)
(1.0003065 0.0018263149 0)
(1.000341 0.0018353345 0)
(1.0003754 0.0018433741 0)
(1.0004094 0.0018504939 0)
(1.0004431 0.0018567515 0)
(1.0004765 0.0018622021 0)
(1.0005097 0.0018668977 0)
(1.0005425 0.0018708878 0)
(1.000575 0.001874219 0)
(1.0006071 0.0018769349 0)
(1.000639 0.0018790766 0)
(1.0006705 0.0018806823 0)
(1.0007018 0.0018817878 0)
(1.0007328 0.0018824263 0)
(1.0007635 0.0018826287 0)
(1.0007939 0.0018824238 0)
(1.0008241 0.001881838 0)
(1.0008541 0.0018808961 0)
(1.0008839 0.0018796208 0)
(1.0009134 0.0018780331 0)
(1.0009428 0.0018761524 0)
(1.000972 0.0018739964 0)
(1.0010011 0.0018715815 0)
(1.00103 0.0018689229 0)
(1.0010589 0.0018660343 0)
(1.0010876 0.0018629283 0)
(1.0011163 0.0018596166 0)
(1.0011449 0.0018561097 0)
(1.0011735 0.001852417 0)
(1.001202 0.0018485474 0)
(1.0012306 0.0018445088 0)
(1.0012592 0.0018403081 0)
(1.0012879 0.0018359519 0)
(1.0013166 0.0018314459 0)
(1.0013454 0.0018267951 0)
(1.0001564 0.0016780833 0)
(1.000188 0.0016936655 0)
(1.0002197 0.0017081375 0)
(1.0002516 0.0017215365 0)
(1.0002835 0.0017339025 0)
(1.0003154 0.0017452769 0)
(1.0003473 0.0017557025 0)
(1.0003791 0.0017652223 0)
(1.0004108 0.0017738795 0)
(1.0004424 0.0017817167 0)
(1.0004738 0.0017887755 0)
(1.0005051 0.0017950968 0)
(1.0005362 0.00180072 0)
(1.0005671 0.001805683 0)
(1.0005979 0.0018100224 0)
(1.0006284 0.0018137729 0)
(1.0006588 0.0018169677 0)
(1.000689 0.0018196384 0)
(1.000719 0.0018218146 0)
(1.0007488 0.0018235247 0)
(1.0007784 0.001824795 0)
(1.0008079 0.0018256506 0)
(1.0008372 0.0018261149 0)
(1.0008663 0.0018262097 0)
(1.0008953 0.0018259556 0)
(1.0009242 0.0018253718 0)
(1.000953 0.001824476 0)
(1.0009817 0.0018232849 0)
(1.0010103 0.0018218138 0)
(1.0010388 0.0018200773 0)
(1.0010673 0.0018180883 0)
(1.0010957 0.0018158593 0)
(1.0011241 0.0018134016 0)
(1.0011525 0.0018107255 0)
(1.0011809 0.0018078406 0)
(1.0012094 0.0018047557 0)
(1.0012379 0.0018014788 0)
(1.0012664 0.0017980172 0)
(1.0012951 0.0017943774 0)
(1.0013239 0.0017905656 0)
(1.000184 0.0015916023 0)
(1.000212 0.001607414 0)
(1.0002404 0.0016223155 0)
(1.000269 0.001636323 0)
(1.0002978 0.0016494562 0)
(1.0003267 0.0016617373 0)
(1.0003558 0.0016731906 0)
(1.000385 0.001683842 0)
(1.0004142 0.0016937186 0)
(1.0004434 0.0017028483 0)
(1.0004727 0.0017112595 0)
(1.0005019 0.0017189807 0)
(1.0005311 0.0017260403 0)
(1.0005602 0.0017324664 0)
(1.0005893 0.0017382869 0)
(1.0006183 0.0017435288 0)
(1.0006472 0.0017482184 0)
(1.0006761 0.0017523814 0)
(1.0007049 0.0017560424 0)
(1.0007335 0.0017592251 0)
(1.0007621 0.0017619523 0)
(1.0007906 0.0017642457 0)
(1.000819 0.0017661261 0)
(1.0008474 0.0017676132 0)
(1.0008757 0.0017687258 0)
(1.0009039 0.0017694815 0)
(1.000932 0.0017698971 0)
(1.0009602 0.0017699885 0)
(1.0009882 0.0017697704 0)
(1.0010163 0.0017692568 0)
(1.0010444 0.0017684609 0)
(1.0010724 0.0017673948 0)
(1.0011005 0.0017660701 0)
(1.0011286 0.0017644973 0)
(1.0011568 0.0017626863 0)
(1.001185 0.0017606464 0)
(1.0012133 0.001758386 0)
(1.0012417 0.001755913 0)
(1.0012702 0.0017532345 0)
(1.0012989 0.0017503572 0)
(1.0002127 0.001505139 0)
(1.0002375 0.0015207535 0)
(1.0002626 0.0015356491 0)
(1.0002881 0.0015498283 0)
(1.0003139 0.0015632965 0)
(1.0003399 0.0015760616 0)
(1.0003662 0.0015881337 0)
(1.0003926 0.001599525 0)
(1.0004193 0.0016102494 0)
(1.000446 0.0016203219 0)
(1.0004729 0.0016297589 0)
(1.0004999 0.0016385776 0)
(1.000527 0.0016467957 0)
(1.0005542 0.0016544317 0)
(1.0005814 0.001661504 0)
(1.0006086 0.0016680316 0)
(1.0006359 0.0016740332 0)
(1.0006632 0.0016795274 0)
(1.0006905 0.0016845326 0)
(1.0007178 0.0016890671 0)
(1.0007452 0.0016931486 0)
(1.0007725 0.0016967944 0)
(1.0007998 0.0017000213 0)
(1.0008272 0.0017028457 0)
(1.0008545 0.0017052832 0)
(1.0008818 0.0017073491 0)
(1.0009092 0.0017090579 0)
(1.0009366 0.0017104234 0)
(1.000964 0.001711459 0)
(1.0009914 0.0017121774 0)
(1.0010189 0.0017125905 0)
(1.0010464 0.0017127097 0)
(1.001074 0.0017125459 0)
(1.0011017 0.0017121092 0)
(1.0011295 0.0017114092 0)
(1.0011573 0.0017104548 0)
(1.0011853 0.0017092545 0)
(1.0012134 0.0017078162 0)
(1.0012417 0.0017061472 0)
(1.0012701 0.0017042541 0)
(1.000241 0.0014196961 0)
(1.0002627 0.0014348017 0)
(1.0002849 0.0014493604 0)
(1.0003074 0.0014633668 0)
(1.0003303 0.0014768174 0)
(1.0003536 0.001489711 0)
(1.0003771 0.0015020483 0)
(1.0004009 0.0015138315 0)
(1.0004249 0.0015250647 0)
(1.0004492 0.0015357532 0)
(1.0004737 0.0015459039 0)
(1.0004984 0.0015555245 0)
(1.0005233 0.0015646238 0)
(1.0005484 0.0015732113 0)
(1.0005735 0.0015812975 0)
(1.0005989 0.0015888931 0)
(1.0006243 0.0015960096 0)
(1.0006499 0.0016026587 0)
(1.0006755 0.0016088522 0)
(1.0007013 0.0016146024 0)
(1.0007272 0.0016199213 0)
(1.0007531 0.0016248212 0)
(1.0007791 0.0016293142 0)
(1.0008052 0.0016334123 0)
(1.0008314 0.0016371275 0)
(1.0008577 0.0016404712 0)
(1.000884 0.001643455 0)
(1.0009105 0.0016460898 0)
(1.000937 0.0016483866 0)
(1.0009636 0.0016503557 0)
(1.0009904 0.0016520072 0)
(1.0010172 0.0016533508 0)
(1.0010442 0.0016543958 0)
(1.0010712 0.0016551512 0)
(1.0010984 0.0016556254 0)
(1.0011258 0.0016558265 0)
(1.0011533 0.0016557623 0)
(1.001181 0.0016554399 0)
(1.0012089 0.0016548663 0)
(1.0012369 0.0016540478 0)
(1.0002676 0.0013345428 0)
(1.0002866 0.0013488725 0)
(1.0003061 0.001362801 0)
(1.000326 0.0013763192 0)
(1.0003462 0.0013894194 0)
(1.0003668 0.0014020953 0)
(1.0003878 0.0014143421 0)
(1.000409 0.0014261561 0)
(1.0004306 0.0014375351 0)
(1.0004525 0.0014484779 0)
(1.0004746 0.0014589846 0)
(1.000497 0.0014690561 0)
(1.0005196 0.0014786944 0)
(1.0005425 0.0014879022 0)
(1.0005656 0.0014966833 0)
(1.0005889 0.0015050419 0)
(1.0006124 0.0015129829 0)
(1.0006361 0.0015205118 0)
(1.00066 0.0015276347 0)
(1.000684 0.001534358 0)
(1.0007083 0.0015406882 0)
(1.0007326 0.0015466326 0)
(1.0007572 0.0015521983 0)
(1.0007819 0.0015573928 0)
(1.0008067 0.0015622236 0)
(1.0008317 0.0015666983 0)
(1.0008569 0.0015708247 0)
(1.0008822 0.0015746104 0)
(1.0009077 0.0015780629 0)
(1.0009333 0.0015811898 0)
(1.0009591 0.0015839984 0)
(1.000985 0.0015864962 0)
(1.0010111 0.0015886902 0)
(1.0010374 0.0015905872 0)
(1.0010639 0.0015921941 0)
(1.0010906 0.0015935173 0)
(1.0011175 0.0015945631 0)
(1.0011446 0.0015953375 0)
(1.0011719 0.0015958462 0)
(1.0011995 0.0015960947 0)
(1.0002904 0.0012512566 0)
(1.0003071 0.0012646901 0)
(1.0003242 0.0012778409 0)
(1.0003417 0.0012906992 0)
(1.0003595 0.001303256 0)
(1.0003777 0.0013155031 0)
(1.0003963 0.0013274333 0)
(1.0004152 0.0013390401 0)
(1.0004344 0.0013503179 0)
(1.000454 0.0013612619 0)
(1.0004738 0.0013718682 0)
(1.000494 0.0013821335 0)
(1.0005144 0.0013920554 0)
(1.0005351 0.0014016319 0)
(1.0005561 0.0014108622 0)
(1.0005774 0.0014197455 0)
(1.0005989 0.0014282821 0)
(1.0006206 0.0014364727 0)
(1.0006426 0.0014443183 0)
(1.0006649 0.0014518207 0)
(1.0006873 0.0014589819 0)
(1.00071 0.0014658043 0)
(1.000733 0.0014722909 0)
(1.0007561 0.0014784448 0)
(1.0007795 0.0014842693 0)
(1.000803 0.0014897681 0)
(1.0008268 0.0014949451 0)
(1.0008508 0.0014998044 0)
(1.000875 0.00150435 0)
(1.0008995 0.0015085863 0)
(1.0009241 0.0015125176 0)
(1.000949 0.0015161482 0)
(1.0009741 0.0015194827 0)
(1.0009995 0.0015225254 0)
(1.001025 0.0015252807 0)
(1.0010509 0.0015277529 0)
(1.0010769 0.0015299463 0)
(1.0011033 0.001531865 0)
(1.0011299 0.0015335132 0)
(1.0011568 0.0015348947 0)
(1.0003091 0.0011672745 0)
(1.0003238 0.0011796696 0)
(1.0003389 0.0011918736 0)
(1.0003543 0.0012038777 0)
(1.00037 0.0012156734 0)
(1.0003861 0.0012272526 0)
(1.0004025 0.0012386078 0)
(1.0004192 0.0012497317 0)
(1.0004363 0.0012606177 0)
(1.0004537 0.0012712594 0)
(1.0004714 0.0012816513 0)
(1.0004895 0.001291788 0)
(1.0005078 0.0013016646 0)
(1.0005265 0.0013112769 0)
(1.0005454 0.0013206209 0)
(1.0005647 0.0013296932 0)
(1.0005842 0.0013384909 0)
(1.000604 0.0013470112 0)
(1.0006241 0.0013552521 0)
(1.0006445 0.0013632118 0)
(1.0006652 0.0013708889 0)
(1.0006861 0.0013782824 0)
(1.0007073 0.0013853916 0)
(1.0007288 0.0013922161 0)
(1.0007505 0.0013987558 0)
(1.0007725 0.0014050109 0)
(1.0007948 0.001410982 0)
(1.0008174 0.0014166697 0)
(1.0008402 0.0014220749 0)
(1.0008633 0.0014271988 0)
(1.0008866 0.0014320426 0)
(1.0009103 0.0014366078 0)
(1.0009342 0.001440896 0)
(1.0009584 0.0014449088 0)
(1.0009829 0.001448648 0)
(1.0010077 0.0014521155 0)
(1.0010328 0.0014553131 0)
(1.0010582 0.0014582428 0)
(1.0010839 0.0014609064 0)
(1.00111 0.001463306 0)
(1.000321 0.0010861768 0)
(1.000334 0.0010975745 0)
(1.0003472 0.0011088505 0)
(1.0003608 0.0011199978 0)
(1.0003747 0.0011310092 0)
(1.0003889 0.0011418779 0)
(1.0004034 0.001152597 0)
(1.0004182 0.00116316 0)
(1.0004334 0.0011735605 0)
(1.0004488 0.0011837923 0)
(1.0004646 0.0011938495 0)
(1.0004807 0.0012037263 0)
(1.0004971 0.0012134171 0)
(1.0005138 0.0012229168 0)
(1.0005308 0.0012322202 0)
(1.0005481 0.0012413227 0)
(1.0005658 0.0012502196 0)
(1.0005837 0.0012589068 0)
(1.000602 0.0012673801 0)
(1.0006205 0.0012756358 0)
(1.0006394 0.0012836705 0)
(1.0006585 0.0012914807 0)
(1.000678 0.0012990635 0)
(1.0006978 0.0013064161 0)
(1.0007178 0.001313536 0)
(1.0007382 0.0013204208 0)
(1.0007589 0.0013270683 0)
(1.0007799 0.0013334767 0)
(1.0008012 0.0013396443 0)
(1.0008228 0.0013455696 0)
(1.0008448 0.0013512511 0)
(1.000867 0.0013566878 0)
(1.0008896 0.0013618786 0)
(1.0009126 0.0013668227 0)
(1.0009358 0.0013715193 0)
(1.0009594 0.0013759679 0)
(1.0009834 0.0013801679 0)
(1.0010077 0.0013841189 0)
(1.0010324 0.0013878207 0)
(1.0010575 0.0013912728 0)
(1.0003285 0.0010018112 0)
(1.0003399 0.0010121119 0)
(1.0003516 0.0010223406 0)
(1.0003636 0.001032492 0)
(1.0003759 0.0010425608 0)
(1.0003884 0.0010525415 0)
(1.0004013 0.0010624287 0)
(1.0004144 0.001072217 0)
(1.0004279 0.001081901 0)
(1.0004416 0.0010914755 0)
(1.0004556 0.0011009351 0)
(1.0004699 0.0011102746 0)
(1.0004846 0.0011194889 0)
(1.0004995 0.0011285727 0)
(1.0005147 0.0011375211 0)
(1.0005303 0.0011463292 0)
(1.0005461 0.001154992 0)
(1.0005623 0.0011635047 0)
(1.0005787 0.0011718628 0)
(1.0005955 0.0011800617 0)
(1.0006126 0.0011880968 0)
(1.00063 0.0011959639 0)
(1.0006478 0.0012036587 0)
(1.0006658 0.0012111771 0)
(1.0006842 0.0012185151 0)
(1.0007029 0.0012256688 0)
(1.000722 0.0012326346 0)
(1.0007414 0.0012394087 0)
(1.0007611 0.0012459878 0)
(1.0007812 0.0012523683 0)
(1.0008016 0.0012585471 0)
(1.0008224 0.001264521 0)
(1.0008435 0.001270287 0)
(1.000865 0.0012758421 0)
(1.0008869 0.0012811837 0)
(1.0009092 0.0012863089 0)
(1.0009318 0.0012912152 0)
(1.0009549 0.0012959001 0)
(1.0009784 0.0013003611 0)
(1.0010023 0.0013045961 0)
(1.0003263 0.00092269211 0)
(1.0003365 0.0009320656 0)
(1.0003469 0.00094140304 0)
(1.0003575 0.00095070072 0)
(1.0003684 0.00095995485 0)
(1.0003795 0.00096916157 0)
(1.0003909 0.00097831694 0)
(1.0004026 0.00098741696 0)
(1.0004146 0.00099645757 0)
(1.0004268 0.0010054347 0)
(1.0004392 0.001014344 0)
(1.000452 0.0010231815 0)
(1.0004651 0.0010319428 0)
(1.0004784 0.0010406236 0)
(1.000492 0.0010492196 0)
(1.0005059 0.0010577264 0)
(1.0005201 0.0010661397 0)
(1.0005347 0.0010744549 0)
(1.0005495 0.0010826678 0)
(1.0005646 0.0010907739 0)
(1.0005801 0.0010987686 0)
(1.0005958 0.0011066477 0)
(1.0006119 0.0011144066 0)
(1.0006284 0.0011220408 0)
(1.0006451 0.0011295461 0)
(1.0006622 0.0011369179 0)
(1.0006797 0.0011441519 0)
(1.0006975 0.0011512436 0)
(1.0007157 0.0011581887 0)
(1.0007342 0.001164983 0)
(1.0007531 0.001171622 0)
(1.0007724 0.0011781015 0)
(1.000792 0.0011844173 0)
(1.0008121 0.0011905652 0)
(1.0008325 0.001196541 0)
(1.0008534 0.0012023405 0)
(1.0008747 0.0012079598 0)
(1.0008964 0.0012133947 0)
(1.0009186 0.0012186412 0)
(1.0009412 0.0012236954 0)
(1.0003227 0.00083524138 0)
(1.0003318 0.00084353619 0)
(1.000341 0.00085181817 0)
(1.0003505 0.00086008497 0)
(1.0003601 0.00086833413 0)
(1.0003701 0.00087656311 0)
(1.0003802 0.00088476927 0)
(1.0003906 0.00089294988 0)
(1.0004012 0.00090110212 0)
(1.000412 0.00090922307 0)
(1.0004232 0.00091730973 0)
(1.0004345 0.000925359 0)
(1.0004462 0.0009333677 0)
(1.000458 0.00094133255 0)
(1.0004702 0.0009492502 0)
(1.0004826 0.00095711718 0)
(1.0004954 0.00096492997 0)
(1.0005084 0.00097268494 0)
(1.0005217 0.0009803784 0)
(1.0005353 0.00098800654 0)
(1.0005492 0.00099556552 0)
(1.0005634 0.0010030514 0)
(1.0005779 0.0010104601 0)
(1.0005928 0.0010177875 0)
(1.000608 0.0010250296 0)
(1.0006235 0.001032182 0)
(1.0006394 0.0010392404 0)
(1.0006556 0.0010462005 0)
(1.0006722 0.0010530578 0)
(1.0006892 0.0010598078 0)
(1.0007065 0.0010664459 0)
(1.0007242 0.0010729676 0)
(1.0007424 0.0010793681 0)
(1.0007609 0.0010856427 0)
(1.0007799 0.0010917866 0)
(1.0007992 0.0010977951 0)
(1.0008191 0.0011036633 0)
(1.0008393 0.0011093862 0)
(1.0008601 0.0011149589 0)
(1.0008813 0.0011203766 0)
(1.0002982 0.00075122619 0)
(1.0003061 0.000758735 0)
(1.0003142 0.00076624867 0)
(1.0003225 0.00077376598 0)
(1.000331 0.00078128566 0)
(1.0003396 0.00078880633 0)
(1.0003485 0.00079632653 0)
(1.0003576 0.00080384472 0)
(1.0003668 0.00081135928 0)
(1.0003763 0.00081886848 0)
(1.0003861 0.00082637052 0)
(1.000396 0.00083386347 0)
(1.0004062 0.00084134534 0)
(1.0004166 0.00084881403 0)
(1.0004273 0.00085626734 0)
(1.0004382 0.00086370295 0)
(1.0004493 0.00087111845 0)
(1.0004608 0.00087851133 0)
(1.0004725 0.00088587897 0)
(1.0004845 0.00089321862 0)
(1.0004967 0.00090052744 0)
(1.0005093 0.00090780247 0)
(1.0005221 0.00091504063 0)
(1.0005353 0.00092223871 0)
(1.0005487 0.00092939343 0)
(1.0005625 0.00093650133 0)
(1.0005766 0.00094355886 0)
(1.0005911 0.00095056235 0)
(1.0006059 0.00095750801 0)
(1.0006211 0.00096439191 0)
(1.0006366 0.00097121 0)
(1.0006525 0.00097795811 0)
(1.0006688 0.00098463196 0)
(1.0006855 0.00099122711 0)
(1.0007026 0.00099773904 0)
(1.0007202 0.0010041631 0)
(1.0007382 0.0010104944 0)
(1.0007566 0.0010167282 0)
(1.0007755 0.0010228594 0)
(1.0007948 0.0010288828 0)
(1.0008147 0.0010347932 0)
(1.0002896 0.00065768556 0)
(1.0002967 0.00066409819 0)
(1.0003039 0.00067052349 0)
(1.0003113 0.00067696097 0)
(1.0003189 0.00068341006 0)
(1.0003266 0.00068987014 0)
(1.0003345 0.00069634052 0)
(1.0003426 0.00070282045 0)
(1.0003509 0.00070930909 0)
(1.0003594 0.00071580555 0)
(1.0003681 0.00072230885 0)
(1.0003769 0.00072881792 0)
(1.000386 0.00073533163 0)
(1.0003953 0.00074184873 0)
(1.0004048 0.00074836792 0)
(1.0004146 0.00075488778 0)
(1.0004246 0.00076140679 0)
(1.0004348 0.00076792335 0)
(1.0004453 0.00077443574 0)
(1.000456 0.00078094215 0)
(1.000467 0.00078744063 0)
(1.0004783 0.00079392914 0)
(1.0004898 0.00080040552 0)
(1.0005016 0.00080686747 0)
(1.0005137 0.00081331259 0)
(1.0005262 0.00081973834 0)
(1.0005389 0.00082614203 0)
(1.000552 0.00083252086 0)
(1.0005654 0.00083887188 0)
(1.0005791 0.00084519199 0)
(1.0005932 0.00085147797 0)
(1.0006077 0.00085772644 0)
(1.0006225 0.00086393385 0)
(1.0006378 0.00087009653 0)
(1.0006534 0.00087621064 0)
(1.0006695 0.0008822722 0)
(1.000686 0.00088827707 0)
(1.0007029 0.00089422096 0)
(1.0007203 0.0009000994 0)
(1.0007382 0.00090590778 0)
(1.0007566 0.00091164136 0)
(1.00026 0.00058718146 0)
(1.0002664 0.00059297175 0)
(1.000273 0.00059878084 0)
(1.0002797 0.00060460877 0)
(1.0002865 0.00061045552 0)
(1.0002935 0.00061632105 0)
(1.0003007 0.00062220527 0)
(1.0003081 0.00062810803 0)
(1.0003156 0.00063402914 0)
(1.0003232 0.00063996835 0)
(1.0003311 0.00064592534 0)
(1.0003392 0.00065189976 0)
(1.0003474 0.00065789118 0)
(1.0003558 0.00066389908 0)
(1.0003645 0.00066992289 0)
(1.0003733 0.00067596197 0)
(1.0003824 0.00068201559 0)
(1.0003917 0.00068808295 0)
(1.0004012 0.00069416315 0)
(1.000411 0.00070025521 0)
(1.000421 0.00070635807 0)
(1.0004312 0.00071247056 0)
(1.0004418 0.00071859139 0)
(1.0004526 0.00072471919 0)
(1.0004636 0.00073085247 0)
(1.000475 0.00073698959 0)
(1.0004867 0.00074312882 0)
(1.0004986 0.00074926828 0)
(1.0005109 0.00075540595 0)
(1.0005236 0.00076153967 0)
(1.0005365 0.00076766714 0)
(1.0005498 0.00077378586 0)
(1.0005635 0.00077989321 0)
(1.0005776 0.00078598638 0)
(1.0005921 0.0007920624 0)
(1.000607 0.00079811815 0)
(1.0006223 0.00080415032 0)
(1.000638 0.00081015547 0)
(1.0006542 0.00081612999 0)
(1.0006709 0.00082207011 0)
(1.0006881 0.00082797193 0)
(1.0002554 0.0004793098 0)
(1.0002612 0.00048388059 0)
(1.000267 0.00048847115 0)
(1.000273 0.00049308177 0)
(1.0002791 0.00049771274 0)
(1.0002854 0.00050236433 0)
(1.0002918 0.00050703676 0)
(1.0002983 0.00051173021 0)
(1.000305 0.00051644484 0)
(1.0003119 0.00052118078 0)
(1.0003189 0.00052593808 0)
(1.0003261 0.00053071679 0)
(1.0003335 0.00053551688 0)
(1.000341 0.00054033825 0)
(1.0003487 0.00054518077 0)
(1.0003566 0.00055004416 0)
(1.0003647 0.00055492816 0)
(1.000373 0.00055983249 0)
(1.0003815 0.00056475681 0)
(1.0003903 0.00056970077 0)
(1.0003992 0.00057466397 0)
(1.0004084 0.00057964595 0)
(1.0004178 0.00058464619 0)
(1.0004275 0.00058966411 0)
(1.0004375 0.00059469906 0)
(1.0004477 0.0005997503 0)
(1.0004581 0.00060481701 0)
(1.0004689 0.0006098983 0)
(1.00048 0.00061499316 0)
(1.0004914 0.00062010049 0)
(1.0005031 0.00062521904 0)
(1.0005151 0.00063034745 0)
(1.0005275 0.00063548406 0)
(1.0005403 0.00064062693 0)
(1.0005534 0.00064577442 0)
(1.0005669 0.00065092508 0)
(1.0005809 0.0006560773 0)
(1.0005952 0.00066122942 0)
(1.00061 0.0006663797 0)
(1.0006253 0.00067152629 0)
(1.0006411 0.00067666728 0)
(1.0002092 0.00041993817 0)
(1.0002146 0.00042402242 0)
(1.0002201 0.00042812785 0)
(1.0002258 0.00043225498 0)
(1.0002315 0.00043640432 0)
(1.0002374 0.00044057638 0)
(1.0002434 0.00044477167 0)
(1.0002496 0.00044899069 0)
(1.0002559 0.00045323392 0)
(1.0002623 0.00045750185 0)
(1.0002689 0.00046179494 0)
(1.0002756 0.00046611365 0)
(1.0002826 0.00047045841 0)
(1.0002896 0.00047482964 0)
(1.0002969 0.00047922776 0)
(1.0003043 0.00048365311 0)
(1.0003119 0.00048810607 0)
(1.0003197 0.00049258697 0)
(1.0003277 0.00049709613 0)
(1.0003359 0.00050163385 0)
(1.0003443 0.0005062004 0)
(1.000353 0.00051079602 0)
(1.0003618 0.00051542091 0)
(1.0003709 0.00052007523 0)
(1.0003803 0.0005247591 0)
(1.0003899 0.00052947262 0)
(1.0003998 0.00053421579 0)
(1.00041 0.0005389886 0)
(1.0004204 0.00054379093 0)
(1.0004312 0.00054862264 0)
(1.0004423 0.00055348348 0)
(1.0004537 0.00055837315 0)
(1.0004654 0.00056329117 0)
(1.0004775 0.00056823683 0)
(1.00049 0.00057320933 0)
(1.0005029 0.00057820808 0)
(1.0005161 0.00058323268 0)
(1.0005298 0.00058828257 0)
(1.000544 0.00059335717 0)
(1.0005586 0.00059845579 0)
(1.0005737 0.00060357766 0)
(1.0002213 0.00027823883 1.919429e-20)
(1.0002261 0.00028062093 0)
(1.000231 0.00028302397 0)
(1.000236 0.00028544837 -2.1605229e-20)
(1.0002411 0.00028789461 0)
(1.0002463 0.00029036326 0)
(1.0002517 0.00029285494 -1.2092177e-20)
(1.0002572 0.00029537036 -1.2540318e-20)
(1.0002628 0.00029791032 0)
(1.0002685 0.00030047567 -1.3462896e-20)
(1.0002744 0.00030306743 2.7873491e-20)
(1.0002804 0.00030568679 0)
(1.0002866 0.000308336 0)
(1.0002929 0.00031102084 0)
(1.0002994 0.00031377252 3.1810675e-20)
(1.0003061 0.00031672572 0)
(1.0003129 0.00031965241 3.2760888e-20)
(1.0003199 0.00032259236 0)
(1.0003271 0.00032554075 0)
(1.0003344 0.00032850284 0)
(1.000342 0.00033148118 0)
(1.0003498 0.00033447861 0)
(1.0003577 0.00033749759 -3.5374624e-20)
(1.000366 0.00034054041 0)
(1.0003744 0.0003436092 -3.617312e-20)
(1.0003831 0.00034670598 0)
(1.000392 0.00034983267 0)
(1.0004012 0.00035299113 0)
(1.0004106 0.00035618334 0)
(1.0004203 0.00035941211 0)
(1.0004304 0.0003626851 0)
(1.0004407 0.00036603596 0)
(1.0004513 0.00036963782 0)
(1.0004623 0.00037377458 0)
(1.0004736 0.00037786187 0)
(1.0004853 0.00038205522 0)
(1.0004973 0.00038633639 -3.0092e-20)
(1.0005098 0.00039072715 0)
(1.0005226 0.0003952393 2.4795404e-20)
(1.000536 0.00039988628 -2.1781961e-20)
(1.0005497 0.00040468098 0)
(1.0001769 0.00024292943 7.2245059e-21)
(1.0001817 0.00024503621 0)
(1.0001865 0.00024716148 7.8104985e-21)
(1.0001915 0.0002493056 0)
(1.0001965 0.00025146899 0)
(1.0002017 0.00025365214 0)
(1.000207 0.00025585562 9.0655805e-21)
(1.0002124 0.00025808004 0)
(1.000218 0.0002603261 0)
(1.0002237 0.00026259457 0)
(1.0002295 0.00026488629 0)
(1.0002355 0.00026720218 -2.1560725e-20)
(1.0002416 0.00026954327 0)
(1.0002479 0.00027191067 0)
(1.0002543 0.00027430565 1.1872732e-20)
(1.0002609 0.00027672973 1.2243918e-20)
(1.0002677 0.00027918438 0)
(1.0002746 0.00028167093 0)
(1.0002818 0.00028419079 0)
(1.0002891 0.00028674534 2.7480068e-20)
(1.0002966 0.00028933598 0)
(1.0003043 0.00029196416 0)
(1.0003123 0.00029463138 0)
(1.0003204 0.00029733917 0)
(1.0003288 0.00030008913 0)
(1.0003374 0.00030288292 -6.3679852e-20)
(1.0003463 0.0003057223 0)
(1.0003554 0.00030860909 0)
(1.0003647 0.00031154528 -3.3824331e-20)
(1.0003744 0.00031453311 0)
(1.0003843 0.00031757579 0)
(1.0003946 0.00032068123 0)
(1.0004051 0.00032388158 0)
(1.000416 0.00032733608 0)
(1.0004272 0.00033130364 0)
(1.0004388 0.00033525465 3.3461311e-20)
(1.0004507 0.00033932872 0)
(1.000463 0.00034350627 0)
(1.0004757 0.00034780411 -2.7824246e-20)
(1.0004888 0.00035223035 0)
(1.0005023 0.00035679449 0)
(1.0002184 5.7731588e-05 -2.1236305e-21)
(1.0002226 5.8074347e-05 0)
(1.000227 5.8429208e-05 0)
(1.0002314 5.8796777e-05 0)
(1.0002359 5.9177697e-05 0)
(1.0002405 5.9572657e-05 0)
(1.0002452 5.9982392e-05 0)
(1.0002501 6.0407687e-05 0)
(1.000255 6.0849381e-05 1.3430052e-21)
(1.0002601 6.1308368e-05 0)
(1.0002653 6.1785604e-05 -1.1090057e-21)
(1.0002707 6.228211e-05 0)
(1.0002761 6.2798978e-05 -8.5602002e-22)
(1.0002817 6.3337375e-05 0)
(1.0002875 6.3898548e-05 -5.8178994e-22)
(1.0002934 6.4483833e-05 0)
(1.0002995 6.5094659e-05 -2.8332242e-22)
(1.0003057 6.5732557e-05 0)
(1.0003121 6.6399166e-05 0)
(1.0003186 6.709625e-05 0)
(1.0003254 6.7825698e-05 0)
(1.0003323 6.8589544e-05 0)
(1.0003394 6.9389969e-05 0)
(1.0003468 7.0229322e-05 0)
(1.0003543 7.111014e-05 0)
(1.0003621 7.2035155e-05 0)
(1.00037 7.3007313e-05 0)
(1.0003783 7.4029791e-05 1.9020481e-21)
(1.0003868 7.5106024e-05 0)
(1.0003955 7.6239718e-05 0)
(1.0004045 7.7434889e-05 0)
(1.0004138 7.8695931e-05 0)
(1.0004233 8.0027796e-05 1.6290628e-21)
(1.0004332 8.1435769e-05 0)
(1.0004434 8.2924462e-05 0)
(1.000454 8.4499081e-05 0)
(1.0004648 8.6165976e-05 2.2720524e-21)
(1.000476 8.7931804e-05 0)
(1.0004876 8.9803865e-05 0)
(1.0004996 9.1790039e-05 0)
(1.0005119 9.3898901e-05 0)
)
;

boundaryField
{
    bottom
    {
        type            fixedValue;
        value           nonuniform List<vector> 0();
    }
    back
    {
        type            empty;
    }
    front
    {
        type            empty;
    }
    inlet
    {
        type            fixedValue;
        value           nonuniform List<vector> 0();
    }
    outlet
    {
        type            zeroGradient;
    }
    top
    {
        type            zeroGradient;
    }
    slipsurface
    {
        type            slip;
    }
    procBoundary1to0
    {
        type            processor;
        value           nonuniform List<vector> 
37
(
(1.0001095 0.0018492464 0)
(1.0001484 0.0018628887 0)
(1.000187 0.0018750675 0)
(1.0002252 0.0018858799 0)
(1.0002631 0.0018954199 0)
(1.0003006 0.0019037777 0)
(1.0003376 0.0019110391 0)
(1.0003742 0.0019172849 0)
(1.0004103 0.0019225912 0)
(1.0004459 0.0019270291 0)
(1.0004811 0.001930665 0)
(1.0005157 0.0019335604 0)
(1.00055 0.0019357722 0)
(1.0005837 0.0019373533 0)
(1.0006171 0.0019383523 0)
(1.00065 0.001938814 0)
(1.0006825 0.0019387795 0)
(1.0007146 0.0019382868 0)
(1.0007463 0.0019373706 0)
(1.0007777 0.0019360628 0)
(1.0008088 0.0019343924 0)
(1.0008395 0.0019323861 0)
(1.00087 0.0019300685 0)
(1.0009002 0.0019274616 0)
(1.0009301 0.0019245859 0)
(1.0009598 0.0019214598 0)
(1.0009893 0.0019181002 0)
(1.0010187 0.0019145225 0)
(1.0010478 0.0019107405 0)
(1.0010768 0.0019067668 0)
(1.0011057 0.0019026129 0)
(1.0011345 0.0018982891 0)
(1.0011632 0.0018938047 0)
(1.0011919 0.0018891679 0)
(1.0012205 0.0018843864 0)
(1.0012491 0.0018794667 0)
(1.0012778 0.0018744148 0)
)
;
    }
    procBoundary1to2
    {
        type            processor;
        value           nonuniform List<vector> 
21
(
(1.0000961 0.001748055 0)
(1.0001251 0.0016613573 0)
(1.0001563 0.0015748677 0)
(1.0001884 0.0014888065 0)
(1.0002197 0.0014040517 0)
(1.0002489 0.0013198227 0)
(1.000274 0.001237551 0)
(1.0002948 0.0011546976 0)
(1.0003084 0.0010746649 0)
(1.0003173 0.00099144408 0)
(1.0003164 0.0009132862 0)
(1.0003139 0.00082693602 0)
(1.0003139 0.00082693602 0)
(1.0002905 0.00074372337 0)
(1.0002827 0.00065128603 0)
(1.0002537 0.0005814099 0)
(1.0002498 0.00047475844 0)
(1.000204 0.00041587459 0)
(1.0002166 0.00027587737 0)
(1.0001723 0.00024084084 2.0825881e-20)
(1.0002143 5.740037e-05 0)
)
;
    }
    procBoundary1to13
    {
        type            processor;
        value           nonuniform List<vector> 
14
(
(1.001184 0.0015360132 0)
(1.0011364 0.0014654435 0)
(1.0010829 0.0013944753 0)
(1.0010266 0.0013086026 0)
(1.0009643 0.0012285532 0)
(1.000903 0.001125634 0)
(1.0008351 0.0010405853 0)
(1.0007755 0.00091729519 0)
(1.0007058 0.00083383138 0)
(1.0006573 0.00068180067 0)
(1.0005893 0.00060872194 0)
(1.000564 0.00040963566 1.4905898e-20)
(1.0005163 0.00036150516 2.9863855e-20)
(1.0005247 9.6139749e-05 0)
)
;
    }
    procBoundary1to14
    {
        type            processor;
        value           nonuniform List<vector> 9((1.0013064 0.001869236 0) (1.0013352 0.0018639348 0) (1.001364 0.0018585153 0) (1.0013744 0.001822004 0) (1.0013528 0.0017865871 0) (1.0013277 0.0017472871 0) (1.0012987 0.0017021434 0) (1.0012652 0.0016529905 0) (1.0012273 0.0015960882 0));
    }
}


// ************************************************************************* //
