/*--------------------------------*- C++ -*----------------------------------*\
  =========                 |
  \\      /  F ield         | OpenFOAM: The Open Source CFD Toolbox
   \\    /   O peration     | Website:  https://openfoam.org
    \\  /    A nd           | Version:  12
     \\/     M anipulation  |
\*---------------------------------------------------------------------------*/
FoamFile
{
    format      ascii;
    class       volScalarField;
    location    "1400";
    object      k;
}
// * * * * * * * * * * * * * * * * * * * * * * * * * * * * * * * * * * * * * //

dimensions      [0 2 -2 0 0 0 0];

internalField   nonuniform List<scalar> 
471
(
8.9440318e-06
8.8100542e-06
8.6759783e-06
8.5418698e-06
8.4077933e-06
8.2738125e-06
8.1399904e-06
8.0063892e-06
7.8730706e-06
7.7400956e-06
7.6075246e-06
7.4754172e-06
7.3438325e-06
7.2128285e-06
7.0824624e-06
6.9527903e-06
6.8238671e-06
6.6957466e-06
8.9441073e-06
8.8101362e-06
8.6760657e-06
8.5419612e-06
8.4078876e-06
8.2739084e-06
8.1400869e-06
8.0064855e-06
7.8731659e-06
7.7401894e-06
7.6076164e-06
7.4755068e-06
7.3439195e-06
7.2129127e-06
7.0825437e-06
6.9528685e-06
6.8239422e-06
6.6958183e-06
8.9441842e-06
8.8102192e-06
8.676154e-06
8.5420536e-06
8.4079828e-06
8.2740055e-06
8.1401847e-06
8.0065831e-06
7.8732627e-06
7.7402848e-06
7.60771e-06
7.4755981e-06
7.3440083e-06
7.2129988e-06
7.0826268e-06
6.9529486e-06
6.8240191e-06
6.695892e-06
8.9442623e-06
8.8103033e-06
8.6762432e-06
8.5421469e-06
8.408079e-06
8.2741035e-06
8.1402835e-06
8.006682e-06
7.8733609e-06
7.7403817e-06
7.6078051e-06
7.4756911e-06
7.3440988e-06
7.2130866e-06
7.0827117e-06
6.9530304e-06
6.8240977e-06
6.6959673e-06
8.9443417e-06
8.8103885e-06
8.6763332e-06
8.5422409e-06
8.408176e-06
8.2742023e-06
8.1403833e-06
8.0067819e-06
7.8734602e-06
7.7404798e-06
7.6079016e-06
7.4757855e-06
7.3441908e-06
7.2131759e-06
7.0827982e-06
6.9531138e-06
6.8241779e-06
6.6960442e-06
8.9444223e-06
8.8104745e-06
8.6764241e-06
8.5423356e-06
8.4082736e-06
8.2743019e-06
8.140484e-06
8.0068828e-06
7.8735606e-06
7.7405792e-06
7.6079993e-06
7.4758812e-06
7.3442842e-06
7.2132667e-06
7.0828861e-06
6.9531987e-06
6.8242596e-06
6.6961226e-06
8.944504e-06
8.8105615e-06
8.6765156e-06
8.542431e-06
8.4083718e-06
8.2744021e-06
8.1405853e-06
8.0069845e-06
7.8736619e-06
7.7406795e-06
7.6080981e-06
7.4759781e-06
7.3443788e-06
7.2133587e-06
7.0829753e-06
6.9532849e-06
6.8243426e-06
6.6962023e-06
8.9445868e-06
8.8106493e-06
8.6766078e-06
8.5425269e-06
8.4084706e-06
8.2745029e-06
8.1406873e-06
8.0070868e-06
7.8737641e-06
7.7407807e-06
7.608198e-06
7.4760761e-06
7.3444746e-06
7.213452e-06
7.0830658e-06
6.9533724e-06
6.824427e-06
6.6962834e-06
8.9446707e-06
8.8107379e-06
8.6767007e-06
8.5426233e-06
8.4085698e-06
8.2746041e-06
8.1407898e-06
8.0071898e-06
7.8738669e-06
7.7408827e-06
7.6082987e-06
7.4761751e-06
7.3445714e-06
7.2135464e-06
7.0831574e-06
6.9534611e-06
6.8245125e-06
6.6963657e-06
8.9447555e-06
8.8108273e-06
8.6767942e-06
8.5427202e-06
8.4086695e-06
8.2747058e-06
8.1408927e-06
8.0072933e-06
7.8739703e-06
7.7409854e-06
7.6084002e-06
7.4762749e-06
7.3446692e-06
7.2136417e-06
7.0832501e-06
6.9535508e-06
6.8245992e-06
6.6964491e-06
8.9448413e-06
8.8109174e-06
8.6768882e-06
8.5428176e-06
8.4087695e-06
8.2748078e-06
8.140996e-06
8.0073972e-06
7.8740741e-06
7.7410887e-06
7.6085023e-06
7.4763754e-06
7.3447677e-06
7.2137379e-06
7.0833437e-06
6.9536415e-06
6.8246868e-06
6.6965335e-06
8.9449279e-06
8.8110082e-06
8.6769827e-06
8.5429153e-06
8.4088699e-06
8.2749101e-06
8.1410996e-06
8.0075015e-06
7.8741784e-06
7.7411925e-06
7.608605e-06
7.4764766e-06
7.344867e-06
7.2138349e-06
7.0834381e-06
6.9537331e-06
6.8247753e-06
6.6966188e-06
8.9450154e-06
8.8110997e-06
8.6770777e-06
8.5430134e-06
8.4089705e-06
8.2750126e-06
8.1412034e-06
8.007606e-06
7.874283e-06
7.7412966e-06
7.6087081e-06
7.4765783e-06
7.3449668e-06
7.2139325e-06
7.0835332e-06
6.9538254e-06
6.8248647e-06
6.696705e-06
8.9451037e-06
8.8111917e-06
8.6771732e-06
8.5431118e-06
8.4090713e-06
8.2751153e-06
8.1413074e-06
8.0077107e-06
7.8743878e-06
7.741401e-06
7.6088116e-06
7.4766804e-06
7.3450671e-06
7.2140307e-06
7.0836289e-06
6.9539184e-06
6.8249547e-06
6.6967919e-06
8.9451927e-06
8.8112842e-06
8.677269e-06
8.5432104e-06
8.4091722e-06
8.2752181e-06
8.1414114e-06
8.0078154e-06
7.8744927e-06
7.7415055e-06
7.6089153e-06
7.4767828e-06
7.3451678e-06
7.2141293e-06
7.0837251e-06
6.954012e-06
6.8250454e-06
6.6968794e-06
8.9452823e-06
8.8113773e-06
8.6773651e-06
8.5433092e-06
8.4092733e-06
8.2753209e-06
8.1415155e-06
8.0079202e-06
7.8745977e-06
7.7416102e-06
7.6090191e-06
7.4768854e-06
7.3452688e-06
7.2142283e-06
7.0838218e-06
6.954106e-06
6.8251365e-06
6.6969675e-06
8.9453725e-06
8.8114707e-06
8.6774614e-06
8.5434081e-06
8.4093744e-06
8.2754237e-06
8.1416195e-06
8.0080249e-06
7.8747026e-06
7.7417148e-06
7.609123e-06
7.4769881e-06
7.3453699e-06
7.2143274e-06
7.0839187e-06
6.9542004e-06
6.8252281e-06
6.6970561e-06
1.0786146e-05
1.0073389e-05
9.6068143e-06
9.2929597e-06
9.0778488e-06
4.7008166e-05
2.511515e-05
1.7395385e-05
1.383556e-05
1.1919722e-05
1.0786163e-05
1.0073418e-05
9.6068568e-06
9.2930164e-06
9.0779172e-06
4.7008166e-05
2.5115153e-05
1.7395389e-05
1.3835566e-05
1.1919734e-05
1.0786183e-05
1.0073448e-05
9.6069018e-06
9.2930753e-06
9.0779872e-06
4.7008166e-05
2.5115157e-05
1.7395394e-05
1.3835574e-05
1.1919746e-05
1.0786204e-05
1.0073481e-05
9.6069491e-06
9.2931363e-06
9.0780589e-06
4.7008166e-05
2.5115162e-05
1.7395398e-05
1.3835581e-05
1.191976e-05
1.0786227e-05
1.0073517e-05
9.6069988e-06
9.2931993e-06
9.078132e-06
4.7008166e-05
2.5115167e-05
1.7395404e-05
1.383559e-05
1.1919775e-05
1.0786252e-05
1.0073555e-05
9.6070508e-06
9.2932641e-06
9.0782067e-06
4.7008166e-05
2.5115172e-05
1.739541e-05
1.38356e-05
1.1919792e-05
1.0786278e-05
1.0073595e-05
9.607105e-06
9.2933308e-06
9.0782827e-06
4.7008166e-05
2.5115179e-05
1.7395417e-05
1.383561e-05
1.1919809e-05
1.0786307e-05
1.0073637e-05
9.6071614e-06
9.2933993e-06
9.0783601e-06
4.7008166e-05
2.5115186e-05
1.7395424e-05
1.3835622e-05
1.1919829e-05
1.0786338e-05
1.0073681e-05
9.6072198e-06
9.2934694e-06
9.0784388e-06
4.7008166e-05
2.5115194e-05
1.7395432e-05
1.3835635e-05
1.191985e-05
1.0786371e-05
1.0073728e-05
9.6072803e-06
9.2935412e-06
9.0785187e-06
4.7008166e-05
2.5115202e-05
1.7395441e-05
1.3835648e-05
1.1919872e-05
1.0786406e-05
1.0073777e-05
9.6073427e-06
9.2936145e-06
9.0785998e-06
4.7008166e-05
2.5115212e-05
1.7395451e-05
1.3835663e-05
1.1919897e-05
1.0786442e-05
1.0073828e-05
9.607407e-06
9.2936893e-06
9.078682e-06
4.7008166e-05
2.5115222e-05
1.7395461e-05
1.3835679e-05
1.1919923e-05
1.0786481e-05
1.0073881e-05
9.607473e-06
9.2937654e-06
9.0787652e-06
4.7008166e-05
2.5115234e-05
1.7395473e-05
1.3835697e-05
1.191995e-05
1.0786522e-05
1.0073936e-05
9.6075408e-06
9.2938429e-06
9.0788495e-06
4.7008166e-05
2.5115247e-05
1.7395486e-05
1.3835715e-05
1.191998e-05
1.0786565e-05
1.0073994e-05
9.6076102e-06
9.2939216e-06
9.0789346e-06
4.7008166e-05
2.5115261e-05
1.7395499e-05
1.3835735e-05
1.1920011e-05
1.0786611e-05
1.0074053e-05
9.6076811e-06
9.2940014e-06
9.0790206e-06
4.7008166e-05
2.5115276e-05
1.7395514e-05
1.3835757e-05
1.1920044e-05
1.0786658e-05
1.0074113e-05
9.6077535e-06
9.2940823e-06
9.0791073e-06
)
;

boundaryField
{
    inlet
    {
        type            fixedValue;
        value           uniform 0.00015;
    }
    top
    {
        type            zeroGradient;
    }
    outlet
    {
        type            zeroGradient;
    }
    slipsurface
    {
        type            slip;
    }
    bottom
    {
        type            kqRWallFunction;
        value           nonuniform List<scalar> 0();
    }
    frontandback
    {
        type            empty;
    }
    procBoundary6to2
    {
        type            processor;
        value           nonuniform List<scalar> 
28
(
8.9454632e-06
8.8115645e-06
8.677558e-06
8.5435071e-06
8.4094754e-06
8.2755264e-06
8.1417233e-06
8.0081294e-06
7.8748073e-06
7.7418193e-06
7.6092268e-06
7.4770907e-06
7.345471e-06
7.2144267e-06
7.0840157e-06
6.9542949e-06
6.8253199e-06
6.6971449e-06
4.7008166e-05
2.5115292e-05
1.739553e-05
1.383578e-05
1.1920079e-05
1.0786707e-05
1.0074176e-05
9.6078273e-06
9.2941642e-06
9.0791948e-06
)
;
    }
    procBoundary6to4
    {
        type            processor;
        value           nonuniform List<scalar> 
17
(
6.5684809e-06
6.5685494e-06
6.5686197e-06
6.5686916e-06
6.5687652e-06
6.5688402e-06
6.5689166e-06
6.5689942e-06
6.5690731e-06
6.5691531e-06
6.5692342e-06
6.5693162e-06
6.569399e-06
6.5694826e-06
6.5695669e-06
6.5696518e-06
6.5697372e-06
)
;
    }
    procBoundary6to7
    {
        type            processor;
        value           nonuniform List<scalar> 
29
(
8.9439578e-06
8.8099735e-06
8.6758921e-06
8.5417794e-06
8.4077002e-06
8.2737179e-06
8.1398953e-06
8.0062945e-06
7.872977e-06
7.7400036e-06
7.6074347e-06
7.4753296e-06
7.3437475e-06
7.2127463e-06
7.0823831e-06
6.9527141e-06
6.8237941e-06
6.6956767e-06
1.078613e-05
1.0073363e-05
9.6067744e-06
9.2929052e-06
9.0777823e-06
4.7008166e-05
2.5115147e-05
1.7395382e-05
1.3835554e-05
1.1919712e-05
1.1919712e-05
)
;
    }
}


// ************************************************************************* //
