/*--------------------------------*- C++ -*----------------------------------*\
  =========                 |
  \\      /  F ield         | OpenFOAM: The Open Source CFD Toolbox
   \\    /   O peration     | Website:  https://openfoam.org
    \\  /    A nd           | Version:  12
     \\/     M anipulation  |
\*---------------------------------------------------------------------------*/
FoamFile
{
    format      ascii;
    class       surfaceScalarField;
    location    "1400";
    object      phi;
}
// * * * * * * * * * * * * * * * * * * * * * * * * * * * * * * * * * * * * * //

dimensions      [0 3 -1 0 0 0 0];

internalField   nonuniform List<scalar> 
897
(
0.0013980787
5.419074e-06
-0.0013980135
0.0013981885
6.1352649e-06
0.0013983342
6.8447233e-06
0.0013985021
7.521672e-06
0.0013986811
8.1566035e-06
0.0013988647
8.7518523e-06
0.0013990495
9.3125044e-06
0.0013992321
9.8411971e-06
0.0013994102
1.0340581e-05
0.0013995829
1.0815772e-05
0.0013997503
1.1272332e-05
0.0013999129
1.1713852e-05
0.0014000708
1.2141958e-05
0.0014002244
1.2557167e-05
0.0014003738
1.295929e-05
0.0014005189
1.3347734e-05
0.0014006595
1.3721888e-05
1.4081231e-05
0.0014448684
5.356974e-06
-0.0014448063
0.0014449711
6.0326321e-06
0.0014451074
6.7083747e-06
0.0014452666
7.3625203e-06
0.0014454386
7.9845548e-06
0.0014456172
8.5732474e-06
0.0014457985
9.1312273e-06
0.0014459792
9.6604669e-06
0.0014461569
1.0162932e-05
0.0014463302
1.0642428e-05
0.001446499
1.1103509e-05
0.0014466635
1.1549422e-05
0.0014468237
1.1981747e-05
0.0014469798
1.2401043e-05
0.0014471319
1.2807241e-05
0.0014472797
1.3199887e-05
0.0014474232
1.3578428e-05
1.3942337e-05
0.00149322
5.2974209e-06
-0.0014931604
0.0014933164
5.9362481e-06
0.0014934444
6.5803534e-06
0.0014935953
7.2116009e-06
0.0014937605
7.8193014e-06
0.001493934
8.3998019e-06
0.0014941116
8.9536396e-06
0.0014942901
9.4819661e-06
0.0014944669
9.9861161e-06
0.0014946405
1.0468802e-05
0.0014948104
1.09336e-05
0.0014949765
1.1383331e-05
0.0014951388
1.1819476e-05
0.0014952972
1.224259e-05
0.0014954518
1.2652674e-05
0.0014956023
1.3049374e-05
0.0014957486
1.3432187e-05
1.3800589e-05
0.0015431855
5.2400368e-06
-0.0015431281
0.0015432765
5.8452949e-06
0.0015433971
6.4597656e-06
0.0015435403
7.0683387e-06
0.0015436989
7.660669e-06
0.0015438672
8.2315743e-06
0.0015440409
8.7799158e-06
0.0015442169
9.3059761e-06
0.0015443925
9.8104861e-06
0.0015445661
1.0295244e-05
0.0015447368
1.0762921e-05
0.0015449042
1.1215854e-05
0.0015450683
1.1655371e-05
0.0015452289
1.2081987e-05
0.0015453859
1.2495729e-05
0.001545539
1.2896303e-05
0.0015456879
1.328325e-05
1.3656051e-05
0.0015948191
5.1845058e-06
-0.0015947636
0.0015949053
5.7590743e-06
0.0015950193
6.3458109e-06
0.0015951555
6.9321614e-06
0.0015953077
7.5084288e-06
0.0015954707
8.0685739e-06
0.0015956404
8.6101942e-06
0.0015958137
9.1327405e-06
0.0015959878
9.6363636e-06
0.0015961609
1.0122093e-05
0.0015963321
1.0591787e-05
0.0015965007
1.1047272e-05
0.0015966664
1.1489672e-05
0.0015968289
1.1919429e-05
0.0015969881
1.233656e-05
0.0015971436
1.27408e-05
0.0015972951
1.3131717e-05
1.3508799e-05
0.0016481766
5.1305622e-06
-0.0016481226
0.0016482587
5.6769888e-06
0.0016483667
6.2377756e-06
0.0016484963
6.8025135e-06
0.0016486425
7.3623114e-06
0.0016488003
7.9107628e-06
0.0016489659
8.4445762e-06
0.0016491362
8.9624672e-06
0.0016493085
9.4640394e-06
0.0016494809
9.9496723e-06
0.0016496522
1.0420509e-05
0.0016498216
1.0877866e-05
0.0016499886
1.1322624e-05
0.0016501529
1.1755123e-05
0.0016503142
1.2175336e-05
0.001650472
1.2583001e-05
0.001650626
1.2977697e-05
1.3358918e-05
0.0017033156
5.0779801e-06
-0.001703263
0.001703394
5.598525e-06
0.0017034968
6.1350257e-06
0.0017036204
6.6788649e-06
0.0017037607
7.2220198e-06
0.0017039134
7.7580604e-06
0.0017040749
8.283127e-06
0.001704242
8.7953293e-06
0.0017044123
9.2937733e-06
0.0017045837
9.7782862e-06
0.0017047548
1.0249394e-05
0.0017049247
1.0707923e-05
0.0017050929
1.1154484e-05
0.0017052587
1.1589286e-05
0.0017054218
1.201224e-05
0.0017055817
1.2423057e-05
0.0017057381
1.2821316e-05
1.3206508e-05
0.0017602957
5.026566e-06
-0.0017602443
0.001760371
5.5232401e-06
0.001760469
6.0369982e-06
0.0017605872
6.5607159e-06
0.001760722
7.0872405e-06
0.0017608697
7.6103493e-06
0.0017610269
8.1258762e-06
0.0017611908
8.6314665e-06
0.0017613588
9.1257935e-06
0.0017615288
9.608217e-06
0.0017616995
1.0078737e-05
0.0017618697
1.0537725e-05
0.0017620387
1.0985509e-05
0.0017622058
1.1422147e-05
0.0017623706
1.1847466e-05
0.0017625325
1.2261133e-05
0.0017626911
1.2662707e-05
1.3051676e-05
0.0018191785
4.9761532e-06
-0.0018191281
0.001819251
5.4507507e-06
0.0018193448
5.9431942e-06
0.001819458
6.4476007e-06
0.0018195875
6.9576528e-06
0.0018197304
7.4674821e-06
0.0018198835
7.9728195e-06
0.0018200439
8.4709863e-06
0.0018202094
8.9602976e-06
0.0018203779
9.4397229e-06
0.0018205479
9.9088193e-06
0.001820718
1.0367551e-05
0.0018208876
1.081596e-05
0.0018210558
1.1253941e-05
0.001821222
1.1681218e-05
0.0018213858
1.2097402e-05
0.0018215464
1.250202e-05
1.2894544e-05
0.0018800277
4.9265968e-06
-0.0018799781
0.0018800977
5.3807237e-06
0.0018801877
5.853171e-06
0.0018802963
6.3390878e-06
0.001880421
6.8329362e-06
0.0018805592
7.3292876e-06
0.0018807081
7.8239224e-06
0.0018808651
8.3139649e-06
0.0018810279
8.7974527e-06
0.0018811946
9.2730371e-06
0.0018813635
9.7399085e-06
0.0018815334
1.0197673e-05
0.0018817033
1.0646099e-05
0.0018818723
1.1084906e-05
0.0018820398
1.1513711e-05
0.0018822052
1.1932052e-05
0.0018823678
1.2339412e-05
1.2735243e-05
0.0019429089
4.8777703e-06
-0.00194286
0.0019429767
5.3128685e-06
0.0019430634
5.7665357e-06
0.0019431677
6.2347796e-06
0.0019432878
6.7127761e-06
0.0019434215
7.1955777e-06
0.0019435663
7.679123e-06
0.0019437198
8.1604493e-06
0.0019438799
8.6373967e-06
0.0019440446
9.1083666e-06
0.0019442122
9.572252e-06
0.0019443816
1.0028352e-05
0.0019445515
1.0476182e-05
0.0019447211
1.0915287e-05
0.0019448896
1.1345165e-05
0.0019450564
1.1765277e-05
0.0019452208
1.2175054e-05
1.2573918e-05
0.00200789
4.8295627e-06
-0.0020078418
0.0020079559
5.2469306e-06
0.0020080395
5.6829396e-06
0.00200814
6.1343115e-06
0.0020082559
6.5968675e-06
0.0020083853
7.0661524e-06
0.0020085261
7.5383361e-06
0.0020086761
8.0104589e-06
0.0020088333
8.4802392e-06
0.0020089958
8.9458926e-06
0.0020091619
9.4060779e-06
0.0020093304
9.8598387e-06
0.0020095002
1.0306462e-05
0.0020096701
1.0745324e-05
0.0020098395
1.1175806e-05
0.0020100075
1.159728e-05
0.0020101734
1.2009124e-05
1.241072e-05
0.0020750413
4.7818761e-06
-0.0020749936
0.0020751055
5.1826866e-06
0.0020751864
5.6020722e-06
0.0020752833
6.0373499e-06
0.0020753953
6.4849184e-06
0.0020755206
6.9408051e-06
0.0020756575
7.4014571e-06
0.002075804
7.8639883e-06
0.0020759582
8.3260626e-06
0.0020761183
8.7857702e-06
0.0020762828
9.2415928e-06
0.0020764502
9.6923673e-06
0.0020766195
1.0137184e-05
0.0020767896
1.057526e-05
0.0020769595
1.100586e-05
0.0020771285
1.1428272e-05
0.0020772959
1.1841808e-05
1.2245813e-05
0.0021444351
4.7346242e-06
-0.0021443879
0.0021444979
5.1199397e-06
0.0021445763
5.5236571e-06
0.0021446701
5.9435902e-06
0.0021447783
6.3766507e-06
0.0021448998
6.8193268e-06
0.0021450329
7.2683663e-06
0.0021451759
7.7210095e-06
0.002145327
8.1749241e-06
0.0021454847
8.6281292e-06
0.0021456473
9.0789813e-06
0.0021458135
9.526157e-06
0.0021459821
9.9685815e-06
0.002146152
1.040533e-05
0.0021463223
1.0835557e-05
0.0021464921
1.1258464e-05
0.0021466606
1.1673303e-05
1.2079369e-05
0.0022161466
4.6877302e-06
-0.0022160997
0.002216208
5.0585158e-06
0.0022162842
5.4474477e-06
0.002216375
5.8527547e-06
0.0022164799
6.2718021e-06
0.0022165977
6.7015087e-06
0.0022167271
7.1389318e-06
0.0022168667
7.5814749e-06
0.0022170147
8.0268573e-06
0.0022171698
8.4730746e-06
0.0022173304
8.9184056e-06
0.0022174951
9.3614091e-06
0.0022176628
9.800878e-06
0.0022178324
1.0235765e-05
0.0022180028
1.0665123e-05
0.0022181732
1.1088074e-05
0.0022183427
1.1503805e-05
1.1911566e-05
0.0022902529
4.6411261e-06
-0.0022902063
0.0022903132
4.9982608e-06
0.0022903874
5.3732235e-06
0.0022904756
5.7645905e-06
0.0022905773
6.1701259e-06
0.0022906916
6.5871458e-06
0.0022908175
7.0130136e-06
0.0022909537
7.4453201e-06
0.0022910987
7.8818738e-06
0.0022912511
8.3206883e-06
0.0022914095
8.7600053e-06
0.0022915726
9.1983057e-06
0.0022917392
9.6342822e-06
0.0022919081
1.0066786e-05
0.0022920785
1.0494782e-05
0.0022922492
1.0917318e-05
0.0022924195
1.133352e-05
1.1742591e-05
0.0023668343
-0.0023667879
0.0023668935
0.0023669659
0.0023670516
0.0023671504
0.0023672615
0.002367384
0.0023675169
0.0023676588
0.0023678085
0.0023679646
0.0023681259
0.0023682911
0.0023684593
0.0023686294
0.0023688003
0.0023689711
0.0013987848
7.1665364e-06
0.001398388
7.9830242e-06
0.0013981119
8.4476522e-06
0.0013979975
8.2549725e-06
7.3822444e-06
0.0014472097
2.1315353e-06
0.0014470503
2.3169736e-06
0.001446753
4.3736916e-06
0.0014463783
5.6381122e-06
0.001445956
6.6540662e-06
0.0014455228
7.5997348e-06
0.0014451403
8.3654828e-06
0.0014448852
8.70278e-06
0.0014447865
8.3536541e-06
7.3623935e-06
0.0014955342
2.2831276e-06
0.0014953696
2.4815671e-06
0.001495064
4.6793113e-06
0.001494681
6.021098e-06
0.0014942539
7.0811835e-06
0.0014938242
8.0293887e-06
0.0014934567
8.7330397e-06
0.0014932216
8.9378215e-06
0.0014931372
8.4381205e-06
7.3391406e-06
0.0015454724
2.4390433e-06
0.0015453024
2.6515576e-06
0.0015449885
4.9932134e-06
0.0015445975
6.4120928e-06
0.0015441664
7.512309e-06
0.0015437414
8.4543431e-06
0.0015433893
9.0852032e-06
0.0015431734
9.153674e-06
0.0015431018
8.5097129e-06
7.3128197e-06
0.0015970782
2.5992926e-06
0.0015969026
2.8271388e-06
0.0015965804
5.3154145e-06
0.0015961817
6.8107686e-06
0.0015957475
7.9465951e-06
0.0015953283
8.8734766e-06
0.0015949919
9.4215943e-06
0.0015947944
9.3512283e-06
0.0015947345
8.5696067e-06
7.2837207e-06
0.0016504073
2.7638701e-06
0.001650226
3.0085133e-06
0.0016498955
5.6459051e-06
0.0016494895
7.216742e-06
0.0016490529
8.3831481e-06
0.0016486407
9.2857091e-06
0.0016483204
9.7419375e-06
0.0016481402
9.5313596e-06
0.001648091
8.6188356e-06
7.2520947e-06
0.0017055173
2.9327524e-06
0.00170533
3.1958931e-06
0.0017049912
5.9846461e-06
0.0017045784
7.6295727e-06
0.0017041405
8.8210339e-06
0.0017037362
9.6900086e-06
0.0017034321
1.0046052e-05
0.0017032685
9.6949208e-06
0.0017032291
8.658312e-06
7.2181583e-06
0.0017624677
3.1058954e-06
0.0017622741
3.3895012e-06
0.0017619272
6.3315667e-06
0.001761508
8.0487625e-06
0.0017610698
9.2592834e-06
0.0017606744
1.0085397e-05
0.0017603866
1.0333844e-05
0.0017602388
9.842737e-06
0.0017602082
8.6888437e-06
7.1820989e-06
0.00182132
3.2832312e-06
0.0018211199
3.5895729e-06
0.0018207649
6.6865615e-06
0.0018203399
8.4737545e-06
0.0018199023
9.6968993e-06
0.0018195167
1.0470955e-05
0.0018192453
1.0605294e-05
0.0018191124
9.9756021e-06
0.0018190901
8.7111485e-06
7.144078e-06
0.0018821376
3.4646651e-06
0.0018819308
3.7963579e-06
0.0018815679
7.0494874e-06
0.0018811377
8.9039335e-06
0.0018807017
1.0132862e-05
0.0018803268
1.0845825e-05
0.0018800717
1.0860454e-05
0.001879953
1.0094276e-05
0.0018799383
8.7258655e-06
7.1042354e-06
0.0019449862
3.6500712e-06
0.0019447724
4.0101226e-06
0.0019444017
7.4201611e-06
0.0019439671
9.3386263e-06
0.0019435338
1.0566138e-05
0.0019431704
1.1209217e-05
0.0019429314
1.1099435e-05
0.0019428262
1.0199484e-05
0.0019428185
8.7335661e-06
7.0626921e-06
0.0020099337
3.8392889e-06
0.0020097127
4.2311524e-06
0.0020093345
7.798356e-06
0.002008896
9.7771029e-06
0.0020084664
1.0995684e-05
0.0020081153
1.1560409e-05
0.0020078923
1.13224e-05
0.0020077999
1.0291916e-05
0.0020077987
8.7347619e-06
7.0195532e-06
0.0020770502
4.0321178e-06
0.0020768216
4.4597561e-06
0.0020764361
8.1837997e-06
0.0020759947
1.0218579e-05
0.0020755699
1.1420458e-05
0.0020752316
1.1898746e-05
0.0020750244
1.1529558e-05
0.0020749441
1.0372225e-05
0.0020749489
8.7299124e-06
6.9749104e-06
0.0021464081
4.2283126e-06
0.0021461716
4.6962691e-06
0.0021457793
8.5761706e-06
0.0021453356
1.0662216e-05
0.0021449167
1.1839421e-05
0.0021445918
1.2223645e-05
0.0021444002
1.1721157e-05
0.0021443313
1.0441031e-05
0.0021443418
8.7194313e-06
6.9288437e-06
0.0022180824
4.4275773e-06
0.0022178376
4.9410595e-06
0.0022174387
8.9750948e-06
0.0022169938
1.1107127e-05
0.0022165817
1.225155e-05
0.0022162707
1.2534593e-05
0.0022160944
1.1897477e-05
0.0022160365
1.0498919e-05
0.0022160523
8.7036916e-06
6.8814235e-06
0.0022921504
4.6295586e-06
0.002291897
5.1945337e-06
0.0022914919
9.3801435e-06
0.0022910467
1.1552381e-05
0.0022906424
1.265584e-05
0.0022903458
1.2831144e-05
0.0022901845
1.2058826e-05
0.002290137
1.0546441e-05
0.0022901576
8.683031e-06
6.832712e-06
0.0023686922
0.0023684296
0.0023680189
0.0023675743
0.0023671788
0.002366897
0.0023667503
0.0023667127
0.0023667379
)
;

boundaryField
{
    inlet
    {
        type            calculated;
        value           nonuniform List<scalar> 
16
(
-0.001447357
-0.0014956858
-0.0015456283
-0.0015972384
-0.0016505719
-0.0017056862
-0.0017626409
-0.0018214973
-0.001882319
-0.0019451716
-0.0020101229
-0.002077243
-0.0021466043
-0.0022182817
-0.0022923524
-0.0023688965
)
;
    }
    top
    {
        type            calculated;
        value           nonuniform List<scalar> 0();
    }
    outlet
    {
        type            calculated;
        value           nonuniform List<scalar> 0();
    }
    slipsurface
    {
        type            calculated;
        value           nonuniform List<scalar> 0();
    }
    bottom
    {
        type            calculated;
        value           nonuniform List<scalar> 0();
    }
    frontandback
    {
        type            empty;
    }
    procBoundary6to2
    {
        type            processor;
        value           nonuniform List<scalar> 
28
(
4.5947513e-06
4.939038e-06
5.3007874e-06
5.6788672e-06
6.0713913e-06
6.4760379e-06
6.8904657e-06
7.3124666e-06
7.7399659e-06
8.1710295e-06
8.6038982e-06
9.0370101e-06
9.468988e-06
9.8986055e-06
1.0324752e-05
1.0746411e-05
1.1162652e-05
1.1572633e-05
4.8338387e-06
5.4571449e-06
9.7908264e-06
1.1997003e-05
1.3051315e-05
1.3112919e-05
1.2205531e-05
1.0584117e-05
8.6577554e-06
6.7827647e-06
)
;
    }
    procBoundary6to4
    {
        type            processor;
        value           nonuniform List<scalar> 
17
(
0.0014007955
0.0014475621
0.0014958903
0.0015458324
0.0015974424
0.0016507759
0.0017058905
0.0017628459
0.0018217036
0.0018825271
0.0019453821
0.0020103366
0.0020774608
0.0021468271
0.0022185105
0.0022925885
0.0023691411
)
;
    }
    procBoundary6to7
    {
        type            processor;
        value           nonuniform List<scalar> 
29
(
-5.4841778e-06
-6.2451082e-06
-6.9903903e-06
-7.6896159e-06
-8.3355529e-06
-8.9355089e-06
-9.4972606e-06
-1.0023835e-05
-1.0518688e-05
-1.0988478e-05
-1.1439759e-05
-1.1876358e-05
-1.2299893e-05
-1.27108e-05
-1.3108696e-05
-1.3492818e-05
-1.3862494e-05
-1.4217216e-05
-6.7309725e-06
-7.586278e-06
-8.1715464e-06
-8.1405411e-06
-7.3983095e-06
-1.9842449e-06
-2.1575973e-06
-4.0763048e-06
-5.2634062e-06
-0.0013992203
-6.2317501e-06
)
;
    }
}


// ************************************************************************* //
