/*--------------------------------*- C++ -*----------------------------------*\
  =========                 |
  \\      /  F ield         | OpenFOAM: The Open Source CFD Toolbox
   \\    /   O peration     | Website:  https://openfoam.org
    \\  /    A nd           | Version:  12
     \\/     M anipulation  |
\*---------------------------------------------------------------------------*/
FoamFile
{
    format      ascii;
    class       volScalarField;
    location    "600";
    object      p;
}
// * * * * * * * * * * * * * * * * * * * * * * * * * * * * * * * * * * * * * //

dimensions      [0 2 -2 0 0 0 0];

internalField   nonuniform List<scalar> 
467
(
0.0026208874
0.0025800461
0.0025394146
0.00249898
0.0024587263
0.0024186265
0.0023786511
0.0023387811
0.0022989996
0.0022592728
0.0022195655
0.0021798598
0.0021401345
0.0021003481
0.0020604688
0.0020204839
0.0019803543
0.0019400421
0.001899535
0.0018587964
0.0018177894
0.0017765021
0.001734894
0.0016929326
0.0016506082
0.0016078788
0.0015647165
0.0015211026
0.0026227996
0.002581924
0.0025412585
0.0025007884
0.0024604968
0.0024203579
0.0023803433
0.0023404328
0.0023006084
0.0022608383
0.0022210884
0.0021813391
0.0021415687
0.0021017383
0.0020618161
0.0020217868
0.0019816138
0.0019412599
0.0019007105
0.0018599306
0.0018188841
0.0017775567
0.0017359102
0.001693912
0.0016515503
0.0016087854
0.0015655889
0.0015219412
0.0026247119
0.0025838058
0.0025431096
0.0025026068
0.0024622802
0.0024221046
0.0023820526
0.0023421033
0.0023022376
0.0022624253
0.0022226337
0.0021828417
0.0021430271
0.0021031531
0.002063188
0.0020231147
0.0019828984
0.0019425028
0.0019019109
0.0018610895
0.0018200031
0.0017786354
0.00173695
0.0016949145
0.0016525152
0.0016097142
0.0015664829
0.0015228009
0.0026266202
0.0025856877
0.0025449642
0.0025044322
0.0024640735
0.0024238639
0.0023837768
0.0023437906
0.0023038855
0.0022640327
0.0022242005
0.0021843667
0.0021445087
0.0021045917
0.0020645842
0.0020244673
0.0019842078
0.0019437704
0.001903136
0.001862273
0.0018211464
0.0017797381
0.0017380135
0.0016959403
0.0016535029
0.0016106654
0.0015673986
0.0015236819
0.0026285195
0.0025875652
0.0025468186
0.0025062611
0.0024658739
0.0024256333
0.0023855135
0.0023454927
0.0023055503
0.0022656587
0.0022257872
0.0021859128
0.0021460126
0.0021060533
0.0020660039
0.0020258438
0.0019855415
0.0019450623
0.0019043856
0.0018634809
0.0018223139
0.0017808648
0.0017391007
0.0016969893
0.0016545135
0.001611639
0.0015683364
0.0015245843
0.0026304046
0.0025894338
0.0025486687
0.0025080899
0.0024676779
0.0024274097
0.0023872603
0.0023472074
0.0023072301
0.0022673016
0.0022273924
0.0021874788
0.0021475375
0.0021075369
0.0020674462
0.0020272437
0.0019868989
0.0019463781
0.0019056593
0.0018647129
0.0018235054
0.0017820155
0.0017402115
0.0016980616
0.0016555471
0.0016126351
0.0015692962
0.0015255083
0.0026322697
0.0025912883
0.0025505099
0.0025099143
0.0024694819
0.00242919
0.0023890141
0.002348932
0.0023089224
0.0022689593
0.0022290142
0.0021890631
0.0021490823
0.0021090414
0.0020689102
0.0020286661
0.0019882794
0.0019477173
0.0019069567
0.0018659687
0.0018247205
0.0017831898
0.0017413458
0.0016991571
0.0016566036
0.0016136538
0.001570278
0.0015264539
0.0026341086
0.0025931231
0.0025523371
0.0025117301
0.0024712819
0.0024309705
0.0023907718
0.0023506638
0.0023106248
0.0022706297
0.0022306509
0.0021906639
0.0021506453
0.0021105655
0.0020703949
0.00203011
0.0019896821
0.0019490792
0.0019082772
0.0018672478
0.0018259591
0.0017843875
0.0017425034
0.0017002756
0.001657683
0.0016146949
0.001571282
0.0015274213
0.0026359146
0.0025949321
0.002554145
0.0025135322
0.0024730736
0.0024327472
0.0023925299
0.0023523995
0.0023123345
0.0022723102
0.0022323
0.0021922795
0.0021522248
0.0021121076
0.0020718989
0.0020315744
0.0019911061
0.001950463
0.0019096201
0.0018685497
0.0018272205
0.0017856083
0.001743684
0.001701417
0.0016587851
0.0016157585
0.0015723081
0.0015284103
0.0026376803
0.0025967088
0.0025559276
0.0025153154
0.002474852
0.0024345159
0.0023942845
0.0023541358
0.0023140483
0.0022739981
0.0022339593
0.0021939076
0.002153819
0.0021136662
0.0020734208
0.0020330579
0.0019925504
0.0019518677
0.0019109846
0.0018698737
0.0018285044
0.0017868517
0.0017448873
0.0017025809
0.0016599097
0.0016168444
0.0015733562
0.001529421
0.0026393979
0.0025984461
0.0025576785
0.002517074
0.0024766121
0.0024362718
0.0023960313
0.0023558688
0.0023157629
0.0022756904
0.002235626
0.0021955457
0.0021554258
0.0021152394
0.0020749589
0.0020345592
0.0019940136
0.0019532924
0.0019123698
0.001871219
0.0018298099
0.0017881172
0.0017461128
0.0017037671
0.0016610564
0.0016179523
0.001574426
0.0015304533
0.0026410589
0.0026001364
0.0025593909
0.0025188016
0.0024783481
0.00243801
0.0023977658
0.0023575944
0.0023174746
0.0022773836
0.0022372971
0.0021971913
0.0021570426
0.002116825
0.0020765113
0.0020360766
0.0019954943
0.0019547357
0.0019137747
0.0018725847
0.0018311363
0.0017894039
0.0017473599
0.001704975
0.001662225
0.0016190819
0.0015755174
0.0015315069
0.0026426542
0.0026017714
0.0025610574
0.0025204915
0.002480054
0.0024397247
0.002399483
0.0023593081
0.0023191792
0.0022790741
0.0022389694
0.0021988414
0.002158667
0.0021184207
0.0020780761
0.0020376082
0.001996991
0.0019561962
0.0019151979
0.0018739697
0.0018324828
0.0017907113
0.0017486279
0.001706204
0.0016634148
0.0016202329
0.0015766301
0.0015325815
0.0026441744
0.0026033424
0.0025626699
0.0025221366
0.0024817232
0.0024414101
0.0024011774
0.002361005
0.0023208723
0.002280758
0.0022406391
0.0022004928
0.002160296
0.002120024
0.0020796509
0.0020391521
0.0019985017
0.0019576724
0.0019166381
0.0018753727
0.0018338481
0.0017920382
0.0017499161
0.0017074535
0.0016646254
0.0016214047
0.0015777636
0.0015336769
0.002645609
0.0026048401
0.0025642199
0.002523729
0.0024833485
0.0024430597
0.0024028433
0.0023626797
0.0023225491
0.0022824308
0.0022423025
0.0022021419
0.0021619264
0.0021216318
0.0020812332
0.0020407058
0.0020000244
0.0019591624
0.0019180937
0.0018767924
0.0018352312
0.0017933837
0.0017512235
0.0017087227
0.001665856
0.0016225968
0.0015789173
0.0015347926
0.0026469473
0.0026062546
0.0025656986
0.0025252606
0.0024849226
0.0024446667
0.0024044743
0.0023643267
0.0023242045
0.0022840878
0.0022439552
0.0022037849
0.0021635547
0.0021232413
0.0020828201
0.002042267
0.0020015571
0.0019606642
0.0019195629
0.0018782273
0.0018366305
0.0017947466
0.0017525491
0.0017100106
0.0016671059
0.0016238083
0.0015800908
0.001535928
0.002285792
0.0022456606
0.0022054853
0.0021652445
0.0021249155
0.0020844745
0.0020438978
0.0020031609
0.0019622385
0.0019211052
0.0018797356
0.0018381034
0.0017961826
0.0017539473
0.0017113704
0.0016684266
0.0016250897
0.0015813328
0.0015371306
)
;

boundaryField
{
    inlet
    {
        type            zeroGradient;
    }
    top
    {
        type            zeroGradient;
    }
    outlet
    {
        type            fixedValue;
        value           nonuniform List<scalar> 0();
    }
    slipsurface
    {
        type            slip;
    }
    bottom
    {
        type            zeroGradient;
    }
    frontandback
    {
        type            empty;
    }
    procBoundary2to0
    {
        type            processor;
        value           uniform 0.0015385281;
    }
    procBoundary2to1
    {
        type            processor;
        value           nonuniform List<scalar> 
17
(
0.001477005
0.0014778112
0.0014786379
0.0014794852
0.0014803535
0.0014812428
0.0014821532
0.0014830849
0.0014840378
0.001485012
0.0014860074
0.0014870238
0.001488061
0.0014891188
0.0014901968
0.0014912945
0.0014924577
)
;
    }
    procBoundary2to3
    {
        type            processor;
        value           nonuniform List<scalar> 
28
(
0.0026482291
0.0026076303
0.0025671542
0.0025267832
0.0024865002
0.0024462883
0.0024061297
0.0023660066
0.0023259005
0.0023259005
0.0022877039
0.0022475819
0.0022074081
0.0021671615
0.0021268204
0.0020863617
0.0020457625
0.0020049987
0.0019640458
0.0019228789
0.0018814731
0.0018398024
0.0017978415
0.0017555644
0.0017129449
0.0016699575
0.0016265763
0.001582775
)
;
    }
    procBoundary2to5
    {
        type            processor;
        value           uniform 0.0015202848;
    }
    procBoundary2to6
    {
        type            processor;
        value           nonuniform List<scalar> 
27
(
0.0026189796
0.0025781756
0.0025375808
0.0024971843
0.0024569709
0.0024169123
0.0023769778
0.0023371498
0.0022974125
0.0022577302
0.0022180662
0.0021784048
0.0021387251
0.002098983
0.0020591468
0.0020192065
0.0019791202
0.0019388493
0.0018983846
0.0018576869
0.001816719
0.0017754715
0.0017339014
0.0016919762
0.0016496886
0.0016069941
0.0015638655
)
;
    }
    procBoundary2to8
    {
        type            processor;
        value           uniform 0.0026619584;
    }
    procBoundary2to12
    {
        type            processor;
        value           nonuniform List<scalar> 
15
(
0.0026639054
0.0026658486
0.002667783
0.0026697032
0.0026716033
0.0026734768
0.0026753167
0.0026771156
0.0026788653
0.0026805569
0.0026821813
0.0026837284
0.0026851875
0.0026865475
0.0026877966
)
;
    }
}


// ************************************************************************* //
