/*--------------------------------*- C++ -*----------------------------------*\
  =========                 |
  \\      /  F ield         | OpenFOAM: The Open Source CFD Toolbox
   \\    /   O peration     | Website:  https://openfoam.org
    \\  /    A nd           | Version:  12
     \\/     M anipulation  |
\*---------------------------------------------------------------------------*/
FoamFile
{
    format      ascii;
    class       volScalarField;
    location    "700";
    object      p;
}
// * * * * * * * * * * * * * * * * * * * * * * * * * * * * * * * * * * * * * //

dimensions      [0 2 -2 0 0 0 0];

internalField   nonuniform List<scalar> 
467
(
0.0035510999
0.0036211713
0.0037266266
0.0038135915
0.0038772699
0.0039156516
0.0039331926
0.0039379812
0.0039367065
0.0039332577
0.0035445365
0.0036102768
0.0037101816
0.0037908315
0.0038472238
0.0038793725
0.0038925903
0.0038947271
0.0038919323
0.0038876349
0.0035359024
0.0035963855
0.00368936
0.0037625188
0.0038106067
0.0038358667
0.0038444627
0.003843849
0.0038395119
0.0038343645
0.0035243959
0.0035786862
0.0036630785
0.0037274412
0.0037663109
0.0037841856
0.0037880069
0.0037846595
0.0037788418
0.0037729048
0.0035088933
0.0035561286
0.0036301337
0.0036842942
0.0037132413
0.003723497
0.0037225894
0.0037166414
0.0037094481
0.0037027851
0.0034879782
0.0035273847
0.0035891235
0.0036317222
0.003650397
0.00365318
0.0036478613
0.0036396525
0.0036313698
0.0036241831
0.0034598877
0.0034907869
0.003538544
0.0035684952
0.0035770263
0.0035729054
0.0035636512
0.0035534409
0.0035441877
0.0035365556
0.0034224541
0.00344435
0.0034769233
0.0034936955
0.0034927809
0.0034828868
0.0034707389
0.0034593435
0.0034496794
0.0034419287
0.0033731728
0.0033859236
0.0034030037
0.0034068981
0.0033976494
0.0033829268
0.0033682033
0.0033555866
0.003345467
0.0033376451
0.0033094319
0.0033134463
0.0033159266
0.0033083868
0.0032930419
0.0032759863
0.0032607786
0.0032483171
0.0032384751
0.0032309127
0.0032289864
0.0032252909
0.0032153756
0.0031981253
0.0031771591
0.0031571132
0.003140455
0.0031275293
0.0031177747
0.0031105101
0.0031304826
0.0031210957
0.0031026606
0.0030807894
0.0030598206
0.0030416766
0.0030267928
0.003015026
0.003006005
0.002999248
0.0030145455
0.0030013517
0.0029757964
0.0029472125
0.0029217276
0.0029013702
0.0028859376
0.0028744933
0.0028660843
0.0028599429
0.0028843407
0.0028723287
0.0028512298
0.0028302361
0.0028124323
0.0027975647
0.0027852618
0.0027754797
0.0027680273
0.0027624904
0.0027439055
0.0027255114
0.0026945321
0.0026650215
0.0026430737
0.0026274313
0.0026158669
0.0026072281
0.0026008877
0.0025963008
0.0026117346
0.0026148636
0.0026099357
0.0025993711
0.0025871738
0.0025755537
0.0025657003
0.0025579314
0.0025520219
0.0025476024
0.0024492935
0.002411359
0.0023709388
0.0023422038
0.0023225022
0.0023082032
0.002297714
0.002290153
0.002284747
0.0022808679
0.0038973277
0.003881613
0.0038639163
0.0038441408
0.0038222036
0.0037980393
0.0037716031
0.0037428741
0.0039295779
0.0039259885
0.0039217281
0.0039165281
0.0039102044
0.003902676
0.003893857
0.0038836352
0.0038718947
0.0038585257
0.0038434237
0.0038264893
0.0038076311
0.0037867696
0.0037638401
0.0037387954
0.0037116094
0.0038835074
0.0038796272
0.0038751224
0.0038697521
0.0038633504
0.0038558448
0.0038471592
0.0038371939
0.0038258447
0.0038130126
0.0037986025
0.0037825233
0.0037646903
0.0037450281
0.0037234735
0.0036999781
0.0036745109
0.0038297927
0.0038256308
0.0038208953
0.0038153737
0.0038089199
0.0038014704
0.003792959
0.0037832986
0.0037723974
0.003760168
0.0037465255
0.0037313879
0.003714678
0.0036963256
0.0036762701
0.0036544626
0.0036308683
0.0037679341
0.0037635241
0.003758593
0.003752959
0.0037464961
0.0037391497
0.0037308636
0.003721563
0.0037111693
0.0036996063
0.0036868003
0.0036726789
0.003657173
0.0036402187
0.003621759
0.0036017458
0.0035801417
0.0036974588
0.0036928479
0.0036877726
0.003682077
0.0036756562
0.0036684656
0.003660458
0.0036515708
0.0036417377
0.0036308945
0.0036189782
0.0036059262
0.0035916782
0.0035761771
0.0035593707
0.0035412128
0.0035216652
0.0036186201
0.0036138794
0.0036087297
0.0036030446
0.0035967362
0.0035897674
0.0035821
0.0035736829
0.0035644615
0.0035543827
0.0035433939
0.0035314423
0.0035184763
0.0035044461
0.003489305
0.0034730101
0.0034555238
0.0035308299
0.0035260446
0.0035209032
0.0035153006
0.0035091699
0.0035024828
0.0034952083
0.003487305
0.0034787291
0.0034694375
0.0034593873
0.0034485349
0.0034368372
0.0034242516
0.0034107373
0.0033962559
0.0033807716
0.0034361993
0.0034314475
0.003426393
0.0034209544
0.0034150744
0.00340873
0.0034018972
0.0033945438
0.0033866351
0.0033781367
0.0033690141
0.003359232
0.0033487549
0.0033375474
0.0033255747
0.003312803
0.0032992001
0.0033320019
0.0033273924
0.0033225195
0.0033173192
0.0033117533
0.0033058051
0.0032994551
0.0032926776
0.0032854457
0.0032777325
0.0032695107
0.003260752
0.0032514279
0.0032415092
0.003230967
0.0032197725
0.0032078972
0.0032254829
0.0032210552
0.003216408
0.0032114942
0.0032062787
0.0032007469
0.0031948846
0.0031886724
0.0031820892
0.0031751138
0.0031677247
0.0031598995
0.003151615
0.0031428487
0.0031335783
0.0031237803
0.0031134295
0.0031053916
0.0031012711
0.003096958
0.0030924152
0.0030876235
0.003082573
0.0030772515
0.0030716433
0.0030657324
0.0030595023
0.0030529363
0.0030460166
0.0030387249
0.0030310427
0.0030229508
0.0030144298
0.0030054593
0.0029944804
0.0029906244
0.0029866066
0.0029824042
0.0029779949
0.0029733689
0.0029685175
0.0029634294
0.0029580917
0.0029524916
0.0029466157
0.0029404504
0.0029339811
0.0029271922
0.0029200667
0.0029125883
0.0029047411
0.0028556793
0.0028522802
0.0028487389
0.0028450331
0.0028411547
0.0028370984
0.0028328556
0.0028284165
0.0028237711
0.0028189093
0.0028138204
0.0028084932
0.002802916
0.0027970767
0.0027909626
0.0027845606
0.0027778571
0.0027586003
0.0027554546
0.0027521871
0.0027487864
0.0027452355
0.0027415265
0.0027376542
0.0027336112
0.0027293893
0.0027249798
0.002720374
0.0027155627
0.0027105363
0.0027052847
0.0026997975
0.0026940638
0.0026880723
0.0025931402
0.0025906281
0.002588009
0.0025852691
0.0025824056
0.0025794148
0.0025762904
0.0025730257
0.0025696138
0.0025660478
0.0025623205
0.0025584241
0.0025543506
0.0025500915
0.0025456382
0.0025409814
0.0025361115
0.0025444798
0.0025419455
0.0025393217
0.0025366007
0.0025337656
0.0025308099
0.0025277301
0.0025245213
0.0025211769
0.0025176905
0.0025140555
0.0025102649
0.0025063114
0.0025021873
0.0024978847
0.002493395
0.0024887095
0.0022781979
0.0022760812
0.0022738809
0.0022715863
0.0022691955
0.0022667058
0.0022641124
0.00226141
0.0022585936
0.0022556578
0.0022525971
0.0022494056
0.0022460771
0.0022426052
0.0022389832
0.0022352039
0.00223126
)
;

boundaryField
{
    inlet
    {
        type            zeroGradient;
    }
    top
    {
        type            zeroGradient;
    }
    outlet
    {
        type            fixedValue;
        value           nonuniform List<scalar> 0();
    }
    slipsurface
    {
        type            slip;
    }
    bottom
    {
        type            zeroGradient;
    }
    frontandback
    {
        type            empty;
    }
    procBoundary3to0
    {
        type            processor;
        value           uniform 0.0037118582;
    }
    procBoundary3to1
    {
        type            processor;
        value           nonuniform List<scalar> 
17
(
0.0036822795
0.0036470607
0.0036054686
0.003556922
0.0035006987
0.0034368146
0.0033642527
0.0032847355
0.0031953136
0.0031025005
0.0029960186
0.002896509
0.0027708379
0.0026818111
0.0025310186
0.002483819
0.0022271437
)
;
    }
    procBoundary3to2
    {
        type            processor;
        value           nonuniform List<scalar> 
28
(
0.0039317181
0.0039154425
0.0038970444
0.0038764222
0.0038534905
0.003828184
0.0038004604
0.0037703046
0.0035561421
0.0036297169
0.0037396112
0.0038318476
0.0039017826
0.0039456713
0.0039671445
0.003974402
0.0039745674
0.0039719364
0.0039686949
0.0039653933
0.0039613783
0.0039563557
0.0039501253
0.0039425985
0.0039336795
0.0039232447
0.0039111672
0.0039111672
)
;
    }
}


// ************************************************************************* //
