/*--------------------------------*- C++ -*----------------------------------*\
  =========                 |
  \\      /  F ield         | OpenFOAM: The Open Source CFD Toolbox
   \\    /   O peration     | Website:  https://openfoam.org
    \\  /    A nd           | Version:  12
     \\/     M anipulation  |
\*---------------------------------------------------------------------------*/
FoamFile
{
    format      ascii;
    class       volScalarField;
    location    "1400";
    object      nut;
}
// * * * * * * * * * * * * * * * * * * * * * * * * * * * * * * * * * * * * * //

dimensions      [0 2 -1 0 0 0 0];

internalField   nonuniform List<scalar> 
1762
(
1.028378e-21
1.0286308e-21
1.0288733e-21
1.029106e-21
1.0293294e-21
1.0295438e-21
1.0297498e-21
1.0299477e-21
1.0301378e-21
1.0303205e-21
1.0304961e-21
1.0306649e-21
1.0308272e-21
1.0309834e-21
1.0311335e-21
1.031278e-21
1.0314171e-21
1.0315509e-21
1.0316796e-21
1.0318036e-21
1.0319229e-21
1.0320378e-21
1.0321484e-21
1.0322549e-21
1.0323575e-21
1.0324563e-21
1.0325515e-21
1.0326431e-21
1.0327314e-21
1.0328164e-21
1.0328983e-21
1.0329772e-21
1.0330532e-21
1.0331264e-21
1.0331969e-21
1.0332648e-21
1.0333302e-21
1.0333932e-21
1.0334538e-21
1.0335123e-21
1.0335685e-21
1.0336226e-21
1.0336748e-21
1.033725e-21
1.0337733e-21
1.0338198e-21
1.0338645e-21
1.0339076e-21
1.0339491e-21
1.033989e-21
1.0340274e-21
1.0340643e-21
1.0341e-21
1.034134e-21
1.0341676e-21
1.034198e-21
1.0342433e-21
4.2510637e-30
4.4404968e-30
4.633395e-30
4.8295855e-30
5.028888e-30
5.2311152e-30
5.4360735e-30
5.6435644e-30
5.8533844e-30
6.0653261e-30
6.2791787e-30
6.4947288e-30
6.711761e-30
6.9300583e-30
7.1494032e-30
7.3695778e-30
7.590365e-30
7.8115483e-30
8.0329133e-30
8.2542477e-30
8.475342e-30
8.6959901e-30
8.9159892e-30
9.1351414e-30
9.3532539e-30
9.5701372e-30
9.7856073e-30
9.9994877e-30
1.021161e-29
1.0421805e-29
1.0629918e-29
1.0835797e-29
1.1039297e-29
1.1240284e-29
1.1438629e-29
1.163421e-29
1.1826916e-29
1.201664e-29
1.2203285e-29
1.2386762e-29
1.256699e-29
1.2743897e-29
1.2917418e-29
1.3087495e-29
1.3254082e-29
1.3417135e-29
1.3576632e-29
1.3732535e-29
1.3884865e-29
1.4033558e-29
1.4178762e-29
1.4320245e-29
1.445859e-29
1.4592634e-29
1.4725689e-29
1.4847894e-29
1.5033075e-29
2.163333e-30
2.2587069e-30
2.3557999e-30
2.4545253e-30
2.5547928e-30
2.6565085e-30
2.7595756e-30
2.8638948e-30
2.9693644e-30
3.0758806e-30
3.1833381e-30
3.2916304e-30
3.4006497e-30
3.5102879e-30
3.6204363e-30
3.7309862e-30
3.8418291e-30
3.9528573e-30
4.0639635e-30
4.1750422e-30
4.2859886e-30
4.3967001e-30
4.5070756e-30
4.6170165e-30
4.7264266e-30
4.8352115e-30
4.9432796e-30
5.0505428e-30
5.1569172e-30
5.2623193e-30
5.3666706e-30
5.4698963e-30
5.5719247e-30
5.672688e-30
5.7721222e-30
5.8701674e-30
5.9667673e-30
6.0618693e-30
6.1554252e-30
6.2473906e-30
6.3377254e-30
6.4263931e-30
6.513362e-30
6.5986033e-30
6.6820942e-30
6.7638131e-30
6.8437484e-30
6.9218819e-30
6.998224e-30
7.072743e-30
7.1455128e-30
7.2164179e-30
7.2857495e-30
7.3529274e-30
7.4196048e-30
7.4808505e-30
7.573657e-30
1.4879067e-30
1.5525837e-30
1.6184034e-30
1.6853072e-30
1.7532343e-30
1.8221216e-30
1.8919041e-30
1.9625148e-30
2.0338856e-30
2.1059467e-30
2.1786275e-30
2.2518565e-30
2.3255615e-30
2.3996699e-30
2.474109e-30
2.5488059e-30
2.6236879e-30
2.698683e-30
2.7737193e-30
2.848726e-30
2.9236333e-30
2.9983723e-30
3.0728755e-30
3.1470769e-30
3.2209121e-30
3.294318e-30
3.3672334e-30
3.4395995e-30
3.51136e-30
3.5824592e-30
3.6528447e-30
3.7224664e-30
3.7912765e-30
3.8592296e-30
3.926283e-30
3.9923968e-30
4.0575333e-30
4.1216574e-30
4.1847369e-30
4.2467422e-30
4.3076466e-30
4.3674257e-30
4.4260584e-30
4.4835257e-30
4.5398121e-30
4.5949034e-30
4.648792e-30
4.7014657e-30
4.7529317e-30
4.8031687e-30
4.8522264e-30
4.9000278e-30
4.9467674e-30
4.9920578e-30
5.0370056e-30
5.0782989e-30
5.1408704e-30
1.1632932e-30
1.2130543e-30
1.2636741e-30
1.3151079e-30
1.3673095e-30
1.4202307e-30
1.4738219e-30
1.5280322e-30
1.5828099e-30
1.6381018e-30
1.6938543e-30
1.7500131e-30
1.8065235e-30
1.8633302e-30
1.9203783e-30
1.9776123e-30
2.0349772e-30
2.0924183e-30
2.1498813e-30
2.2073125e-30
2.2646589e-30
2.3218685e-30
2.37889e-30
2.4356736e-30
2.4921705e-30
2.5483329e-30
2.6041145e-30
2.6594708e-30
2.7143593e-30
2.7687376e-30
2.8225664e-30
2.8758075e-30
2.9284249e-30
2.9803844e-30
3.0316534e-30
3.082202e-30
3.1320015e-30
3.1810255e-30
3.2292496e-30
3.2766515e-30
3.323211e-30
3.3689097e-30
3.4137316e-30
3.4576623e-30
3.5006904e-30
3.542805e-30
3.5840004e-30
3.6242674e-30
3.6636116e-30
3.7020171e-30
3.7395212e-30
3.7760661e-30
3.8117988e-30
3.8464266e-30
3.8807876e-30
3.9123625e-30
3.9602076e-30
9.778347e-31
1.0189612e-30
1.0607798e-30
1.1032538e-30
1.1463454e-30
1.1900153e-30
1.2342228e-30
1.2789266e-30
1.3240842e-30
1.3696526e-30
1.4155878e-30
1.4618457e-30
1.5083818e-30
1.555151e-30
1.6021086e-30
1.6492096e-30
1.6964092e-30
1.7436628e-30
1.7909265e-30
1.8381564e-30
1.8853097e-30
1.9323439e-30
1.9792175e-30
2.0258899e-30
2.0723216e-30
2.1184737e-30
2.1643087e-30
2.2097904e-30
2.2548842e-30
2.2995559e-30
2.3437734e-30
2.3875058e-30
2.4307238e-30
2.4733996e-30
2.5155069e-30
2.5570213e-30
2.5979195e-30
2.6381802e-30
2.6777835e-30
2.7167114e-30
2.7549473e-30
2.7924764e-30
2.8292858e-30
2.8653638e-30
2.900701e-30
2.9352887e-30
2.9691223e-30
3.0021944e-30
3.0345095e-30
3.0660546e-30
3.0968603e-30
3.1268796e-30
3.1562317e-30
3.1846798e-30
3.2129039e-30
3.2388477e-30
3.2781607e-30
8.6126321e-31
8.9687875e-31
9.3307845e-31
9.6983103e-31
1.007104e-30
1.0448636e-30
1.0830754e-30
1.1217037e-30
1.1607125e-30
1.2000649e-30
1.2397236e-30
1.2796508e-30
1.3198085e-30
1.3601585e-30
1.4006625e-30
1.4412823e-30
1.4819797e-30
1.5227168e-30
1.5634561e-30
1.6041604e-30
1.6447931e-30
1.6853182e-30
1.7257003e-30
1.7659048e-30
1.8058982e-30
1.8456475e-30
1.8851206e-30
1.9242867e-30
1.9631166e-30
2.0015809e-30
2.0396525e-30
2.077305e-30
2.1145137e-30
2.1512546e-30
2.1875056e-30
2.2232458e-30
2.2584554e-30
2.2931163e-30
2.3272115e-30
2.3607257e-30
2.3936448e-30
2.4259562e-30
2.4576488e-30
2.4887128e-30
2.5191401e-30
2.5489233e-30
2.5780585e-30
2.6065394e-30
2.6343697e-30
2.6615387e-30
2.6880719e-30
2.7139299e-30
2.7392135e-30
2.7637224e-30
2.7880336e-30
2.8103896e-30
2.8442672e-30
7.8359777e-31
8.1547726e-31
8.4786688e-31
8.8073892e-31
9.1406465e-31
9.4781432e-31
9.8195738e-31
1.0164625e-30
1.0512978e-30
1.0864307e-30
1.1218284e-30
1.1574576e-30
1.1932848e-30
1.2292764e-30
1.2653987e-30
1.301618e-30
1.3379007e-30
1.3742135e-30
1.4105234e-30
1.4467976e-30
1.4830039e-30
1.5191107e-30
1.5550868e-30
1.5909019e-30
1.6265264e-30
1.6619312e-30
1.6970882e-30
1.7319703e-30
1.7665517e-30
1.8008066e-30
1.8347111e-30
1.8682421e-30
1.9013776e-30
1.9340967e-30
1.9663798e-30
1.9982085e-30
2.0295654e-30
2.0604345e-30
2.0908009e-30
2.120651e-30
2.1499724e-30
2.178754e-30
2.206986e-30
2.2346596e-30
2.2617678e-30
2.288304e-30
2.3142647e-30
2.3396444e-30
2.3644462e-30
2.3886607e-30
2.4123103e-30
2.4353607e-30
2.4578995e-30
2.4797524e-30
2.5014243e-30
2.5213629e-30
2.5515791e-30
7.2991077e-31
7.5915739e-31
7.8886148e-31
8.1899793e-31
8.495407e-31
8.8046289e-31
9.1173685e-31
9.4333426e-31
9.7522626e-31
1.0073835e-30
1.0397763e-30
1.0723746e-30
1.1051481e-30
1.1380666e-30
1.1710995e-30
1.2042165e-30
1.2373874e-30
1.2705819e-30
1.3037703e-30
1.3369231e-30
1.3700113e-30
1.4030062e-30
1.4358797e-30
1.4686045e-30
1.5011538e-30
1.5335015e-30
1.565622e-30
1.597491e-30
1.6290851e-30
1.6603811e-30
1.6913573e-30
1.7219928e-30
1.7522678e-30
1.7821634e-30
1.8116617e-30
1.8407462e-30
1.8694012e-30
1.897612e-30
1.9253652e-30
1.9526484e-30
1.9794505e-30
2.0057612e-30
2.0315718e-30
2.0568741e-30
2.0816619e-30
2.105929e-30
2.1296722e-30
2.1528866e-30
2.1755748e-30
2.1977283e-30
2.2193671e-30
2.2404607e-30
2.261087e-30
2.2810908e-30
2.3009243e-30
2.3191817e-30
2.346853e-30
6.919374e-31
7.1928241e-31
7.4704674e-31
7.7520722e-31
8.0373983e-31
8.3261977e-31
8.6182155e-31
8.9131909e-31
9.2108579e-31
9.5109463e-31
9.8131826e-31
1.011729e-30
1.0422991e-30
1.0730005e-30
1.1038053e-30
1.1346855e-30
1.1656132e-30
1.1965607e-30
1.2275005e-30
1.2584056e-30
1.2892491e-30
1.3200047e-30
1.3506465e-30
1.3811494e-30
1.4114886e-30
1.4416401e-30
1.4715803e-30
1.5012868e-30
1.530738e-30
1.5599125e-30
1.5887902e-30
1.6173518e-30
1.6455791e-30
1.6734546e-30
1.7009617e-30
1.7280852e-30
1.7548104e-30
1.7811238e-30
1.8070129e-30
1.8324664e-30
1.8574736e-30
1.8820253e-30
1.9061131e-30
1.9297296e-30
1.9528687e-30
1.9755248e-30
1.9976948e-30
2.0193739e-30
2.0405646e-30
2.0612592e-30
2.0814754e-30
2.1011857e-30
2.1204607e-30
2.1391597e-30
2.1576949e-30
2.1747682e-30
2.2006485e-30
6.647308e-31
6.9068276e-31
7.1702633e-31
7.4373983e-31
7.7080078e-31
7.9818598e-31
8.2587158e-31
8.5383318e-31
8.8204593e-31
9.1048455e-31
9.3912346e-31
9.6793681e-31
9.9689858e-31
1.0259826e-30
1.0551628e-30
1.0844129e-30
1.1137069e-30
1.1430188e-30
1.172323e-30
1.201594e-30
1.2308069e-30
1.2599368e-30
1.2889597e-30
1.3178518e-30
1.3465902e-30
1.375152e-30
1.4035154e-30
1.4316592e-30
1.4595631e-30
1.4872071e-30
1.5145722e-30
1.5416405e-30
1.5683945e-30
1.594818e-30
1.6208953e-30
1.6466119e-30
1.6719541e-30
1.6969091e-30
1.7214651e-30
1.7456113e-30
1.7693377e-30
1.7926354e-30
1.8154964e-30
1.8379137e-30
1.8598815e-30
1.8813943e-30
1.9024492e-30
1.9230415e-30
1.9431734e-30
1.9628375e-30
1.9820501e-30
2.000786e-30
2.0191098e-30
2.0368922e-30
2.0545146e-30
2.0707585e-30
2.0953863e-30
6.4514829e-31
6.70074e-31
6.953715e-31
7.2102026e-31
7.4699902e-31
7.7328579e-31
7.9985802e-31
8.2669261e-31
8.5376602e-31
8.8105432e-31
9.085333e-31
9.3617847e-31
9.6396519e-31
9.9186871e-31
1.0198642e-30
1.0479269e-30
1.0760321e-30
1.1041552e-30
1.1322718e-30
1.1603578e-30
1.1883895e-30
1.2163433e-30
1.2441964e-30
1.2719262e-30
1.2995107e-30
1.3269285e-30
1.3541586e-30
1.3811808e-30
1.4079758e-30
1.4345245e-30
1.460809e-30
1.4868118e-30
1.5125165e-30
1.5379073e-30
1.5629694e-30
1.5876889e-30
1.6120526e-30
1.6360481e-30
1.6596642e-30
1.6828903e-30
1.7057169e-30
1.7281353e-30
1.7501378e-30
1.7717176e-30
1.7928689e-30
1.8135864e-30
1.8338671e-30
1.8537065e-30
1.8731062e-30
1.8920595e-30
1.9105812e-30
1.9286478e-30
1.9463193e-30
1.9634754e-30
1.9804729e-30
1.9961531e-30
2.019932e-30
6.3109864e-31
6.5527004e-31
6.797996e-31
7.0466773e-31
7.298541e-31
7.5533773e-31
7.8109705e-31
8.0710998e-31
8.3335401e-31
8.5980627e-31
8.8644357e-31
9.1324249e-31
9.4017944e-31
9.6723072e-31
9.9437256e-31
1.0215812e-30
1.048833e-30
1.0761042e-30
1.1033717e-30
1.1306121e-30
1.1578026e-30
1.1849209e-30
1.2119446e-30
1.2388522e-30
1.2656225e-30
1.2922349e-30
1.318669e-30
1.3449055e-30
1.3709258e-30
1.3967113e-30
1.4222446e-30
1.447509e-30
1.4724884e-30
1.4971677e-30
1.5215323e-30
1.5455688e-30
1.5692642e-30
1.5926066e-30
1.615585e-30
1.6381889e-30
1.6604092e-30
1.6822371e-30
1.7036651e-30
1.7246865e-30
1.7452954e-30
1.7654867e-30
1.7852571e-30
1.8046021e-30
1.8235232e-30
1.8420136e-30
1.860087e-30
1.8777215e-30
1.894973e-30
1.9117288e-30
1.9283256e-30
1.9436491e-30
1.9668941e-30
6.2113927e-31
6.4476207e-31
6.6873447e-31
6.9303762e-31
7.1765197e-31
7.425573e-31
7.6773286e-31
7.9315738e-31
8.1880914e-31
8.4466609e-31
8.7070586e-31
8.9690584e-31
9.2324326e-31
9.4969519e-31
9.7623867e-31
1.0028507e-30
1.0295084e-30
1.0561889e-30
1.0828695e-30
1.1095278e-30
1.1361416e-30
1.1626891e-30
1.1891488e-30
1.2154996e-30
1.2417209e-30
1.2677926e-30
1.293695e-30
1.3194092e-30
1.3449168e-30
1.3701998e-30
1.3952413e-30
1.4200247e-30
1.4445344e-30
1.4687555e-30
1.4926736e-30
1.5162755e-30
1.5395485e-30
1.5624807e-30
1.5850612e-30
1.6072796e-30
1.6291269e-30
1.6505943e-30
1.6716743e-30
1.69236e-30
1.7126456e-30
1.7325258e-30
1.7519971e-30
1.7710551e-30
1.7897007e-30
1.8079274e-30
1.8257478e-30
1.8431411e-30
1.8601597e-30
1.8766976e-30
1.8930745e-30
1.9082087e-30
1.9311752e-30
6.1424746e-31
6.3747949e-31
6.6105679e-31
6.8496112e-31
7.0917358e-31
7.336746e-31
7.5844405e-31
7.8346133e-31
8.0870536e-31
8.3415473e-31
8.5978769e-31
8.8558227e-31
9.1151631e-31
9.3756751e-31
9.6371348e-31
9.8993183e-31
1.0162002e-30
1.0424962e-30
1.0687978e-30
1.095083e-30
1.1213301e-30
1.1475177e-30
1.1736247e-30
1.1996305e-30
1.2255148e-30
1.2512579e-30
1.2768404e-30
1.3022435e-30
1.3274493e-30
1.35244e-30
1.3771987e-30
1.4017092e-30
1.4259559e-30
1.449924e-30
1.4735992e-30
1.4969684e-30
1.5200189e-30
1.5427388e-30
1.5651171e-30
1.5871436e-30
1.6088088e-30
1.6301041e-30
1.6510218e-30
1.6715549e-30
1.6916974e-30
1.7114438e-30
1.7307904e-30
1.7497326e-30
1.7682709e-30
1.7863989e-30
1.8041282e-30
1.821439e-30
1.8383804e-30
1.8548522e-30
1.8711601e-30
1.8862448e-30
1.9091462e-30
6.0968374e-31
6.3264712e-31
6.5595504e-31
6.7958984e-31
7.0353312e-31
7.2776588e-31
7.5226852e-31
7.7702096e-31
8.0200265e-31
8.2719267e-31
8.525698e-31
8.7811253e-31
9.0379918e-31
9.296079e-31
9.5551676e-31
9.8150376e-31
1.0075469e-30
1.0336244e-30
1.0597142e-30
1.085795e-30
1.1118451e-30
1.1378436e-30
1.1637696e-30
1.1896027e-30
1.2153228e-30
1.2409104e-30
1.2663461e-30
1.2916115e-30
1.3166886e-30
1.3415597e-30
1.366208e-30
1.3906173e-30
1.4147719e-30
1.4386571e-30
1.4622585e-30
1.4855628e-30
1.5085573e-30
1.5312301e-30
1.5535698e-30
1.5755662e-30
1.5972095e-30
1.6184911e-30
1.6394029e-30
1.6599377e-30
1.6800893e-30
1.6998519e-30
1.7192215e-30
1.7381933e-30
1.7567673e-30
1.7749371e-30
1.7927133e-30
1.8100771e-30
1.8270746e-30
1.8436105e-30
1.8599785e-30
1.8751338e-30
1.8981545e-30
6.0690669e-31
6.296962e-31
6.528327e-31
6.76299e-31
7.0007719e-31
7.2414873e-31
7.4849449e-31
7.7309481e-31
7.9792959e-31
8.2297833e-31
8.4822018e-31
8.7363404e-31
8.9919856e-31
9.2489226e-31
9.506935e-31
9.7658061e-31
1.0025319e-30
1.0285256e-30
1.0545403e-30
1.0805545e-30
1.1065469e-30
1.1324967e-30
1.158383e-30
1.1841856e-30
1.2098845e-30
1.2354601e-30
1.2608932e-30
1.2861652e-30
1.3112582e-30
1.3361544e-30
1.3608369e-30
1.3852893e-30
1.4094959e-30
1.4334417e-30
1.4571123e-30
1.4804942e-30
1.5035743e-30
1.5263405e-30
1.5487813e-30
1.5708861e-30
1.5926449e-30
1.6140487e-30
1.6350892e-30
1.6557587e-30
1.6760509e-30
1.6959595e-30
1.7154803e-30
1.734608e-30
1.7533422e-30
1.7716765e-30
1.7896203e-30
1.8071557e-30
1.8243261e-30
1.8410406e-30
1.8575824e-30
1.8729143e-30
1.8962174e-30
6.0551763e-31
6.2820671e-31
6.5124801e-31
6.7462478e-31
6.9831955e-31
7.2231421e-31
7.4659003e-31
7.7112774e-31
7.9590761e-31
8.2090947e-31
8.4611281e-31
8.7149682e-31
8.9704044e-31
9.2272243e-31
9.485214e-31
9.7441587e-31
1.0003843e-30
1.0264052e-30
1.0524571e-30
1.0785186e-30
1.1045686e-30
1.1305862e-30
1.1565507e-30
1.1824417e-30
1.2082391e-30
1.2339234e-30
1.2594753e-30
1.2848759e-30
1.3101073e-30
1.3351514e-30
1.3599912e-30
1.38461e-30
1.408992e-30
1.4331218e-30
1.4569847e-30
1.4805668e-30
1.503855e-30
1.5268366e-30
1.5494998e-30
1.5718336e-30
1.5938278e-30
1.6154728e-30
1.63676e-30
1.6576814e-30
1.67823e-30
1.6983994e-30
1.7181848e-30
1.7375806e-30
1.7565858e-30
1.7751937e-30
1.793413e-30
1.8112263e-30
1.8286743e-30
1.8456704e-30
1.8624882e-30
1.8780923e-30
1.9018255e-30
6.0522339e-31
6.2786853e-31
6.5087358e-31
6.7422222e-31
6.9789742e-31
7.2188144e-31
7.4615594e-31
7.7070201e-31
7.9550024e-31
8.2053076e-31
8.4577333e-31
8.712074e-31
8.9681213e-31
9.2256645e-31
9.4844916e-31
9.744389e-31
1.0005142e-30
1.0266538e-30
1.052836e-30
1.0790397e-30
1.1052436e-30
1.1314267e-30
1.1575683e-30
1.1836479e-30
1.2096454e-30
1.2355408e-30
1.2613148e-30
1.2869483e-30
1.312423e-30
1.3377207e-30
1.3628239e-30
1.3877158e-30
1.4123801e-30
1.4368011e-30
1.4609637e-30
1.4848536e-30
1.5084573e-30
1.5317615e-30
1.5547543e-30
1.5774239e-30
1.5997599e-30
1.621752e-30
1.6433912e-30
1.6646691e-30
1.6855782e-30
1.7061115e-30
1.7262637e-30
1.7460289e-30
1.7654054e-30
1.7843863e-30
1.8029791e-30
1.8211672e-30
1.8389887e-30
1.8563607e-30
1.8735485e-30
1.8895128e-30
1.9138127e-30
6.058105e-31
6.2845452e-31
6.5146835e-31
6.7483609e-31
6.9854113e-31
7.2256612e-31
7.468931e-31
7.7150348e-31
7.9637817e-31
8.2149757e-31
8.4684169e-31
8.7239019e-31
8.981224e-31
9.2401744e-31
9.5005419e-31
9.7621139e-31
1.0024677e-30
1.0288016e-30
1.0551917e-30
1.0816167e-30
1.1080553e-30
1.1344863e-30
1.1608888e-30
1.1872421e-30
1.2135259e-30
1.2397201e-30
1.265805e-30
1.2917612e-30
1.3175701e-30
1.343213e-30
1.3686722e-30
1.3939304e-30
1.4189709e-30
1.4437774e-30
1.4683346e-30
1.4926275e-30
1.5166421e-30
1.5403648e-30
1.5637828e-30
1.5868841e-30
1.6096575e-30
1.6320924e-30
1.654179e-30
1.6759084e-30
1.6972726e-30
1.718264e-30
1.7388766e-30
1.7591043e-30
1.7789443e-30
1.7983898e-30
1.817447e-30
1.8360998e-30
1.8543838e-30
1.8722197e-30
1.8898652e-30
1.9062719e-30
1.9312673e-30
6.0712667e-31
6.298013e-31
6.5285757e-31
6.7628007e-31
7.0005259e-31
7.241582e-31
7.4857929e-31
7.7329763e-31
7.9829441e-31
8.2355032e-31
8.4904559e-31
8.7476008e-31
9.0067331e-31
9.2676449e-31
9.5301261e-31
9.7939648e-31
1.0058947e-30
1.0324859e-30
1.0591485e-30
1.0858611e-30
1.1126023e-30
1.1393506e-30
1.1660851e-30
1.1927848e-30
1.2194291e-30
1.2459975e-30
1.27247e-30
1.2988268e-30
1.325049e-30
1.3511174e-30
1.3770139e-30
1.4027206e-30
1.4282203e-30
1.4534964e-30
1.4785326e-30
1.5033138e-30
1.5278251e-30
1.5520524e-30
1.5759824e-30
1.5996023e-30
1.6229003e-30
1.6458652e-30
1.6684866e-30
1.690755e-30
1.7126615e-30
1.7341981e-30
1.7553581e-30
1.7761347e-30
1.7965246e-30
1.8165203e-30
1.8361271e-30
1.8553293e-30
1.8741598e-30
1.892543e-30
1.9107291e-30
1.9276565e-30
1.9534702e-30
6.090674e-31
6.3179519e-31
6.5491825e-31
6.7842161e-31
7.0228953e-31
7.265055e-31
7.5105228e-31
7.75912e-31
8.0106617e-31
8.2649575e-31
8.5218122e-31
8.7810262e-31
9.0423963e-31
9.3057159e-31
9.5707759e-31
9.8373645e-31
1.0105268e-30
1.0374272e-30
1.064416e-30
1.0914717e-30
1.1185726e-30
1.1456973e-30
1.1728243e-30
1.1999325e-30
1.2270009e-30
1.2540087e-30
1.2809354e-30
1.307761e-30
1.3344658e-30
1.3610304e-30
1.3874361e-30
1.4136643e-30
1.4396974e-30
1.465518e-30
1.4911095e-30
1.5164559e-30
1.5415417e-30
1.5663522e-30
1.5908732e-30
1.6150914e-30
1.6389942e-30
1.6625698e-30
1.685807e-30
1.7086954e-30
1.7312257e-30
1.753389e-30
1.775178e-30
1.796585e-30
1.8176061e-30
1.8382333e-30
1.8584707e-30
1.8783029e-30
1.8977602e-30
1.9167703e-30
1.9355769e-30
1.9531001e-30
1.979851e-30
6.1156595e-31
6.3436187e-31
6.5756826e-31
6.8117066e-31
7.0515379e-31
7.2950159e-31
7.5419724e-31
7.7922323e-31
8.0456142e-31
8.3019306e-31
8.5609888e-31
8.8225914e-31
9.0865367e-31
9.3526196e-31
9.6206317e-31
9.8903618e-31
1.0161596e-30
1.043412e-30
1.0707716e-30
1.0982166e-30
1.1257254e-30
1.1532762e-30
1.1808473e-30
1.2084172e-30
1.2359645e-30
1.2634682e-30
1.2909073e-30
1.3182612e-30
1.3455098e-30
1.3726331e-30
1.3996118e-30
1.4264269e-30
1.4530599e-30
1.4794929e-30
1.5057086e-30
1.5316902e-30
1.5574215e-30
1.5828871e-30
1.6080721e-30
1.6329623e-30
1.6575445e-30
1.6818058e-30
1.7057345e-30
1.7293193e-30
1.75255e-30
1.7754171e-30
1.7979123e-30
1.8200273e-30
1.8417572e-30
1.8630936e-30
1.8840393e-30
1.9045791e-30
1.9247407e-30
1.9444551e-30
1.9639594e-30
1.9821515e-30
2.0099561e-30
6.1458595e-31
6.3745858e-31
6.6075831e-31
6.8447123e-31
7.0858255e-31
7.3307669e-31
7.5793728e-31
7.8314723e-31
8.0868874e-31
8.3454339e-31
8.6069219e-31
8.8711562e-31
9.1379373e-31
9.4070614e-31
9.6783211e-31
9.9515057e-31
1.0226402e-30
1.0502794e-30
1.0780464e-30
1.1059194e-30
1.1338763e-30
1.1618952e-30
1.1899542e-30
1.2180313e-30
1.2461049e-30
1.2741535e-30
1.3021556e-30
1.3300902e-30
1.3579365e-30
1.3856741e-30
1.413283e-30
1.4407435e-30
1.4680366e-30
1.4951435e-30
1.5220462e-30
1.5487271e-30
1.5751694e-30
1.6013567e-30
1.6272733e-30
1.6529042e-30
1.6782353e-30
1.703253e-30
1.7279445e-30
1.7522978e-30
1.7763019e-30
1.7999461e-30
1.8232215e-30
1.8461189e-30
1.8686324e-30
1.8907531e-30
1.9124824e-30
1.9338052e-30
1.9547466e-30
1.9752407e-30
1.9955186e-30
2.0144513e-30
2.0434246e-30
6.1811593e-31
6.4106836e-31
6.6446585e-31
6.8829504e-31
7.1254171e-31
7.3719076e-31
7.6222631e-31
7.8763171e-31
8.1338957e-31
8.3948182e-31
8.6588977e-31
8.9259419e-31
9.1957532e-31
9.4681297e-31
9.7428654e-31
1.001975e-30
1.0298571e-30
1.0579113e-30
1.0861156e-30
1.1144481e-30
1.1428866e-30
1.1714089e-30
1.1999929e-30
1.2286162e-30
1.2572568e-30
1.2858928e-30
1.3145022e-30
1.3430636e-30
1.3715555e-30
1.3999569e-30
1.4282472e-30
1.456406e-30
1.4844136e-30
1.5122505e-30
1.5398977e-30
1.5673371e-30
1.5945508e-30
1.6215216e-30
1.648233e-30
1.6746691e-30
1.7008148e-30
1.7266556e-30
1.7521777e-30
1.7773683e-30
1.8022153e-30
1.8267072e-30
1.850834e-30
1.8745858e-30
1.8979554e-30
1.9209334e-30
1.9435197e-30
1.9656996e-30
1.9874949e-30
2.0088432e-30
2.0299694e-30
2.0497136e-30
2.07997e-30
6.2216534e-31
6.4519586e-31
6.6869063e-31
6.9263689e-31
7.1702097e-31
7.4182833e-31
7.670436e-31
7.9265061e-31
8.1863242e-31
8.4497133e-31
8.7164902e-31
8.9864655e-31
9.2594442e-31
9.5352265e-31
9.813608e-31
1.009438e-30
1.037733e-30
1.0662242e-30
1.0948897e-30
1.1237075e-30
1.1526551e-30
1.1817103e-30
1.2108504e-30
1.2400531e-30
1.2692957e-30
1.2985559e-30
1.3278113e-30
1.3570399e-30
1.3862198e-30
1.4153292e-30
1.4443469e-30
1.4732519e-30
1.5020236e-30
1.5306417e-30
1.5590865e-30
1.587339e-30
1.6153803e-30
1.6431925e-30
1.670758e-30
1.6980601e-30
1.7250825e-30
1.7518099e-30
1.7782274e-30
1.8043213e-30
1.8300782e-30
1.855486e-30
1.8805334e-30
1.9052095e-30
1.9295062e-30
1.953413e-30
1.9769287e-30
2.0000383e-30
2.0227609e-30
2.045037e-30
2.0670861e-30
2.0877121e-30
2.1193665e-30
6.2676178e-31
6.4986434e-31
6.7345153e-31
6.9751119e-31
7.2203024e-31
7.4699472e-31
7.7238982e-31
7.9819988e-31
8.2440842e-31
8.509982e-31
8.7795127e-31
9.0524904e-31
9.3287232e-31
9.6080136e-31
9.8901593e-31
1.0174953e-30
1.0462184e-30
1.0751635e-30
1.104309e-30
1.1336324e-30
1.1631116e-30
1.1927237e-30
1.222446e-30
1.2522559e-30
1.2821303e-30
1.3120464e-30
1.3419816e-30
1.3719131e-30
1.4018185e-30
1.4316754e-30
1.461462e-30
1.4911564e-30
1.5207374e-30
1.5501838e-30
1.5794752e-30
1.6085915e-30
1.6375131e-30
1.6662209e-30
1.6946965e-30
1.7229221e-30
1.7508805e-30
1.7785551e-30
1.8059303e-30
1.832991e-30
1.8597229e-30
1.8861127e-30
1.9121481e-30
1.9378171e-30
1.9631103e-30
1.9880166e-30
2.012533e-30
2.0366446e-30
2.0603673e-30
2.083645e-30
2.1066912e-30
2.1282698e-30
2.1614377e-30
6.3194922e-31
6.5511373e-31
6.787844e-31
7.0294969e-31
7.2759713e-31
7.5271337e-31
7.7828417e-31
8.0429441e-31
8.3072815e-31
8.5756861e-31
8.8479828e-31
9.1239895e-31
9.4035175e-31
9.6863726e-31
9.9723548e-31
1.0261259e-30
1.0552875e-30
1.0846989e-30
1.1143381e-30
1.1441831e-30
1.1742112e-30
1.2043997e-30
1.2347256e-30
1.2651659e-30
1.2956973e-30
1.3262966e-30
1.3569407e-30
1.3876063e-30
1.4182704e-30
1.44891e-30
1.4795027e-30
1.5100259e-30
1.5404575e-30
1.5707756e-30
1.6009588e-30
1.6309862e-30
1.6608372e-30
1.6904918e-30
1.7199305e-30
1.7491345e-30
1.7780854e-30
1.8067657e-30
1.8351585e-30
1.8632476e-30
1.8910177e-30
1.9184542e-30
1.9455436e-30
1.9722728e-30
1.9986313e-30
2.0246069e-30
2.0501949e-30
2.0753804e-30
2.1001762e-30
2.124529e-30
2.1486472e-30
2.1712491e-30
2.2060479e-30
6.3778714e-31
6.6099954e-31
6.8474081e-31
7.0900002e-31
7.3376533e-31
7.5902401e-31
7.8476241e-31
8.1096601e-31
8.3761939e-31
8.647063e-31
8.9220968e-31
9.2011176e-31
9.4839406e-31
9.7703749e-31
1.0060224e-30
1.0353284e-30
1.0649348e-30
1.0948202e-30
1.1249629e-30
1.1553408e-30
1.1859311e-30
1.2167112e-30
1.2476577e-30
1.2787474e-30
1.3099568e-30
1.3412624e-30
1.3726404e-30
1.4040673e-30
1.4355192e-30
1.4669729e-30
1.4984053e-30
1.5297929e-30
1.5611128e-30
1.5923425e-30
1.6234595e-30
1.6544422e-30
1.6852688e-30
1.7159184e-30
1.7463705e-30
1.7766051e-30
1.8066028e-30
1.836345e-30
1.8658135e-30
1.8949909e-30
1.9238608e-30
1.9524073e-30
1.9806157e-30
2.0084718e-30
2.0359634e-30
2.0630777e-30
2.089808e-30
2.1161394e-30
2.1420813e-30
2.1675834e-30
2.192849e-30
2.2165458e-30
2.2530945e-30
1.4535302e-30
1.4858257e-30
1.5181275e-30
1.5504117e-30
1.5826544e-30
1.6148323e-30
1.6469221e-30
1.6789011e-30
1.7107468e-30
1.7424371e-30
1.7739504e-30
1.8052657e-30
1.8363624e-30
1.8672207e-30
1.8978212e-30
1.9281454e-30
1.9581754e-30
1.9878941e-30
2.0172856e-30
2.0463343e-30
2.0750267e-30
2.1033488e-30
2.1312922e-30
2.1588416e-30
2.1860031e-30
2.2127294e-30
2.2392187e-30
2.2640828e-30
2.3025029e-30
1.4722865e-30
1.5054482e-30
1.5386461e-30
1.5718557e-30
1.6050525e-30
1.6382123e-30
1.6713108e-30
1.7043246e-30
1.7372301e-30
1.7700042e-30
1.8026243e-30
1.8350681e-30
1.867314e-30
1.8993409e-30
1.9311282e-30
1.962656e-30
1.9939053e-30
2.0248575e-30
2.0554954e-30
2.085802e-30
2.1157624e-30
2.1453615e-30
2.1745887e-30
2.2034288e-30
2.2318839e-30
2.2599099e-30
2.2877004e-30
2.3138053e-30
2.3542208e-30
1.5258368e-30
1.5599542e-30
1.594115e-30
1.628294e-30
1.6624663e-30
1.6966067e-30
1.7306909e-30
1.7646944e-30
1.7985931e-30
1.8323632e-30
1.8659814e-30
1.8994247e-30
1.932671e-30
1.9656983e-30
1.9984854e-30
2.0310119e-30
2.0632581e-30
2.0952049e-30
2.1268343e-30
2.1581297e-30
2.1890748e-30
2.219657e-30
2.2498607e-30
2.2796844e-30
2.3090867e-30
2.338257e-30
2.3656772e-30
2.4082151e-30
1.722806e-30
1.7579936e-30
1.7931307e-30
1.8281922e-30
1.8631533e-30
1.8979895e-30
1.9326767e-30
1.9671913e-30
2.0015103e-30
2.035611e-30
2.0694717e-30
2.1030711e-30
2.1363889e-30
2.1694055e-30
2.2021027e-30
2.2344629e-30
2.2664714e-30
2.2981122e-30
2.3293801e-30
2.3602363e-30
2.3908664e-30
2.4196776e-30
2.4644679e-30
)
;

boundaryField
{
    inlet
    {
        type            calculated;
        value           nonuniform List<scalar> 0();
    }
    top
    {
        type            calculated;
        value           nonuniform List<scalar> 0();
    }
    outlet
    {
        type            calculated;
        value           nonuniform List<scalar> 
33
(
1.0342433e-21
1.5033075e-29
7.573657e-30
5.1408704e-30
3.9602076e-30
3.2781607e-30
2.8442672e-30
2.5515791e-30
2.346853e-30
2.2006485e-30
2.0953863e-30
2.019932e-30
1.9668941e-30
1.9311752e-30
1.9091462e-30
1.8981545e-30
1.8962174e-30
1.9018255e-30
1.9138127e-30
1.9312673e-30
1.9534702e-30
1.979851e-30
2.0099561e-30
2.0434246e-30
2.07997e-30
2.1193665e-30
2.1614377e-30
2.2060479e-30
2.2530945e-30
2.3025029e-30
2.3542208e-30
2.4082151e-30
2.4644679e-30
)
;
    }
    slipsurface
    {
        type            slip;
    }
    bottom
    {
        type            nutkWallFunction;
        Cmu             0.09;
        kappa           0.41;
        E               9.8;
        value           uniform 0;
    }
    frontandback
    {
        type            empty;
    }
    procBoundary8to9
    {
        type            processor;
        value           nonuniform List<scalar> 
61
(
6.4435032e-31
6.6759251e-31
6.9138752e-31
7.1572503e-31
7.4059382e-31
7.6598176e-31
7.9187582e-31
8.1826207e-31
8.4512568e-31
8.7245093e-31
9.0022128e-31
9.284194e-31
9.5702726e-31
9.8602613e-31
1.0153967e-30
1.0451189e-30
1.0751723e-30
1.1055357e-30
1.1361876e-30
1.1671057e-30
1.1982676e-30
1.2296502e-30
1.2612304e-30
1.2929846e-30
1.3248891e-30
1.35692e-30
1.3890532e-30
1.4212647e-30
1.4212647e-30
1.4391854e-30
1.491788e-30
1.491788e-30
1.5470029e-30
1.5820598e-30
1.6171943e-30
1.6523808e-30
1.6875932e-30
1.6875932e-30
1.7499185e-30
1.7862397e-30
1.8225435e-30
1.8588037e-30
1.8949944e-30
1.9310901e-30
1.9670655e-30
2.0028957e-30
2.0385564e-30
2.0740236e-30
2.1092742e-30
2.1442854e-30
2.1790353e-30
2.213503e-30
2.2476685e-30
2.2815129e-30
2.3150194e-30
2.3481713e-30
2.3809596e-30
2.4133484e-30
2.4455196e-30
2.4757988e-30
2.5229745e-30
)
;
    }
    procBoundary8to10
    {
        type            processor;
        value           nonuniform List<scalar> 
29
(
1.0281144e-21
4.0652614e-30
2.0697611e-30
1.4244282e-30
1.1144336e-30
9.374353e-31
8.2626195e-31
7.5225508e-31
7.0114578e-31
6.6503403e-31
6.3919135e-31
6.2061414e-31
6.0730429e-31
5.9788421e-31
5.913782e-31
5.8708188e-31
5.8448064e-31
5.8319676e-31
5.8295369e-31
5.8355132e-31
5.8484826e-31
5.8674892e-31
5.8919398e-31
5.9215333e-31
5.9562087e-31
5.9961075e-31
6.0415486e-31
6.0930124e-31
6.1511337e-31
)
;
    }
}


// ************************************************************************* //
