/*--------------------------------*- C++ -*----------------------------------*\
  =========                 |
  \\      /  F ield         | OpenFOAM: The Open Source CFD Toolbox
   \\    /   O peration     | Website:  https://openfoam.org
    \\  /    A nd           | Version:  12
     \\/     M anipulation  |
\*---------------------------------------------------------------------------*/
FoamFile
{
    format      ascii;
    class       volScalarField;
    location    "400";
    object      nut;
}
// * * * * * * * * * * * * * * * * * * * * * * * * * * * * * * * * * * * * * //

dimensions      [0 2 -1 0 0 0 0];

internalField   nonuniform List<scalar> 
814
(
1.5238557e-15
1.4722784e-15
1.4250413e-15
1.3817381e-15
1.3420349e-15
1.3055456e-15
1.2717879e-15
1.2404245e-15
1.2112049e-15
1.1838238e-15
1.1581106e-15
1.1338944e-15
1.1110362e-15
1.0894199e-15
1.0689047e-15
1.0494272e-15
1.0308731e-15
1.0131419e-15
9.9619999e-16
9.7997245e-16
9.6438543e-16
9.4941446e-16
9.3500763e-16
9.2110246e-16
9.0767923e-16
8.9471052e-16
8.8215054e-16
8.6996905e-16
8.5815695e-16
8.4661918e-16
8.3534516e-16
8.2436447e-16
8.136707e-16
8.0324299e-16
7.9305911e-16
7.8310894e-16
7.7338289e-16
2.6744746e-13
2.5839577e-13
2.5010577e-13
2.4250613e-13
2.3553826e-13
2.291344e-13
2.2320993e-13
2.1770564e-13
2.1257758e-13
2.0777217e-13
2.0325946e-13
1.9900948e-13
1.9499781e-13
1.912041e-13
1.8760363e-13
1.8418526e-13
1.8092895e-13
1.7781707e-13
1.748437e-13
1.719957e-13
1.6926011e-13
1.6663264e-13
1.6410418e-13
1.6166375e-13
1.5930791e-13
1.5703183e-13
1.5482749e-13
1.5268957e-13
1.5061648e-13
1.4859153e-13
1.4661287e-13
1.4468569e-13
1.4280887e-13
1.4097873e-13
1.391914e-13
1.3744507e-13
1.3573808e-13
5.7110605e-12
5.5178616e-12
5.3409146e-12
5.1786985e-12
5.029964e-12
4.8932656e-12
4.7667977e-12
4.6492969e-12
4.5398254e-12
4.43724e-12
4.3409016e-12
4.2501707e-12
4.1645263e-12
4.0835336e-12
4.0066657e-12
3.9336846e-12
3.8641628e-12
3.7977234e-12
3.7342409e-12
3.6734344e-12
3.6150274e-12
3.5589282e-12
3.5049424e-12
3.4528358e-12
3.4025348e-12
3.3539366e-12
3.3068696e-12
3.2612205e-12
3.2169553e-12
3.1737178e-12
3.1314683e-12
3.0903177e-12
3.0502421e-12
3.0111632e-12
2.9729979e-12
2.9357082e-12
2.8992581e-12
4.5958418e-11
4.4406788e-11
4.2985494e-11
4.168237e-11
4.0487422e-11
3.9389066e-11
3.8372819e-11
3.742855e-11
3.6548737e-11
3.5724207e-11
3.4949835e-11
3.4220489e-11
3.353199e-11
3.288085e-11
3.2262837e-11
3.1676043e-11
3.1117036e-11
3.0582789e-11
3.0072296e-11
2.95833e-11
2.9113581e-11
2.8662405e-11
2.8228208e-11
2.7809111e-11
2.7404521e-11
2.7013614e-11
2.663501e-11
2.6267801e-11
2.5911712e-11
2.5563879e-11
2.5223982e-11
2.4892917e-11
2.457049e-11
2.4256075e-11
2.3949e-11
2.3648963e-11
2.3355674e-11
2.2346035e-10
2.1595884e-10
2.0908486e-10
2.0278031e-10
1.969974e-10
1.9168049e-10
1.8675977e-10
1.8218649e-10
1.7792445e-10
1.7392938e-10
1.7017662e-10
1.6664143e-10
1.6330365e-10
1.6014647e-10
1.5714945e-10
1.5430341e-10
1.5159176e-10
1.4899988e-10
1.4652292e-10
1.4414997e-10
1.4187031e-10
1.3968038e-10
1.3757264e-10
1.3553799e-10
1.3357357e-10
1.3167539e-10
1.2983677e-10
1.2805333e-10
1.2632375e-10
1.2463409e-10
1.2298283e-10
1.2137434e-10
1.198077e-10
1.1827986e-10
1.1678757e-10
1.1532936e-10
1.1390386e-10
8.055265e-10
7.7883258e-10
7.5435116e-10
7.3188114e-10
7.1125663e-10
6.9228247e-10
6.7471206e-10
6.5837353e-10
6.4313949e-10
6.2885302e-10
6.1542727e-10
6.0277474e-10
5.9082413e-10
5.7951606e-10
5.6877794e-10
5.585774e-10
5.4885547e-10
5.3956015e-10
5.3067441e-10
5.2215947e-10
5.1397708e-10
5.061148e-10
4.985457e-10
4.912373e-10
4.8417961e-10
4.7735835e-10
4.7074969e-10
4.6433803e-10
4.5811875e-10
4.5204163e-10
4.4610135e-10
4.4031386e-10
4.3467589e-10
4.2917652e-10
4.2380415e-10
4.1855362e-10
4.1341995e-10
2.3767361e-09
2.2999336e-09
2.2293845e-09
2.1645411e-09
2.1049488e-09
2.0500612e-09
1.9991788e-09
1.9518159e-09
1.9076135e-09
1.8661237e-09
1.8271015e-09
1.7902981e-09
1.7555108e-09
1.722571e-09
1.6912709e-09
1.661519e-09
1.6331459e-09
1.6060022e-09
1.5800403e-09
1.5551484e-09
1.5312166e-09
1.5082099e-09
1.4860503e-09
1.4646443e-09
1.4439635e-09
1.4239668e-09
1.4045851e-09
1.3857737e-09
1.3675197e-09
1.3496749e-09
1.3322247e-09
1.3152171e-09
1.2986431e-09
1.2824706e-09
1.2666661e-09
1.2512149e-09
1.2361027e-09
6.0353993e-09
5.8486971e-09
5.676742e-09
5.5183277e-09
5.3724394e-09
5.2378103e-09
5.1127775e-09
4.9961975e-09
4.8872272e-09
4.7847923e-09
4.6883171e-09
4.5972095e-09
4.5109859e-09
4.4292468e-09
4.35149e-09
4.2775009e-09
4.2068688e-09
4.1392318e-09
4.074479e-09
4.0123394e-09
3.9525449e-09
3.8950141e-09
3.8395567e-09
3.7859432e-09
3.734108e-09
3.6839502e-09
3.6352997e-09
3.5880487e-09
3.5421675e-09
3.4972806e-09
3.4533541e-09
3.4105154e-09
3.3687432e-09
3.3279579e-09
3.2880766e-09
3.2490648e-09
3.2108876e-09
1.3527554e-08
1.3136663e-08
1.2775246e-08
1.2441163e-08
1.2132565e-08
1.1846984e-08
1.158105e-08
1.1332481e-08
1.1099604e-08
1.0880215e-08
1.0673169e-08
1.0477268e-08
1.0291527e-08
1.0115143e-08
9.9470741e-09
9.786897e-09
9.6337546e-09
9.4868928e-09
9.3460978e-09
9.2108021e-09
9.080444e-09
8.9548649e-09
8.8336629e-09
8.716353e-09
8.6028074e-09
8.4928129e-09
8.3860066e-09
8.2821657e-09
8.1812349e-09
8.082373e-09
7.9855182e-09
7.8909722e-09
7.7986945e-09
7.7085115e-09
7.6202463e-09
7.5338305e-09
7.4491909e-09
2.7116823e-08
2.640514e-08
2.5743788e-08
2.5129803e-08
2.4560466e-08
2.4031696e-08
2.3537611e-08
2.3074313e-08
2.2638981e-08
2.2227694e-08
2.1838527e-08
2.1469386e-08
2.1118555e-08
2.0784647e-08
2.0465793e-08
2.0161283e-08
1.9869564e-08
1.9589273e-08
1.9320069e-08
1.9060917e-08
1.8810796e-08
1.8569447e-08
1.8336131e-08
1.8109952e-08
1.7890707e-08
1.7678e-08
1.7471153e-08
1.7269772e-08
1.7073775e-08
1.6881475e-08
1.6692786e-08
1.6508358e-08
1.6328131e-08
1.6151768e-08
1.597894e-08
1.5809534e-08
1.5643418e-08
4.9091088e-08
4.795131e-08
4.6885899e-08
4.5891939e-08
4.4966276e-08
4.4103115e-08
4.3293436e-08
4.2531475e-08
4.1813125e-08
4.1132263e-08
4.0486105e-08
3.9871466e-08
3.9285729e-08
3.8726824e-08
3.8191804e-08
3.7679654e-08
3.7187892e-08
3.671436e-08
3.6258605e-08
3.5818965e-08
3.5393807e-08
3.4982788e-08
3.4584694e-08
3.4198075e-08
3.3822668e-08
3.3457821e-08
3.3102412e-08
3.2755838e-08
3.2418009e-08
3.208586e-08
3.1759318e-08
3.1439668e-08
3.1126839e-08
3.0820254e-08
3.0519365e-08
3.0224024e-08
2.9934023e-08
8.1191671e-08
7.955584e-08
7.8016975e-08
7.6574025e-08
7.5224385e-08
7.3960812e-08
7.2770869e-08
7.1646993e-08
7.0583925e-08
6.9573062e-08
6.8610884e-08
6.7693066e-08
6.6816043e-08
6.5977081e-08
6.5172003e-08
6.4399553e-08
6.3656149e-08
6.2938736e-08
6.2246822e-08
6.1577997e-08
6.0929923e-08
6.0302226e-08
5.9693108e-08
5.9100457e-08
5.8524015e-08
5.7962805e-08
5.7415144e-08
5.6880234e-08
5.6358026e-08
5.5843357e-08
5.5336273e-08
5.4839125e-08
5.4351867e-08
5.3873586e-08
5.3403469e-08
5.294137e-08
5.2486995e-08
1.2442883e-07
1.222762e-07
1.2023711e-07
1.1831523e-07
1.1651003e-07
1.1481345e-07
1.1320966e-07
1.1168968e-07
1.1024746e-07
1.0887187e-07
1.0755895e-07
1.0630331e-07
1.0510053e-07
1.0394731e-07
1.028382e-07
1.0177184e-07
1.0074344e-07
9.9749028e-08
9.8788195e-08
9.7857696e-08
9.6954467e-08
9.6078194e-08
9.5226393e-08
9.4396242e-08
9.35876e-08
9.2799091e-08
9.2028378e-08
9.1274529e-08
9.0537617e-08
8.9809377e-08
8.9090182e-08
8.8384098e-08
8.7691165e-08
8.7010036e-08
8.6339594e-08
8.5679766e-08
8.5030177e-08
1.7931786e-07
1.7667136e-07
1.7414111e-07
1.717428e-07
1.6948023e-07
1.6734558e-07
1.6531997e-07
1.6339364e-07
1.6156041e-07
1.5980669e-07
1.5812857e-07
1.5651984e-07
1.5497532e-07
1.5349143e-07
1.5206145e-07
1.5068411e-07
1.4935334e-07
1.4806429e-07
1.4681683e-07
1.4560679e-07
1.4443041e-07
1.4328758e-07
1.4217502e-07
1.4108918e-07
1.4003021e-07
1.3899624e-07
1.379842e-07
1.3699313e-07
1.3602334e-07
1.3506189e-07
1.3410989e-07
1.3317414e-07
1.3225488e-07
1.3135021e-07
1.3045868e-07
1.2958039e-07
1.287149e-07
2.4257948e-07
2.3974564e-07
2.3699405e-07
2.3436053e-07
2.318592e-07
2.2948593e-07
2.2722071e-07
2.2505565e-07
2.2298681e-07
2.2099972e-07
2.1909206e-07
2.1725786e-07
2.1549205e-07
2.1379162e-07
2.1214932e-07
2.1056454e-07
2.0903021e-07
2.0754121e-07
2.0609815e-07
2.0469609e-07
2.0333099e-07
2.0200334e-07
2.00709e-07
1.9944398e-07
1.9820926e-07
1.9700236e-07
1.9581937e-07
1.9465987e-07
1.935248e-07
1.9234641e-07
1.91147e-07
1.8996689e-07
1.8880665e-07
1.876637e-07
1.8653621e-07
1.8542461e-07
1.8432843e-07
3.1903767e-07
3.158439e-07
3.1269638e-07
3.0965338e-07
3.0674184e-07
3.0396284e-07
3.0129525e-07
2.9873297e-07
2.9627446e-07
2.9390403e-07
2.9162081e-07
2.8941886e-07
2.8729324e-07
2.8524146e-07
2.832553e-07
2.8133506e-07
2.794722e-07
2.7766095e-07
2.7590289e-07
2.7419201e-07
2.7252364e-07
2.7089903e-07
2.69313e-07
2.6776069e-07
2.6624401e-07
2.6475989e-07
2.6330327e-07
2.6187404e-07
2.6047394e-07
2.5907717e-07
2.576861e-07
2.5631592e-07
2.5496823e-07
2.5363941e-07
2.523272e-07
2.5103287e-07
2.4975613e-07
4.1086806e-07
4.0737083e-07
4.0385665e-07
4.0041433e-07
3.9708868e-07
3.9389044e-07
3.9079922e-07
3.8781235e-07
3.849324e-07
3.8214344e-07
3.7944667e-07
3.7683664e-07
3.7430925e-07
3.7186312e-07
3.6948922e-07
3.6718935e-07
3.6495331e-07
3.6277472e-07
3.6065664e-07
3.5859188e-07
3.5657505e-07
3.5460857e-07
3.526861e-07
3.5080172e-07
3.4895858e-07
3.4715307e-07
3.4537871e-07
3.4363576e-07
3.4192706e-07
3.4023584e-07
3.3855793e-07
3.369033e-07
3.3527461e-07
3.3366722e-07
3.3207823e-07
3.3050968e-07
3.2896158e-07
5.196681e-07
5.160625e-07
5.1232909e-07
5.085996e-07
5.0494334e-07
5.0138876e-07
4.9792015e-07
4.9454126e-07
4.912616e-07
4.8806724e-07
4.8496235e-07
4.8194293e-07
4.7900698e-07
4.7615577e-07
4.7337989e-07
4.7068358e-07
4.6805509e-07
4.6548751e-07
4.6298627e-07
4.6054297e-07
4.5815156e-07
4.558162e-07
4.5352935e-07
4.5128383e-07
4.490846e-07
4.4692764e-07
4.4480468e-07
4.4271655e-07
4.4066764e-07
4.3864203e-07
4.3663198e-07
4.3464731e-07
4.326921e-07
4.3076061e-07
4.2884907e-07
4.2696052e-07
4.2509543e-07
6.4673802e-07
6.4337435e-07
6.3969975e-07
6.3590508e-07
6.3209325e-07
6.2832396e-07
6.2459291e-07
6.2091448e-07
6.1730956e-07
6.1376821e-07
6.1029976e-07
6.0690544e-07
6.0358792e-07
6.003513e-07
5.9718674e-07
5.9410223e-07
5.9108481e-07
5.881274e-07
5.8523886e-07
5.8240983e-07
5.7963367e-07
5.7691716e-07
5.7425164e-07
5.7162844e-07
5.6905504e-07
5.6652733e-07
5.640349e-07
5.6157925e-07
5.5916709e-07
5.5678121e-07
5.5441063e-07
5.520664e-07
5.4975462e-07
5.4746839e-07
5.4520283e-07
5.4296221e-07
5.407478e-07
7.9309121e-07
7.9052744e-07
7.8736088e-07
7.8385784e-07
7.8017736e-07
7.7643164e-07
7.7263777e-07
7.6882658e-07
7.6503655e-07
7.6125664e-07
7.5750989e-07
7.5381104e-07
7.5017023e-07
7.4659669e-07
7.4308327e-07
7.3964335e-07
7.3626335e-07
7.3293642e-07
7.2967624e-07
7.2647281e-07
7.2331909e-07
7.2022542e-07
7.1718225e-07
7.1417927e-07
7.1122721e-07
7.0832232e-07
7.0545173e-07
7.0261779e-07
6.9983025e-07
6.9707028e-07
6.943234e-07
6.9160222e-07
6.8891541e-07
6.8625493e-07
6.8361452e-07
6.81e-07
6.784138e-07
9.5931498e-07
9.5836515e-07
9.5635113e-07
9.5361221e-07
9.5044688e-07
9.4704722e-07
9.4346428e-07
9.3975312e-07
9.3597735e-07
9.3208709e-07
9.2815315e-07
9.2422854e-07
9.2033309e-07
9.1648283e-07
9.1267311e-07
9.0892432e-07
9.0522229e-07
9.015615e-07
8.9796127e-07
8.9441093e-07
8.9090366e-07
8.8745398e-07
8.8405133e-07
8.8068415e-07
8.7736694e-07
8.7409619e-07
8.7085677e-07
8.6765227e-07
8.6449546e-07
8.6136543e-07
8.5824499e-07
8.5514873e-07
8.5208754e-07
8.4905226e-07
8.4603544e-07
8.4304451e-07
8.4008314e-07
1.1454255e-06
1.1471269e-06
1.1470271e-06
1.1454492e-06
1.1431264e-06
1.1403459e-06
1.1372033e-06
1.1337897e-06
1.1301993e-06
1.1262006e-06
1.1220259e-06
1.1178348e-06
1.1136538e-06
1.1095043e-06
1.1053824e-06
1.1013156e-06
1.097286e-06
1.0932926e-06
1.0893586e-06
1.0854699e-06
1.0816224e-06
1.0778332e-06
1.0740888e-06
1.070379e-06
1.0667211e-06
1.063109e-06
1.0595276e-06
1.0559827e-06
1.0524872e-06
1.0490141e-06
1.0455494e-06
1.0421118e-06
1.0387103e-06
1.0353345e-06
1.0319776e-06
1.0286483e-06
1.0253492e-06
)
;

boundaryField
{
    bottom
    {
        type            nutkWallFunction;
        Cmu             0.09;
        kappa           0.41;
        E               9.8;
        value           uniform 0;
    }
    back
    {
        type            empty;
    }
    front
    {
        type            empty;
    }
    inlet
    {
        type            calculated;
        value           nonuniform List<scalar> 0();
    }
    outlet
    {
        type            calculated;
        value           nonuniform List<scalar> 0();
    }
    top
    {
        type            calculated;
        value           nonuniform List<scalar> 0();
    }
    slipsurface
    {
        type            slip;
    }
    procBoundary0to1
    {
        type            processor;
        value           nonuniform List<scalar> 
35
(
1.3559426e-06
1.3582505e-06
1.3575122e-06
1.3557793e-06
1.3533797e-06
1.3504492e-06
1.3471373e-06
1.3435619e-06
1.3397586e-06
1.3358074e-06
1.3317468e-06
1.3276221e-06
1.3234686e-06
1.319289e-06
1.3151249e-06
1.3109587e-06
1.3067945e-06
1.3026656e-06
1.2985575e-06
1.2944684e-06
1.2904231e-06
1.2864064e-06
1.2824081e-06
1.2784522e-06
1.2745326e-06
1.2706321e-06
1.2667593e-06
1.2629316e-06
1.2591207e-06
1.2553098e-06
1.2515195e-06
1.2477618e-06
1.2440245e-06
1.2403002e-06
1.2366e-06
)
;
    }
    procBoundary0to2
    {
        type            processor;
        value           nonuniform List<scalar> 
22
(
1.5798202e-15
2.7726901e-13
5.920683e-12
4.7641662e-11
2.3159425e-10
8.3443959e-10
2.4597531e-09
6.236516e-09
1.3946455e-08
2.7874172e-08
5.0293346e-08
8.2898561e-08
1.2664385e-07
1.8171128e-07
2.4536379e-07
3.221851e-07
4.1424015e-07
5.2300091e-07
6.4960224e-07
7.9482994e-07
9.5896777e-07
1.1416451e-06
)
;
    }
    procBoundary0to3
    {
        type            processor;
        value           uniform 1.350649e-06;
    }
    procBoundary0to8
    {
        type            processor;
        value           nonuniform List<scalar> 
23
(
7.6386212e-16
1.3406712e-13
2.8635771e-12
2.3068566e-11
1.1250828e-10
4.0839323e-10
1.2213004e-09
3.173472e-09
7.3661675e-09
1.5480279e-08
2.9648815e-08
5.2039475e-08
8.4389541e-08
1.2786041e-07
1.8324521e-07
2.4849359e-07
3.2742947e-07
4.2324815e-07
5.385526e-07
6.7584746e-07
8.3714142e-07
1.0220692e-06
1.2329282e-06
)
;
    }
}


// ************************************************************************* //
