/*--------------------------------*- C++ -*----------------------------------*\
  =========                 |
  \\      /  F ield         | OpenFOAM: The Open Source CFD Toolbox
   \\    /   O peration     | Website:  https://openfoam.org
    \\  /    A nd           | Version:  12
     \\/     M anipulation  |
\*---------------------------------------------------------------------------*/
FoamFile
{
    format      ascii;
    class       volScalarField;
    location    "1400";
    object      k;
}
// * * * * * * * * * * * * * * * * * * * * * * * * * * * * * * * * * * * * * //

dimensions      [0 2 -2 0 0 0 0];

internalField   nonuniform List<scalar> 
1758
(
2.220446e-16
2.220446e-16
2.220446e-16
2.220446e-16
2.220446e-16
2.220446e-16
2.220446e-16
2.220446e-16
2.220446e-16
2.220446e-16
2.220446e-16
2.220446e-16
2.220446e-16
2.220446e-16
2.220446e-16
2.220446e-16
2.220446e-16
2.220446e-16
2.220446e-16
2.220446e-16
2.220446e-16
2.220446e-16
2.220446e-16
2.220446e-16
2.220446e-16
2.220446e-16
2.220446e-16
2.220446e-16
2.220446e-16
2.220446e-16
2.220446e-16
2.220446e-16
2.220446e-16
2.220446e-16
2.220446e-16
2.220446e-16
2.220446e-16
2.220446e-16
2.220446e-16
2.220446e-16
2.220446e-16
2.220446e-16
2.220446e-16
2.220446e-16
2.220446e-16
2.220446e-16
2.220446e-16
2.220446e-16
2.220446e-16
2.220446e-16
2.220446e-16
2.220446e-16
2.220446e-16
2.220446e-16
2.220446e-16
2.220446e-16
2.220446e-16
2.220446e-16
2.220446e-16
2.220446e-16
2.220446e-16
2.220446e-16
2.220446e-16
2.220446e-16
2.220446e-16
2.220446e-16
2.220446e-16
2.220446e-16
2.220446e-16
2.220446e-16
2.220446e-16
2.220446e-16
2.220446e-16
2.220446e-16
2.220446e-16
2.220446e-16
2.220446e-16
2.220446e-16
2.220446e-16
2.220446e-16
2.220446e-16
2.220446e-16
2.220446e-16
2.220446e-16
2.220446e-16
2.220446e-16
2.220446e-16
2.220446e-16
2.220446e-16
2.220446e-16
2.220446e-16
2.220446e-16
2.220446e-16
2.220446e-16
1.1298481e-06
2.220446e-16
2.220446e-16
2.220446e-16
2.220446e-16
2.220446e-16
2.220446e-16
2.220446e-16
2.220446e-16
2.220446e-16
2.220446e-16
2.220446e-16
2.220446e-16
2.220446e-16
2.220446e-16
2.220446e-16
2.220446e-16
2.220446e-16
2.220446e-16
4.4335332e-06
2.3856663e-06
8.2320802e-10
2.220446e-16
2.220446e-16
2.220446e-16
2.220446e-16
2.220446e-16
2.220446e-16
2.220446e-16
2.220446e-16
2.220446e-16
2.220446e-16
2.220446e-16
2.220446e-16
2.220446e-16
2.220446e-16
2.220446e-16
2.220446e-16
2.220446e-16
2.220446e-16
2.220446e-16
2.220446e-16
2.220446e-16
2.220446e-16
2.220446e-16
2.220446e-16
2.220446e-16
2.220446e-16
2.220446e-16
2.220446e-16
8.6015764e-06
6.350261e-06
3.5060886e-06
1.8767159e-06
3.560685e-13
2.220446e-16
2.220446e-16
2.220446e-16
2.220446e-16
2.220446e-16
2.220446e-16
2.220446e-16
2.220446e-16
2.220446e-16
2.220446e-16
2.220446e-16
2.220446e-16
2.220446e-16
2.220446e-16
2.220446e-16
2.220446e-16
2.220446e-16
2.220446e-16
2.220446e-16
2.220446e-16
2.220446e-16
2.220446e-16
2.220446e-16
2.220446e-16
2.220446e-16
2.220446e-16
1.2482039e-05
1.054398e-05
8.0137455e-06
5.7697143e-06
3.2219418e-06
1.6717069e-06
4.6561494e-15
2.220446e-16
2.220446e-16
2.220446e-16
2.220446e-16
2.220446e-16
2.220446e-16
2.220446e-16
2.220446e-16
2.220446e-16
2.220446e-16
2.220446e-16
2.220446e-16
2.220446e-16
2.220446e-16
2.220446e-16
2.220446e-16
2.220446e-16
2.220446e-16
2.220446e-16
2.220446e-16
2.220446e-16
2.220446e-16
2.220446e-16
2.220446e-16
1.5573383e-05
1.4113776e-05
1.218717e-05
1.0136958e-05
7.7020173e-06
5.5022511e-06
3.0603555e-06
1.5111795e-06
5.1591346e-16
2.220446e-16
2.220446e-16
2.220446e-16
2.220446e-16
2.220446e-16
2.220446e-16
2.220446e-16
2.220446e-16
2.220446e-16
2.220446e-16
2.220446e-16
2.220446e-16
2.220446e-16
2.220446e-16
2.220446e-16
2.220446e-16
2.220446e-16
2.220446e-16
2.220446e-16
2.220446e-16
2.220446e-16
2.220446e-16
1.7876288e-05
1.6834444e-05
1.5478878e-05
1.3914918e-05
1.1993781e-05
9.9486476e-06
7.5423255e-06
5.312319e-06
2.9308024e-06
1.3663381e-06
2.325755e-16
2.220446e-16
2.220446e-16
2.220446e-16
2.220446e-16
2.220446e-16
2.220446e-16
2.220446e-16
2.220446e-16
2.220446e-16
2.220446e-16
2.220446e-16
2.220446e-16
2.220446e-16
2.220446e-16
2.220446e-16
2.220446e-16
2.220446e-16
2.220446e-16
2.220446e-16
2.220446e-16
1.9585828e-05
1.8834858e-05
1.7894612e-05
1.6786036e-05
1.5416033e-05
1.3846246e-05
1.19259e-05
9.8408624e-06
7.4288033e-06
5.1454437e-06
2.8389982e-06
1.1233317e-06
2.220446e-16
2.220446e-16
2.220446e-16
2.220446e-16
2.220446e-16
2.220446e-16
2.220446e-16
2.220446e-16
2.220446e-16
2.220446e-16
2.220446e-16
2.220446e-16
2.220446e-16
2.220446e-16
2.220446e-16
2.220446e-16
2.220446e-16
2.220446e-16
2.220446e-16
2.0903928e-05
2.0333228e-05
1.9655342e-05
1.8869424e-05
1.79196e-05
1.6809824e-05
1.5440412e-05
1.3843124e-05
1.1901636e-05
9.7547482e-06
7.3647432e-06
4.8808105e-06
2.6751813e-06
3.5046071e-07
2.220446e-16
2.220446e-16
2.220446e-16
2.220446e-16
2.220446e-16
2.220446e-16
2.220446e-16
2.220446e-16
2.220446e-16
2.220446e-16
2.220446e-16
2.220446e-16
2.220446e-16
2.220446e-16
2.220446e-16
2.220446e-16
2.220446e-16
2.1977971e-05
2.1513207e-05
2.0989038e-05
2.0402307e-05
1.9722755e-05
1.8942673e-05
1.8000539e-05
1.6880616e-05
1.5498446e-05
1.3855896e-05
1.191681e-05
9.6067107e-06
7.196406e-06
4.260247e-06
2.4198797e-06
4.7246385e-08
2.220446e-16
2.220446e-16
2.220446e-16
2.220446e-16
2.220446e-16
2.220446e-16
2.220446e-16
2.220446e-16
2.220446e-16
2.220446e-16
2.220446e-16
2.220446e-16
2.220446e-16
2.220446e-16
2.220446e-16
2.2901974e-05
2.2498208e-05
2.2061363e-05
2.1589588e-05
2.1068027e-05
2.0490994e-05
1.9824432e-05
1.9047368e-05
1.8104646e-05
1.6961062e-05
1.5579825e-05
1.38322e-05
1.1832399e-05
9.2543719e-06
6.947404e-06
4.0579404e-06
2.3727064e-06
1.2394558e-08
2.220446e-16
2.220446e-16
2.220446e-16
2.220446e-16
2.220446e-16
2.220446e-16
2.220446e-16
2.220446e-16
2.220446e-16
2.220446e-16
2.220446e-16
2.220446e-16
2.220446e-16
2.3733812e-05
2.336429e-05
2.2976376e-05
2.2569174e-05
2.2135835e-05
2.1673996e-05
2.1166686e-05
2.059951e-05
1.9940813e-05
1.9156799e-05
1.8218788e-05
1.7016679e-05
1.5579764e-05
1.3686506e-05
1.1701681e-05
9.17396e-06
6.9464084e-06
4.0669732e-06
2.3787538e-06
8.3307542e-09
2.220446e-16
2.220446e-16
2.220446e-16
2.220446e-16
2.220446e-16
2.220446e-16
2.220446e-16
2.220446e-16
2.220446e-16
2.220446e-16
2.220446e-16
2.4509676e-05
2.4157939e-05
2.3796462e-05
2.3424723e-05
2.3039623e-05
2.2640644e-05
2.2219958e-05
2.1769585e-05
2.1273566e-05
2.0709129e-05
2.0058472e-05
1.9245746e-05
1.826963e-05
1.6992958e-05
1.5555354e-05
1.3703228e-05
1.1768749e-05
9.2512802e-06
7.0095179e-06
4.1030964e-06
2.3959509e-06
1.4302887e-08
2.220446e-16
2.220446e-16
2.220446e-16
2.220446e-16
2.220446e-16
2.220446e-16
2.220446e-16
2.220446e-16
2.220446e-16
2.5252922e-05
2.4908395e-05
2.455956e-05
2.4206002e-05
2.3846312e-05
2.3480656e-05
2.310555e-05
2.2716793e-05
2.230713e-05
2.1863257e-05
2.1376273e-05
2.0799854e-05
2.0127251e-05
1.9279325e-05
1.8306029e-05
1.7063017e-05
1.5663485e-05
1.3825377e-05
1.1883324e-05
9.3442504e-06
7.0805365e-06
4.150331e-06
2.4256168e-06
5.8490382e-08
2.220446e-16
2.220446e-16
2.220446e-16
2.220446e-16
2.220446e-16
2.220446e-16
2.220446e-16
2.5979107e-05
2.5634737e-05
2.5289661e-05
2.4943491e-05
2.4595589e-05
2.4246283e-05
2.3894029e-05
2.3536441e-05
2.317038e-05
2.2788289e-05
2.2386455e-05
2.1938554e-05
2.1440595e-05
2.0850158e-05
2.0185644e-05
1.9365995e-05
1.8423385e-05
1.7195866e-05
1.5796222e-05
1.3947392e-05
1.199306e-05
9.4388893e-06
7.163003e-06
4.2270881e-06
2.4625694e-06
3.7957065e-07
2.220446e-16
2.220446e-16
2.220446e-16
2.220446e-16
2.220446e-16
2.6698923e-05
2.634984e-05
2.6002563e-05
2.5656704e-05
2.5311987e-05
2.4968722e-05
2.4626223e-05
2.4282935e-05
2.3937443e-05
2.3585164e-05
2.3224668e-05
2.2841405e-05
2.243456e-05
2.1983187e-05
2.1496205e-05
2.092964e-05
2.0290211e-05
1.9485536e-05
1.8546892e-05
1.7315672e-05
1.5911484e-05
1.4057727e-05
1.2102514e-05
9.5493335e-06
7.2550395e-06
4.4597791e-06
2.5140097e-06
9.6694903e-07
2.220446e-16
2.220446e-16
2.220446e-16
2.7419947e-05
2.706268e-05
2.670905e-05
2.6358668e-05
2.6011417e-05
2.5667544e-05
2.5326746e-05
2.4987876e-05
2.4650179e-05
2.4310557e-05
2.3968321e-05
2.3615312e-05
2.325241e-05
2.2870083e-05
2.2474395e-05
2.2042631e-05
2.157585e-05
2.1022683e-05
2.0388956e-05
1.9584317e-05
1.8644959e-05
1.7413546e-05
1.6013809e-05
1.4167872e-05
1.2214068e-05
9.7359335e-06
7.3527439e-06
4.9547224e-06
2.7325742e-06
1.1626531e-06
2.220446e-16
2.8147708e-05
2.7779712e-05
2.7416739e-05
2.7058403e-05
2.670465e-05
2.6355656e-05
2.6011281e-05
2.5670611e-05
2.5333117e-05
2.4996494e-05
2.4660194e-05
2.4319457e-05
2.397567e-05
2.362481e-05
2.3271498e-05
2.2904405e-05
2.2524246e-05
2.2103577e-05
2.1642735e-05
2.1091499e-05
2.0458909e-05
1.9655775e-05
1.8721585e-05
1.7498744e-05
1.6107795e-05
1.4307708e-05
1.2320254e-05
1.0078583e-05
7.6271631e-06
5.2540036e-06
2.928056e-06
2.8886355e-05
2.8505711e-05
2.8131177e-05
2.7762371e-05
2.7399256e-05
2.7041939e-05
2.6690344e-05
2.6343702e-05
2.6001543e-05
2.5662036e-05
2.5324622e-05
2.4986395e-05
2.4648688e-05
2.4309919e-05
2.397348e-05
2.363368e-05
2.329149e-05
2.2932661e-05
2.2557505e-05
2.2139326e-05
2.1680432e-05
2.1131345e-05
2.0503301e-05
1.9707129e-05
1.8781776e-05
1.758732e-05
1.6187563e-05
1.4520277e-05
1.2541808e-05
1.035378e-05
7.9003546e-06
2.9639065e-05
2.92443e-05
2.8856518e-05
2.8475343e-05
2.8100733e-05
2.7732738e-05
2.7371292e-05
2.7015729e-05
2.6665575e-05
2.6319315e-05
2.5976372e-05
2.5634905e-05
2.5296012e-05
2.495912e-05
2.4626549e-05
2.4295238e-05
2.3966066e-05
2.3631599e-05
2.3292732e-05
2.2935848e-05
2.2562526e-05
2.2146516e-05
2.1691399e-05
2.1147622e-05
2.0526536e-05
1.9747661e-05
1.8821903e-05
1.7700137e-05
1.6324066e-05
1.4708795e-05
1.2771191e-05
3.0408312e-05
2.9998283e-05
2.9595946e-05
2.9200937e-05
2.8813198e-05
2.8432733e-05
2.8059467e-05
2.7692805e-05
2.7332252e-05
2.6976527e-05
2.6625056e-05
2.6276637e-05
2.5932117e-05
2.5591302e-05
2.5255673e-05
2.4923372e-05
2.4594963e-05
2.4266372e-05
2.3938618e-05
2.3604887e-05
2.3266982e-05
2.2911626e-05
2.2541113e-05
2.2129029e-05
2.167905e-05
2.114586e-05
2.0526447e-05
1.9786958e-05
1.8880407e-05
1.7796296e-05
1.6463436e-05
3.1196045e-05
3.0769859e-05
3.0351944e-05
2.9941951e-05
2.9539805e-05
2.9145473e-05
2.8758866e-05
2.8379441e-05
2.8006682e-05
2.7639488e-05
2.7277314e-05
2.6919352e-05
2.6566227e-05
2.6217865e-05
2.5875135e-05
2.553675e-05
2.5202942e-05
2.4871274e-05
2.4542561e-05
2.4213311e-05
2.3885263e-05
2.3551919e-05
2.3215536e-05
2.2862688e-05
2.2495675e-05
2.2090089e-05
2.164191e-05
2.1130054e-05
2.0522751e-05
1.9806923e-05
1.893284e-05
3.2003804e-05
3.1560767e-05
3.1126471e-05
3.0700585e-05
3.0283018e-05
2.9873713e-05
2.9472561e-05
2.9079063e-05
2.8692691e-05
2.831249e-05
2.7937954e-05
2.7568526e-05
2.720465e-05
2.6846261e-05
2.6493806e-05
2.6146292e-05
2.5803692e-05
2.5464398e-05
2.5128922e-05
2.4795348e-05
2.4465065e-05
2.4134886e-05
2.3806883e-05
2.3474485e-05
2.3139941e-05
2.2790761e-05
2.2424971e-05
2.203087e-05
2.1589343e-05
2.1091122e-05
2.0505099e-05
3.2832804e-05
3.2372385e-05
3.1921082e-05
3.1478584e-05
3.1044788e-05
3.0619621e-05
3.0202958e-05
2.9794338e-05
2.939323e-05
2.8998801e-05
2.8610593e-05
2.8228205e-05
2.7851938e-05
2.7481701e-05
2.7117655e-05
2.6758975e-05
2.6405462e-05
2.6055952e-05
2.5710696e-05
2.5368521e-05
2.5030396e-05
2.4694671e-05
2.4363002e-05
2.4032193e-05
2.3704337e-05
2.3373319e-05
2.3038978e-05
2.2695585e-05
2.233277e-05
2.1945829e-05
2.1517167e-05
3.368399e-05
3.3205796e-05
3.2737008e-05
3.2277334e-05
3.1826666e-05
3.1384924e-05
3.0951971e-05
3.0527377e-05
3.0110622e-05
2.9700975e-05
2.9298027e-05
2.890148e-05
2.8511521e-05
2.8128025e-05
2.7750963e-05
2.7379619e-05
2.701369e-05
2.6652275e-05
2.6295425e-05
2.5942336e-05
2.5593609e-05
2.5248293e-05
2.4907562e-05
2.4569795e-05
2.4236689e-05
2.3905299e-05
2.357636e-05
2.3247444e-05
2.2913494e-05
2.2573076e-05
2.2217311e-05
3.4558086e-05
3.4061842e-05
3.3575216e-05
3.3097932e-05
3.2629888e-05
3.2171e-05
3.1721126e-05
3.1279865e-05
3.0846716e-05
3.0421039e-05
3.0002469e-05
2.9590777e-05
2.9186065e-05
2.8788172e-05
2.8396951e-05
2.8011764e-05
2.7632252e-05
2.725768e-05
2.6887967e-05
2.6522499e-05
2.6161595e-05
2.5804622e-05
2.5452336e-05
2.5103825e-05
2.4760312e-05
2.4420327e-05
2.4084804e-05
2.3752884e-05
2.3422345e-05
2.309351e-05
2.2762531e-05
3.545562e-05
3.4941157e-05
3.4436447e-05
3.3941236e-05
3.345543e-05
3.2978948e-05
3.2511647e-05
3.2053157e-05
3.1603003e-05
3.1160622e-05
3.0725696e-05
3.0298039e-05
2.9877688e-05
2.946446e-05
2.9058132e-05
2.865813e-05
2.8264071e-05
2.7875335e-05
2.7491753e-05
2.7112821e-05
2.6738656e-05
2.6368775e-05
2.600361e-05
2.5642563e-05
2.5286435e-05
2.4934408e-05
2.4587279e-05
2.4244799e-05
2.3906081e-05
2.3572093e-05
2.3241532e-05
3.5321256e-05
3.4807898e-05
3.4304047e-05
3.3809629e-05
3.3324506e-05
3.2848336e-05
3.2380677e-05
3.1921039e-05
3.1469142e-05
3.1024833e-05
3.0588102e-05
3.015875e-05
2.9736514e-05
2.9320873e-05
2.8911442e-05
2.8507684e-05
2.8109381e-05
2.7716092e-05
2.73278e-05
2.6944092e-05
2.6565168e-05
2.6190572e-05
2.5820772e-05
2.5455231e-05
2.509451e-05
2.4738529e-05
2.4386945e-05
2.4040766e-05
2.3699771e-05
3.6230026e-05
3.5698394e-05
3.5176308e-05
3.4663706e-05
3.4160459e-05
3.3666259e-05
3.3180697e-05
3.2703348e-05
3.223397e-05
3.1772434e-05
3.1318699e-05
3.0872557e-05
3.0433728e-05
3.000174e-05
2.9576216e-05
2.915669e-05
2.8742913e-05
2.8334489e-05
2.7931311e-05
2.7533005e-05
2.7139611e-05
2.6750736e-05
2.636661e-05
2.5986812e-05
2.5611676e-05
2.5241124e-05
2.4874996e-05
2.4514094e-05
2.4158548e-05
3.7162996e-05
3.6613041e-05
3.6072614e-05
3.5541666e-05
3.5020083e-05
3.4507588e-05
3.4003813e-05
3.3508391e-05
3.3021115e-05
3.2541875e-05
3.2070612e-05
3.1607118e-05
3.115111e-05
3.0702161e-05
3.0259915e-05
2.9823958e-05
2.9394033e-05
2.8969779e-05
2.8551028e-05
2.8137434e-05
2.7728926e-05
2.7325146e-05
2.6926155e-05
2.6531584e-05
2.6141585e-05
2.5756034e-05
2.5374804e-05
2.4998448e-05
2.4627129e-05
3.8120267e-05
3.7552019e-05
3.6993221e-05
3.6443844e-05
3.590379e-05
3.5372817e-05
3.48506e-05
3.4336824e-05
3.3831316e-05
3.3333985e-05
3.284476e-05
3.2363442e-05
3.1889755e-05
3.1423316e-05
3.0963794e-05
3.0510824e-05
3.0064146e-05
2.9623431e-05
2.9188478e-05
2.8758959e-05
2.8334733e-05
2.7915463e-05
2.7501096e-05
2.7091288e-05
2.6686057e-05
2.6285229e-05
2.5888664e-05
2.5496693e-05
2.510941e-05
3.9101825e-05
3.851538e-05
3.7938253e-05
3.7370434e-05
3.6811849e-05
3.626229e-05
3.5721476e-05
3.5189142e-05
3.4665146e-05
3.4149415e-05
3.3641877e-05
3.3142345e-05
3.2650558e-05
3.2166177e-05
3.1688898e-05
3.1218398e-05
3.0754428e-05
3.0296686e-05
2.9844955e-05
2.9398923e-05
2.8958408e-05
2.8523089e-05
2.8092838e-05
2.7667328e-05
2.7246483e-05
2.6830091e-05
2.6417986e-05
2.601033e-05
2.5607129e-05
4.0107542e-05
3.9503062e-05
3.8907712e-05
3.8321508e-05
3.7744399e-05
3.7176214e-05
3.6616717e-05
3.6065691e-05
3.5523023e-05
3.4988659e-05
3.4462532e-05
3.3944471e-05
3.3434239e-05
3.2931534e-05
3.2436084e-05
3.1947607e-05
3.1465868e-05
3.0990593e-05
3.0521559e-05
3.0058475e-05
2.9601135e-05
2.9149234e-05
2.8702598e-05
2.8260915e-05
2.7824045e-05
2.7391752e-05
2.696385e-05
2.6540375e-05
2.612126e-05
4.1137195e-05
4.0514899e-05
3.9901494e-05
3.9297021e-05
3.8701458e-05
3.8114674e-05
3.7536474e-05
3.6966687e-05
3.6405232e-05
3.5852072e-05
3.530715e-05
3.4770318e-05
3.4241361e-05
3.3720019e-05
3.3206052e-05
3.2699213e-05
3.2199289e-05
3.1706033e-05
3.1219228e-05
3.0738602e-05
3.0263941e-05
2.9794957e-05
2.9331451e-05
2.8873123e-05
2.8419798e-05
2.7971226e-05
2.7527205e-05
2.7087687e-05
2.6652552e-05
4.2190466e-05
4.1550627e-05
4.091939e-05
4.0296825e-05
3.968294e-05
3.9077641e-05
3.848078e-05
3.7892228e-05
3.7311934e-05
3.673988e-05
3.6176026e-05
3.5620245e-05
3.5072352e-05
3.4532124e-05
3.3999355e-05
3.3473833e-05
3.295537e-05
3.2443745e-05
3.1938754e-05
3.1440148e-05
3.0947714e-05
3.0461182e-05
2.9980343e-05
2.9504914e-05
2.9034697e-05
2.8569441e-05
2.8108936e-05
2.7653077e-05
2.7201712e-05
4.3266954e-05
4.2609896e-05
4.1961104e-05
4.1320676e-05
4.0688654e-05
4.0064983e-05
3.9449561e-05
3.8842299e-05
3.8243175e-05
3.7652194e-05
3.7069332e-05
3.649449e-05
3.5927512e-05
3.5368212e-05
3.4816417e-05
3.4271953e-05
3.3734655e-05
3.3204333e-05
3.2680798e-05
3.2163826e-05
3.1653213e-05
3.114871e-05
3.0650109e-05
3.0157142e-05
2.9669606e-05
2.9187254e-05
2.8709874e-05
2.8237328e-05
2.7769442e-05
4.4366182e-05
4.3692274e-05
4.302625e-05
4.236824e-05
4.1718319e-05
4.1076474e-05
4.0442645e-05
3.9816783e-05
3.9198897e-05
3.8589014e-05
3.798713e-05
3.7393175e-05
3.6807022e-05
3.6228525e-05
3.5657543e-05
3.5093936e-05
3.4537567e-05
3.3988276e-05
3.3445896e-05
3.2910226e-05
3.2381079e-05
3.1858228e-05
3.1341471e-05
3.0830563e-05
3.03253e-05
2.9825446e-05
2.9330794e-05
2.8841187e-05
2.8356447e-05
4.5487601e-05
4.4797254e-05
4.4114366e-05
4.3439102e-05
4.277157e-05
4.2111798e-05
4.1459768e-05
4.0815471e-05
4.0178945e-05
3.9550241e-05
3.892938e-05
3.8316317e-05
3.771096e-05
3.7113198e-05
3.6522924e-05
3.5940032e-05
3.5364416e-05
3.4795943e-05
3.4234471e-05
3.3679827e-05
3.3131841e-05
3.2590311e-05
3.2055048e-05
3.152583e-05
3.100246e-05
3.0484719e-05
2.9972408e-05
2.9465363e-05
2.8963407e-05
4.6630596e-05
4.5924259e-05
4.5224918e-05
4.4532772e-05
4.3847962e-05
4.3170557e-05
4.2500581e-05
4.1838065e-05
4.1183074e-05
4.0535686e-05
3.9895944e-05
3.9263835e-05
3.8639301e-05
3.8022263e-05
3.7412649e-05
3.6810388e-05
3.6215403e-05
3.5627591e-05
3.5046837e-05
3.4472997e-05
3.3905919e-05
3.334543e-05
3.2791358e-05
3.2243502e-05
3.1701682e-05
3.1165694e-05
3.0635356e-05
3.0110504e-05
2.959097e-05
4.7794494e-05
4.7072651e-05
4.6357305e-05
4.5648687e-05
4.4946975e-05
4.4252277e-05
4.3564657e-05
4.2884185e-05
4.2210955e-05
4.1545069e-05
4.0886598e-05
4.0235559e-05
3.9591926e-05
3.8955655e-05
3.832671e-05
3.7705051e-05
3.7090631e-05
3.648338e-05
3.5883209e-05
3.5290002e-05
3.4703634e-05
3.4123956e-05
3.3550816e-05
3.2984041e-05
3.2423466e-05
3.1868909e-05
3.1320205e-05
3.0777198e-05
3.0239732e-05
4.8978565e-05
4.8241732e-05
4.7510863e-05
4.6786224e-05
4.6068025e-05
4.5356414e-05
4.4651497e-05
4.3953377e-05
4.326218e-05
4.2578033e-05
4.1901034e-05
4.1231231e-05
4.056863e-05
3.9913224e-05
3.9265007e-05
3.8623974e-05
3.7990108e-05
3.7363371e-05
3.6743701e-05
3.6131014e-05
3.5525208e-05
3.4926161e-05
3.4333747e-05
3.3747816e-05
3.3168225e-05
3.2594816e-05
3.2027441e-05
3.1465959e-05
3.0910231e-05
5.0182029e-05
4.9430751e-05
4.8684875e-05
4.7944697e-05
4.7210464e-05
4.6482362e-05
4.5760533e-05
4.5045117e-05
4.433627e-05
4.3634144e-05
4.2938867e-05
4.2250514e-05
4.1569127e-05
4.0894732e-05
4.0227355e-05
3.9567024e-05
3.8913754e-05
3.8267536e-05
3.762834e-05
3.6996109e-05
3.6370769e-05
3.5752227e-05
3.514038e-05
3.4535105e-05
3.3936283e-05
3.3343781e-05
3.2757471e-05
3.217723e-05
3.1602937e-05
5.1404062e-05
5.0638909e-05
4.9878568e-05
4.9123368e-05
4.8373588e-05
4.762945e-05
4.6891135e-05
4.6158817e-05
4.5432678e-05
4.4712901e-05
4.3999638e-05
4.3292998e-05
4.2593053e-05
4.1899864e-05
4.1213489e-05
4.0533987e-05
3.9861404e-05
3.9195764e-05
3.8537064e-05
3.7885278e-05
3.7240361e-05
3.6602246e-05
3.5970857e-05
3.53461e-05
3.4727879e-05
3.4116087e-05
3.351062e-05
3.2911374e-05
3.231825e-05
5.2643796e-05
5.1865361e-05
5.1091126e-05
5.0321448e-05
4.9556639e-05
4.8796956e-05
4.8042616e-05
4.7293826e-05
4.6550796e-05
4.5813736e-05
4.5082825e-05
4.4358203e-05
4.3639976e-05
4.2928234e-05
4.222307e-05
4.1524572e-05
4.0832818e-05
4.0147861e-05
3.9469731e-05
3.8798429e-05
3.813394e-05
3.7476225e-05
3.6825235e-05
3.6180906e-05
3.5543165e-05
3.4911934e-05
3.4287132e-05
3.3668679e-05
3.3056495e-05
5.3900326e-05
5.3109222e-05
5.2321686e-05
5.1538102e-05
5.0758812e-05
4.9984107e-05
4.9214237e-05
4.8449441e-05
4.7689958e-05
4.6936022e-05
4.6187842e-05
4.5445587e-05
4.4709394e-05
4.3979387e-05
4.3255687e-05
4.2538414e-05
4.1827677e-05
4.112356e-05
4.042612e-05
3.9735391e-05
3.9051384e-05
3.8374092e-05
3.7703492e-05
3.7039548e-05
3.6382216e-05
3.5731443e-05
3.5087174e-05
3.4449352e-05
3.3817922e-05
5.5172711e-05
5.4369571e-05
5.3569348e-05
5.2772454e-05
5.1979258e-05
5.1190082e-05
5.0405208e-05
4.9624906e-05
4.8849443e-05
4.8079078e-05
4.7314046e-05
4.6554546e-05
4.5800747e-05
4.5052802e-05
4.4310865e-05
4.3575084e-05
4.2845598e-05
4.2122521e-05
4.1405941e-05
4.069592e-05
3.9992499e-05
3.9295698e-05
3.8605526e-05
3.7921974e-05
3.7245025e-05
3.6574654e-05
3.5910833e-05
3.5253528e-05
3.4602709e-05
5.645998e-05
5.5645452e-05
5.4833178e-05
5.402359e-05
5.3217087e-05
5.2414018e-05
5.1614698e-05
5.0819422e-05
5.0028484e-05
4.924217e-05
4.846074e-05
4.7684422e-05
4.6913415e-05
4.6147903e-05
4.5388068e-05
4.4634088e-05
4.3886131e-05
4.314434e-05
4.2408833e-05
4.1679701e-05
4.0957014e-05
4.0240824e-05
3.9531164e-05
3.8828056e-05
3.8131513e-05
3.7441536e-05
3.6758123e-05
3.6081265e-05
3.5410958e-05
5.7761136e-05
5.6935882e-05
5.6112206e-05
5.5290564e-05
5.4471375e-05
5.3655017e-05
5.2841832e-05
5.2032143e-05
5.1226269e-05
5.0424519e-05
4.962718e-05
4.8834507e-05
4.8046728e-05
4.7264056e-05
4.6486702e-05
4.5714874e-05
4.4948765e-05
4.4188549e-05
4.3434373e-05
4.2686356e-05
4.1944598e-05
4.1209179e-05
4.0480163e-05
3.97576e-05
3.904153e-05
3.8331983e-05
3.7628984e-05
3.693255e-05
3.6242699e-05
5.9075155e-05
5.823985e-05
5.7405439e-05
5.6572396e-05
5.5741164e-05
5.4912142e-05
5.4085701e-05
5.3262187e-05
5.2441944e-05
5.1625303e-05
5.0812576e-05
5.0004045e-05
4.9199965e-05
4.8400579e-05
4.7606124e-05
4.6816836e-05
4.6032935e-05
4.5254624e-05
4.4482077e-05
4.3715444e-05
4.2954853e-05
4.2200411e-05
4.1452214e-05
4.071034e-05
3.9974856e-05
3.9245822e-05
3.8523288e-05
3.7807298e-05
3.7097896e-05
6.0400991e-05
5.955632e-05
5.8711854e-05
5.7868082e-05
5.7025466e-05
5.6184429e-05
5.5345362e-05
5.4508637e-05
5.3674618e-05
5.284366e-05
5.2016097e-05
5.1192237e-05
5.0372362e-05
4.9556741e-05
4.8745639e-05
4.7939317e-05
4.7138023e-05
4.6341986e-05
4.5551409e-05
4.4766469e-05
4.3987323e-05
4.3214109e-05
4.2446949e-05
4.1685951e-05
4.0931211e-05
4.0182816e-05
3.9440843e-05
3.8705362e-05
3.7976441e-05
6.1737583e-05
6.0884239e-05
6.0030408e-05
5.9176594e-05
5.8323272e-05
5.7470884e-05
5.6619843e-05
5.5770543e-05
5.4923369e-05
5.4078694e-05
5.3236876e-05
5.2398245e-05
5.1563112e-05
5.0731769e-05
4.9904508e-05
4.9081614e-05
4.8263362e-05
4.7450006e-05
4.6641777e-05
4.5838879e-05
4.5041499e-05
4.4249802e-05
4.346394e-05
4.2684049e-05
4.1910252e-05
4.1142665e-05
4.0381391e-05
3.9626527e-05
3.8878167e-05
6.308385e-05
6.2222535e-05
6.1360041e-05
6.0496882e-05
5.9633544e-05
5.8770489e-05
5.7908146e-05
5.704693e-05
5.6187242e-05
5.5329476e-05
5.447401e-05
5.3621198e-05
5.2771372e-05
5.1924852e-05
5.1081952e-05
5.0242982e-05
4.9408241e-05
4.857801e-05
4.7752544e-05
4.6932076e-05
4.611682e-05
4.530697e-05
4.4502706e-05
4.3704192e-05
4.291158e-05
4.2125011e-05
4.1344618e-05
4.0570521e-05
3.980284e-05
6.44387e-05
6.3570122e-05
6.2699675e-05
6.1827879e-05
6.0955232e-05
6.0082206e-05
5.9209251e-05
5.8336795e-05
5.7465257e-05
5.659505e-05
5.5726568e-05
5.4860188e-05
5.3996264e-05
5.313514e-05
5.2277153e-05
5.1422635e-05
5.0571909e-05
4.9725279e-05
4.8883027e-05
4.8045414e-05
4.7212678e-05
4.6385043e-05
4.5562715e-05
4.4745888e-05
4.3934741e-05
4.3129443e-05
4.2330152e-05
4.1537014e-05
4.0750174e-05
6.5801029e-05
6.4925902e-05
6.404822e-05
6.3168504e-05
6.2287263e-05
6.140498e-05
6.0522116e-05
5.9639114e-05
5.8756411e-05
5.7874432e-05
5.6993591e-05
5.6114281e-05
5.5236881e-05
5.4361755e-05
5.348926e-05
5.2619752e-05
5.1753575e-05
5.0891057e-05
5.0032505e-05
4.9178203e-05
4.832842e-05
4.7483403e-05
4.6643389e-05
4.5808597e-05
4.4979235e-05
4.4155497e-05
4.3337568e-05
4.2525621e-05
4.1719825e-05
6.7169727e-05
6.6288768e-05
6.5404573e-05
6.4517665e-05
6.3628556e-05
6.2737738e-05
6.1845683e-05
6.0952848e-05
6.005968e-05
5.916662e-05
5.8274095e-05
5.7382519e-05
5.6492287e-05
5.5603785e-05
5.4717391e-05
5.3833479e-05
5.2952416e-05
5.2074551e-05
5.1200215e-05
5.0329718e-05
4.9463352e-05
4.8601394e-05
4.7744105e-05
4.6891733e-05
4.6044512e-05
4.5202663e-05
4.4366396e-05
4.3535909e-05
4.2711396e-05
6.8543677e-05
6.7657608e-05
6.6767629e-05
6.587426e-05
6.4978016e-05
6.4079397e-05
6.3178882e-05
6.2276938e-05
6.1374023e-05
6.0470588e-05
5.9567076e-05
5.8663916e-05
5.7761521e-05
5.6860294e-05
5.5960633e-05
5.5062932e-05
5.4167576e-05
5.3274935e-05
5.2385363e-05
5.1499194e-05
5.0616744e-05
4.9738317e-05
4.8864201e-05
4.7994668e-05
4.712998e-05
4.6270383e-05
4.5416114e-05
4.4567395e-05
4.3724446e-05
6.992176e-05
6.9031305e-05
6.8136271e-05
6.7237179e-05
6.6334543e-05
6.5428865e-05
6.4520631e-05
6.3610315e-05
6.2698383e-05
6.1785298e-05
6.0871513e-05
5.9957471e-05
5.9043601e-05
5.8130323e-05
5.7218053e-05
5.63072e-05
5.539817e-05
5.4491352e-05
5.3587121e-05
5.2685833e-05
5.1787831e-05
5.089344e-05
5.0002975e-05
4.9116735e-05
4.8235006e-05
4.7358062e-05
4.6486162e-05
4.5619554e-05
4.4758483e-05
)
;

boundaryField
{
    inlet
    {
        type            fixedValue;
        value           nonuniform List<scalar> 0();
    }
    top
    {
        type            zeroGradient;
    }
    outlet
    {
        type            zeroGradient;
    }
    slipsurface
    {
        type            slip;
    }
    bottom
    {
        type            kqRWallFunction;
        value           nonuniform List<scalar> 0();
    }
    frontandback
    {
        type            empty;
    }
    procBoundary14to5
    {
        type            processor;
        value           nonuniform List<scalar> 
29
(
7.1302871e-05
7.040875e-05
6.9509394e-05
6.8605319e-05
6.7697037e-05
6.678505e-05
6.5869846e-05
6.4951906e-05
6.4031702e-05
6.3109704e-05
6.2186376e-05
6.1262171e-05
6.0337534e-05
5.94129e-05
5.8488699e-05
5.7565358e-05
5.6643299e-05
5.5722929e-05
5.4804643e-05
5.388882e-05
5.2975823e-05
5.2066005e-05
5.1159703e-05
5.0257241e-05
4.9358931e-05
4.8465071e-05
4.7575947e-05
4.669183e-05
4.5812987e-05
)
;
    }
    procBoundary14to9
    {
        type            processor;
        value           uniform 2.220446e-16;
    }
    procBoundary14to10
    {
        type            processor;
        value           uniform 2.220446e-16;
    }
    procBoundary14to12
    {
        type            processor;
        value           nonuniform List<scalar> 
31
(
2.220446e-16
2.220446e-16
2.220446e-16
2.220446e-16
7.969682e-16
2.6230158e-06
6.6382171e-06
1.0741201e-05
1.4185895e-05
1.6811109e-05
1.8759323e-05
2.0238318e-05
2.1417418e-05
2.241005e-05
2.3287223e-05
2.4093341e-05
2.4856862e-05
2.559655e-05
2.6325143e-05
2.7051545e-05
2.7782172e-05
2.8521778e-05
2.9273969e-05
3.0041531e-05
3.0826646e-05
3.1631033e-05
3.2456047e-05
3.3302747e-05
3.4171949e-05
3.5064259e-05
3.5980107e-05
)
;
    }
    procBoundary14to13
    {
        type            processor;
        value           nonuniform List<scalar> 
32
(
3.6376968e-05
3.5844206e-05
3.5844206e-05
3.6771287e-05
3.7722546e-05
3.8698015e-05
3.9697611e-05
4.0721148e-05
4.1768346e-05
4.2838837e-05
4.3932173e-05
4.5047835e-05
4.6185233e-05
4.734372e-05
4.8522589e-05
4.9721083e-05
5.0938398e-05
5.2173686e-05
5.3426059e-05
5.4694596e-05
5.5978341e-05
5.7276311e-05
5.8587496e-05
5.9910865e-05
6.1245365e-05
6.2589926e-05
6.3943463e-05
6.5304881e-05
6.6673073e-05
6.8046925e-05
6.9425321e-05
7.080714e-05
)
;
    }
    procBoundary14to15
    {
        type            processor;
        value           nonuniform List<scalar> 
55
(
2.220446e-16
2.220446e-16
2.220446e-16
2.220446e-16
2.220446e-16
2.220446e-16
2.220446e-16
2.220446e-16
2.220446e-16
2.220446e-16
2.220446e-16
2.220446e-16
2.220446e-16
2.220446e-16
2.220446e-16
1.3087232e-06
5.5170995e-06
1.0611643e-05
1.4886131e-05
1.7879823e-05
1.9810495e-05
2.1032163e-05
2.1837924e-05
2.2425688e-05
2.2913315e-05
2.3364107e-05
2.3808906e-05
2.4261413e-05
2.4727256e-05
2.5208674e-05
2.5706665e-05
2.6221857e-05
2.6754819e-05
2.7306147e-05
2.7876465e-05
2.8466413e-05
2.9076616e-05
2.9707669e-05
3.0360121e-05
3.1034466e-05
3.1731133e-05
3.2450483e-05
3.3192804e-05
3.3958315e-05
3.4747161e-05
3.5559417e-05
3.6395088e-05
3.7254113e-05
3.8136364e-05
3.9041654e-05
3.9969736e-05
4.0920306e-05
4.189301e-05
4.288744e-05
4.3903146e-05
)
;
    }
}


// ************************************************************************* //
