/*--------------------------------*- C++ -*----------------------------------*\
  =========                 |
  \\      /  F ield         | OpenFOAM: The Open Source CFD Toolbox
   \\    /   O peration     | Website:  https://openfoam.org
    \\  /    A nd           | Version:  12
     \\/     M anipulation  |
\*---------------------------------------------------------------------------*/
FoamFile
{
    format      ascii;
    class       volScalarField;
    location    "1400";
    object      nut;
}
// * * * * * * * * * * * * * * * * * * * * * * * * * * * * * * * * * * * * * //

dimensions      [0 2 -1 0 0 0 0];

internalField   nonuniform List<scalar> 
1758
(
6.4435032e-31
6.6759251e-31
6.9138752e-31
7.1572503e-31
7.4059382e-31
7.6598176e-31
7.9187582e-31
8.1826207e-31
8.4512568e-31
8.7245093e-31
9.0022128e-31
9.284194e-31
9.5702726e-31
9.8602613e-31
1.0153967e-30
1.0451189e-30
1.0751723e-30
1.1055357e-30
1.1361876e-30
1.1671057e-30
1.1982676e-30
1.2296502e-30
1.2612304e-30
1.2929846e-30
1.3248891e-30
1.35692e-30
1.3890532e-30
1.4212647e-30
6.517294e-31
6.7497898e-31
6.988067e-31
7.2320282e-31
7.4815668e-31
7.7365678e-31
7.9969068e-31
8.2624506e-31
8.5330567e-31
8.8085737e-31
9.0888413e-31
9.3736913e-31
9.662948e-31
9.9564285e-31
1.0253943e-30
1.0555296e-30
1.0860284e-30
1.1168699e-30
1.1480326e-30
1.1794946e-30
1.2112334e-30
1.243226e-30
1.2754492e-30
1.3078791e-30
1.340492e-30
1.3732636e-30
1.4061696e-30
1.4391854e-30
6.6003202e-31
6.8326185e-31
7.0709672e-31
7.3152736e-31
7.5654366e-31
7.8213467e-31
8.0828854e-31
8.3499254e-31
8.6223302e-31
8.8999538e-31
9.1826417e-31
9.4702309e-31
9.7625505e-31
1.0059422e-30
1.0360661e-30
1.0666074e-30
1.0975463e-30
1.1288622e-30
1.1605339e-30
1.1925397e-30
1.2248571e-30
1.2574633e-30
1.2903349e-30
1.3234483e-30
1.3567792e-30
1.3903034e-30
1.4239962e-30
1.4578328e-30
1.491788e-30
6.6938473e-31
6.9256229e-31
7.1637362e-31
7.4080982e-31
7.6586123e-31
7.9151739e-31
8.1776699e-31
8.4459785e-31
8.7199689e-31
8.9995009e-31
9.2844254e-31
9.5745847e-31
9.8698132e-31
1.0169937e-30
1.0474777e-30
1.0784143e-30
1.1097842e-30
1.141567e-30
1.1737421e-30
1.2062877e-30
1.2391817e-30
1.2724014e-30
1.3059236e-30
1.3397243e-30
1.3737795e-30
1.4080646e-30
1.4425547e-30
1.4772248e-30
1.5120494e-30
1.5470029e-30
1.5820598e-30
1.6171943e-30
1.6523808e-30
1.6875932e-30
6.7993551e-31
7.0302202e-31
7.2677321e-31
7.5118043e-31
7.7623432e-31
8.0192481e-31
8.2824103e-31
8.5517132e-31
8.827031e-31
9.108229e-31
9.3951635e-31
9.687682e-31
9.9856239e-31
1.0288821e-30
1.0597098e-30
1.091027e-30
1.1228149e-30
1.1550535e-30
1.1877223e-30
1.2208001e-30
1.254265e-30
1.2880945e-30
1.3222653e-30
1.3567537e-30
1.3915356e-30
1.4265863e-30
1.4618808e-30
1.4973937e-30
1.5330994e-30
1.5689719e-30
1.6049851e-30
1.6411128e-30
1.6773286e-30
1.713606e-30
1.7499185e-30
1.7862397e-30
1.8225435e-30
1.8588037e-30
1.8949944e-30
1.9310901e-30
1.9670655e-30
2.0028957e-30
2.0385564e-30
2.0740236e-30
2.1092742e-30
2.1442854e-30
2.1790353e-30
2.213503e-30
2.2476685e-30
2.2815129e-30
2.3150194e-30
2.3481713e-30
2.3809596e-30
2.4133484e-30
2.4455196e-30
2.4757988e-30
2.5229745e-30
6.9185718e-31
7.1480641e-31
7.3845394e-31
7.6279111e-31
7.878087e-31
8.1349687e-31
8.3984508e-31
8.6684205e-31
8.9447568e-31
9.2273297e-31
9.5160003e-31
9.8106211e-31
1.0111037e-30
1.0417084e-30
1.0728592e-30
1.1045382e-30
1.1367269e-30
1.1694058e-30
1.2025549e-30
1.2361533e-30
1.2701795e-30
1.3046109e-30
1.3394248e-30
1.3745975e-30
1.4101048e-30
1.4459221e-30
1.4820243e-30
1.5183858e-30
1.5549807e-30
1.591783e-30
1.6287659e-30
1.6659028e-30
1.7031668e-30
1.7405307e-30
1.7779674e-30
1.8154495e-30
1.8529502e-30
1.8904423e-30
1.9278989e-30
1.9652933e-30
2.0025991e-30
2.0397902e-30
2.076841e-30
2.1137261e-30
2.1504209e-30
2.1869012e-30
2.2231437e-30
2.2591258e-30
2.2948258e-30
2.3302234e-30
2.3652996e-30
2.4000371e-30
2.434423e-30
2.4684237e-30
2.5022186e-30
2.5340442e-30
2.5837414e-30
7.0535174e-31
7.2810848e-31
7.5160048e-31
7.7581878e-31
8.0075404e-31
8.2639642e-31
8.5273556e-31
8.7976041e-31
9.0745919e-31
9.358193e-31
9.6482725e-31
9.9446877e-31
1.0247288e-30
1.0555914e-30
1.08704e-30
1.1190574e-30
1.1516252e-30
1.1847248e-30
1.2183364e-30
1.2524395e-30
1.2870129e-30
1.3220346e-30
1.3574819e-30
1.3933313e-30
1.4295588e-30
1.4661398e-30
1.5030492e-30
1.5402613e-30
1.57775e-30
1.6154892e-30
1.6534516e-30
1.6916103e-30
1.7299378e-30
1.7684065e-30
1.8069886e-30
1.845656e-30
1.8843808e-30
1.9231352e-30
1.9618913e-30
2.0006212e-30
2.0392974e-30
2.0778926e-30
2.1163798e-30
2.1547325e-30
2.1929244e-30
2.2309301e-30
2.2687245e-30
2.3062835e-30
2.3435836e-30
2.3806031e-30
2.4173208e-30
2.4537187e-30
2.4897798e-30
2.5254728e-30
2.5609753e-30
2.5944266e-30
2.6467845e-30
7.2065577e-31
7.4315387e-31
7.6642837e-31
7.9046965e-31
8.1526786e-31
8.408129e-31
8.6709429e-31
8.9410104e-31
9.2182153e-31
9.5024339e-31
9.7935344e-31
1.0091378e-30
1.0395816e-30
1.0706696e-30
1.1023857e-30
1.1347128e-30
1.1676334e-30
1.201129e-30
1.2351806e-30
1.2697679e-30
1.3048703e-30
1.340466e-30
1.3765326e-30
1.4130469e-30
1.4499851e-30
1.4873227e-30
1.5250346e-30
1.5630953e-30
1.6014784e-30
1.6401576e-30
1.6791055e-30
1.7182949e-30
1.7576978e-30
1.797286e-30
1.8370314e-30
1.8769049e-30
1.9168781e-30
1.9569223e-30
1.9970084e-30
2.0371079e-30
2.0771919e-30
2.1172321e-30
2.1572001e-30
2.197068e-30
2.2368083e-30
2.2763939e-30
2.3157982e-30
2.3549957e-30
2.3939609e-30
2.4326707e-30
2.4711015e-30
2.5092346e-30
2.5470489e-30
2.5845154e-30
2.6218103e-30
2.6569677e-30
2.7121282e-30
7.3804739e-31
7.6020716e-31
7.8318983e-31
8.0698451e-31
8.3158043e-31
8.569668e-31
8.831327e-31
9.1006689e-31
9.3775766e-31
9.6619268e-31
9.9535891e-31
1.0252426e-30
1.0558294e-30
1.0871041e-30
1.1190511e-30
1.1516538e-30
1.184895e-30
1.2187569e-30
1.2532207e-30
1.2882667e-30
1.3238746e-30
1.3600232e-30
1.3966903e-30
1.4338531e-30
1.471488e-30
1.5095706e-30
1.5480761e-30
1.5869788e-30
1.6262526e-30
1.6658709e-30
1.7058062e-30
1.746031e-30
1.7865171e-30
1.8272359e-30
1.8681586e-30
1.9092557e-30
1.950498e-30
1.991856e-30
2.0332998e-30
2.0747998e-30
2.1163262e-30
2.1578495e-30
2.1993401e-30
2.2407689e-30
2.2821067e-30
2.3233251e-30
2.364396e-30
2.4052921e-30
2.4459863e-30
2.486454e-30
2.526669e-30
2.566612e-30
2.6062579e-30
2.6455794e-30
2.6847525e-30
2.7216971e-30
2.7798048e-30
7.5785478e-31
7.7957976e-31
8.0218093e-31
8.2564544e-31
8.4996093e-31
8.7511542e-31
9.0109707e-31
9.27894e-31
9.5549408e-31
9.8388474e-31
1.0130528e-30
1.0429846e-30
1.0736658e-30
1.1050814e-30
1.1372161e-30
1.1700536e-30
1.2035772e-30
1.2377693e-30
1.2726117e-30
1.3080852e-30
1.3441698e-30
1.3808448e-30
1.4180883e-30
1.455878e-30
1.4941904e-30
1.5330015e-30
1.5722866e-30
1.6120203e-30
1.6521763e-30
1.6927281e-30
1.7336483e-30
1.7749091e-30
1.816482e-30
1.858338e-30
1.9004481e-30
1.9427822e-30
1.9853105e-30
2.0280026e-30
2.0708281e-30
2.1137564e-30
2.1567566e-30
2.1997982e-30
2.2428505e-30
2.2858829e-30
2.328865e-30
2.371767e-30
2.4145591e-30
2.4572126e-30
2.4996984e-30
2.5419904e-30
2.5840601e-30
2.6258873e-30
2.6674428e-30
2.7087009e-30
2.7498385e-30
2.7886522e-30
2.8498538e-30
7.8046715e-31
8.0163983e-31
8.2375074e-31
8.4678408e-31
8.7072512e-31
8.955599e-31
9.2127508e-31
9.4785762e-31
9.7529451e-31
1.0035725e-30
1.0326781e-30
1.0625972e-30
1.0933154e-30
1.1248177e-30
1.1570889e-30
1.1901129e-30
1.2238732e-30
1.2583527e-30
1.2935334e-30
1.3293967e-30
1.3659229e-30
1.4030917e-30
1.4408817e-30
1.4792708e-30
1.5182361e-30
1.5577538e-30
1.5977993e-30
1.6383474e-30
1.6793721e-30
1.720847e-30
1.7627445e-30
1.8050368e-30
1.8476953e-30
1.8906909e-30
1.9339939e-30
1.9775741e-30
2.0214009e-30
2.0654436e-30
2.1096708e-30
2.1540512e-30
2.1985531e-30
2.2431448e-30
2.2877945e-30
2.3324704e-30
2.3771409e-30
2.4217747e-30
2.4663404e-30
2.5108077e-30
2.555146e-30
2.5993273e-30
2.643321e-30
2.6871058e-30
2.7306485e-30
2.7739247e-30
2.8171136e-30
2.8578784e-30
2.9223221e-30
8.0634852e-31
8.2682482e-31
8.483127e-31
8.7079214e-31
8.9424485e-31
9.1865401e-31
9.4400392e-31
9.7027967e-31
9.9746676e-31
1.0255508e-30
1.0545173e-30
1.0843517e-30
1.1150389e-30
1.1465638e-30
1.1789108e-30
1.212064e-30
1.2460071e-30
1.280723e-30
1.3161941e-30
1.352402e-30
1.3893276e-30
1.4269507e-30
1.4652506e-30
1.5042054e-30
1.5437926e-30
1.5839886e-30
1.6247693e-30
1.6661097e-30
1.7079838e-30
1.7503656e-30
1.7932274e-30
1.8365416e-30
1.8802793e-30
1.9244114e-30
1.968908e-30
2.0137385e-30
2.0588719e-30
2.1042768e-30
2.1499215e-30
2.1957736e-30
2.2418008e-30
2.2879705e-30
2.3342497e-30
2.3806056e-30
2.4270052e-30
2.4734159e-30
2.5198048e-30
2.5661402e-30
2.6123895e-30
2.6585233e-30
2.7045086e-30
2.7503231e-30
2.7959297e-30
2.841305e-30
2.8866314e-30
2.9294294e-30
2.9972646e-30
8.3605518e-31
8.5565733e-31
8.7635908e-31
8.9813444e-31
9.2096014e-31
9.4481517e-31
9.696804e-31
9.9553808e-31
1.0223714e-30
1.0501642e-30
1.0789004e-30
1.1085641e-30
1.1391396e-30
1.1706108e-30
1.2029619e-30
1.2361766e-30
1.2702383e-30
1.3051302e-30
1.3408347e-30
1.3773336e-30
1.414608e-30
1.4526382e-30
1.4914037e-30
1.530883e-30
1.5710539e-30
1.6118933e-30
1.6533773e-30
1.695481e-30
1.7381791e-30
1.7814453e-30
1.8252525e-30
1.8695728e-30
1.9143777e-30
1.9596377e-30
2.0053229e-30
2.0514024e-30
2.097845e-30
2.1446189e-30
2.1916916e-30
2.2390304e-30
2.2866021e-30
2.3343731e-30
2.3823097e-30
2.4303779e-30
2.4785436e-30
2.5267728e-30
2.5750313e-30
2.6232858e-30
2.671502e-30
2.719649e-30
2.7676915e-30
2.815606e-30
2.8633517e-30
2.9109058e-30
2.9584556e-30
3.0033681e-30
3.0747448e-30
8.7025829e-31
8.8876538e-31
9.0847926e-31
9.2936565e-31
9.5139427e-31
9.7453827e-31
9.987736e-31
1.0240784e-30
1.0504326e-30
1.077817e-30
1.1062134e-30
1.1356039e-30
1.1659713e-30
1.1972983e-30
1.229568e-30
1.2627636e-30
1.2968681e-30
1.3318643e-30
1.3677346e-30
1.4044607e-30
1.4420239e-30
1.4804046e-30
1.5195827e-30
1.5595369e-30
1.6002453e-30
1.6416851e-30
1.6838327e-30
1.7266637e-30
1.7701528e-30
1.8142741e-30
1.8590007e-30
1.9043049e-30
1.9501582e-30
1.9965312e-30
2.0433939e-30
2.0907152e-30
2.1384639e-30
2.1866075e-30
2.2351135e-30
2.2839483e-30
2.3330783e-30
2.3824691e-30
2.4320862e-30
2.4818945e-30
2.5318588e-30
2.581944e-30
2.6321145e-30
2.6823355e-30
2.7325712e-30
2.782789e-30
2.8329515e-30
2.883034e-30
2.932992e-30
2.982803e-30
3.0326607e-30
3.0797681e-30
3.1548357e-30
9.0977273e-31
9.2690839e-31
9.4538316e-31
9.6515134e-31
9.8617301e-31
1.0084132e-30
1.0318409e-30
1.0564285e-30
1.0821512e-30
1.1089856e-30
1.1369102e-30
1.1659042e-30
1.1959479e-30
1.2270223e-30
1.2591089e-30
1.2921897e-30
1.3262467e-30
1.3612622e-30
1.3972179e-30
1.4340955e-30
1.471876e-30
1.51054e-30
1.5500673e-30
1.5904369e-30
1.6316271e-30
1.6736154e-30
1.7163784e-30
1.759892e-30
1.8041311e-30
1.8490702e-30
1.8946826e-30
1.9409409e-30
1.9878165e-30
2.0352804e-30
2.0833024e-30
2.1318517e-30
2.1808964e-30
2.2304044e-30
2.2803424e-30
2.3306767e-30
2.3813729e-30
2.4323963e-30
2.4837113e-30
2.5352821e-30
2.5870726e-30
2.6390464e-30
2.6911667e-30
2.7433974e-30
2.7957011e-30
2.8480437e-30
2.9003856e-30
2.952701e-30
3.0049419e-30
3.0570856e-30
3.1093338e-30
3.158715e-30
3.2376214e-30
9.5559477e-31
9.7101078e-31
9.8793138e-31
1.0062952e-30
1.0260491e-30
1.0471468e-30
1.0695479e-30
1.0932168e-30
1.1181218e-30
1.1442338e-30
1.1715264e-30
1.1999748e-30
1.2295558e-30
1.2602475e-30
1.2920291e-30
1.3248805e-30
1.3587824e-30
1.3937157e-30
1.4296615e-30
1.4666005e-30
1.5045136e-30
1.5433808e-30
1.5831819e-30
1.623896e-30
1.6655014e-30
1.7079756e-30
1.7512956e-30
1.7954373e-30
1.8403761e-30
1.8860867e-30
1.9325425e-30
1.9797163e-30
2.0275801e-30
2.0761047e-30
2.1252601e-30
2.1750155e-30
2.2253391e-30
2.2761985e-30
2.3275604e-30
2.3793906e-30
2.4316544e-30
2.4843164e-30
2.5373406e-30
2.5906904e-30
2.6443287e-30
2.6982182e-30
2.7523209e-30
2.8065994e-30
2.8610148e-30
2.9155318e-30
2.9701084e-30
3.0247179e-30
3.0793088e-30
3.1338579e-30
3.1885769e-30
3.2403082e-30
3.3231992e-30
1.0089513e-30
1.0222057e-30
1.0371742e-30
1.0537739e-30
1.0719336e-30
1.0915916e-30
1.1126945e-30
1.1351957e-30
1.159054e-30
1.1842325e-30
1.2106978e-30
1.2384193e-30
1.267369e-30
1.2975208e-30
1.3288504e-30
1.361335e-30
1.3949529e-30
1.429683e-30
1.4655048e-30
1.502398e-30
1.5403425e-30
1.5793177e-30
1.6193029e-30
1.6602769e-30
1.7022178e-30
1.7451032e-30
1.7889099e-30
1.8336142e-30
1.8791915e-30
1.9256166e-30
1.9728633e-30
2.0209047e-30
2.0697128e-30
2.1192587e-30
2.1695127e-30
2.2204439e-30
2.2720207e-30
2.3242105e-30
2.3769799e-30
2.4302947e-30
2.4841198e-30
2.5384194e-30
2.5931569e-30
2.6482952e-30
2.7037963e-30
2.7596221e-30
2.8157336e-30
2.8720922e-30
2.9286576e-30
2.9853931e-30
3.0422549e-30
3.099215e-30
3.1562189e-30
3.2132423e-30
3.2705087e-30
3.3246636e-30
3.4116811e-30
1.0713644e-30
1.0818924e-30
1.0944025e-30
1.1087827e-30
1.1249368e-30
1.1427822e-30
1.1622477e-30
1.1832715e-30
1.2057995e-30
1.2297839e-30
1.2551818e-30
1.2819547e-30
1.3100675e-30
1.3394885e-30
1.3701884e-30
1.4021402e-30
1.4353188e-30
1.4697003e-30
1.5052617e-30
1.5419809e-30
1.5798362e-30
1.6188058e-30
1.658868e-30
1.7000011e-30
1.7421825e-30
1.7853896e-30
1.8295991e-30
1.8747871e-30
1.920929e-30
1.9679997e-30
2.0159732e-30
2.0648228e-30
2.1145206e-30
2.165038e-30
2.2163455e-30
2.2684123e-30
2.3212068e-30
2.3746967e-30
2.4288485e-30
2.4836277e-30
2.5389992e-30
2.5949269e-30
2.6513738e-30
2.7083022e-30
2.7656736e-30
2.823449e-30
2.8815886e-30
2.9400527e-30
2.9987998e-30
3.0577919e-30
3.1169835e-30
3.1763452e-30
3.2358199e-30
3.2953818e-30
3.3552682e-30
3.4119162e-30
3.5031973e-30
1.1447379e-30
1.1518119e-30
1.1612149e-30
1.1727945e-30
1.1864208e-30
1.2019824e-30
1.2193837e-30
1.2385423e-30
1.2593865e-30
1.2818534e-30
1.3058871e-30
1.3314381e-30
1.3584619e-30
1.3869186e-30
1.4167721e-30
1.4479897e-30
1.4805412e-30
1.5143985e-30
1.5495353e-30
1.5859266e-30
1.623548e-30
1.6623761e-30
1.7023875e-30
1.7435592e-30
1.7858679e-30
1.82929e-30
1.8738017e-30
1.9193789e-30
1.9659966e-30
2.0136298e-30
2.0622524e-30
2.1118378e-30
2.1623582e-30
2.2137853e-30
2.2660895e-30
2.3192403e-30
2.3732064e-30
2.4279554e-30
2.4834538e-30
2.5396674e-30
2.5965606e-30
2.6540974e-30
2.7122405e-30
2.7709518e-30
2.8301922e-30
2.8899222e-30
2.950101e-30
3.0106883e-30
3.0716413e-30
3.1329209e-30
3.19448e-30
3.256288e-30
3.3182851e-30
3.3804438e-30
3.4430175e-30
3.5022233e-30
3.5978987e-30
1.2314723e-30
1.2341481e-30
1.2396061e-30
1.2476388e-30
1.2580694e-30
1.2707474e-30
1.2855439e-30
1.3023483e-30
1.3210647e-30
1.3416096e-30
1.3639095e-30
1.3878998e-30
1.4135231e-30
1.4407283e-30
1.4694699e-30
1.499707e-30
1.5314027e-30
1.564523e-30
1.5990365e-30
1.6349139e-30
1.6721275e-30
1.7106508e-30
1.7504581e-30
1.7915243e-30
1.8338246e-30
1.877334e-30
1.9220279e-30
1.9678811e-30
2.0148684e-30
2.0629642e-30
2.1121422e-30
2.1623757e-30
2.213637e-30
2.2658977e-30
2.3191284e-30
2.3732988e-30
2.4283775e-30
2.4843324e-30
2.5411302e-30
2.5987364e-30
2.6571157e-30
2.7162319e-30
2.7760475e-30
2.8365241e-30
2.8976224e-30
2.9593023e-30
3.0215224e-30
3.0842415e-30
3.147416e-30
3.2110056e-30
3.2749619e-30
3.3392531e-30
3.4038173e-30
3.4686244e-30
3.533946e-30
3.5957685e-30
3.6959608e-30
1.334621e-30
1.3316631e-30
1.332086e-30
1.3356051e-30
1.3419797e-30
1.3510051e-30
1.3625069e-30
1.3763357e-30
1.3923628e-30
1.4104764e-30
1.4305791e-30
1.4525857e-30
1.476421e-30
1.5020189e-30
1.5293209e-30
1.5582751e-30
1.5888348e-30
1.6209581e-30
1.6546064e-30
1.6897446e-30
1.7263399e-30
1.7643614e-30
1.80378e-30
1.8445676e-30
1.8866966e-30
1.9301404e-30
1.9748724e-30
2.0208664e-30
2.0680958e-30
2.1165343e-30
2.1661552e-30
2.2169311e-30
2.2688344e-30
2.3218363e-30
2.3759076e-30
2.4310178e-30
2.4871358e-30
2.5442294e-30
2.6022654e-30
2.6612096e-30
2.7210266e-30
2.78168e-30
2.8431325e-30
2.9053454e-30
2.9682792e-30
3.0318933e-30
3.096146e-30
3.1609953e-30
3.2263968e-30
3.2923096e-30
3.3586835e-30
3.4254861e-30
3.4926532e-30
3.5601523e-30
3.628275e-30
3.6927661e-30
3.7975882e-30
1.4581024e-30
1.4478817e-30
1.4418391e-30
1.4395834e-30
1.4407848e-30
1.4451641e-30
1.452484e-30
1.462542e-30
1.4751644e-30
1.4902009e-30
1.5075213e-30
1.5270121e-30
1.5485743e-30
1.5721212e-30
1.5975765e-30
1.6248733e-30
1.6539518e-30
1.6847586e-30
1.7172458e-30
1.7513697e-30
1.7870905e-30
1.8243714e-30
1.8631779e-30
1.9034777e-30
1.9452396e-30
1.9884337e-30
2.033031e-30
2.0790031e-30
2.1263218e-30
2.1749593e-30
2.2248877e-30
2.2760791e-30
2.328505e-30
2.3821365e-30
2.4369439e-30
2.4928967e-30
2.5499635e-30
2.6081123e-30
2.66731e-30
2.7275222e-30
2.7887137e-30
2.8508482e-30
2.9138881e-30
2.977795e-30
3.0425289e-30
3.1080492e-30
3.1743135e-30
3.2412797e-30
3.3089025e-30
3.3771402e-30
3.4459418e-30
3.5152735e-30
3.5850698e-30
3.6552948e-30
3.7262629e-30
3.7934661e-30
3.903019e-30
1.6069927e-30
1.587342e-30
1.5729421e-30
1.5632522e-30
1.5578185e-30
1.5562579e-30
1.5582465e-30
1.5635085e-30
1.5718081e-30
1.5829424e-30
1.596736e-30
1.6130374e-30
1.6317147e-30
1.6526532e-30
1.6757528e-30
1.7009256e-30
1.7280942e-30
1.7571897e-30
1.7881509e-30
1.8209229e-30
1.8554559e-30
1.8917046e-30
1.9296275e-30
1.9691858e-30
2.0103433e-30
2.0530656e-30
2.0973198e-30
2.1430744e-30
2.1902985e-30
2.2389622e-30
2.2890358e-30
2.3404898e-30
2.3932949e-30
2.4474211e-30
2.5028383e-30
2.5595154e-30
2.6174208e-30
2.6765223e-30
2.7367865e-30
2.7981793e-30
2.8606653e-30
2.9242082e-30
2.9887705e-30
3.0543136e-30
3.1207975e-30
3.1881814e-30
3.2564227e-30
3.3254789e-30
3.3953041e-30
3.4658561e-30
3.5370828e-30
3.6089497e-30
3.68139e-30
3.7543641e-30
3.8282113e-30
3.8981601e-30
4.012531e-30
1.7879314e-30
1.755943e-30
1.7306619e-30
1.7113366e-30
1.6973385e-30
1.6881401e-30
1.6832964e-30
1.6824301e-30
1.6852196e-30
1.6913894e-30
1.7007026e-30
1.7129551e-30
1.7279704e-30
1.7455957e-30
1.7656981e-30
1.7881617e-30
1.8128847e-30
1.8397774e-30
1.8687604e-30
1.8997631e-30
1.9327223e-30
1.9675812e-30
2.004288e-30
2.0427956e-30
2.0830601e-30
2.125041e-30
2.1686999e-30
2.2140006e-30
2.2609084e-30
2.3093901e-30
2.3594131e-30
2.410946e-30
2.4639573e-30
2.518416e-30
2.5742904e-30
2.6315488e-30
2.690159e-30
2.7500881e-30
2.8113025e-30
2.8737678e-30
2.9374485e-30
3.0023082e-30
3.0683094e-30
3.1354134e-30
3.2035801e-30
3.2727686e-30
3.3429361e-30
3.4140398e-30
3.4860336e-30
3.5588746e-30
3.63251e-30
3.7069045e-30
3.7819903e-30
3.8577239e-30
3.9344716e-30
4.0071883e-30
4.1264479e-30
2.0096905e-30
1.9614275e-30
1.9218686e-30
1.889962e-30
1.8648327e-30
1.8457492e-30
1.832097e-30
1.8233573e-30
1.8190893e-30
1.8189169e-30
1.8225181e-30
1.8296171e-30
1.8399761e-30
1.8533901e-30
1.8696818e-30
1.8886969e-30
1.9103004e-30
1.9343741e-30
1.9608141e-30
1.9895285e-30
2.0204356e-30
2.0534628e-30
2.0885446e-30
2.1256218e-30
2.1646405e-30
2.205551e-30
2.2483076e-30
2.2928675e-30
2.3391905e-30
2.3872384e-30
2.4369747e-30
2.4883645e-30
2.5413738e-30
2.595969e-30
2.6521169e-30
2.7097839e-30
2.7689368e-30
2.8295417e-30
2.8915644e-30
2.9549699e-30
3.0197224e-30
3.0857851e-30
3.1531203e-30
3.2216893e-30
3.2914518e-30
3.3623668e-30
3.4343914e-30
3.5074824e-30
3.5815935e-30
3.6566815e-30
3.732693e-30
3.8095917e-30
3.8873095e-30
3.9657982e-30
4.0454539e-30
4.1209473e-30
4.2451471e-30
2.2839786e-30
2.2140616e-30
2.1556117e-30
2.1071471e-30
2.0674409e-30
2.0354725e-30
2.0103885e-30
1.9914709e-30
1.9781122e-30
1.9697962e-30
1.9660833e-30
1.9665981e-30
1.9710188e-30
1.9790689e-30
1.9905102e-30
2.0051358e-30
2.0227657e-30
2.0432429e-30
2.06643e-30
2.092206e-30
2.1204644e-30
2.1511107e-30
2.1840607e-30
2.219239e-30
2.2565774e-30
2.2960141e-30
2.337493e-30
2.380962e-30
2.4263732e-30
2.4736816e-30
2.5228449e-30
2.5738233e-30
2.6265785e-30
2.6810738e-30
2.7372729e-30
2.7951401e-30
2.8546398e-30
2.9157368e-30
2.9783956e-30
3.0425802e-30
3.108254e-30
3.1753796e-30
3.2439191e-30
3.3138331e-30
3.3850814e-30
3.4576225e-30
3.5314135e-30
3.606411e-30
3.6825683e-30
3.7598418e-30
3.838178e-30
3.9175396e-30
3.9978584e-30
4.0790811e-30
4.1616357e-30
4.2398989e-30
4.3690686e-30
2.6265895e-30
2.5275984e-30
2.4439341e-30
2.3734931e-30
2.3145433e-30
2.2656507e-30
2.2256221e-30
2.1934574e-30
2.1683144e-30
2.1494804e-30
2.1363516e-30
2.1284148e-30
2.1252317e-30
2.1264274e-30
2.1316797e-30
2.1407097e-30
2.1532758e-30
2.1691681e-30
2.1882034e-30
2.2102214e-30
2.2350815e-30
2.2626596e-30
2.292846e-30
2.325543e-30
2.3606633e-30
2.3981283e-30
2.4378674e-30
2.4798161e-30
2.5239156e-30
2.5701113e-30
2.6183529e-30
2.6685936e-30
2.7207893e-30
2.7748982e-30
2.8308798e-30
2.8886946e-30
2.9483043e-30
3.009671e-30
3.0727571e-30
3.1375252e-30
3.2039372e-30
3.2719547e-30
3.3415388e-30
3.4126497e-30
3.4852465e-30
3.5592875e-30
3.6347293e-30
3.7115282e-30
3.7896374e-30
3.8690129e-30
3.9496007e-30
4.0313629e-30
4.1142313e-30
4.1981473e-30
4.2835729e-30
4.3645813e-30
4.4987248e-30
3.0590505e-30
2.9206552e-30
2.8030275e-30
2.7031596e-30
2.6185877e-30
2.5472827e-30
2.4875638e-30
2.4380288e-30
2.3975021e-30
2.364994e-30
2.3396699e-30
2.3208239e-30
2.3078561e-30
2.3002544e-30
2.2975811e-30
2.2994578e-30
2.3055582e-30
2.3155998e-30
2.3293372e-30
2.3465563e-30
2.3670698e-30
2.3907137e-30
2.4173433e-30
2.4468309e-30
2.4790626e-30
2.5139374e-30
2.5513647e-30
2.5912632e-30
2.6335587e-30
2.678184e-30
2.7250772e-30
2.774182e-30
2.8254459e-30
2.8788199e-30
2.9342575e-30
2.991714e-30
3.0511465e-30
3.1125134e-30
3.1757741e-30
3.2408883e-30
3.307816e-30
3.376517e-30
3.4469509e-30
3.5190769e-30
3.5928531e-30
3.6682369e-30
3.7451846e-30
3.8236518e-30
3.9035914e-30
3.984959e-30
4.0677004e-30
4.1517767e-30
4.2371201e-30
4.3236659e-30
4.4119128e-30
4.4956205e-30
4.6347122e-30
2.5512281e-30
2.5255957e-30
2.5066443e-30
2.4937742e-30
2.4864698e-30
2.484288e-30
2.4868462e-30
2.4938135e-30
2.5049019e-30
2.519861e-30
2.5384716e-30
2.5605418e-30
2.5859028e-30
2.6144049e-30
2.6459161e-30
2.6803191e-30
2.717509e-30
2.7573915e-30
2.7998812e-30
2.8449011e-30
2.8923811e-30
2.9422574e-30
2.9944711e-30
3.0489668e-30
3.1056925e-30
3.1645989e-30
3.2256388e-30
3.288767e-30
3.3539394e-30
3.4211127e-30
3.4902439e-30
3.5612903e-30
3.6342092e-30
3.7089573e-30
3.7854907e-30
3.8637645e-30
3.9437337e-30
4.0253506e-30
4.10857e-30
4.1933374e-30
4.2796131e-30
4.3673296e-30
4.4564155e-30
4.5474087e-30
4.6337457e-30
4.7777259e-30
2.7871032e-30
2.7534203e-30
2.7273595e-30
2.7082137e-30
2.6953773e-30
2.6883296e-30
2.6866211e-30
2.6898629e-30
2.6977171e-30
2.7098898e-30
2.7261243e-30
2.7461957e-30
2.7699055e-30
2.7970799e-30
2.8275648e-30
2.8612236e-30
2.8979341e-30
2.9375868e-30
2.9800834e-30
3.0253355e-30
3.0732633e-30
3.123794e-30
3.1768605e-30
3.2324002e-30
3.2903547e-30
3.3506691e-30
3.4132913e-30
3.4781718e-30
3.5452622e-30
3.6145156e-30
3.6858857e-30
3.759327e-30
3.8347935e-30
3.9122396e-30
3.9916185e-30
4.072884e-30
4.1559872e-30
4.2408822e-30
4.3275137e-30
4.4158408e-30
4.5057967e-30
4.5973025e-30
4.6909375e-30
4.7798051e-30
4.9285745e-30
3.1036509e-30
3.0507183e-30
3.0074867e-30
2.9729803e-30
2.9463663e-30
2.9269313e-30
2.9140616e-30
2.9072281e-30
2.9059731e-30
2.9098993e-30
2.9186613e-30
2.9319578e-30
2.9495236e-30
2.9711274e-30
2.9965656e-30
3.0256583e-30
3.0582454e-30
3.0941845e-30
3.1333483e-30
3.1756235e-30
3.2209085e-30
3.2691115e-30
3.3201488e-30
3.3739434e-30
3.4304243e-30
3.4895257e-30
3.551186e-30
3.6153475e-30
3.681955e-30
3.7509555e-30
3.8222977e-30
3.8959316e-30
3.9718077e-30
4.0498769e-30
4.1300902e-30
4.212399e-30
4.2967529e-30
4.3831043e-30
4.4713971e-30
4.5615887e-30
4.6536128e-30
4.7473821e-30
4.84352e-30
4.9347866e-30
5.0881999e-30
3.4900663e-30
3.4117942e-30
3.3460553e-30
3.2914939e-30
3.246957e-30
3.2114606e-30
3.1841618e-30
3.1643363e-30
3.1513601e-30
3.1446934e-30
3.1438686e-30
3.148479e-30
3.1581688e-30
3.1726272e-30
3.1915836e-30
3.214799e-30
3.2420619e-30
3.2731847e-30
3.3080013e-30
3.346364e-30
3.3881415e-30
3.4332161e-30
3.4814814e-30
3.5328407e-30
3.5872055e-30
3.6444948e-30
3.7046341e-30
3.767554e-30
3.8331896e-30
3.9014794e-30
3.9723647e-30
4.0457892e-30
4.1216978e-30
4.200037e-30
4.2807536e-30
4.3637959e-30
4.4491108e-30
4.5366485e-30
4.6263511e-30
4.7181738e-30
4.8120506e-30
4.9078848e-30
5.0063462e-30
5.0998408e-30
5.2576988e-30
3.9660454e-30
3.8541537e-30
3.7586901e-30
3.6777572e-30
3.6097481e-30
3.5532962e-30
3.5072361e-30
3.4705703e-30
3.4424425e-30
3.422115e-30
3.4089507e-30
3.4023979e-30
3.401976e-30
3.4072639e-30
3.4179007e-30
3.4335662e-30
3.4539784e-30
3.4788889e-30
3.508078e-30
3.5413518e-30
3.5785381e-30
3.6194841e-30
3.6640525e-30
3.7121194e-30
3.7635725e-30
3.8183101e-30
3.8762393e-30
3.9372751e-30
4.0013388e-30
4.068357e-30
4.1382606e-30
4.2109841e-30
4.2864649e-30
4.3646425e-30
4.445458e-30
4.5288547e-30
4.6147757e-30
4.7031676e-30
4.7939701e-30
4.887135e-30
4.9825963e-30
5.0802461e-30
5.1808037e-30
5.2763091e-30
5.4383494e-30
4.5580123e-30
4.401143e-30
4.2661076e-30
4.1502306e-30
4.0512561e-30
3.9672736e-30
3.8966607e-30
3.8380349e-30
3.7902134e-30
3.7521815e-30
3.7230663e-30
3.702114e-30
3.688671e-30
3.6821665e-30
3.6821129e-30
3.6880792e-30
3.6996872e-30
3.7166051e-30
3.7385407e-30
3.7652362e-30
3.7964647e-30
3.8320248e-30
3.8717372e-30
3.9154411e-30
3.9629918e-30
4.0142589e-30
4.0691249e-30
4.1274828e-30
4.189235e-30
4.2542916e-30
4.322569e-30
4.3939891e-30
4.4684782e-30
4.545966e-30
4.6263855e-30
4.709673e-30
4.7957656e-30
4.884605e-30
4.9761266e-30
5.070278e-30
5.1669921e-30
5.266148e-30
5.3685174e-30
5.4657613e-30
5.6316469e-30
)
;

boundaryField
{
    inlet
    {
        type            calculated;
        value           nonuniform List<scalar> 0();
    }
    top
    {
        type            calculated;
        value           nonuniform List<scalar> 0();
    }
    outlet
    {
        type            calculated;
        value           nonuniform List<scalar> 
30
(
2.5229745e-30
2.5837414e-30
2.6467845e-30
2.7121282e-30
2.7798048e-30
2.8498538e-30
2.9223221e-30
2.9972646e-30
3.0747448e-30
3.1548357e-30
3.2376214e-30
3.3231992e-30
3.4116811e-30
3.5031973e-30
3.5978987e-30
3.6959608e-30
3.7975882e-30
3.903019e-30
4.012531e-30
4.1264479e-30
4.2451471e-30
4.3690686e-30
4.4987248e-30
4.6347122e-30
4.7777259e-30
4.9285745e-30
5.0881999e-30
5.2576988e-30
5.4383494e-30
5.6316469e-30
)
;
    }
    slipsurface
    {
        type            slip;
    }
    bottom
    {
        type            nutkWallFunction;
        Cmu             0.09;
        kappa           0.41;
        E               9.8;
        value           nonuniform List<scalar> 0();
    }
    frontandback
    {
        type            empty;
    }
    procBoundary9to8
    {
        type            processor;
        value           nonuniform List<scalar> 
61
(
6.3778714e-31
6.6099954e-31
6.8474081e-31
7.0900002e-31
7.3376533e-31
7.5902401e-31
7.8476241e-31
8.1096601e-31
8.3761939e-31
8.647063e-31
8.9220968e-31
9.2011176e-31
9.4839406e-31
9.7703749e-31
1.0060224e-30
1.0353284e-30
1.0649348e-30
1.0948202e-30
1.1249629e-30
1.1553408e-30
1.1859311e-30
1.2167112e-30
1.2476577e-30
1.2787474e-30
1.3099568e-30
1.3412624e-30
1.3726404e-30
1.4040673e-30
1.4535302e-30
1.4722865e-30
1.4722865e-30
1.5258368e-30
1.5258368e-30
1.5599542e-30
1.594115e-30
1.628294e-30
1.6624663e-30
1.722806e-30
1.722806e-30
1.7579936e-30
1.7931307e-30
1.8281922e-30
1.8631533e-30
1.8979895e-30
1.9326767e-30
1.9671913e-30
2.0015103e-30
2.035611e-30
2.0694717e-30
2.1030711e-30
2.1363889e-30
2.1694055e-30
2.2021027e-30
2.2344629e-30
2.2664714e-30
2.2981122e-30
2.3293801e-30
2.3602363e-30
2.3908664e-30
2.4196776e-30
2.4644679e-30
)
;
    }
    procBoundary9to10
    {
        type            processor;
        value           nonuniform List<scalar> 
28
(
6.2167014e-31
6.2906664e-31
6.3741546e-31
6.4684884e-31
6.5752145e-31
6.6961413e-31
6.833386e-31
6.989434e-31
7.1672142e-31
7.3701934e-31
7.6024965e-31
7.8690582e-31
8.175818e-31
8.52997e-31
8.9402872e-31
9.4175442e-31
9.9750726e-31
1.0629498e-30
1.140172e-30
1.2318243e-30
1.3412969e-30
1.4729672e-30
1.6325413e-30
1.8275312e-30
2.0679287e-30
2.3671629e-30
2.7434755e-30
3.2219051e-30
)
;
    }
    procBoundary9to14
    {
        type            processor;
        value           nonuniform List<scalar> 
30
(
3.6110063e-30
3.418696e-30
3.2548897e-30
3.1152551e-30
2.9962627e-30
2.89502e-30
2.8091416e-30
2.7366473e-30
2.6758847e-30
2.6254706e-30
2.5842442e-30
2.5842442e-30
2.8292344e-30
2.8292344e-30
3.1674305e-30
3.582472e-30
4.096616e-30
4.7399012e-30
5.3017585e-30
5.0842036e-30
4.8960464e-30
4.7334889e-30
4.593343e-30
4.4729197e-30
4.3699453e-30
4.2824902e-30
4.2089102e-30
4.1478003e-30
4.0979567e-30
4.0583437e-30
)
;
    }
    procBoundary9to15
    {
        type            processor;
        value           nonuniform List<scalar> 
33
(
4.0280658e-30
4.0063458e-30
3.9925201e-30
3.986005e-30
3.9862902e-30
3.9929293e-30
4.0055307e-30
4.0237502e-30
4.0472849e-30
4.0758681e-30
4.1092627e-30
4.1472578e-30
4.1896645e-30
4.2363136e-30
4.2870535e-30
4.3417474e-30
4.4002718e-30
4.4625138e-30
4.5283701e-30
4.5977449e-30
4.6705491e-30
4.7466989e-30
4.8261156e-30
4.9087256e-30
4.9944574e-30
5.0832454e-30
5.1750192e-30
5.2697199e-30
5.3672782e-30
5.4675579e-30
5.5713862e-30
5.6700305e-30
5.8393348e-30
)
;
    }
}


// ************************************************************************* //
