/*--------------------------------*- C++ -*----------------------------------*\
  =========                 |
  \\      /  F ield         | OpenFOAM: The Open Source CFD Toolbox
   \\    /   O peration     | Website:  https://openfoam.org
    \\  /    A nd           | Version:  12
     \\/     M anipulation  |
\*---------------------------------------------------------------------------*/
FoamFile
{
    format      ascii;
    class       surfaceScalarField;
    location    "1000";
    object      phi;
}
// * * * * * * * * * * * * * * * * * * * * * * * * * * * * * * * * * * * * * //

dimensions      [0 3 -1 0 0 0 0];

internalField   nonuniform List<scalar> 
1560
(
0.020858338
3.9004858e-05
0.020859328
4.0989224e-05
0.020860356
4.3139341e-05
0.020861425
4.5474655e-05
0.02086254
4.8017601e-05
0.020863703
5.0794175e-05
0.020864921
5.3834648e-05
0.020866199
5.7174435e-05
0.020867542
6.0855198e-05
0.020868899
6.2117349e-05
0.020870234
6.1805917e-05
0.020871549
6.1505376e-05
0.020872846
6.1215729e-05
0.020874125
6.0937216e-05
0.020875388
6.067024e-05
0.020876635
6.0415277e-05
0.020877867
6.0172924e-05
5.9944057e-05
0.023543319
1.4934496e-05
0.02354397
1.5378733e-05
0.023544629
1.5843414e-05
0.023545296
1.6329922e-05
0.023545972
1.6839759e-05
0.023546658
1.7374556e-05
0.023547353
1.7936085e-05
0.023548059
1.852628e-05
0.023548776
1.9147247e-05
0.023549505
1.980129e-05
0.023550246
2.0490931e-05
0.023551
2.1218933e-05
0.023551769
2.1988335e-05
0.023552553
2.2802481e-05
0.023553353
2.3665057e-05
0.023554171
2.458014e-05
0.023555007
2.5552244e-05
0.023555863
2.658638e-05
0.02355674
2.7688125e-05
0.02355764
2.88637e-05
0.023558565
3.0120062e-05
0.023559516
3.1465015e-05
0.023560496
3.2907333e-05
0.023561507
3.4456916e-05
0.023562551
3.6124968e-05
0.023563631
3.7924207e-05
0.023564752
3.986913e-05
0.023565915
4.1976319e-05
0.023567124
4.4264818e-05
0.023568385
4.6756595e-05
0.023569703
4.9477108e-05
0.023571081
5.2455999e-05
0.023572528
5.5727958e-05
0.023574049
5.9333839e-05
0.023575584
6.0582014e-05
0.023577096
6.0294431e-05
0.023578585
6.0016104e-05
0.023580054
5.9747297e-05
0.023581502
5.9488442e-05
0.023582932
5.9240093e-05
0.023584345
5.9002893e-05
0.02358574
5.8777602e-05
0.023587119
5.856521e-05
0.023588482
5.836701e-05
0.023589829
5.8184651e-05
0.023591161
5.8020303e-05
0.023592479
5.7876881e-05
0.023593782
5.7758251e-05
0.023595072
5.7669407e-05
0.023596353
5.7616714e-05
0.023597628
5.7607895e-05
0.023598906
5.7651417e-05
0.023600201
5.7754744e-05
0.023601533
5.7916276e-05
0.023602927
5.81287e-05
0.023604394
5.8321052e-05
5.852154e-05
0.026596865
1.4228172e-05
0.026597581
1.4662679e-05
0.026598307
1.5117225e-05
0.026599044
1.5593155e-05
0.026599792
1.609193e-05
0.026600551
1.6615134e-05
0.026601323
1.7164495e-05
0.026602107
1.7741892e-05
0.026602905
1.8349378e-05
0.026603717
1.8989195e-05
0.026604544
1.9663799e-05
0.026605388
2.0375886e-05
0.026606247
2.1128414e-05
0.026607125
2.1924642e-05
0.026608022
2.2768167e-05
0.026608939
2.366296e-05
0.026609878
2.4613425e-05
0.02661084
2.5624447e-05
0.026611827
2.6701467e-05
0.02661284
2.785055e-05
0.026613882
2.9078484e-05
0.026614954
3.039288e-05
0.026616059
3.1802299e-05
0.026617199
3.3316397e-05
0.026618378
3.4946106e-05
0.026619598
3.6703836e-05
0.026620864
3.8603732e-05
0.026622178
4.0661975e-05
0.026623546
4.2897148e-05
0.026624972
4.5330693e-05
0.026626461
4.7987455e-05
0.026628021
5.0896374e-05
0.026629658
5.4091312e-05
0.026631379
5.7612066e-05
0.026633117
5.8844178e-05
0.026634828
5.8583411e-05
0.026636514
5.8330027e-05
0.026638177
5.8084596e-05
0.026639818
5.7847752e-05
0.026641438
5.7620216e-05
0.026643038
5.7402799e-05
0.026644619
5.7196413e-05
0.026646182
5.7002161e-05
0.026647728
5.6821412e-05
0.026649256
5.6655855e-05
0.026650769
5.6507626e-05
0.026652266
5.6379455e-05
0.02665375
5.6274793e-05
0.026655221
5.6197898e-05
0.026656684
5.6153827e-05
0.026658144
5.6148208e-05
0.026659609
5.6186179e-05
0.026661093
5.6271057e-05
0.026662612
5.6397527e-05
0.026664184
5.6556599e-05
0.02666581
5.6694555e-05
5.684015e-05
0.030046277
1.3458099e-05
0.030047059
1.3880256e-05
0.030047854
1.4322014e-05
0.030048663
1.4784676e-05
0.030049485
1.5269657e-05
0.030050322
1.5778493e-05
0.030051173
1.6312859e-05
0.030052041
1.6874576e-05
0.030052924
1.7465637e-05
0.030053825
1.8088216e-05
0.030054744
1.8744697e-05
0.030055683
1.9437694e-05
0.030056641
2.0170081e-05
0.030057621
2.0945021e-05
0.030058623
2.1766004e-05
0.030059649
2.2636889e-05
0.0300607
2.356195e-05
0.030061779
2.4545934e-05
0.030062886
2.5594124e-05
0.030064024
2.6712413e-05
0.030065195
2.7907394e-05
0.030066402
2.9186461e-05
0.030067646
3.0557931e-05
0.030068931
3.203119e-05
0.030070261
3.3616856e-05
0.030071637
3.532699e-05
0.030073066
3.7175338e-05
0.03007455
3.9177626e-05
0.030076095
4.1351918e-05
0.030077707
4.3719053e-05
0.030079391
4.6303187e-05
0.030081155
4.9132454e-05
0.030083007
5.2239803e-05
0.030084955
5.5664074e-05
0.030086921
5.687772e-05
0.030088858
5.6646982e-05
0.030090766
5.6421534e-05
0.030092648
5.6202206e-05
0.030094506
5.5989888e-05
0.030096341
5.5785492e-05
0.030098154
5.5589991e-05
0.030099946
5.5404439e-05
0.030101718
5.523004e-05
0.030103471
5.506821e-05
0.030105206
5.4920629e-05
0.030106925
5.4789329e-05
0.030108627
5.4676773e-05
0.030110316
5.458591e-05
0.030111994
5.4520168e-05
0.030113665
5.4483293e-05
0.030115334
5.4478985e-05
0.03011701
5.4509805e-05
0.030118705
5.4576201e-05
0.030120431
5.4671468e-05
0.030122201
5.478708e-05
0.030124013
5.4882244e-05
5.497672e-05
0.03394295
1.2625858e-05
0.033943797
1.3032644e-05
0.033944661
1.3458531e-05
0.033945541
1.3904777e-05
0.033946438
1.437275e-05
0.033947352
1.4863934e-05
0.033948285
1.5379946e-05
0.033949237
1.5922548e-05
0.033950209
1.6493662e-05
0.033951202
1.7095391e-05
0.033952217
1.7730037e-05
0.033953254
1.8400128e-05
0.033954316
1.9108439e-05
0.033955403
1.9858029e-05
0.033956517
2.065227e-05
0.033957659
2.1494893e-05
0.03395883
2.2390029e-05
0.033960034
2.3342267e-05
0.033961272
2.4356713e-05
0.033962545
2.5439067e-05
0.033963857
2.6595703e-05
0.033965209
2.7833769e-05
0.033966606
2.9161308e-05
0.03396805
3.0587394e-05
0.033969544
3.2122298e-05
0.033971094
3.3777682e-05
0.033972702
3.5566841e-05
0.033974375
3.7504984e-05
0.033976117
3.9609583e-05
0.033977935
4.1900799e-05
0.033979836
4.4402003e-05
0.033981829
4.7140426e-05
0.03398392
5.0147939e-05
0.033986123
5.3461925e-05
0.033988346
5.4653792e-05
0.033990537
5.445632e-05
0.033992697
5.4261804e-05
0.033994828
5.4071415e-05
0.033996931
5.3886254e-05
0.033999009
5.3707418e-05
0.034001063
5.353604e-05
0.034003094
5.3373302e-05
0.034005104
5.3220483e-05
0.034007093
5.307902e-05
0.034009063
5.2950533e-05
0.034011016
5.2836888e-05
0.034012952
5.2740222e-05
0.034014875
5.2662934e-05
0.034016788
5.2607612e-05
0.034018694
5.2576804e-05
0.034020601
5.2572617e-05
0.034022515
5.2595821e-05
0.034024446
5.2645112e-05
0.034026403
5.2714011e-05
0.034028396
5.2794563e-05
0.034030417
5.286138e-05
5.2933009e-05
0.038344749
1.1732085e-05
0.038345661
1.2120087e-05
0.038346593
1.2526593e-05
0.038347545
1.2952815e-05
0.038348518
1.340007e-05
0.038349512
1.3869786e-05
0.038350528
1.4363521e-05
0.038351568
1.4882969e-05
0.038352632
1.542998e-05
0.038353721
1.6006579e-05
0.038354836
1.6614979e-05
0.038355978
1.7257611e-05
0.038357149
1.7937147e-05
0.038358351
1.8656526e-05
0.038359584
1.9418994e-05
0.038360851
2.0228137e-05
0.038362153
2.1087929e-05
0.038363493
2.2002783e-05
0.038364872
2.2977609e-05
0.038366293
2.4017887e-05
0.038367759
2.5129747e-05
0.038369272
2.6320061e-05
0.038370837
2.7596565e-05
0.038372457
2.8967981e-05
0.038374135
3.0444184e-05
0.038375876
3.203639e-05
0.038377686
3.3757379e-05
0.038379569
3.5621778e-05
0.038381532
3.7646388e-05
0.038383582
3.9850598e-05
0.038385727
4.2256888e-05
0.038387976
4.4891455e-05
0.038390339
4.7785027e-05
0.038392827
5.0973904e-05
0.038395341
5.2140298e-05
0.038397817
5.1979477e-05
0.03840026
5.1819102e-05
0.038402671
5.1660548e-05
0.038405052
5.1505205e-05
0.038407405
5.1354376e-05
0.038409732
5.1209342e-05
0.038412034
5.1071391e-05
0.038414312
5.0941856e-05
0.038416569
5.0822159e-05
0.038418806
5.0713824e-05
0.038421024
5.0618505e-05
0.038423227
5.0537983e-05
0.038425415
5.0474111e-05
0.038427594
5.042871e-05
0.038429768
5.0403333e-05
0.038431941
5.0398921e-05
0.038434122
5.0415129e-05
0.038436317
5.044997e-05
0.038438534
5.0497726e-05
0.038440776
5.0552501e-05
0.038443044
5.0593133e-05
5.0628216e-05
0.04331742
1.0781654e-05
0.043318393
1.1147259e-05
0.043319389
1.153063e-05
0.043320409
1.1932932e-05
0.043321454
1.2355426e-05
0.043322524
1.2799482e-05
0.043323621
1.3266592e-05
0.043324746
1.3758378e-05
0.043325899
1.4276614e-05
0.043327082
1.4823235e-05
0.043328297
1.5400363e-05
0.043329544
1.6010323e-05
0.043330826
1.6655669e-05
0.043332143
1.7339215e-05
0.043333498
1.8064064e-05
0.043334892
1.8833645e-05
0.043336329
1.9651758e-05
0.043337809
2.0522619e-05
0.043339335
2.1450921e-05
0.043340911
2.2441901e-05
0.04334254
2.3501414e-05
0.043344224
2.4636026e-05
0.043345967
2.5853123e-05
0.043347774
2.7161035e-05
0.043349649
2.8569194e-05
0.043351597
3.0088304e-05
0.043353624
3.1730571e-05
0.043355736
3.3509958e-05
0.04335794
3.5442507e-05
0.043360244
3.7546732e-05
0.043362656
3.9844104e-05
0.043365188
4.2359644e-05
0.043367851
4.5122633e-05
0.043370657
4.8167293e-05
0.043373495
4.9302603e-05
0.043376293
4.9181377e-05
0.043379054
4.9057901e-05
0.043381781
4.8933929e-05
0.043384475
4.8810993e-05
0.043387139
4.8690551e-05
0.043389774
4.8574018e-05
0.043392383
4.8462767e-05
0.043394966
4.835816e-05
0.043397527
4.8261575e-05
0.043400066
4.8174412e-05
0.043402587
4.8098098e-05
0.043405091
4.8034063e-05
0.043407581
4.7983667e-05
0.043410062
4.7948099e-05
0.043412537
4.7928175e-05
0.043415012
4.7924072e-05
0.043417492
4.7934915e-05
0.043419984
4.7958511e-05
0.043422491
4.7990548e-05
0.043425017
4.8026363e-05
0.043427552
4.8058196e-05
4.8097552e-05
0.048934642
9.7729886e-06
0.048935677
1.0112345e-05
0.048936739
1.0468551e-05
0.048937829
1.0842715e-05
0.048938949
1.1236041e-05
0.048940098
1.1649832e-05
0.04894128
1.208551e-05
0.048942493
1.2544619e-05
0.048943741
1.3028847e-05
0.048945024
1.3540036e-05
0.048946344
1.4080203e-05
0.048947703
1.4651559e-05
0.048949102
1.5256533e-05
0.048950544
1.5897798e-05
0.04895203
1.6578301e-05
0.048953562
1.7301298e-05
0.048955143
1.8070395e-05
0.048956776
1.8889595e-05
0.048958464
1.9763348e-05
0.048960209
2.069662e-05
0.048962016
2.169496e-05
0.048963887
2.276459e-05
0.048965828
2.3912506e-05
0.048967842
2.51466e-05
0.048969935
2.6475796e-05
0.048972114
2.7910232e-05
0.048974383
2.9461458e-05
0.04897675
3.1142686e-05
0.048979223
3.2969098e-05
0.048981812
3.4958216e-05
0.048984526
3.7130363e-05
0.048987376
3.9509243e-05
0.048990376
4.2122745e-05
0.048993539
4.5003957e-05
0.048996739
4.610242e-05
0.048999897
4.6023723e-05
0.049003015
4.5940028e-05
0.049006096
4.5853154e-05
0.049009142
4.5764945e-05
0.049012155
4.5677046e-05
0.049015138
4.5590982e-05
0.049018093
4.5508182e-05
0.049021021
4.5430013e-05
0.049023925
4.5357791e-05
0.049026806
4.5292779e-05
0.049029668
4.5236185e-05
0.049032513
4.5189126e-05
0.049035344
4.5152565e-05
0.049038165
4.5127221e-05
0.04904098
4.5113426e-05
0.049043793
4.5110959e-05
0.049046609
4.5118789e-05
0.049049433
4.5135078e-05
0.049052267
4.5156251e-05
0.049055114
4.5179037e-05
0.049057982
4.5190469e-05
4.5193731e-05
0.055280737
8.7149896e-06
0.055281825
9.0243329e-06
0.055282944
9.3493887e-06
0.055284096
9.6912034e-06
0.055285281
1.0050911e-05
0.055286501
1.0429743e-05
0.055287757
1.0829037e-05
0.055289052
1.1250253e-05
0.055290386
1.1694981e-05
0.055291761
1.2164959e-05
0.055293179
1.2662087e-05
0.055294642
1.3188452e-05
0.055296152
1.374634e-05
0.055297712
1.4338271e-05
0.055299323
1.4967019e-05
0.055300989
1.5635648e-05
0.055302711
1.634755e-05
0.055304495
1.7106487e-05
0.055306341
1.7916639e-05
0.055308255
1.8782669e-05
0.05531024
1.9709783e-05
0.055312301
2.0703816e-05
0.055314442
2.1771326e-05
0.055316669
2.2919704e-05
0.055318988
2.4157311e-05
0.055321404
2.5493634e-05
0.055323926
2.6939483e-05
0.055326562
2.8507223e-05
0.05532932
3.0211057e-05
0.055332211
3.2067378e-05
0.055335246
3.4095192e-05
0.055338438
3.6316638e-05
0.055341804
3.8757593e-05
0.055345359
4.1448164e-05
0.055348962
4.2500004e-05
0.05535252
4.2465371e-05
0.055356037
4.2422979e-05
0.055359515
4.2375087e-05
0.055362957
4.232352e-05
0.055366364
4.2269986e-05
0.055369739
4.2216086e-05
0.055373084
4.2163288e-05
0.055376401
4.2112942e-05
0.055379692
4.2066289e-05
0.05538296
4.202446e-05
0.055386208
4.1988469e-05
0.055389438
4.1959184e-05
0.055392653
4.1937271e-05
0.055395857
4.192314e-05
0.055399054
4.1916851e-05
0.055402247
4.1918011e-05
0.05540544
4.1925695e-05
0.055408637
4.19384e-05
0.055411839
4.1954289e-05
0.055415046
4.1971823e-05
0.055418244
4.1992777e-05
4.2024083e-05
0.062449207
7.5941878e-06
0.062450362
7.86944e-06
0.062451553
8.1590263e-06
0.06245278
8.4639245e-06
0.062454046
8.7851952e-06
0.062455351
9.123987e-06
0.062456699
9.4815472e-06
0.06245809
9.859235e-06
0.062459526
1.0258535e-05
0.06246101
1.0681068e-05
0.062462544
1.1128608e-05
0.062464129
1.1603096e-05
0.062465769
1.2106662e-05
0.062467465
1.264165e-05
0.062469222
1.3210637e-05
0.062471041
1.3816469e-05
0.062472926
1.4462293e-05
0.062474881
1.5151595e-05
0.062476909
1.5888249e-05
0.062479015
1.6676566e-05
0.062481204
1.7521363e-05
0.06248348
1.8428031e-05
0.062485848
1.9402626e-05
0.062488316
2.045197e-05
0.06249089
2.1583777e-05
0.062493576
2.2806796e-05
0.062496385
2.4130997e-05
0.062499324
2.5567777e-05
0.062502405
2.7130233e-05
0.062505639
2.8833482e-05
0.062509039
3.0695073e-05
0.06251262
3.2735511e-05
0.062516399
3.4979039e-05
0.062520392
3.7454687e-05
0.062524441
3.8451201e-05
0.062528445
3.8462048e-05
0.062532405
3.8462493e-05
0.062536325
3.8454698e-05
0.062540208
3.8440826e-05
0.062544055
3.8422758e-05
0.062547869
3.8402136e-05
0.062551652
3.838042e-05
0.062555406
3.8358921e-05
0.062559134
3.8338802e-05
0.062562837
3.8321074e-05
0.062566519
3.8306591e-05
0.062570182
3.8296037e-05
0.062573829
3.8289882e-05
0.062577464
3.8288358e-05
0.06258109
3.8291402e-05
0.062584709
3.8298617e-05
0.062588326
3.830917e-05
0.062591942
3.8321873e-05
0.062595562
3.8334349e-05
0.062599189
3.8344437e-05
0.062602841
3.8341332e-05
3.8328578e-05
0.070548725
6.4297306e-06
0.070549927
6.6669796e-06
0.070551169
6.9168566e-06
0.070552453
7.1802518e-06
0.07055378
7.4581657e-06
0.070555152
7.7517e-06
0.070556572
8.0620258e-06
0.07055804
8.3904088e-06
0.070559561
8.7382315e-06
0.070561135
9.1069924e-06
0.070562765
9.4983111e-06
0.070564454
9.9139531e-06
0.070566205
1.0355866e-05
0.070568021
1.0826193e-05
0.070569904
1.1327275e-05
0.070571859
1.1861686e-05
0.070573889
1.2432275e-05
0.070575998
1.3042195e-05
0.070578191
1.3694948e-05
0.070580474
1.439443e-05
0.07058285
1.5144992e-05
0.070585326
1.5951505e-05
0.07058791
1.6819438e-05
0.070590607
1.7754956e-05
0.070593425
1.8765024e-05
0.070596375
1.9857547e-05
0.070599464
2.1041529e-05
0.070602705
2.2327264e-05
0.070606108
2.3726578e-05
0.070609689
2.5253108e-05
0.070613461
2.6922659e-05
0.070617443
2.8753599e-05
0.070621655
3.0767324e-05
0.070626121
3.2988671e-05
0.070630659
3.3912922e-05
0.070635153
3.3967576e-05
0.070639606
3.400965e-05
0.070644019
3.4041843e-05
0.070648394
3.4066034e-05
0.070652733
3.4083997e-05
0.070657037
3.4097362e-05
0.07066131
3.4107566e-05
0.070665553
3.4115856e-05
0.070669769
3.4123302e-05
0.070673959
3.4130801e-05
0.070678127
3.4139079e-05
0.070682274
3.4148681e-05
0.070686404
3.4159954e-05
0.070690519
3.4173031e-05
0.070694623
3.4187826e-05
0.070698717
3.4204023e-05
0.070702805
3.4221151e-05
0.070706889
3.4238663e-05
0.070710967
3.4256529e-05
0.070715036
3.4275373e-05
0.070719076
3.4300556e-05
3.4335392e-05
0.079697206
5.1658392e-06
0.079698513
5.3598906e-06
0.079699865
5.5644265e-06
0.079701266
5.7794033e-06
0.079702717
6.0071836e-06
0.079704218
6.2505682e-06
0.079705771
6.5093093e-06
0.079707378
6.7836913e-06
0.079709041
7.0750949e-06
0.079710763
7.3848976e-06
0.079712547
7.7146878e-06
0.079714394
8.0660631e-06
0.07971631
8.440589e-06
0.079718296
8.8399971e-06
0.079720357
9.2662998e-06
0.079722497
9.7217218e-06
0.07972472
1.0208739e-05
0.079727032
1.0730094e-05
0.079729439
1.1288842e-05
0.079731945
1.1888387e-05
0.079734557
1.2532539e-05
0.079737283
1.3225569e-05
0.07974013
1.3972274e-05
0.079743107
1.4778068e-05
0.079746223
1.564907e-05
0.079749488
1.6592227e-05
0.079752914
1.7615457e-05
0.079756514
1.8727819e-05
0.079760301
1.9939728e-05
0.079764291
2.1263223e-05
0.079768501
2.2712308e-05
0.079772951
2.4303412e-05
0.079777662
2.6056108e-05
0.079782657
2.7994145e-05
0.079787737
2.883328e-05
0.079792774
2.8929686e-05
0.079797772
2.9011892e-05
0.079802732
2.9082243e-05
0.079807655
2.9142985e-05
0.079812543
2.9196005e-05
0.079817397
2.9242846e-05
0.07982222
2.9284825e-05
0.079827013
2.9323077e-05
0.079831778
2.9358563e-05
0.079836516
2.9392062e-05
0.079841231
2.9424183e-05
0.079845925
2.9455359e-05
0.079850599
2.9485831e-05
0.079855256
2.9515646e-05
0.079859899
2.9544629e-05
0.079864531
2.9572368e-05
0.079869154
2.9598108e-05
0.079873772
2.9620811e-05
0.07987839
2.9638232e-05
0.079883017
2.9648562e-05
0.079887676
2.9641941e-05
2.9626507e-05
0.090035837
3.8602153e-06
0.09003719
4.0076419e-06
0.090038591
4.1632433e-06
0.090040043
4.326713e-06
0.09004155
4.5004372e-06
0.090043114
4.6872562e-06
0.090044737
4.886343e-06
0.090046424
5.0965094e-06
0.09004818
5.3187064e-06
0.090050007
5.5580924e-06
0.0900519
5.8213935e-06
0.090053857
6.1097235e-06
0.090055882
6.4153786e-06
0.090057984
6.737964e-06
0.090060167
7.0833446e-06
0.090062436
7.4523467e-06
0.090064798
7.8472803e-06
0.090067257
8.2703858e-06
0.090069822
8.7242427e-06
0.090072499
9.2117112e-06
0.090075295
9.7359953e-06
0.09007822
1.0300686e-05
0.090081282
1.0909822e-05
0.090084493
1.1567955e-05
0.090087861
1.2280235e-05
0.090091401
1.3052506e-05
0.090095125
1.3891426e-05
0.090099048
1.4804608e-05
0.090103187
1.5800796e-05
0.09010756
1.6890068e-05
0.090112189
1.8084092e-05
0.090117096
1.9396393e-05
0.090122309
2.0842678e-05
0.090127862
2.2441138e-05
0.090133528
2.316733e-05
0.090139159
2.3298847e-05
0.090144754
2.3416361e-05
0.090150314
2.3522315e-05
0.090155839
2.3618155e-05
0.09016133
2.370532e-05
0.090166788
2.3785184e-05
0.090172213
2.3858937e-05
0.090177609
2.3927572e-05
0.090182976
2.3991907e-05
0.090188315
2.40526e-05
0.090193629
2.4110158e-05
0.090198919
2.4164934e-05
0.090204188
2.4217125e-05
0.090209437
2.4266782e-05
0.090214668
2.4313822e-05
0.090219882
2.4358064e-05
0.090225081
2.4399311e-05
0.090230264
2.4437477e-05
0.09023543
2.4472952e-05
0.090240571
2.450684e-05
0.090245671
2.4542446e-05
2.4582134e-05
0.10171341
2.4160744e-06
0.1017149
2.5146455e-06
0.10171644
2.6193647e-06
0.10171804
2.7307535e-06
0.10171969
2.849406e-06
0.1017214
2.9759659e-06
0.10172318
3.110855e-06
0.10172502
3.2531472e-06
0.10172694
3.4031954e-06
0.10172892
3.5708019e-06
0.10173098
3.7656956e-06
0.10173311
3.9810785e-06
0.10173532
4.2055134e-06
0.10173761
4.4418168e-06
0.10174
4.6951451e-06
0.10174249
4.9660362e-06
0.10174508
5.2563472e-06
0.10174778
5.567832e-06
0.1017506
5.9025126e-06
0.10175355
6.2626223e-06
0.10175664
6.65066e-06
0.10175987
7.0694245e-06
0.10176326
7.5220629e-06
0.10176681
8.0121261e-06
0.10177055
8.5436351e-06
0.10177448
9.1211613e-06
0.10177862
9.7499253e-06
0.10178299
1.0435918e-05
0.10178761
1.1186054e-05
0.10179249
1.200837e-05
0.10179766
1.2912286e-05
0.10180315
1.3908967e-05
0.10180898
1.5011906e-05
0.10181518
1.6237652e-05
0.10182152
1.6832971e-05
0.10182782
1.6992746e-05
0.1018341
1.7140275e-05
0.10184034
1.7276792e-05
0.10184656
1.740376e-05
0.10185274
1.752243e-05
0.10185889
1.7633781e-05
0.10186501
1.7738643e-05
0.1018711
1.7837739e-05
0.10187716
1.7931678e-05
0.10188319
1.8020944e-05
0.1018892
1.8105887e-05
0.10189518
1.8186714e-05
0.10190113
1.8263474e-05
0.10190706
1.8336031e-05
0.10191297
1.8404031e-05
0.10191886
1.8466859e-05
0.10192474
1.8523502e-05
0.1019306
1.8572659e-05
0.10193646
1.861176e-05
0.10194233
1.8639423e-05
0.10194823
1.8646165e-05
1.8646099e-05
0.11491195
0.11491349
0.11491508
0.11491673
0.11491843
0.11492019
0.11492201
0.1149239
0.11492584
0.11492786
0.11492994
0.11493211
0.11493437
0.11493673
0.11493919
0.11494176
0.11494445
0.11494726
0.11495021
0.1149533
0.11495654
0.11495995
0.11496354
0.11496731
0.11497129
0.1149755
0.11497994
0.11498465
0.11498963
0.11499493
0.11500056
0.11500656
0.11501297
0.11501983
0.11502685
0.11503386
0.11504084
0.11504779
0.11505472
0.11506162
0.11506849
0.11507534
0.11508215
0.11508894
0.11509569
0.11510242
0.11510912
0.11511578
0.11512243
0.11512904
0.11513562
0.11514217
0.11514868
0.11515516
0.1151616
0.11516799
)
;

boundaryField
{
    bottom
    {
        type            calculated;
        value           nonuniform List<scalar> 0();
    }
    back
    {
        type            empty;
    }
    front
    {
        type            empty;
    }
    inlet
    {
        type            calculated;
        value           nonuniform List<scalar> 0();
    }
    outlet
    {
        type            calculated;
        value           nonuniform List<scalar> 
14
(
0.023605937
0.026667492
0.030125876
0.03403246
0.038445349
0.043430082
0.049060886
0.055421413
0.062606536
0.07072307
0.079892384
0.090250715
0.10195416
0.11517432
)
;
    }
    top
    {
        type            calculated;
        value           nonuniform List<scalar> 
57
(
9.2590611e-07
9.7447499e-07
1.027189e-06
1.0845095e-06
1.1469553e-06
1.215089e-06
1.2894088e-06
1.3696876e-06
1.4559765e-06
1.5579611e-06
1.6816079e-06
1.8110696e-06
1.9420766e-06
2.0834744e-06
2.23421e-06
2.3957739e-06
2.5691591e-06
2.7556128e-06
2.9564759e-06
3.1732477e-06
3.4075973e-06
3.6613922e-06
3.9367294e-06
4.2359726e-06
4.5617963e-06
4.9172391e-06
5.3057681e-06
5.7313573e-06
6.198586e-06
6.712761e-06
7.2800772e-06
7.9078175e-06
8.6046757e-06
9.3810699e-06
9.8085007e-06
9.9879538e-06
1.0158469e-05
1.0320674e-05
1.0474932e-05
1.062181e-05
1.0761948e-05
1.0895923e-05
1.1024233e-05
1.1147317e-05
1.1265556e-05
1.1379271e-05
1.148871e-05
1.1594035e-05
1.1695313e-05
1.1792488e-05
1.188537e-05
1.1973542e-05
1.2056476e-05
1.2132829e-05
1.2202341e-05
1.2258461e-05
1.2311652e-05
)
;
    }
    slipsurface
    {
        type            calculated;
        value           nonuniform List<scalar> 0();
    }
    procBoundary13to1
    {
        type            processor;
        value           nonuniform List<scalar> 
14
(
-0.023542676
-0.026596159
-0.030045506
-0.033942118
-0.038343855
-0.04331647
-0.048933634
-0.055279679
-0.062448086
-0.07054756
-0.079695942
-0.090034532
-0.10171196
-0.11491046
)
;
    }
    procBoundary13to12
    {
        type            processor;
        value           nonuniform List<scalar> 
22
(
-6.282077e-05
-6.2512608e-05
-6.2216601e-05
-6.1933024e-05
-6.1662174e-05
-6.1404491e-05
-6.1160744e-05
0.020879083
-5.9729876e-05
-5.953193e-05
-5.935236e-05
-5.9194183e-05
-5.9061566e-05
-5.8960077e-05
-5.8897268e-05
-5.8882896e-05
-5.8929417e-05
-5.9049387e-05
-5.9248724e-05
-5.9522581e-05
-5.9788435e-05
-6.006441e-05
)
;
    }
    procBoundary13to14
    {
        type            processor;
        value           nonuniform List<scalar> 
16
(
-1.5577873e-05
-1.6029685e-05
-1.6502325e-05
-1.6997215e-05
-1.7515891e-05
-1.8060025e-05
-1.8631432e-05
-1.9232089e-05
-1.9864154e-05
-2.0529983e-05
-2.1232154e-05
-2.1973495e-05
-2.275711e-05
-2.3586419e-05
-2.446519e-05
-2.5397589e-05
)
;
    }
    procBoundary13to15
    {
        type            processor;
        value           nonuniform List<scalar> 
21
(
-3.9960454e-05
-4.1979461e-05
-4.4167312e-05
-4.6543807e-05
-4.9131796e-05
-5.1957747e-05
-5.5052488e-05
-5.8452086e-05
-6.2199003e-05
-6.347349e-05
-6.3140972e-05
-2.6388229e-05
-2.744223e-05
-2.8565292e-05
-2.9763769e-05
-3.1044771e-05
-3.2416269e-05
-3.3887226e-05
-3.5467757e-05
-0.020857382
-3.7169303e-05
)
;
    }
}


// ************************************************************************* //
