/*--------------------------------*- C++ -*----------------------------------*\
  =========                 |
  \\      /  F ield         | OpenFOAM: The Open Source CFD Toolbox
   \\    /   O peration     | Website:  https://openfoam.org
    \\  /    A nd           | Version:  12
     \\/     M anipulation  |
\*---------------------------------------------------------------------------*/
FoamFile
{
    format      ascii;
    class       vectorField;
    location    "constant/polyMesh";
    object      points;
}
// * * * * * * * * * * * * * * * * * * * * * * * * * * * * * * * * * * * * * //


434
(
(2.96 0.0766801682037 0.0986615426853)
(2.96 0.0792356489842 0.0986169366024)
(2.96 0.0815960721072 0.0985757352635)
(2.96 0.0837763261566 0.0985376787875)
(2.96 0.0857901632833 0.0985025271297)
(2.96 0.0876502859484 0.0984700585678)
(2.96 0.0893684270448 0.0984400683034)
(2.96 0.0909554239042 0.0984123671702)
(2.96 0.0924212866537 0.0983867804407)
(2.96 0.093775261356 0.0983631467244)
(2.96 0.0950258883298 0.0983413169493)
(2.96 0.0961810560189 0.0983211534223)
(2.96 0.0972480507484 0.09830252896)
(2.96 0.0982336026848 0.098285326087)
(2.96 0.0991439282866 0.0982694362945)
(2.96 0.0999847695156 0.0982547593563)
(3.04 0.0766801682037 0.0986615426853)
(3.04 0.0792356489842 0.0986169366024)
(3.04 0.0815960721072 0.0985757352635)
(3.04 0.0837763261566 0.0985376787875)
(3.04 0.0857901632833 0.0985025271297)
(3.04 0.0876502859484 0.0984700585678)
(3.04 0.0893684270448 0.0984400683034)
(3.04 0.0909554239042 0.0984123671702)
(3.04 0.0924212866537 0.0983867804407)
(3.04 0.093775261356 0.0983631467244)
(3.04 0.0950258883298 0.0983413169493)
(3.04 0.0961810560189 0.0983211534223)
(3.04 0.0972480507484 0.09830252896)
(3.04 0.0982336026848 0.098285326087)
(3.04 0.0991439282866 0.0982694362945)
(3.04 0.0999847695156 0.0982547593563)
(3.12 0.0766801682037 0.0986615426853)
(3.12 0.0792356489842 0.0986169366024)
(3.12 0.0815960721072 0.0985757352635)
(3.12 0.0837763261566 0.0985376787875)
(3.12 0.0857901632833 0.0985025271297)
(3.12 0.0876502859484 0.0984700585678)
(3.12 0.0893684270448 0.0984400683034)
(3.12 0.0909554239042 0.0984123671702)
(3.12 0.0924212866537 0.0983867804407)
(3.12 0.093775261356 0.0983631467244)
(3.12 0.0950258883298 0.0983413169493)
(3.12 0.0961810560189 0.0983211534223)
(3.12 0.0972480507484 0.09830252896)
(3.12 0.0982336026848 0.098285326087)
(3.12 0.0991439282866 0.0982694362945)
(3.12 0.0999847695156 0.0982547593563)
(3.2 0.0766801682037 0.0986615426853)
(3.2 0.0792356489842 0.0986169366024)
(3.2 0.0815960721072 0.0985757352635)
(3.2 0.0837763261566 0.0985376787875)
(3.2 0.0857901632833 0.0985025271297)
(3.2 0.0876502859484 0.0984700585678)
(3.2 0.0893684270448 0.0984400683034)
(3.2 0.0909554239042 0.0984123671702)
(3.2 0.0924212866537 0.0983867804407)
(3.2 0.093775261356 0.0983631467244)
(3.2 0.0950258883298 0.0983413169493)
(3.2 0.0961810560189 0.0983211534223)
(3.2 0.0972480507484 0.09830252896)
(3.2 0.0982336026848 0.098285326087)
(3.2 0.0991439282866 0.0982694362945)
(3.2 0.0999847695156 0.0982547593563)
(3.28 0.0766801682037 0.0986615426853)
(3.28 0.0792356489842 0.0986169366024)
(3.28 0.0815960721072 0.0985757352635)
(3.28 0.0837763261566 0.0985376787875)
(3.28 0.0857901632833 0.0985025271297)
(3.28 0.0876502859484 0.0984700585678)
(3.28 0.0893684270448 0.0984400683034)
(3.28 0.0909554239042 0.0984123671702)
(3.28 0.0924212866537 0.0983867804407)
(3.28 0.093775261356 0.0983631467244)
(3.28 0.0950258883298 0.0983413169493)
(3.28 0.0961810560189 0.0983211534223)
(3.28 0.0972480507484 0.09830252896)
(3.28 0.0982336026848 0.098285326087)
(3.28 0.0991439282866 0.0982694362945)
(3.28 0.0999847695156 0.0982547593563)
(3.36 0.0766801682037 0.0986615426853)
(3.36 0.0792356489842 0.0986169366024)
(3.36 0.0815960721072 0.0985757352635)
(3.36 0.0837763261566 0.0985376787875)
(3.36 0.0857901632833 0.0985025271297)
(3.36 0.0876502859484 0.0984700585678)
(3.36 0.0893684270448 0.0984400683034)
(3.36 0.0909554239042 0.0984123671702)
(3.36 0.0924212866537 0.0983867804407)
(3.36 0.093775261356 0.0983631467244)
(3.36 0.0950258883298 0.0983413169493)
(3.36 0.0961810560189 0.0983211534223)
(3.36 0.0972480507484 0.09830252896)
(3.36 0.0982336026848 0.098285326087)
(3.36 0.0991439282866 0.0982694362945)
(3.36 0.0999847695156 0.0982547593563)
(3.44 0.0766801682037 0.0986615426853)
(3.44 0.0792356489842 0.0986169366024)
(3.44 0.0815960721072 0.0985757352635)
(3.44 0.0837763261566 0.0985376787875)
(3.44 0.0857901632833 0.0985025271297)
(3.44 0.0876502859484 0.0984700585678)
(3.44 0.0893684270448 0.0984400683034)
(3.44 0.0909554239042 0.0984123671702)
(3.44 0.0924212866537 0.0983867804407)
(3.44 0.093775261356 0.0983631467244)
(3.44 0.0950258883298 0.0983413169493)
(3.44 0.0961810560189 0.0983211534223)
(3.44 0.0972480507484 0.09830252896)
(3.44 0.0982336026848 0.098285326087)
(3.44 0.0991439282866 0.0982694362945)
(3.44 0.0999847695156 0.0982547593563)
(3.52 0.0792356489842 0.0986169366024)
(3.52 0.0815960721072 0.0985757352635)
(3.52 0.0837763261566 0.0985376787875)
(3.52 0.0857901632833 0.0985025271297)
(3.52 0.0876502859484 0.0984700585678)
(3.52 0.0893684270448 0.0984400683034)
(3.52 0.0909554239042 0.0984123671702)
(3.52 0.0924212866537 0.0983867804407)
(3.52 0.093775261356 0.0983631467244)
(3.52 0.0950258883298 0.0983413169493)
(3.52 0.0961810560189 0.0983211534223)
(3.52 0.0972480507484 0.09830252896)
(3.52 0.0982336026848 0.098285326087)
(3.52 0.0991439282866 0.0982694362945)
(3.52 0.0999847695156 0.0982547593563)
(3.6 0.0792356489842 0.0986169366024)
(3.6 0.0815960721072 0.0985757352635)
(3.6 0.0837763261566 0.0985376787875)
(3.6 0.0857901632833 0.0985025271297)
(3.6 0.0876502859484 0.0984700585678)
(3.6 0.0893684270448 0.0984400683034)
(3.6 0.0909554239042 0.0984123671702)
(3.6 0.0924212866537 0.0983867804407)
(3.6 0.093775261356 0.0983631467244)
(3.6 0.0950258883298 0.0983413169493)
(3.6 0.0961810560189 0.0983211534223)
(3.6 0.0972480507484 0.09830252896)
(3.6 0.0982336026848 0.098285326087)
(3.6 0.0991439282866 0.0982694362945)
(3.6 0.0999847695156 0.0982547593563)
(3.68 0.0792356489842 0.0986169366024)
(3.68 0.0815960721072 0.0985757352635)
(3.68 0.0837763261566 0.0985376787875)
(3.68 0.0857901632833 0.0985025271297)
(3.68 0.0876502859484 0.0984700585678)
(3.68 0.0893684270448 0.0984400683034)
(3.68 0.0909554239042 0.0984123671702)
(3.68 0.0924212866537 0.0983867804407)
(3.68 0.093775261356 0.0983631467244)
(3.68 0.0950258883298 0.0983413169493)
(3.68 0.0961810560189 0.0983211534223)
(3.68 0.0972480507484 0.09830252896)
(3.68 0.0982336026848 0.098285326087)
(3.68 0.0991439282866 0.0982694362945)
(3.68 0.0999847695156 0.0982547593563)
(3.76 0.0792356489842 0.0986169366024)
(3.76 0.0815960721072 0.0985757352635)
(3.76 0.0837763261566 0.0985376787875)
(3.76 0.0857901632833 0.0985025271297)
(3.76 0.0876502859484 0.0984700585678)
(3.76 0.0893684270448 0.0984400683034)
(3.76 0.0909554239042 0.0984123671702)
(3.76 0.0924212866537 0.0983867804407)
(3.76 0.093775261356 0.0983631467244)
(3.76 0.0950258883298 0.0983413169493)
(3.76 0.0961810560189 0.0983211534223)
(3.76 0.0972480507484 0.09830252896)
(3.76 0.0982336026848 0.098285326087)
(3.76 0.0991439282866 0.0982694362945)
(3.76 0.0999847695156 0.0982547593563)
(3.84 0.0792356489842 0.0986169366024)
(3.84 0.0815960721072 0.0985757352635)
(3.84 0.0837763261566 0.0985376787875)
(3.84 0.0857901632833 0.0985025271297)
(3.84 0.0876502859484 0.0984700585678)
(3.84 0.0893684270448 0.0984400683034)
(3.84 0.0909554239042 0.0984123671702)
(3.84 0.0924212866537 0.0983867804407)
(3.84 0.093775261356 0.0983631467244)
(3.84 0.0950258883298 0.0983413169493)
(3.84 0.0961810560189 0.0983211534223)
(3.84 0.0972480507484 0.09830252896)
(3.84 0.0982336026848 0.098285326087)
(3.84 0.0991439282866 0.0982694362945)
(3.84 0.0999847695156 0.0982547593563)
(3.92 0.0792356489842 0.0986169366024)
(3.92 0.0815960721072 0.0985757352635)
(3.92 0.0837763261566 0.0985376787875)
(3.92 0.0857901632833 0.0985025271297)
(3.92 0.0876502859484 0.0984700585678)
(3.92 0.0893684270448 0.0984400683034)
(3.92 0.0909554239042 0.0984123671702)
(3.92 0.0924212866537 0.0983867804407)
(3.92 0.093775261356 0.0983631467244)
(3.92 0.0950258883298 0.0983413169493)
(3.92 0.0961810560189 0.0983211534223)
(3.92 0.0972480507484 0.09830252896)
(3.92 0.0982336026848 0.098285326087)
(3.92 0.0991439282866 0.0982694362945)
(3.92 0.0999847695156 0.0982547593563)
(4 0.0792356489842 0.0986169366024)
(4 0.0815960721072 0.0985757352635)
(4 0.0837763261566 0.0985376787875)
(4 0.0857901632833 0.0985025271297)
(4 0.0876502859484 0.0984700585678)
(4 0.0893684270448 0.0984400683034)
(4 0.0909554239042 0.0984123671702)
(4 0.0924212866537 0.0983867804407)
(4 0.093775261356 0.0983631467244)
(4 0.0950258883298 0.0983413169493)
(4 0.0961810560189 0.0983211534223)
(4 0.0972480507484 0.09830252896)
(4 0.0982336026848 0.098285326087)
(4 0.0991439282866 0.0982694362945)
(4 0.0999847695156 0.0982547593563)
(2.96 0.0766801682037 0.101338457315)
(2.96 0.0792356489842 0.101383063398)
(2.96 0.0815960721072 0.101424264737)
(2.96 0.0837763261566 0.101462321213)
(2.96 0.0857901632833 0.10149747287)
(2.96 0.0876502859484 0.101529941432)
(2.96 0.0893684270448 0.101559931697)
(2.96 0.0909554239042 0.10158763283)
(2.96 0.0924212866537 0.101613219559)
(2.96 0.093775261356 0.101636853276)
(2.96 0.0950258883298 0.101658683051)
(2.96 0.0961810560189 0.101678846578)
(2.96 0.0972480507484 0.10169747104)
(2.96 0.0982336026848 0.101714673913)
(2.96 0.0991439282866 0.101730563705)
(2.96 0.0999847695156 0.101745240644)
(3.04 0.0766801682037 0.101338457315)
(3.04 0.0792356489842 0.101383063398)
(3.04 0.0815960721072 0.101424264737)
(3.04 0.0837763261566 0.101462321213)
(3.04 0.0857901632833 0.10149747287)
(3.04 0.0876502859484 0.101529941432)
(3.04 0.0893684270448 0.101559931697)
(3.04 0.0909554239042 0.10158763283)
(3.04 0.0924212866537 0.101613219559)
(3.04 0.093775261356 0.101636853276)
(3.04 0.0950258883298 0.101658683051)
(3.04 0.0961810560189 0.101678846578)
(3.04 0.0972480507484 0.10169747104)
(3.04 0.0982336026848 0.101714673913)
(3.04 0.0991439282866 0.101730563705)
(3.04 0.0999847695156 0.101745240644)
(3.12 0.0766801682037 0.101338457315)
(3.12 0.0792356489842 0.101383063398)
(3.12 0.0815960721072 0.101424264737)
(3.12 0.0837763261566 0.101462321213)
(3.12 0.0857901632833 0.10149747287)
(3.12 0.0876502859484 0.101529941432)
(3.12 0.0893684270448 0.101559931697)
(3.12 0.0909554239042 0.10158763283)
(3.12 0.0924212866537 0.101613219559)
(3.12 0.093775261356 0.101636853276)
(3.12 0.0950258883298 0.101658683051)
(3.12 0.0961810560189 0.101678846578)
(3.12 0.0972480507484 0.10169747104)
(3.12 0.0982336026848 0.101714673913)
(3.12 0.0991439282866 0.101730563705)
(3.12 0.0999847695156 0.101745240644)
(3.2 0.0766801682037 0.101338457315)
(3.2 0.0792356489842 0.101383063398)
(3.2 0.0815960721072 0.101424264737)
(3.2 0.0837763261566 0.101462321213)
(3.2 0.0857901632833 0.10149747287)
(3.2 0.0876502859484 0.101529941432)
(3.2 0.0893684270448 0.101559931697)
(3.2 0.0909554239042 0.10158763283)
(3.2 0.0924212866537 0.101613219559)
(3.2 0.093775261356 0.101636853276)
(3.2 0.0950258883298 0.101658683051)
(3.2 0.0961810560189 0.101678846578)
(3.2 0.0972480507484 0.10169747104)
(3.2 0.0982336026848 0.101714673913)
(3.2 0.0991439282866 0.101730563705)
(3.2 0.0999847695156 0.101745240644)
(3.28 0.0766801682037 0.101338457315)
(3.28 0.0792356489842 0.101383063398)
(3.28 0.0815960721072 0.101424264737)
(3.28 0.0837763261566 0.101462321213)
(3.28 0.0857901632833 0.10149747287)
(3.28 0.0876502859484 0.101529941432)
(3.28 0.0893684270448 0.101559931697)
(3.28 0.0909554239042 0.10158763283)
(3.28 0.0924212866537 0.101613219559)
(3.28 0.093775261356 0.101636853276)
(3.28 0.0950258883298 0.101658683051)
(3.28 0.0961810560189 0.101678846578)
(3.28 0.0972480507484 0.10169747104)
(3.28 0.0982336026848 0.101714673913)
(3.28 0.0991439282866 0.101730563705)
(3.28 0.0999847695156 0.101745240644)
(3.36 0.0766801682037 0.101338457315)
(3.36 0.0792356489842 0.101383063398)
(3.36 0.0815960721072 0.101424264737)
(3.36 0.0837763261566 0.101462321213)
(3.36 0.0857901632833 0.10149747287)
(3.36 0.0876502859484 0.101529941432)
(3.36 0.0893684270448 0.101559931697)
(3.36 0.0909554239042 0.10158763283)
(3.36 0.0924212866537 0.101613219559)
(3.36 0.093775261356 0.101636853276)
(3.36 0.0950258883298 0.101658683051)
(3.36 0.0961810560189 0.101678846578)
(3.36 0.0972480507484 0.10169747104)
(3.36 0.0982336026848 0.101714673913)
(3.36 0.0991439282866 0.101730563705)
(3.36 0.0999847695156 0.101745240644)
(3.44 0.0766801682037 0.101338457315)
(3.44 0.0792356489842 0.101383063398)
(3.44 0.0815960721072 0.101424264737)
(3.44 0.0837763261566 0.101462321213)
(3.44 0.0857901632833 0.10149747287)
(3.44 0.0876502859484 0.101529941432)
(3.44 0.0893684270448 0.101559931697)
(3.44 0.0909554239042 0.10158763283)
(3.44 0.0924212866537 0.101613219559)
(3.44 0.093775261356 0.101636853276)
(3.44 0.0950258883298 0.101658683051)
(3.44 0.0961810560189 0.101678846578)
(3.44 0.0972480507484 0.10169747104)
(3.44 0.0982336026848 0.101714673913)
(3.44 0.0991439282866 0.101730563705)
(3.44 0.0999847695156 0.101745240644)
(3.52 0.0792356489842 0.101383063398)
(3.52 0.0815960721072 0.101424264737)
(3.52 0.0837763261566 0.101462321213)
(3.52 0.0857901632833 0.10149747287)
(3.52 0.0876502859484 0.101529941432)
(3.52 0.0893684270448 0.101559931697)
(3.52 0.0909554239042 0.10158763283)
(3.52 0.0924212866537 0.101613219559)
(3.52 0.093775261356 0.101636853276)
(3.52 0.0950258883298 0.101658683051)
(3.52 0.0961810560189 0.101678846578)
(3.52 0.0972480507484 0.10169747104)
(3.52 0.0982336026848 0.101714673913)
(3.52 0.0991439282866 0.101730563705)
(3.52 0.0999847695156 0.101745240644)
(3.6 0.0792356489842 0.101383063398)
(3.6 0.0815960721072 0.101424264737)
(3.6 0.0837763261566 0.101462321213)
(3.6 0.0857901632833 0.10149747287)
(3.6 0.0876502859484 0.101529941432)
(3.6 0.0893684270448 0.101559931697)
(3.6 0.0909554239042 0.10158763283)
(3.6 0.0924212866537 0.101613219559)
(3.6 0.093775261356 0.101636853276)
(3.6 0.0950258883298 0.101658683051)
(3.6 0.0961810560189 0.101678846578)
(3.6 0.0972480507484 0.10169747104)
(3.6 0.0982336026848 0.101714673913)
(3.6 0.0991439282866 0.101730563705)
(3.6 0.0999847695156 0.101745240644)
(3.68 0.0792356489842 0.101383063398)
(3.68 0.0815960721072 0.101424264737)
(3.68 0.0837763261566 0.101462321213)
(3.68 0.0857901632833 0.10149747287)
(3.68 0.0876502859484 0.101529941432)
(3.68 0.0893684270448 0.101559931697)
(3.68 0.0909554239042 0.10158763283)
(3.68 0.0924212866537 0.101613219559)
(3.68 0.093775261356 0.101636853276)
(3.68 0.0950258883298 0.101658683051)
(3.68 0.0961810560189 0.101678846578)
(3.68 0.0972480507484 0.10169747104)
(3.68 0.0982336026848 0.101714673913)
(3.68 0.0991439282866 0.101730563705)
(3.68 0.0999847695156 0.101745240644)
(3.76 0.0792356489842 0.101383063398)
(3.76 0.0815960721072 0.101424264737)
(3.76 0.0837763261566 0.101462321213)
(3.76 0.0857901632833 0.10149747287)
(3.76 0.0876502859484 0.101529941432)
(3.76 0.0893684270448 0.101559931697)
(3.76 0.0909554239042 0.10158763283)
(3.76 0.0924212866537 0.101613219559)
(3.76 0.093775261356 0.101636853276)
(3.76 0.0950258883298 0.101658683051)
(3.76 0.0961810560189 0.101678846578)
(3.76 0.0972480507484 0.10169747104)
(3.76 0.0982336026848 0.101714673913)
(3.76 0.0991439282866 0.101730563705)
(3.76 0.0999847695156 0.101745240644)
(3.84 0.0792356489842 0.101383063398)
(3.84 0.0815960721072 0.101424264737)
(3.84 0.0837763261566 0.101462321213)
(3.84 0.0857901632833 0.10149747287)
(3.84 0.0876502859484 0.101529941432)
(3.84 0.0893684270448 0.101559931697)
(3.84 0.0909554239042 0.10158763283)
(3.84 0.0924212866537 0.101613219559)
(3.84 0.093775261356 0.101636853276)
(3.84 0.0950258883298 0.101658683051)
(3.84 0.0961810560189 0.101678846578)
(3.84 0.0972480507484 0.10169747104)
(3.84 0.0982336026848 0.101714673913)
(3.84 0.0991439282866 0.101730563705)
(3.84 0.0999847695156 0.101745240644)
(3.92 0.0792356489842 0.101383063398)
(3.92 0.0815960721072 0.101424264737)
(3.92 0.0837763261566 0.101462321213)
(3.92 0.0857901632833 0.10149747287)
(3.92 0.0876502859484 0.101529941432)
(3.92 0.0893684270448 0.101559931697)
(3.92 0.0909554239042 0.10158763283)
(3.92 0.0924212866537 0.101613219559)
(3.92 0.093775261356 0.101636853276)
(3.92 0.0950258883298 0.101658683051)
(3.92 0.0961810560189 0.101678846578)
(3.92 0.0972480507484 0.10169747104)
(3.92 0.0982336026848 0.101714673913)
(3.92 0.0991439282866 0.101730563705)
(3.92 0.0999847695156 0.101745240644)
(4 0.0792356489842 0.101383063398)
(4 0.0815960721072 0.101424264737)
(4 0.0837763261566 0.101462321213)
(4 0.0857901632833 0.10149747287)
(4 0.0876502859484 0.101529941432)
(4 0.0893684270448 0.101559931697)
(4 0.0909554239042 0.10158763283)
(4 0.0924212866537 0.101613219559)
(4 0.093775261356 0.101636853276)
(4 0.0950258883298 0.101658683051)
(4 0.0961810560189 0.101678846578)
(4 0.0972480507484 0.10169747104)
(4 0.0982336026848 0.101714673913)
(4 0.0991439282866 0.101730563705)
(4 0.0999847695156 0.101745240644)
)


// ************************************************************************* //
