/*--------------------------------*- C++ -*----------------------------------*\
  =========                 |
  \\      /  F ield         | OpenFOAM: The Open Source CFD Toolbox
   \\    /   O peration     | Website:  https://openfoam.org
    \\  /    A nd           | Version:  12
     \\/     M anipulation  |
\*---------------------------------------------------------------------------*/
FoamFile
{
    format      ascii;
    class       volScalarField;
    location    "900";
    object      omega;
}
// * * * * * * * * * * * * * * * * * * * * * * * * * * * * * * * * * * * * * //

dimensions      [0 0 -1 0 0 0 0];

internalField   nonuniform List<scalar> 
466
(
52.978368
52.247949
51.51605
50.783001
50.049135
49.314785
48.580285
47.845968
47.112167
46.379214
45.647438
44.917165
44.18872
43.462422
42.738587
42.017525
41.299544
40.584942
52.978872
52.248469
51.516585
50.78355
50.049695
49.315355
48.580862
47.846549
47.11275
46.379797
45.648018
44.91774
44.189288
43.46298
42.739134
42.01806
41.300064
40.585446
52.979377
52.24899
51.51712
50.784098
50.050255
49.315923
48.581436
47.847128
47.113332
46.380378
45.648596
44.918314
44.189854
43.463538
42.739681
42.018594
41.300584
40.585952
52.979884
52.249512
51.517655
50.784645
50.050812
49.316489
48.582009
47.847705
47.11391
46.380956
45.649172
44.918885
44.190419
43.464094
42.740226
42.019128
41.301104
40.586457
52.980392
52.250033
51.51819
50.785191
50.051368
49.317052
48.582578
47.848279
47.114486
46.381532
45.649745
44.919453
44.190981
43.464647
42.74077
42.019659
41.301623
40.586961
52.9809
52.250554
51.518723
50.785735
50.051921
49.317613
48.583145
47.848849
47.115058
46.382103
45.650314
44.920018
44.19154
43.465198
42.741311
42.020189
41.302139
40.587463
52.981408
52.251074
51.519254
50.786276
50.052471
49.31817
48.583707
47.849415
47.115626
46.382671
45.65088
44.92058
44.192095
43.465745
42.741848
42.020716
41.302654
40.587963
52.981915
52.251593
51.519783
50.786815
50.053017
49.318723
48.584265
47.849976
47.116189
46.383233
45.65144
44.921136
44.192645
43.466288
42.742382
42.021239
41.303164
40.588461
52.98242
52.252109
51.520309
50.787349
50.05356
49.319272
48.584818
47.850532
47.116746
46.38379
45.651995
44.921687
44.193191
43.466826
42.742911
42.021757
41.303671
40.588954
52.982923
52.252622
51.520832
50.78788
50.054097
49.319815
48.585366
47.851083
47.117297
46.384341
45.652544
44.922232
44.19373
43.467359
42.743435
42.02227
41.304173
40.589443
52.983423
52.253132
51.52135
50.788406
50.054629
49.320352
48.585907
47.851626
47.117842
46.384885
45.653086
44.92277
44.194263
43.467884
42.743952
42.022778
41.304669
40.589926
52.98392
52.253637
51.521863
50.788926
50.055155
49.320883
48.586441
47.852163
47.118379
46.385422
45.65362
44.923301
44.194788
43.468403
42.744462
42.023278
41.305159
40.590404
52.984411
52.254136
51.522369
50.789438
50.055673
49.321406
48.586967
47.85269
47.118907
46.385949
45.654145
44.923822
44.195304
43.468913
42.744964
42.023771
41.30564
40.590874
52.984898
52.25463
51.52287
50.789945
50.056185
49.321921
48.587485
47.85321
47.119428
46.386468
45.654662
44.924335
44.195812
43.469414
42.745458
42.024256
41.306115
40.591337
52.985416
52.255155
51.523401
50.79048
50.056724
49.322464
48.58803
47.853756
47.119974
46.387013
45.655204
44.924873
44.196345
43.46994
42.745976
42.024765
41.306614
40.591824
52.986134
52.25588
51.524131
50.791215
50.057463
49.323205
48.588773
47.854499
47.120716
46.387753
45.655941
44.925605
44.197071
43.470659
42.746686
42.025465
41.307302
248.7019
138.01757
98.004587
79.246647
69.038887
62.953458
59.107341
56.58072
54.876886
53.707
248.7019
138.01766
98.004679
79.246779
69.039086
62.953736
59.107694
56.581132
54.877342
53.707486
248.7019
138.01776
98.004777
79.24692
69.039296
62.954024
59.108055
56.581551
54.877803
53.707975
248.7019
138.01788
98.004882
79.247069
69.039516
62.954322
59.108424
56.581976
54.878267
53.708466
248.7019
138.018
98.004994
79.247226
69.039745
62.954629
59.1088
56.582406
54.878735
53.708959
248.7019
138.01813
98.005113
79.247392
69.039983
62.954945
59.109183
56.58284
54.879205
53.709453
248.7019
138.01827
98.005239
79.247566
69.04023
62.955268
59.109572
56.583279
54.879677
53.709947
248.7019
138.01843
98.005373
79.247749
69.040487
62.955599
59.109966
56.58372
54.88015
53.710442
248.7019
138.01859
98.005514
79.24794
69.040751
62.955937
59.110365
56.584164
54.880624
53.710936
248.7019
138.01877
98.005661
79.248139
69.041023
62.956282
59.110768
56.584609
54.881098
53.711428
248.7019
138.01897
98.005815
79.248346
69.041303
62.956631
59.111174
56.585055
54.881571
53.711918
248.7019
138.01918
98.005975
79.24856
69.041588
62.956985
59.111582
56.5855
54.882042
53.712405
248.7019
138.0194
98.00614
79.248781
69.04188
62.957342
59.11199
56.585944
54.882509
53.712888
248.7019
138.01964
98.006307
79.249007
69.042175
62.957701
59.112399
56.586387
54.882974
53.713366
248.7019
138.01988
98.006499
79.249269
69.04251
62.9581
59.112844
56.586864
54.883472
53.713877
248.7019
138.02009
98.006785
79.249694
69.043036
62.958698
59.113491
56.587543
54.884171
53.714588
248.7019
138.02026
98.00704
79.250058
69.043493
62.959225
59.114067
56.58815
54.884797
53.715227
52.986779
52.256531
51.524788
50.791877
50.058129
49.323873
48.589443
47.855171
47.121387
)
;

boundaryField
{
    inlet
    {
        type            fixedValue;
        value           uniform 750;
    }
    top
    {
        type            zeroGradient;
    }
    outlet
    {
        type            zeroGradient;
    }
    slipsurface
    {
        type            slip;
    }
    bottom
    {
        beta1           0.075;
        blended         false;
        type            omegaWallFunction;
        value           nonuniform List<scalar> 0();
    }
    frontandback
    {
        type            empty;
    }
    procBoundary2to0
    {
        type            processor;
        value           nonuniform List<scalar> 
17
(
39.874013
39.874501
39.87499
39.875479
39.875968
39.876455
39.87694
39.877423
39.877902
39.878377
39.878847
39.879311
39.879768
39.880218
39.880693
40.5925
40.5925
)
;
    }
    procBoundary2to3
    {
        type            processor;
        value           nonuniform List<scalar> 
28
(
46.388423
45.656607
44.926268
44.197728
43.471309
42.747328
42.026097
41.307924
248.7019
138.02031
98.007208
79.250305
69.043833
62.959637
59.114531
56.588648
54.885316
53.715759
52.987319
52.257078
51.525341
50.792436
50.058692
49.32444
48.590013
47.855742
46.388423
47.121958
)
;
    }
    procBoundary2to6
    {
        type            processor;
        value           nonuniform List<scalar> 
28
(
52.977867
52.24743
51.515515
50.782452
50.048574
49.314214
48.579707
47.845385
47.111582
46.37863
45.646856
44.916589
44.188152
43.461863
42.738039
42.016991
41.299024
40.584438
248.7019
138.01748
98.004502
79.246523
69.038697
62.953191
59.106998
56.580314
54.876434
53.706518
)
;
    }
}


// ************************************************************************* //
