/*--------------------------------*- C++ -*----------------------------------*\
  =========                 |
  \\      /  F ield         | OpenFOAM: The Open Source CFD Toolbox
   \\    /   O peration     | Website:  https://openfoam.org
    \\  /    A nd           | Version:  12
     \\/     M anipulation  |
\*---------------------------------------------------------------------------*/
FoamFile
{
    format      ascii;
    class       volScalarField;
    location    "100";
    object      nut;
}
// * * * * * * * * * * * * * * * * * * * * * * * * * * * * * * * * * * * * * //

dimensions      [0 2 -1 0 0 0 0];

internalField   nonuniform List<scalar> 
812
(
1.573255e-06
1.568952e-06
1.5646602e-06
1.5603842e-06
1.5561275e-06
1.551893e-06
1.5476836e-06
1.5435021e-06
1.5393506e-06
1.5352306e-06
1.531143e-06
1.5270884e-06
1.5230674e-06
1.5190802e-06
1.5151266e-06
1.5112063e-06
1.5073192e-06
1.5034649e-06
1.4996431e-06
1.4958533e-06
1.4920952e-06
1.488368e-06
1.4846714e-06
1.4810048e-06
1.4773677e-06
1.4737593e-06
1.4701789e-06
1.4666256e-06
1.4630985e-06
1.4595965e-06
1.4561186e-06
1.4526638e-06
1.4492311e-06
1.4458196e-06
1.4424285e-06
1.4390571e-06
1.4357042e-06
1.8852561e-06
1.8811242e-06
1.8769625e-06
1.8727791e-06
1.868581e-06
1.8643743e-06
1.8601646e-06
1.8559571e-06
1.8517565e-06
1.8475662e-06
1.843389e-06
1.8392271e-06
1.8350826e-06
1.830957e-06
1.8268513e-06
1.8227665e-06
1.8187033e-06
1.8146623e-06
1.8106441e-06
1.8066489e-06
1.802677e-06
1.7987285e-06
1.7948035e-06
1.7909021e-06
1.7870242e-06
1.7831696e-06
1.7793379e-06
1.7755287e-06
1.7717413e-06
1.767975e-06
1.764229e-06
1.7605025e-06
1.7567945e-06
1.7531047e-06
1.7494323e-06
1.7457768e-06
1.7421371e-06
2.2161988e-06
2.2124504e-06
2.2086188e-06
2.204717e-06
2.2007562e-06
2.1967462e-06
2.1926962e-06
2.1886146e-06
2.1845088e-06
2.1803851e-06
2.1762483e-06
2.1721029e-06
2.1679528e-06
2.1638013e-06
2.1596509e-06
2.1555041e-06
2.1513628e-06
2.1472289e-06
2.1431042e-06
2.1389898e-06
2.1348868e-06
2.1307963e-06
2.1267193e-06
2.1226565e-06
2.1186086e-06
2.1145759e-06
2.1105586e-06
2.1065569e-06
2.1025706e-06
2.0985993e-06
2.0946425e-06
2.0906997e-06
2.0867704e-06
2.0828544e-06
2.0789512e-06
2.0750607e-06
2.0711819e-06
2.5652891e-06
2.5621638e-06
2.5588877e-06
2.5554796e-06
2.5519557e-06
2.5483307e-06
2.544618e-06
2.54083e-06
2.5369776e-06
2.5330702e-06
2.5291156e-06
2.525121e-06
2.5210926e-06
2.5170358e-06
2.5129553e-06
2.5088551e-06
2.5047391e-06
2.5006107e-06
2.496473e-06
2.4923284e-06
2.4881793e-06
2.4840279e-06
2.479876e-06
2.4757256e-06
2.4715781e-06
2.4674346e-06
2.4632962e-06
2.4591637e-06
2.4550376e-06
2.4509179e-06
2.4468046e-06
2.4426977e-06
2.4385971e-06
2.4345029e-06
2.4304152e-06
2.426334e-06
2.4222587e-06
2.9328263e-06
2.930614e-06
2.9281659e-06
2.9255078e-06
2.9226621e-06
2.9196494e-06
2.9164883e-06
2.9131959e-06
2.9097875e-06
2.9062764e-06
2.9026742e-06
2.8989912e-06
2.8952365e-06
2.8914184e-06
2.8875439e-06
2.8836195e-06
2.8796511e-06
2.875644e-06
2.8716032e-06
2.8675329e-06
2.8634368e-06
2.8593184e-06
2.8551811e-06
2.8510281e-06
2.8468617e-06
2.8426844e-06
2.8384981e-06
2.8343044e-06
2.8301046e-06
2.8258997e-06
2.8216902e-06
2.8174765e-06
2.8132592e-06
2.8090389e-06
2.8048162e-06
2.8005916e-06
2.7963648e-06
3.3197093e-06
3.3187738e-06
3.3174966e-06
3.3159118e-06
3.3140495e-06
3.3119371e-06
3.3095996e-06
3.3070598e-06
3.3043385e-06
3.3014539e-06
3.2984217e-06
3.2952563e-06
3.2919706e-06
3.2885761e-06
3.2850831e-06
3.2815008e-06
3.2778378e-06
3.274102e-06
3.2703005e-06
3.2664395e-06
3.2625249e-06
3.2585618e-06
3.2545553e-06
3.25051e-06
3.24643e-06
3.2423189e-06
3.2381798e-06
3.2340156e-06
3.2298287e-06
3.2256209e-06
3.2213935e-06
3.2171478e-06
3.2128849e-06
3.2086064e-06
3.2043133e-06
3.2000067e-06
3.1956869e-06
3.7269714e-06
3.7277737e-06
3.7281034e-06
3.7280045e-06
3.7275162e-06
3.7266742e-06
3.7255111e-06
3.7240568e-06
3.7223384e-06
3.7203798e-06
3.7182024e-06
3.7158252e-06
3.7132657e-06
3.7105395e-06
3.7076607e-06
3.7046421e-06
3.7014955e-06
3.698232e-06
3.6948614e-06
3.6913926e-06
3.6878337e-06
3.6841921e-06
3.6804751e-06
3.6766893e-06
3.6728404e-06
3.6689338e-06
3.6649742e-06
3.660966e-06
3.6569128e-06
3.6528177e-06
3.6486832e-06
3.6445113e-06
3.6403043e-06
3.6360645e-06
3.6317937e-06
3.627494e-06
3.6231661e-06
4.155401e-06
4.1585212e-06
4.1610085e-06
4.1629185e-06
4.1643014e-06
4.1652026e-06
4.1656638e-06
4.1657234e-06
4.1654159e-06
4.1647723e-06
4.1638205e-06
4.1625854e-06
4.1610898e-06
4.1593544e-06
4.157398e-06
4.1552376e-06
4.1528892e-06
4.1503674e-06
4.1476857e-06
4.1448562e-06
4.1418897e-06
4.1387966e-06
4.1355866e-06
4.1322688e-06
4.1288513e-06
4.1253414e-06
4.1217459e-06
4.118071e-06
4.114322e-06
4.1105035e-06
4.1066194e-06
4.102673e-06
4.0986677e-06
4.0946069e-06
4.0904937e-06
4.0863308e-06
4.08212e-06
4.6052448e-06
4.6114037e-06
4.6167353e-06
4.6213088e-06
4.6251871e-06
4.6284273e-06
4.6310819e-06
4.6331989e-06
4.6348221e-06
4.6359909e-06
4.6367406e-06
4.6371034e-06
4.6371085e-06
4.6367826e-06
4.63615e-06
4.6352332e-06
4.6340528e-06
4.6326282e-06
4.630977e-06
4.629115e-06
4.6270569e-06
4.6248163e-06
4.6224061e-06
4.6198383e-06
4.6171239e-06
4.6142728e-06
4.6112942e-06
4.6081964e-06
4.6049871e-06
4.6016726e-06
4.5982587e-06
4.5947502e-06
4.5911519e-06
4.5874688e-06
4.5837051e-06
4.5798649e-06
4.5759509e-06
5.0759656e-06
5.0860481e-06
5.0950692e-06
5.1031142e-06
5.1102609e-06
5.1165802e-06
5.122137e-06
5.126991e-06
5.1311966e-06
5.1348032e-06
5.137855e-06
5.1403926e-06
5.1424529e-06
5.14407e-06
5.1452747e-06
5.1460958e-06
5.1465597e-06
5.1466913e-06
5.1465133e-06
5.1460462e-06
5.1453089e-06
5.1443192e-06
5.1430939e-06
5.1416484e-06
5.1399972e-06
5.1381533e-06
5.1361289e-06
5.1339351e-06
5.1315821e-06
5.1290788e-06
5.1264329e-06
5.1236514e-06
5.1207407e-06
5.1177076e-06
5.1145583e-06
5.1112979e-06
5.1079306e-06
5.5660227e-06
5.5811036e-06
5.5948435e-06
5.6073464e-06
5.6187073e-06
5.6290131e-06
5.6383438e-06
5.6467726e-06
5.6543661e-06
5.6611855e-06
5.6672857e-06
5.6727171e-06
5.6775258e-06
5.6817543e-06
5.6854415e-06
5.6886234e-06
5.6913336e-06
5.6936034e-06
5.6954615e-06
5.696934e-06
5.6980452e-06
5.6988175e-06
5.6992724e-06
5.6994298e-06
5.699308e-06
5.698924e-06
5.6982934e-06
5.6974308e-06
5.6963495e-06
5.6950614e-06
5.6935767e-06
5.6919049e-06
5.6900548e-06
5.6880352e-06
5.6858543e-06
5.683519e-06
5.6810352e-06
6.0726449e-06
6.0940198e-06
6.1137213e-06
6.1318752e-06
6.1485968e-06
6.1639918e-06
6.1781573e-06
6.1911824e-06
6.2031485e-06
6.21413e-06
6.2241947e-06
6.2334044e-06
6.2418162e-06
6.2494823e-06
6.2564511e-06
6.2627675e-06
6.2684732e-06
6.2736072e-06
6.2782054e-06
6.2823007e-06
6.2859234e-06
6.2891019e-06
6.291863e-06
6.2942318e-06
6.2962315e-06
6.2978837e-06
6.2992082e-06
6.3002236e-06
6.3009472e-06
6.3013941e-06
6.3015782e-06
6.3015116e-06
6.3012058e-06
6.3006725e-06
6.2999223e-06
6.2989641e-06
6.2978058e-06
6.5915732e-06
6.6207946e-06
6.6479495e-06
6.6731889e-06
6.6966516e-06
6.7184653e-06
6.7387472e-06
6.7576049e-06
6.7751368e-06
6.7914332e-06
6.8065765e-06
6.8206423e-06
6.8337001e-06
6.8458141e-06
6.8570438e-06
6.8674441e-06
6.8770667e-06
6.8859597e-06
6.8941673e-06
6.9017305e-06
6.9086868e-06
6.9150716e-06
6.920918e-06
6.9262575e-06
6.9311191e-06
6.9355295e-06
6.9395137e-06
6.9430953e-06
6.946296e-06
6.9491353e-06
6.9516309e-06
6.9537985e-06
6.9556531e-06
6.9572093e-06
6.958481e-06
6.9594793e-06
6.9602149e-06
7.116755e-06
7.1556759e-06
7.1920668e-06
7.2261081e-06
7.2579659e-06
7.2877935e-06
7.3157314e-06
7.3419089e-06
7.366444e-06
7.3894457e-06
7.4110136e-06
7.4312392e-06
7.4502069e-06
7.4679947e-06
7.4846749e-06
7.5003148e-06
7.5149775e-06
7.5287216e-06
7.5416016e-06
7.5536677e-06
7.564966e-06
7.5755401e-06
7.585431e-06
7.5946773e-06
7.6033148e-06
7.6113767e-06
7.6188942e-06
7.6258964e-06
7.6324105e-06
7.6384613e-06
7.6440709e-06
7.6492598e-06
7.6540466e-06
7.6584498e-06
7.6624873e-06
7.6661728e-06
7.6695203e-06
7.6399783e-06
7.6908022e-06
7.7385516e-06
7.7834411e-06
7.8256681e-06
7.8654159e-06
7.902852e-06
7.9381307e-06
7.971393e-06
8.0027697e-06
8.0323802e-06
8.0603347e-06
8.0867351e-06
8.1116755e-06
8.1352435e-06
8.1575206e-06
8.1785833e-06
8.1985029e-06
8.2173456e-06
8.2351725e-06
8.2520403e-06
8.2680019e-06
8.2831076e-06
8.2974046e-06
8.3109367e-06
8.3237449e-06
8.3358674e-06
8.3473402e-06
8.3581971e-06
8.3684689e-06
8.3781835e-06
8.3873664e-06
8.3960413e-06
8.4042312e-06
8.4119586e-06
8.4192407e-06
8.4260951e-06
8.150434e-06
8.2157727e-06
8.2773994e-06
8.3355684e-06
8.3905135e-06
8.442452e-06
8.4915828e-06
8.5380892e-06
8.5821391e-06
8.6238879e-06
8.6634786e-06
8.7010433e-06
8.7367039e-06
8.7705736e-06
8.8027577e-06
8.8333545e-06
8.8624561e-06
8.8901487e-06
8.9165123e-06
8.9416209e-06
8.9655433e-06
8.988344e-06
9.0100838e-06
9.0308203e-06
9.0506068e-06
9.0694933e-06
9.0875264e-06
9.1047505e-06
9.1212069e-06
9.1369339e-06
9.1519661e-06
9.1663353e-06
9.1800713e-06
9.1932022e-06
9.2057564e-06
9.2177552e-06
9.2292209e-06
8.6341993e-06
8.7171372e-06
8.7956203e-06
8.8699483e-06
8.9403963e-06
9.0072211e-06
9.0706573e-06
9.1309218e-06
9.1882132e-06
9.2427157e-06
9.2945996e-06
9.3440221e-06
9.3911288e-06
9.4360549e-06
9.4789262e-06
9.5198607e-06
9.5589689e-06
9.5963542e-06
9.6321129e-06
9.666334e-06
9.6991007e-06
9.7304908e-06
9.7605781e-06
9.7894319e-06
9.8171171e-06
9.8436941e-06
9.8692197e-06
9.893748e-06
9.9173294e-06
9.940011e-06
9.9618356e-06
9.9828424e-06
1.0003069e-05
1.0022549e-05
1.0041318e-05
1.0059403e-05
1.0076831e-05
9.0736347e-06
9.1777999e-06
9.2766488e-06
9.3705326e-06
9.459774e-06
9.5446738e-06
9.6255078e-06
9.7025311e-06
9.7759776e-06
9.8460646e-06
9.9129937e-06
9.9769512e-06
1.003811e-05
1.0096631e-05
1.0152664e-05
1.0206349e-05
1.0257818e-05
1.0307196e-05
1.0354596e-05
1.0400126e-05
1.0443886e-05
1.0485969e-05
1.0526464e-05
1.0565455e-05
1.060302e-05
1.0639231e-05
1.0674157e-05
1.0707865e-05
1.0740414e-05
1.0771864e-05
1.0802265e-05
1.0831668e-05
1.0860116e-05
1.0887654e-05
1.0914323e-05
1.0940158e-05
1.0965193e-05
9.44669e-06
9.576329e-06
9.6996586e-06
9.8170882e-06
9.9289939e-06
1.0035726e-05
1.0137607e-05
1.0234934e-05
1.0327983e-05
1.0417007e-05
1.0502244e-05
1.0583915e-05
1.0662224e-05
1.0737359e-05
1.08095e-05
1.0878811e-05
1.0945451e-05
1.1009566e-05
1.1071293e-05
1.113076e-05
1.1188084e-05
1.124338e-05
1.1296754e-05
1.1348305e-05
1.1398126e-05
1.1446306e-05
1.1492928e-05
1.1538071e-05
1.1581808e-05
1.162421e-05
1.1665341e-05
1.1705259e-05
1.1744021e-05
1.178168e-05
1.1818287e-05
1.1853886e-05
1.1888518e-05
9.7261243e-06
9.8861756e-06
1.0038782e-05
1.0184418e-05
1.0323519e-05
1.0456489e-05
1.0583702e-05
1.0705504e-05
1.0822215e-05
1.0934132e-05
1.1041533e-05
1.1144676e-05
1.1243801e-05
1.1339132e-05
1.1430877e-05
1.1519232e-05
1.1604383e-05
1.1686503e-05
1.1765755e-05
1.184229e-05
1.1916249e-05
1.1987768e-05
1.2056972e-05
1.212398e-05
1.2188905e-05
1.2251852e-05
1.2312919e-05
1.2372203e-05
1.2429792e-05
1.248577e-05
1.2540215e-05
1.25932e-05
1.2644793e-05
1.2695057e-05
1.2744057e-05
1.2791845e-05
1.2838475e-05
9.8786656e-06
1.0074817e-05
1.0262245e-05
1.0441491e-05
1.0613053e-05
1.0777394e-05
1.0934944e-05
1.1086099e-05
1.1231232e-05
1.1370686e-05
1.1504783e-05
1.1633826e-05
1.1758094e-05
1.1877847e-05
1.199333e-05
1.2104772e-05
1.2212393e-05
1.2316395e-05
1.241697e-05
1.2514295e-05
1.260854e-05
1.2699863e-05
1.2788415e-05
1.2874338e-05
1.2957763e-05
1.3038816e-05
1.3117616e-05
1.3194276e-05
1.3268904e-05
1.3341601e-05
1.341246e-05
1.3481568e-05
1.3549011e-05
1.3614863e-05
1.3679202e-05
1.3742098e-05
1.3803612e-05
1.0331463e-05
1.0550513e-05
1.0760595e-05
1.0962234e-05
1.1155916e-05
1.1342091e-05
1.1521186e-05
1.1693595e-05
1.185969e-05
1.2019818e-05
1.2174304e-05
1.2323447e-05
1.2467533e-05
1.2606829e-05
1.2741589e-05
1.2872053e-05
1.2998442e-05
1.3120966e-05
1.3239824e-05
1.3355203e-05
1.346728e-05
1.3576224e-05
1.368219e-05
1.3785325e-05
1.3885773e-05
1.3983669e-05
1.407914e-05
1.4172306e-05
1.426328e-05
1.4352168e-05
1.4439071e-05
1.4524081e-05
1.4607292e-05
1.4688789e-05
1.4768648e-05
)
;

boundaryField
{
    bottom
    {
        type            nutUSpaldingWallFunction;
        Cmu             0.09;
        kappa           0.41;
        E               9.8;
        value           nonuniform List<scalar> 0();
    }
    back
    {
        type            empty;
    }
    front
    {
        type            empty;
    }
    inlet
    {
        type            calculated;
        value           nonuniform List<scalar> 0();
    }
    outlet
    {
        type            calculated;
        value           nonuniform List<scalar> 0();
    }
    top
    {
        type            calculated;
        value           nonuniform List<scalar> 0();
    }
    slipsurface
    {
        type            slip;
    }
    procBoundary9to6
    {
        type            processor;
        value           nonuniform List<scalar> 8(1.577562e-06 1.8893463e-06 2.219847e-06 2.5682402e-06 2.934772e-06 3.3202633e-06 3.7256461e-06 4.151585e-06);
    }
    procBoundary9to7
    {
        type            processor;
        value           nonuniform List<scalar> 
20
(
4.5981807e-06
5.0647265e-06
5.549485e-06
6.0494569e-06
6.5601172e-06
7.0751033e-06
7.5858415e-06
8.081102e-06
8.5464764e-06
8.9637684e-06
9.3102977e-06
9.5581237e-06
9.6732233e-06
9.8641807e-06
1.0102883e-05
1.0102883e-05
1.0200229e-05
1.0466044e-05
1.0721502e-05
1.0967183e-05
)
;
    }
    procBoundary9to8
    {
        type            processor;
        value           nonuniform List<scalar> 
37
(
1.2824585e-06
1.2781859e-06
1.2739549e-06
1.269767e-06
1.2656233e-06
1.2615242e-06
1.2574703e-06
1.2534625e-06
1.249501e-06
1.2455857e-06
1.2417162e-06
1.2378918e-06
1.2341119e-06
1.2303757e-06
1.2266822e-06
1.2230304e-06
1.2194191e-06
1.2158475e-06
1.2123146e-06
1.2088194e-06
1.2053609e-06
1.2019381e-06
1.19855e-06
1.1951959e-06
1.1918746e-06
1.1885852e-06
1.1853265e-06
1.1820976e-06
1.1788972e-06
1.1757242e-06
1.1725773e-06
1.1694554e-06
1.1663575e-06
1.1632824e-06
1.1602293e-06
1.1571974e-06
1.1541853e-06
)
;
    }
    procBoundary9to11
    {
        type            processor;
        value           nonuniform List<scalar> 
20
(
1.4323676e-06
1.7385109e-06
2.0673126e-06
2.4181872e-06
2.792134e-06
3.1913526e-06
3.6188095e-06
4.0778614e-06
4.5719644e-06
5.1044591e-06
5.6784071e-06
6.2964539e-06
6.9606965e-06
7.6725413e-06
8.432537e-06
9.2401725e-06
1.0093626e-05
1.0989456e-05
1.1922215e-05
1.2883981e-05
)
;
    }
    procBoundary9to14
    {
        type            processor;
        value           nonuniform List<scalar> 
27
(
1.1203624e-05
1.1431327e-05
1.1650769e-05
1.1862398e-05
1.2066636e-05
1.2263879e-05
1.2454495e-05
1.263883e-05
1.2817211e-05
1.2989947e-05
1.3157333e-05
1.3319643e-05
1.3477136e-05
1.3630055e-05
1.3778633e-05
1.392309e-05
1.4063636e-05
1.4200464e-05
1.4333759e-05
1.4463696e-05
1.4590442e-05
1.4714158e-05
1.4834995e-05
1.4953096e-05
1.5068595e-05
1.5181618e-05
1.529229e-05
)
;
    }
    procBoundary9to15
    {
        type            processor;
        value           nonuniform List<scalar> 6(1.386379e-05 1.5400719e-05 1.5507018e-05 1.5611293e-05 1.4846932e-05 1.5713635e-05);
    }
}


// ************************************************************************* //
