/*--------------------------------*- C++ -*----------------------------------*\
  =========                 |
  \\      /  F ield         | OpenFOAM: The Open Source CFD Toolbox
   \\    /   O peration     | Website:  https://openfoam.org
    \\  /    A nd           | Version:  12
     \\/     M anipulation  |
\*---------------------------------------------------------------------------*/
FoamFile
{
    format      ascii;
    class       volScalarField;
    location    "700";
    object      nut;
}
// * * * * * * * * * * * * * * * * * * * * * * * * * * * * * * * * * * * * * //

dimensions      [0 2 -1 0 0 0 0];

internalField   nonuniform List<scalar> 
1776
(
0.00011776033
0.00011979552
0.00012183135
0.00012164223
0.00012145225
0.00012126073
0.00012386734
0.00012367578
0.00012348348
0.00012328975
0.00012590309
0.00012570903
0.00012551433
0.00012531821
0.00012512047
0.00012492097
0.00012471975
0.00012793849
0.00012774185
0.00012754467
0.00012734613
0.00012714603
0.00012694426
0.00012674089
0.00012997373
0.00012977443
0.00012957468
0.00012937365
0.00012917112
0.00012896699
0.00012876125
0.00012855384
0.00012834471
0.00012813388
0.00012792134
0.0001277071
0.00012749113
0.00012727342
0.00012705397
0.00012683275
0.00012660975
0.00012638494
0.00012615831
0.00012592981
0.00012569942
0.00012546709
0.00012523277
0.00012499642
0.00012475799
0.0001245174
0.0001242746
0.00012402952
0.00012378209
0.00012353223
0.00012327986
0.00012302491
0.0001227673
0.00012250692
0.0001222437
0.00012197755
0.00012170835
0.00012143616
0.00013200938
0.00013180734
0.00013160495
0.00013140134
0.00013119629
0.00013098972
0.00013078158
0.00013057184
0.00013036049
0.00013014748
0.00012993281
0.00012971647
0.00012949843
0.00012927869
0.00012905724
0.00012883406
0.00012860913
0.00012838243
0.00012815394
0.00012792361
0.00012769143
0.00012745734
0.00012722131
0.00012698328
0.00012674321
0.00012650103
0.00012625667
0.00012601009
0.00012576119
0.00012550992
0.0001252562
0.00012499995
0.00012474108
0.00012447951
0.00012421515
0.00012394793
0.00012367772
0.00012340454
0.00013404645
0.00013384159
0.00013363647
0.0001334302
0.00013322255
0.00013301345
0.00013280283
0.00013259068
0.00013237697
0.00013216167
0.00013194476
0.00013172623
0.00013150605
0.00013128421
0.0001310607
0.0001308355
0.00013060859
0.00013037995
0.00013014954
0.00012991735
0.00012968333
0.00012944745
0.00012920966
0.00012896991
0.00012872816
0.00012848435
0.00012823841
0.00012799029
0.00012773991
0.00012748721
0.0001272321
0.00012697452
0.00012671439
0.00012645161
0.00012618611
0.00012591781
0.00012564657
0.00012537247
0.00013608649
0.00013587873
0.00013567079
0.00013546178
0.00013525145
0.00013503973
0.00013482655
0.00013461191
0.00013439575
0.00013417806
0.00013395882
0.00013373801
0.0001335156
0.00013329158
0.00013306593
0.00013283864
0.00013260968
0.00013237902
0.00013214665
0.00013191252
0.00013167661
0.00013143889
0.00013119929
0.00013095779
0.00013071432
0.00013046884
0.00013022128
0.00012997159
0.0001297197
0.00012946553
0.00012920902
0.00012895009
0.00012868867
0.00012842467
0.00012815801
0.00012788862
0.00012761636
0.00012734131
0.0001381317
0.00013792094
0.0001377101
0.00013749825
0.00013728516
0.00013707072
0.0001368549
0.00013663767
0.00013641898
0.00013619882
0.00013597716
0.00013575398
0.00013552926
0.00013530298
0.00013507512
0.00013484565
0.00013461456
0.00013438182
0.00013414741
0.00013391129
0.00013367344
0.0001334338
0.00013319235
0.00013294904
0.00013270381
0.00013245661
0.00013220739
0.00013195609
0.00013170265
0.00013144699
0.00013118904
0.00013092874
0.00013066601
0.00013040076
0.00013013293
0.00012986242
0.00012958913
0.00012931312
0.00014018497
0.00013997112
0.00013975729
0.00013954252
0.00013932656
0.00013910933
0.00013889078
0.00013867087
0.00013844956
0.00013822684
0.00013800268
0.00013777705
0.00013754993
0.0001373213
0.00013709114
0.00013685943
0.00013662613
0.00013639124
0.00013615472
0.00013591654
0.00013567667
0.00013543507
0.0001351917
0.00013494652
0.00013469947
0.00013445052
0.00013419959
0.00013394664
0.0001336916
0.0001334344
0.00013317499
0.00013291328
0.00013264921
0.0001323827
0.00013211366
0.00013184203
0.00013156768
0.00013129071
0.00014225005
0.00014203303
0.00014181611
0.00014159833
0.00014137942
0.0001411593
0.00014093792
0.00014071524
0.00014049123
0.00014026586
0.0001400391
0.00013981093
0.00013958133
0.00013935027
0.00013911773
0.00013888369
0.00013864812
0.000138411
0.00013817229
0.00013793198
0.00013769003
0.0001374464
0.00013720105
0.00013695394
0.00013670502
0.00013645425
0.00013620157
0.00013594691
0.00013569024
0.00013543147
0.00013517054
0.0001349074
0.00013464195
0.00013437414
0.00013410388
0.0001338311
0.00013355569
0.00013327773
0.00014433168
0.00014411139
0.00014389129
0.0001436704
0.00014344844
0.00014322534
0.00014300103
0.00014277549
0.00014254868
0.00014232057
0.00014209113
0.00014186034
0.00014162816
0.00014139459
0.00014115958
0.00014092313
0.0001406852
0.00014044578
0.00014020482
0.00013996231
0.0001397182
0.00013947247
0.00013922508
0.00013897598
0.00013872514
0.00013847249
0.00013821799
0.00013796159
0.00013770323
0.00013744284
0.00013718037
0.00013691574
0.00013664889
0.00013637975
0.00013610824
0.00013583429
0.00013555778
0.00013527882
0.00014643567
0.00014621201
0.00014598864
0.00014576454
0.00014553945
0.00014531327
0.00014508595
0.00014485745
0.00014462775
0.0001443968
0.00014416459
0.00014393108
0.00014369625
0.00014346007
0.00014322252
0.00014298357
0.0001427432
0.00014250139
0.0001422581
0.00014201331
0.00014176699
0.00014151909
0.00014126959
0.00014101844
0.0001407656
0.00014051102
0.00014025466
0.00013999646
0.00013973636
0.00013947431
0.00013921024
0.00013894409
0.0001386758
0.00013840529
0.0001381325
0.00013785734
0.00013757972
0.00013729974
0.00014856911
0.00014834198
0.00014811525
0.00014788785
0.00014765952
0.00014743017
0.00014719974
0.0001469682
0.00014673551
0.00014650164
0.00014626656
0.00014603024
0.00014579266
0.00014555379
0.0001453136
0.00014507208
0.00014482919
0.00014458491
0.00014433922
0.00014409207
0.00014384345
0.00014359332
0.00014334164
0.00014308838
0.00014283349
0.00014257692
0.00014231863
0.00014205857
0.00014179669
0.00014153292
0.00014126722
0.00014099951
0.00014072973
0.00014045782
0.00014018371
0.00013990733
0.00013962857
0.00013934754
0.00015074047
0.00015050979
0.0001502796
0.00015004881
0.00014981716
0.00014958454
0.00014935091
0.00014911623
0.00014888046
0.00014864357
0.00014840554
0.00014816632
0.0001479259
0.00014768426
0.00014744135
0.00014719717
0.00014695168
0.00014670485
0.00014645667
0.0001462071
0.00014595612
0.00014570368
0.00014544975
0.00014519431
0.0001449373
0.00014467868
0.00014441841
0.00014415644
0.00014389272
0.0001436272
0.00014335981
0.00014309049
0.0001428192
0.00014254585
0.00014227039
0.00014199275
0.00014171282
0.00014143072
0.00015295984
0.00015272551
0.00015249177
0.0001522575
0.00015202244
0.00015178647
0.00015154955
0.00015131163
0.0001510727
0.00015083271
0.00015059163
0.00015034943
0.00015010609
0.00014986158
0.00014961588
0.00014936895
0.00014912078
0.00014887133
0.00014862059
0.00014836852
0.00014811509
0.00014786028
0.00014760405
0.00014734635
0.00014708717
0.00014682644
0.00014656414
0.00014630021
0.0001460346
0.00014576727
0.00014549815
0.00014522719
0.00014495434
0.00014467953
0.00014440269
0.00014412376
0.00014384265
0.00014355947
0.00015523903
0.00015500097
0.0001547636
0.00015452578
0.00015428721
0.0001540478
0.00015380751
0.00015356629
0.0001533241
0.00015308092
0.00015283672
0.00015259146
0.00015234512
0.00015209767
0.00015184908
0.00015159934
0.00015134841
0.00015109627
0.00015084289
0.00015058826
0.00015033233
0.00015007507
0.00014981647
0.00014955647
0.00014929505
0.00014903217
0.00014876778
0.00014850184
0.0001482343
0.00014796512
0.00014769424
0.00014742161
0.00014714716
0.00014687085
0.00014659262
0.00014631239
0.00014603007
0.0001457458
0.00015759184
0.00015734997
0.00015710889
0.00015686743
0.00015662529
0.00015638238
0.00015613864
0.00015589403
0.00015564852
0.00015540208
0.00015515468
0.00015490628
0.00015465687
0.00015440641
0.00015415488
0.00015390225
0.0001536485
0.00015339361
0.00015313754
0.00015288028
0.00015262179
0.00015236204
0.00015210101
0.00015183867
0.00015157497
0.00015130988
0.00015104337
0.00015077538
0.00015050588
0.00015023482
0.00014996215
0.00014968782
0.00014941177
0.00014913395
0.0001488543
0.00014857277
0.00014828925
0.00014800388
0.00016003421
0.00015978848
0.00015954363
0.00015929848
0.0001590527
0.00015880622
0.00015855897
0.00015831092
0.00015806203
0.00015781227
0.00015756161
0.00015731003
0.00015705749
0.00015680397
0.00015654944
0.00015629388
0.00015603726
0.00015577956
0.00015552076
0.00015526083
0.00015499974
0.00015473747
0.00015447398
0.00015420926
0.00015394325
0.00015367594
0.00015340728
0.00015313723
0.00015286576
0.00015259281
0.00015231834
0.00015204231
0.00015176465
0.00015148533
0.00015120427
0.00015092144
0.00015063672
0.00015035028
0.00016258453
0.0001623349
0.00016208624
0.00016183735
0.00016158791
0.00016133782
0.00016108703
0.00016083549
0.00016058319
0.00016033008
0.00016007614
0.00015982134
0.00015956564
0.00015930903
0.00015905148
0.00015879296
0.00015853345
0.00015827294
0.00015801138
0.00015774877
0.00015748507
0.00015722027
0.00015695432
0.00015668722
0.00015641891
0.00015614938
0.00015587858
0.00015560648
0.00015533304
0.00015505822
0.00015478197
0.00015450425
0.00015422501
0.00015394421
0.00015366177
0.00015337767
0.00015309179
0.00015280431
0.00016526399
0.00016501044
0.00016475798
0.00016450535
0.00016425224
0.00016399854
0.0001637442
0.0001634892
0.00016323348
0.00016297703
0.00016271981
0.0001624618
0.00016220296
0.00016194328
0.00016168272
0.00016142127
0.00016115889
0.00016089558
0.0001606313
0.00016036604
0.00016009976
0.00015983246
0.00015956409
0.00015929463
0.00015902406
0.00015875234
0.00015847944
0.00015820533
0.00015792997
0.00015765331
0.00015737533
0.00015709597
0.00015681518
0.00015653293
0.00015624916
0.00015596382
0.00015567681
0.00015538832
0.00016809714
0.00016783971
0.00016758348
0.00016732717
0.00016707044
0.0001668132
0.00016655539
0.00016629697
0.00016603791
0.00016577819
0.00016551776
0.00016525661
0.0001649947
0.00016473201
0.00016446852
0.0001642042
0.00016393903
0.000163673
0.00016340607
0.00016313822
0.00016286944
0.00016259969
0.00016232897
0.00016205723
0.00016178445
0.00016151061
0.00016123566
0.00016095959
0.00016068235
0.00016040391
0.00016012422
0.00015984325
0.00015956095
0.00015927728
0.00015899218
0.00015870563
0.0001584175
0.000158128
0.00012137171
0.00012037217
0.0001195677
0.0001188793
0.00012338536
0.00012239285
0.00012159552
0.00012091303
0.00012540083
0.00012441555
0.00012362553
0.0001229491
0.00012235729
0.00012183434
0.00012136908
0.00012095254
0.00012057725
0.000120237
0.00011992657
0.00011964162
0.00011937851
0.00011913416
0.00011890597
0.00011869161
0.0001184892
0.00011829644
0.00011811376
0.0001179308
0.00012741724
0.00012643937
0.00012565685
0.00012498664
0.00012439963
0.00012388029
0.00012341763
0.00012300283
0.00012262858
0.00012228877
0.00012197829
0.00012169288
0.00012142896
0.00012118351
0.00012095393
0.00012073795
0.00012053366
0.0001203388
0.00012015384
0.0001199682
0.00012943384
0.00012846356
0.00012768872
0.0001270249
0.00012644283
0.00012592722
0.00012546723
0.00012505423
0.00012468105
0.0001243417
0.00012403119
0.00012374532
0.00012348058
0.00012323399
0.00012300298
0.00012278531
0.00012257909
0.00012238206
0.00012219473
0.00012200636
0.00013145005
0.00013048753
0.00012972057
0.00012906329
0.00012848632
0.00012797453
0.0001275173
0.00012710616
0.00012673409
0.00012639524
0.0001260847
0.00012579836
0.00012553279
0.00012528503
0.00012505256
0.00012483315
0.00012462494
0.00012442567
0.00012423591
0.00012404471
0.00013346551
0.00013251093
0.00013175203
0.00013110145
0.00013052973
0.00013002188
0.00012956749
0.00012915827
0.00012878736
0.00012844902
0.00012813846
0.00012785166
0.00012758523
0.00012733627
0.0001271023
0.0001268811
0.00012667084
0.00012646927
0.000126277
0.0001260829
0.0001354801
0.00013453364
0.00013378299
0.00013313929
0.00013257294
0.00013206915
0.00013161769
0.00013121045
0.00013084074
0.00013050295
0.00013019238
0.00012990511
0.0001296378
0.00012938762
0.0001291521
0.00012892905
0.00012871669
0.00012851274
0.0001283179
0.00012812081
0.00013749405
0.00013655589
0.00013581369
0.00013517702
0.00013461619
0.00013411656
0.00013366811
0.00013326293
0.00013289446
0.00013255723
0.00013224667
0.00013195892
0.00013169071
0.00013143926
0.00013120215
0.00013097721
0.00013076267
0.00013055628
0.00013035878
0.00013015863
0.00013950796
0.00013857828
0.00013784472
0.00013721526
0.00013666008
0.00013616472
0.00013571937
0.00013531629
0.00013494911
0.00013461247
0.00013430192
0.00013401367
0.00013374455
0.0001334918
0.00013325305
0.00013302615
0.00013280937
0.00013260046
0.00013240024
0.00013219693
0.00014152286
0.00014060186
0.00013987714
0.00013925506
0.00013870567
0.00013821469
0.00013777252
0.00013737161
0.00013700574
0.00013666972
0.00013635917
0.00013607042
0.00013580035
0.00013554626
0.00013530582
0.00013507691
0.00013485782
0.00013464632
0.00013444329
0.00013423673
0.00014354036
0.00014262823
0.00014191254
0.00014129801
0.00014075456
0.00014026807
0.00013982915
0.00013943047
0.00013906596
0.00013873056
0.00013842002
0.00013813075
0.0001378597
0.00013760423
0.00013736203
0.00013713105
0.00013690958
0.00013669541
0.00013648948
0.00013627959
0.00014556266
0.00014465959
0.00014395315
0.00014334635
0.00014280897
0.00014232707
0.00014189149
0.00014149509
0.00014113196
0.0001407972
0.00014048667
0.00014019686
0.00013992479
0.00013966789
0.00013942389
0.00013919076
0.00013896684
0.00013874992
0.00013854102
0.00013832769
0.00014759272
0.00014669892
0.00014600193
0.00014540302
0.00014487185
0.00014439466
0.00014396249
0.00014356842
0.00014320671
0.0001428726
0.00014256206
0.00014227168
0.00014199857
0.00014174018
0.00014149431
0.00014125897
0.00014103251
0.00014081277
0.0001406008
0.00014038395
0.00014963435
0.00014875001
0.00014806267
0.00014747184
0.00014694701
0.00014647462
0.00014604595
0.00014565425
0.00014529399
0.00014496053
0.00014464997
0.000144359
0.00014408479
0.00014382487
0.00014357707
0.00014333944
0.00014311037
0.00014288771
0.00014267258
0.00014245211
0.00015169231
0.00015081763
0.00015014015
0.00014955756
0.00014903922
0.00014857173
0.00014814662
0.00014775734
0.00014739854
0.00014706573
0.00014675514
0.00014646355
0.0001461882
0.00014592668
0.00014567689
0.0001454369
0.00014520514
0.00014497947
0.00014476109
0.0001445369
0.00015377251
0.00015290768
0.00015224026
0.00015166608
0.00015115434
0.00015069186
0.00015027036
0.00014988355
0.00014952623
0.00014919407
0.00014888342
0.00014859117
0.00014831463
0.00014805146
0.0001477996
0.00014755717
0.00014732264
0.00014709388
0.00014687216
0.00014664414
0.00015588208
0.00015502729
0.00015437012
0.00015380451
0.0001532995
0.0001528421
0.00015242429
0.00015203997
0.00015168414
0.00015135262
0.00015104189
0.00015074894
0.00015047116
0.00015020628
0.00014995229
0.00014970734
0.00014946996
0.00014923801
0.00014901285
0.00014878091
0.00015802961
0.00015718504
0.0001565383
0.0001559814
0.00015548323
0.00015503099
0.00015461691
0.0001542351
0.00015388077
0.00015354988
0.00015323905
0.00015294535
0.00015266629
0.00015239963
0.00015214343
0.00015189589
0.00015165557
0.00015142036
0.00015119167
0.00015095571
0.00016022526
0.00015939107
0.00015875491
0.00015820685
0.00015771562
0.00015726861
0.0001568583
0.00015647903
0.00015612619
0.00015579591
0.00015548494
0.00015519046
0.00015491005
0.00015464155
0.00015438308
0.00015413288
0.00015388953
0.00015365096
0.00015341866
0.00015317858
0.00016248094
0.00016165727
0.00016103184
0.00016049273
0.00016000851
0.00015956678
0.00015916027
0.00015878355
0.00015843219
0.00015810251
0.00015779136
0.00015749605
0.00015721424
0.00015694385
0.00015668303
0.00015643009
0.00015618365
0.00015594165
0.00015570565
0.00015546137
0.00016481054
0.00016399749
0.00016338289
0.00016285282
0.00016237567
0.00016193926
0.00016153656
0.00016116238
0.0001608125
0.00016048338
0.00016017203
0.00015987585
0.00015959259
0.00015932024
0.00015905703
0.00015880128
0.00015855168
0.00015830618
0.0001580664
0.00015781783
0.00016723003
0.00016642769
0.00016582399
0.000165303
0.00016483295
0.00016440188
0.00016400301
0.00016363137
0.00016328295
0.00016295437
0.00016264278
0.00016234569
0.00016206094
0.0001617866
0.00016152094
0.00016126234
0.00016100952
0.00016076045
0.00016051684
0.00016026392
0.0001697577
0.00016896609
0.00016837332
0.00016786144
0.00016739852
0.0001669728
0.00016657775
0.00016620866
0.00016586169
0.00016553365
0.0001652218
0.00016492379
0.00016463753
0.00016436116
0.00016409302
0.00016383154
0.00016357547
0.0001633228
0.00016307531
0.000162818
0.00017241431
0.00017163342
0.00017105158
0.00017054882
0.00017009303
0.00016967267
0.00016928147
0.00016891494
0.00016856946
0.00016824198
0.00016792991
0.00016763099
0.00016734324
0.00016706487
0.00016679427
0.00016652991
0.00016627058
0.00016601432
0.00016576293
0.00016550123
0.00017522322
0.00017445303
0.00017388211
0.00017338848
0.00017293988
0.00017252495
0.0001721377
0.00017177384
0.00017142995
0.00017110316
0.00017079098
0.00017049128
0.00017020215
0.00016992186
0.00016964888
0.00016938172
0.00016911921
0.00016885941
0.00016860417
0.00016833811
0.00018364423
0.00018290607
0.00018236809
0.00018190224
0.0001814757
0.00018107773
0.00018070302
0.00018034796
0.00018000967
0.00017968571
0.00017937398
0.00017907263
0.00017878
0.00017849457
0.00017821496
0.00017793984
0.00017766816
0.00017739805
0.00017713153
0.00017685263
0.00019338631
0.0001927052
0.00019222674
0.00019181208
0.00019142725
0.00019106236
0.00019071322
0.00019037723
0.00019005233
0.00018973678
0.00018942904
0.00018912774
0.00018883164
0.00018853958
0.0001882505
0.00018796335
0.00018767729
0.00018739063
0.00018710576
0.00018680559
0.00019898667
0.00019835857
0.00019793536
0.00019756812
0.00019722177
0.00019688714
0.00019656107
0.00019624188
0.00019592832
0.00019561933
0.00019531396
0.00019501135
0.00019471068
0.00019441118
0.00019411212
0.00019381271
0.00019351237
0.00019320953
0.00019290698
0.0001925865
0.00020094239
0.00020034058
0.00019994483
0.00019960121
0.00019927402
0.00019895441
0.0001986397
0.00019832864
0.00019802041
0.00019771431
0.00019740969
0.00019710596
0.00019680255
0.00019649889
0.00019619441
0.00019588849
0.00019558066
0.00019526943
0.00019495779
0.00019462695
0.00020148856
0.00020089282
0.00020050338
0.00020016515
0.0001998423
0.00019952606
0.00019921385
0.00019890454
0.00019859739
0.00019829179
0.00019798719
0.00019768305
0.00019737886
0.00019707409
0.00019676823
0.00019646068
0.00019615101
0.00019583776
0.00019552393
0.00019519062
0.00020176237
0.00020116762
0.00020077922
0.00020044189
0.00020011976
0.00019980408
0.00019949227
0.00019918323
0.00019887625
0.00019857072
0.0001982661
0.00019796187
0.00019765753
0.00019735256
0.00019704645
0.00019673861
0.00019642861
0.00019611498
0.00019580076
0.00019546701
0.0002019836
0.00020138914
0.00020100106
0.000200664
0.00020034208
0.00020002656
0.00019971486
0.0001994059
0.00019909896
0.00019879345
0.00019848882
0.00019818456
0.00019788016
0.00019757512
0.00019726892
0.00019696097
0.00019665086
0.0001963371
0.00019602273
0.00019568882
0.00020218516
0.00020159083
0.00020120289
0.00020086595
0.00020054413
0.00020022868
0.00019991703
0.00019960811
0.00019930118
0.00019899567
0.00019869103
0.00019838675
0.00019808232
0.00019777724
0.00019747099
0.00019716298
0.0001968528
0.00019653897
0.00019622451
0.00019589051
0.00020237689
0.00020178262
0.00020139475
0.00020105787
0.0002007361
0.00020042068
0.00020010906
0.00019980015
0.00019949323
0.00019918772
0.00019888307
0.00019857877
0.00019827432
0.00019796921
0.00019766293
0.00019735489
0.00019704466
0.00019673078
0.00019641627
0.00019608221
0.00020256449
0.00020197027
0.00020158243
0.00020124558
0.00020092382
0.0002006085
0.00020029657
0.00019998892
0.00019967709
0.00019939104
0.00019907072
0.00019876651
0.00019846207
0.00019815694
0.00019785064
0.00019754257
0.0001972323
0.00019691838
0.00019660383
0.00019626972
0.00017660068
0.00017633238
0.00017606526
0.00017579821
0.00017553093
0.00017526335
0.00017499541
0.00017472707
0.0001744583
0.00017418908
0.00017391936
0.00017364912
0.00017337834
0.00017310699
0.00017283504
0.00017256247
0.00017228925
0.00017201537
0.00017174079
0.00017146551
0.00017118949
0.00017091271
0.00017063515
0.00017035679
0.00017007759
0.00016979755
0.00016951662
0.00016923477
0.00016895199
0.00016866823
0.00016838347
0.00016809767
0.00016781079
0.00016752279
0.00016723363
0.00016694328
0.00016665165
0.00016635895
0.00018653574
0.00018624907
0.00018596415
0.00018567973
0.00018539552
0.00018511141
0.00018482735
0.00018454332
0.00018425927
0.00018397519
0.00018369103
0.00018340677
0.00018312239
0.00018283785
0.00018255312
0.00018226818
0.000181983
0.00018169755
0.00018141181
0.00018112576
0.00018083936
0.00018055259
0.00018026543
0.00017997785
0.00017968982
0.00017940132
0.00017911232
0.0001788228
0.00017853272
0.00017824206
0.0001779508
0.00017765889
0.00017736632
0.00017707304
0.00017677903
0.00017648428
0.00017618867
0.00017589248
0.00019229945
0.00019199506
0.00019169292
0.00019139167
0.00019109099
0.00019079078
0.00019049098
0.00019019157
0.00018989253
0.00018959381
0.0001892954
0.00018899727
0.0001886994
0.00018840175
0.0001881043
0.00018780702
0.00018750991
0.00018721292
0.00018691603
0.00018661922
0.00018632248
0.00018602576
0.00018572906
0.00018543235
0.00018513561
0.0001848388
0.00018454192
0.00018424494
0.00018394784
0.00018365059
0.00018335317
0.00018305556
0.00018275774
0.00018245968
0.00018216136
0.00018186277
0.00018156381
0.0001812648
0.0001943311
0.00019401765
0.00019370669
0.00019339682
0.0001930877
0.00019277923
0.00019247137
0.00019216407
0.00019185732
0.00019155108
0.00019124533
0.00019094005
0.00019063521
0.00019033079
0.00019002676
0.0001897231
0.00018941978
0.00018911679
0.0001888141
0.00018851168
0.00018820953
0.00018790761
0.00018760591
0.0001873044
0.00018700307
0.00018670189
0.00018640084
0.00018609991
0.00018579908
0.00018549832
0.00018519761
0.00018489694
0.0001845963
0.00018429565
0.00018399497
0.00018369428
0.00018339346
0.00018309285
0.00019489267
0.00019457705
0.00019426398
0.00019395205
0.00019364092
0.00019333048
0.00019302068
0.0001927115
0.00019240291
0.00019209487
0.00019178737
0.00019148038
0.00019117387
0.00019086782
0.00019056221
0.00019025701
0.00018995221
0.00018964777
0.00018934368
0.00018903991
0.00018873645
0.00018843327
0.00018813036
0.00018782769
0.00018752524
0.000187223
0.00018692094
0.00018661904
0.00018631729
0.00018601567
0.00018571416
0.00018541274
0.00018511139
0.0001848101
0.00018450884
0.00018420761
0.00018390632
0.0001836053
0.00019516868
0.00019485266
0.00019453921
0.00019422691
0.00019391541
0.00019360461
0.00019329447
0.00019298494
0.00019267601
0.00019236764
0.00019205982
0.00019175251
0.0001914457
0.00019113935
0.00019083345
0.00019052797
0.00019022288
0.00018991818
0.00018961383
0.00018930981
0.0001890061
0.00018870268
0.00018839954
0.00018809665
0.00018779399
0.00018749154
0.00018718928
0.0001868872
0.00018658528
0.00018628349
0.00018598182
0.00018568024
0.00018537876
0.00018507733
0.00018477595
0.00018447461
0.00018417322
0.00018387211
0.00019539036
0.0001950742
0.00019476062
0.00019444818
0.00019413656
0.00019382563
0.00019351535
0.00019320571
0.00019289665
0.00019258817
0.00019228023
0.00019197281
0.00019166589
0.00019135943
0.00019105342
0.00019074784
0.00019044265
0.00019013785
0.0001898334
0.00018952929
0.0001892255
0.00018892199
0.00018861877
0.00018831579
0.00018801305
0.00018771053
0.0001874082
0.00018710605
0.00018680405
0.0001865022
0.00018620047
0.00018589884
0.00018559729
0.00018529582
0.00018499439
0.00018469301
0.00018439158
0.00018409043
0.00019559197
0.00019527573
0.00019496207
0.00019464956
0.00019433785
0.00019402685
0.00019371651
0.00019340679
0.00019309766
0.00019278911
0.00019248111
0.00019217363
0.00019186664
0.00019156012
0.00019125405
0.00019094841
0.00019064317
0.00019033831
0.00019003381
0.00018972964
0.00018942579
0.00018912224
0.00018881897
0.00018851594
0.00018821316
0.00018791059
0.00018760822
0.00018730603
0.000187004
0.0001867021
0.00018640034
0.00018609867
0.0001857971
0.00018549559
0.00018519413
0.00018489272
0.00018459126
0.00018429009
0.00019578361
0.00019546732
0.0001951536
0.00019484104
0.00019452929
0.00019421824
0.00019390785
0.00019359808
0.00019328892
0.00019298032
0.00019267228
0.00019236475
0.00019205772
0.00019175117
0.00019144506
0.00019113938
0.0001908341
0.00019052921
0.00019022467
0.00018992047
0.00018961659
0.00018931301
0.0001890097
0.00018870665
0.00018840384
0.00018810124
0.00018779885
0.00018749663
0.00018719457
0.00018689266
0.00018659087
0.00018628918
0.00018598758
0.00018568606
0.00018538458
0.00018508315
0.00018478168
0.00018448049
0.00019597108
0.00019565475
0.00019534099
0.00019502839
0.0001947166
0.00019440551
0.00019409509
0.00019378529
0.00019347609
0.00019316746
0.00019285938
0.00019255182
0.00019224476
0.00019193817
0.00019163204
0.00019132633
0.00019102102
0.0001907161
0.00019041154
0.00019010732
0.00018980341
0.0001894998
0.00018919647
0.0001888934
0.00018859056
0.00018828795
0.00018798553
0.00018768329
0.00018738121
0.00018707928
0.00018677747
0.00018647577
0.00018617415
0.00018587261
0.00018557112
0.00018526967
0.00018496819
0.00018466698
)
;

boundaryField
{
    inlet
    {
        type            calculated;
        value           nonuniform List<scalar> 
36
(
0.00012205934
0.0001240729
0.00012608829
0.00012810462
0.00013012114
0.00013213728
0.00013415265
0.00013616718
0.00013818105
0.00014019489
0.00014220972
0.00014422714
0.00014624937
0.00014827937
0.00015032092
0.00015237882
0.00015445895
0.00015656845
0.00015871591
0.00016091149
0.00016316712
0.00016549665
0.00016791608
0.00017044369
0.00017310023
0.00017590909
0.00018432993
0.00019407174
0.0001996719
0.00020162755
0.00020217371
0.00020244752
0.00020266876
0.00020287033
0.00020306207
0.00020324968
)
;
    }
    top
    {
        type            calculated;
        value           nonuniform List<scalar> 
58
(
0.00020256449
0.00020197027
0.00020158243
0.00020124558
0.00020092382
0.0002006085
0.00020029657
0.00019998892
0.00019967709
0.00019939104
0.00019907072
0.00019876651
0.00019846207
0.00019815694
0.00019785064
0.00019754257
0.0001972323
0.00019691838
0.00019660383
0.00019626972
0.00019597108
0.00019565475
0.00019534099
0.00019502839
0.0001947166
0.00019440551
0.00019409509
0.00019378529
0.00019347609
0.00019316746
0.00019285938
0.00019255182
0.00019224476
0.00019193817
0.00019163204
0.00019132633
0.00019102102
0.0001907161
0.00019041154
0.00019010732
0.00018980341
0.0001894998
0.00018919647
0.0001888934
0.00018859056
0.00018828795
0.00018798553
0.00018768329
0.00018738121
0.00018707928
0.00018677747
0.00018647577
0.00018617415
0.00018587261
0.00018557112
0.00018526967
0.00018496819
0.00018466698
)
;
    }
    outlet
    {
        type            calculated;
        value           nonuniform List<scalar> 0();
    }
    slipsurface
    {
        type            slip;
    }
    bottom
    {
        type            nutkWallFunction;
        Cmu             0.09;
        kappa           0.41;
        E               9.8;
        value           nonuniform List<scalar> 0();
    }
    frontandback
    {
        type            empty;
    }
    procBoundary5to0
    {
        type            processor;
        value           nonuniform List<scalar> 
29
(
0.00011946632
0.00012116072
0.00012312782
0.00012509473
0.00012706265
0.00012903355
0.00013101024
0.00013299633
0.00013499649
0.00013701645
0.00013906328
0.00014114549
0.00014327323
0.00014545855
0.00014771563
0.00015006105
0.00015251412
0.00015509719
0.00015783589
0.00016606385
0.00017559424
0.00018096415
0.00018279082
0.0001833029
0.00018356964
0.00018378792
0.00018398756
0.00018417794
0.00018436443
)
;
    }
    procBoundary5to4
    {
        type            processor;
        value           nonuniform List<scalar> 
65
(
0.00011572679
0.00011757579
0.00011960859
0.00011960859
0.0001194209
0.0001192316
0.00012106734
0.00012309398
0.00012309398
0.00012289671
0.0001226977
0.0001245166
0.00012653536
0.00012653536
0.00012632845
0.00012611985
0.0001259095
0.00012569736
0.00012548345
0.00012526774
0.00012505025
0.00012483094
0.00012460982
0.00012438686
0.00012416203
0.00012393531
0.00012370666
0.00012347604
0.00012324339
0.00012300868
0.00012277184
0.00012253281
0.00012229152
0.00012204791
0.0001218019
0.00012155342
0.00012130239
0.00012104872
0.00012079233
0.00012053312
0.00012027102
0.00012000592
0.00011973774
0.00011936096
0.00011835448
0.000117543
0.00011684883
0.00011827811
0.00012031645
0.00012031645
0.00011979002
0.00011932226
0.00011890404
0.00011852778
0.00011818712
0.00011787677
0.00011759229
0.00011732999
0.00011708675
0.00011685993
0.00011664719
0.00011644662
0.00011625593
0.00011607549
0.00011589514
)
;
    }
}


// ************************************************************************* //
