/*--------------------------------*- C++ -*----------------------------------*\
  =========                 |
  \\      /  F ield         | OpenFOAM: The Open Source CFD Toolbox
   \\    /   O peration     | Website:  https://openfoam.org
    \\  /    A nd           | Version:  12
     \\/     M anipulation  |
\*---------------------------------------------------------------------------*/
FoamFile
{
    format      ascii;
    class       volScalarField;
    location    "1900";
    object      epsilon;
}
// * * * * * * * * * * * * * * * * * * * * * * * * * * * * * * * * * * * * * //

dimensions      [0 2 -3 0 0 0 0];

internalField   nonuniform List<scalar> 
1770
(
8.5086118e-06
8.5100545e-06
8.5113565e-06
8.5125114e-06
8.5135128e-06
8.5143543e-06
8.515029e-06
8.5155298e-06
8.5158489e-06
8.5159785e-06
8.5159102e-06
8.5156351e-06
8.515144e-06
8.5144272e-06
8.5134743e-06
8.5122747e-06
8.5108169e-06
8.5090891e-06
8.5070787e-06
8.5047723e-06
8.5021562e-06
8.4992157e-06
8.4959352e-06
8.4922985e-06
8.4882886e-06
8.4838873e-06
8.4790758e-06
8.4738339e-06
8.4681409e-06
8.4619745e-06
8.4553115e-06
8.4481276e-06
8.4403971e-06
8.4320933e-06
8.4231882e-06
8.4136524e-06
8.4034555e-06
8.3925658e-06
8.3809508e-06
8.3685768e-06
8.3554096e-06
8.3414142e-06
8.3265558e-06
8.3107995e-06
8.294111e-06
8.2764571e-06
8.2578061e-06
8.2381288e-06
8.2173985e-06
8.1955926e-06
8.1726914e-06
8.1486841e-06
8.1235548e-06
8.0973311e-06
8.0699134e-06
8.041758e-06
8.0110566e-06
7.9854325e-06
7.9340271e-06
8.3201272e-06
8.3215223e-06
8.3227833e-06
8.323905e-06
8.324881e-06
8.3257048e-06
8.3263699e-06
8.3268693e-06
8.327196e-06
8.3273423e-06
8.3273005e-06
8.3270622e-06
8.3266188e-06
8.325961e-06
8.3250794e-06
8.3239636e-06
8.3226032e-06
8.320987e-06
8.3191031e-06
8.3169393e-06
8.3144824e-06
8.3117188e-06
8.308634e-06
8.3052128e-06
8.3014393e-06
8.2972966e-06
8.292767e-06
8.2878319e-06
8.2824717e-06
8.2766657e-06
8.2703923e-06
8.2636288e-06
8.2563512e-06
8.2485345e-06
8.2401523e-06
8.2311772e-06
8.2215806e-06
8.2113326e-06
8.2004022e-06
8.1887575e-06
8.1763654e-06
8.1631924e-06
8.1492042e-06
8.1343663e-06
8.1186444e-06
8.1020046e-06
8.0844138e-06
8.0658403e-06
8.0462545e-06
8.0256297e-06
8.003941e-06
7.9811713e-06
7.9572974e-06
7.9323377e-06
7.9061861e-06
7.8792737e-06
7.8498406e-06
7.8252479e-06
7.7756299e-06
8.1366797e-06
8.1380298e-06
8.1392509e-06
8.1403389e-06
8.1412881e-06
8.1420923e-06
8.1427451e-06
8.1432401e-06
8.1435705e-06
8.1437292e-06
8.1437087e-06
8.1435012e-06
8.1430986e-06
8.1424923e-06
8.1416731e-06
8.1406317e-06
8.139358e-06
8.1378416e-06
8.1360714e-06
8.1340358e-06
8.1317226e-06
8.129119e-06
8.1262115e-06
8.1229858e-06
8.1194271e-06
8.1155196e-06
8.1112468e-06
8.1065912e-06
8.1015346e-06
8.0960577e-06
8.0901403e-06
8.0837611e-06
8.0768978e-06
8.0695269e-06
8.0616239e-06
8.0531631e-06
8.0441174e-06
8.0344589e-06
8.0241582e-06
8.0131851e-06
8.0015082e-06
7.9890952e-06
7.975913e-06
7.9619281e-06
7.9471065e-06
7.9314144e-06
7.9148181e-06
7.8972849e-06
7.878783e-06
7.8592831e-06
7.8387568e-06
7.8171822e-06
7.7945309e-06
7.7708134e-06
7.7459197e-06
7.7202565e-06
7.6921196e-06
7.6685887e-06
7.6208815e-06
7.9581089e-06
7.9594145e-06
7.9605965e-06
7.9616509e-06
7.9625726e-06
7.9633557e-06
7.9639944e-06
7.9644824e-06
7.9648133e-06
7.9649805e-06
7.9649768e-06
7.9647949e-06
7.9644272e-06
7.9638654e-06
7.9631011e-06
7.9621254e-06
7.9609289e-06
7.9595018e-06
7.9578336e-06
7.9559135e-06
7.95373e-06
7.9512712e-06
7.9485244e-06
7.9454763e-06
7.9421128e-06
7.9384194e-06
7.9343805e-06
7.9299798e-06
7.9252003e-06
7.9200239e-06
7.9144318e-06
7.9084041e-06
7.90192e-06
7.8949574e-06
7.8874935e-06
7.8795042e-06
7.8709641e-06
7.861847e-06
7.8521253e-06
7.8417704e-06
7.8307525e-06
7.819041e-06
7.8066041e-06
7.7934095e-06
7.7794241e-06
7.7646147e-06
7.7489477e-06
7.73239e-06
7.714909e-06
7.6964737e-06
7.6770532e-06
7.6566225e-06
7.6351493e-06
7.6126382e-06
7.5889768e-06
7.5645487e-06
7.5377102e-06
7.5152488e-06
7.4695219e-06
7.7842562e-06
7.7855178e-06
7.7866609e-06
7.7876818e-06
7.7885756e-06
7.7893367e-06
7.7899597e-06
7.7904386e-06
7.7907674e-06
7.7909398e-06
7.790949e-06
7.7907882e-06
7.79045e-06
7.7899268e-06
7.7892107e-06
7.7882931e-06
7.7871653e-06
7.7858179e-06
7.7842414e-06
7.7824253e-06
7.7803591e-06
7.7780314e-06
7.7754303e-06
7.7725434e-06
7.7693576e-06
7.765859e-06
7.7620333e-06
7.7578652e-06
7.7533387e-06
7.748437e-06
7.7431424e-06
7.7374363e-06
7.7312993e-06
7.7247108e-06
7.7176494e-06
7.7100925e-06
7.7020165e-06
7.6933967e-06
7.6842071e-06
7.674421e-06
7.6640101e-06
7.6529454e-06
7.6411968e-06
7.6287332e-06
7.6155229e-06
7.6015335e-06
7.5867321e-06
7.571086e-06
7.5545622e-06
7.5371289e-06
7.5187541e-06
7.4994105e-06
7.4790633e-06
7.4577125e-06
7.435245e-06
7.4120223e-06
7.3864649e-06
7.365063e-06
7.3213425e-06
7.614965e-06
7.6161833e-06
7.6172879e-06
7.6182753e-06
7.6191409e-06
7.6198793e-06
7.6204854e-06
7.6209535e-06
7.621278e-06
7.6214528e-06
7.6214716e-06
7.6213279e-06
7.6210147e-06
7.6205249e-06
7.6198508e-06
7.6189846e-06
7.6179179e-06
7.616642e-06
7.6151478e-06
7.6134255e-06
7.6114652e-06
7.6092562e-06
7.6067874e-06
7.604047e-06
7.6010228e-06
7.5977019e-06
7.5940707e-06
7.5901149e-06
7.5858196e-06
7.581169e-06
7.5761466e-06
7.570735e-06
7.564916e-06
7.5586704e-06
7.551978e-06
7.5448179e-06
7.5371679e-06
7.5290049e-06
7.5203045e-06
7.5110415e-06
7.5011895e-06
7.490721e-06
7.4796075e-06
7.4678194e-06
7.4553264e-06
7.4420973e-06
7.4281004e-06
7.4133034e-06
7.3976739e-06
7.38118e-06
7.363789e-06
7.3454727e-06
7.3261945e-06
7.3059512e-06
7.2846302e-06
7.2625722e-06
7.2382638e-06
7.2178977e-06
7.1761757e-06
7.4500809e-06
7.4512567e-06
7.4523234e-06
7.4532776e-06
7.4541147e-06
7.45483e-06
7.4554183e-06
7.4558743e-06
7.4561926e-06
7.4563675e-06
7.456393e-06
7.456263e-06
7.4559708e-06
7.4555096e-06
7.4548724e-06
7.4540515e-06
7.4530393e-06
7.4518273e-06
7.4504071e-06
7.4487694e-06
7.4469049e-06
7.4448035e-06
7.4424548e-06
7.4398478e-06
7.4369708e-06
7.4338119e-06
7.4303583e-06
7.4265965e-06
7.4225126e-06
7.4180918e-06
7.4133186e-06
7.4081767e-06
7.4026492e-06
7.396718e-06
7.3903643e-06
7.3835685e-06
7.3763097e-06
7.3685664e-06
7.3603158e-06
7.3515342e-06
7.3421967e-06
7.3322775e-06
7.3217497e-06
7.3105854e-06
7.2987555e-06
7.2862305e-06
7.2729798e-06
7.2589722e-06
7.2441759e-06
7.2285597e-06
7.212091e-06
7.1947408e-06
7.1764723e-06
7.1572795e-06
7.1370516e-06
7.1161098e-06
7.0930074e-06
7.0736437e-06
7.0338858e-06
7.2894519e-06
7.2905863e-06
7.2916157e-06
7.292537e-06
7.2933458e-06
7.2940376e-06
7.2946074e-06
7.2950502e-06
7.2953608e-06
7.2955339e-06
7.2955637e-06
7.2954443e-06
7.2951696e-06
7.2947331e-06
7.2941281e-06
7.2933473e-06
7.2923835e-06
7.2912288e-06
7.2898751e-06
7.2883138e-06
7.286536e-06
7.2845323e-06
7.2822928e-06
7.2798071e-06
7.2770644e-06
7.2740533e-06
7.2707618e-06
7.2671775e-06
7.263287e-06
7.2590766e-06
7.2545318e-06
7.2496373e-06
7.2443771e-06
7.2387345e-06
7.2326918e-06
7.2262306e-06
7.2193314e-06
7.211974e-06
7.2041371e-06
7.1957985e-06
7.1869348e-06
7.1775218e-06
7.1675342e-06
7.1569455e-06
7.1457285e-06
7.1338549e-06
7.1212955e-06
7.1080204e-06
7.0939992e-06
7.079201e-06
7.0635941e-06
7.0471495e-06
7.0298303e-06
7.0116291e-06
6.9924375e-06
6.9725583e-06
6.9506116e-06
6.93221e-06
6.894362e-06
7.1329281e-06
7.1340222e-06
7.1350152e-06
7.1359042e-06
7.136685e-06
7.1373532e-06
7.137904e-06
7.1383328e-06
7.1386345e-06
7.1388041e-06
7.1388361e-06
7.138725e-06
7.1384647e-06
7.1380493e-06
7.1374723e-06
7.136727e-06
7.1358063e-06
7.134703e-06
7.1334092e-06
7.1319169e-06
7.1302176e-06
7.1283025e-06
7.1261623e-06
7.1237872e-06
7.121167e-06
7.118291e-06
7.1151479e-06
7.1117259e-06
7.1080126e-06
7.1039951e-06
7.0996598e-06
7.0949922e-06
7.0899775e-06
7.0845999e-06
7.078843e-06
7.0726893e-06
7.0661208e-06
7.0591185e-06
7.0516624e-06
7.0437317e-06
7.0353045e-06
7.0263581e-06
7.0168687e-06
7.0068114e-06
6.9961605e-06
6.9848893e-06
6.97297e-06
6.9603742e-06
6.9470726e-06
6.9330355e-06
6.9182321e-06
6.9026339e-06
6.8862047e-06
6.8689358e-06
6.8507221e-06
6.8318493e-06
6.8110031e-06
6.7935187e-06
6.7575123e-06
6.9803624e-06
6.9814174e-06
6.982375e-06
6.9832323e-06
6.9839854e-06
6.9846299e-06
6.9851616e-06
6.9855757e-06
6.9858676e-06
6.9860324e-06
6.9860649e-06
6.9859597e-06
6.9857113e-06
6.9853139e-06
6.9847614e-06
6.9840474e-06
6.9831651e-06
6.9821077e-06
6.9808679e-06
6.979438e-06
6.97781e-06
6.9759755e-06
6.9739257e-06
6.9716515e-06
6.9691432e-06
6.9663907e-06
6.9633833e-06
6.9601101e-06
6.9565593e-06
6.9527188e-06
6.9485757e-06
6.9441166e-06
6.9393275e-06
6.9341936e-06
6.9286995e-06
6.9228288e-06
6.9165647e-06
6.9098893e-06
6.902784e-06
6.8952292e-06
6.8872044e-06
6.8786884e-06
6.8696587e-06
6.8600921e-06
6.8499643e-06
6.8392501e-06
6.8279233e-06
6.8159569e-06
6.803323e-06
6.7899932e-06
6.7759377e-06
6.7611291e-06
6.7455319e-06
6.729137e-06
6.7118428e-06
6.6939191e-06
6.6741158e-06
6.6575012e-06
6.6232582e-06
6.8316097e-06
6.8326269e-06
6.83355e-06
6.8343763e-06
6.8351022e-06
6.8357234e-06
6.8362357e-06
6.8366348e-06
6.8369161e-06
6.837075e-06
6.8371064e-06
6.8370055e-06
6.8367667e-06
6.8363846e-06
6.8358533e-06
6.8351669e-06
6.8343189e-06
6.8333028e-06
6.8321116e-06
6.8307381e-06
6.8291748e-06
6.8274136e-06
6.8254463e-06
6.8232642e-06
6.8208582e-06
6.8182187e-06
6.8153358e-06
6.812199e-06
6.8087973e-06
6.8051193e-06
6.8011529e-06
6.7968856e-06
6.792304e-06
6.7873944e-06
6.7821422e-06
6.7765323e-06
6.7705486e-06
6.7641746e-06
6.7573927e-06
6.7501846e-06
6.7425312e-06
6.7344124e-06
6.7258073e-06
6.716694e-06
6.7070498e-06
6.6968508e-06
6.6860725e-06
6.6746893e-06
6.6626746e-06
6.6500017e-06
6.6366418e-06
6.6225687e-06
6.6077481e-06
6.5921707e-06
6.5757386e-06
6.5587072e-06
6.5398882e-06
6.524095e-06
6.4915313e-06
6.6865273e-06
6.6875079e-06
6.6883976e-06
6.6891938e-06
6.689893e-06
6.6904911e-06
6.6909842e-06
6.691368e-06
6.6916381e-06
6.6917901e-06
6.6918194e-06
6.691721e-06
6.6914898e-06
6.6911206e-06
6.6906078e-06
6.6899457e-06
6.6891283e-06
6.6881492e-06
6.6870019e-06
6.6856796e-06
6.6841749e-06
6.6824805e-06
6.6805884e-06
6.6784905e-06
6.6761781e-06
6.6736422e-06
6.6708735e-06
6.6678619e-06
6.6645973e-06
6.6610688e-06
6.657265e-06
6.6531741e-06
6.6487837e-06
6.6440808e-06
6.6390517e-06
6.6336822e-06
6.6279573e-06
6.6218614e-06
6.6153781e-06
6.6084902e-06
6.6011798e-06
6.5934281e-06
6.5852155e-06
6.5765214e-06
6.5673245e-06
6.5576025e-06
6.5473322e-06
6.5364895e-06
6.5250493e-06
6.5129862e-06
6.500273e-06
6.4868845e-06
6.4727878e-06
6.4579739e-06
6.4423488e-06
6.4261542e-06
6.4082615e-06
6.3932415e-06
6.36227e-06
6.5449747e-06
6.5459201e-06
6.5467774e-06
6.5475443e-06
6.5482175e-06
6.5487929e-06
6.5492668e-06
6.5496351e-06
6.5498937e-06
6.5500382e-06
6.5500642e-06
6.5499669e-06
6.5497416e-06
6.5493832e-06
6.5488865e-06
6.5482458e-06
6.5474555e-06
6.5465097e-06
6.545402e-06
6.5441259e-06
6.5426746e-06
6.541041e-06
6.5392177e-06
6.5371968e-06
6.5349702e-06
6.5325294e-06
6.5298654e-06
6.5269691e-06
6.5238305e-06
6.5204396e-06
6.5167857e-06
6.5128575e-06
6.5086435e-06
6.5041313e-06
6.4993082e-06
6.4941608e-06
6.488675e-06
6.4828362e-06
6.4766289e-06
6.4700372e-06
6.4630441e-06
6.455632e-06
6.4477827e-06
6.4394767e-06
6.4306942e-06
6.4214141e-06
6.4116147e-06
6.4012733e-06
6.3903662e-06
6.3788696e-06
6.3667575e-06
6.3540061e-06
6.340584e-06
6.3264824e-06
6.3116117e-06
6.2962005e-06
6.2791776e-06
6.2648836e-06
6.2354167e-06
6.406814e-06
6.4077253e-06
6.4085513e-06
6.4092898e-06
6.4099375e-06
6.4104907e-06
6.4109456e-06
6.4112983e-06
6.411545e-06
6.4116813e-06
6.4117031e-06
6.4116058e-06
6.4113848e-06
6.4110353e-06
6.4105523e-06
6.4099304e-06
6.4091643e-06
6.4082483e-06
6.4071763e-06
6.4059421e-06
6.4045394e-06
6.4029613e-06
6.4012007e-06
6.3992503e-06
6.3971024e-06
6.3947489e-06
6.3921814e-06
6.3893911e-06
6.3863688e-06
6.3831049e-06
6.3795892e-06
6.3758114e-06
6.3717603e-06
6.3674245e-06
6.3627919e-06
6.35785e-06
6.3525855e-06
6.3469847e-06
6.3410331e-06
6.3347157e-06
6.3280166e-06
6.3209194e-06
6.3134068e-06
6.3054608e-06
6.2970626e-06
6.2881925e-06
6.2788301e-06
6.2689542e-06
6.2585424e-06
6.2475722e-06
6.2360193e-06
6.223861e-06
6.2110674e-06
6.1976304e-06
6.1834642e-06
6.1687859e-06
6.1525786e-06
6.1389653e-06
6.1109164e-06
6.2719093e-06
6.2727876e-06
6.2735833e-06
6.2742942e-06
6.2749171e-06
6.2754483e-06
6.2758844e-06
6.2762216e-06
6.2764559e-06
6.2765835e-06
6.2766002e-06
6.2765018e-06
6.2762837e-06
6.2759414e-06
6.27547e-06
6.2748646e-06
6.2741199e-06
6.2732304e-06
6.2721906e-06
6.2709945e-06
6.2696359e-06
6.2681084e-06
6.2664053e-06
6.2645196e-06
6.262444e-06
6.2601708e-06
6.2576922e-06
6.2549997e-06
6.2520847e-06
6.248938e-06
6.2455503e-06
6.2419116e-06
6.2380114e-06
6.233839e-06
6.2293831e-06
6.2246317e-06
6.2195725e-06
6.2141925e-06
6.2084783e-06
6.2024155e-06
6.1959895e-06
6.1891846e-06
6.1819849e-06
6.1743733e-06
6.1663322e-06
6.1578432e-06
6.1488871e-06
6.139444e-06
6.1294929e-06
6.1190126e-06
6.1079802e-06
6.0963744e-06
6.0841669e-06
6.0713499e-06
6.0578419e-06
6.0438488e-06
6.0284055e-06
6.0154298e-06
5.9887151e-06
6.1401268e-06
6.1409733e-06
6.1417396e-06
6.1424235e-06
6.1430221e-06
6.1435318e-06
6.1439491e-06
6.1442705e-06
6.1444923e-06
6.1446106e-06
6.1446214e-06
6.1445207e-06
6.1443042e-06
6.1439675e-06
6.1435058e-06
6.1429146e-06
6.1421887e-06
6.1413231e-06
6.1403122e-06
6.1391504e-06
6.137832e-06
6.1363507e-06
6.1347002e-06
6.1328739e-06
6.1308649e-06
6.1286658e-06
6.1262692e-06
6.1236671e-06
6.1208514e-06
6.1178135e-06
6.1145444e-06
6.1110347e-06
6.1072747e-06
6.1032541e-06
6.0989623e-06
6.0943881e-06
6.0895198e-06
6.0843453e-06
6.0788519e-06
6.0730261e-06
6.0668542e-06
6.0603216e-06
6.0534131e-06
6.0461129e-06
6.0384044e-06
6.0302704e-06
6.0216927e-06
6.0126529e-06
6.0031311e-06
5.9931075e-06
5.9825604e-06
5.9714699e-06
5.9598092e-06
5.9475712e-06
5.9346782e-06
5.9213261e-06
5.9065984e-06
5.8942198e-06
5.868759e-06
6.0113352e-06
6.0121507e-06
6.0128882e-06
6.0135458e-06
6.0141204e-06
6.0146086e-06
6.0150072e-06
6.0153127e-06
6.0155214e-06
6.0156298e-06
6.0156339e-06
6.0155299e-06
6.0153136e-06
6.0149809e-06
6.0145272e-06
6.0139481e-06
6.0132387e-06
6.0123942e-06
6.0114093e-06
6.0102787e-06
6.0089968e-06
6.0075578e-06
6.0059556e-06
6.004184e-06
6.0022363e-06
6.0001057e-06
5.9977851e-06
5.9952669e-06
5.9925434e-06
5.9896065e-06
5.9864477e-06
5.9830582e-06
5.9794287e-06
5.9755496e-06
5.9714108e-06
5.9670019e-06
5.9623118e-06
5.957329e-06
5.9520417e-06
5.9464373e-06
5.9405026e-06
5.9342242e-06
5.9275877e-06
5.9205782e-06
5.9131802e-06
5.9053776e-06
5.8971534e-06
5.88849e-06
5.8793691e-06
5.869772e-06
5.8596783e-06
5.8490692e-06
5.8379196e-06
5.8262228e-06
5.8139053e-06
5.801153e-06
5.7870958e-06
5.7752766e-06
5.7509939e-06
5.8854046e-06
5.8861898e-06
5.886899e-06
5.8875305e-06
5.8880812e-06
5.888548e-06
5.8889277e-06
5.8892168e-06
5.889412e-06
5.8895096e-06
5.8895061e-06
5.8893977e-06
5.8891804e-06
5.8888502e-06
5.8884028e-06
5.8878338e-06
5.8871388e-06
5.886313e-06
5.8853515e-06
5.8842491e-06
5.8830005e-06
5.8816003e-06
5.8800426e-06
5.8783215e-06
5.8764306e-06
5.8743636e-06
5.8721136e-06
5.8696735e-06
5.867036e-06
5.8641934e-06
5.8611377e-06
5.8578605e-06
5.8543531e-06
5.8506064e-06
5.8466109e-06
5.8423567e-06
5.8378335e-06
5.8330304e-06
5.8279361e-06
5.822539e-06
5.8168267e-06
5.8107864e-06
5.8044046e-06
5.7976675e-06
5.7905604e-06
5.7830681e-06
5.7751748e-06
5.7668641e-06
5.7581185e-06
5.7489206e-06
5.7392513e-06
5.7290931e-06
5.718422e-06
5.7072322e-06
5.6954536e-06
5.6832634e-06
5.6698352e-06
5.6585403e-06
5.6353647e-06
5.7622067e-06
5.7629618e-06
5.763643e-06
5.7642483e-06
5.764775e-06
5.7652201e-06
5.7655803e-06
5.7658526e-06
5.7660335e-06
5.7661197e-06
5.7661076e-06
5.7659936e-06
5.7657741e-06
5.7654449e-06
5.7650022e-06
5.7644418e-06
5.7637592e-06
5.7629499e-06
5.7620094e-06
5.7609327e-06
5.7597147e-06
5.7583502e-06
5.7568336e-06
5.7551594e-06
5.7533215e-06
5.7513138e-06
5.7491299e-06
5.746763e-06
5.7442061e-06
5.741452e-06
5.7384931e-06
5.7353215e-06
5.7319289e-06
5.7283067e-06
5.724446e-06
5.7203375e-06
5.7159712e-06
5.7113372e-06
5.7064246e-06
5.7012226e-06
5.6957194e-06
5.689903e-06
5.6837608e-06
5.6772798e-06
5.6704461e-06
5.6632455e-06
5.6556631e-06
5.6476835e-06
5.6392905e-06
5.6304674e-06
5.6211966e-06
5.6114614e-06
5.6012394e-06
5.5905254e-06
5.5792528e-06
5.5675902e-06
5.5547528e-06
5.5439497e-06
5.5218157e-06
5.6416136e-06
5.6423386e-06
5.6429915e-06
5.6435703e-06
5.6440726e-06
5.6444953e-06
5.6448356e-06
5.6450903e-06
5.6452562e-06
5.64533e-06
5.6453085e-06
5.645188e-06
5.644965e-06
5.6446357e-06
5.6441963e-06
5.6436428e-06
5.642971e-06
5.6421766e-06
5.6412551e-06
5.6402019e-06
5.6390122e-06
5.6376809e-06
5.6362028e-06
5.6345725e-06
5.6327844e-06
5.6308325e-06
5.6287108e-06
5.626413e-06
5.6239322e-06
5.6212618e-06
5.6183945e-06
5.6153227e-06
5.6120388e-06
5.6085345e-06
5.6048014e-06
5.6008306e-06
5.596613e-06
5.5921388e-06
5.5873982e-06
5.5823805e-06
5.577075e-06
5.5714702e-06
5.5655544e-06
5.5593151e-06
5.5527394e-06
5.545814e-06
5.5385249e-06
5.5308574e-06
5.5227965e-06
5.5143266e-06
5.5054309e-06
5.4960939e-06
5.4862946e-06
5.4760282e-06
5.4652317e-06
5.4540654e-06
5.4417838e-06
5.4314429e-06
5.4102903e-06
5.3059814e-06
5.3066174e-06
5.3071863e-06
5.3076864e-06
5.3081155e-06
5.3084711e-06
5.3087504e-06
5.3089506e-06
5.3090691e-06
5.3091029e-06
5.309049e-06
5.3089043e-06
5.3086657e-06
5.3083298e-06
5.3078933e-06
5.3073527e-06
5.3067043e-06
5.3059444e-06
5.305069e-06
5.3040741e-06
5.3029555e-06
5.3017089e-06
5.3003298e-06
5.2988134e-06
5.2971549e-06
5.2953493e-06
5.2933912e-06
5.2912752e-06
5.2889956e-06
5.2865466e-06
5.283922e-06
5.2811153e-06
5.2781201e-06
5.2749292e-06
5.2715356e-06
5.2679318e-06
5.26411e-06
5.2600621e-06
5.2557796e-06
5.2512536e-06
5.2464752e-06
5.2414348e-06
5.2361225e-06
5.230528e-06
5.2246405e-06
5.2184489e-06
5.2119415e-06
5.2051064e-06
5.1979309e-06
5.1904022e-06
5.1825065e-06
5.174231e-06
5.1655583e-06
5.1564848e-06
5.1469574e-06
5.1371134e-06
5.1263149e-06
5.1172026e-06
5.0986728e-06
4.8309392e-06
4.8314188e-06
4.831839e-06
4.8321985e-06
4.8324953e-06
4.8327273e-06
4.8328921e-06
4.8329873e-06
4.8330105e-06
4.8329593e-06
4.832831e-06
4.8326229e-06
4.8323324e-06
4.8319565e-06
4.8314924e-06
4.8309371e-06
4.8302874e-06
4.8295401e-06
4.8286918e-06
4.8277392e-06
4.8266787e-06
4.8255066e-06
4.824219e-06
4.8228122e-06
4.8212819e-06
4.8196239e-06
4.8178339e-06
4.8159074e-06
4.8138397e-06
4.8116259e-06
4.809261e-06
4.8067398e-06
4.8040569e-06
4.8012068e-06
4.7981836e-06
4.7949814e-06
4.791594e-06
4.7880148e-06
4.7842374e-06
4.7802546e-06
4.7760595e-06
4.7716445e-06
4.7670019e-06
4.7621239e-06
4.7570021e-06
4.7516279e-06
4.7459925e-06
4.7400868e-06
4.7339012e-06
4.7274259e-06
4.7206508e-06
4.7135659e-06
4.7061587e-06
4.6984259e-06
4.6903279e-06
4.6819716e-06
4.6728521e-06
4.665098e-06
4.6495486e-06
4.406928e-06
4.4072485e-06
4.4075119e-06
4.4077171e-06
4.4078625e-06
4.407946e-06
4.4079658e-06
4.4079196e-06
4.4078054e-06
4.4076209e-06
4.407364e-06
4.4070322e-06
4.4066233e-06
4.4061346e-06
4.4055638e-06
4.4049081e-06
4.4041649e-06
4.4033314e-06
4.4024047e-06
4.4013819e-06
4.4002599e-06
4.3990356e-06
4.3977058e-06
4.396267e-06
4.3947159e-06
4.3930489e-06
4.3912623e-06
4.3893523e-06
4.387315e-06
4.3851463e-06
4.3828421e-06
4.3803981e-06
4.3778097e-06
4.3750725e-06
4.3721817e-06
4.3691324e-06
4.3659195e-06
4.3625379e-06
4.3589821e-06
4.3552466e-06
4.3513257e-06
4.3472134e-06
4.3429037e-06
4.3383902e-06
4.3336666e-06
4.328726e-06
4.3235616e-06
4.3181662e-06
4.3125327e-06
4.3066534e-06
4.3005205e-06
4.2941266e-06
4.2874622e-06
4.2805246e-06
4.2732831e-06
4.2658257e-06
4.2577295e-06
4.2508068e-06
4.2371028e-06
4.0784114e-06
4.0786181e-06
4.078766e-06
4.0788543e-06
4.0788814e-06
4.0788454e-06
4.0787444e-06
4.0785764e-06
4.0783394e-06
4.0780313e-06
4.0776499e-06
4.0771931e-06
4.0766586e-06
4.076044e-06
4.0753469e-06
4.0745648e-06
4.0736953e-06
4.0727357e-06
4.0716833e-06
4.0705353e-06
4.069289e-06
4.0679413e-06
4.0664893e-06
4.06493e-06
4.06326e-06
4.0614762e-06
4.0595752e-06
4.0575535e-06
4.0554077e-06
4.0531339e-06
4.0507286e-06
4.0481878e-06
4.0455076e-06
4.042684e-06
4.0397126e-06
4.0365893e-06
4.0333097e-06
4.0298691e-06
4.0262631e-06
4.0224867e-06
4.0185351e-06
4.0144033e-06
4.010086e-06
4.0055781e-06
4.0008741e-06
3.9959684e-06
3.9908554e-06
3.9855291e-06
3.9799837e-06
3.974213e-06
3.9682107e-06
3.9619707e-06
3.9554854e-06
3.948753e-06
3.941747e-06
3.9345475e-06
3.9267653e-06
3.9200917e-06
3.9070048e-06
3.8749124e-06
3.8750542e-06
3.8751333e-06
3.8751487e-06
3.875099e-06
3.8749821e-06
3.8747963e-06
3.8745395e-06
3.8742096e-06
3.8738046e-06
3.8733222e-06
3.8727603e-06
3.8721165e-06
3.8713884e-06
3.8705737e-06
3.8696698e-06
3.8686741e-06
3.8675841e-06
3.866397e-06
3.86511e-06
3.8637202e-06
3.8622247e-06
3.8606206e-06
3.8589047e-06
3.8570738e-06
3.8551248e-06
3.8530541e-06
3.8508585e-06
3.8485344e-06
3.8460781e-06
3.843486e-06
3.8407544e-06
3.8378792e-06
3.8348567e-06
3.8316825e-06
3.8283527e-06
3.824863e-06
3.8212089e-06
3.817386e-06
3.8133898e-06
3.8092156e-06
3.8048586e-06
3.8003139e-06
3.7955766e-06
3.7906415e-06
3.7855036e-06
3.7801575e-06
3.7745979e-06
3.7688191e-06
3.7628158e-06
3.756582e-06
3.7501124e-06
3.7434e-06
3.7364431e-06
3.7292165e-06
3.7218003e-06
3.7138035e-06
3.706938e-06
3.6935426e-06
3.7882441e-06
3.7883587e-06
3.7884067e-06
3.7883874e-06
3.7882991e-06
3.7881399e-06
3.7879079e-06
3.7876009e-06
3.7872169e-06
3.7867536e-06
3.7862089e-06
3.7855805e-06
3.7848659e-06
3.7840627e-06
3.7831684e-06
3.7821804e-06
3.781096e-06
3.7799126e-06
3.7786273e-06
3.7772373e-06
3.7757396e-06
3.774131e-06
3.7724087e-06
3.7705692e-06
3.7686094e-06
3.7665259e-06
3.7643153e-06
3.7619739e-06
3.7594982e-06
3.7568845e-06
3.7541288e-06
3.7512273e-06
3.7481762e-06
3.7449712e-06
3.7416083e-06
3.7380831e-06
3.7343914e-06
3.7305286e-06
3.7264901e-06
3.7222714e-06
3.7178677e-06
3.713274e-06
3.7084855e-06
3.7034971e-06
3.6983037e-06
3.6929e-06
3.6872807e-06
3.6814403e-06
3.6753734e-06
3.6690742e-06
3.6625372e-06
3.6557565e-06
3.6487255e-06
3.6414426e-06
3.6338816e-06
3.626126e-06
3.6177699e-06
3.6105929e-06
3.5966132e-06
3.7662345e-06
3.7663439e-06
3.7663853e-06
3.7663579e-06
3.7662602e-06
3.76609e-06
3.7658455e-06
3.7655246e-06
3.7651251e-06
3.7646448e-06
3.7640815e-06
3.7634328e-06
3.7626963e-06
3.7618694e-06
3.7609498e-06
3.7599346e-06
3.7588212e-06
3.7576069e-06
3.7562887e-06
3.7548638e-06
3.753329e-06
3.7516813e-06
3.7499174e-06
3.7480341e-06
3.7460281e-06
3.7438959e-06
3.741634e-06
3.7392389e-06
3.7367068e-06
3.7340339e-06
3.7312165e-06
3.7282504e-06
3.7251317e-06
3.7218562e-06
3.7184197e-06
3.7148178e-06
3.711046e-06
3.7070999e-06
3.7029746e-06
3.6986656e-06
3.6941678e-06
3.6894764e-06
3.6845864e-06
3.6794925e-06
3.6741895e-06
3.6686721e-06
3.6629349e-06
3.6569723e-06
3.6507787e-06
3.6443483e-06
3.6376752e-06
3.6307539e-06
3.6235771e-06
3.6161435e-06
3.6084264e-06
3.6005109e-06
3.5919828e-06
3.5846577e-06
3.5703903e-06
3.761461e-06
3.7615669e-06
3.7616047e-06
3.7615735e-06
3.7614716e-06
3.7612971e-06
3.761048e-06
3.7607223e-06
3.7603178e-06
3.7598323e-06
3.7592635e-06
3.7586091e-06
3.7578667e-06
3.7570337e-06
3.7561077e-06
3.7550859e-06
3.7539657e-06
3.7527444e-06
3.7514189e-06
3.7499864e-06
3.748444e-06
3.7467883e-06
3.7450164e-06
3.7431249e-06
3.7411104e-06
3.7389695e-06
3.7366985e-06
3.734294e-06
3.7317521e-06
3.7290691e-06
3.7262411e-06
3.7232641e-06
3.720134e-06
3.7168466e-06
3.7133977e-06
3.7097829e-06
3.7059978e-06
3.7020377e-06
3.697898e-06
3.693574e-06
3.6890608e-06
3.6843534e-06
3.6794467e-06
3.6743356e-06
3.6690147e-06
3.6634787e-06
3.6577221e-06
3.6517394e-06
3.6455248e-06
3.6390727e-06
3.632377e-06
3.6254322e-06
3.6182311e-06
3.6107722e-06
3.6030289e-06
3.5950862e-06
3.5865294e-06
3.5791788e-06
3.5648638e-06
3.7593152e-06
3.7594191e-06
3.7594548e-06
3.7594215e-06
3.7593174e-06
3.7591408e-06
3.7588895e-06
3.7585616e-06
3.758155e-06
3.7576673e-06
3.7570963e-06
3.7564397e-06
3.755695e-06
3.7548599e-06
3.7539316e-06
3.7529076e-06
3.7517851e-06
3.7505614e-06
3.7492336e-06
3.7477987e-06
3.7462538e-06
3.7445957e-06
3.7428213e-06
3.7409273e-06
3.7389104e-06
3.736767e-06
3.7344938e-06
3.7320871e-06
3.7295432e-06
3.7268582e-06
3.7240283e-06
3.7210496e-06
3.7179178e-06
3.7146289e-06
3.7111786e-06
3.7075626e-06
3.7037762e-06
3.699815e-06
3.6956743e-06
3.6913493e-06
3.6868353e-06
3.6821271e-06
3.6772197e-06
3.672108e-06
3.6667867e-06
3.6612504e-06
3.6554937e-06
3.6495109e-06
3.6432964e-06
3.6368444e-06
3.6301491e-06
3.6232048e-06
3.6160043e-06
3.6085462e-06
3.6008039e-06
3.5928623e-06
3.5843067e-06
3.5769574e-06
3.5626443e-06
3.7575242e-06
3.7576259e-06
3.7576594e-06
3.7576238e-06
3.7575174e-06
3.7573385e-06
3.7570849e-06
3.7567546e-06
3.7563455e-06
3.7558553e-06
3.7552818e-06
3.7546227e-06
3.7538756e-06
3.7530379e-06
3.7521071e-06
3.7510806e-06
3.7499557e-06
3.7487297e-06
3.7473996e-06
3.7459625e-06
3.7444155e-06
3.7427553e-06
3.740979e-06
3.7390831e-06
3.7370644e-06
3.7349194e-06
3.7326445e-06
3.7302362e-06
3.7276908e-06
3.7250045e-06
3.7221733e-06
3.7191933e-06
3.7160605e-06
3.7127705e-06
3.7093193e-06
3.7057023e-06
3.7019152e-06
3.6979533e-06
3.693812e-06
3.6894865e-06
3.684972e-06
3.6802635e-06
3.6753559e-06
3.670244e-06
3.6649227e-06
3.6593864e-06
3.6536299e-06
3.6476474e-06
3.6414334e-06
3.6349821e-06
3.6282876e-06
3.6213442e-06
3.6141449e-06
3.6066882e-06
3.5989474e-06
3.5910076e-06
3.5824541e-06
3.5751066e-06
3.5607977e-06
)
;

boundaryField
{
    inlet
    {
        type            zeroGradient;
    }
    top
    {
        type            zeroGradient;
    }
    outlet
    {
        type            zeroGradient;
    }
    slipsurface
    {
        type            slip;
    }
    bottom
    {
        type            epsilonWallFunction;
        value           nonuniform List<scalar> 0();
    }
    frontandback
    {
        type            empty;
    }
    procBoundary15to13
    {
        type            processor;
        value           nonuniform List<scalar> 
30
(
8.5070381e-06
8.3185995e-06
8.1352007e-06
7.9566795e-06
7.7828759e-06
7.6136328e-06
7.4487956e-06
7.288212e-06
7.1317323e-06
6.9792092e-06
6.8304976e-06
6.6854548e-06
6.5439404e-06
6.4058165e-06
6.2709471e-06
6.1391989e-06
6.0104405e-06
5.8845424e-06
5.7613763e-06
5.6408148e-06
5.305277e-06
4.8303987e-06
4.4065486e-06
4.078144e-06
3.8747056e-06
3.7880607e-06
3.7660548e-06
3.7612844e-06
3.7591406e-06
3.7573517e-06
)
;
    }
    procBoundary15to14
    {
        type            processor;
        value           nonuniform List<scalar> 
59
(
8.70231e-06
8.7037964e-06
8.7051364e-06
8.7063224e-06
8.7073474e-06
8.7082042e-06
8.7088857e-06
8.7093841e-06
8.7096915e-06
8.7097993e-06
8.7096985e-06
8.7093798e-06
8.7088334e-06
8.7080488e-06
8.7070151e-06
8.7057208e-06
8.7041538e-06
8.7023012e-06
8.7001497e-06
8.6976852e-06
8.6948926e-06
8.6917563e-06
8.6882598e-06
8.6843855e-06
8.6801153e-06
8.6754297e-06
8.6703083e-06
8.6647299e-06
8.6586718e-06
8.6521104e-06
8.6450209e-06
8.637377e-06
8.6291515e-06
8.6203157e-06
8.6108397e-06
8.6006924e-06
8.5898417e-06
8.578254e-06
8.5658952e-06
8.5527304e-06
8.5387241e-06
8.5238408e-06
8.5080452e-06
8.4913027e-06
8.4735799e-06
8.4548454e-06
8.4350702e-06
8.4142284e-06
8.392298e-06
8.3692622e-06
8.3451083e-06
8.3198337e-06
8.2934317e-06
8.2659414e-06
8.2372724e-06
8.2079066e-06
8.1759968e-06
8.1494004e-06
8.0963976e-06
)
;
    }
}


// ************************************************************************* //
