/*--------------------------------*- C++ -*----------------------------------*\
  =========                 |
  \\      /  F ield         | OpenFOAM: The Open Source CFD Toolbox
   \\    /   O peration     | Website:  https://openfoam.org
    \\  /    A nd           | Version:  12
     \\/     M anipulation  |
\*---------------------------------------------------------------------------*/
FoamFile
{
    format      ascii;
    class       surfaceScalarField;
    location    "1600";
    object      phi;
}
// * * * * * * * * * * * * * * * * * * * * * * * * * * * * * * * * * * * * * //

dimensions      [0 3 -1 0 0 0 0];

internalField   nonuniform List<scalar> 
1560
(
0.020858342
3.9004436e-05
0.020859332
4.0988819e-05
0.02086036
4.3138953e-05
0.020861429
4.5474287e-05
0.020862544
4.8017255e-05
0.020863707
5.0793852e-05
0.020864925
5.3834348e-05
0.020866203
5.717416e-05
0.020867546
6.0854947e-05
0.020868903
6.2117133e-05
0.020870238
6.1805735e-05
0.020871553
6.1505224e-05
0.02087285
6.1215602e-05
0.020874129
6.093711e-05
0.020875392
6.0670152e-05
0.020876639
6.0415203e-05
0.020877871
6.0172862e-05
5.9944006e-05
0.023543324
1.4934267e-05
0.023543975
1.5378488e-05
0.023544634
1.5843153e-05
0.023545301
1.6329646e-05
0.023545978
1.6839468e-05
0.023546663
1.7374249e-05
0.023547358
1.7935764e-05
0.023548064
1.8525945e-05
0.023548781
1.9146899e-05
0.023549509
1.9800929e-05
0.023550251
2.0490557e-05
0.023551005
2.1218549e-05
0.023551774
2.198794e-05
0.023552558
2.2802076e-05
0.023553358
2.3664644e-05
0.023554175
2.457972e-05
0.023555011
2.5551818e-05
0.023555867
2.6585949e-05
0.023556744
2.7687692e-05
0.023557644
2.8863266e-05
0.023558569
3.0119629e-05
0.02355952
3.1464584e-05
0.0235605
3.2906907e-05
0.023561511
3.4456497e-05
0.023562555
3.6124557e-05
0.023563636
3.7923807e-05
0.023564756
3.9868743e-05
0.023565919
4.1975947e-05
0.023567129
4.4264463e-05
0.02356839
4.6756259e-05
0.023569707
4.9476792e-05
0.023571085
5.2455704e-05
0.023572532
5.5727686e-05
0.023574053
5.933359e-05
0.023575588
6.0581798e-05
0.0235771
6.0294249e-05
0.023578589
6.0015951e-05
0.023580058
5.9747169e-05
0.023581506
5.9488335e-05
0.023582937
5.9240004e-05
0.023584349
5.9002819e-05
0.023585744
5.8777541e-05
0.023587123
5.856516e-05
0.023588486
5.8366969e-05
0.023589833
5.8184619e-05
0.023591165
5.8020277e-05
0.023592483
5.7876863e-05
0.023593786
5.7758238e-05
0.023595077
5.7669399e-05
0.023596357
5.7616711e-05
0.023597632
5.7607896e-05
0.02359891
5.7651423e-05
0.023600205
5.7754756e-05
0.023601537
5.7916292e-05
0.023602931
5.812872e-05
0.023604398
5.8321076e-05
5.8521567e-05
0.026596871
1.4228004e-05
0.026597587
1.4662495e-05
0.026598313
1.5117025e-05
0.026599049
1.559294e-05
0.026599797
1.6091699e-05
0.026600557
1.6614888e-05
0.026601328
1.7164234e-05
0.026602112
1.7741617e-05
0.02660291
1.8349088e-05
0.026603722
1.8988892e-05
0.026604549
1.9663484e-05
0.026605392
2.0375558e-05
0.026606252
2.1128074e-05
0.02660713
2.1924292e-05
0.026608027
2.2767807e-05
0.026608944
2.3662592e-05
0.026609883
2.4613048e-05
0.026610845
2.5624065e-05
0.026611831
2.6701079e-05
0.026612844
2.7850159e-05
0.026613886
2.9078091e-05
0.026614958
3.0392487e-05
0.026616063
3.1801908e-05
0.026617203
3.331601e-05
0.026618382
3.4945725e-05
0.026619603
3.6703463e-05
0.026620868
3.8603368e-05
0.026622182
4.0661623e-05
0.02662355
4.289681e-05
0.026624976
4.533037e-05
0.026626465
4.798715e-05
0.026628025
5.0896088e-05
0.026629662
5.4091047e-05
0.026631384
5.7611822e-05
0.026633121
5.8843965e-05
0.026634832
5.8583231e-05
0.026636518
5.8329875e-05
0.026638181
5.8084469e-05
0.026639822
5.7847646e-05
0.026641442
5.7620128e-05
0.026643042
5.7402726e-05
0.026644623
5.7196353e-05
0.026646186
5.7002113e-05
0.026647732
5.6821373e-05
0.02664926
5.6655825e-05
0.026650773
5.6507603e-05
0.026652271
5.6379439e-05
0.026653754
5.6274783e-05
0.026655225
5.6197893e-05
0.026656688
5.6153828e-05
0.026658148
5.6148213e-05
0.026659613
5.6186189e-05
0.026661097
5.6271072e-05
0.026662616
5.6397546e-05
0.026664188
5.6556621e-05
0.026665814
5.669458e-05
5.6840177e-05
0.030046282
1.3457987e-05
0.030047064
1.3880129e-05
0.03004786
1.4321872e-05
0.030048668
1.4784519e-05
0.03004949
1.5269485e-05
0.030050327
1.5778307e-05
0.030051178
1.6312657e-05
0.030052046
1.6874361e-05
0.030052929
1.7465407e-05
0.03005383
1.8087972e-05
0.030054749
1.874444e-05
0.030055687
1.9437424e-05
0.030056646
2.0169799e-05
0.030057625
2.0944727e-05
0.030058627
2.1765699e-05
0.030059653
2.2636574e-05
0.030060705
2.3561626e-05
0.030061783
2.4545602e-05
0.03006289
2.5593785e-05
0.030064029
2.6712069e-05
0.0300652
2.7907045e-05
0.030066406
2.918611e-05
0.03006765
3.055758e-05
0.030068935
3.2030839e-05
0.030070265
3.3616508e-05
0.030071642
3.5326647e-05
0.03007307
3.7175002e-05
0.030074554
3.9177299e-05
0.030076099
4.1351601e-05
0.030077711
4.3718749e-05
0.030079395
4.6302898e-05
0.030081159
4.9132181e-05
0.030083011
5.2239548e-05
0.030084959
5.5663838e-05
0.030086925
5.6877514e-05
0.030088862
5.6646807e-05
0.03009077
5.6421387e-05
0.030092652
5.6202082e-05
0.03009451
5.5989785e-05
0.030096345
5.5785406e-05
0.030098158
5.558992e-05
0.03009995
5.5404382e-05
0.030101722
5.5229994e-05
0.030103475
5.5068174e-05
0.03010521
5.4920602e-05
0.030106929
5.478931e-05
0.030108631
5.4676761e-05
0.03011032
5.4585904e-05
0.030111998
5.4520168e-05
0.030113668
5.4483298e-05
0.030115338
5.4478995e-05
0.030117014
5.4509819e-05
0.030118709
5.4576219e-05
0.030120435
5.467149e-05
0.030122204
5.4787105e-05
0.030124017
5.4882272e-05
5.497675e-05
0.033942955
1.2625798e-05
0.033943803
1.303257e-05
0.033944666
1.3458442e-05
0.033945546
1.3904675e-05
0.033946443
1.4372633e-05
0.033947357
1.4863804e-05
0.03394829
1.5379802e-05
0.033949242
1.5922389e-05
0.033950214
1.649349e-05
0.033951207
1.7095205e-05
0.033952221
1.7729838e-05
0.033953259
1.8399916e-05
0.033954321
1.9108215e-05
0.033955407
1.9857792e-05
0.033956521
2.0652022e-05
0.033957663
2.1494633e-05
0.033958835
2.2389759e-05
0.033960039
2.3341988e-05
0.033961276
2.4356426e-05
0.033962549
2.5438773e-05
0.033963861
2.6595402e-05
0.033965213
2.7833463e-05
0.03396661
2.9161e-05
0.033968054
3.0587084e-05
0.033969548
3.2121988e-05
0.033971098
3.3777374e-05
0.033972706
3.5566537e-05
0.033974379
3.7504685e-05
0.033976121
3.9609292e-05
0.033977939
4.1900517e-05
0.03397984
4.4401734e-05
0.033981832
4.714017e-05
0.033983924
5.0147698e-05
0.033986126
5.3461701e-05
0.03398835
5.4653596e-05
0.033990541
5.4456153e-05
0.033992701
5.4261662e-05
0.033994831
5.4071297e-05
0.033996935
5.3886155e-05
0.033999013
5.3707337e-05
0.034001067
5.3535974e-05
0.034003098
5.3373249e-05
0.034005108
5.3220442e-05
0.034007097
5.3078988e-05
0.034009067
5.2950511e-05
0.03401102
5.2836873e-05
0.034012956
5.2740215e-05
0.034014879
5.2662933e-05
0.034016792
5.2607616e-05
0.034018698
5.2576814e-05
0.034020604
5.2572632e-05
0.034022518
5.259584e-05
0.034024449
5.2645135e-05
0.034026407
5.2714037e-05
0.034028399
5.2794592e-05
0.03403042
5.2861411e-05
5.2933042e-05
0.038344754
1.1732069e-05
0.038345666
1.2120058e-05
0.038346598
1.2526551e-05
0.03834755
1.2952761e-05
0.038348523
1.3400003e-05
0.038349517
1.3869707e-05
0.038350533
1.4363428e-05
0.038351573
1.4882863e-05
0.038352636
1.5429862e-05
0.038353725
1.6006447e-05
0.03835484
1.6614835e-05
0.038355983
1.7257455e-05
0.038357154
1.7936978e-05
0.038358355
1.8656345e-05
0.038359589
1.9418801e-05
0.038360855
2.0227933e-05
0.038362157
2.1087714e-05
0.038363497
2.2002558e-05
0.038364876
2.2977375e-05
0.038366297
2.4017644e-05
0.038367763
2.5129496e-05
0.038369277
2.6319804e-05
0.038370841
2.7596303e-05
0.038372461
2.8967715e-05
0.038374139
3.0443916e-05
0.03837588
3.2036121e-05
0.038377689
3.3757112e-05
0.038379573
3.5621513e-05
0.038381536
3.7646128e-05
0.038383586
3.9850344e-05
0.038385731
4.2256643e-05
0.03838798
4.4891221e-05
0.038390343
4.7784806e-05
0.038392831
5.0973697e-05
0.038395344
5.2140115e-05
0.038397821
5.1979321e-05
0.038400264
5.1818971e-05
0.038402675
5.1660437e-05
0.038405056
5.1505114e-05
0.038407409
5.1354301e-05
0.038409735
5.1209283e-05
0.038412037
5.1071344e-05
0.038414316
5.0941821e-05
0.038416573
5.0822134e-05
0.038418809
5.0713808e-05
0.038421028
5.0618497e-05
0.03842323
5.0537982e-05
0.038425419
5.0474117e-05
0.038427598
5.0428721e-05
0.038429771
5.040335e-05
0.038431945
5.0398942e-05
0.038434126
5.0415155e-05
0.038436321
5.0449999e-05
0.038438537
5.0497758e-05
0.038440779
5.0552536e-05
0.038443047
5.0593169e-05
5.0628254e-05
0.043317425
1.0781672e-05
0.043318398
1.1147267e-05
0.043319394
1.1530627e-05
0.043320414
1.1932919e-05
0.043321458
1.2355401e-05
0.043322529
1.2799446e-05
0.043323626
1.3266544e-05
0.04332475
1.3758319e-05
0.043325903
1.4276544e-05
0.043327087
1.4823153e-05
0.043328301
1.5400269e-05
0.043329549
1.6010217e-05
0.04333083
1.6655552e-05
0.043332147
1.7339087e-05
0.043333502
1.8063924e-05
0.043334897
1.8833494e-05
0.043336333
1.9651596e-05
0.043337813
2.0522447e-05
0.043339339
2.145074e-05
0.043340915
2.244171e-05
0.043342544
2.3501215e-05
0.043344228
2.4635819e-05
0.043345971
2.5852909e-05
0.043347778
2.7160817e-05
0.043349653
2.856897e-05
0.043351601
3.0088078e-05
0.043353628
3.1730344e-05
0.043355739
3.3509731e-05
0.043357943
3.5442282e-05
0.043360247
3.7546511e-05
0.04336266
3.9843889e-05
0.043365192
4.2359437e-05
0.043367854
4.5122437e-05
0.043370661
4.8167108e-05
0.043373498
4.9302439e-05
0.043376296
4.9181237e-05
0.043379058
4.9057783e-05
0.043381784
4.8933831e-05
0.043384478
4.8810913e-05
0.043387142
4.8690487e-05
0.043389777
4.8573968e-05
0.043392386
4.8462729e-05
0.04339497
4.8358133e-05
0.04339753
4.8261559e-05
0.04340007
4.8174405e-05
0.04340259
4.8098098e-05
0.043405094
4.803407e-05
0.043407584
4.7983681e-05
0.043410065
4.7948118e-05
0.04341254
4.79282e-05
0.043415015
4.7924101e-05
0.043417495
4.7934948e-05
0.043419987
4.7958548e-05
0.043422494
4.7990588e-05
0.04342502
4.8026405e-05
0.043427555
4.805824e-05
4.8097597e-05
0.048934647
9.7730323e-06
0.048935682
1.011238e-05
0.048936744
1.0468578e-05
0.048937834
1.0842733e-05
0.048938953
1.123605e-05
0.048940103
1.1649832e-05
0.048941284
1.20855e-05
0.048942498
1.2544599e-05
0.048943745
1.3028817e-05
0.048945028
1.3539997e-05
0.048946349
1.4080153e-05
0.048947707
1.4651499e-05
0.048949106
1.5256463e-05
0.048950548
1.5897717e-05
0.048952033
1.6578209e-05
0.048953566
1.7301196e-05
0.048955147
1.8070283e-05
0.04895678
1.8889473e-05
0.048958468
1.9763217e-05
0.048960213
2.0696479e-05
0.048962019
2.169481e-05
0.048963891
2.2764432e-05
0.048965831
2.3912342e-05
0.048967845
2.5146429e-05
0.048969939
2.647562e-05
0.048972117
2.7910052e-05
0.048974386
2.9461274e-05
0.048976753
3.1142501e-05
0.048979227
3.2968913e-05
0.048981815
3.4958033e-05
0.048984529
3.7130183e-05
0.048987379
3.9509069e-05
0.048990379
4.2122578e-05
0.048993542
4.50038e-05
0.048996742
4.6102281e-05
0.0489999
4.6023605e-05
0.049003018
4.5939929e-05
0.049006099
4.5853072e-05
0.049009145
4.5764879e-05
0.049012158
4.5676996e-05
0.049015141
4.5590945e-05
0.049018096
4.5508157e-05
0.049021024
4.5429998e-05
0.049023928
4.5357786e-05
0.049026809
4.5292783e-05
0.049029671
4.5236196e-05
0.049032516
4.5189144e-05
0.049035347
4.515259e-05
0.049038168
4.5127251e-05
0.049040983
4.5113461e-05
0.049043796
4.5110998e-05
0.049046612
4.5118832e-05
0.049049435
4.5135125e-05
0.04905227
4.51563e-05
0.049055117
4.5179088e-05
0.049057985
4.5190522e-05
4.5193785e-05
0.055280741
8.7150493e-06
0.055281829
9.0243863e-06
0.055282948
9.3494357e-06
0.0552841
9.6912436e-06
0.055285285
1.0050944e-05
0.055286505
1.0429768e-05
0.055287761
1.0829055e-05
0.055289056
1.1250264e-05
0.055290389
1.1694984e-05
0.055291764
1.2164953e-05
0.055293183
1.2662073e-05
0.055294646
1.3188429e-05
0.055296156
1.3746308e-05
0.055297715
1.433823e-05
0.055299327
1.4966969e-05
0.055300992
1.5635589e-05
0.055302715
1.6347483e-05
0.055304498
1.710641e-05
0.055306345
1.7916554e-05
0.055308259
1.8782575e-05
0.055310244
1.9709681e-05
0.055312304
2.0703706e-05
0.055314446
2.1771209e-05
0.055316672
2.291958e-05
0.055318991
2.4157181e-05
0.055321407
2.5493499e-05
0.055323929
2.6939344e-05
0.055326565
2.8507082e-05
0.055329323
3.0210915e-05
0.055332214
3.2067235e-05
0.055335249
3.4095051e-05
0.055338441
3.6316501e-05
0.055341806
3.8757462e-05
0.055345362
4.144804e-05
0.055348964
4.2499894e-05
0.055352523
4.2465279e-05
0.05535604
4.2422903e-05
0.055359518
4.2375027e-05
0.055362959
4.2323474e-05
0.055366366
4.2269953e-05
0.055369741
4.2216065e-05
0.055373086
4.2163278e-05
0.055376403
4.2112942e-05
0.055379695
4.2066298e-05
0.055382963
4.2024478e-05
0.055386211
4.1988494e-05
0.055389441
4.1959215e-05
0.055392656
4.1937309e-05
0.05539586
4.1923182e-05
0.055399056
4.1916898e-05
0.055402249
4.1918063e-05
0.055405443
4.1925751e-05
0.055408639
4.1938459e-05
0.055411841
4.195435e-05
0.055415048
4.1971886e-05
0.055418246
4.1992841e-05
4.2024149e-05
0.062449211
7.5942545e-06
0.062450366
7.8695023e-06
0.062451556
8.159084e-06
0.062452783
8.4639774e-06
0.062454049
8.785243e-06
0.062455355
9.1240296e-06
0.062456702
9.4815842e-06
0.062458093
9.8592662e-06
0.06245953
1.025856e-05
0.062461013
1.0681087e-05
0.062462547
1.112862e-05
0.062464132
1.1603102e-05
0.062465772
1.2106662e-05
0.062467468
1.2641642e-05
0.062469225
1.3210622e-05
0.062471044
1.3816447e-05
0.062472929
1.4462264e-05
0.062474884
1.5151558e-05
0.062476912
1.5888205e-05
0.062479018
1.6676515e-05
0.062481207
1.7521305e-05
0.062483483
1.8427966e-05
0.062485851
1.9402554e-05
0.062488319
2.0451892e-05
0.062490892
2.1583693e-05
0.062493579
2.2806708e-05
0.062496388
2.4130904e-05
0.062499327
2.5567682e-05
0.062502408
2.7130136e-05
0.062505642
2.8833383e-05
0.062509042
3.0694975e-05
0.062512623
3.2735416e-05
0.062516401
3.4978948e-05
0.062520395
3.7454601e-05
0.062524444
3.8451128e-05
0.062528447
3.8461988e-05
0.062532407
3.8462446e-05
0.062536328
3.8454664e-05
0.06254021
3.8440805e-05
0.062544058
3.8422748e-05
0.062547871
3.8402136e-05
0.062551654
3.8380431e-05
0.062555408
3.8358941e-05
0.062559136
3.833883e-05
0.062562839
3.8321109e-05
0.062566521
3.8306633e-05
0.062570184
3.8296085e-05
0.062573832
3.8289936e-05
0.062577466
3.8288417e-05
0.062581092
3.8291465e-05
0.062584711
3.8298685e-05
0.062588328
3.8309241e-05
0.062591944
3.8321947e-05
0.062595564
3.8334425e-05
0.062599191
3.8344515e-05
0.062602843
3.8341411e-05
3.8328659e-05
0.070548727
6.4297966e-06
0.07054993
6.6670428e-06
0.070551172
6.9169168e-06
0.070552456
7.1803088e-06
0.070553783
7.4582194e-06
0.070555155
7.7517502e-06
0.070556575
8.0620724e-06
0.070558043
8.3904516e-06
0.070559564
8.7382703e-06
0.070561138
9.107027e-06
0.070562768
9.4983414e-06
0.070564457
9.9139788e-06
0.070566208
1.0355887e-05
0.070568023
1.0826209e-05
0.070569907
1.1327286e-05
0.070571861
1.1861692e-05
0.070573891
1.2432276e-05
0.070576001
1.3042191e-05
0.070578194
1.3694938e-05
0.070580476
1.4394414e-05
0.070582853
1.5144971e-05
0.070585329
1.5951478e-05
0.070587912
1.6819407e-05
0.070590609
1.7754919e-05
0.070593428
1.8764983e-05
0.070596377
1.9857502e-05
0.070599466
2.104148e-05
0.070602707
2.2327213e-05
0.070606111
2.3726525e-05
0.070609691
2.5253055e-05
0.070613463
2.6922606e-05
0.070617445
2.8753547e-05
0.070621657
3.0767276e-05
0.070626123
3.2988628e-05
0.070630661
3.3912889e-05
0.070635155
3.3967553e-05
0.070639608
3.4009638e-05
0.070644021
3.4041841e-05
0.070648396
3.4066042e-05
0.070652735
3.4084014e-05
0.070657039
3.4097388e-05
0.070661312
3.4107601e-05
0.070665555
3.4115899e-05
0.070669771
3.4123352e-05
0.070673961
3.4130858e-05
0.070678128
3.4139142e-05
0.070682276
3.414875e-05
0.070686406
3.4160028e-05
0.070690521
3.417311e-05
0.070694625
3.4187909e-05
0.070698719
3.4204109e-05
0.070702807
3.4221241e-05
0.07070689
3.4238755e-05
0.070710968
3.4256624e-05
0.070715037
3.427547e-05
0.070719078
3.4300654e-05
3.4335491e-05
0.079697208
5.1658981e-06
0.079698515
5.359948e-06
0.079699868
5.564482e-06
0.079701269
5.7794557e-06
0.07970272
6.0072363e-06
0.079704221
6.2506216e-06
0.079705774
6.5093604e-06
0.07970738
6.7837404e-06
0.079709043
7.0751417e-06
0.079710765
7.3849421e-06
0.079712549
7.7147301e-06
0.079714397
8.0661029e-06
0.079716312
8.4406261e-06
0.079718298
8.8400313e-06
0.079720359
9.2663311e-06
0.079722499
9.7217499e-06
0.079724723
1.0208764e-05
0.079727035
1.0730116e-05
0.079729441
1.128886e-05
0.079731947
1.1888401e-05
0.079734559
1.253255e-05
0.079737285
1.3225576e-05
0.079740132
1.3972279e-05
0.079743109
1.4778069e-05
0.079746225
1.5649068e-05
0.07974949
1.6592222e-05
0.079752916
1.761545e-05
0.079756516
1.8727811e-05
0.079760303
1.9939719e-05
0.079764293
2.1263214e-05
0.079768503
2.2712301e-05
0.079772953
2.4303407e-05
0.079777664
2.6056107e-05
0.079782659
2.799415e-05
0.079787738
2.8833292e-05
0.079792776
2.8929706e-05
0.079797774
2.9011919e-05
0.079802733
2.9082278e-05
0.079807656
2.9143028e-05
0.079812544
2.9196055e-05
0.079817399
2.9242904e-05
0.079822221
2.928489e-05
0.079827014
2.9323149e-05
0.079831779
2.9358641e-05
0.079836518
2.9392146e-05
0.079841233
2.9424272e-05
0.079845926
2.9455453e-05
0.0798506
2.948593e-05
0.079855257
2.9515749e-05
0.0798599
2.9544735e-05
0.079864532
2.9572478e-05
0.079869155
2.9598221e-05
0.079873773
2.9620926e-05
0.079878391
2.9638349e-05
0.079883018
2.964868e-05
0.079887677
2.964206e-05
2.9626627e-05
0.090035839
3.8602617e-06
0.090037192
4.0076874e-06
0.090038593
4.1632874e-06
0.090040046
4.3267545e-06
0.090041552
4.50048e-06
0.090043116
4.6873006e-06
0.090044739
4.8863857e-06
0.090046426
5.0965506e-06
0.090048182
5.3187408e-06
0.090050009
5.558129e-06
0.090051902
5.8214387e-06
0.090053859
6.1097671e-06
0.090055884
6.4154209e-06
0.090057986
6.7380062e-06
0.090060169
7.0833861e-06
0.090062438
7.4523873e-06
0.0900648
7.8473199e-06
0.090067259
8.2704243e-06
0.090069824
8.7242801e-06
0.090072501
9.2117474e-06
0.090075297
9.7360303e-06
0.090078222
1.030072e-05
0.090081284
1.0909855e-05
0.090084494
1.1567987e-05
0.090087863
1.2280266e-05
0.090091403
1.3052537e-05
0.090095127
1.3891457e-05
0.09009905
1.480464e-05
0.090103189
1.5800828e-05
0.090107562
1.6890103e-05
0.09011219
1.808413e-05
0.090117097
1.9396435e-05
0.090122311
2.0842725e-05
0.090127864
2.2441192e-05
0.090133529
2.3167391e-05
0.09013916
2.3298913e-05
0.090144756
2.3416432e-05
0.090150316
2.3522393e-05
0.09015584
2.3618238e-05
0.090161331
2.3705409e-05
0.090166789
2.3785278e-05
0.090172215
2.3859038e-05
0.09017761
2.3927678e-05
0.090182977
2.3992018e-05
0.090188316
2.4052716e-05
0.09019363
2.4110278e-05
0.09019892
2.4165059e-05
0.090204189
2.4217254e-05
0.090209438
2.4266914e-05
0.090214669
2.4313958e-05
0.090219883
2.4358203e-05
0.090225082
2.4399452e-05
0.090230265
2.443762e-05
0.09023543
2.4473097e-05
0.090240572
2.4506987e-05
0.090245671
2.4542594e-05
2.4582283e-05
0.10171341
2.4161089e-06
0.1017149
2.5146797e-06
0.10171645
2.6193985e-06
0.10171804
2.7307868e-06
0.10171969
2.849439e-06
0.1017214
2.9759985e-06
0.10172318
3.1108873e-06
0.10172502
3.2531797e-06
0.10172694
3.40322e-06
0.10172893
3.5708284e-06
0.10173098
3.7657342e-06
0.10173311
3.9811177e-06
0.10173532
4.2055532e-06
0.10173762
4.4418588e-06
0.10174
4.6951887e-06
0.10174249
4.9660814e-06
0.10174508
5.2563938e-06
0.10174778
5.5678801e-06
0.10175061
5.9025621e-06
0.10175356
6.2626734e-06
0.10175664
6.6507126e-06
0.10175987
7.0694786e-06
0.10176326
7.5221188e-06
0.10176682
8.012184e-06
0.10177055
8.5436951e-06
0.10177448
9.1212239e-06
0.10177862
9.7499908e-06
0.10178299
1.0435987e-05
0.10178761
1.1186127e-05
0.10179249
1.2008447e-05
0.10179766
1.2912369e-05
0.10180315
1.3909057e-05
0.10180898
1.5012004e-05
0.10181518
1.623776e-05
0.10182152
1.6833084e-05
0.10182782
1.6992863e-05
0.1018341
1.7140397e-05
0.10184034
1.7276917e-05
0.10184656
1.740389e-05
0.10185274
1.7522564e-05
0.10185889
1.7633919e-05
0.10186501
1.7738786e-05
0.1018711
1.7837886e-05
0.10187716
1.7931829e-05
0.1018832
1.8021099e-05
0.1018892
1.8106045e-05
0.10189518
1.8186876e-05
0.10190113
1.8263638e-05
0.10190706
1.8336199e-05
0.10191297
1.8404201e-05
0.10191886
1.8467033e-05
0.10192474
1.8523677e-05
0.1019306
1.8572836e-05
0.10193646
1.8611939e-05
0.10194233
1.8639603e-05
0.10194823
1.8646345e-05
1.8646279e-05
0.11491195
0.11491349
0.11491508
0.11491673
0.11491843
0.11492019
0.11492201
0.1149239
0.11492585
0.11492786
0.11492994
0.11493211
0.11493438
0.11493673
0.1149392
0.11494177
0.11494445
0.11494726
0.11495021
0.1149533
0.11495654
0.11495995
0.11496354
0.11496731
0.11497129
0.1149755
0.11497994
0.11498465
0.11498963
0.11499493
0.11500056
0.11500656
0.11501297
0.11501983
0.11502685
0.11503386
0.11504084
0.11504779
0.11505472
0.11506162
0.1150685
0.11507534
0.11508215
0.11508894
0.11509569
0.11510242
0.11510912
0.11511578
0.11512243
0.11512904
0.11513562
0.11514217
0.11514868
0.11515516
0.1151616
0.11516799
)
;

boundaryField
{
    bottom
    {
        type            calculated;
        value           nonuniform List<scalar> 0();
    }
    back
    {
        type            empty;
    }
    front
    {
        type            empty;
    }
    inlet
    {
        type            calculated;
        value           nonuniform List<scalar> 0();
    }
    outlet
    {
        type            calculated;
        value           nonuniform List<scalar> 
14
(
0.023605941
0.026667496
0.03012588
0.034032464
0.038445352
0.043430086
0.049060889
0.055421416
0.062606538
0.070723071
0.079892385
0.090250716
0.10195416
0.11517432
)
;
    }
    top
    {
        type            calculated;
        value           nonuniform List<scalar> 
57
(
9.2594041e-07
9.7451042e-07
1.0272256e-06
1.0845473e-06
1.1469944e-06
1.2151295e-06
1.289451e-06
1.3697334e-06
1.4560203e-06
1.5580019e-06
1.6816515e-06
1.8111161e-06
1.9421251e-06
2.0835253e-06
2.2342636e-06
2.3958301e-06
2.5692183e-06
2.7556751e-06
2.9565415e-06
3.1733168e-06
3.4076702e-06
3.6614691e-06
3.9368106e-06
4.2360584e-06
4.5618871e-06
4.9173354e-06
5.3058702e-06
5.7314659e-06
6.1987016e-06
6.7128845e-06
7.2802094e-06
7.9079595e-06
8.6048287e-06
9.3812353e-06
9.8086725e-06
9.988128e-06
1.0158645e-05
1.0320854e-05
1.0475114e-05
1.0621995e-05
1.0762136e-05
1.0896114e-05
1.1024427e-05
1.1147513e-05
1.1265755e-05
1.1379473e-05
1.1488915e-05
1.1594243e-05
1.1695523e-05
1.17927e-05
1.1885584e-05
1.1973758e-05
1.2056694e-05
1.2133049e-05
1.2202563e-05
1.2258684e-05
1.2311876e-05
)
;
    }
    slipsurface
    {
        type            calculated;
        value           nonuniform List<scalar> 0();
    }
    procBoundary13to1
    {
        type            processor;
        value           nonuniform List<scalar> 
14
(
-0.023542681
-0.026596164
-0.030045512
-0.033942123
-0.03834386
-0.043316475
-0.048933638
-0.055279683
-0.06244809
-0.070547563
-0.079695944
-0.090034534
-0.10171197
-0.11491046
)
;
    }
    procBoundary13to12
    {
        type            processor;
        value           nonuniform List<scalar> 
22
(
-6.2820619e-05
-6.2512482e-05
-6.2216495e-05
-6.1932935e-05
-6.16621e-05
-6.1404428e-05
-6.1160691e-05
0.020879087
-5.9729832e-05
-5.9531895e-05
-5.9352332e-05
-5.9194162e-05
-5.906155e-05
-5.8960066e-05
-5.8897262e-05
-5.8882894e-05
-5.8929421e-05
-5.9049396e-05
-5.9248738e-05
-5.9522599e-05
-5.9788458e-05
-6.0064437e-05
)
;
    }
    procBoundary13to14
    {
        type            processor;
        value           nonuniform List<scalar> 
16
(
-1.5577582e-05
-1.6029378e-05
-1.6502004e-05
-1.6996878e-05
-1.751554e-05
-1.8059659e-05
-1.8631052e-05
-1.9231696e-05
-1.9863749e-05
-2.0529566e-05
-2.1231725e-05
-2.1973056e-05
-2.2756662e-05
-2.3585963e-05
-2.4464727e-05
-2.5397121e-05
)
;
    }
    procBoundary13to15
    {
        type            processor;
        value           nonuniform List<scalar> 
21
(
-3.9960015e-05
-4.197904e-05
-4.4166911e-05
-4.6543429e-05
-4.9131442e-05
-5.1957418e-05
-5.5052185e-05
-5.8451809e-05
-6.2198752e-05
-6.3473274e-05
-6.3140791e-05
-2.6387757e-05
-2.7441756e-05
-2.8564817e-05
-2.9763296e-05
-3.1044301e-05
-3.2415804e-05
-3.3886769e-05
-3.5467309e-05
-0.020857386
-3.7168867e-05
)
;
    }
}


// ************************************************************************* //
