/*--------------------------------*- C++ -*----------------------------------*\
  =========                 |
  \\      /  F ield         | OpenFOAM: The Open Source CFD Toolbox
   \\    /   O peration     | Website:  https://openfoam.org
    \\  /    A nd           | Version:  12
     \\/     M anipulation  |
\*---------------------------------------------------------------------------*/
FoamFile
{
    format      ascii;
    class       volScalarField;
    location    "1400";
    object      k;
}
// * * * * * * * * * * * * * * * * * * * * * * * * * * * * * * * * * * * * * //

dimensions      [0 2 -2 0 0 0 0];

internalField   nonuniform List<scalar> 
1762
(
0.00012624275
0.00012601529
0.0001257693
0.00012550706
0.0001252313
0.00012494345
0.00012464492
0.00012433668
0.00012401933
0.00012369319
0.00012335832
0.00012301463
0.00012266188
0.00012229979
0.00012192803
0.00012154626
0.00012115414
0.00012075133
0.0001203375
0.00011991231
0.00011947543
0.00012688913
0.00012666818
0.00012642955
0.00012617516
0.00012590749
0.00012562784
0.00012533755
0.00012503762
0.00012472865
0.00012441096
0.00012408465
0.00012374962
0.00012340566
0.00012305249
0.00012268979
0.00012231723
0.00012193448
0.0001215412
0.00012113707
0.00012072176
0.00012029494
0.00011985628
0.00011940548
0.0001189422
0.00011846614
0.00011797698
0.00011747442
0.00011695817
0.00011642792
0.00011588339
0.00011532431
0.00011475042
0.00011416145
0.00011355717
0.00011293735
0.00011230176
0.00011165021
0.00011098252
0.00012752018
0.00012730511
0.00012707338
0.00012682645
0.00012656649
0.00012629471
0.00012601242
0.00012572058
0.0001254198
0.00012511039
0.00012479245
0.00012446593
0.00012413061
0.00012378624
0.00012343248
0.00012306903
0.00012269555
0.00012231171
0.00012191719
0.00012151167
0.00012109482
0.00012066633
0.00012022587
0.00011977314
0.00011930781
0.00011882958
0.00011833813
0.00011783316
0.00011731438
0.00011678149
0.00011623421
0.00011567227
0.00011509539
0.00011450332
0.00011389583
0.00011327266
0.00011263362
0.0001119785
0.0001281359
0.00012792647
0.00012770119
0.00012746122
0.00012720855
0.00012694431
0.00012666975
0.00012638581
0.00012609302
0.00012579171
0.00012548199
0.00012516381
0.00012483698
0.00012450124
0.00012415631
0.00012380184
0.00012343752
0.00012306301
0.00012267801
0.00012228218
0.00012187521
0.00012145679
0.0001210266
0.00012058432
0.00012012965
0.00011966226
0.00011918185
0.00011868811
0.00011818073
0.00011765943
0.00011712391
0.00011657389
0.00011600909
0.00011542924
0.00011483409
0.00011422339
0.00011359691
0.00011295443
0.00012873603
0.00012853228
0.00012831308
0.0001280796
0.00012783382
0.00012757683
0.0001273098
0.00012703355
0.00012674861
0.00012645524
0.00012615356
0.00012584354
0.00012552503
0.00012519778
0.0001248615
0.00012451588
0.00012416059
0.00012379531
0.0001234197
0.00012303347
0.00012263628
0.00012222783
0.00012180781
0.0001213759
0.00012093178
0.00012047515
0.00012000569
0.0001195231
0.00011902707
0.0001185173
0.00011799349
0.00011745535
0.00011690259
0.00011633494
0.00011575214
0.00011515392
0.00011454003
0.00011391025
0.00012932044
0.0001291224
0.00012890889
0.00012868155
0.0001284424
0.00012819248
0.0001279328
0.00012766411
0.00012738685
0.00012710127
0.00012680749
0.00012650547
0.0001261951
0.00012587616
0.00012554838
0.00012521144
0.00012486504
0.00012450883
0.0001241425
0.00012376574
0.00012337822
0.00012297964
0.00012256968
0.00012214803
0.00012171438
0.00012126841
0.00012080982
0.0001203383
0.00011985353
0.00011935522
0.00011884305
0.00011831674
0.00011777598
0.0001172205
0.00011665003
0.00011606428
0.000115463
0.00011484595
0.00012988906
0.00012969638
0.0001294883
0.00012926698
0.00012903442
0.00012879147
0.00012853904
0.00012827778
0.00012800807
0.00012773016
0.00012744412
0.00012714996
0.00012684756
0.00012653675
0.00012621727
0.00012588885
0.00012555116
0.00012520388
0.00012484669
0.00012447926
0.00012410128
0.00012371244
0.00012331243
0.00012290093
0.00012247764
0.00012204223
0.00012159441
0.00012113386
0.00012066026
0.00012017332
0.00011967272
0.00011915817
0.00011862936
0.00011808601
0.00011752782
0.00011695452
0.00011636585
0.00011576153
0.00013044149
0.00013025369
0.00013005114
0.00012983602
0.00012961009
0.0001293741
0.00012912883
0.00012887489
0.00012861263
0.00012834225
0.00012806383
0.00012777738
0.0001274828
0.00012717994
0.00012686859
0.00012654849
0.00012621932
0.00012588079
0.00012553256
0.00012517432
0.00012480574
0.00012442651
0.00012403631
0.00012363484
0.00012322178
0.00012279682
0.00012235966
0.00012190997
0.00012144745
0.00012097178
0.00012048267
0.00011997979
0.00011946286
0.00011893157
0.00011838563
0.00011782474
0.00011724864
0.00011665705
0.00013097769
0.00013079464
0.00013059782
0.00013038903
0.00013016977
0.0001299407
0.00012970252
0.0001294558
0.00012920086
0.0001289379
0.00012866698
0.00012838811
0.0001281012
0.00012780614
0.00012750274
0.00012719076
0.00012686994
0.00012653996
0.00012620051
0.00012585127
0.00012549192
0.00012512214
0.00012474161
0.00012435003
0.00012394707
0.00012353244
0.0001231058
0.00012266686
0.0001222153
0.00012175081
0.00012127307
0.00012078179
0.00012027664
0.00011975734
0.00011922357
0.00011867504
0.00011811147
0.00011753258
0.00013149833
0.00013132012
0.00013112904
0.00013092652
0.00013071386
0.00013049162
0.00013026044
0.00013002083
0.00012977311
0.00012951745
0.00012925392
0.00012898251
0.00012870316
0.00012841576
0.00012812014
0.00012781611
0.00012750342
0.00012718179
0.00012685091
0.00012651049
0.00012616018
0.00012579968
0.00012542866
0.00012504681
0.00012465381
0.00012424934
0.00012383311
0.00012340478
0.00012296406
0.00012251062
0.00012204415
0.00012156435
0.00012107089
0.00012056348
0.0001200418
0.00011950557
0.00011895447
0.00011838822
0.00013200432
0.00013183079
0.0001316453
0.00013144891
0.00013124274
0.00013102721
0.00013080289
0.00013057028
0.00013032966
0.00013008119
0.00012982494
0.0001295609
0.000129289
0.00012900914
0.00012872118
0.00012842493
0.0001281202
0.00012780672
0.00012748422
0.00012715239
0.00012681093
0.0001264595
0.00012609781
0.00012572551
0.0001253423
0.00012494786
0.00012454187
0.00012412402
0.00012369399
0.00012325147
0.00012279614
0.0001223277
0.00012184582
0.0001213502
0.00012084052
0.00012031648
0.00011977777
0.00011922411
0.00013249625
0.00013232716
0.00013214702
0.00013195658
0.00013175671
0.00013154775
0.00013133018
0.00013110444
0.0001308708
0.00013062942
0.00013038034
0.00013012356
0.00012985901
0.00012958659
0.00012930618
0.0001290176
0.00012872067
0.00012841517
0.00012810084
0.0001277774
0.00012744457
0.00012710202
0.00012674944
0.00012638651
0.0001260129
0.0001256283
0.00012523239
0.00012482486
0.00012440537
0.00012397363
0.0001235293
0.00012307209
0.00012260166
0.0001221177
0.00012161991
0.00012110797
0.00012058156
0.0001200404
0.00013297444
0.00013280965
0.00013263461
0.00013244987
0.0001322561
0.00013205353
0.00013184255
0.00013162356
0.00013139678
0.00013116236
0.00013092035
0.00013067074
0.00013041345
0.00013014839
0.00012987543
0.00012959441
0.00012930517
0.0001290075
0.00012870118
0.00012838595
0.00012806154
0.00012772765
0.00012738397
0.0001270302
0.00012666599
0.00012629105
0.00012590504
0.00012550764
0.00012509853
0.0001246774
0.00012424392
0.00012379779
0.00012333867
0.00012286625
0.00012238021
0.00012188025
0.00012136604
0.00012083728
0.00013343919
0.0001332786
0.00013310845
0.00013292915
0.00013274124
0.00013254486
0.0001323403
0.0001321279
0.00013190785
0.00013168028
0.00013144523
0.00013120267
0.00013095255
0.00013069476
0.00013042917
0.00013015564
0.00012987399
0.00012958404
0.00012928559
0.00012897841
0.00012866223
0.0001283368
0.00012800182
0.00012765698
0.00012730197
0.00012693647
0.00012656016
0.0001261727
0.00012577379
0.0001253631
0.0001249403
0.00012450508
0.00012405712
0.00012359609
0.00012312168
0.00012263356
0.00012213142
0.00012161495
0.0001338908
0.00013373433
0.00013356889
0.0001333948
0.00013321251
0.00013302209
0.00013282375
0.00013261776
0.00013240429
0.00013218342
0.00013195521
0.00013171961
0.00013147655
0.00013122594
0.00013096763
0.00013070149
0.00013042736
0.00013014504
0.00012985436
0.00012955509
0.00012924701
0.00012892987
0.00012860338
0.00012826727
0.00012792124
0.00012756497
0.00012719814
0.00012682043
0.00012643151
0.00012603107
0.00012561877
0.0001251943
0.00012475732
0.00012430752
0.00012384457
0.00012336816
0.00012287795
0.00012237363
0.00013432962
0.00013417715
0.00013401629
0.00013384722
0.00013367031
0.0001334856
0.00013329326
0.00013309348
0.00013288641
0.0001326721
0.00013245057
0.00013222179
0.00013198569
0.00013174214
0.00013149103
0.0001312322
0.00013096549
0.00013069073
0.00013040773
0.00013011628
0.00012981617
0.00012950717
0.00012918902
0.00012886146
0.0001285242
0.00012817694
0.00012781938
0.0001274512
0.00012707207
0.00012668167
0.00012627967
0.00012586575
0.00012543958
0.00012500084
0.00012454919
0.00012408431
0.00012360588
0.00012311358
0.00013475598
0.0001346074
0.00013445099
0.00013428676
0.00013411501
0.00013393579
0.00013374921
0.00013355543
0.00013335456
0.00013314662
0.00013293163
0.00013270953
0.00013248023
0.00013224364
0.00013199961
0.00013174799
0.00013148861
0.00013122132
0.00013094591
0.00013066219
0.00013036995
0.00013006898
0.00012975903
0.00012943986
0.0001291112
0.00012877277
0.00012842427
0.0001280654
0.00012769584
0.00012731528
0.00012692337
0.0001265198
0.00012610424
0.00012567636
0.00012523583
0.00012478232
0.0001243155
0.00012383505
0.00013517022
0.00013502547
0.00013487332
0.00013471376
0.000134547
0.00013437305
0.000134192
0.00013400401
0.00013380912
0.00013360736
0.00013339871
0.00013318312
0.00013296049
0.0001327307
0.00013249362
0.00013224909
0.00013199695
0.00013173702
0.00013146911
0.00013119303
0.00013090858
0.00013061554
0.00013031368
0.00013000278
0.00012968257
0.0001293528
0.00012901318
0.00012866342
0.00012830322
0.00012793226
0.00012755023
0.0001271568
0.00012675164
0.00012633442
0.00012590482
0.00012546249
0.0001250071
0.00012453834
0.00013557266
0.00013543164
0.00013528363
0.00013512858
0.00013496662
0.00013479774
0.00013462203
0.00013443959
0.00013425048
0.00013405469
0.0001338522
0.00013364294
0.00013342679
0.00013320366
0.00013297338
0.0001327358
0.00013249076
0.00013223808
0.00013197756
0.00013170902
0.00013143226
0.00013114705
0.00013085319
0.00013055044
0.00013023856
0.0001299173
0.0001295864
0.00012924558
0.00012889455
0.000128533
0.00012816063
0.00012777713
0.00012738215
0.00012697539
0.00012655649
0.00012612514
0.000125681
0.00012522373
0.00013596359
0.00013582619
0.00013568223
0.00013553155
0.00013537422
0.00013521024
0.00013503967
0.00013486258
0.00013467903
0.00013448901
0.00013429247
0.00013408934
0.0001338795
0.00013366284
0.0001334392
0.00013320842
0.00013297034
0.00013272477
0.00013247152
0.00013221041
0.00013194121
0.00013166374
0.00013137776
0.00013108306
0.0001307794
0.00013046654
0.00013014423
0.00012981219
0.00012947015
0.00012911783
0.00012875493
0.00012838114
0.00012799614
0.0001275996
0.00012719121
0.00012677063
0.00012633752
0.00012589155
0.00013634332
0.00013620947
0.00013606942
0.00013592296
0.00013577013
0.00013561088
0.00013544526
0.00013527335
0.00013509516
0.0001349107
0.00013471991
0.00013452271
0.00013431899
0.00013410861
0.00013389143
0.00013366729
0.000133436
0.00013319739
0.00013295127
0.00013269744
0.0001324357
0.00013216583
0.00013188763
0.00013160087
0.00013130531
0.00013100073
0.00013068688
0.0001303635
0.00013003031
0.00012968706
0.00012933344
0.00012896917
0.00012859394
0.00012820743
0.00012780933
0.00012739929
0.000126977
0.00012654212
0.00013671215
0.00013658176
0.00013644551
0.00013630315
0.00013615466
0.00013599999
0.00013583916
0.00013567224
0.00013549923
0.00013532014
0.0001351349
0.00013494344
0.00013474563
0.00013454135
0.00013433044
0.00013411275
0.00013388808
0.00013365627
0.00013341712
0.00013317043
0.00013291599
0.0001326536
0.00013238304
0.00013210409
0.00013181652
0.0001315201
0.00013121459
0.00013089973
0.00013057527
0.00013024094
0.00012989645
0.00012954154
0.00012917589
0.00012879921
0.00012841118
0.00012801149
0.0001275998
0.00012717579
0.00013707039
0.00013694336
0.00013681079
0.0001366724
0.00013652812
0.00013637788
0.00013622169
0.00013605959
0.0001358916
0.00013571769
0.00013553782
0.00013535189
0.00013515981
0.00013496143
0.0001347566
0.00013454517
0.00013432695
0.00013410175
0.0001338694
0.00013362968
0.00013338239
0.00013312732
0.00013286426
0.00013259299
0.00013231327
0.00013202489
0.00013172758
0.00013142112
0.00013110525
0.0001307797
0.00013044421
0.00013009849
0.00012974227
0.00012937524
0.0001289971
0.00012860755
0.00012820625
0.0001277929
0.00013741831
0.00013729456
0.00013716557
0.00013703102
0.00013689081
0.00013674487
0.00013659317
0.00013643574
0.00013627259
0.0001361037
0.00013592901
0.00013574845
0.0001355619
0.00013536923
0.00013517029
0.00013496493
0.00013475296
0.0001345342
0.00013430845
0.00013407553
0.00013383522
0.00013358731
0.00013333159
0.00013306784
0.00013279583
0.00013251533
0.00013222611
0.00013192791
0.00013162049
0.00013130359
0.00013097694
0.00013064029
0.00013029333
0.00012993579
0.00012956737
0.00012918777
0.00012879668
0.00012839378
0.0001377562
0.00013763566
0.00013751014
0.00013737931
0.00013724305
0.00013710126
0.0001369539
0.000136801
0.00013664254
0.0001364785
0.00013630883
0.00013613345
0.00013595226
0.00013576512
0.00013557188
0.0001353724
0.00013516648
0.00013495397
0.00013473465
0.00013450834
0.00013427482
0.0001340339
0.00013378535
0.00013352896
0.00013326449
0.00013299173
0.00013271042
0.00013242034
0.00013212123
0.00013181283
0.00013149489
0.00013116715
0.00013082931
0.00013048111
0.00013012225
0.00012975244
0.00012937137
0.00012897873
0.00013808435
0.00013796693
0.00013784478
0.00013771755
0.00013758511
0.00013744734
0.0001373042
0.00013715567
0.00013700176
0.00013684242
0.00013667761
0.00013650725
0.00013633124
0.00013614944
0.00013596173
0.00013576793
0.0001355679
0.00013536143
0.00013514835
0.00013492846
0.00013470156
0.00013446744
0.00013422588
0.00013397666
0.00013371957
0.00013345437
0.00013318082
0.00013289869
0.00013260773
0.00013230769
0.0001319983
0.00013167932
0.00013135045
0.00013101143
0.00013066197
0.00013030179
0.00012993057
0.00012954803
0.00013840304
0.00013828865
0.00013816977
0.00013804603
0.00013791729
0.00013778341
0.00013764434
0.00013750006
0.00013735055
0.00013719577
0.00013703567
0.00013687017
0.00013669917
0.00013652255
0.00013634018
0.0001361519
0.00013595755
0.00013575695
0.00013554992
0.00013533627
0.00013511579
0.00013488827
0.00013465352
0.0001344113
0.00013416139
0.00013390358
0.00013363761
0.00013336327
0.00013308029
0.00013278843
0.00013248744
0.00013217705
0.000131857
0.000131527
0.00013118679
0.00013083607
0.00013047455
0.00013010193
0.00013871252
0.00013860109
0.00013848538
0.00013836503
0.00013823986
0.00013810976
0.00013797464
0.00013783446
0.00013768922
0.00013753885
0.00013738331
0.00013722252
0.00013705638
0.00013688478
0.00013670758
0.00013652464
0.0001363358
0.00013614089
0.00013593972
0.00013573211
0.00013551786
0.00013529677
0.00013506862
0.00013483321
0.00013459031
0.00013433969
0.00013408113
0.00013381438
0.00013353921
0.00013325536
0.00013296259
0.00013266063
0.00013234922
0.00013202809
0.00013169695
0.00013135553
0.00013100353
0.00013064067
0.00013901307
0.00013890453
0.00013879189
0.00013867482
0.00013855312
0.00013842666
0.00013829536
0.00013815916
0.00013801805
0.00013787196
0.00013772083
0.00013756461
0.00013740318
0.00013723644
0.00013706426
0.00013688649
0.00013670299
0.00013651358
0.0001363181
0.00013611635
0.00013590814
0.00013569327
0.00013547155
0.00013524275
0.00013500666
0.00013476305
0.0001345117
0.00013425236
0.00013398481
0.00013370879
0.00013342406
0.00013313035
0.0001328274
0.00013251495
0.00013219272
0.00013186042
0.00013151778
0.0001311645
0.00013930494
0.00013919921
0.00013908956
0.00013897566
0.00013885732
0.00013873439
0.00013860678
0.00013847444
0.00013833733
0.00013819538
0.00013804854
0.00013789674
0.00013773988
0.00013757784
0.00013741052
0.00013723777
0.00013705944
0.00013687537
0.00013668539
0.00013648932
0.00013628697
0.00013607815
0.00013586266
0.00013564028
0.0001354108
0.00013517401
0.00013492967
0.00013467756
0.00013441743
0.00013414905
0.00013387216
0.00013958838
0.00013948539
0.00013937864
0.00013926782
0.00013915273
0.00013903322
0.00013890919
0.00013878058
0.00013864734
0.0001385094
0.00013836672
0.0001382192
0.00013806676
0.0001379093
0.00013774669
0.0001375788
0.00013740548
0.00013722658
0.00013704194
0.00013685137
0.0001366547
0.00013645174
0.00013624229
0.00013602614
0.00013580309
0.00013557292
0.00014835405
0.00014523977
0.00014248745
0.00014007416
0.00013797246
0.00013615182
0.00013458091
0.00013322931
0.00013206869
0.00013107338
0.00013022057
0.00012949025
0.00012886526
0.00012833048
0.00012787409
0.00012748434
0.00012715456
0.00012687303
0.00012663698
0.00012644207
0.00014839722
0.00014536621
0.00014268956
0.00014034367
0.00013830104
0.00013653153
0.0001350045
0.00013369036
0.00013256161
0.00013159338
0.00013076357
0.00013005281
0.00012944447
0.00012892387
0.00012847965
0.00012810012
0.00012777966
0.00012750455
0.00012727362
0.00012708306
0.00014843924
0.00014548917
0.00014288598
0.00014060553
0.00013862026
0.00013690045
0.00013541613
0.00013413849
0.00013304084
0.00013209906
0.00013129175
0.00013060013
0.0001300081
0.00012950142
0.00012906912
0.00012869968
0.00012838797
0.00012812085
0.0001278955
0.0001277093
0.00014848012
0.00014560875
0.00014307689
0.00014085995
0.00013893038
0.00013725887
0.00013581609
0.00013457401
0.00013350669
0.00013259074
0.00013180542
0.00013113252
0.00013055647
0.00013006342
0.0001296428
0.00012928334
0.00012897988
0.00012872114
0.00012850197
0.00012832016
0.00014851991
0.00014572503
0.00014326245
0.00014110715
0.00013923165
0.00013760708
0.00013620471
0.00013499724
0.00013395948
0.00013306874
0.0001323049
0.00013165031
0.00013108989
0.00013061019
0.00013020098
0.00012985134
0.00012955588
0.00012930501
0.0001290923
0.00012891498
0.00014855862
0.00014583812
0.00014344279
0.00014134733
0.00013952434
0.00013794535
0.00013658227
0.0001354085
0.00013439954
0.00013353338
0.00013279052
0.00013215381
0.00013160868
0.00013114203
0.00013074399
0.00013040399
0.00013011637
0.00012987278
0.00012966639
0.00012949356
0.00014859629
0.0001459481
0.00014361809
0.0001415807
0.00013980867
0.00013827396
0.00013694908
0.00013580809
0.00013482719
0.000133985
0.00013326259
0.00013264335
0.00013211315
0.00013165927
0.00013127213
0.00013094156
0.00013066167
0.00013042493
0.00013022452
0.00013005615
0.00014863294
0.00014605505
0.00014378846
0.00014180745
0.00014008489
0.00013859319
0.00013730542
0.00013619632
0.00013524274
0.00013442389
0.00013372144
0.00013311925
0.00013260362
0.00013216223
0.00013178573
0.00013146437
0.00013119209
0.00013096193
0.00013076709
0.00013060328
0.00014866861
0.00014615906
0.00014395407
0.00014202777
0.00014035323
0.00013890328
0.00013765159
0.0001365735
0.00013564649
0.00013485039
0.00013416739
0.00013358183
0.00013308042
0.00013265122
0.00013228512
0.00013197273
0.00013170791
0.00013148413
0.00013129457
0.00013113531
0.00014870331
0.00014626021
0.00014411504
0.00014224184
0.00014061392
0.00013920451
0.00013798786
0.00013693991
0.00013603877
0.00013526481
0.00013460075
0.0001340314
0.00013354387
0.00013312656
0.0001327706
0.00013246697
0.00013220944
0.00013199188
0.0001318074
0.00013165245
0.00014873708
0.00014635858
0.0001442715
0.00014244985
0.00014086717
0.00013949712
0.00013831451
0.00013729586
0.00013641987
0.00013566746
0.00013502185
0.0001344683
0.0001339943
0.00013358858
0.00013324252
0.00013294741
0.00013269701
0.0001324855
0.00013230589
0.00013215499
0.00014876993
0.00014645424
0.00014442358
0.00014265197
0.00014111319
0.00013978136
0.0001386318
0.00013764162
0.00013679008
0.00013605865
0.00013543101
0.00013489284
0.00013443202
0.00013403761
0.00013370119
0.00013341437
0.00013317093
0.00013296527
0.0001327905
0.00013264343
0.0001488019
0.00014654727
0.00014457141
0.00014284837
0.0001413522
0.00014005746
0.00013894
0.00013797748
0.00013714972
0.00013643868
0.00013582852
0.00013530533
0.00013485735
0.00013447395
0.00013414693
0.00013386818
0.00013363153
0.00013343153
0.00013326161
0.00013311827
0.000148833
0.00014663774
0.0001447151
0.00014303921
0.0001415844
0.00014032566
0.00013923936
0.00013830372
0.00013749906
0.00013680784
0.00013621469
0.00013570609
0.0001352706
0.00013489793
0.00013458006
0.00013430917
0.00013407913
0.00013388461
0.00013371942
0.00013357971
0.00014886327
0.00014672573
0.00014485478
0.00014322465
0.00014180998
0.00014058618
0.00013953014
0.00013862059
0.00013783838
0.00013716645
0.00013658984
0.00013609542
0.0001356721
0.00013530987
0.00013500091
0.00013473765
0.00013451404
0.00013432486
0.00013416418
0.00013402803
0.00014889271
0.0001468113
0.00014499055
0.00014340485
0.00014202913
0.00014083925
0.00013981258
0.00013892838
0.00013816797
0.00013751477
0.00013695425
0.00013647363
0.00013606214
0.00013571007
0.00013540978
0.00013515394
0.00013493658
0.0001347526
0.00013459628
0.00013446361
0.00014892136
0.00014689451
0.00014512253
0.00014357996
0.00014224204
0.00014108507
0.00014008691
0.00013922732
0.0001384881
0.00013785311
0.00013730822
0.00013684101
0.00013644103
0.00013609884
0.00013580698
0.00013555835
0.00013534707
0.00013516814
0.00013501607
0.00013488679
0.00014894923
0.00014697544
0.00014525083
0.00014375012
0.00014244889
0.00014132387
0.00014035338
0.00013951768
0.00013879903
0.00013818173
0.00013765203
0.00013719787
0.00013680908
0.0001364765
0.00013619282
0.0001359512
0.00013574582
0.0001355718
0.00013542384
0.00013529789
0.00014897634
0.00014705414
0.00014537554
0.00014391547
0.00014264985
0.00014155583
0.0001406122
0.00013979969
0.00013910102
0.0001385009
0.00013798596
0.00013754448
0.00013716656
0.00013684332
0.00013656761
0.00013633279
0.00013613315
0.00013596388
0.00013581993
0.00013569723
0.00014900272
0.00014713068
0.00014549677
0.00014407616
0.0001428451
0.00014178116
0.0001408636
0.0001400736
0.00013939433
0.0001388109
0.0001383103
0.00013788113
0.00013751379
0.00013719962
0.00013693165
0.00013670342
0.00013650935
0.00013634471
0.00013620464
0.00013608511
0.00014902839
0.00014720511
0.00014561463
0.00014423232
0.0001430348
0.00014200005
0.0001411078
0.00014033965
0.00013967921
0.00013911198
0.00013862531
0.00013820811
0.00013785103
0.00013754567
0.00013728522
0.0001370634
0.00013687473
0.00013671458
0.00013657827
0.00013646184
0.00014905336
0.0001472775
0.00014572919
0.00014438407
0.00014321911
0.00014221269
0.00014134499
0.00014059805
0.00013995589
0.00013940439
0.00013893125
0.00013852567
0.00013817857
0.00013788177
0.00013762862
0.00013741301
0.00013722959
0.00013707379
0.00013694114
0.00013682773
0.00014907765
0.0001473479
0.00014584056
0.00014453155
0.00014339818
0.00014241926
0.00014157539
0.00014084903
0.00014022462
0.00013968839
0.00013922838
0.0001388341
0.00013849667
0.00013820819
0.00013796212
0.00013775254
0.0001375742
0.00013742264
0.00013729353
0.00013718306
0.00014910129
0.00014741637
0.00014594883
0.00014467488
0.00014357218
0.00014261994
0.00014179918
0.00014109281
0.00014048562
0.00013996422
0.00013951696
0.00013913364
0.00013880562
0.0001385252
0.00013828601
0.00013808227
0.00013790887
0.00013776141
0.00013763574
0.00013752815
0.00014912428
0.00014748295
0.00014605409
0.00014481418
0.00014374124
0.0001428149
0.00014201658
0.00014132959
0.00014073912
0.00014023211
0.00013979723
0.00013942455
0.00013910566
0.00013883307
0.00013860055
0.00013840248
0.00013823387
0.00013809039
0.00013796807
0.00013786327
0.00014914666
0.00014754771
0.00014615642
0.00014494956
0.00014390551
0.0001430043
0.00014222776
0.00014155958
0.00014098534
0.0001404923
0.00014006944
0.00013970708
0.00013939705
0.00013913206
0.00013890601
0.00013871344
0.00013854947
0.00013840986
0.00013829078
0.0001381887
0.00014916842
0.00014761069
0.0001462559
0.00014508113
0.00014406513
0.00014318831
0.0001424329
0.00014178298
0.00014122448
0.000140745
0.0001403338
0.00013998147
0.00013968004
0.00013942243
0.00013920266
0.00013901542
0.00013885594
0.00013872009
0.00013860416
0.00013850473
0.0001491896
0.00014767194
0.00014635261
0.00014520901
0.00014422023
0.00014336708
0.00014263218
0.00014199998
0.00014145676
0.00014099044
0.00014059056
0.00014024796
0.00013995487
0.00013970441
0.00013949074
0.00013930866
0.00013915354
0.00013902134
0.00013890847
0.00013881162
0.0001492102
0.00014773151
0.00014644664
0.00014533331
0.00014437096
0.00014354078
0.00014282578
0.00014221077
0.00014168238
0.00014122883
0.00014083994
0.00014050678
0.00014022179
0.00013997827
0.0001397705
0.00013959344
0.00013944254
0.00013931387
0.00013920397
0.00013910963
0.00014923024
0.00014778945
0.00014653806
0.00014545412
0.00014451742
0.00014370954
0.00014301385
0.00014241554
0.00014190154
0.00014146038
0.00014108215
0.00014075815
0.00014048102
0.00014024423
0.00014004219
0.00013986998
0.00013972318
0.00013959795
0.00013949093
0.00013939903
0.00014924974
0.0001478458
0.00014662695
0.00014557155
0.00014465976
0.00014387352
0.00014319658
0.00014261446
0.00014211442
0.00014168529
0.0001413174
0.0001410023
0.00014073279
0.00014050252
0.00014030604
0.00014013853
0.0001399957
0.0001398738
0.00013976959
0.00013968007
)
;

boundaryField
{
    inlet
    {
        type            fixedValue;
        value           uniform 0.00015;
    }
    top
    {
        type            zeroGradient;
    }
    outlet
    {
        type            zeroGradient;
    }
    slipsurface
    {
        type            slip;
    }
    bottom
    {
        type            kqRWallFunction;
        value           nonuniform List<scalar> 0();
    }
    frontandback
    {
        type            empty;
    }
    procBoundary3to0
    {
        type            processor;
        value           nonuniform List<scalar> 
28
(
0.00013358651
0.00013329184
0.00013298789
0.00013267438
0.00013235103
0.00013201756
0.00013167369
0.0001353354
0.00013509031
0.00013483741
0.00013457646
0.00013358651
0.00013430723
0.00013838413
0.00013823109
0.00013807305
0.00013790987
0.00013774141
0.00013756752
0.00013738805
0.00013720282
0.00013701166
0.00013681438
0.00013661079
0.00013640068
0.00013618387
0.0001353354
0.00013596012
)
;
    }
    procBoundary3to1
    {
        type            processor;
        value           nonuniform List<scalar> 
32
(
0.00013986365
0.00013976332
0.00013965939
0.00013955155
0.0001394396
0.0001393234
0.00013920283
0.00013907784
0.00013894834
0.0001388143
0.00013867564
0.00013853228
0.00014926871
0.00014790061
0.00014671337
0.0001456857
0.00014479809
0.00014403286
0.0001433741
0.0001428077
0.00014232121
0.00014190375
0.0001415459
0.00014123943
0.00014097732
0.00014075337
0.00014056228
0.00014039933
0.00014026035
0.00014014169
0.0001400402
0.00013995298
)
;
    }
    procBoundary3to2
    {
        type            processor;
        value           nonuniform List<scalar> 
59
(
0.00012558027
0.00012534572
0.00012509208
0.00012482171
0.00012453759
0.00012424128
0.00012393426
0.00012361751
0.0001232916
0.00012295683
0.00012261325
0.00012226074
0.00012189908
0.00012152796
0.00012114704
0.00012075598
0.00012035441
0.00011994199
0.00011951838
0.00011908323
0.00011863621
0.00011902653
0.00011902653
0.00011856529
0.00011809139
0.00011760452
0.00011710437
0.00011659063
0.00011606303
0.00011552126
0.00011496506
0.00011439416
0.00011380831
0.00011320726
0.00011259078
0.00011195867
0.00011131071
0.00011064673
0.00010996656
0.00014830968
0.00014510975
0.0001422795
0.00013979677
0.00013763425
0.00013576103
0.00013414504
0.00013275502
0.00013156176
0.00013053875
0.00012966243
0.00012891216
0.00012827019
0.00012772095
0.00012725217
0.00012685202
0.0001265125
0.00012622603
0.00012598509
0.00012578575
)
;
    }
    procBoundary3to5
    {
        type            processor;
        value           nonuniform List<scalar> 
28
(
0.00011029851
0.00011130711
0.00011229575
0.00011326436
0.00011421288
0.00011514132
0.0001160497
0.00011693808
0.00011780654
0.00011865518
0.00011948417
0.00012029365
0.00012108381
0.00012185487
0.00012260706
0.00012334063
0.00012405585
0.00012475299
0.00012543237
0.0001260943
0.00012673911
0.00012736714
0.00012797874
0.0001285742
0.00012915383
0.00012971789
0.00013026662
0.00013080027
)
;
    }
}


// ************************************************************************* //
