/*--------------------------------*- C++ -*----------------------------------*\
  =========                 |
  \\      /  F ield         | OpenFOAM: The Open Source CFD Toolbox
   \\    /   O peration     | Website:  https://openfoam.org
    \\  /    A nd           | Version:  12
     \\/     M anipulation  |
\*---------------------------------------------------------------------------*/
FoamFile
{
    format      ascii;
    class       surfaceScalarField;
    location    "1900";
    object      phi;
}
// * * * * * * * * * * * * * * * * * * * * * * * * * * * * * * * * * * * * * //

dimensions      [0 3 -1 0 0 0 0];

internalField   nonuniform List<scalar> 
3453
(
0.00014886899
2.7559835e-05
0.00014891307
2.7789754e-05
0.00014895366
2.7864663e-05
0.00014899015
2.7819096e-05
0.00014902251
2.7687461e-05
0.00014905097
2.7497376e-05
0.00014907588
2.7271961e-05
0.00014909757
2.7027295e-05
0.00014911632
2.6774437e-05
0.00014913228
2.6518887e-05
0.00014914551
2.6264832e-05
0.00014915605
2.6016956e-05
0.00014916389
2.5777189e-05
0.00014916897
2.5546313e-05
0.00014917082
2.5325204e-05
0.00014916848
2.5112614e-05
0.00014915965
2.4906482e-05
0.00014913865
2.470367e-05
0.00014909159
2.4496311e-05
0.00014898587
2.4266385e-05
0.00014876629
2.3975091e-05
0.00014838495
2.3563842e-05
0.00014784248
2.2990113e-05
0.00014718218
2.2266249e-05
2.1445388e-05
0.00015305258
2.7512901e-05
0.00015309753
2.7744807e-05
0.00015313895
2.7823243e-05
0.00015317622
2.7781824e-05
0.00015320931
2.7654371e-05
0.00015323846
2.7468233e-05
0.00015326402
2.7246402e-05
0.00015328636
2.7004951e-05
0.0001533058
2.6754999e-05
0.00015332251
2.650217e-05
0.00015333661
2.6250735e-05
0.00015334816
2.6005409e-05
0.00015335717
2.5768181e-05
0.00015336363
2.5539851e-05
0.00015336733
2.5321506e-05
0.00015336767
2.5112274e-05
0.00015336342
2.4910726e-05
0.0001533518
2.4715294e-05
0.00015332624
2.452187e-05
0.00015327088
2.4321745e-05
0.00015315093
2.4095039e-05
0.00015291269
2.3802086e-05
0.00015251496
2.3387839e-05
0.00015196371
2.2817502e-05
2.2107414e-05
0.00015735483
2.7465104e-05
0.00015740062
2.7699012e-05
0.00015744286
2.7781009e-05
0.00015748089
2.7743789e-05
0.00015751469
2.7620575e-05
0.00015754448
2.7438439e-05
0.00015757066
2.722023e-05
0.0001575936
2.6982007e-05
0.00015761366
2.6734941e-05
0.00015763105
2.6484779e-05
0.0001576459
2.623588e-05
0.00015765832
2.5992989e-05
0.00015766835
2.5758156e-05
0.00015767599
2.5532209e-05
0.00015768119
2.5316311e-05
0.00015768351
2.5109949e-05
0.0001576823
2.4911936e-05
0.00015767614
2.4721455e-05
0.00015766168
2.4536327e-05
0.00015763142
2.4352012e-05
0.00015756778
2.4158678e-05
0.00015743464
2.3935222e-05
0.00015718058
2.3641904e-05
0.00015677031
2.3227766e-05
2.2664295e-05
0.00016177912
2.7416465e-05
0.00016182574
2.7652387e-05
0.00016186877
2.7737979e-05
0.00016190755
2.770501e-05
0.00016194203
2.7586096e-05
0.00016197245
2.7408018e-05
0.0001619992
2.7193477e-05
0.0001620227
2.6958506e-05
0.00016204332
2.6714322e-05
0.00016206131
2.6466793e-05
0.00016207683
2.6220363e-05
0.00016209
2.5979812e-05
0.00016210091
2.5747253e-05
0.00016210957
2.5523549e-05
0.00016211598
2.5309902e-05
0.00016211989
2.5106031e-05
0.00016212091
2.491092e-05
0.00016211824
2.4724126e-05
0.0001621101
2.4544463e-05
0.00016209274
2.4369369e-05
0.00016205772
2.4193702e-05
0.00016198609
2.4006852e-05
0.00016184115
2.3786849e-05
0.00016157418
2.3494736e-05
2.3083583e-05
0.00016632892
2.7367e-05
0.00016637636
2.7604949e-05
0.00016642016
2.7694171e-05
0.00016645967
2.7665504e-05
0.00016649482
2.755095e-05
0.00016652584
2.7376993e-05
0.00016655315
2.716617e-05
0.00016657717
2.6934485e-05
0.00016659829
2.6693195e-05
0.00016661681
2.6448279e-05
0.0001666329
2.6204269e-05
0.00016664673
2.5965981e-05
0.00016665839
2.5735592e-05
0.00016666793
2.5514012e-05
0.00016667537
2.5302465e-05
0.00016668058
2.5100823e-05
0.0001666833
2.4908197e-05
0.00016668308
2.4724349e-05
0.00016667891
2.4548627e-05
0.00016666881
2.4379476e-05
0.00016664853
2.421398e-05
0.00016660881
2.4046567e-05
0.00016652971
2.3865955e-05
0.00016637456
2.3649879e-05
2.3360578e-05
0.0001710078
2.7316722e-05
0.00017105603
2.7556712e-05
0.00017110061
2.7649597e-05
0.00017114083
2.7625286e-05
0.00017117662
2.7515155e-05
0.00017120823
2.7345382e-05
0.00017123607
2.7138335e-05
0.00017126057
2.6909978e-05
0.00017128217
2.6671602e-05
0.00017130115
2.6429295e-05
0.00017131775
2.6187673e-05
0.00017133214
2.5951589e-05
0.00017134445
2.5723284e-05
0.00017135474
2.5503724e-05
0.00017136305
2.5294152e-05
0.00017136933
2.5094544e-05
0.00017137341
2.4904115e-05
0.00017137502
2.4722742e-05
0.00017137357
2.4550076e-05
0.00017136793
2.4385111e-05
0.00017135586
2.4226052e-05
0.00017133269
2.4069743e-05
0.00017128846
2.3910182e-05
0.00017120258
2.3735759e-05
2.3524173e-05
0.0001758194
2.7265639e-05
0.00017586843
2.7507685e-05
0.00017591376
2.7604268e-05
0.00017595468
2.7584365e-05
0.00017599111
2.7478723e-05
0.00017602329
2.7313201e-05
0.00017605164
2.710999e-05
0.0001760766
2.6885011e-05
0.00017609862
2.664958e-05
0.00017611803
2.640989e-05
0.00017613506
2.617064e-05
0.00017614994
2.5936715e-05
0.0001761628
2.5710425e-05
0.00017617372
2.5492797e-05
0.00017618278
2.5285094e-05
0.00017618996
2.5087369e-05
0.00017619515
2.4898924e-05
0.00017619818
2.4719706e-05
0.00017619871
2.4549544e-05
0.00017619608
2.438775e-05
0.00017618899
2.4233135e-05
0.00017617498
2.4083759e-05
0.00017614898
2.3936183e-05
0.00017610052
2.3784213e-05
2.3615982e-05
0.00018076747
2.7213754e-05
0.00018081729
2.7457873e-05
0.00018086336
2.7558191e-05
0.00018090498
2.7542751e-05
0.00018094204
2.7441663e-05
0.00018097478
2.7280462e-05
0.00018100362
2.7081153e-05
0.00018102902
2.6859605e-05
0.00018105144
2.6627158e-05
0.00018107123
2.6390106e-05
0.00018108864
2.6153223e-05
0.00018110393
2.5921429e-05
0.00018111725
2.5697102e-05
0.00018112872
2.5481332e-05
0.0001811384
2.5275408e-05
0.00018114633
2.5079444e-05
0.00018115244
2.4892816e-05
0.00018115662
2.4715522e-05
0.00018115867
2.4547497e-05
0.00018115817
2.4388247e-05
0.00018115437
2.423693e-05
0.00018114587
2.4092262e-05
0.00018112995
2.39521e-05
0.00018110125
2.3812913e-05
2.366829e-05
0.00018585585
2.7161063e-05
0.00018590645
2.7407275e-05
0.00018595327
2.7511365e-05
0.00018599558
2.7500445e-05
0.00018603326
2.7403981e-05
0.00018606655
2.7247172e-05
0.00018609587
2.7051833e-05
0.0001861217
2.6833778e-05
0.00018614449
2.6604362e-05
0.00018616462
2.6369975e-05
0.00018618238
2.6135469e-05
0.00018619802
2.5905792e-05
0.00018621173
2.568339e-05
0.00018622364
2.5469419e-05
0.00018623385
2.5265197e-05
0.0001862424
2.5070894e-05
0.00018624927
2.4885949e-05
0.00018625439
2.4710403e-05
0.00018625763
2.4544256e-05
0.00018625874
2.4387137e-05
0.00018625725
2.4238414e-05
0.00018625234
2.4097178e-05
0.00018624245
2.3961988e-05
0.0001862247
2.3830665e-05
2.3699517e-05
0.00019108846
2.7107557e-05
0.00019113985
2.7355883e-05
0.00019118743
2.7463787e-05
0.00019123043
2.7457445e-05
0.00019126873
2.7365676e-05
0.00019130257
2.7213335e-05
0.00019133236
2.702204e-05
0.0001913586
2.6807541e-05
0.00019138175
2.6581209e-05
0.0001914022
2.6349525e-05
0.00019142026
2.6117414e-05
0.00019143619
2.5889853e-05
0.00019145023
2.5669352e-05
0.00019146252
2.5457135e-05
0.00019147316
2.5254554e-05
0.00019148223
2.5061828e-05
0.00019148972
2.4878458e-05
0.0001914956
2.4704518e-05
0.0001914998
2.4540056e-05
0.00019150216
2.4384781e-05
0.00019150238
2.4238193e-05
0.00019149995
2.4099611e-05
0.00019149394
2.3967992e-05
0.00019148272
2.3841892e-05
2.3719013e-05
0.00019646933
2.7053219e-05
0.00019652152
2.7303686e-05
0.00019656986
2.7415446e-05
0.00019661357
2.7413744e-05
0.0001966525
2.7326743e-05
0.00019668688
2.7178951e-05
0.00019671715
2.6991774e-05
0.00019674379
2.6780902e-05
0.00019676728
2.6557712e-05
0.00019678803
2.6328776e-05
0.00019680636
2.6099088e-05
0.00019682256
2.5873652e-05
0.00019683687
2.5655041e-05
0.00019684946
2.5444548e-05
0.00019686045
2.5243558e-05
0.00019686994
2.5052342e-05
0.00019687794
2.4870457e-05
0.00019688445
2.4698008e-05
0.00019688943
2.453508e-05
0.00019689277
2.4381437e-05
0.00019689429
2.4236669e-05
0.00019689367
2.4100235e-05
0.00019689032
2.3971337e-05
0.00019688327
2.3848947e-05
2.3731525e-05
0.00020200259
2.6998026e-05
0.00020205561
2.7250664e-05
0.00020210474
2.7366325e-05
0.00020214915
2.7369327e-05
0.00020218872
2.7287174e-05
0.00020222366
2.7144011e-05
0.0002022544
2.6961035e-05
0.00020228144
2.6753863e-05
0.00020230527
2.6533878e-05
0.00020232631
2.6307741e-05
0.00020234488
2.6080513e-05
0.00020236131
2.5857223e-05
0.00020237585
2.5640503e-05
0.00020238868
2.5431714e-05
0.00020239996
2.523228e-05
0.00020240978
2.504252e-05
0.0002024182
2.4862046e-05
0.00020242521
2.4690995e-05
0.00020243081
2.4529479e-05
0.00020243494
2.4377307e-05
0.00020243748
2.4234128e-05
0.00020243822
2.4099497e-05
0.00020243679
2.3972768e-05
0.00020243257
2.3853167e-05
2.3739588e-05
0.00020769249
2.6941946e-05
0.00020774637
2.7196789e-05
0.00020779629
2.7316402e-05
0.00020784144
2.7324177e-05
0.00020788166
2.7246951e-05
0.00020791717
2.7108505e-05
0.00020794839
2.6929813e-05
0.00020797583
2.6726421e-05
0.000208
2.6509711e-05
0.00020802131
2.6286431e-05
0.00020804012
2.6061705e-05
0.00020805675
2.5840588e-05
0.00020807149
2.5625771e-05
0.00020808452
2.5418681e-05
0.00020809602
2.5220779e-05
0.00020810611
2.5032433e-05
0.00020811484
2.4853311e-05
0.00020812226
2.468358e-05
0.00020812836
2.4523378e-05
0.00020813312
2.4372548e-05
0.00020813646
2.4230785e-05
0.00020813825
2.409771e-05
0.00020813824
2.3972776e-05
0.00020813604
2.385537e-05
2.3744649e-05
0.00021348638
2.6495444e-05
0.00021354338
2.6884943e-05
0.00021359814
2.7142031e-05
0.00021364889
2.7265649e-05
0.0002136948
2.7278267e-05
0.0002137357
2.7206054e-05
0.00021377179
2.7072415e-05
0.00021380351
2.6898098e-05
0.00021383136
2.6698567e-05
0.00021385587
2.6485207e-05
0.00021387745
2.6264846e-05
0.00021389648
2.6042674e-05
0.0002139133
2.5823766e-05
0.0002139282
2.5610873e-05
0.0002139414
2.5405485e-05
0.00021395307
2.5209103e-05
0.00021396336
2.5022143e-05
0.00021397235
2.4844328e-05
0.00021398007
2.4675854e-05
0.00021398657
2.4516884e-05
0.00021399182
2.4367292e-05
0.0002139958
2.422681e-05
0.0002139984
2.4095104e-05
0.00021399948
2.3971699e-05
0.00021399876
2.3856086e-05
2.3747589e-05
0.00021950175
2.6437414e-05
0.00021955972
2.6826974e-05
0.0002196154
2.7086351e-05
0.00021966702
2.7214031e-05
0.00021971372
2.7231567e-05
0.00021975532
2.7164456e-05
0.00021979202
2.7035719e-05
0.00021982424
2.6865869e-05
0.00021985252
2.6670289e-05
0.00021987737
2.6460358e-05
0.00021989923
2.6242984e-05
0.00021991848
2.6023423e-05
0.00021993548
2.5806767e-05
0.00021995053
2.5595827e-05
0.00021996386
2.5392156e-05
0.00021997567
2.5197291e-05
0.00021998611
2.50117e-05
0.00021999528
2.4835158e-05
0.00022000324
2.4667892e-05
0.00022001004
2.451009e-05
0.00022001568
2.4361651e-05
0.00022002015
2.422234e-05
0.00022002339
2.409186e-05
0.0002200253
2.3969786e-05
0.00022002571
2.385568e-05
2.3748979e-05
0.00022568712
2.6378318e-05
0.0002257461
2.676799e-05
0.00022580275
2.7029706e-05
0.00022585527
2.7161508e-05
0.0002259028
2.7184041e-05
0.00022594513
2.7122125e-05
0.00022598246
2.6998388e-05
0.00022601522
2.6833104e-05
0.00022604394
2.6641568e-05
0.00022606915
2.643515e-05
0.0002260913
2.6220839e-05
0.00022611077
2.6003949e-05
0.00022612794
2.5789596e-05
0.00022614312
2.5580646e-05
0.00022615656
2.5378714e-05
0.00022616848
2.5185375e-05
0.00022617904
2.5001145e-05
0.00022618834
2.4825855e-05
0.00022619647
2.465976e-05
0.00022620349
2.4503073e-05
0.00022620942
2.4355719e-05
0.00022621427
2.4217491e-05
0.00022621801
2.4088123e-05
0.00022622056
2.3967227e-05
0.00022622183
2.3854419e-05
2.374921e-05
0.00023175954
2.3946555e-05
0.00023181683
2.433247e-05
0.00023187219
2.4786981e-05
0.00023192845
2.5300471e-05
0.00023198696
2.5831058e-05
0.00023204718
2.6318098e-05
0.00023210723
2.670794e-05
0.00023216489
2.6972048e-05
0.00023221836
2.7108038e-05
0.00023226675
2.7135649e-05
0.00023230985
2.7079023e-05
0.00023234785
2.696039e-05
0.00023238118
2.6799776e-05
0.00023241036
2.6612381e-05
0.00023243595
2.6409566e-05
0.00023245839
2.6198395e-05
0.0002324781
2.5984246e-05
0.00023249544
2.5772251e-05
0.00023251075
2.5565334e-05
0.0002325243
2.5365172e-05
0.0002325363
2.5173375e-05
0.00023254693
2.4990511e-05
0.00023255632
2.4816461e-05
0.00023256457
2.4651512e-05
0.00023257175
2.4495899e-05
0.00023257789
2.4349575e-05
0.00023258302
2.421236e-05
0.00023258713
2.4084011e-05
0.00023259019
2.3964175e-05
0.0002325921
2.3852504e-05
2.3748565e-05
0.00023829213
2.3882214e-05
0.00023835108
2.427352e-05
0.00023840795
2.4730105e-05
0.00023846559
2.5242831e-05
0.00023852537
2.5771278e-05
0.00023858678
2.6256694e-05
0.00023864795
2.6646769e-05
0.00023870667
2.6913328e-05
0.00023876113
2.7053572e-05
0.00023881043
2.7086346e-05
0.00023885435
2.7035111e-05
0.00023889305
2.6921689e-05
0.00023892697
2.676585e-05
0.00023895666
2.6582699e-05
0.00023898264
2.6383581e-05
0.0002390054
2.6175635e-05
0.00023902535
2.5964299e-05
0.00023904287
2.5754725e-05
0.00023905832
2.5549891e-05
0.00023907195
2.5351536e-05
0.00023908402
2.5161307e-05
0.00023909471
2.4979819e-05
0.00023910417
2.4807008e-05
0.00023911249
2.4643189e-05
0.00023911976
2.4488622e-05
0.00023912605
2.4343287e-05
0.00023913139
2.4207026e-05
0.00023913577
2.4079624e-05
0.0002391392
2.3960752e-05
0.00023914161
2.3850093e-05
2.3747256e-05
0.00024500884
2.3815944e-05
0.00024506954
2.4212819e-05
0.00024512801
2.4671634e-05
0.00024518711
2.5183734e-05
0.00024524823
2.5710162e-05
0.00024531088
2.6194045e-05
0.00024537322
2.6584422e-05
0.00024543306
2.6853493e-05
0.00024548857
2.6998061e-05
0.00024553883
2.7036085e-05
0.0002455836
2.6990342e-05
0.00024562305
2.6882241e-05
0.00024565761
2.673129e-05
0.00024568782
2.655249e-05
0.00024571423
2.6357169e-05
0.00024573733
2.6152537e-05
0.00024575753
2.5944092e-05
0.00024577525
2.5737005e-05
0.00024579084
2.553431e-05
0.00024580456
2.5337807e-05
0.00024581669
2.5149177e-05
0.00024582743
2.4969085e-05
0.00024583692
2.479752e-05
0.00024584528
2.4634826e-05
0.00024585261
2.4481288e-05
0.00024585899
2.4336909e-05
0.00024586446
2.4201558e-05
0.00024586904
2.4075043e-05
0.00024587273
2.3957058e-05
0.00024587551
2.3847313e-05
2.3745447e-05
0.00025191482
2.3747667e-05
0.00025197735
2.4150286e-05
0.0002520375
2.4611488e-05
0.00025209812
2.5123109e-05
0.00025216064
2.5647643e-05
0.0002522246
2.613009e-05
0.00025228818
2.6520842e-05
0.00025234918
2.6792489e-05
0.00025240579
2.6941452e-05
0.00025245706
2.6984815e-05
0.00025250273
2.694467e-05
0.00025254297
2.6842004e-05
0.0002525782
2.6696055e-05
0.00025260898
2.6521717e-05
0.00025263585
2.6330296e-05
0.00025265931
2.6129072e-05
0.0002526798
2.5923601e-05
0.00025269774
2.5719074e-05
0.00025271347
2.5518579e-05
0.0002527273
2.5323977e-05
0.00025273949
2.5136985e-05
0.00025275026
2.4958317e-05
0.00025275976
2.4788013e-05
0.00025276814
2.4626448e-05
0.0002527755
2.4473928e-05
0.00025278192
2.4330486e-05
0.00025278747
2.4196012e-05
0.00025279218
2.4070337e-05
0.00025279606
2.3953179e-05
0.0002527991
2.3844268e-05
2.374327e-05
0.00025901533
2.3677315e-05
0.00025907977
2.4085849e-05
0.00025914166
2.4549597e-05
0.00025920388
2.5060887e-05
0.00025926787
2.5583657e-05
0.00025933319
2.6064769e-05
0.00025939806
2.6455973e-05
0.00025946028
2.6730262e-05
0.00025951804
2.6883693e-05
0.00025957037
2.6932485e-05
0.000259617
2.6898044e-05
0.00025965807
2.6800928e-05
0.00025969403
2.6660101e-05
0.00025972541
2.649034e-05
0.00025975278
2.6302927e-05
0.00025977664
2.6105208e-05
0.00025979744
2.59028e-05
0.0002598156
2.5700909e-05
0.0002598315
2.5502681e-05
0.00025984544
2.5310036e-05
0.0002598577
2.5124726e-05
0.0002598685
2.4947515e-05
0.00025987802
2.4778495e-05
0.0002598864
2.461807e-05
0.00025989376
2.446657e-05
0.00025990019
2.4324051e-05
0.00025990577
2.4190432e-05
0.00025991055
2.4065562e-05
0.00025991455
2.3949182e-05
0.00025991777
2.3841042e-05
2.374083e-05
0.00026631581
2.3604834e-05
0.00026638222
2.4019446e-05
0.00026644592
2.4485895e-05
0.0002665098
2.4997004e-05
0.00026657531
2.5518144e-05
0.00026664206
2.5998026e-05
0.00026670827
2.6389761e-05
0.00026677177
2.6666759e-05
0.00026683073
2.682473e-05
0.00026688418
2.6879042e-05
0.00026693181
2.6850412e-05
0.00026697377
2.6758965e-05
0.00026701049
2.662338e-05
0.00026704252
2.6458314e-05
0.00026707042
2.6275022e-05
0.00026709472
2.6080912e-05
0.00026711586
2.5881657e-05
0.00026713429
2.5682484e-05
0.00026715038
2.5486593e-05
0.00026716445
2.5295966e-05
0.00026717678
2.5112389e-05
0.00026718762
2.4936674e-05
0.00026719715
2.4768968e-05
0.00026720552
2.4609701e-05
0.00026721286
2.4459228e-05
0.00026721928
2.4317631e-05
0.00026722486
2.4184852e-05
0.00026722966
2.4060763e-05
0.00026723372
2.3945124e-05
0.00026723706
2.3837705e-05
2.3738214e-05
0.00027382184
2.3530178e-05
0.00027389027
2.395102e-05
0.00027395584
2.4420323e-05
0.00027402144
2.4931401e-05
0.00027408854
2.5451048e-05
0.00027415676
2.5929808e-05
0.00027422437
2.6322152e-05
0.0002742892
2.6601927e-05
0.00027434942
2.6764511e-05
0.00027440403
2.6824432e-05
0.00027445272
2.6801721e-05
0.00027449562
2.6716063e-05
0.00027453316
2.6585842e-05
0.00027456588
2.6425595e-05
0.00027459436
2.6246538e-05
0.00027461913
2.6056142e-05
0.00027464065
2.5860137e-05
0.00027465937
2.5663769e-05
0.00027467567
2.5470291e-05
0.00027468989
2.5281745e-05
0.00027470232
2.5099957e-05
0.00027471321
2.4925784e-05
0.00027472276
2.4759425e-05
0.00027473112
2.4601342e-05
0.00027473843
2.4451912e-05
0.00027474482
2.4311242e-05
0.00027475038
2.4179297e-05
0.00027475517
2.4055973e-05
0.00027475924
2.3941049e-05
0.00027476263
2.3834313e-05
2.3735492e-05
0.00028153915
2.3453307e-05
0.00028160965
2.3880523e-05
0.00028167714
2.4352827e-05
0.00028174452
2.4864024e-05
0.00028181325
2.5382314e-05
0.000281883
2.5860061e-05
0.00028195206
2.6253097e-05
0.00028201827
2.6535715e-05
0.0002820798
2.6702983e-05
0.00028213563
2.6768602e-05
0.00028218543
2.6751918e-05
0.00028222932
2.6672168e-05
0.00028226773
2.6547438e-05
0.00028230119
2.6392131e-05
0.0002823303
2.6217429e-05
0.00028235559
2.6030858e-05
0.00028237752
2.5838202e-05
0.00028239656
2.5644727e-05
0.00028241311
2.5453742e-05
0.00028242751
2.5267348e-05
0.00028244006
2.5087407e-05
0.00028245101
2.4914826e-05
0.00028246058
2.4749857e-05
0.00028246894
2.4592988e-05
0.00028247623
2.4444622e-05
0.00028248258
2.4304891e-05
0.00028248809
2.4173784e-05
0.00028249285
2.4051217e-05
0.00028249691
2.3936991e-05
0.00028250031
2.383091e-05
2.3732719e-05
0.00028947362
2.337418e-05
0.00028954624
2.3807905e-05
0.00028961571
2.4283354e-05
0.00028968491
2.4794819e-05
0.00028975534
2.5311892e-05
0.00028982666
2.5788738e-05
0.00028989721
2.6182546e-05
0.00028996485
2.6468074e-05
0.00029002774
2.6640094e-05
0.00029008484
2.6711499e-05
0.00029013581
2.6700949e-05
0.00029018075
2.6627226e-05
0.00029022008
2.6508112e-05
0.00029025434
2.6357873e-05
0.00029028412
2.6187646e-05
0.00029030997
2.6005013e-05
0.00029033236
2.581581e-05
0.00029035176
2.5625322e-05
0.00029036859
2.5436912e-05
0.0002903832
2.5252744e-05
0.00029039589
2.5074715e-05
0.00029040693
2.4903781e-05
0.00029041654
2.4740246e-05
0.0002904249
2.4584628e-05
0.00029043217
2.4437354e-05
0.00029043848
2.429858e-05
0.00029044395
2.416832e-05
0.00029044865
2.404651e-05
0.00029045267
2.3932973e-05
0.00029045605
2.3827528e-05
0.00029045883
2.3729939e-05
0.00029046103
2.3639872e-05
2.3557049e-05
0.00029763129
2.3292753e-05
0.00029770608
2.3733119e-05
0.00029777758
2.4211854e-05
0.00029784866
2.4723737e-05
0.00029792082
2.5239733e-05
0.00029799377
2.5715789e-05
0.00029806586
2.6110453e-05
0.00029813498
2.6398955e-05
0.00029819928
2.6575795e-05
0.00029825771
2.6653069e-05
0.0002983099
2.6648757e-05
0.00029835594
2.6581182e-05
0.00029839625
2.6467811e-05
0.00029843135
2.6322767e-05
0.00029846186
2.6157139e-05
0.00029848831
2.597856e-05
0.00029851121
2.5792916e-05
0.00029853102
2.5605512e-05
0.00029854816
2.5419765e-05
0.00029856301
2.5237899e-05
0.00029857587
2.5061849e-05
0.00029858703
2.4892621e-05
0.00029859671
2.4730571e-05
0.00029860509
2.4576246e-05
0.00029861235
2.4430096e-05
0.00029861863
2.4292303e-05
0.00029862404
2.4162906e-05
0.00029862869
2.4041861e-05
0.00029863265
2.392901e-05
0.00029863599
2.3824192e-05
0.00029863874
2.3727184e-05
0.00029864094
2.363767e-05
2.3555389e-05
0.00030601833
2.3208978e-05
0.00030609533
2.3656112e-05
0.00030616891
2.4138275e-05
0.00030624192
2.4650725e-05
0.00030631587
2.5165787e-05
0.00030639049
2.5641167e-05
0.00030646418
2.6036768e-05
0.00030653482
2.6328308e-05
0.00030660059
2.6510033e-05
0.00030666039
2.6593259e-05
0.00030671386
2.659529e-05
0.00030676106
2.653398e-05
0.0003068024
2.6426479e-05
0.00030683841
2.6286759e-05
0.00030686969
2.6125855e-05
0.0003068968
2.5951447e-05
0.00030692025
2.5769472e-05
0.00030694051
2.5585251e-05
0.00030695801
2.5402258e-05
0.00030697314
2.5222775e-05
0.00030698621
2.5048777e-05
0.00030699751
2.4881317e-05
0.00030700728
2.4720805e-05
0.00030701571
2.4567818e-05
0.00030702297
2.4422831e-05
0.00030702923
2.428605e-05
0.0003070346
2.4157537e-05
0.00030703919
2.403727e-05
0.00030704309
2.3925111e-05
0.00030704636
2.3820915e-05
0.00030704907
2.3724476e-05
0.00030705125
2.3635496e-05
2.3553725e-05
0.00031464112
2.3122798e-05
0.0003147204
2.3576827e-05
0.00031479612
2.4062559e-05
0.00031487112
2.457573e-05
0.0003149469
2.5090003e-05
0.00031502324
2.5564824e-05
0.00031509857
2.5961445e-05
0.00031517079
2.6256086e-05
0.00031523806
2.6442758e-05
0.00031529931
2.6532017e-05
0.00031535411
2.654049e-05
0.00031540252
2.6485563e-05
0.00031544494
2.6384059e-05
0.00031548191
2.6249791e-05
0.00031551403
2.6093739e-05
0.00031554185
2.5923623e-05
0.00031556589
2.5745428e-05
0.00031558665
2.5564493e-05
0.00031560456
2.5384346e-05
0.00031562001
2.5207331e-05
0.00031563333
2.5035458e-05
0.00031564481
2.4869833e-05
0.0003156547
2.4710918e-05
0.0003156632
2.455932e-05
0.00031567049
2.4415536e-05
0.00031567674
2.4279801e-05
0.00031568208
2.4152199e-05
0.00031568662
2.4032729e-05
0.00031569045
2.3921274e-05
0.00031569366
2.3817704e-05
0.00031569631
2.372183e-05
0.00031569844
2.3633369e-05
2.3552087e-05
0.00032350617
2.3034155e-05
0.00032358779
2.3495205e-05
0.0003236657
2.3984647e-05
0.00032374273
2.4498695e-05
0.00032382041
2.5012327e-05
0.00032389852
2.548671e-05
0.00032397554
2.5884435e-05
0.00032404938
2.6182239e-05
0.00032411822
2.6373917e-05
0.00032418095
2.6469286e-05
0.00032423714
2.64843e-05
0.00032428683
2.6435872e-05
0.0003243304
2.6340491e-05
0.00032436839
2.6211806e-05
0.00032440139
2.6060734e-05
0.00032442998
2.5895033e-05
0.00032445468
2.5720732e-05
0.00032447598
2.5543188e-05
0.00032449435
2.5365984e-05
0.00032451016
2.5191522e-05
0.00032452376
2.5021854e-05
0.00032453546
2.4858133e-05
0.0003245455
2.4700875e-05
0.0003245541
2.4550719e-05
0.00032456145
2.4408186e-05
0.00032456772
2.4273536e-05
0.00032457304
2.4146876e-05
0.00032457754
2.4028227e-05
0.00032458133
2.3917492e-05
0.00032458447
2.3814558e-05
0.00032458705
2.3719251e-05
0.00032458912
2.3631305e-05
2.3550497e-05
0.00033262018
2.2942985e-05
0.00033270421
2.3411178e-05
0.00033278438
2.3904476e-05
0.00033286352
2.4419558e-05
0.00033294314
2.4932703e-05
0.00033302308
2.5406769e-05
0.00033310183
2.5805686e-05
0.00033317736
2.6106714e-05
0.00033324781
2.6303458e-05
0.00033331209
2.6405012e-05
0.00033336973
2.6426664e-05
0.00033342075
2.6384848e-05
0.00033346553
2.6295715e-05
0.00033350459
2.6172744e-05
0.00033353854
2.6026782e-05
0.00033356795
2.5865618e-05
0.00033359336
2.5695327e-05
0.00033361526
2.5521283e-05
0.00033363413
2.5347119e-05
0.00033365035
2.5175302e-05
0.00033366428
2.5007918e-05
0.00033367624
2.4846174e-05
0.00033368648
2.4690639e-05
0.00033369522
2.4541982e-05
0.00033370265
2.4400749e-05
0.00033370896
2.4267226e-05
0.0003337143
2.4141544e-05
0.00033371878
2.4023746e-05
0.00033372252
2.3913753e-05
0.0003337256
2.381147e-05
0.00033372812
2.3716737e-05
0.00033373012
2.3629306e-05
2.3548966e-05
0.00034199006
2.2849221e-05
0.00034207656
2.3324677e-05
0.00034215906
2.3821974e-05
0.00034224036
2.4338253e-05
0.000342322
2.4851069e-05
0.00034240382
2.5324946e-05
0.00034248436
2.5725142e-05
0.00034256162
2.6029458e-05
0.00034263375
2.6231325e-05
0.00034269963
2.6339135e-05
0.00034275877
2.6367519e-05
0.00034281119
2.633243e-05
0.00034285724
2.624967e-05
0.00034289744
2.6132543e-05
0.0003429324
2.599182e-05
0.0003429627
2.583532e-05
0.00034298887
2.5669157e-05
0.00034301143
2.5498722e-05
0.00034303085
2.5327701e-05
0.00034304753
2.515862e-05
0.00034306184
2.4993605e-05
0.0003430741
2.4833913e-05
0.00034308457
2.4680168e-05
0.00034309349
2.453307e-05
0.00034310104
2.439319e-05
0.00034310743
2.426084e-05
0.0003431128
2.4136177e-05
0.00034311728
2.4019262e-05
0.000343121
2.3910037e-05
0.00034312404
2.3808425e-05
0.0003431265
2.371428e-05
0.00034312844
2.3627371e-05
2.3547498e-05
0.00035162286
2.2752796e-05
0.00035171191
2.3235629e-05
0.00035179681
2.373707e-05
0.00035188035
2.4254711e-05
0.00035196406
2.4767358e-05
0.00035204783
2.5241177e-05
0.00035213023
2.5642745e-05
0.00035220927
2.5950413e-05
0.00035228314
2.6157459e-05
0.00035235068
2.6271597e-05
0.00035241139
2.6306805e-05
0.00035246527
2.6278553e-05
0.00035251265
2.6202291e-05
0.00035255405
2.6091138e-05
0.00035259009
2.5955787e-05
0.00035262133
2.5804078e-05
0.00035264832
2.5642163e-05
0.0003526716
2.5475449e-05
0.00035269162
2.5307675e-05
0.00035270882
2.5141424e-05
0.00035272356
2.4978864e-05
0.00035273617
2.4821302e-05
0.00035274692
2.4669418e-05
0.00035275605
2.4523941e-05
0.00035276377
2.4385471e-05
0.00035277026
2.4254344e-05
0.0003527757
2.4130742e-05
0.00035278021
2.4014747e-05
0.00035278393
2.3906322e-05
0.00035278695
2.3805404e-05
0.00035278936
2.3711866e-05
0.00035279124
2.362549e-05
2.3546091e-05
0.00036152587
2.2653642e-05
0.00036161754
2.3143959e-05
0.00036170492
2.3649685e-05
0.00036179078
2.4168855e-05
0.00036187664
2.46815e-05
0.00036196242
2.5155398e-05
0.00036204673
2.5558433e-05
0.00036212763
2.5869516e-05
0.00036220329
2.6081798e-05
0.00036227255
2.6202334e-05
0.0003623349
2.6244457e-05
0.0003623903
2.6223151e-05
0.00036243908
2.6153511e-05
0.00036248175
2.6048465e-05
0.00036251892
2.5918617e-05
0.00036255117
2.5771827e-05
0.00036257905
2.5614283e-05
0.0003626031
2.5451405e-05
0.00036262379
2.5286982e-05
0.00036264156
2.5123659e-05
0.00036265678
2.4963643e-05
0.00036266979
2.4808293e-05
0.00036268086
2.4658342e-05
0.00036269025
2.4514553e-05
0.00036269817
2.4377551e-05
0.00036270482
2.4247699e-05
0.00036271035
2.4125204e-05
0.00036271493
2.4010169e-05
0.00036271867
2.3902578e-05
0.0003627217
2.3802383e-05
0.00036272409
2.3709475e-05
0.00036272593
2.3623649e-05
2.3544734e-05
0.00037170659
2.2551687e-05
0.00037180096
2.3049586e-05
0.00037189091
2.3559737e-05
0.00037197916
2.4080605e-05
0.00037206724
2.4593419e-05
0.0003721551
2.5067536e-05
0.0003722414
2.5472137e-05
0.00037232421
2.5786704e-05
0.00037240173
2.6004277e-05
0.00037247279
2.6131279e-05
0.00037253683
2.6180407e-05
0.00037259383
2.6166158e-05
0.00037264408
2.6103263e-05
0.00037268809
2.6004454e-05
0.00037272646
2.5880244e-05
0.00037275978
2.5738503e-05
0.00037278861
2.5585453e-05
0.00037281349
2.5426527e-05
0.00037283491
2.5265565e-05
0.0003728533
2.510527e-05
0.00037286905
2.4947889e-05
0.00037288251
2.4794833e-05
0.00037289396
2.4646891e-05
0.00037290366
2.4504858e-05
0.00037291182
2.4369385e-05
0.00037291866
2.4240865e-05
0.00037292434
2.4119525e-05
0.00037292901
2.4005494e-05
0.00037293282
2.3898774e-05
0.00037293586
2.3799335e-05
0.00037293826
2.3707082e-05
0.00037294008
2.3621827e-05
2.3543412e-05
0.00038217273
2.2446857e-05
0.00038226989
2.2952427e-05
0.00038236248
2.346714e-05
0.00038245321
2.3989877e-05
0.00038254359
2.4503035e-05
0.00038263361
2.4977518e-05
0.00038272196
2.5383789e-05
0.00038280676
2.5701908e-05
0.00038288621
2.592483e-05
0.00038295912
2.6058366e-05
0.00038302494
2.6114587e-05
0.0003830836
2.6107502e-05
0.00038313538
2.6051476e-05
0.0003831808
2.5959036e-05
0.00038322045
2.5840598e-05
0.00038325491
2.5704039e-05
0.00038328475
2.5555609e-05
0.00038331053
2.5400754e-05
0.00038333273
2.5243363e-05
0.0003833518
2.5086197e-05
0.00038336815
2.4931545e-05
0.00038338211
2.4780869e-05
0.00038339399
2.4635013e-05
0.00038340404
2.4494807e-05
0.0003834125
2.4360928e-05
0.00038341956
2.4233796e-05
0.00038342543
2.4113665e-05
0.00038343024
2.4000683e-05
0.00038343413
2.3894875e-05
0.00038343724
2.3796227e-05
0.00038343967
2.370466e-05
0.00038344149
2.3620001e-05
2.3542104e-05
0.00039293222
2.2339074e-05
0.00039303225
2.2852398e-05
0.00039312758
2.3371807e-05
0.00039322087
2.3896586e-05
0.00039331364
2.4410265e-05
0.0003934059
2.4885265e-05
0.00039349637
2.5293313e-05
0.00039358322
2.5615058e-05
0.00039366467
2.5843386e-05
0.00039373951
2.5983523e-05
0.00039380717
2.6046924e-05
0.00039386756
2.6047112e-05
0.00039392096
2.5998078e-05
0.00039396786
2.591214e-05
0.00039400884
2.579961e-05
0.00039404452
2.5668366e-05
0.00039407544
2.5524683e-05
0.00039410218
2.537402e-05
0.00039412523
2.5220313e-05
0.00039414504
2.5066381e-05
0.00039416203
2.4914553e-05
0.00039417656
2.4766346e-05
0.00039418891
2.4622657e-05
0.00039419937
2.448435e-05
0.00039420817
2.4352131e-05
0.00039421551
2.4226448e-05
0.0003942216
2.4107579e-05
0.00039422659
2.3995696e-05
0.00039423062
2.3890844e-05
0.00039423382
2.3793025e-05
0.00039423631
2.3702176e-05
0.00039423816
2.3618141e-05
2.3540787e-05
0.00040399328
2.2228259e-05
0.00040409627
2.2749411e-05
0.00040419443
2.3273648e-05
0.00040429037
2.3800642e-05
0.00040438561
2.4315025e-05
0.00040448018
2.4790699e-05
0.00040457285
2.5200636e-05
0.00040466183
2.5526081e-05
0.00040474534
2.5759873e-05
0.00040482219
2.5906678e-05
0.00040489177
2.5977347e-05
0.00040495396
2.5984914e-05
0.00040500905
2.5942996e-05
0.00040505749
2.5863693e-05
0.00040509989
2.5757208e-05
0.00040513685
2.5631414e-05
0.00040516892
2.5492609e-05
0.00040519668
2.534626e-05
0.00040522064
2.5196352e-05
0.00040524126
2.504576e-05
0.00040525896
2.4896857e-05
0.0004052741
2.4751208e-05
0.00040528699
2.4609768e-05
0.0004052979
2.4473435e-05
0.00040530709
2.4342946e-05
0.00040531476
2.4218773e-05
0.00040532112
2.4101223e-05
0.00040532632
2.399049e-05
0.00040533053
2.3886639e-05
0.00040533386
2.378969e-05
0.00040533644
2.3699596e-05
0.00040533837
2.3616216e-05
2.3539431e-05
0.00041536434
2.2114332e-05
0.00041547037
2.2643378e-05
0.00041557145
2.3172573e-05
0.00041567013
2.3701957e-05
0.00041576792
2.4217232e-05
0.00041586488
2.4693738e-05
0.00041595984
2.5105681e-05
0.00041605102
2.5434904e-05
0.00041613667
2.567422e-05
0.00041621558
2.5827761e-05
0.00041628715
2.5905783e-05
0.00041635123
2.5920835e-05
0.00041640807
2.5886155e-05
0.00041645814
2.5813621e-05
0.00041650203
2.571332e-05
0.00041654033
2.5593113e-05
0.00041657362
2.5459316e-05
0.00041660247
2.5317408e-05
0.00041662741
2.5171417e-05
0.00041664889
2.5024275e-05
0.00041666736
2.4878395e-05
0.00041668317
2.4735398e-05
0.00041669664
2.4596291e-05
0.00041670807
2.4462011e-05
0.00041671769
2.433332e-05
0.00041672574
2.4210723e-05
0.00041673241
2.4094551e-05
0.00041673788
2.3985021e-05
0.0004167423
2.3882219e-05
0.00041674581
2.3786183e-05
0.00041674852
2.3696882e-05
0.00041675055
2.3614192e-05
2.3538005e-05
0.00042705412
2.1997216e-05
0.00042716328
2.2534218e-05
0.00042726736
2.3068497e-05
0.00042736887
2.3600448e-05
0.0004274693
2.4116803e-05
0.00042756873
2.4594307e-05
0.00042766603
2.5008376e-05
0.00042775948
2.5341457e-05
0.00042784734
2.5586358e-05
0.00042792841
2.57467e-05
0.00042800203
2.583216e-05
0.00042806806
2.5854802e-05
0.00042812673
2.5827483e-05
0.0004281785
2.5761852e-05
0.00042822395
2.5667874e-05
0.00042826367
2.5553392e-05
0.00042829825
2.5424738e-05
0.00042832826
2.5287397e-05
0.00042835423
2.5145443e-05
0.00042837665
2.5001862e-05
0.00042839593
2.4859109e-05
0.00042841247
2.4718858e-05
0.00042842659
2.4582172e-05
0.00042843858
2.4450023e-05
0.00042844869
2.4323204e-05
0.00042845717
2.4202249e-05
0.00042846421
2.4087515e-05
0.00042846998
2.3979243e-05
0.00042847466
2.387754e-05
0.00042847838
2.3782463e-05
0.00042848127
2.3693997e-05
0.00042848343
2.3612032e-05
2.3536475e-05
0.00043907165
2.1876847e-05
0.00043918401
2.2421858e-05
0.00043929116
2.2961344e-05
0.00043939557
2.3496035e-05
0.00043949871
2.4013662e-05
0.00043960069
2.4492332e-05
0.00043970042
2.4908649e-05
0.0004397962
2.5245671e-05
0.00043988634
2.5496217e-05
0.00043996962
2.5663426e-05
0.00044004537
2.5756407e-05
0.00044011343
2.5786743e-05
0.000440174
2.5766908e-05
0.00044022754
2.5708314e-05
0.00044027462
2.5620798e-05
0.00044031583
2.5512181e-05
0.00044035176
2.5388806e-05
0.000440383
2.5256162e-05
0.00044041007
2.5118366e-05
0.00044043347
2.497846e-05
0.00044045364
2.483894e-05
0.00044047097
2.4701532e-05
0.00044048579
2.4567355e-05
0.00044049839
2.4437419e-05
0.00044050905
2.4312546e-05
0.000440518
2.4193301e-05
0.00044052544
2.4080068e-05
0.00044053158
2.3973111e-05
0.00044053656
2.387256e-05
0.00044054053
2.3778488e-05
0.00044054363
2.3690899e-05
0.00044054596
2.3609699e-05
2.3534806e-05
0.00045142621
2.1753178e-05
0.00045154183
2.2306237e-05
0.00045165213
2.2851045e-05
0.00045175951
2.3388651e-05
0.00045186544
2.390774e-05
0.00045197002
2.4387746e-05
0.00045207223
2.4806437e-05
0.00045217042
2.5147483e-05
0.0004522629
2.5403735e-05
0.00045234845
2.5577874e-05
0.0004524264
2.5678457e-05
0.00045249656
2.571659e-05
0.00045255911
2.5704359e-05
0.00045261448
2.5652935e-05
0.00045266326
2.5572023e-05
0.00045270603
2.5469412e-05
0.00045274338
2.5351452e-05
0.00045277591
2.5223637e-05
0.00045280415
2.5090124e-05
0.0004528286
2.4954008e-05
0.00045284971
2.4817828e-05
0.00045286788
2.4683362e-05
0.00045288345
2.4551786e-05
0.00045289673
2.4424145e-05
0.00045290798
2.4301296e-05
0.00045291745
2.418383e-05
0.00045292535
2.4072162e-05
0.00045293189
2.3966579e-05
0.00045293721
2.3867233e-05
0.00045294148
2.3774216e-05
0.00045294484
2.3687548e-05
0.00045294738
2.3607152e-05
2.353296e-05
0.00046412741
2.162618e-05
0.00046424633
2.2187314e-05
0.00046435983
2.2737551e-05
0.00046447024
2.3278238e-05
0.000464579
2.3798979e-05
0.00046468626
2.4280491e-05
0.00046479101
2.4701683e-05
0.00046489166
2.5046836e-05
0.00046498654
2.5308854e-05
0.00046507443
2.5489985e-05
0.00046515464
2.5598249e-05
0.00046522695
2.5644278e-05
0.00046529154
2.5639769e-05
0.00046534883
2.559565e-05
0.00046539937
2.5521482e-05
0.00046544376
2.5425018e-05
0.0004654826
2.5312612e-05
0.00046551648
2.5189759e-05
0.00046554595
2.5060654e-05
0.00046557151
2.4928446e-05
0.00046559362
2.4795716e-05
0.00046561269
2.4664293e-05
0.00046562907
2.453541e-05
0.00046564306
2.4410151e-05
0.00046565496
2.4289402e-05
0.000465665
2.4173788e-05
0.00046567341
2.4063751e-05
0.00046568039
2.3959601e-05
0.00046568611
2.3861515e-05
0.00046569072
2.3769604e-05
0.00046569436
2.3683903e-05
0.00046569716
2.3604354e-05
2.3530901e-05
0.00047718513
2.1495855e-05
0.00047730738
2.2065067e-05
0.00047742411
2.2620825e-05
0.00047753759
2.3164752e-05
0.00047764924
2.3687331e-05
0.00047775921
2.4170518e-05
0.00047786656
2.4594336e-05
0.00047796972
2.4943681e-05
0.00047806705
2.5211522e-05
0.00047815733
2.5399705e-05
0.00047823985
2.5515725e-05
0.00047831438
2.5569746e-05
0.00047838108
2.5573077e-05
0.00047844033
2.5536392e-05
0.00047849271
2.5469109e-05
0.00047853879
2.5378935e-05
0.00047857918
2.5272221e-05
0.00047861447
2.5154465e-05
0.00047864523
2.5029896e-05
0.00047867196
2.4901717e-05
0.00047869513
2.4772547e-05
0.00047871515
2.4644271e-05
0.00047873239
2.4518176e-05
0.00047874715
2.4395384e-05
0.00047875974
2.4276816e-05
0.0004787704
2.4163127e-05
0.00047877936
2.4054787e-05
0.00047878683
2.3952133e-05
0.00047879298
2.3855364e-05
0.00047879798
2.3764609e-05
0.00047880196
2.3679923e-05
0.00047880505
2.3601264e-05
2.3528589e-05
0.00049060958
2.1362224e-05
0.00049073516
2.1939495e-05
0.00049085513
2.2500849e-05
0.00049097172
2.3048166e-05
0.00049108629
2.3572762e-05
0.00049119902
2.4057789e-05
0.00049130899
2.4484357e-05
0.0004914147
2.4837975e-05
0.00049151453
2.5111696e-05
0.00049160725
2.5306986e-05
0.00049169214
2.5430834e-05
0.00049176894
2.549294e-05
0.0004918378
2.5504225e-05
0.00049189909
2.5475104e-05
0.00049195335
2.5414844e-05
0.00049200118
2.5331101e-05
0.00049204318
2.5230221e-05
0.00049207995
2.5117696e-05
0.00049211206
2.4997794e-05
0.00049214001
2.4873763e-05
0.00049216429
2.4748268e-05
0.00049218532
2.4623243e-05
0.00049220346
2.4500032e-05
0.00049221905
2.4379797e-05
0.00049223237
2.4263491e-05
0.0004922437
2.4151801e-05
0.00049225326
2.4045227e-05
0.00049226126
2.3944131e-05
0.00049226789
2.3848736e-05
0.00049227331
2.3759191e-05
0.00049227766
2.3675568e-05
0.00049228108
2.3597843e-05
2.3525987e-05
0.00050441124
2.1225329e-05
0.00050454013
2.1810613e-05
0.00050466335
2.2377621e-05
0.00050478306
2.2928463e-05
0.00050490057
2.3455248e-05
0.00050501608
2.3942276e-05
0.00050512872
2.4371716e-05
0.00050523701
2.4729685e-05
0.00050533937
2.5009338e-05
0.00050543457
2.5211787e-05
0.00050552187
2.534353e-05
0.000505601
2.541381e-05
0.00050567207
2.5433158e-05
0.00050573545
2.5411729e-05
0.00050579166
2.535863e-05
0.0005058413
2.528146e-05
0.00050588497
2.5186553e-05
0.00050592327
2.5079397e-05
0.00050595677
2.4964291e-05
0.000505986
2.4844533e-05
0.00050601144
2.4722826e-05
0.00050603353
2.4601158e-05
0.00050605263
2.448093e-05
0.00050606908
2.4363342e-05
0.00050608319
2.424938e-05
0.00050609523
2.4139766e-05
0.00050610543
2.4035027e-05
0.00050611401
2.3935553e-05
0.00050612115
2.3841591e-05
0.00050612703
2.3753309e-05
0.0005061318
2.3670799e-05
0.00050613559
2.3594054e-05
2.3523058e-05
0.00051860086
2.1085224e-05
0.00051873302
2.167845e-05
0.00051885949
2.2251149e-05
0.00051898232
2.2805639e-05
0.00051910279
2.3334775e-05
0.00051922111
2.3823959e-05
0.00051933643
2.4256389e-05
0.00051944733
2.4618787e-05
0.00051955225
2.490442e-05
0.00051964996
2.5114074e-05
0.00051973972
2.5253774e-05
0.00051982122
2.5332313e-05
0.00051989454
2.5359831e-05
0.00051996006
2.5346217e-05
0.00052001827
2.5300414e-05
0.00052006977
2.5229958e-05
0.00052011516
2.5141164e-05
0.00052015505
2.5039515e-05
0.00052019
2.4929336e-05
0.00052022056
2.4813974e-05
0.00052024721
2.4696172e-05
0.0005202704
2.457797e-05
0.00052029051
2.4460823e-05
0.00052030788
2.4345973e-05
0.00052032282
2.423444e-05
0.00052033561
2.4126978e-05
0.00052034649
2.4024146e-05
0.00052035568
2.3926359e-05
0.00052036338
2.3833889e-05
0.00052036977
2.3746926e-05
0.00052037499
2.3665579e-05
0.00052037918
2.358986e-05
2.3519767e-05
0.0005331895
2.0941968e-05
0.00053332491
2.154304e-05
0.00053345461
2.212145e-05
0.00053358055
2.2679696e-05
0.00053370399
2.3211336e-05
0.00053382513
2.3702826e-05
0.00053394315
2.413836e-05
0.00053405668
2.4505258e-05
0.00053416419
2.4796918e-05
0.00053426444
2.501382e-05
0.00053435668
2.5161534e-05
0.00053444058
2.5248409e-05
0.00053451622
2.5284199e-05
0.00053458391
2.5278521e-05
0.00053464418
2.5240148e-05
0.00053469759
2.5176545e-05
0.00053474475
2.5094004e-05
0.00053478627
2.4997998e-05
0.00053482272
2.4892879e-05
0.00053485466
2.4782038e-05
0.00053488257
2.466826e-05
0.00053490691
2.4553632e-05
0.00053492807
2.4439668e-05
0.00053494639
2.4327648e-05
0.0005349622
2.421863e-05
0.00053497578
2.4113398e-05
0.00053498738
2.4012545e-05
0.00053499723
2.3916511e-05
0.00053500553
2.3825593e-05
0.00053501245
2.3740004e-05
0.00053501816
2.3659872e-05
0.00053502279
2.3585225e-05
2.3516079e-05
0.00054818851
2.0795619e-05
0.00054832713
2.1404421e-05
0.00054846003
2.1988544e-05
0.00054858909
2.2550641e-05
0.0005487155
2.308493e-05
0.00054883945
2.3578869e-05
0.0005489602
2.4017617e-05
0.00054907637
2.4389086e-05
0.00054918647
2.4686812e-05
0.00054928929
2.4911e-05
0.00054938405
2.506678e-05
0.00054947039
2.5162066e-05
0.00054954837
2.5206224e-05
0.00054961829
2.5208598e-05
0.00054968065
2.5177787e-05
0.00054973602
2.5121174e-05
0.000549785
2.5045026e-05
0.0005498282
2.49548e-05
0.0005498662
2.4854874e-05
0.00054989956
2.474868e-05
0.00054992878
2.4639043e-05
0.00054995431
2.4528102e-05
0.00054997655
2.4417422e-05
0.00054999587
2.4308328e-05
0.00055001259
2.4201909e-05
0.000550027
2.4098988e-05
0.00055003936
2.4000186e-05
0.0005500499
2.3905972e-05
0.00055005883
2.3816668e-05
0.00055006632
2.3732509e-05
0.00055007255
2.3653643e-05
0.00055007766
2.3580116e-05
2.351196e-05
0.00056360952
2.0646234e-05
0.00056375131
2.1262629e-05
0.0005638874
2.1852452e-05
0.00056401956
2.2418484e-05
0.00056414893
2.2955555e-05
0.00056427572
2.3452081e-05
0.00056439919
2.389415e-05
0.00056451802
2.4270256e-05
0.00056463074
2.4574088e-05
0.00056473615
2.4805595e-05
0.00056483344
2.4969487e-05
0.00056492225
2.5073252e-05
0.00056500261
2.5125871e-05
0.00056507479
2.5136411e-05
0.00056513929
2.5113288e-05
0.00056519666
2.5063802e-05
0.0005652475
2.4994184e-05
0.00056529243
2.4909877e-05
0.00056533203
2.4815277e-05
0.00056536685
2.4713858e-05
0.00056539741
2.4608482e-05
0.00056542417
2.4501338e-05
0.00056544755
2.4394046e-05
0.0005654679
2.4287972e-05
0.00056548557
2.4184242e-05
0.00056550085
2.4083712e-05
0.000565514
2.3987035e-05
0.00056552526
2.3894708e-05
0.00056553485
2.3807081e-05
0.00056554295
2.3724409e-05
0.00056554973
2.3646861e-05
0.00056555535
2.3574503e-05
2.3507381e-05
0.00057946446
2.049387e-05
0.00057960939
2.11177e-05
0.00057974864
2.1713194e-05
0.0005798839
2.2283231e-05
0.00058001624
2.2823213e-05
0.00058014586
2.3322458e-05
0.00058027206
2.376795e-05
0.00058039356
2.4148758e-05
0.00058050892
2.445873e-05
0.00058061693
2.4697586e-05
0.00058071678
2.4869632e-05
0.0005808081
2.4981938e-05
0.00058089086
2.5043107e-05
0.00058096535
2.5061922e-05
0.00058103202
2.5046613e-05
0.00058109144
2.5004387e-05
0.00058114419
2.4941438e-05
0.00058119088
2.4863186e-05
0.00058123211
2.4774045e-05
0.00058126844
2.4677529e-05
0.00058130038
2.4576535e-05
0.00058132842
2.4473302e-05
0.00058135296
2.4369503e-05
0.00058137439
2.4266546e-05
0.00058139304
2.4165593e-05
0.00058140921
2.4067536e-05
0.00058142319
2.3973058e-05
0.00058143521
2.3882688e-05
0.00058144549
2.37968e-05
0.00058145423
2.3715673e-05
0.00058146159
2.3639496e-05
0.00058146774
2.3568355e-05
2.3502311e-05
0.00059576563
2.0338579e-05
0.00059591366
2.0969668e-05
0.00059605606
2.1570788e-05
0.0005961944
2.214489e-05
0.00059632972
2.26879e-05
0.00059646218
2.3189992e-05
0.00059659113
2.3639008e-05
0.0005967153
2.4024579e-05
0.00059683331
2.4340724e-05
0.00059694394
2.4586954e-05
0.00059704638
2.4767192e-05
0.00059714022
2.4888099e-05
0.00059722543
2.49579e-05
0.00059730225
2.4985095e-05
0.00059737114
2.4977723e-05
0.00059743264
2.494289e-05
0.00059748733
2.4886745e-05
0.00059753583
2.4814686e-05
0.00059757874
2.473114e-05
0.00059761661
2.4639654e-05
0.00059764998
2.4543165e-05
0.00059767933
2.4443957e-05
0.00059770508
2.4343757e-05
0.00059772761
2.4244015e-05
0.00059774727
2.414593e-05
0.00059776438
2.4050428e-05
0.00059777921
2.3958227e-05
0.00059779202
2.3869882e-05
0.00059780302
2.3785797e-05
0.00059781242
2.3706273e-05
0.00059782039
2.363152e-05
0.0005978271
2.3561645e-05
2.3496725e-05
0.00061252559
2.0180418e-05
0.00061267669
2.0818568e-05
0.00061282222
2.1425253e-05
0.00061296365
2.2003466e-05
0.00061310193
2.2549614e-05
0.00061323725
2.3054674e-05
0.00061336895
2.3507311e-05
0.00061349582
2.3897705e-05
0.00061361649
2.4220054e-05
0.00061372976
2.4473682e-05
0.00061383481
2.4662145e-05
0.0006139312
2.4791707e-05
0.00061401888
2.4870219e-05
0.00061409808
2.4905896e-05
0.00061416922
2.490658e-05
0.00061423284
2.4879271e-05
0.00061428952
2.4830067e-05
0.00061433987
2.4764337e-05
0.00061438449
2.468652e-05
0.00061442395
2.4600195e-05
0.00061445878
2.4508334e-05
0.00061448947
2.4413267e-05
0.00061451645
2.4316774e-05
0.00061454012
2.4220347e-05
0.00061456083
2.412522e-05
0.0006145789
2.4032358e-05
0.00061459462
2.394251e-05
0.00061460824
2.3856262e-05
0.00061461999
2.3774044e-05
0.00061463008
2.3696183e-05
0.00061463869
2.3622908e-05
0.00061464599
2.3554348e-05
2.3490597e-05
0.0006297573
2.0019443e-05
0.00062991144
2.0664435e-05
0.00063006008
2.1276608e-05
0.00063020458
2.1858965e-05
0.00063034585
2.2408349e-05
0.00063048403
2.2916493e-05
0.00063061849
2.3372846e-05
0.00063074808
2.3768121e-05
0.00063087143
2.4096703e-05
0.00063098736
2.4357748e-05
0.00063109504
2.4554466e-05
0.00063119402
2.4692733e-05
0.0006312842
2.4780032e-05
0.00063136581
2.4824289e-05
0.00063143924
2.4833147e-05
0.00063150502
2.4813491e-05
0.00063156373
2.4771362e-05
0.00063161597
2.4712099e-05
0.00063166234
2.4640146e-05
0.00063170342
2.4559113e-05
0.00063173975
2.4472005e-05
0.00063177182
2.4381196e-05
0.00063180008
2.428852e-05
0.00063182491
2.4195508e-05
0.0006318467
2.4103434e-05
0.00063186576
2.4013297e-05
0.00063188239
2.3925881e-05
0.00063189685
2.3841801e-05
0.00063190938
2.3761517e-05
0.00063192018
2.3685377e-05
0.00063192946
2.3613636e-05
0.00063193736
2.3546441e-05
2.3483905e-05
0.00064747407
1.9855717e-05
0.0006476312
2.0507309e-05
0.00064778294
2.1124873e-05
0.00064793051
2.1711392e-05
0.00064807476
2.2264102e-05
0.00064821581
2.2775439e-05
0.00064835306
2.3235596e-05
0.00064848537
2.3635809e-05
0.00064861143
2.3970651e-05
0.00064873004
2.4239131e-05
0.00064884038
2.444413e-05
0.00064894196
2.4591148e-05
0.00064903469
2.4687304e-05
0.00064911874
2.4740238e-05
0.00064919451
2.4757384e-05
0.00064926249
2.4745508e-05
0.00064932326
2.471059e-05
0.00064937743
2.4657931e-05
0.0006494256
2.4591978e-05
0.00064946834
2.451637e-05
0.0006495062
2.443414e-05
0.00064953969
2.434771e-05
0.00064956925
2.4258961e-05
0.00064959529
2.4169468e-05
0.00064961818
2.4080542e-05
0.00064963826
2.3993217e-05
0.00064965583
2.3908313e-05
0.00064967116
2.3826475e-05
0.00064968449
2.374819e-05
0.00064969603
2.3673834e-05
0.00064970598
2.3603681e-05
0.00064971452
2.3537902e-05
2.3476627e-05
0.00066568959
1.9689307e-05
0.00066584966
2.0347235e-05
0.00066600447
2.0970073e-05
0.0006661551
2.1560755e-05
0.00066630234
2.2116867e-05
0.00066644628
2.2631497e-05
0.00066658633
2.3095544e-05
0.00066672139
2.3500749e-05
0.00066685017
2.3841875e-05
0.00066697149
2.4117805e-05
0.00066708451
2.4331108e-05
0.00066718874
2.448692e-05
0.00066728404
2.4592002e-05
0.00066737058
2.4653703e-05
0.00066744871
2.467925e-05
0.00066751894
2.467528e-05
0.00066758182
2.4647707e-05
0.00066763796
2.460179e-05
0.00066768797
2.4541975e-05
0.00066773241
2.4471924e-05
0.00066777185
2.4394702e-05
0.00066780679
2.4312771e-05
0.00066783769
2.4228063e-05
0.00066786496
2.4142194e-05
0.00066788899
2.4056512e-05
0.00066791012
2.397209e-05
0.00066792865
2.3889779e-05
0.00066794487
2.3810257e-05
0.00066795902
2.373404e-05
0.00066797132
2.3661529e-05
0.00066798198
2.3593022e-05
0.00066799118
2.3528711e-05
2.3468743e-05
0.0006844179
1.9520287e-05
0.00068458088
2.0184262e-05
0.00068473871
2.0812236e-05
0.0006848924
2.1407066e-05
0.00068504263
2.1966642e-05
0.00068518947
2.2484656e-05
0.00068533234
2.2952673e-05
0.00068547017
2.3362919e-05
0.00068560169
2.3710352e-05
0.00068572575
2.3993744e-05
0.00068584149
2.4215371e-05
0.0006859484
2.4380015e-05
0.00068604631
2.4494086e-05
0.00068613537
2.4564644e-05
0.00068621592
2.4598701e-05
0.00068628844
2.4602764e-05
0.00068635347
2.4582668e-05
0.00068641163
2.4543631e-05
0.00068646352
2.4490093e-05
0.0006865097
2.4425735e-05
0.00068655076
2.4353651e-05
0.00068658718
2.4276343e-05
0.00068661946
2.4195791e-05
0.000686648
2.4113653e-05
0.00068667319
2.4031315e-05
0.0006866954
2.3949886e-05
0.00068671492
2.3870253e-05
0.00068673206
2.3793123e-05
0.00068674705
2.3719045e-05
0.00068676014
2.3648442e-05
0.00068677152
2.3581639e-05
0.00068678139
2.3518847e-05
2.3460235e-05
0.00070367345
1.9348736e-05
0.00070383927
2.0018445e-05
0.00070400011
2.0651398e-05
0.00070415683
2.125034e-05
0.00070431005
2.1813428e-05
0.0007044598
2.2334906e-05
0.00070460551
2.2806966e-05
0.00070474613
2.3222298e-05
0.00070488042
2.3576057e-05
0.00070500725
2.3866921e-05
0.00070512573
2.4096887e-05
0.00070523535
2.4270398e-05
0.00070533592
2.4393518e-05
0.00070542754
2.4473017e-05
0.00070551055
2.4515692e-05
0.0007055854
2.452791e-05
0.00070565265
2.4515426e-05
0.00070571287
2.4483408e-05
0.00070576668
2.4436286e-05
0.00070581465
2.4377758e-05
0.00070585736
2.4310944e-05
0.00070589532
2.4238385e-05
0.000705929
2.4162108e-05
0.00070595884
2.4083811e-05
0.00070598524
2.4004919e-05
0.00070600855
2.3926577e-05
0.00070602909
2.3849707e-05
0.00070604717
2.3775049e-05
0.00070606303
2.370318e-05
0.00070607692
2.3634551e-05
0.00070608905
2.356951e-05
0.00070609961
2.3508292e-05
0.00072347115
0.00072363975
0.00072380355
0.00072396329
0.00072411949
0.00072427216
0.00072442072
0.00072456415
0.00072470124
0.00072483086
0.00072495212
0.00072506449
0.00072516775
0.00072526199
0.00072534751
0.00072542475
0.00072549425
0.00072555658
0.00072561237
0.00072566218
0.00072570658
0.00072574611
0.00072578125
0.00072581243
0.00072584005
0.0007258645
0.00072588609
0.00072590514
0.00072592189
0.00072593661
0.00072594951
)
;

boundaryField
{
    inlet
    {
        type            calculated;
        value           nonuniform List<scalar> 0();
    }
    top
    {
        type            calculated;
        value           nonuniform List<scalar> 0();
    }
    outlet
    {
        type            calculated;
        value           nonuniform List<scalar> 0();
    }
    slipsurface
    {
        type            calculated;
        value           nonuniform List<scalar> 0();
    }
    bottom
    {
        type            calculated;
        value           nonuniform List<scalar> 0();
    }
    frontandback
    {
        type            empty;
    }
    procBoundary9to6
    {
        type            processor;
        value           nonuniform List<scalar> 
25
(
-2.7605888e-05
-2.7833831e-05
-2.790525e-05
-2.7855584e-05
-2.7719824e-05
-2.752584e-05
-2.7296869e-05
-2.7048987e-05
-2.6793186e-05
-2.6534842e-05
-2.6278062e-05
-2.60275e-05
-2.5785028e-05
-2.555139e-05
-2.5327055e-05
-2.511028e-05
-2.4897654e-05
-2.4682663e-05
-2.4449257e-05
-2.4160662e-05
-2.375551e-05
-2.3182507e-05
-2.2447639e-05
-2.1605946e-05
-2.071677e-05
)
;
    }
    procBoundary9to8
    {
        type            processor;
        value           nonuniform List<scalar> 
64
(
-0.00014882294
-0.00015300565
-0.00015730703
-0.00016173048
-0.00016627945
-0.00017095752
-0.00017576832
-0.00018071559
-0.00018580316
-0.00019103495
-0.00019641499
-0.0002019474
-0.00020763641
-2.6552463e-05
-0.00021342936
-0.00021944372
-2.4009058e-05
-2.4389757e-05
-2.4842343e-05
-2.5356732e-05
-0.00022562802
-2.5889569e-05
-0.00023169704
-0.00023822778
-0.00024494257
-0.00025184654
-0.00025894498
-0.00026624333
-0.00027374719
-0.00028146228
-0.00028939449
-0.00029754986
-0.00030593455
-0.00031455494
-0.00032341752
-0.00033252901
-0.00034189629
-0.00035152643
-0.00036142671
-0.00037160463
-0.0003820679
-0.00039282444
-0.00040388246
-0.00041525041
-0.00042693701
-0.00043895128
-0.00045130254
-0.00046400041
-0.00047705481
-0.00049047595
-0.00050427435
-0.00051846075
-0.00053304625
-0.00054804216
-0.00056346013
-0.00057931209
-0.00059561033
-0.00061236742
-0.00062959633
-0.00064731035
-0.00066552318
-0.00068424888
-0.0007035019
-0.00072329715
)
;
    }
    procBoundary9to10
    {
        type            processor;
        value           nonuniform List<scalar> 
29
(
0.00014645356
0.00015130168
0.00015621343
0.00016115489
0.00016609757
0.00017103898
0.00017600871
0.00018104895
0.00018619347
0.00019146322
0.00019687076
0.00020242451
0.00020813098
0.00021399582
0.00022002432
0.00022622159
0.00023259275
0.00023914292
0.00024587732
0.00025280128
0.00025992021
0.00026723967
0.00027476536
0.00028250308
-2.3642068e-05
-2.3558662e-05
0.00029046264
0.0002986426
0.00030705291
)
;
    }
    procBoundary9to11
    {
        type            processor;
        value           nonuniform List<scalar> 
30
(
0.00031570007
0.00032459071
0.00033373165
0.0003431299
0.00035279265
0.00036272728
0.0003729414
0.0003834428
0.00039423948
0.00040533972
0.00041675197
0.00042848496
0.00044054763
0.00045294923
0.00046569922
0.00047880736
0.00049228368
0.00050613852
0.00052038247
0.00053502648
0.00055008178
0.00056555993
0.00058147281
0.00059783269
0.00061465212
0.00063194405
0.0006497218
0.00066799906
0.0006867899
0.00070610876
)
;
    }
    procBoundary9to12
    {
        type            processor;
        value           nonuniform List<scalar> 2(1.9174738e-05 1.9849846e-05);
    }
    procBoundary9to13
    {
        type            processor;
        value           nonuniform List<scalar> 
30
(
2.0487597e-05
2.1090598e-05
2.1657229e-05
2.2182239e-05
2.2658405e-05
2.3078864e-05
2.3438965e-05
2.3737305e-05
2.3975622e-05
2.415803e-05
2.4290255e-05
2.4378778e-05
2.4430176e-05
2.445067e-05
2.444593e-05
2.442107e-05
2.4380505e-05
2.4327947e-05
2.4266538e-05
2.4198856e-05
2.4126974e-05
2.4052632e-05
2.397729e-05
2.3902131e-05
2.3828113e-05
2.3756007e-05
2.3686421e-05
2.3619834e-05
2.3556616e-05
2.3497027e-05
)
;
    }
    procBoundary9to14
    {
        type            processor;
        value           nonuniform List<scalar> 2(2.3451083e-05 0.00072596077);
    }
}


// ************************************************************************* //
