/*--------------------------------*- C++ -*----------------------------------*\
  =========                 |
  \\      /  F ield         | OpenFOAM: The Open Source CFD Toolbox
   \\    /   O peration     | Website:  https://openfoam.org
    \\  /    A nd           | Version:  12
     \\/     M anipulation  |
\*---------------------------------------------------------------------------*/
FoamFile
{
    format      ascii;
    class       volVectorField;
    location    "400";
    object      U;
}
// * * * * * * * * * * * * * * * * * * * * * * * * * * * * * * * * * * * * * //

dimensions      [0 1 -1 0 0 0 0];

internalField   nonuniform List<vector> 
466
(
(0.99913223 0.00096783401 0)
(0.99912616 0.0010154711 0)
(0.99912212 0.0010659927 0)
(0.9991207 0.0011192463 0)
(0.99912246 0.0011750704 0)
(0.99912777 0.0012332561 0)
(0.99913698 0.0012935387 0)
(0.99915049 0.0013555875 0)
(0.99916863 0.0014190032 0)
(0.99919172 0.001483321 0)
(0.99922001 0.0015480161 0)
(0.99925365 0.001612512 0)
(0.99929275 0.0016761925 0)
(0.99933731 0.0017384161 0)
(0.99938723 0.0017985337 0)
(0.99944231 0.0018559061 0)
(0.99950227 0.0019099208 0)
(0.99956674 0.0019600069 0)
(0.99916608 0.00097322212 0)
(0.99916099 0.0010191198 0)
(0.99915782 0.0010677152 0)
(0.99915712 0.0011188725 0)
(0.9991594 0.0011724476 0)
(0.99916502 0.0012282535 0)
(0.9991743 0.0012860513 0)
(0.99918761 0.001345541 0)
(0.99920528 0.0014063587 0)
(0.99922761 0.0014680793 0)
(0.99925483 0.0015302207 0)
(0.99928711 0.0015922511 0)
(0.99932456 0.001653599 0)
(0.9993672 0.0017136664 0)
(0.99941496 0.0017718433 0)
(0.99946767 0.0018275239 0)
(0.99952509 0.0018801223 0)
(0.99958689 0.0019290861 0)
(0.99919963 0.00097796286 0)
(0.99919545 0.0010221722 0)
(0.99919309 0.0010689041 0)
(0.99919306 0.0011180372 0)
(0.99919584 0.0011694431 0)
(0.99920174 0.0012229543 0)
(0.99921108 0.0012783555 0)
(0.9992242 0.0013353749 0)
(0.99924142 0.0013936816 0)
(0.99926302 0.0014528873 0)
(0.99928922 0.0015125497 0)
(0.9993202 0.0015721794 0)
(0.99935607 0.0016312473 0)
(0.99939687 0.0016891966 0)
(0.99944255 0.0017454555 0)
(0.99949298 0.0017994516 0)
(0.99954794 0.001850626 0)
(0.99960715 0.0018984464 0)
(0.99923285 0.00098206252 0)
(0.99922952 0.0010246334 0)
(0.99922792 0.0010695624 0)
(0.99922851 0.0011167416 0)
(0.99923174 0.0011660561 0)
(0.99923791 0.0012173559 0)
(0.9992473 0.001270447 0)
(0.99926024 0.001325084 0)
(0.99927703 0.001380966 0)
(0.99929792 0.0014377388 0)
(0.99932315 0.0014949979 0)
(0.99935289 0.001552293 0)
(0.99938725 0.0016091353 0)
(0.99942629 0.0016650075 0)
(0.99946997 0.0017193747 0)
(0.9995182 0.0017716975 0)
(0.99957078 0.0018214445 0)
(0.99962747 0.0018681048 0)
(0.99926571 0.00098552807 0)
(0.99926318 0.0010265091 0)
(0.99926228 0.0010696945 0)
(0.99926346 0.0011149879 0)
(0.99926711 0.0011622867 0)
(0.99927352 0.0012114564 0)
(0.99928295 0.0012623226 0)
(0.99929571 0.0013146634 0)
(0.99931208 0.0013682061 0)
(0.99933231 0.0014226281 0)
(0.99935661 0.0014775596 0)
(0.99938516 0.0015325873 0)
(0.99941808 0.0015872604 0)
(0.99945543 0.0016410992 0)
(0.99949719 0.0016936043 0)
(0.9995433 0.0017442688 0)
(0.99959359 0.001792589 0)
(0.99964784 0.0018380765 0)
(0.99929821 0.00098836705 0)
(0.99929642 0.0010278059 0)
(0.99929617 0.0010693054 0)
(0.99929788 0.0011127794 0)
(0.99930192 0.0011581361 0)
(0.99930854 0.0012052551 0)
(0.99931801 0.0012539795 0)
(0.99933059 0.0013041091 0)
(0.99934656 0.0013553967 0)
(0.99936615 0.0014075493 0)
(0.99938957 0.0014602291 0)
(0.99941698 0.0015130575 0)
(0.99944852 0.0015656194 0)
(0.99948426 0.0016174706 0)
(0.99952418 0.0016681463 0)
(0.99956825 0.0017171711 0)
(0.99961632 0.0017640691 0)
(0.99966821 0.0018083752 0)
(0.99933031 0.00099058761 0)
(0.9993292 0.0010285312 0)
(0.99932956 0.0010684011 0)
(0.99933176 0.0011101201 0)
(0.99933615 0.0011536064 0)
(0.99934298 0.0011987519 0)
(0.99935246 0.0012454158 0)
(0.99936487 0.0012934174 0)
(0.99938045 0.0013425332 0)
(0.99939942 0.0013924969 0)
(0.999422 0.0014430009 0)
(0.99944833 0.0014936986 0)
(0.99947856 0.0015442085 0)
(0.99951274 0.0015941202 0)
(0.99955091 0.0016430019 0)
(0.99959301 0.0016904089 0)
(0.99963895 0.0017358931 0)
(0.99968856 0.0017790128 0)
(0.99936198 0.00099219846 0)
(0.99936151 0.0010286929 0)
(0.99936242 0.0010669879 0)
(0.99936508 0.0011070149 0)
(0.99936979 0.0011487005 0)
(0.99937679 0.0011919479 0)
(0.99938629 0.0012366306 0)
(0.99939852 0.0012825857 0)
(0.99941372 0.0013296113 0)
(0.99943211 0.0013774658 0)
(0.99945388 0.0014258694 0)
(0.99947918 0.0014745052 0)
(0.99950815 0.0015230234 0)
(0.99954085 0.0015710455 0)
(0.99957733 0.0016181712 0)
(0.99961755 0.0016639854 0)
(0.99966144 0.0017080675 0)
(0.99970885 0.0017499997 0)
(0.99939321 0.00099320887 0)
(0.99939332 0.0010282994 0)
(0.99939474 0.0010650733 0)
(0.99939781 0.0011034694 0)
(0.99940282 0.0011434221 0)
(0.99940997 0.0011848446 0)
(0.99941946 0.0012276233 0)
(0.99943151 0.0012716116 0)
(0.99944636 0.001316627 0)
(0.99946418 0.001362451 0)
(0.99948518 0.0014088289 0)
(0.99950949 0.001455472 0)
(0.99953726 0.0015020596 0)
(0.99956855 0.0015482434 0)
(0.99960342 0.0015936531 0)
(0.99964184 0.0016379025 0)
(0.99968375 0.0016805976 0)
(0.99972904 0.0017213444 0)
(0.99942394 0.00099362863 0)
(0.99942459 0.0010273598 0)
(0.99942649 0.0010626651 0)
(0.99942993 0.0010994898 0)
(0.9994352 0.0011377755 0)
(0.99944248 0.0011774443 0)
(0.99945196 0.0012183942 0)
(0.99946384 0.0012604934 0)
(0.99947832 0.0013035773 0)
(0.99949561 0.0013474479 0)
(0.99951587 0.0013918743 0)
(0.99953924 0.0014365934 0)
(0.99956586 0.001481312 0)
(0.99959581 0.0015257101 0)
(0.99962913 0.0015694458 0)
(0.99966582 0.0016121608 0)
(0.99970585 0.0016534869 0)
(0.9997491 0.001693054 0)
(0.99945416 0.00099346802 0)
(0.9994553 0.0010258837 0)
(0.99945762 0.0010597716 0)
(0.99946141 0.0010950831 0)
(0.99946691 0.0011317659 0)
(0.9994743 0.0011697502 0)
(0.99948375 0.0012089445 0)
(0.99949545 0.0012492302 0)
(0.99950959 0.0012904591 0)
(0.99952636 0.0013324522 0)
(0.99954591 0.0013750003 0)
(0.99956839 0.0014178638 0)
(0.99959391 0.0014607752 0)
(0.99962257 0.0015034412 0)
(0.99965442 0.0015455466 0)
(0.99968946 0.0015867597 0)
(0.99972767 0.0016267378 0)
(0.99976896 0.0016651337 0)
(0.9994838 0.0009927377 0)
(0.99948539 0.0010238811 0)
(0.9994881 0.0010564018 0)
(0.99949219 0.0010902566 0)
(0.9994979 0.0011253986 0)
(0.99950538 0.0011617656 0)
(0.9995148 0.0011992753 0)
(0.99952632 0.0012378213 0)
(0.99954013 0.0012772701 0)
(0.99955639 0.00131746 0)
(0.99957526 0.0013582016 0)
(0.99959688 0.0013992775 0)
(0.99962136 0.0014404437 0)
(0.9996488 0.0014814316 0)
(0.99967924 0.0015219518 0)
(0.9997127 0.0015616976 0)
(0.99974918 0.0016003508 0)
(0.99978859 0.001637587 0)
(0.99951281 0.00099144863 0)
(0.99951481 0.0010213623 0)
(0.99951788 0.0010525648 0)
(0.99952225 0.0010850179 0)
(0.99952813 0.0011186798 0)
(0.99953569 0.0011534946 0)
(0.99954505 0.0011893887 0)
(0.99955639 0.0012262666 0)
(0.99956987 0.0012640081 0)
(0.99958566 0.0013024675 0)
(0.99960388 0.0013414734 0)
(0.99962468 0.0013808286 0)
(0.99964817 0.0014203112 0)
(0.99967443 0.0014596758 0)
(0.99970353 0.0014986568 0)
(0.99973549 0.0015369716 0)
(0.9997703 0.0015743252 0)
(0.99980791 0.0016104158 0)
(0.99954113 0.00098961153 0)
(0.99954351 0.0010183373 0)
(0.9995469 0.0010482697 0)
(0.99955151 0.0010793748 0)
(0.99955755 0.0011116152 0)
(0.99956516 0.0011449411 0)
(0.99957447 0.0011792865 0)
(0.99958563 0.0012145658 0)
(0.99959879 0.0012506709 0)
(0.99961411 0.0012874706 0)
(0.99963171 0.00132481 0)
(0.99965173 0.0013625108 0)
(0.99967427 0.001400371 0)
(0.99969942 0.001438167 0)
(0.99972724 0.0014756556 0)
(0.99975776 0.001512577 0)
(0.99979098 0.0015486586 0)
(0.99982687 0.0015836198 0)
(0.9995687 0.00098723806 0)
(0.99957142 0.0010148171 0)
(0.99957509 0.0010435263 0)
(0.99957993 0.0010733355 0)
(0.9995861 0.0011042115 0)
(0.99959375 0.0011361098 0)
(0.99960299 0.0011689714 0)
(0.99961396 0.0012027196 0)
(0.99962682 0.0012372572 0)
(0.99964168 0.0012724663 0)
(0.99965869 0.0013082071 0)
(0.99967797 0.0013443184 0)
(0.9996996 0.0013806169 0)
(0.99972369 0.0014168991 0)
(0.99975029 0.0014529428 0)
(0.99977945 0.0014885095 0)
(0.99981116 0.0015233479 0)
(0.9998454 0.0015571982 0)
(0.99959546 0.00098433554 0)
(0.99959848 0.0010108089 0)
(0.99960241 0.0010383409 0)
(0.99960744 0.001066905 0)
(0.99961373 0.0010964717 0)
(0.9996214 0.0011270015 0)
(0.99963056 0.0011584418 0)
(0.99964135 0.0011907239 0)
(0.9996539 0.0012237607 0)
(0.99966834 0.0012574461 0)
(0.99968478 0.0012916543 0)
(0.99970334 0.0013262397 0)
(0.99972411 0.0013610362 0)
(0.99974719 0.0013958591 0)
(0.99977264 0.0014305055 0)
(0.99980049 0.0014647571 0)
(0.99983076 0.001498383 0)
(0.99999865 2.5423964e-05 0)
(0.99992105 8.6235781e-05 0)
(0.99978571 0.00016229858 0)
(0.99963657 0.00025371868 0)
(0.99949022 0.0003632484 0)
(0.99936367 0.00048669639 0)
(0.99926756 0.00061328113 0)
(0.99920313 0.00073084308 0)
(0.99916441 0.0008306875 0)
(0.9991431 0.00091017005 0)
(0.99999854 2.6627476e-05 0)
(0.99992166 9.0122451e-05 0)
(0.99978804 0.00016928735 0)
(0.99964191 0.00026383735 0)
(0.99950009 0.0003760515 0)
(0.99937919 0.00050094602 0)
(0.99928893 0.00062727033 0)
(0.99922952 0.0007430795 0)
(0.99919445 0.00084048147 0)
(0.99917552 0.00091752441 0)
(0.99999843 2.7863216e-05 9.0333519e-21)
(0.99992232 9.4090737e-05 0)
(0.99979053 0.00017638026 0)
(0.99964755 0.00027401369 0)
(0.99951038 0.00038876025 0)
(0.99939516 0.00051486423 0)
(0.99931063 0.00064069292 0)
(0.99925604 0.00075461643 0)
(0.99922443 0.00084954905 0)
(0.99920773 0.00092418518 0)
(0.99999831 2.9131322e-05 0)
(0.99992302 9.813881e-05 0)
(0.99979317 0.00018356978 0)
(0.99965348 0.0002842302 0)
(0.99952109 0.00040134685 0)
(0.99941155 0.00052842177 0)
(0.99933263 0.00065353123 0)
(0.99928265 0.00076545015 0)
(0.9992543 0.00085789466 0)
(0.9992397 0.00093015899 0)
(0.99999818 3.0431839e-05 9.3823589e-21)
(0.99992377 0.00010226446 0)
(0.99979597 0.00019084755 0)
(0.99965971 0.00029446825 0)
(0.99953219 0.00041378306 0)
(0.99942834 0.00054159035 0)
(0.99935489 0.00066576923 0)
(0.99930932 0.0007755781 0)
(0.99928405 0.00086552332 0)
(0.9992714 0.00093545298 0)
(0.99999804 3.1764722e-05 0)
(0.99992457 0.00010646506 0)
(0.99979893 0.00019820432 0)
(0.99966623 0.00030470822 0)
(0.99954368 0.0004260404 0)
(0.9994455 0.00055434283 0)
(0.99937738 0.00067739253 0)
(0.99933601 0.00078499888 0)
(0.99931363 0.00087244071 0)
(0.99930281 0.00094007484 0)
(0.9999979 3.3129819e-05 -9.6678508e-21)
(0.99992541 0.00011073757 0)
(0.99980206 0.00020563001 0)
(0.99967305 0.0003149295 0)
(0.99955555 0.00043809028 0)
(0.99946299 0.00056665337 0)
(0.99940004 0.0006883884 0)
(0.99936267 0.0007937122 0)
(0.99934301 0.00087865314 0)
(0.9993339 0.00094403279 0)
(0.99999774 3.4526872e-05 0)
(0.99992631 0.00011507854 0)
(0.99980535 0.00021311371 0)
(0.99968015 0.00032511062 0)
(0.99956777 0.00044990423 0)
(0.99948078 0.00057849752 0)
(0.99942283 0.00069874579 0)
(0.99938927 0.00080171895 0)
(0.99937216 0.00088416763 0)
(0.99936464 0.00094733558 0)
(0.99999757 3.5955517e-05 0)
(0.99992727 0.00011948404 0)
(0.99980881 0.00022064369 0)
(0.99968754 0.00033522934 0)
(0.99958032 0.00046145405 0)
(0.99949883 0.00058985239 0)
(0.99944571 0.00070845532 0)
(0.99941575 0.00080902112 0)
(0.99940104 0.00088899185 0)
(0.999395 0.00094999255 0)
(0.99999739 3.7415296e-05 -4.9616626e-21)
(0.99992827 0.0001239498 0)
(0.99981243 0.00022820749 0)
(0.99969519 0.00034526282 0)
(0.99959317 0.00047271207 0)
(0.99951709 0.0006006968 0)
(0.99946863 0.00071750929 0)
(0.99944209 0.00081562182 0)
(0.99942961 0.00089313419 0)
(0.99942494 0.00095201354 0)
(0.9999972 3.890571e-05 0)
(0.99992932 0.00012847119 0)
(0.9998162 0.00023579206 0)
(0.99970308 0.00035518779 0)
(0.99960628 0.00048365133 0)
(0.99953552 0.0006110113 0)
(0.99949153 0.00072590172 0)
(0.9994682 0.00082152524 0)
(0.99945781 0.00089660369 0)
(0.99945441 0.00095340893 0)
(0.99999699 4.0426294e-05 0)
(0.9999304 0.00013304343 0)
(0.9998201 0.00024338389 0)
(0.99971118 0.00036498075 0)
(0.9996196 0.00049424576 0)
(0.99955405 0.00062077831 0)
(0.99951434 0.00073362819 0)
(0.99949405 0.00082673655 0)
(0.9994856 0.00089940997 0)
(0.99948337 0.00095418952 0)
(0.99999676 4.197669e-05 9.8808176e-21)
(0.99993149 0.00013766159 0)
(0.9998241 0.00025096906 0)
(0.99971945 0.00037461801 0)
(0.99963308 0.00050447036 0)
(0.9995726 0.00062998205 0)
(0.99953698 0.00074068575 0)
(0.99951955 0.00083126174 0)
(0.99951291 0.00090156303 0)
(0.99951176 0.00095436636 0)
(0.99999648 4.3557058e-05 0)
(0.99993255 0.0001423207 0)
(0.99982814 0.00025853323 0)
(0.99972782 0.00038407547 0)
(0.99964663 0.00051430105 0)
(0.99959109 0.00063860864 0)
(0.99955938 0.00074707302 0)
(0.99954463 0.00083510766 0)
(0.99953966 0.00090307326 0)
(0.99953952 0.00095395056 0)
(0.99999612 4.5171019e-05 0)
(0.9999335 0.00014701745 0)
(0.99983214 0.00026606318 0)
(0.99973621 0.00039332902 0)
(0.99966017 0.00052371394 0)
(0.99960943 0.00064664472 0)
(0.99958145 0.00075278885 0)
(0.99956921 0.00083828124 0)
(0.9995658 0.00090395138 0)
(0.99956657 0.00095295393 0)
(0.99999558 4.6832317e-05 -9.4950429e-21)
(0.99993422 0.00015175451 0)
(0.99983603 0.00027354918 0)
(0.99974455 0.00040235634 0)
(0.99967361 0.00053268261 0)
(0.99962754 0.00065407139 0)
(0.9996031 0.00075782508 0)
(0.99959321 0.00084078209 0)
(0.99959124 0.00090420139 0)
(0.99959285 0.0009513828 0)
(0.99999469 4.8631703e-05 0)
(0.99993462 0.00015672827 0)
(0.99983987 0.00028127417 0)
(0.99975309 0.00041149275 0)
(0.99968743 0.00054152824 0)
(0.99964606 0.00066114995 0)
(0.99962512 0.0007623581 0)
(0.99961753 0.00084269363 0)
(0.99961694 0.00090382004 0)
(0.99961936 0.0009491612 0)
(0.99962242 0.0009807742 0)
(0.99962573 0.001006138 0)
(0.9996299 0.0010324909 0)
(0.9996351 0.00105981 0)
(0.99964148 0.0010880693 0)
(0.99964917 0.0011172339 0)
(0.99965824 0.0011472574 0)
(0.99966884 0.0011780785 0)
(0.99968108 0.0012096196 0)
)
;

boundaryField
{
    inlet
    {
        type            fixedValue;
        value           uniform (1 0 0);
    }
    top
    {
        type            zeroGradient;
    }
    outlet
    {
        type            zeroGradient;
    }
    slipsurface
    {
        type            slip;
    }
    bottom
    {
        type            fixedValue;
        value           nonuniform List<vector> 0();
    }
    frontandback
    {
        type            empty;
    }
    procBoundary2to0
    {
        type            processor;
        value           nonuniform List<vector> 
17
(
(0.99963527 0.0020056454 0)
(0.99965267 0.0019739072 0)
(0.99967023 0.0019424181 0)
(0.99968794 0.0019111989 0)
(0.99970575 0.0018802686 0)
(0.99972365 0.0018496446 0)
(0.99974161 0.0018193424 0)
(0.99975958 0.0017893761 0)
(0.99977753 0.0017597576 0)
(0.99979542 0.0017304973 0)
(0.9998132 0.0017016035 0)
(0.99983083 0.0016730829 0)
(0.99984823 0.0016449401 0)
(0.99986535 0.0016171774 0)
(0.99988211 0.0015897966 0)
(0.99986344 0.001531143 0)
(0.99986344 0.001531143 0)
)
;
    }
    procBoundary2to3
    {
        type            processor;
        value           nonuniform List<vector> 
28
(
(0.99969508 0.0012417861 0)
(0.99971096 0.0012744652 0)
(0.99972881 0.0013075261 0)
(0.99974874 0.0013408196 0)
(0.99977082 0.0013741785 0)
(0.99979512 0.0014074191 0)
(0.99982168 0.0014403428 0)
(0.99985052 0.0014727383 0)
(0.99999331 5.0784992e-05 0)
(0.99993464 0.00016243992 0)
(0.99984397 0.00028994385 0)
(0.99976265 0.00042154962 0)
(0.99970295 0.00055098525 0)
(0.99966676 0.00066841455 0)
(0.99964959 0.00076667223 0)
(0.99964443 0.00084405118 0)
(0.9996453 0.00090262427 0)
(0.99964855 0.00094592948 0)
(0.99965206 0.00097606598 0)
(0.99965567 0.0010002111 0)
(0.99966007 0.0010252725 0)
(0.99966544 0.0010512309 0)
(0.99967191 0.0010780639 0)
(0.99967959 0.0011057413 0)
(0.99968856 0.0011342225 0)
(0.99969894 0.001163454 0)
(0.99969508 0.0012417861 0)
(0.99971084 0.0011933679 0)
)
;
    }
    procBoundary2to6
    {
        type            processor;
        value           nonuniform List<vector> 
28
(
(0.99909809 0.00096179283 0)
(0.99909097 0.0010112217 0)
(0.99908601 0.0010637342 0)
(0.99908383 0.0011191585 0)
(0.99908503 0.0011773134 0)
(0.99909 0.0012379659 0)
(0.99909914 0.0013008229 0)
(0.99911284 0.0013655205 0)
(0.99913149 0.0014316214 0)
(0.99915538 0.0014986184 0)
(0.99918478 0.0015659412 0)
(0.99921985 0.001632966 0)
(0.99926068 0.001699029 0)
(0.99930723 0.001763444 0)
(0.99935939 0.0018255213 0)
(0.99941692 0.0018845883 0)
(0.9994795 0.0019400072 0)
(0.99954671 0.0019911905 0)
(0.99999875 2.4252476e-05 -4.2161696e-21)
(0.99992049 8.2432186e-05 0)
(0.99978352 0.00015542066 0)
(0.99963151 0.00024367408 0)
(0.99948078 0.00035037823 0)
(0.99934862 0.00047214548 0)
(0.99924656 0.0005987446 0)
(0.99917692 0.00071791208 0)
(0.99913433 0.0008201633 0)
(0.99911048 0.00090211595 0)
)
;
    }
}


// ************************************************************************* //
