/*--------------------------------*- C++ -*----------------------------------*\
  =========                 |
  \\      /  F ield         | OpenFOAM: The Open Source CFD Toolbox
   \\    /   O peration     | Website:  https://openfoam.org
    \\  /    A nd           | Version:  12
     \\/     M anipulation  |
\*---------------------------------------------------------------------------*/
FoamFile
{
    format      ascii;
    class       surfaceScalarField;
    location    "1800";
    object      phi;
}
// * * * * * * * * * * * * * * * * * * * * * * * * * * * * * * * * * * * * * //

dimensions      [0 3 -1 0 0 0 0];

internalField   nonuniform List<scalar> 
891
(
0.00061595148
8.7869143e-06
0.0006073764
8.5750803e-06
0.00059910194
8.274457e-06
0.00059117503
7.9269069e-06
0.00058364456
7.5304739e-06
0.00057655273
7.0918259e-06
0.0005699325
6.6202371e-06
0.00056382005
6.1124479e-06
0.00055823878
5.5812636e-06
0.00055318131
5.0574705e-06
0.00054863352
4.5477889e-06
0.00054457243
4.0610911e-06
0.00054096411
3.6083227e-06
0.00053776817
3.1959439e-06
0.00053494884
2.8193269e-06
0.00053247705
2.4717922e-06
0.00053030943
2.1676128e-06
0.00052839668
1.9127507e-06
0.00052669151
1.705178e-06
0.00052514601
1.545495e-06
0.00052371985
1.4261629e-06
0.00052239268
1.3271657e-06
0.00052113875
1.2539301e-06
0.00051992435
1.2144064e-06
0.00051872652
1.1978298e-06
0.00051752737
1.1991419e-06
0.0005163142
1.2131698e-06
1.2316852e-06
0.00077487919
1.4166994e-05
0.00076929072
1.4163556e-05
0.00076349115
1.4074021e-05
0.00075754514
1.3872916e-05
0.00075148996
1.3585659e-05
0.00074535527
1.3226516e-05
0.00073917148
1.2804029e-05
0.00073297744
1.2306485e-05
0.00072680867
1.1750031e-05
0.0007206917
1.117444e-05
0.00071466041
1.057908e-05
0.00070875028
9.9712283e-06
0.00070299456
9.3640345e-06
0.00069742426
8.7662446e-06
0.00069207491
8.1686832e-06
0.00068695074
7.595959e-06
0.00068202858
7.0897749e-06
0.00067730894
6.6323849e-06
0.00067279912
6.2149995e-06
0.0006685031
5.8415127e-06
0.00066441663
5.5126366e-06
0.00066053473
5.20907e-06
0.00065684334
4.945313e-06
0.00065332091
4.7368396e-06
0.00064995086
4.5678825e-06
0.00064671753
4.4324723e-06
0.00064360882
4.3218764e-06
4.2229822e-06
0.0008477457
1.5658408e-05
0.00084600195
1.59073e-05
0.0008439516
1.6124378e-05
0.00084156063
1.6263885e-05
0.00083880825
1.633804e-05
0.00083567532
1.6359443e-05
0.00083215273
1.632662e-05
0.00082820177
1.6257439e-05
0.00082380536
1.6146441e-05
0.00081901737
1.5962435e-05
0.00081388997
1.5706474e-05
0.000808468
1.5393198e-05
0.00080280079
1.5031245e-05
0.00079694536
1.4621677e-05
0.00079096954
1.4144502e-05
0.00078495068
1.361482e-05
0.00077895266
1.3087794e-05
0.00077302645
1.2558597e-05
0.00076721805
1.2023401e-05
0.00076157024
1.1489323e-05
0.00075608211
1.1000763e-05
0.00075074314
1.0548044e-05
0.00074557
1.0118447e-05
0.00074057424
9.7326045e-06
0.00073576904
9.3730819e-06
0.00073116097
9.0405422e-06
0.0007267442
8.7386483e-06
8.4589006e-06
0.00088406406
1.5708769e-05
0.00088396681
1.6004543e-05
0.00088380949
1.6281704e-05
0.00088356867
1.6504706e-05
0.00088322462
1.6682084e-05
0.0008827545
1.6829563e-05
0.00088213045
1.6950673e-05
0.00088131461
1.7073275e-05
0.00088025495
1.7206103e-05
0.00087890148
1.7315904e-05
0.00087721309
1.7394865e-05
0.00087514989
1.74564e-05
0.0008726708
1.7510341e-05
0.00086974246
1.7550016e-05
0.00086629919
1.7587767e-05
0.00086229612
1.7617887e-05
0.00085778095
1.7602965e-05
0.00085282198
1.7517571e-05
0.0008474822
1.7363183e-05
0.00084183693
1.7134591e-05
0.00083598639
1.6851306e-05
0.00083003999
1.6494441e-05
0.00082407498
1.6083459e-05
0.00081815031
1.565727e-05
0.000812326
1.5197393e-05
0.00080662616
1.4740383e-05
0.0008010404
1.4324409e-05
1.3914961e-05
0.00091403858
1.561277e-05
0.00091413809
1.5905027e-05
0.00091423324
1.618656e-05
0.00091431289
1.6425055e-05
0.00091437449
1.662048e-05
0.00091441618
1.6787873e-05
0.00091443425
1.6932601e-05
0.00091442936
1.7078173e-05
0.00091439617
1.7239285e-05
0.00091432046
1.7391619e-05
0.00091418797
1.7527359e-05
0.00091398113
1.7663235e-05
0.00091367669
1.7814785e-05
0.00091324412
1.7982585e-05
0.00091263916
1.8192729e-05
0.00091179895
1.8458097e-05
0.00091065422
1.8747689e-05
0.0009091388
1.9032994e-05
0.00090718792
1.9314062e-05
0.00090473346
1.9589053e-05
0.00090174773
1.9837037e-05
0.0008981579
2.0084268e-05
0.00089393667
2.0304687e-05
0.00088918492
2.0409017e-05
0.00088398582
2.0396495e-05
0.00087844106
2.0285147e-05
0.00087267148
2.0093991e-05
1.9800282e-05
0.00094455268
1.5511973e-05
0.00094465127
1.5806433e-05
0.00094474877
1.6089067e-05
0.0009448402
1.6333617e-05
0.00094492344
1.6537244e-05
0.00094499817
1.6713144e-05
0.00094506313
1.6867645e-05
0.0009451202
1.7021099e-05
0.00094517537
1.7184111e-05
0.00094522804
1.7338952e-05
0.00094527015
1.7485247e-05
0.00094529857
1.7634815e-05
0.00094531456
1.7798801e-05
0.00094531605
1.7981089e-05
0.00094530322
1.8205557e-05
0.00094527231
1.8489009e-05
0.00094521044
1.8809557e-05
0.00094509926
1.914418e-05
0.00094491502
1.9498299e-05
0.0009446237
1.9880376e-05
0.00094417865
2.0282084e-05
0.0009435122
2.0750717e-05
0.00094253436
2.1282527e-05
0.00094115525
2.178813e-05
0.00093929071
2.2261026e-05
0.00093688046
2.26954e-05
0.00093388491
2.308954e-05
2.3455682e-05
0.00097608228
1.5409198e-05
0.00097618214
1.5706574e-05
0.0009762803
1.5990908e-05
0.00097637298
1.6240931e-05
0.00097645822
1.6452008e-05
0.00097653578
1.6635582e-05
0.00097660442
1.6799004e-05
0.00097666642
1.6959106e-05
0.00097672434
1.7126187e-05
0.00097677636
1.7286928e-05
0.00097682173
1.7439879e-05
0.00097686064
1.759591e-05
0.00097689355
1.7765886e-05
0.00097692014
1.7954502e-05
0.00097694288
1.8182815e-05
0.00097696709
1.8464803e-05
0.00097699337
1.8783278e-05
0.00097701655
1.9120994e-05
0.00097703423
1.9480617e-05
0.0009770449
1.9869713e-05
0.00097704335
2.0283629e-05
0.00097702948
2.0764588e-05
0.0009769939
2.1318112e-05
0.00097690984
2.1872189e-05
0.00097674754
2.2423329e-05
0.00097646365
2.2979286e-05
0.0009759963
2.3556894e-05
2.4195264e-05
0.0010086687
1.5303594e-05
0.001008771
1.5604258e-05
0.0010088711
1.5890821e-05
0.0010089659
1.6146146e-05
0.0010090532
1.6364683e-05
0.0010091328
1.6556069e-05
0.0010092035
1.6728259e-05
0.0010092672
1.6895391e-05
0.0010093262
1.7067163e-05
0.0010093793
1.7233838e-05
0.0010094258
1.7393373e-05
0.0010094662
1.7555564e-05
0.001009501
1.77311e-05
0.0010095299
1.7925565e-05
0.0010095556
1.8157088e-05
0.0010095816
1.8438877e-05
0.0010096077
1.87571e-05
0.001009633
1.9095769e-05
0.0010096571
1.9456487e-05
0.0010096802
1.9846605e-05
0.0010097004
2.0263414e-05
0.0010097224
2.0742571e-05
0.0010097507
2.1289878e-05
0.0010097821
2.1840765e-05
0.0010098122
2.2393268e-05
0.0010098325
2.2958988e-05
0.001009839
2.3550316e-05
2.420603e-05
0.0010423424
1.5194783e-05
0.0010424477
1.5499017e-05
0.0010425502
1.5788273e-05
0.0010426476
1.6048796e-05
0.0010427375
1.6274739e-05
0.0010428196
1.6474014e-05
0.001042893
1.6654791e-05
0.0010429593
1.6829151e-05
0.0010430204
1.7006062e-05
0.0010430755
1.7178716e-05
0.0010431239
1.7344933e-05
0.0010431661
1.7513449e-05
0.0010432025
1.7694705e-05
0.001043233
1.7894983e-05
0.0010432601
1.8130003e-05
0.0010432869
1.8412072e-05
0.0010433138
1.873024e-05
0.0010433397
1.9069842e-05
0.0010433647
1.9431495e-05
0.001043389
1.9822311e-05
0.001043411
2.0241371e-05
0.0010434353
2.0718351e-05
0.0010434654
2.1259726e-05
0.0010434967
2.1809501e-05
0.0010435283
2.2361661e-05
0.0010435591
2.292814e-05
0.0010435887
2.3520759e-05
2.4173479e-05
0.001077141
1.5082862e-05
0.0010772491
1.5390931e-05
0.001077354
1.5683316e-05
0.0010774538
1.5949007e-05
0.0010775463
1.6182271e-05
0.0010776308
1.6389463e-05
0.001077707
1.6578657e-05
0.0010777758
1.6760355e-05
0.0010778391
1.6942762e-05
0.0010778963
1.7121438e-05
0.0010779469
1.7294381e-05
0.001077991
1.7469334e-05
0.0010780293
1.7656414e-05
0.0010780619
1.7862417e-05
0.0010780908
1.810109e-05
0.0010781191
1.8383797e-05
0.0010781472
1.8702064e-05
0.0010781744
1.9042635e-05
0.0010782006
1.9405331e-05
0.001078226
1.9796936e-05
0.0010782493
2.0218001e-05
0.0010782745
2.0693192e-05
0.001078305
2.1229227e-05
0.0010783367
2.1777758e-05
0.0010783688
2.2329568e-05
0.0010784007
2.2896285e-05
0.0010784319
2.3489531e-05
2.4138659e-05
0.0011131009
1.4967877e-05
0.0011132118
1.5279976e-05
0.0011133193
1.5575855e-05
0.0011134216
1.5846711e-05
0.0011135167
1.6087189e-05
0.0011136039
1.6302297e-05
0.0011136827
1.6499774e-05
0.0011137542
1.6688897e-05
0.0011138198
1.6877128e-05
0.0011138794
1.7061911e-05
0.0011139321
1.7241625e-05
0.0011139783
1.7423127e-05
0.0011140186
1.7616131e-05
0.0011140532
1.7827792e-05
0.0011140841
1.8070247e-05
0.0011141139
1.835392e-05
0.0011141436
1.8672447e-05
0.0011141722
1.9014015e-05
0.0011141997
1.9377834e-05
0.0011142263
1.9770282e-05
0.0011142513
2.0193083e-05
0.0011142777
2.0666722e-05
0.0011143091
2.1197819e-05
0.001114342
2.1744868e-05
0.0011143752
2.229639e-05
0.0011144082
2.2863298e-05
0.0011144407
2.3457054e-05
2.4102995e-05
0.0011502615
1.4849786e-05
0.0011503754
1.5166087e-05
0.0011504854
1.5465791e-05
0.0011505903
1.5741853e-05
0.001150688
1.5989448e-05
0.0011507779
1.6212459e-05
0.0011508595
1.6418125e-05
0.0011509337
1.6614741e-05
0.0011510017
1.6809093e-05
0.0011510635
1.7000089e-05
0.0011511186
1.7186617e-05
0.0011511669
1.7374762e-05
0.0011512093
1.7573785e-05
0.001151246
1.779106e-05
0.0011512788
1.8037412e-05
0.0011513104
1.8322365e-05
0.0011513415
1.8641329e-05
0.0011513716
1.8983934e-05
0.0011514005
1.9348946e-05
0.0011514285
1.9742288e-05
0.001151455
2.0166586e-05
0.0011514828
2.063886e-05
0.0011515153
2.116539e-05
0.0011515494
2.1710749e-05
0.0011515838
2.2261992e-05
0.0011516181
2.2829017e-05
0.001151652
2.34231e-05
2.406608e-05
0.0011886628
1.472862e-05
0.0011887796
1.504927e-05
0.0011888923
1.535308e-05
0.0011889997
1.5634408e-05
0.0011891002
1.5889023e-05
0.0011891927
1.6119898e-05
0.0011892772
1.6333674e-05
0.0011893541
1.6537832e-05
0.0011894246
1.6738559e-05
0.0011894888
1.6935889e-05
0.0011895462
1.7129267e-05
0.0011895968
1.7324139e-05
0.0011896413
1.752927e-05
0.0011896802
1.7752137e-05
0.0011897151
1.8002495e-05
0.0011897485
1.8289027e-05
0.0011897812
1.8608619e-05
0.0011898128
1.8952314e-05
0.0011898432
1.9318584e-05
0.0011898726
1.9712869e-05
0.0011899007
2.0138467e-05
0.00118993
2.0609535e-05
0.0011899636
2.1131864e-05
0.0011899989
2.1675375e-05
0.0011900346
2.2226323e-05
0.0011900702
2.2793401e-05
0.0011901057
2.3387635e-05
2.4027841e-05
0.0012283461
1.460439e-05
0.0012284659
1.4929504e-05
0.0012285813
1.5237659e-05
0.0012286914
1.5524321e-05
0.0012287946
1.5785863e-05
0.0012288899
1.602455e-05
0.0012289772
1.6246369e-05
0.001229057
1.645811e-05
0.0012291301
1.6665436e-05
0.0012291967
1.6869228e-05
0.0012292565
1.7069497e-05
0.0012293095
1.7271169e-05
0.0012293563
1.7482495e-05
0.0012293974
1.771095e-05
0.0012294345
1.7965418e-05
0.0012294697
1.8253813e-05
0.0012295041
1.8574235e-05
0.0012295373
1.8919082e-05
0.0012295693
1.928667e-05
0.0012296002
1.9681948e-05
0.00122963
2.0108681e-05
0.0012296608
2.0578683e-05
0.0012296955
2.1097161e-05
0.0012297322
2.163871e-05
0.0012297692
2.2189322e-05
0.0012298062
2.2756398e-05
0.0012298432
2.3350623e-05
2.3988221e-05
0.0012693545
0.0012694772
1.4806783e-05
0.0012695954
1.511948e-05
0.0012697082
1.5411549e-05
0.0012698141
1.5679937e-05
0.0012699123
1.5926369e-05
0.0012700025
1.6156173e-05
0.0012700851
1.6375527e-05
0.0012701608
1.6589642e-05
0.00127023
1.6800029e-05
0.0012702923
1.7007229e-05
0.0012703477
1.7215764e-05
0.0012703968
1.7433365e-05
0.0012704404
1.7667421e-05
0.0012704797
1.7926097e-05
0.0012705169
1.821662e-05
0.001270553
1.8538083e-05
0.001270588
1.8884155e-05
0.0012706215
1.9253118e-05
0.001270654
1.9649439e-05
0.0012706855
2.0077175e-05
0.001270718
2.054623e-05
0.001270754
2.1061193e-05
0.001270792
2.1600705e-05
0.0012708304
2.2150927e-05
0.0012708688
2.2717948e-05
0.0012709074
2.331202e-05
2.3947154e-05
0.0013118578
1.4681106e-05
0.0013119787
1.4998506e-05
0.0013120942
1.5296051e-05
0.001312203
1.557121e-05
0.001312304
1.5825309e-05
0.0013123972
1.6063041e-05
0.0013124827
1.629003e-05
0.0013125612
1.6511095e-05
0.001312633
1.6728205e-05
0.0013126979
1.694238e-05
0.0013127558
1.7157832e-05
0.0013128074
1.7381783e-05
0.0013128534
1.7621463e-05
0.001312895
1.7884444e-05
0.0013129343
1.8177349e-05
0.0013129723
1.8500068e-05
0.001313009
1.884745e-05
0.0013130443
1.9217843e-05
0.0013130785
1.9615255e-05
0.0013131117
2.0043893e-05
0.0013131459
2.0512107e-05
0.0013131832
0.0013132226
0.0013132624
0.0013133024
0.0013133426
0.0013556533
0.0013557771
0.0013558954
0.0013560069
0.0013561109
0.001356207
0.0013562955
0.0013563769
0.0013564514
0.0013565189
0.0013565794
0.0013566336
0.001356682
0.0013567261
0.0013567676
0.0013568075
0.0013568461
0.0013568832
0.0013569192
0.0013569543
)
;

boundaryField
{
    inlet
    {
        type            calculated;
        value           nonuniform List<scalar> 0();
    }
    top
    {
        type            calculated;
        value           nonuniform List<scalar> 0();
    }
    outlet
    {
        type            calculated;
        value           nonuniform List<scalar> 0();
    }
    slipsurface
    {
        type            calculated;
        value           nonuniform List<scalar> 0();
    }
    bottom
    {
        type            calculated;
        value           uniform 0;
    }
    frontandback
    {
        type            empty;
    }
    procBoundary5to4
    {
        type            processor;
        value           nonuniform List<scalar> 
28
(
2.1023871e-05
2.156131e-05
2.2111073e-05
2.2677989e-05
2.3271781e-05
2.3904578e-05
1.4552481e-05
1.487471e-05
1.5177788e-05
1.5459648e-05
1.5721328e-05
1.5966933e-05
1.6201569e-05
1.642972e-05
1.6653674e-05
1.687487e-05
1.7097283e-05
1.7327653e-05
1.7572993e-05
1.7840375e-05
1.8135897e-05
1.8460089e-05
1.8808877e-05
1.9180756e-05
1.9579307e-05
2.0008771e-05
0.0013569901
2.047624e-05
)
;
    }
    procBoundary5to7
    {
        type            processor;
        value           nonuniform List<scalar> 
18
(
-0.00062473839
-0.00078025927
-0.00084923711
-0.00088411442
-0.00091394258
-0.00094445188
-0.00097597951
-0.0010085631
-0.0010422336
-0.0010770291
-0.0011129859
-0.0011501434
-0.0011885416
-0.0012282219
-0.0012692272
1.447711e-05
-0.0013117321
-0.0013555247
)
;
    }
    procBoundary5to15
    {
        type            processor;
        value           nonuniform List<scalar> 
16
(
0.00051508252
0.00064061752
0.00072250828
0.00079558434
0.00086678616
0.00093022951
0.00097525671
0.0010098283
0.0010436212
0.0010784667
0.0011144763
0.0011516889
0.0011901439
0.0012298828
0.0012709485
0.0013133852
)
;
    }
}


// ************************************************************************* //
