/*--------------------------------*- C++ -*----------------------------------*\
  =========                 |
  \\      /  F ield         | OpenFOAM: The Open Source CFD Toolbox
   \\    /   O peration     | Website:  https://openfoam.org
    \\  /    A nd           | Version:  12
     \\/     M anipulation  |
\*---------------------------------------------------------------------------*/
FoamFile
{
    format      ascii;
    class       volVectorField;
    location    "900";
    object      U;
}
// * * * * * * * * * * * * * * * * * * * * * * * * * * * * * * * * * * * * * //

dimensions      [0 1 -1 0 0 0 0];

internalField   nonuniform List<vector> 
187
(
(1.9906961827 -2.79552514068e-07 -1.61261410122e-13)
(1.96684625724 -6.91545758776e-07 -4.29662855393e-13)
(1.91978184615 -9.87221512244e-07 -6.39408681087e-13)
(1.85611872467 -1.19195641059e-06 -8.23585029433e-13)
(1.78025506223 -1.29778289123e-06 -9.34117632102e-13)
(1.6956796576 -1.32118161283e-06 -9.85541056629e-13)
(1.6052089042 -1.28323246393e-06 -9.92052380456e-13)
(1.51111705544 -1.20359868078e-06 -9.66374761745e-13)
(1.41523196155 -1.09869555103e-06 -9.19096844378e-13)
(1.31901171051 -9.81268595726e-07 -8.58526798042e-13)
(1.22360779212 -8.60607289944e-07 -7.90857014961e-13)
(1.12991773819 -7.43074112073e-07 -7.20518371955e-13)
(1.03862918919 -6.32724174305e-07 -6.5052710788e-13)
(0.950256842406 -5.31886870016e-07 -5.82842005454e-13)
(0.865173438727 -4.41653639609e-07 -5.1864222714e-13)
(1.9907037031 -2.15989228497e-07 -1.32005941401e-13)
(1.96685322014 -5.3430523996e-07 -3.51840029726e-13)
(1.91978778278 -7.6275090069e-07 -5.2354170214e-13)
(1.85612342383 -9.20933130635e-07 -6.83033590266e-13)
(1.78025849125 -1.00269639107e-06 -7.79246942216e-13)
(1.6956819011 -1.02077417493e-06 -8.24694555111e-13)
(1.60521011206 -9.91453336943e-07 -8.31614561126e-13)
(1.51111740421 -9.29926129582e-07 -8.10935899294e-13)
(1.41523162896 -8.48875365824e-07 -7.71731372302e-13)
(1.31901086072 -7.58148495053e-07 -7.21109899187e-13)
(1.22360656856 -6.64922738648e-07 -6.64370345073e-13)
(1.1299162614 -5.74113780982e-07 -6.05314024882e-13)
(1.03862755751 -4.88854512102e-07 -5.46561572365e-13)
(0.950255134152 -4.10945276969e-07 -4.89896637088e-13)
(0.865171714983 -3.41233633802e-07 -4.34973351975e-13)
(1.99070951355 -1.66878948094e-07 -1.13196430094e-13)
(1.96685859986 -4.12818472912e-07 -3.03416394308e-13)
(1.91979236958 -5.89322268022e-07 -4.59769641195e-13)
(1.85612705452 -7.11538949985e-07 -5.79600176668e-13)
(1.7802611406 -7.74712286079e-07 -6.55620885253e-13)
(1.69568363448 -7.88680386223e-07 -6.92291124181e-13)
(1.60521104529 -7.66026876699e-07 -6.97700167267e-13)
(1.51111767368 -7.18489702916e-07 -6.80224838765e-13)
(1.41523137199 -6.55867970392e-07 -6.47199650506e-13)
(1.31901020414 -5.85770098732e-07 -6.04504474941e-13)
(1.2236056232 -5.13741432856e-07 -5.56570930418e-13)
(1.12991512039 -4.43580076328e-07 -5.0659056568e-13)
(1.03862629682 -3.77706768631e-07 -4.56741628204e-13)
(0.950253814309 -3.17511993883e-07 -4.08398814791e-13)
(0.865170383173 -2.63646575735e-07 -3.62202140456e-13)
(1.99071400286 -1.2893536049e-07 -9.38262000913e-14)
(1.96686275638 -3.18955013032e-07 -2.50184323246e-13)
(1.91979591346 -4.55326287224e-07 -3.69840993864e-13)
(1.85612985969 -5.49753619417e-07 -4.82890984289e-13)
(1.78026318757 -5.98562482527e-07 -5.49506121e-13)
(1.69568497375 -6.09354191757e-07 -5.80741682559e-13)
(1.60521176633 -5.91851200207e-07 -5.85211190962e-13)
(1.51111788188 -5.55122548337e-07 -5.70379974397e-13)
(1.41523117346 -5.06739264886e-07 -5.42501962109e-13)
(1.31900969686 -4.52579794654e-07 -5.06538640811e-13)
(1.2236048928 -3.96928577843e-07 -4.662244114e-13)
(1.12991423882 -3.4272003859e-07 -4.24249375017e-13)
(1.03862532279 -2.91824358539e-07 -3.82455232367e-13)
(0.950252794569 -2.45316330828e-07 -3.42039619905e-13)
(0.865169354185 -2.03701575051e-07 -3.05341733938e-13)
(1.99071747143 -9.96190480896e-08 -7.53588520649e-14)
(1.96686596782 -2.46433697236e-07 -2.00661063388e-13)
(1.91979865157 -3.51798488908e-07 -2.95243460894e-13)
(1.85613202705 -4.2475650319e-07 -3.96973240627e-13)
(1.78026476911 -4.62468413344e-07 -4.568528414e-13)
(1.6956860085 -4.70807063254e-07 -4.84993701605e-13)
(1.60521232343 -4.57284261495e-07 -4.89606676998e-13)
(1.51111804274 -4.28907036728e-07 -4.77521350302e-13)
(1.41523102006 -3.91524965978e-07 -4.54265174617e-13)
(1.31900930492 -3.49679938324e-07 -4.24130216847e-13)
(1.22360432846 -3.06682274725e-07 -3.90304184093e-13)
(1.12991355769 -2.64799269589e-07 -3.55061655063e-13)
(1.03862457023 -2.25476051983e-07 -3.19950145146e-13)
(0.950252006685 -1.89542595983e-07 -2.85975408606e-13)
(0.865168559157 -1.57386085116e-07 -2.53753981074e-13)
(1.99072015135 -7.69687692225e-08 -6.00059427346e-14)
(1.96686844908 -1.90402176849e-07 -1.5933459303e-13)
(1.91980076711 -2.71809682526e-07 -2.3446825116e-13)
(1.85613370161 -3.28178406605e-07 -3.24293183976e-13)
(1.78026599106 -3.57314968786e-07 -3.77883993017e-13)
(1.69568680799 -3.63757073092e-07 -4.03426893029e-13)
(1.60521275386 -3.53308585433e-07 -4.08363466202e-13)
(1.51111816704 -3.31383305765e-07 -3.98818757311e-13)
(1.41523090155 -3.02500757863e-07 -3.79647630716e-13)
(1.3190090021 -2.70170107966e-07 -3.54563342691e-13)
(1.22360389245 -2.36948965947e-07 -3.26297756086e-13)
(1.12991303144 -2.04589043276e-07 -2.96788397761e-13)
(1.03862398878 -1.74206719012e-07 -2.67348572945e-13)
(0.950251397952 -1.46443392458e-07 -2.38827208087e-13)
(0.865167944903 -1.21601093946e-07 -2.117334421e-13)
(0.783630339538 -9.97491291504e-08 -1.87696210611e-13)
(1.99072222194 -5.94682607025e-08 -4.97966324368e-14)
(1.96687036617 -1.47110392847e-07 -1.30397963484e-13)
(1.91980240164 -2.10008873326e-07 -2.2498029005e-13)
(1.85613499543 -2.53562017266e-07 -2.68141674229e-13)
(1.78026693518 -2.76074812405e-07 -3.13869493477e-13)
(1.69568742569 -2.81053008617e-07 -3.35634198815e-13)
(1.60521308643 -2.72980820624e-07 -3.40190432659e-13)
(1.51111826307 -2.56041115692e-07 -3.32569206021e-13)
(1.41523080998 -2.33725862612e-07 -3.16788140025e-13)
(1.31900876813 -2.08746355104e-07 -2.95958969286e-13)
(1.22360355557 -1.83078714046e-07 -2.72390437822e-13)
(1.12991262484 -1.58076408713e-07 -2.47741966375e-13)
(1.03862353953 -1.34602078085e-07 -2.23177037193e-13)
(0.950250927621 -1.13151465252e-07 -1.99532842455e-13)
(0.865167470307 -9.39574873365e-08 -1.75892918106e-13)
(0.783629873528 -7.70697196125e-08 -1.5661928451e-13)
(1.99072382174 -4.59471782069e-08 -3.81873911718e-14)
(1.96687184738 -1.13662241346e-07 -1.01034595684e-13)
(1.91980366453 -1.62258864056e-07 -1.45535164685e-13)
(1.85613599508 -1.9590829172e-07 -2.14713591034e-13)
(1.78026766463 -2.13301342556e-07 -2.55240728544e-13)
(1.69568790295 -2.17146868989e-07 -2.75437336016e-13)
(1.60521334338 -2.10909530624e-07 -2.80776303932e-13)
(1.51111833727 -1.97821108422e-07 -2.7535003636e-13)
(1.41523073924 -1.80579540412e-07 -2.62577484102e-13)
(1.31900858736 -1.61279644626e-07 -2.4531698409e-13)
(1.2236032953 -1.4144818002e-07 -2.25545070365e-13)
(1.12991231069 -1.22130815131e-07 -2.04799447772e-13)
(1.03862319244 -1.03993937881e-07 -1.84095604885e-13)
(0.950250564237 -8.74203805608e-08 -1.64033156739e-13)
(0.865167103627 -7.25907264572e-08 -1.44760554215e-13)
(0.783629513481 -5.95468789772e-08 -1.28350845818e-13)
(1.99072505779 -3.55001345311e-08 -3.41242935972e-14)
(1.9668729918 -8.78191065005e-08 -9.20622702435e-14)
(1.91980464028 -1.25367196766e-07 -1.4376518592e-13)
(1.85613676744 -1.51366996582e-07 -1.9001173709e-13)
(1.78026822823 -1.64806579619e-07 -2.35189808678e-13)
(1.6956882717 -1.67778703554e-07 -2.3444007265e-13)
(1.60521354191 -1.62960234286e-07 -2.35459286163e-13)
(1.5111183946 -1.52848160956e-07 -2.29367848123e-13)
(1.41523068459 -1.39527053535e-07 -2.12969141922e-13)
(1.3190084477 -1.24615455546e-07 -2.05272825079e-13)
(1.2236030942 -1.09293017758e-07 -1.9067729188e-13)
(1.12991206797 -9.43677171017e-08 -1.75848457149e-13)
(1.03862292426 -8.0354530521e-08 -1.63258696641e-13)
(0.950250283472 -6.75494634695e-08 -1.45739673697e-13)
(0.865166820316 -5.60914777541e-08 -1.29769933998e-13)
(0.783629235296 -4.60084709168e-08 -1.13717396098e-13)
(1.99072601281 -2.74286511415e-08 -2.84370943885e-14)
(1.96687387602 -6.78519181583e-08 -7.44482550712e-14)
(1.91980539418 -9.6861977136e-08 -1.0384661023e-13)
(1.85613736419 -1.16949111083e-07 -1.57579334757e-13)
(1.78026866369 -1.27331921213e-07 -1.85710298065e-13)
(1.69568855661 -1.29627490632e-07 -1.97033816275e-13)
(1.60521369531 -1.25904069997e-07 -1.98033497401e-13)
(1.5111184389 -1.18090884104e-07 -1.92746067527e-13)
(1.41523064236 -1.07798485232e-07 -1.83705396922e-13)
(1.31900833979 -9.6277371049e-08 -1.72289672382e-13)
(1.22360293883 -8.44389280826e-08 -1.59601778198e-13)
(1.12991188045 -7.29073759125e-08 -1.4615479628e-13)
(1.03862271706 -6.20804717341e-08 -1.32339741622e-13)
(0.950250066549 -5.21867513738e-08 -1.18440558279e-13)
(0.865166601425 -4.33341942732e-08 -1.04744725172e-13)
(0.783629020364 -3.55478914935e-08 -9.29836201444e-14)
(1.99072675069 -2.11922279545e-08 -2.06012373982e-14)
(1.9668745592 -5.24248342419e-08 -5.37598752315e-14)
(1.91980597667 -7.48398029808e-08 -9.38498985848e-14)
(1.85613782526 -9.03608970923e-08 -1.22955713496e-13)
(1.78026900014 -9.83840489055e-08 -1.50036321082e-13)
(1.69568877674 -1.00158512423e-07 -1.62325771484e-13)
(1.60521381383 -9.72822711662e-08 -1.65105572465e-13)
(1.51111847313 -9.12459202027e-08 -1.61603512541e-13)
(1.41523060974 -8.32938595656e-08 -1.54036176504e-13)
(1.31900825642 -7.43923163784e-08 -1.44067604862e-13)
(1.22360281879 -6.52454907843e-08 -1.32625408473e-13)
(1.12991173556 -5.63357150398e-08 -1.20494104794e-13)
(1.03862255697 -4.7970427961e-08 -1.08213555065e-13)
(0.950249898948 -4.03263933324e-08 -9.61573140085e-14)
(0.865166432304 -3.34864696342e-08 -8.45750187226e-14)
(0.783628854303 -2.74663145219e-08 -7.49728873108e-14)
(1.9907273208 -1.63737326044e-08 -1.52990922872e-14)
(1.96687508705 -4.0504864327e-08 -3.80749789227e-14)
(1.91980642671 -5.78225260113e-08 -4.81658613823e-14)
(1.8561381815 -6.98137245482e-08 -9.56222428497e-14)
(1.7802692601 -7.60119724225e-08 -1.20896429746e-13)
(1.69568894683 -7.73825165294e-08 -1.32986576381e-13)
(1.6052139054 -7.51599704887e-08 -1.36416153466e-13)
(1.51111849958 -7.04960069417e-08 -1.34045037935e-13)
(1.41523058453 -6.43520191924e-08 -1.27882460031e-13)
(1.31900819201 -5.74745242608e-08 -1.193819881e-13)
(1.22360272604 -5.04075825843e-08 -1.09598685816e-13)
(1.12991162361 -4.35238064962e-08 -9.92906616662e-14)
(1.03862243328 -3.70606617102e-08 -8.90030898301e-14)
(0.950249769454 -3.11546007229e-08 -7.91710509052e-14)
(0.865166301635 -2.58701178185e-08 -6.86507191212e-14)
(0.783628725998 -2.12215995414e-08 -6.17370172416e-14)
)
;

boundaryField
{
    top
    {
        type            fixedValue;
        value           nonuniform List<vector> 0();
    }
    inlet
    {
        type            fixedValue;
        value           nonuniform List<vector> 0();
    }
    outlet
    {
        type            zeroGradient;
    }
    front
    {
        type            wedge;
    }
    back
    {
        type            wedge;
    }
    procBoundary6to4
    {
        type            processor;
        value           nonuniform List<vector> 
15
(
(1.99068644913 -3.61822488195e-07 -1.95228292838e-13)
(1.96683724522 -8.95061523891e-07 -5.19751551164e-13)
(1.91977416242 -1.27775068619e-06 -7.73399908972e-13)
(1.8561126426 -1.54273552726e-06 -9.87957222998e-13)
(1.78025062408 -1.67970423801e-06 -1.1163135817e-12)
(1.69567675387 -1.7099877034e-06 -1.17529487034e-12)
(1.60520734089 -1.66086945372e-06 -1.18157736242e-12)
(1.51111660404 -1.55779943863e-06 -1.15012154872e-12)
(1.41523239203 -1.42202378396e-06 -1.09337418765e-12)
(1.31901281041 -1.27003887264e-06 -1.02109951633e-12)
(1.22360937578 -1.11386791816e-06 -9.40571986911e-13)
(1.1299196496 -9.61745621752e-07 -8.56995322548e-13)
(1.03863130107 -8.1892013484e-07 -7.73908158506e-13)
(0.950259053389 -6.88407375224e-07 -6.936068461e-13)
(0.865175669757 -5.7162771641e-07 -6.1747241437e-13)
)
;
    }
    procBoundary6to7
    {
        type            processor;
        value           nonuniform List<vector> 
13
(
(0.783635733967 -3.62281048616e-07 -4.59917833885e-13)
(0.783634041409 -2.79909173747e-07 -3.86458122425e-13)
(0.783632733695 -2.16264061551e-07 -3.21854508847e-13)
(0.783631723324 -1.67092840127e-07 -2.69254424987e-13)
(0.78363094268 -1.29099634904e-07 -2.2497883688e-13)
(0.78363094268 -1.29099634904e-07 -2.2497883688e-13)
(0.705801059661 -8.08015304013e-08 -1.6532511931e-13)
(0.705800611849 -6.24285466101e-08 -1.37606083736e-13)
(0.705800265862 -4.8235485643e-08 -1.12856090096e-13)
(0.70579999854 -3.72669993187e-08 -9.90083890258e-14)
(0.705799792001 -2.87948484223e-08 -8.18029530124e-14)
(0.705799632424 -2.22468876735e-08 -6.59172635157e-14)
(0.705799509129 -1.71894420385e-08 -5.42962419852e-14)
)
;
    }
    procBoundary6to12
    {
        type            processor;
        value           nonuniform List<vector> 
14
(
(1.99072776129 -1.26510325505e-08 -1.1318347218e-14)
(1.96687549489 -3.12959090943e-08 -2.77264543296e-14)
(1.91980677444 -4.46768763215e-08 -5.1989613618e-14)
(1.85613845675 -5.3942480339e-08 -7.50057157011e-14)
(1.78026946095 -5.87321019966e-08 -9.71841405286e-14)
(1.69568907824 -5.97914880363e-08 -1.08020524497e-13)
(1.60521397616 -5.80745817657e-08 -1.11429275625e-13)
(1.51111852002 -5.44712133555e-08 -1.0978814231e-13)
(1.41523056506 -4.97242306251e-08 -1.04813096827e-13)
(1.31900814224 -4.44104328681e-08 -9.77735430943e-14)
(1.22360265438 -3.89502542725e-08 -8.95883723606e-14)
(1.12991153712 -3.36317727542e-08 -8.09020865185e-14)
(1.03862233772 -2.8638226908e-08 -7.21475523392e-14)
(0.950249669408 -2.40721662344e-08 -6.36006618786e-14)
)
;
    }
    procBoundary6to14
    {
        type            processor;
        value           nonuniform List<vector> 2((0.865166200681 -1.9985917543e-08 -5.5421297681e-14) (0.783628626871 -1.6393717283e-08 -4.90230402662e-14));
    }
}


// ************************************************************************* //
