/*--------------------------------*- C++ -*----------------------------------*\
  =========                 |
  \\      /  F ield         | OpenFOAM: The Open Source CFD Toolbox
   \\    /   O peration     | Website:  https://openfoam.org
    \\  /    A nd           | Version:  12
     \\/     M anipulation  |
\*---------------------------------------------------------------------------*/
FoamFile
{
    format      ascii;
    class       volVectorField;
    location    "1800";
    object      U;
}
// * * * * * * * * * * * * * * * * * * * * * * * * * * * * * * * * * * * * * //

dimensions      [0 1 -1 0 0 0 0];

internalField   nonuniform List<vector> 
816
(
(0.54638634 0.00048313976 0)
(0.52367583 0.00042188245 0)
(0.50332304 0.00037207675 0)
(0.48494419 0.0003309334 0)
(0.46823629 0.00029648583 0)
(0.45295666 0.00026730698 0)
(0.43890856 0.00024233544 0)
(0.42593082 0.0002207682 0)
(0.41389007 0.00020198954 0)
(0.40267495 0.00018551913 0)
(0.3921917 0.00017097422 0)
(0.38236099 0.00015806123 0)
(0.37311421 0.00014651453 0)
(0.36439499 0.00013612923 0)
(0.35615282 0.00012675611 0)
(0.34834476 0.00011824125 0)
(0.34093408 0.00011045949 0)
(0.33388959 0.00010329894 0)
(0.32718536 9.6654879e-05 0)
(0.32080075 9.0422438e-05 0)
(0.31472089 8.4482472e-05 0)
(0.30893851 7.8695592e-05 0)
(0.30345561 7.282816e-05 0)
(0.29829415 6.6546619e-05 0)
(0.29349938 5.935083e-05 0)
(0.28915712 5.0048776e-05 0)
(0.28553931 3.0343998e-05 0)
(0.28352912 4.6115302e-05 3.004824e-19)
(0.27735323 -4.4612524e-05 0)
(0.29669307 -0.0015239438 0)
(0.44736344 -0.002946488 0)
(0.53684416 -0.0019356908 2.4710608e-19)
(0.5822934 -0.00057488397 0)
(0.60632043 -0.00018944306 0)
(0.60903806 0.00060388427 0)
(0.58473668 0.00052877547 0)
(0.56280927 0.00046740486 0)
(0.54289794 0.00041649967 0)
(0.52471312 0.00037373224 0)
(0.5080182 0.00033740061 0)
(0.49261824 0.00030623065 0)
(0.47835138 0.00027925277 0)
(0.46508216 0.00025571976 0)
(0.45269637 0.00023504614 0)
(0.44109712 0.00021676405 0)
(0.43020171 0.00020051204 0)
(0.41993843 0.00018596462 0)
(0.41024766 0.00017286872 0)
(0.40107607 0.00016103813 0)
(0.39237801 0.00015028366 0)
(0.38411425 0.00014044941 0)
(0.37625139 0.00013139653 0)
(0.36876152 0.00012299484 0)
(0.36162233 0.0001151141 0)
(0.35481767 0.00010760688 0)
(0.34833934 0.0001003003 0)
(0.34218917 9.2907962e-05 0)
(0.33638987 8.5018513e-05 0)
(0.33098925 7.6031448e-05 0)
(0.32607613 6.4350604e-05 0)
(0.32196009 4.0510769e-05 0)
(0.31944764 5.9797942e-05 0)
(0.31265232 -6.7239173e-05 0)
(0.33585812 -0.0017778631 0)
(0.47072529 -0.0032995056 0)
(0.55318958 -0.0021324248 0)
(0.59645567 -0.00067593458 0)
(0.62038879 -0.00024055354 0)
(0.67491598 0.00074761244 0)
(0.64953983 0.00065718245 0)
(0.62641533 0.00058276477 0)
(0.6052473 0.00052067329 0)
(0.58578546 0.0004682505 0)
(0.56781792 0.00042353083 0)
(0.55116517 0.00038502822 0)
(0.53567474 0.00035160218 0)
(0.52121667 0.00032236718 0)
(0.50767963 0.00029662494 0)
(0.49496795 0.00027381488 0)
(0.48299899 0.00025350017 0)
(0.47170059 0.00023528849 0)
(0.46101193 0.00021887219 0)
(0.45087848 0.00020402225 0)
(0.44125318 0.000190509 0)
(0.43209538 0.00017814106 0)
(0.42337026 0.00016674772 0)
(0.41504863 0.00015616879 0)
(0.40710705 0.00014624389 0)
(0.39952845 0.00013679217 0)
(0.3923041 0.00012760037 0)
(0.38543589 0.00011831956 0)
(0.3789474 0.00010844482 0)
(0.37288914 9.7259641e-05 0)
(0.36735277 8.2640494e-05 0)
(0.36268901 5.3997091e-05 0)
(0.35959687 7.7279876e-05 9.3235295e-19)
(0.35216508 -9.9598927e-05 0)
(0.38046281 -0.0020411243 0)
(0.49605502 -0.0036548247 0)
(0.5704571 -0.0023377592 3.2667736e-19)
(0.61098426 -0.00078542924 0)
(0.63439426 -0.00029847144 0)
(0.74206336 0.00091344864 0)
(0.71647778 0.00080732994 0)
(0.69282656 0.00071910515 0)
(0.67092336 0.00064487386 0)
(0.65059123 0.00058176125 0)
(0.63166841 0.00052760285 0)
(0.61400997 0.00048073753 0)
(0.59748752 0.00043987409 0)
(0.58198782 0.00040399898 0)
(0.56741122 0.00037230538 0)
(0.5536701 0.00034414083 0)
(0.54068731 0.00031899144 0)
(0.52839452 0.00029639547 1.2465717e-21)
(0.51673316 0.00027598732 0)
(0.50565026 0.00025749143 0)
(0.49509963 0.00024063409 0)
(0.48504101 0.00022518444 0)
(0.4754397 0.00021093593 0)
(0.46626643 0.00019769416 0)
(0.45749765 0.00018526402 0)
(0.44911623 0.00017342579 0)
(0.44111357 0.00016191843 0)
(0.43349223 0.00015031973 0)
(0.42627712 0.00013801291 0)
(0.41952182 0.00012414837 0)
(0.41332124 0.00010591915 0)
(0.4080719 7.1756348e-05 0)
(0.40432908 9.9498847e-05 1.1442854e-18)
(0.39631064 -0.00014628744 0)
(0.43066003 -0.002310963 0)
(0.52403903 -0.0039983751 0)
(0.5889023 -0.0025470697 -3.8206287e-19)
(0.62608869 -0.00090199601 0)
(0.64853129 -0.00036280084 0)
(0.80753278 0.0010963603 0)
(0.78299608 0.00097619501 0)
(0.75984252 0.00087484072 0)
(0.73803911 0.00078854996 0)
(0.71751844 0.00071445784 0)
(0.69819797 0.00065034517 0)
(0.67999065 0.00059446884 0)
(0.66281068 0.00054544766 0)
(0.64657642 0.00050217964 0)
(0.63121179 0.00046377511 0)
(0.61664682 0.00042950625 0)
(0.60281763 0.00039879221 0)
(0.58966599 0.00037110792 0)
(0.5771408 0.00034603296 0)
(0.56519489 0.0003232464 0)
(0.55378643 0.00030243059 0)
(0.54287849 0.00028331395 0)
(0.53243891 0.00026565218 0)
(0.5224404 0.000249214 0)
(0.51286098 0.00023376596 0)
(0.50368492 0.00021904448 0)
(0.49490499 0.00020473322 0)
(0.48652551 0.00019032506 0)
(0.4785738 0.00017507061 0)
(0.47110746 0.00015796818 0)
(0.46422604 0.00013532941 0)
(0.45837982 9.4905505e-05 0)
(0.45393131 0.00012753124 2.0756677e-18)
(0.44555268 -0.00021317736 0)
(0.48668211 -0.0025744603 0)
(0.55526033 -0.0043109775 0)
(0.60881207 -0.0027529672 0)
(0.64199115 -0.0010233238 0)
(0.66299414 -0.00043269176 0)
(0.86749768 0.0012854654 0)
(0.84557198 0.0011557647 0)
(0.82426976 0.0010442111 0)
(0.80372755 0.00094769014 0)
(0.78401009 0.00086368229 0)
(0.76513703 0.00079014591 0)
(0.74710039 0.0007254179 0)
(0.72987561 0.00066814131 0)
(0.71342867 0.00061720644 0)
(0.69772068 0.00057169805 0)
(0.68271086 0.0005308539 0)
(0.66835832 0.00049405507 0)
(0.65462309 0.00046073391 3.1255544e-21)
(0.64146843 0.00043042969 0)
(0.62885877 0.00040278607 0)
(0.61676157 0.00037744854 0)
(0.6051474 0.00035410898 0)
(0.5939902 0.00033248765 0)
(0.58326767 0.00031231708 0)
(0.57296203 0.00029332415 0)
(0.5630612 0.00027519802 0)
(0.55356139 0.00025755989 0)
(0.54447055 0.00023980538 0)
(0.53582038 0.00022102852 0)
(0.52767473 0.00020005295 0)
(0.52014126 0.00017204812 0)
(0.5137394 0.00012463099 0)
(0.50856382 0.00016174539 2.4605373e-18)
(0.50047087 -0.00030774161 -2.078919e-18)
(0.54879191 -0.0028245635 0)
(0.59012592 -0.004566658 0)
(0.63051121 -0.0029446481 0)
(0.6589375 -0.0011458359 0)
(0.67798524 -0.00050659803 0)
(0.91788685 0.0014639511 0)
(0.90011246 0.0013321017 0)
(0.88213672 0.0012159357 0)
(0.86421973 0.0011133199 0)
(0.8465418 0.0010224042 0)
(0.82922346 0.00094158991 0)
(0.81234195 0.00086950034 0)
(0.79594353 0.00080496142 0)
(0.78005261 0.00074697664 0)
(0.76467838 0.00069469673 0)
(0.74981959 0.00064739513 0)
(0.73546781 0.00060446815 0)
(0.7216099 0.00056534645 -3.3056831e-21)
(0.70823104 0.00052955977 0)
(0.69531397 0.00049673963 0)
(0.68284135 0.00046651252 0)
(0.67079645 0.00043854672 0)
(0.65916386 0.0004125365 0)
(0.64793027 0.00038818438 0)
(0.6370856 0.00036518052 0)
(0.62662466 0.00034316565 0)
(0.61655016 0.00032169204 0)
(0.60687676 0.00030004348 0)
(0.59764401 0.00027712597 0)
(0.58892638 0.00025155207 0)
(0.58084827 0.000216952 0)
(0.57402743 0.00016185231 0)
(0.56818629 0.00019791405 0)
(0.56201215 -0.0004345724 0)
(0.61582021 -0.0030535519 0)
(0.62866575 -0.0047344099 0)
(0.65437339 -0.0031077745 -6.4467141e-19)
(0.6772089 -0.0012642374 0)
(0.69372339 -0.00058194233 0)
(0.95561319 0.0016126296 0)
(0.94296806 0.0014871071 0)
(0.92948042 0.0013737225 0)
(0.91542289 0.0012711938 0)
(0.90102042 0.0011784045 0)
(0.8864518 0.0010943446 0)
(0.87185537 0.0010180815 0)
(0.85733622 0.00094876921 0)
(0.84297284 0.00088565336 0)
(0.82882266 0.00082805842 0)
(0.81492674 0.00077538145 0)
(0.80131349 0.00072710632 0)
(0.78800164 0.00068272148 5.0024452e-21)
(0.77500366 0.00064179425 0)
(0.76232592 0.00060398081 0)
(0.74997157 0.00056891874 0)
(0.73794152 0.00053627743 0)
(0.72623553 0.00050574389 0)
(0.71485352 0.0004770041 0)
(0.70379711 0.00044971916 0)
(0.69307191 0.00042348279 0)
(0.6826911 0.00039777139 0)
(0.67268022 0.00037173571 0)
(0.66309208 0.00034404171 0)
(0.6540193 0.00031300398 0)
(0.64562401 0.00027000855 0)
(0.63866203 0.00020627744 0)
(0.63248921 0.0002231627 -2.0946254e-18)
(0.63152897 -0.00058435012 0)
(0.68068945 -0.0032257091 0)
(0.67024191 -0.0047922965 0)
(0.68083421 -0.0032257421 0)
(0.69713552 -0.0013708075 0)
(0.71045165 -0.00065477996 0)
(0.97989635 0.0017175052 0)
(0.97231975 0.001604331 0)
(0.96366289 0.0015003104 0)
(0.9540959 0.0014043591 0)
(0.94379003 0.0013157014 0)
(0.93290526 0.0012337391 0)
(0.92158446 0.0011579444 0)
(0.9099515 0.0010878208 0)
(0.89811125 0.0010229128 0)
(0.88615098 0.00096279151 0)
(0.87414233 0.00090704623 0)
(0.86214359 0.00085531288 0)
(0.85020163 0.00080719851 0)
(0.8383549 0.00076236111 0)
(0.82663372 0.00072052357 0)
(0.81506336 0.00068137425 0)
(0.80366411 0.00064461908 0)
(0.79245301 0.0006099649 0)
(0.78144574 0.00057710074 0)
(0.77065836 0.00054567029 0)
(0.76011025 0.00051522498 0)
(0.74982795 0.00048516027 0)
(0.73985091 0.00045446711 0)
(0.73024928 0.0004215075 0)
(0.72113855 0.00038408025 0)
(0.71275374 0.00033089047 0)
(0.70589356 0.00025452877 0)
(0.70058287 0.0002361107 2.1548467e-18)
(0.70355373 -0.00073758877 0)
(0.73523593 -0.0033047382 0)
(0.71384569 -0.0047418776 0)
(0.71039018 -0.0032827207 -9.9594978e-19)
(0.71910409 -0.0014546632 0)
(0.72844463 -0.0007191674 0)
(0.99269231 0.0017771371 0)
(0.98909532 0.0016772705 0)
(0.98458361 0.0015851459 0)
(0.97919853 0.0014995326 0)
(0.97300209 0.0014195162 0)
(0.96607122 0.0013444366 0)
(0.95849319 0.0012738756 0)
(0.95035763 0.0012074827 0)
(0.94175145 0.0011449629 0)
(0.93275559 0.0010860928 0)
(0.92344397 0.0010306501 0)
(0.91388306 0.00097842892 0)
(0.90413178 0.00092917494 0)
(0.8942425 0.00088267097 0)
(0.88426057 0.0008387462 0)
(0.87422564 0.00079716556 0)
(0.86417306 0.00075769353 0)
(0.85413445 0.00072008766 0)
(0.84413892 0.0006840699 0)
(0.83421461 0.00064929228 0)
(0.82439093 0.00061528291 0)
(0.81470227 0.00058137055 0)
(0.80519289 0.00054640004 0)
(0.7959328 0.00050847205 0)
(0.78702232 0.00046484833 0)
(0.77868807 0.00040207131 0)
(0.77142935 0.00031635031 0)
(0.76548172 0.00026055377 0)
(0.76467085 -0.00084026094 0)
(0.78044575 -0.0033112529 0)
(0.75936863 -0.0046089684 0)
(0.74361066 -0.0032622252 0)
(0.743549 -0.0015007174 0)
(0.74801419 -0.00076641979 0)
(0.99760181 0.0017994151 0)
(0.99643938 0.0017099179 0)
(0.99475196 0.00162895 0)
(0.99246747 0.0015539718 0)
(0.98955401 0.0014837608 0)
(0.98600927 0.0014174993 0)
(0.98185649 0.0013547377 0)
(0.97712748 0.0012952004 0)
(0.97185835 0.00123849 0)
(0.96608909 0.0011843831 0)
(0.95986454 0.0011327274 0)
(0.95323172 0.0010833993 0)
(0.94623711 0.0010362025 0)
(0.93892565 0.00099099369 0)
(0.93133953 0.00094769598 0)
(0.92351803 0.00090616126 0)
(0.91549839 0.00086622395 0)
(0.90731549 0.00082769073 0)
(0.89900274 0.00079032642 0)
(0.89059247 0.00075381343 0)
(0.88211582 0.0007176834 0)
(0.87360516 0.00068123082 0)
(0.86509585 0.00064319608 0)
(0.8566351 0.0006014867 0)
(0.84827298 0.00055289588 0)
(0.84011331 0.00048241518 0)
(0.8323164 0.00038753285 0)
(0.82440698 0.00031086126 -2.1835501e-18)
(0.81711661 -0.00087662505 0)
(0.82532752 -0.0032689869 0)
(0.80912554 -0.0044193582 0)
(0.7812374 -0.0031352967 0)
(0.7709292 -0.0014875459 0)
(0.76951725 -0.00078435052 0)
(0.99890516 0.0018060932 0)
(0.99857754 0.001719296 0)
(0.99812235 0.001642521 0)
(0.9974747 0.0015736603 0)
(0.99656197 0.0015109842 0)
(0.99531401 0.0014531569 0)
(0.99366415 0.0013986784 0)
(0.99159181 0.0013466799 0)
(0.98907865 0.0012970865 0)
(0.98612065 0.0012494656 0)
(0.98273315 0.0012035591 0)
(0.9789336 0.0011593532 0)
(0.97474011 0.0011166902 0)
(0.97017178 0.0010753776 0)
(0.96524904 0.001035348 0)
(0.95999507 0.000996493 0)
(0.95443485 0.0009586834 0)
(0.94859427 0.00092173199 0)
(0.94249929 0.00088541425 0)
(0.93617548 0.00084945491 0)
(0.92964742 0.0008134103 0)
(0.92294155 0.00077656908 0)
(0.91608471 0.00073762572 0)
(0.90911027 0.00069440678 0)
(0.90204727 0.00064348618 0)
(0.89494727 0.00056931252 0)
(0.88787033 0.00047155767 0)
(0.88051237 0.00038693111 0)
(0.87135188 -0.00086339606 0)
(0.87716285 -0.0032281921 0)
(0.87048022 -0.0041600053 0)
(0.8243428 -0.0028440366 0)
(0.80171025 -0.001382679 0)
(0.79336148 -0.00075649374 0)
(0.99930713 0.0018089173 0)
(0.99917617 0.0017229135 0)
(0.9990142 0.0016472091 0)
(0.9988082 0.0015796907 0)
(0.99854293 0.0015188403 0)
(0.99819861 0.0014634595 0)
(0.99775017 0.0014126619 0)
(0.99714878 0.0013656794 0)
(0.99635663 0.0013217684 0)
(0.99533384 0.0012803646 0)
(0.99403801 0.0012408216 0)
(0.99244319 0.0012025394 0)
(0.99053911 0.0011653429 0)
(0.98831496 0.001129223 0)
(0.98576662 0.0010939657 0)
(0.98290401 0.0010593403 0)
(0.97973735 0.0010253285 0)
(0.97627633 0.00099184028 0)
(0.97253027 0.00095857558 0)
(0.96851011 0.00092522909 0)
(0.96422858 0.00089136708 0)
(0.95970223 0.00085629868 0)
(0.9549498 0.00081871025 0)
(0.95000118 0.00077640296 0)
(0.94488466 0.0007259456 0)
(0.93966678 0.00065155076 0)
(0.93444952 0.00055592359 0)
(0.92922077 0.00047101006 0)
(0.92457049 -0.00081729249 0)
(0.92690328 -0.0032636142 0)
(0.93721199 -0.003823066 0)
(0.873289 -0.0024321968 0)
(0.8364609 -0.0011443389 0)
(0.82002758 -0.00065980026 0)
(0.99948053 0.0018105502 0)
(0.99941114 0.0017247321 0)
(0.99933232 0.0016493291 0)
(0.99924045 0.0015822623 0)
(0.99913179 0.0015219949 0)
(0.99900229 0.00146738 0)
(0.99884701 0.0014174807 0)
(0.99865683 0.0013715119 0)
(0.99842297 0.0013289215 0)
(0.99813537 0.0012892398 0)
(0.99777894 0.0012520389 0)
(0.99733094 0.0012170214 0)
(0.99676281 0.0011838029 0)
(0.99605238 0.0011520375 0)
(0.99517537 0.0011214551 0)
(0.99410431 0.0010917416 0)
(0.99281534 0.0010623505 0)
(0.99130273 0.0010330107 0)
(0.98955722 0.0010037509 0)
(0.98757106 0.00097422914 0)
(0.98534221 0.00094385297 0)
(0.98288064 0.00091179417 0)
(0.98019843 0.00087675108 0)
(0.97731402 0.00083649864 0)
(0.97424976 0.00078743163 0)
(0.97106401 0.00071308852 0)
(0.96784306 0.00061768863 0)
(0.96466982 0.00051850967 2.158899e-18)
(0.96261378 -0.00079083458 0)
(0.96297155 -0.0033813998 0)
(0.97277192 -0.0035579937 0)
(0.92411357 -0.0017271364 7.6512818e-18)
(0.87590432 -0.00072385638 0)
(0.85011677 -0.00046203047 0)
(0.99957691 0.0018117311 0)
(0.99953464 0.0017260067 0)
(0.99948859 0.0016507111 0)
(0.99943751 0.0015837674 0)
(0.99938015 0.0015236539 0)
(0.9993154 0.0014692256 0)
(0.99924237 0.001419581 0)
(0.99915896 0.0013739916 0)
(0.99906264 0.0013318721 0)
(0.99895156 0.001292741 0)
(0.9988228 0.0012562014 0)
(0.99867193 0.001221908 0)
(0.99849336 0.001189481 0)
(0.99828212 0.0011586849 0)
(0.99803267 0.0011293403 0)
(0.99773523 0.0011011604 0)
(0.99737927 0.0010739471 0)
(0.99694443 0.0010474286 0)
(0.99641598 0.0010212399 0)
(0.99578132 0.0009949857 0)
(0.99502618 0.00096804816 0)
(0.99413381 0.00093953637 0)
(0.99309116 0.00090779493 0)
(0.99189936 0.0008702629 0)
(0.99056358 0.00082328381 0)
(0.98912557 0.00074994662 0)
(0.98759162 0.00065491922 0)
(0.98625762 0.00053926306 0)
(0.9851952 -0.0007758448 0)
(0.98544821 -0.0034171231 0)
(0.98649643 -0.003390911 0)
(0.97203882 -0.0010218215 -1.5272206e-17)
(0.91990797 -0.000130461 0)
(0.88423241 -0.00011723972 0)
(0.99963965 0.0018125921 0)
(0.9996128 0.0017269116 0)
(0.99958423 0.0016516788 0)
(0.99955328 0.0015848152 0)
(0.99951933 0.0015247969 0)
(0.99948188 0.0014704701 0)
(0.99944066 0.0014209279 0)
(0.99939515 0.0013754453 0)
(0.99934461 0.0013334433 0)
(0.99928854 0.0012944508 0)
(0.99922642 0.0012580717 0)
(0.99915751 0.0012239859 0)
(0.99908069 0.0011918726 0)
(0.99899428 0.0011614518 0)
(0.99889752 0.0011325056 0)
(0.99878873 0.0011048001 0)
(0.99866602 0.0010780889 0)
(0.99852597 0.0010520962 0)
(0.99836573 0.0010264702 0)
(0.99818363 0.0010008432 0)
(0.99797773 0.00097467998 0)
(0.99774383 0.00094706639 0)
(0.99747844 0.00091650401 0)
(0.99717795 0.00088045425 0)
(0.99683658 0.00083477479 0)
(0.9964888 0.00076257386 0)
(0.99607981 0.00066687668 0)
(0.99604102 0.00053843722 0)
(0.9957417 -0.00077458036 0)
(0.99580991 -0.0033401375 0)
(0.99291629 -0.003309761 0)
(0.99242398 -0.0007016918 1.0184865e-17)
(0.96472832 0.0005196159 0)
(0.92273951 0.00040660802 0)
(0.99968608 0.0018132166 0)
(0.99966934 0.0017275499 0)
(0.99965179 0.0016523514 0)
(0.99963296 0.0015855371 0)
(0.99961245 0.0015255788 0)
(0.99958997 0.0014713178 0)
(0.99956534 0.0014218446 0)
(0.99953841 0.0013764356 0)
(0.99950894 0.0013345127 0)
(0.99947674 0.0012956021 0)
(0.9994417 0.0012593056 0)
(0.99940371 0.0012253011 0)
(0.99936263 0.0011932613 0)
(0.99931808 0.0011629113 0)
(0.99926995 0.001134049 0)
(0.99921815 0.0011064379 0)
(0.99916263 0.0010798249 0)
(0.99910314 0.0010539479 0)
(0.99903986 0.0010285152 0)
(0.99897254 0.0010031093 0)
(0.9989022 0.00097711834 0)
(0.99883027 0.00094965909 0)
(0.99875835 0.00091916855 0)
(0.99869243 0.00088303157 0)
(0.99863386 0.0008368789 0)
(0.99862292 0.00076432049 0)
(0.99859729 0.0006654264 0)
(0.99901013 0.00052522351 0)
(0.99910176 -0.00076448431 -1.8341881e-18)
(0.99892651 -0.0033401506 0)
(0.99567085 -0.0032634164 0)
(0.99512923 -0.00068155095 8.1972281e-18)
(0.99213781 0.0011910562 0)
(0.96321994 0.0010183052 0)
(0.99972554 0.0018136494 0)
(0.99971589 0.0017279817 0)
(0.99970588 0.0016528024 0)
(0.9996951 0.0015860198 0)
(0.99968327 0.0015261014 0)
(0.99967017 0.0014718852 0)
(0.9996557 0.0014224599 0)
(0.99963977 0.0013771015 0)
(0.99962232 0.0013352315 0)
(0.99960329 0.0012963741 0)
(0.99958265 0.00126013 0)
(0.99956045 0.0012261749 0)
(0.99953673 0.0011941818 0)
(0.9995115 0.0011638778 0)
(0.99948482 0.0011350582 0)
(0.99945689 0.0011074809 0)
(0.99942801 0.0010808935 0)
(0.9993985 0.0010550307 0)
(0.99936905 0.0010295755 0)
(0.99934046 0.0010041063 0)
(0.99931408 0.00097802122 0)
(0.99929236 0.00095041426 0)
(0.99927804 0.00091966503 0)
(0.99927889 0.00088312697 0)
(0.99929789 0.00083614675 0)
(0.99937627 0.00076293369 0)
(0.99945265 0.00066017834 0)
(0.999968 0.00050923867 0)
(1.0002089 -0.00075928863 -1.3511873e-18)
(0.99976456 -0.0032653544 0)
(0.99681961 -0.0032235272 0)
(0.99580144 -0.00065562675 -1.2535776e-17)
(0.99678077 0.0011078939 0)
(0.99210395 0.0015794233 0)
(0.99976436 0.001813915 0)
(0.99975972 0.00172824 0)
(0.99975493 0.0016530727 0)
(0.99974964 0.0015863138 0)
(0.99974363 0.001526426 0)
(0.99973675 0.0014722446 0)
(0.99972892 0.001422856 0)
(0.99972009 0.0013775349 0)
(0.99971025 0.0013357021 0)
(0.9996994 0.0012968809 0)
(0.99968756 0.0012606708 0)
(0.99967481 0.0012267458 0)
(0.99966125 0.00119478 0)
(0.99964699 0.0011644997 0)
(0.99963218 0.0011356959 0)
(0.9996171 0.0011081242 0)
(0.99960213 0.00108153 0)
(0.99958774 0.0010556415 0)
(0.9995747 0.0010301318 0)
(0.99956407 0.001004573 0)
(0.99955733 0.00097834667 0)
(0.99955711 0.00095051939 0)
(0.99956641 0.00091941592 0)
(0.99959322 0.00088235527 0)
(0.99964094 0.00083434609 0)
(0.99975028 0.00076024544 0)
(0.99986234 0.00065289446 0)
(1.000406 0.00049158405 0)
(1.0006992 -0.00074946647 0)
(1.0002288 -0.0032302746 0)
(0.99735785 -0.0031681401 0)
(0.99630547 -0.00066311979 0)
(0.99704947 0.0011313627 0)
(0.99817211 0.0017143105 0)
(0.9998075 0.0018140384 0)
(0.99980611 0.0017283538 0)
(0.9998047 0.0016531949 0)
(0.99980297 0.0015864553 0)
(0.99980076 0.0015265931 0)
(0.99979793 0.0014724406 0)
(0.99979443 0.0014230822 0)
(0.99979024 0.0013777913 0)
(0.99978536 0.0013359874 0)
(0.9997798 0.001297193 0)
(0.99977363 0.0012610068 0)
(0.99976693 0.0012271007 0)
(0.99975983 0.0011951492 0)
(0.99975245 0.001164877 0)
(0.999745 0.0011360715 0)
(0.99973778 0.0011084862 0)
(0.99973118 0.0010818626 0)
(0.99972576 0.0010559229 0)
(0.99972227 0.0010303322 0)
(0.99972185 0.0010046512 0)
(0.99972604 0.00097823924 0)
(0.99973749 0.00095013621 0)
(0.99975926 0.00091860384 0)
(0.99979935 0.00088092095 0)
(0.9998613 0.00083171824 0)
(0.9999848 0.000756573 0)
(1.0001144 0.00064400089 0)
(1.0006649 0.00047225547 0)
(1.0009813 -0.00074154272 1.6160502e-18)
(1.0005191 -0.0031701162 0)
(0.99770633 -0.0031126028 0)
(0.99667151 -0.00067687031 -9.7882759e-18)
(0.99730655 0.0011281292 0)
(0.9984205 0.001666474 0)
(0.99985888 0.0018140601 0)
(0.9998591 0.0017283628 0)
(0.99985944 0.001653208 0)
(0.99985964 0.0015864829 0)
(0.99985956 0.001526641 0)
(0.99985909 0.0014725119 0)
(0.9998582 0.0014231782 0)
(0.99985684 0.0013779116 0)
(0.99985505 0.0013361303 0)
(0.99985284 0.001297356 0)
(0.99985028 0.0012611861 0)
(0.99984747 0.0012272909 0)
(0.99984452 0.0011953445 0)
(0.99984158 0.00116507 0)
(0.99983887 0.001136251 0)
(0.9998367 0.0011086382 0)
(0.99983548 0.0010819691 0)
(0.99983576 0.001055959 0)
(0.99983832 0.0010302638 0)
(0.9998443 0.0010044304 0)
(0.99985526 0.00097779402 0)
(0.99987386 0.00094936564 0)
(0.99990315 0.00091733562 0)
(0.99995103 0.00087893604 0)
(1.0000212 0.00082839173 0)
(1.0001518 0.00075200603 0)
(1.0002937 0.00063373162 0)
(1.0008381 0.00045112357 -9.5764029e-21)
(1.0011665 -0.00073331385 0)
(1.0007173 -0.0031117213 0)
(0.99797061 -0.0030489896 0)
(0.99695234 -0.00068476742 0)
(0.99753109 0.0010963197 0)
(0.99857603 0.0016536716 0)
(0.99992107 0.0018140438 0)
(0.99992138 0.0017283247 0)
(0.999922 0.0016531652 0)
(0.99992271 0.0015864462 0)
(0.99992336 0.0015266167 0)
(0.99992385 0.0014725032 0)
(0.99992415 0.0014231866 0)
(0.99992422 0.0013779369 0)
(0.99992407 0.0013361709 0)
(0.99992374 0.0012974092 0)
(0.99992328 0.0012612479 0)
(0.99992279 0.0012273552 0)
(0.9999224 0.0011954052 0)
(0.99992223 0.001165119 0)
(0.99992252 0.0011362756 0)
(0.99992357 0.0011086229 0)
(0.9999258 0.0010818932 0)
(0.99992976 0.001055795 0)
(0.99993623 0.001029973 0)
(0.99994636 0.0010039588 0)
(0.99996169 0.00097706114 0)
(0.99998486 0.0009482582 0)
(1.0000189 0.00091566184 0)
(1.0000716 0.0008764475 0)
(1.0001469 0.00082442225 0)
(1.0002806 0.00074650864 0)
(1.0004357 0.00062206994 0)
(1.0009527 0.000428074 0)
(1.0012931 -0.00072517662 9.5482838e-19)
(1.0008595 -0.003044976 0)
(0.99818807 -0.0029802708 0)
(0.99718196 -0.00069347621 0)
(0.99771756 0.0010684537 0)
(0.99871334 0.0016318251 0)
(0.99999468 0.0018140727 0)
(0.99999386 0.0017283137 0)
(0.99999359 0.0016531337 0)
(0.99999367 0.0015864069 0)
(0.99999392 0.001526577 0)
(0.99999426 0.0014724674 0)
(0.99999463 0.0014231568 0)
(0.99999501 0.0013779136 0)
(0.99999539 0.0013361529 0)
(0.99999579 0.0012973939 0)
(0.99999628 0.0012612315 0)
(0.99999694 0.0012273315 0)
(0.99999789 0.0011953678 0)
(0.99999926 0.001165059 0)
(1.0000013 0.0011361793 0)
(1.0000042 0.0011084729 0)
(1.0000086 0.0010816669 0)
(1.0000148 0.0010554614 0)
(1.0000237 0.001029489 0)
(1.0000365 0.001003264 0)
(1.0000546 0.000976066 0)
(1.0000807 0.00094683569 0)
(1.0001177 0.00091359964 0)
(1.0001734 0.00087346477 0)
(1.0002517 0.0008198087 0)
(1.000387 0.0007400708 0)
(1.0005451 0.00060912597 0)
(1.0010391 0.00040302087 0)
(1.0013857 -0.00071684409 0)
(1.0009656 -0.0029721138 0)
(0.9983753 -0.0029049186 0)
(0.99737899 -0.00070145801 0)
(0.99786861 0.0010390671 0)
(0.99882577 0.0016074128 0)
(1.0000779 0.0018142283 0)
(1.0000753 0.0017284059 0)
(1.0000734 0.0016531843 0)
(1.0000722 0.0015864306 0)
(1.0000713 0.001526583 0)
(1.0000708 0.0014724614 0)
(1.0000704 0.0014231423 0)
(1.0000703 0.0013778919 0)
(1.0000704 0.0013361236 0)
(1.0000707 0.0012973549 0)
(1.0000713 0.0012611792 0)
(1.0000723 0.0012272597 0)
(1.0000737 0.0011952698 0)
(1.0000756 0.0011649255 0)
(1.0000784 0.0011359954 0)
(1.0000823 0.0011082197 0)
(1.0000878 0.0010813192 0)
(1.0000952 0.0010549849 0)
(1.0001055 0.0010288357 0)
(1.0001198 0.0010023667 0)
(1.0001396 0.00097482499 0)
(1.0001673 0.00094510909 0)
(1.0002062 0.00091115307 0)
(1.0002635 0.00086998345 0)
(1.0003433 0.00081452416 0)
(1.0004788 0.00073272653 0)
(1.0006378 0.00059507336 0)
(1.0011042 0.00037591438 0)
(1.0014522 -0.00070828701 -2.6828151e-19)
(1.0010436 -0.0028916419 0)
(0.99854052 -0.002822753 0)
(0.99755147 -0.00070874859 0)
(0.99798786 0.0010059877 0)
(0.99890567 0.001581913 0)
)
;

boundaryField
{
    bottom
    {
        type            fixedValue;
        value           nonuniform List<vector> 0();
    }
    back
    {
        type            empty;
    }
    front
    {
        type            empty;
    }
    inlet
    {
        type            fixedValue;
        value           nonuniform List<vector> 0();
    }
    outlet
    {
        type            zeroGradient;
    }
    top
    {
        type            zeroGradient;
    }
    slipsurface
    {
        type            slip;
    }
    procBoundary12to5
    {
        type            processor;
        value           uniform (1.0001664 0.0018145601 0);
    }
    procBoundary12to6
    {
        type            processor;
        value           nonuniform List<vector> 
33
(
(1.0001622 0.0017286543 0)
(1.0001588 0.0016533704 0)
(1.000156 0.0015865701 0)
(1.0001539 0.0015266863 0)
(1.0001521 0.0014725354 0)
(1.0001508 0.0014231915 0)
(1.0001498 0.0013779186 0)
(1.0001491 0.0013361279 0)
(1.0001489 0.0012973353 0)
(1.000149 0.0012611324 0)
(1.0001497 0.0012271793 0)
(1.0001509 0.0011951489 0)
(1.0001529 0.0011647541 0)
(1.0001558 0.0011357573 0)
(1.0001599 0.0011078943 0)
(1.0001657 0.0010808787 0)
(1.0001737 0.0010543913 0)
(1.0001846 0.0010280356 0)
(1.0001995 0.0010012853 0)
(1.0002201 0.00097335166 0)
(1.0002487 0.00094308566 0)
(1.0002883 0.00090832179 0)
(1.0003463 0.00086599201 0)
(1.0004266 0.00080855225 0)
(1.0005606 0.0007244059 0)
(1.0007209 0.00057981896 0)
(1.0011558 0.00034688134 0)
(1.001488 -0.00069931858 0)
(1.001094 -0.0028030408 -8.5154143e-18)
(0.9986879 -0.0027332306 0)
(0.99769726 -0.00071512542 0)
(0.99807799 0.00097235202 0)
(0.99894762 0.0015531329 0)
)
;
    }
    procBoundary12to11
    {
        type            processor;
        value           nonuniform List<vector> 
24
(
(0.6173131 -3.7006511e-05 0)
(0.63194655 -5.7947964e-05 0)
(0.64625769 -8.3208622e-05 0)
(0.66041462 -0.00011284892 0)
(0.6745816 -0.00014666245 0)
(0.68892559 -0.00018404926 0)
(0.70362278 -0.00022383811 0)
(0.71886524 -0.00026404442 0)
(0.73486783 -0.00030154122 0)
(0.75187579 -0.00033162049 0)
(0.77017298 -0.00034741516 0)
(0.79009035 -0.00033923267 0)
(0.81201381 -0.00029364477 0)
(0.83639029 -0.00019197158 0)
(0.8637278 -6.7001428e-06 0)
(0.89457206 0.00030159912 0)
(0.92929168 0.00075739352 0)
(0.96625149 0.0013658504 0)
(0.99345563 0.0018582376 0)
(0.99894402 0.0019446805 0)
(0.99921595 0.0019332964 0)
(0.9993306 0.0019172987 0)
(0.99941888 0.0018986252 0)
(0.99948057 0.0018788528 0)
)
;
    }
    procBoundary12to13
    {
        type            processor;
        value           nonuniform List<vector> 
34
(
(0.48807969 0.00038386381 0)
(0.46721406 0.00033454413 0)
(0.44860234 0.00029458165 0)
(0.43186027 0.0002616634 0)
(0.41668892 0.00023416811 0)
(0.40285172 0.00021092524 0)
(0.39015879 0.00019106794 0)
(0.37845592 0.00017394295 0)
(0.36761643 0.00015905121 0)
(0.35753514 0.00014600451 0)
(0.34812403 0.00013449406 0)
(0.33930895 0.00012428445 -5.2438201e-22)
(0.33102591 0.00011516143 0)
(0.32322282 0.00010696091 0)
(0.31585287 9.9564441e-05 0)
(0.30887649 9.2848041e-05 0)
(0.30225991 8.6712067e-05 0)
(0.29597459 8.1067194e-05 0)
(0.28999681 7.5829622e-05 0)
(0.28430784 7.0915526e-05 0)
(0.27889429 6.6229239e-05 0)
(0.27374989 6.1658862e-05 0)
(0.26887689 5.7014863e-05 0)
(0.26429649 5.2027966e-05 0)
(0.26005133 4.6284166e-05 0)
(0.25622387 3.8898909e-05 0)
(0.2530516 2.2718541e-05 0)
(0.25146628 3.5455479e-05 0)
(0.24587959 -2.8572428e-05 0)
(0.26199134 -0.0012821169 -1.365812e-18)
(0.42527689 -0.0026057345 0)
(0.52118914 -0.0017501127 0)
(0.56828843 -0.00048302416 0)
(0.59198576 -0.00014519779 0)
)
;
    }
    procBoundary12to14
    {
        type            processor;
        value           nonuniform List<vector> 
24
(
(0.57194925 0.00055993847 0)
(0.63616031 0.00069748272 0)
(0.70288907 0.0008593161 0)
(0.76976303 0.0010428645 0)
(0.83341559 0.0012402768 0)
(0.88979872 0.0014371405 0)
(0.93509897 0.0016139528 0)
(0.96710312 0.0017519255 0)
(0.98624462 0.0018416374 0)
(0.99536943 0.0018868748 0)
(0.99836621 0.0019010749 0)
(0.99914572 0.0019059141 0)
(0.9994155 0.0019081746 0)
(0.99954252 0.0019096814 0)
(0.99961645 0.0019108021 0)
(0.99966567 0.0019116513 0)
(0.99970284 0.0019122953 0)
(0.99973555 0.0019127627 0)
(0.99976945 0.0019130678 0)
(0.99980935 0.0019132305 0)
(0.99985919 0.0019132926 0)
(0.99992148 0.0019133261 0)
(0.99999646 0.001913426 0)
(1.0000816 0.0019136798 0)
)
;
    }
}


// ************************************************************************* //
