/*--------------------------------*- C++ -*----------------------------------*\
  =========                 |
  \\      /  F ield         | OpenFOAM: The Open Source CFD Toolbox
   \\    /   O peration     | Website:  https://openfoam.org
    \\  /    A nd           | Version:  12
     \\/     M anipulation  |
\*---------------------------------------------------------------------------*/
FoamFile
{
    format      ascii;
    class       surfaceScalarField;
    location    "200";
    object      phi;
}
// * * * * * * * * * * * * * * * * * * * * * * * * * * * * * * * * * * * * * //

dimensions      [0 3 -1 0 0 0 0];

internalField   nonuniform List<scalar> 
889
(
0.0024542262
4.8133427e-05
0.0024543397
4.934588e-05
0.0024544536
5.0581492e-05
0.0024545699
5.185977e-05
0.0024546871
5.3167237e-05
0.0024548048
5.4499378e-05
0.002454925
5.5878615e-05
0.0024550459
5.728539e-05
0.0024551675
5.8723526e-05
0.0024552923
6.0219262e-05
0.0024554175
6.1738766e-05
0.0024555439
6.3293725e-05
0.0024556728
6.4904312e-05
0.002455802
6.6545305e-05
0.0024559336
6.8241601e-05
0.0024560658
6.9976475e-05
0.0024561988
7.1762188e-05
0.0024563343
7.3624034e-05
0.0024564689
7.5519387e-05
0.0024566042
7.7501439e-05
0.0024567374
7.9533893e-05
0.0024568669
8.175927e-05
0.0024570003
8.3894668e-05
0.0024571476
8.6805396e-05
0.0024570954
8.9780184e-05
0.0024576762
0.00010272775
9.1443333e-05
0.0025361645
4.8016963e-05
0.0025362819
4.9228427e-05
0.0025363998
5.0463631e-05
0.0025365199
5.1739692e-05
0.0025366411
5.304601e-05
0.0025367628
5.4377626e-05
0.002536887
5.5754398e-05
0.0025370121
5.7160367e-05
0.0025371379
5.8597708e-05
0.0025372668
6.0090357e-05
0.0025373963
6.1609247e-05
0.002537527
6.3163038e-05
0.0025376602
6.4771157e-05
0.0025377939
6.6411581e-05
0.0025379299
6.8105621e-05
0.0025380665
6.9839806e-05
0.0025382042
7.1624549e-05
0.0025383442
7.3484024e-05
0.0025384834
7.5380207e-05
0.0025386234
7.7361392e-05
0.0025387606
7.9396706e-05
0.0025388986
8.1621296e-05
0.0025390168
8.3776449e-05
0.002539155
8.6667163e-05
0.0025391586
8.9776628e-05
0.0025397449
0.0001021414
9.2080288e-05
0.0026208376
4.7896611e-05
0.0026209591
4.910697e-05
0.002621081
5.0341671e-05
0.0026212051
5.1615611e-05
0.0026213305
5.2920659e-05
0.0026214564
5.4251659e-05
0.0026215848
5.5626059e-05
0.0026217141
5.7031057e-05
0.0026218443
5.8467545e-05
0.0026219774
5.9957202e-05
0.0026221114
6.1475278e-05
0.0026222465
6.3027895e-05
0.0026223841
6.4633557e-05
0.0026225225
6.6273254e-05
0.002622663
6.7965099e-05
0.0026228043
6.9698456e-05
0.0026229467
7.1482206e-05
0.0026230914
7.3339339e-05
0.0026232353
7.5236212e-05
0.0026233802
7.7216578e-05
0.002623522
7.9254865e-05
0.0026236655
8.1477808e-05
0.0026237858
8.3656148e-05
0.0026239205
8.6532448e-05
0.0026239584
8.9738699e-05
0.0026245649
0.00010153496
9.2671091e-05
0.0027083369
4.7772226e-05
0.0027084625
4.8981376e-05
0.0027085887
5.0215476e-05
0.0027087169
5.1487378e-05
0.0027088465
5.2791047e-05
0.0027089768
5.4121334e-05
0.0027091094
5.5493446e-05
0.0027092432
5.689732e-05
0.0027093778
5.8332888e-05
0.0027095154
5.9819642e-05
0.002709654
6.1336716e-05
0.0027097937
6.2888137e-05
0.0027099359
6.4491358e-05
0.002710079
6.6130172e-05
0.0027102242
6.7819869e-05
0.0027103704
6.955227e-05
0.0027105176
7.1334993e-05
0.0027106671
7.3189817e-05
0.0027108161
7.508723e-05
0.0027109658
7.7066856e-05
0.0027111127
7.9108011e-05
0.0027112609
8.132963e-05
0.0027113869
8.3530142e-05
0.0027115232
8.6396162e-05
0.0027115792
8.9682687e-05
0.0027121909
0.00010092327
9.321025e-05
0.0027987564
4.7643659e-05
0.0027988863
4.8851509e-05
0.0027990169
5.0084906e-05
0.0027991494
5.1354843e-05
0.0027992834
5.2657036e-05
0.0027994183
5.3986506e-05
0.0027995553
5.5356404e-05
0.0027996936
5.6759014e-05
0.0027998329
5.8193585e-05
0.002799975
5.9677518e-05
0.0028001183
6.1193414e-05
0.0028002629
6.2743606e-05
0.0028004098
6.4344398e-05
0.0028005578
6.5982178e-05
0.0028007079
6.7669765e-05
0.0028008591
6.9401087e-05
0.0028010114
7.1182741e-05
0.0028011659
7.3035287e-05
0.00280132
7.493309e-05
0.0028014748
7.6912047e-05
0.0028016269
7.8955951e-05
0.0028017799
8.1176617e-05
0.0028019119
8.3398148e-05
0.0028020502
8.62579e-05
0.0028021233
8.960954e-05
0.0028027372
0.00010030941
9.3694119e-05
0.0028921937
4.7510758e-05
0.002892328
4.8717227e-05
0.0028924631
4.9949816e-05
0.0028926001
5.1217847e-05
0.0028927387
5.2518476e-05
0.0028928781
5.3847025e-05
0.0028930198
5.5214771e-05
0.0028931628
5.6615988e-05
0.0028933069
5.8049477e-05
0.0028934538
5.9530664e-05
0.002893602
6.1045217e-05
0.0028937514
6.2594133e-05
0.0028939033
6.4192511e-05
0.0028940564
6.582911e-05
0.0028942115
6.7514613e-05
0.0028943679
6.9244738e-05
0.0028945254
7.1025275e-05
0.0028946851
7.2875572e-05
0.0028948445
7.4773616e-05
0.0028950046
7.6751966e-05
0.0028951621
7.8798497e-05
0.0028953201
8.1018562e-05
0.0028954583
8.325996e-05
0.0028955992
8.6117065e-05
0.0028956893
8.9519363e-05
0.0028963044
9.969434e-05
9.4119e-05
0.0029887494
4.7373364e-05
0.0029888882
4.8578381e-05
0.002989028
4.9810057e-05
0.0029891696
5.1076228e-05
0.0029893128
5.2375217e-05
0.0029894571
5.3702735e-05
0.0029896035
5.506838e-05
0.0029897514
5.6468086e-05
0.0029899005
5.7900402e-05
0.0029900523
5.9378909e-05
0.0029902055
6.0891965e-05
0.0029903601
6.2439549e-05
0.0029905171
6.4035524e-05
0.0029906754
6.5670798e-05
0.0029908358
6.7354233e-05
0.0029909975
6.9083049e-05
0.0029911603
7.0862413e-05
0.0029913254
7.2710487e-05
0.0029914904
7.4608625e-05
0.0029916559
7.6586419e-05
0.002991819
7.8635448e-05
0.0029919823
8.0855259e-05
0.0029921269
8.3115323e-05
0.0029922709
8.5973123e-05
0.002992378
8.9412248e-05
0.0029929932
9.9079152e-05
9.448109e-05
0.0030885273
4.7231315e-05
0.0030886709
4.8434817e-05
0.0030888154
4.9665474e-05
0.0030889619
5.0929819e-05
0.00308911
5.22271e-05
0.0030892592
5.3553478e-05
0.0030894105
5.4917058e-05
0.0030895635
5.6315146e-05
0.0030897177
5.7746193e-05
0.0030898745
5.9222076e-05
0.003090033
6.0733492e-05
0.0030901929
6.2279677e-05
0.0030903551
6.3873256e-05
0.0030905189
6.5507069e-05
0.0030906847
6.718844e-05
0.0030908519
6.8915838e-05
0.0030910203
7.0693967e-05
0.003091191
7.2539841e-05
0.0030913617
7.4437928e-05
0.0030915329
7.6415207e-05
0.0030917017
7.8466599e-05
0.0030918705
8.0686489e-05
0.0030920219
8.2963956e-05
0.0030921694
8.5825541e-05
0.0030922933
8.9288397e-05
0.0030929077
9.8464698e-05
9.4777684e-05
0.003191635
4.7084444e-05
0.0031917834
4.8286374e-05
0.003191933
4.9515908e-05
0.0031920843
5.0778449e-05
0.0031922375
5.2073958e-05
0.0031923919
5.3399088e-05
0.0031925483
5.4760629e-05
0.0031927065
5.6156999e-05
0.003192866
5.7586678e-05
0.0031930281
5.9059983e-05
0.0031931919
6.0569626e-05
0.0031933573
6.2114335e-05
0.003193525
6.3705523e-05
0.0031936943
6.5337743e-05
0.0031938657
6.7017042e-05
0.0031940386
6.874292e-05
0.0031942129
7.0519744e-05
0.0031943893
7.2363436e-05
0.0031945659
7.4261328e-05
0.003194743
7.6238119e-05
0.0031949178
7.8291745e-05
0.0031950923
8.0511976e-05
0.0031952506
8.2805685e-05
0.0031954027
8.5673389e-05
0.003195541
8.9150097e-05
0.0031961551
9.7850622e-05
9.5005593e-05
0.0032981834
4.6932579e-05
0.0032983369
4.8132887e-05
0.0032984916
4.9361194e-05
0.0032986481
5.0621941e-05
0.0032988064
5.1915622e-05
0.0032989661
5.3239394e-05
0.0032991278
5.459891e-05
0.0032992914
5.5993472e-05
0.0032994564
5.7421677e-05
0.0032996239
5.8892441e-05
0.0032997933
6.0400187e-05
0.0032999643
6.1943337e-05
0.0033001377
6.3532132e-05
0.0033003128
6.5162631e-05
0.00330049
6.6839841e-05
0.0033006689
6.8564098e-05
0.0033008491
7.0339544e-05
0.0033010314
7.2181066e-05
0.0033012141
7.4078622e-05
0.0033013973
7.6054939e-05
0.0033015784
7.8110663e-05
0.0033017589
8.0331471e-05
0.0033019243
8.264029e-05
0.0033020822
8.5515523e-05
0.0033022322
8.9000075e-05
0.0033028467
9.7236161e-05
9.5159429e-05
0.0034082872
4.6775544e-05
0.0034084459
4.7974182e-05
0.003408606
4.9201161e-05
0.0034087678
5.0460112e-05
0.0034089315
5.1751914e-05
0.0034090967
5.307422e-05
0.0034092639
5.4431714e-05
0.003409433
5.5824381e-05
0.0034096036
5.7251009e-05
0.0034097768
5.8719256e-05
0.003409952
6.022499e-05
0.0034101289
6.1766488e-05
0.0034103081
6.3352884e-05
0.0034104892
6.4981539e-05
0.0034106724
6.6656633e-05
0.0034108573
6.8379171e-05
0.0034110437
7.0153158e-05
0.0034112323
7.1992517e-05
0.0034114213
7.3889598e-05
0.0034116108
7.5865434e-05
0.0034117983
7.7923149e-05
0.0034119851
8.0144663e-05
0.0034121579
8.2467484e-05
0.0034123228
8.535067e-05
0.003412486
8.8836845e-05
0.0034130904
9.6631739e-05
9.5251585e-05
0.0035220651
4.6613156e-05
0.0035222292
4.781008e-05
0.0035223947
4.9035634e-05
0.003522562
5.0292777e-05
0.0035227313
5.1582649e-05
0.0035229021
5.2903383e-05
0.003523075
5.4258845e-05
0.0035232498
5.5649539e-05
0.0035234264
5.7074481e-05
0.0035236054
5.8540225e-05
0.0035237865
6.004384e-05
0.0035239694
6.1583591e-05
0.0035241548
6.3167574e-05
0.003524342
6.4794267e-05
0.0035245315
6.6467206e-05
0.0035247227
6.8187929e-05
0.0035249155
6.9960373e-05
0.0035251104
7.1797567e-05
0.003525306
7.3694037e-05
0.003525502
7.5669371e-05
0.0035256962
7.7728962e-05
0.0035258897
7.995121e-05
0.0035260698
8.2287397e-05
0.0035262437
8.5176762e-05
0.0035264214
8.8659138e-05
0.0035270094
9.6043759e-05
9.5291302e-05
0.0036396393
4.6445228e-05
0.003639809
4.7640396e-05
0.0036399802
4.8864429e-05
0.0036401532
5.011974e-05
0.0036403282
5.1407635e-05
0.0036405049
5.2726694e-05
0.0036406837
5.4080104e-05
0.0036408645
5.546875e-05
0.003641047
5.6891899e-05
0.0036412321
5.8355142e-05
0.0036414194
5.9856538e-05
0.0036416086
6.1394438e-05
0.0036418002
6.2975987e-05
0.0036419938
6.4600606e-05
0.0036421897
6.6271343e-05
0.0036423875
6.7990156e-05
0.0036425869
6.9760967e-05
0.0036427884
7.1595986e-05
0.0036429908
7.349171e-05
0.0036431936
7.5466509e-05
0.0036433948
7.7527846e-05
0.0036435951
7.9750833e-05
0.0036437829
8.2099662e-05
0.0036439663
8.4993341e-05
0.0036441578
8.8467585e-05
0.0036447318
9.5469814e-05
9.5282384e-05
0.0037611362
4.627157e-05
0.0037613117
4.7464938e-05
0.0037614887
4.8687358e-05
0.0037616677
4.9940806e-05
0.0037618486
5.1226676e-05
0.0037620314
5.2543958e-05
0.0037622162
5.3895285e-05
0.0037624031
5.528181e-05
0.003762592
5.6703058e-05
0.0037627833
5.8163792e-05
0.003762977
5.9662874e-05
0.0037631726
6.1198817e-05
0.0037633707
6.2777902e-05
0.0037635709
6.4400337e-05
0.0037637735
6.6068816e-05
0.003763978
6.7785623e-05
0.0037641843
6.9554706e-05
0.0037643927
7.1387534e-05
0.0037646021
7.3282375e-05
0.003764812
7.5256592e-05
0.0037650203
7.7319531e-05
0.0037652279
7.9543232e-05
0.0037654237
8.1903883e-05
0.003765617
8.4800034e-05
0.0037658223
8.8262229e-05
0.0037663841
9.4908027e-05
9.5227695e-05
0.0038866895
4.6092094e-05
0.0038868709
4.728362e-05
0.0038870539
4.8504337e-05
0.0038872388
4.9755881e-05
0.0038874258
5.1039678e-05
0.0038876147
5.2355085e-05
0.0038878057
5.3704289e-05
0.0038879989
5.5088621e-05
0.0038881941
5.650786e-05
0.0038883918
5.7966065e-05
0.0038885919
5.9462742e-05
0.0038887941
6.0996617e-05
0.0038889988
6.2573203e-05
0.0038892058
6.4193344e-05
0.0038894151
6.58595e-05
0.0038896265
6.7574205e-05
0.0038898398
6.9341459e-05
0.0038900553
7.117207e-05
0.0038902717
7.3065889e-05
0.0038904889
7.5039461e-05
0.0038907046
7.7103841e-05
0.0038909196
7.9328203e-05
0.0038911237
8.1699759e-05
0.0038913272
8.4596508e-05
0.0038915458
8.8043645e-05
0.0038920976
9.4356288e-05
9.5130057e-05
0.0040164583
4.5906818e-05
0.0040166454
4.7096463e-05
0.0040168344
4.8315397e-05
0.0040170253
4.9564997e-05
0.0040172183
5.0846678e-05
0.0040174132
5.2160121e-05
0.0040176104
5.3507161e-05
0.0040178097
5.4889237e-05
0.0040180112
5.6306368e-05
0.0040182153
5.7762022e-05
0.0040184218
5.9256213e-05
0.0040186305
6.0787915e-05
0.0040188418
6.2361962e-05
0.0040190554
6.3979714e-05
0.0040192714
6.5643482e-05
0.0040194896
6.7355993e-05
0.0040197098
6.9121322e-05
0.0040199321
7.0949686e-05
0.0040201557
7.2842353e-05
0.0040203799
7.4815211e-05
0.0040206029
7.6880865e-05
0.0040208253
7.9105803e-05
0.0040210378
8.1487298e-05
0.0040212515
8.438275e-05
0.0040214832
8.7811975e-05
0.0040220254
9.3814117e-05
9.4991612e-05
0.0044900347
0.0044902442
0.0044904557
0.0044906694
0.0044908853
0.0044911036
0.0044913242
0.0044915473
0.0044917728
0.0044920011
0.0044922322
0.0044924658
0.0044927021
0.0044929411
0.0044931828
0.004493427
0.0044936733
0.0044939222
0.0044941724
0.0044944234
7.4564146e-05
0.0044946733
7.6630973e-05
0.0044949227
7.88564e-05
0.0044951625
8.1247481e-05
0.004495406
8.4139331e-05
0.0044956709
8.7547036e-05
0.0044962486
9.323645e-05
9.4798417e-05
0.0055835357
0.0055838477
0.0055841594
0.0055844613
0.0055847707
0.005585109
0.0055857894
)
;

boundaryField
{
    inlet
    {
        type            calculated;
        value           nonuniform List<scalar> 0();
    }
    top
    {
        type            calculated;
        value           nonuniform List<scalar> 0();
    }
    outlet
    {
        type            calculated;
        value           nonuniform List<scalar> 
18
(
0.0024570161
0.002539108
0.0026239741
0.0027116517
0.0028022533
0.0028958795
0.0029926311
0.0030926112
0.0031959272
0.0033026928
0.0034129983
0.0035269697
0.0036447407
0.0037664388
0.0038921952
0.0040221638
0.0044964418
0.0055860795
)
;
    }
    slipsurface
    {
        type            calculated;
        value           nonuniform List<scalar> 0();
    }
    bottom
    {
        type            calculated;
        value           nonuniform List<scalar> 0();
    }
    frontandback
    {
        type            empty;
    }
    procBoundary8to9
    {
        type            processor;
        value           nonuniform List<scalar> 
28
(
4.5699398e-05
4.6886992e-05
4.810392e-05
4.9351345e-05
5.0630683e-05
5.19419e-05
5.3286548e-05
5.4666114e-05
5.6080854e-05
5.7533715e-05
5.902513e-05
6.0554366e-05
6.2125618e-05
6.3740684e-05
6.5401795e-05
6.7111834e-05
6.8874967e-05
7.0700868e-05
7.2592149e-05
-0.0055832226
7.4251073e-05
7.6318966e-05
7.8544699e-05
8.0945591e-05
8.3829947e-05
8.720874e-05
9.2555975e-05
9.4508322e-05
)
;
    }
    procBoundary8to11
    {
        type            processor;
        value           nonuniform List<scalar> 
17
(
-0.0024541135
-0.002536048
-0.0026207173
-0.0027082125
-0.0027986279
-0.0028920608
-0.002988612
-0.0030883852
-0.0031914881
-0.0032980315
-0.0034081302
-0.0035219027
-0.0036394714
-0.0037609625
-0.0038865101
-0.004016273
-0.0044898273
)
;
    }
    procBoundary8to13
    {
        type            processor;
        value           nonuniform List<scalar> 
27
(
-4.8246142e-05
-4.9459455e-05
-5.0695389e-05
-5.197599e-05
-5.3284472e-05
-5.4617056e-05
-5.599886e-05
-5.7406262e-05
-5.8845148e-05
-6.0344065e-05
-6.1863973e-05
-6.3420106e-05
-6.5033171e-05
-6.6674575e-05
-6.8373192e-05
-7.0108617e-05
-7.1895279e-05
-7.3759519e-05
-7.5653936e-05
-7.7636792e-05
-7.9667086e-05
-8.1888702e-05
-8.4028069e-05
-8.6952726e-05
-8.9728034e-05
-0.00010330853
-9.0783198e-05
)
;
    }
}


// ************************************************************************* //
