/*--------------------------------*- C++ -*----------------------------------*\
  =========                 |
  \\      /  F ield         | OpenFOAM: The Open Source CFD Toolbox
   \\    /   O peration     | Website:  https://openfoam.org
    \\  /    A nd           | Version:  12
     \\/     M anipulation  |
\*---------------------------------------------------------------------------*/
FoamFile
{
    format      ascii;
    class       volVectorField;
    location    "1800";
    object      U;
}
// * * * * * * * * * * * * * * * * * * * * * * * * * * * * * * * * * * * * * //

dimensions      [0 1 -1 0 0 0 0];

internalField   nonuniform List<vector> 
467
(
(1.0018229 0.0017016998 0)
(1.0018649 0.0016958615 0)
(1.0019073 0.0016897806 0)
(1.0019499 0.0016834782 0)
(1.0019927 0.0016769868 0)
(1.0020359 0.0016703323 0)
(1.0020793 0.0016635324 0)
(1.0021229 0.0016566157 0)
(1.0012572 0.0017424922 0)
(1.0012945 0.0017398476 0)
(1.0013321 0.0017371666 0)
(1.0013699 0.0017344132 0)
(1.0014082 0.0017315497 0)
(1.0014468 0.0017285378 0)
(1.0014858 0.0017253398 0)
(1.0015252 0.0017219205 0)
(1.001565 0.0017182517 0)
(1.0016052 0.001714316 0)
(1.0016457 0.0017101049 0)
(1.0016866 0.0017056132 0)
(1.0017278 0.0017008375 0)
(1.0017693 0.0016957821 0)
(1.0018111 0.0016904591 0)
(1.0018532 0.0016848805 0)
(1.0018955 0.0016790573 0)
(1.0019382 0.0016730092 0)
(1.0019811 0.0016667651 0)
(1.0020243 0.0016603506 0)
(1.0020677 0.0016537847 0)
(1.0021115 0.0016470928 0)
(1.0021556 0.0016402988 0)
(1.0022 0.0016334073 0)
(1.0022447 0.0016264209 0)
(1.0022898 0.0016193637 0)
(1.0023352 0.0016122511 0)
(1.0012403 0.0017233831 0)
(1.0012776 0.0017211851 0)
(1.0013151 0.0017189187 0)
(1.001353 0.0017165547 0)
(1.0013912 0.0017140617 0)
(1.0014298 0.0017114067 0)
(1.0014688 0.0017085569 0)
(1.0015082 0.0017054816 0)
(1.0015479 0.0017021554 0)
(1.001588 0.0016985614 0)
(1.0016285 0.0016946904 0)
(1.0016693 0.001690537 0)
(1.0017104 0.0016860988 0)
(1.0017519 0.001681379 0)
(1.0017936 0.0016763877 0)
(1.0018357 0.0016711368 0)
(1.0018781 0.001665638 0)
(1.0019207 0.0016599097 0)
(1.0019636 0.0016539773 0)
(1.0020068 0.0016478659 0)
(1.0020503 0.001641595 0)
(1.0020941 0.0016351878 0)
(1.0021382 0.0016286663 0)
(1.0021826 0.0016220389 0)
(1.0022274 0.0016153109 0)
(1.0022725 0.0016085017 0)
(1.002318 0.0016016278 0)
(1.0012197 0.0017000173 0)
(1.001257 0.0016983616 0)
(1.0012945 0.0016965991 0)
(1.0013323 0.0016947086 0)
(1.0013705 0.0016926654 0)
(1.001409 0.0016904427 0)
(1.0014479 0.0016880134 0)
(1.0014872 0.0016853516 0)
(1.0015268 0.0016824356 0)
(1.0015669 0.0016792495 0)
(1.0016072 0.001675784 0)
(1.001648 0.0016720338 0)
(1.001689 0.001667997 0)
(1.0017304 0.0016636764 0)
(1.0017721 0.0016590802 0)
(1.0018141 0.0016542196 0)
(1.0018565 0.0016491068 0)
(1.0018991 0.0016437587 0)
(1.001942 0.001638198 0)
(1.0019852 0.0016324479 0)
(1.0020287 0.0016265286 0)
(1.0020725 0.0016204611 0)
(1.0021166 0.0016142657 0)
(1.0021611 0.001607954 0)
(1.0022059 0.0016015334 0)
(1.002251 0.0015950205 0)
(1.0022965 0.0015884312 0)
(1.0011956 0.0016705124 0)
(1.0012327 0.001669562 0)
(1.0012702 0.0016684583 0)
(1.0013079 0.0016671886 0)
(1.001346 0.0016657358 0)
(1.0013844 0.0016640801 0)
(1.0014232 0.0016622006 0)
(1.0014624 0.0016600772 0)
(1.0015019 0.0016576921 0)
(1.0015418 0.0016550318 0)
(1.001582 0.0016520875 0)
(1.0016226 0.0016488545 0)
(1.0016636 0.0016453314 0)
(1.0017049 0.0016415207 0)
(1.0017465 0.0016374295 0)
(1.0017885 0.0016330678 0)
(1.0018307 0.0016284481 0)
(1.0018733 0.0016235859 0)
(1.0019162 0.0016185013 0)
(1.0019594 0.0016132157 0)
(1.0020029 0.001607749 0)
(1.0020467 0.0016021207 0)
(1.0020908 0.0015963497 0)
(1.0021353 0.0015904494 0)
(1.0021801 0.0015844298 0)
(1.0022253 0.0015783052 0)
(1.0022709 0.0015720912 0)
(1.0011684 0.0016345536 0)
(1.0012054 0.0016344399 0)
(1.0012427 0.0016341204 0)
(1.0012803 0.0016335905 0)
(1.0013182 0.0016328407 0)
(1.0013565 0.0016318589 0)
(1.0013951 0.001630631 0)
(1.0014341 0.0016291427 0)
(1.0014735 0.0016273809 0)
(1.0015132 0.0016253351 0)
(1.0015533 0.0016229981 0)
(1.0015937 0.0016203663 0)
(1.0016346 0.0016174388 0)
(1.0016757 0.001614218 0)
(1.0017173 0.0016107102 0)
(1.0017591 0.0016069245 0)
(1.0018013 0.0016028728 0)
(1.0018438 0.0015985694 0)
(1.0018866 0.0015940321 0)
(1.0019298 0.00158928 0)
(1.0019732 0.0015843322 0)
(1.002017 0.001579207 0)
(1.0020611 0.0015739218 0)
(1.0021056 0.0015684911 0)
(1.0021505 0.0015629266 0)
(1.0021957 0.0015572418 0)
(1.0022413 0.0015514511 0)
(1.001142 0.0015895884 0)
(1.0011787 0.0015905375 0)
(1.0012157 0.0015912249 0)
(1.001253 0.0015916529 0)
(1.0012907 0.0015918194 0)
(1.0013287 0.0015917195 0)
(1.0013671 0.0015913459 0)
(1.0014058 0.0015906906 0)
(1.0014449 0.0015897456 0)
(1.0014844 0.0015885043 0)
(1.0015243 0.0015869621 0)
(1.0015645 0.0015851167 0)
(1.0016051 0.0015829684 0)
(1.0016461 0.0015805202 0)
(1.0016875 0.0015777777 0)
(1.0017292 0.0015747495 0)
(1.0017712 0.0015714466 0)
(1.0018136 0.0015678822 0)
(1.0018564 0.001564072 0)
(1.0018995 0.001560033 0)
(1.0019429 0.0015557829 0)
(1.0019866 0.0015513387 0)
(1.0020308 0.0015467168 0)
(1.0020752 0.0015419317 0)
(1.0021201 0.0015369964 0)
(1.0021653 0.0015319237 0)
(1.0022109 0.0015267273 0)
(1.00111 0.0015345994 0)
(1.0011462 0.0015367337 0)
(1.0011828 0.001538551 0)
(1.0012197 0.0015400585 0)
(1.0012569 0.0015412601 0)
(1.0012945 0.0015421566 0)
(1.0013325 0.001542747 0)
(1.0013709 0.0015430289 0)
(1.0014097 0.0015429993 0)
(1.0014488 0.0015426558 0)
(1.0014884 0.0015419967 0)
(1.0015284 0.0015410222 0)
(1.0015687 0.0015397338 0)
(1.0016095 0.0015381354 0)
(1.0016506 0.0015362327 0)
(1.0016921 0.001534034 0)
(1.001734 0.0015315493 0)
(1.0017763 0.0015287909 0)
(1.0018189 0.0015257727 0)
(1.0018619 0.00152251 0)
(1.0019052 0.0015190187 0)
(1.0019489 0.0015153147 0)
(1.001993 0.0015114132 0)
(1.0020375 0.0015073286 0)
(1.0020823 0.0015030742 0)
(1.0021276 0.0014986629 0)
(1.0021732 0.0014941077 0)
(1.0010709 0.0014678708 0)
(1.0011063 0.001471431 0)
(1.0011421 0.0014746309 0)
(1.0011783 0.0014774794 0)
(1.0012149 0.001479983 0)
(1.0012519 0.0014821464 0)
(1.0012894 0.0014839728 0)
(1.0013272 0.0014854638 0)
(1.0013655 0.0014866207 0)
(1.0014042 0.0014874446 0)
(1.0014433 0.0014879368 0)
(1.0014829 0.0014880995 0)
(1.0015229 0.001487936 0)
(1.0015633 0.0014874508 0)
(1.0016041 0.0014866501 0)
(1.0016453 0.0014855416 0)
(1.0016869 0.0014841348 0)
(1.001729 0.0014824406 0)
(1.0017714 0.0014804712 0)
(1.0018142 0.0014782401 0)
(1.0018574 0.0014757615 0)
(1.001901 0.0014730494 0)
(1.001945 0.001470118 0)
(1.0019894 0.0014669809 0)
(1.0020342 0.0014636511 0)
(1.0020794 0.0014601411 0)
(1.002125 0.0014564635 0)
(1.0010247 0.0013860653 0)
(1.0010589 0.0013910469 0)
(1.0010937 0.001395646 0)
(1.0011288 0.0013998696 0)
(1.0011645 0.0014037239 0)
(1.0012006 0.001407214 0)
(1.0012372 0.0014103446 0)
(1.0012743 0.0014131193 0)
(1.0013118 0.0014155416 0)
(1.0013498 0.0014176147 0)
(1.0013883 0.0014193419 0)
(1.0014273 0.0014207271 0)
(1.0014667 0.0014217745 0)
(1.0015066 0.0014224894 0)
(1.0015469 0.0014228778 0)
(1.0015877 0.0014229469 0)
(1.0016289 0.0014227051 0)
(1.0016706 0.0014221617 0)
(1.0017127 0.0014213269 0)
(1.0017552 0.0014202118 0)
(1.0017982 0.001418828 0)
(1.0018416 0.0014171871 0)
(1.0018854 0.0014153009 0)
(1.0019296 0.0014131809 0)
(1.0019743 0.0014108384 0)
(1.0020194 0.0014082843 0)
(1.002065 0.0014055297 0)
(1.0009694 0.001291025 0)
(1.0010021 0.0012974879 0)
(1.0010353 0.0013035832 0)
(1.0010691 0.0013093133 0)
(1.0011034 0.001314681 0)
(1.0011383 0.0013196893 0)
(1.0011737 0.0013243414 0)
(1.0012097 0.0013286406 0)
(1.0012462 0.0013325904 0)
(1.0012833 0.0013361946 0)
(1.0013208 0.0013394571 0)
(1.001359 0.0013423824 0)
(1.0013976 0.0013449755 0)
(1.0014367 0.0013472419 0)
(1.0014764 0.0013491876 0)
(1.0015166 0.0013508195 0)
(1.0015572 0.0013521449 0)
(1.0015984 0.0013531718 0)
(1.00164 0.0013539087 0)
(1.0016821 0.0013543642 0)
(1.0017247 0.0013545474 0)
(1.0017677 0.001354467 0)
(1.0018113 0.0013541319 0)
(1.0018552 0.0013535508 0)
(1.0018997 0.0013527319 0)
(1.0019446 0.0013516836 0)
(1.0019899 0.0013504142 0)
(1.000908 0.0011750135 0)
(1.0009386 0.0011825231 0)
(1.0009699 0.0011897007 0)
(1.0010019 0.0011965418 0)
(1.0010345 0.0012030435 0)
(1.0010677 0.0012092036 0)
(1.0011016 0.001215021 0)
(1.0011361 0.0012204956 0)
(1.0011712 0.0012256282 0)
(1.001207 0.0012304205 0)
(1.0012433 0.0012348748 0)
(1.0012803 0.0012389947 0)
(1.0013178 0.0012427842 0)
(1.001356 0.0012462485 0)
(1.0013947 0.001249393 0)
(1.001434 0.0012522243 0)
(1.0014738 0.001254749 0)
(1.0015142 0.0012569744 0)
(1.0015552 0.001258908 0)
(1.0015966 0.0012605569 0)
(1.0016386 0.0012619283 0)
(1.0016811 0.0012630289 0)
(1.0017242 0.0012638653 0)
(1.0017677 0.0012644438 0)
(1.0018117 0.0012647708 0)
(1.0018563 0.0012648526 0)
(1.0019013 0.0012646957 0)
(1.0008367 0.0010514 0)
(1.000865 0.0010602315 0)
(1.000894 0.0010688352 0)
(1.0009237 0.0010771992 0)
(1.0009542 0.0010853128 0)
(1.0009854 0.001093167 0)
(1.0010173 0.0011007531 0)
(1.00105 0.0011080632 0)
(1.0010833 0.0011150903 0)
(1.0011174 0.0011218291 0)
(1.0011522 0.0011282749 0)
(1.0011876 0.0011344244 0)
(1.0012238 0.0011402753 0)
(1.0012606 0.0011458264 0)
(1.001298 0.0011510774 0)
(1.0013362 0.0011560289 0)
(1.001375 0.0011606824 0)
(1.0014143 0.0011650402 0)
(1.0014544 0.0011691041 0)
(1.001495 0.0011728754 0)
(1.0015362 0.0011763556 0)
(1.0015779 0.0011795456 0)
(1.0016203 0.0011824475 0)
(1.0016632 0.0011850637 0)
(1.0017066 0.0011873978 0)
(1.0017507 0.0011894542 0)
(1.0017952 0.0011912383 0)
(1.0007717 0.00088889334 0)
(1.0007977 0.00089740559 0)
(1.0008244 0.00090581142 0)
(1.0008518 0.00091410375 0)
(1.00088 0.00092227342 0)
(1.000909 0.00093031365 0)
(1.0009387 0.00093821719 0)
(1.0009692 0.00094597474 0)
(1.0010004 0.00095357797 0)
(1.0010324 0.00096101946 0)
(1.0010652 0.00096829196 0)
(1.0010987 0.00097538859 0)
(1.0011329 0.00098230335 0)
(1.0011679 0.00098903027 0)
(1.0012036 0.00099556228 0)
(1.00124 0.001001892 0)
(1.0012772 0.0010080116 0)
(1.001315 0.001013909 0)
(1.0013535 0.0010195671 0)
(1.0013927 0.0010249683 0)
(1.0014325 0.0010300955 0)
(1.001473 0.0010349327 0)
(1.001514 0.001039468 0)
(1.0015558 0.0010436924 0)
(1.0015981 0.0010475989 0)
(1.001641 0.0010511826 0)
(1.0016846 0.0010544413 0)
(1.0006884 0.00073929676 0)
(1.0007124 0.00074778681 0)
(1.0007373 0.00075634621 0)
(1.000763 0.00076487125 0)
(1.0007895 0.00077335928 0)
(1.0008169 0.00078187565 0)
(1.000845 0.00079040848 0)
(1.000874 0.00079891557 0)
(1.0009037 0.00080739572 0)
(1.0009343 0.00081585976 0)
(1.0009656 0.00082430168 0)
(1.0009978 0.00083270973 0)
(1.0010307 0.00084110217 0)
(1.0010644 0.00084953833 0)
(1.0010989 0.00085806807 0)
(1.0011341 0.00086667189 0)
(1.00117 0.00087528065 0)
(1.0012065 0.00088384899 0)
(1.0012437 0.00089231192 0)
(1.0012815 0.00090060772 0)
(1.0013199 0.00090873408 0)
(1.001359 0.00091666898 0)
(1.0013986 0.00092438209 0)
(1.001439 0.00093185755 0)
(1.00148 0.00093907249 0)
(1.0015217 0.00094600989 0)
(1.001564 0.00095265484 0)
(1.0006028 0.000530671 0)
(1.0006231 0.00053780751 0)
(1.0006442 0.00054526229 0)
(1.0006659 0.0005531478 0)
(1.0006886 0.00056091976 0)
(1.0007121 0.00056844135 0)
(1.0007365 0.00057600997 0)
(1.0007617 0.0005836372 0)
(1.0007879 0.00059115123 0)
(1.000815 0.00059849105 0)
(1.000843 0.00060547428 0)
(1.000872 0.00061202989 0)
(1.0009024 0.00061879672 0)
(1.0009344 0.00062666847 0)
(1.0009675 0.00063555686 0)
(1.0010009 0.00064453574 0)
(1.0010347 0.00065349031 0)
(1.0010688 0.00066244168 0)
(1.0011033 0.00067067625 0)
(1.0011385 0.00067852443 0)
(1.0011745 0.00068652735 0)
(1.0012113 0.00069434174 0)
(1.0012488 0.00070196635 0)
(1.0012871 0.00070947975 0)
(1.0013262 0.0007167888 0)
(1.001366 0.00072389772 0)
(1.0014066 0.00073078135 0)
(1.0004955 0.00037155224 0)
(1.0005117 0.00037939896 0)
(1.0005285 0.00038735076 0)
(1.0005459 0.00039519849 0)
(1.0005639 0.00040328417 0)
(1.0005825 0.00041185689 0)
(1.0006017 0.0004207506 0)
(1.0006127 0.00042583319 0)
(1.0006088 0.00042532599 0)
(1.000601 0.00042516547 0)
(1.0006033 0.00043068826 0)
(1.0006545 0.00045364051 0)
(1.000709 0.00047231921 0)
(1.0007581 0.0004857418 0)
(1.0007956 0.0004962944 0)
(1.0008356 0.0005104584 0)
(1.0008609 0.00051977844 0)
(1.000869 0.00052586183 0)
(1.00089 0.00053674986 0)
(1.0009176 0.00054719384 0)
(1.000948 0.00055800717 0)
(1.0009829 0.00057043376 0)
(1.0010164 0.0005819419 0)
(1.0010519 0.0005937119 0)
(1.001088 0.00060534633 0)
(1.001125 0.00061685279 0)
(1.0011628 0.00062825331 0)
(1.0002647 0.00011229007 0)
(1.0002741 0.00011520725 0)
(1.0002845 0.00011836366 0)
(1.0002963 0.0001217784 0)
(1.0003093 0.00012546985 0)
(1.0003239 0.00012945245 0)
(1.0003398 0.00013373315 0)
(1.0003568 0.0001383124 0)
(1.0003746 0.00014318448 0)
(1.0003929 0.00014835052 0)
(1.0004109 0.00015384311 0)
(1.0004282 0.00015965077 0)
(1.0004453 0.0001656614 0)
(1.0004645 0.00017180055 0)
(1.000487 0.00017820886 0)
(1.0005113 0.00018500401 0)
(1.0005349 0.00019194465 0)
(1.0005576 0.00019892857 0)
(1.0005784 0.00020609182 0)
(1.0005984 0.00021342297 0)
(1.0006206 0.0002210716 0)
(1.0006449 0.00022916988 0)
(1.000671 0.00023764723 0)
(1.0006989 0.00024649166 0)
(1.0007285 0.00025575295 0)
(1.0007597 0.00026538723 0)
(1.0007913 0.00027534062 0)
)
;

boundaryField
{
    inlet
    {
        type            fixedValue;
        value           nonuniform List<vector> 0();
    }
    top
    {
        type            zeroGradient;
    }
    outlet
    {
        type            zeroGradient;
    }
    slipsurface
    {
        type            slip;
    }
    bottom
    {
        type            fixedValue;
        value           nonuniform List<vector> 0();
    }
    frontandback
    {
        type            empty;
    }
    procBoundary10to0
    {
        type            processor;
        value           uniform (1.0012202 0.0017451303 0);
    }
    procBoundary10to1
    {
        type            processor;
        value           nonuniform List<vector> 
16
(
(1.0012033 0.0017255354 0)
(1.0011827 0.0017015807 0)
(1.0011586 0.001671316 0)
(1.0011316 0.0016344606 0)
(1.0011055 0.0015883702 0)
(1.0010741 0.0015321374 0)
(1.0010358 0.0014639392 0)
(1.0009909 0.0013806935 0)
(1.0009373 0.0012841927 0)
(1.000878 0.0011671773 0)
(1.0008092 0.0010423529 0)
(1.0007465 0.00088028091 0)
(1.0006652 0.00073089346 0)
(1.0005835 0.00052305054 0)
(1.0004797 0.00036424306 0)
(1.0002561 0.00010958981 0)
)
;
    }
    procBoundary10to9
    {
        type            processor;
        value           nonuniform List<vector> 
17
(
(1.002381 0.0016050812 0)
(1.0023639 0.001594692 0)
(1.0023425 0.0015817726 0)
(1.0023168 0.0015657974 0)
(1.0022873 0.0015455662 0)
(1.0022569 0.0015214194 0)
(1.0022192 0.0014894208 0)
(1.0021711 0.0014526303 0)
(1.002111 0.0014025853 0)
(1.0020358 0.0013489323 0)
(1.0019468 0.0012643067 0)
(1.0018403 0.0011927563 0)
(1.0017288 0.0010573752 0)
(1.001607 0.00095899488 0)
(1.001448 0.00073741488 0)
(1.0012013 0.00063936386 0)
(1.0008303 0.00028686578 0)
)
;
    }
    procBoundary10to11
    {
        type            processor;
        value           nonuniform List<vector> 
29
(
(1.0018267 0.0017112391 0)
(1.0018688 0.0017051775 0)
(1.0019111 0.0016988749 0)
(1.0019536 0.0016923535 0)
(1.0019965 0.00168565 0)
(1.0020395 0.0016787895 0)
(1.0020829 0.0016717883 0)
(1.0021265 0.0016646791 0)
(1.0012692 0.0017576576 0)
(1.0013064 0.0017546694 0)
(1.0013439 0.00175167 0)
(1.0013817 0.001748618 0)
(1.00142 0.0017454701 0)
(1.0014586 0.0017421836 0)
(1.0014976 0.0017387165 0)
(1.001537 0.0017350297 0)
(1.0015768 0.0017310927 0)
(1.001617 0.0017268883 0)
(1.0016575 0.0017224095 0)
(1.0016984 0.0017176506 0)
(1.0017396 0.0017126077 0)
(1.0017811 0.001707286 0)
(1.0017811 0.001707286 0)
(1.0021669 0.001649608 0)
(1.0021669 0.001649608 0)
(1.0022112 0.0016425082 0)
(1.0022559 0.0016353176 0)
(1.0023009 0.0016280661 0)
(1.0023462 0.0016207667 0)
)
;
    }
}


// ************************************************************************* //
