/*--------------------------------*- C++ -*----------------------------------*\
  =========                 |
  \\      /  F ield         | OpenFOAM: The Open Source CFD Toolbox
   \\    /   O peration     | Website:  https://openfoam.org
    \\  /    A nd           | Version:  12
     \\/     M anipulation  |
\*---------------------------------------------------------------------------*/
FoamFile
{
    format      ascii;
    class       volScalarField;
    location    "200";
    object      nut;
}
// * * * * * * * * * * * * * * * * * * * * * * * * * * * * * * * * * * * * * //

dimensions      [0 2 -1 0 0 0 0];

internalField   nonuniform List<scalar> 
1767
(
8.8908713e-08
9.7861161e-08
1.08503e-07
1.1272495e-07
1.1569441e-07
1.1701883e-07
1.1684668e-07
1.1526472e-07
1.1237837e-07
1.0834454e-07
1.0336136e-07
7.9691309e-08
8.8614071e-08
9.7931557e-08
1.0274025e-07
1.061172e-07
1.0789239e-07
1.0828018e-07
1.0738459e-07
1.0529551e-07
1.0213413e-07
9.8057625e-08
9.3253951e-08
8.788531e-08
8.2097347e-08
7.5985635e-08
6.928052e-08
6.0648129e-08
5.200837e-08
4.3563303e-08
3.5522066e-08
2.8099525e-08
2.1497696e-08
1.5875017e-08
1.1313445e-08
7.799365e-09
5.229854e-09
3.442156e-09
2.252392e-09
1.4885072e-09
1.0098201e-09
7.1284193e-10
5.2745071e-10
4.0893769e-10
3.2996112e-10
2.7423589e-10
2.3211913e-10
7.072609e-08
7.9651494e-08
8.7739855e-08
9.2761499e-08
9.6429733e-08
9.860222e-08
9.9492532e-08
9.92076e-08
9.7828875e-08
9.5453047e-08
9.2203312e-08
8.8232042e-08
8.3689458e-08
7.8715847e-08
7.3421069e-08
6.7874207e-08
6.2064919e-08
5.4495497e-08
4.6894023e-08
3.9462013e-08
3.2382884e-08
2.5845392e-08
2.002454e-08
1.5053463e-08
1.0996384e-08
7.8362055e-09
5.4838597e-09
3.8043804e-09
2.6474377e-09
1.8721294e-09
1.3614469e-09
1.0267059e-09
8.0523857e-10
6.5503721e-10
5.4900012e-10
4.699408e-10
6.2079028e-08
7.0772331e-08
7.8111486e-08
8.2979757e-08
8.6736555e-08
8.9233357e-08
9.0561604e-08
9.0811602e-08
9.0059867e-08
8.8386943e-08
8.5889186e-08
8.2686117e-08
7.8907027e-08
7.4680069e-08
7.0117246e-08
6.5302678e-08
6.0287076e-08
5.5083168e-08
4.8680708e-08
4.2020909e-08
3.5516501e-08
2.9327243e-08
2.3615356e-08
1.8527571e-08
1.4171125e-08
1.0593505e-08
7.7759952e-09
5.6438193e-09
4.0871457e-09
2.9842563e-09
2.2201328e-09
1.6974342e-09
1.3403441e-09
1.0934948e-09
9.184096e-10
7.8912169e-10
5.3810066e-08
6.2038391e-08
6.894811e-08
7.3545847e-08
7.7221204e-08
7.9919213e-08
8.1591378e-08
8.2289486e-08
8.2078142e-08
8.1024357e-08
7.9203103e-08
7.6705455e-08
7.3635968e-08
7.0105188e-08
6.6218353e-08
6.2064388e-08
5.7708324e-08
5.3186885e-08
4.8515955e-08
4.3171741e-08
3.7370648e-08
3.1716734e-08
2.6347477e-08
2.1399389e-08
1.6991597e-08
1.3207126e-08
1.0079556e-08
7.5906631e-09
5.679293e-09
4.2572568e-09
3.2265485e-09
2.4933209e-09
1.976601e-09
1.6118671e-09
1.3508189e-09
1.1588031e-09
4.5983415e-08
5.360965e-08
6.0136346e-08
6.449016e-08
6.8039317e-08
7.0805664e-08
7.2703738e-08
7.3748757e-08
7.3984214e-08
7.3461454e-08
7.223702e-08
7.0377885e-08
6.7963846e-08
6.5084603e-08
6.1832282e-08
5.8292282e-08
5.4535341e-08
5.061212e-08
4.6554802e-08
4.2385373e-08
3.7955712e-08
3.2935952e-08
2.8058045e-08
2.3439115e-08
1.9190593e-08
1.5405751e-08
1.2146999e-08
9.437689e-09
7.2614729e-09
5.5691574e-09
4.2903404e-09
3.3461211e-09
2.6598579e-09
2.1643236e-09
1.8050153e-09
1.540214e-09
3.8677368e-08
4.5611381e-08
5.166975e-08
5.5827558e-08
5.924845e-08
6.1998379e-08
6.4015224e-08
6.5302724e-08
6.5886745e-08
6.5802551e-08
6.509011e-08
6.3796163e-08
6.1977888e-08
5.9703403e-08
5.7047922e-08
5.4087115e-08
5.0890018e-08
4.7513302e-08
4.3999632e-08
4.0380796e-08
3.6686482e-08
3.2944566e-08
2.8715079e-08
2.4541896e-08
2.0603732e-08
1.6988332e-08
1.3767227e-08
1.0986852e-08
8.6633265e-09
6.7825003e-09
5.3049261e-09
4.1742315e-09
3.3266627e-09
2.6995839e-09
2.2374118e-09
1.8944154e-09
3.1988133e-08
3.8155119e-08
4.3607896e-08
4.760801e-08
5.0884258e-08
5.356402e-08
5.5619504e-08
5.705759e-08
5.7895677e-08
5.8157155e-08
5.7868587e-08
5.7060483e-08
5.577085e-08
5.4047633e-08
5.1947826e-08
4.9533497e-08
4.6866304e-08
4.4002206e-08
4.0988343e-08
3.7863011e-08
3.4660252e-08
3.1411897e-08
2.8145551e-08
2.4715601e-08
2.1177344e-08
1.7849137e-08
1.4800028e-08
1.2084309e-08
9.7359995e-09
7.7659745e-09
6.1619956e-09
4.8920591e-09
3.9105517e-09
3.1656664e-09
2.6062217e-09
2.186448e-09
2.602892e-08
3.1350784e-08
3.6117226e-08
3.9878187e-08
4.2977671e-08
4.5551514e-08
4.7590574e-08
4.9106732e-08
5.0115792e-08
5.0635295e-08
5.0683116e-08
5.0278109e-08
4.9443412e-08
4.8209833e-08
4.6617028e-08
4.4711926e-08
4.2545177e-08
4.0166918e-08
3.7623355e-08
3.4955101e-08
3.2198769e-08
2.9388496e-08
2.6554911e-08
2.3729342e-08
2.0945107e-08
1.7977097e-08
1.5190155e-08
1.2643667e-08
1.0377685e-08
8.4170131e-09
6.7687225e-09
5.4217907e-09
4.3495705e-09
3.5146097e-09
2.8745555e-09
2.3875982e-09
2.0923551e-08
2.5316813e-08
2.9377005e-08
3.2732229e-08
3.5593322e-08
3.8022584e-08
4.0000229e-08
4.1536171e-08
4.26458e-08
4.3344557e-08
4.3645866e-08
4.356141e-08
4.3104031e-08
4.2291375e-08
4.1148294e-08
3.9707108e-08
3.8005931e-08
3.6085828e-08
3.398787e-08
3.1750937e-08
2.9411496e-08
2.7004184e-08
2.45612e-08
2.211349e-08
1.969394e-08
1.7331341e-08
1.4960678e-08
1.2651321e-08
1.0547231e-08
8.678732e-09
7.0638151e-09
5.706201e-09
4.5953057e-09
3.7082807e-09
3.0139019e-09
2.4773556e-09
1.679498e-08
2.0184805e-08
2.3489989e-08
2.6330414e-08
2.8860591e-08
3.1078284e-08
3.2938353e-08
3.4437228e-08
3.5584151e-08
3.6391414e-08
3.6869568e-08
3.7026174e-08
3.6867673e-08
3.640261e-08
3.5644436e-08
3.461292e-08
3.3333962e-08
3.1838173e-08
3.0158824e-08
2.8329843e-08
2.638477e-08
2.4356541e-08
2.2276932e-08
2.0176513e-08
1.8086098e-08
1.6034243e-08
1.4047869e-08
1.2153202e-08
1.0262673e-08
8.5457785e-09
7.027121e-09
5.7187328e-09
4.6214014e-09
3.7245827e-09
3.008131e-09
2.4456631e-09
1.3754555e-08
1.6085528e-08
1.8564058e-08
2.0818151e-08
2.2938001e-08
2.4852942e-08
2.6521471e-08
2.7918027e-08
2.9038061e-08
2.9886515e-08
3.0469638e-08
3.0791636e-08
3.0854888e-08
3.0662074e-08
3.0218647e-08
2.9534624e-08
2.8625348e-08
2.7511203e-08
2.6216565e-08
2.4768391e-08
2.319506e-08
2.1525735e-08
1.978974e-08
1.8016051e-08
1.6233617e-08
1.4470193e-08
1.2751515e-08
1.1102518e-08
9.5435586e-09
8.0584399e-09
6.6796854e-09
5.4671371e-09
4.4284738e-09
3.5620102e-09
2.856897e-09
2.2949989e-09
1.1901596e-08
1.3133238e-08
1.4725383e-08
1.6322689e-08
1.7946742e-08
1.9485426e-08
2.0884591e-08
2.2105313e-08
2.3129129e-08
2.3950199e-08
2.4567925e-08
2.4982178e-08
2.5191871e-08
2.5195703e-08
2.4993764e-08
2.4589086e-08
2.3988729e-08
2.3204199e-08
2.2251222e-08
2.1149028e-08
1.9919497e-08
1.8586464e-08
1.7175099e-08
1.571128e-08
1.422134e-08
1.2731308e-08
1.126584e-08
9.8482589e-09
8.4988472e-09
7.235228e-09
6.0735924e-09
4.9894533e-09
4.0433158e-09
3.2404568e-09
2.5768009e-09
2.0411856e-09
1.1376389e-08
1.1438795e-08
1.2087423e-08
1.2962116e-08
1.4011841e-08
1.5106352e-08
1.6163993e-08
1.7135282e-08
1.7990447e-08
1.8713068e-08
1.929434e-08
1.9728504e-08
2.0010573e-08
2.01359e-08
2.0100788e-08
1.9903439e-08
1.9544871e-08
1.9029571e-08
1.8365773e-08
1.7565306e-08
1.664318e-08
1.5617088e-08
1.450691e-08
1.3334152e-08
1.2121506e-08
1.0892206e-08
9.669056e-09
8.4738564e-09
7.3263677e-09
6.2438084e-09
5.2415629e-09
4.3314721e-09
3.5126939e-09
2.7975501e-09
2.1992464e-09
1.7119242e-09
1.2312838e-08
1.1099654e-08
1.0751654e-08
1.0839944e-08
1.1253386e-08
1.1833905e-08
1.2484154e-08
1.3138005e-08
1.3754515e-08
1.4308211e-08
1.478221e-08
1.516463e-08
1.5446146e-08
1.5618777e-08
1.5675762e-08
1.561186e-08
1.5423841e-08
1.5111034e-08
1.4675748e-08
1.4123468e-08
1.3462795e-08
1.2705243e-08
1.1864942e-08
1.0958257e-08
1.000338e-08
9.0197914e-09
8.0274588e-09
7.0460647e-09
6.0941399e-09
5.1883316e-09
4.3434245e-09
3.5716172e-09
2.8823663e-09
2.2816514e-09
1.7652943e-09
1.3429096e-09
1.5293498e-08
1.2533616e-08
1.0788183e-08
1.0087951e-08
9.7753199e-09
9.7654771e-09
9.9477781e-09
1.0221982e-08
1.0536024e-08
1.0855671e-08
1.1155505e-08
1.1417668e-08
1.1628545e-08
1.1776782e-08
1.1852872e-08
1.184896e-08
1.1758834e-08
1.1578201e-08
1.1305046e-08
1.0939899e-08
1.0485982e-08
9.9492415e-09
9.3382632e-09
8.6640997e-09
7.9400097e-09
7.1810755e-09
6.4035974e-09
5.6243639e-09
4.8598533e-09
4.1254696e-09
3.4351711e-09
2.8009934e-09
2.2326381e-09
1.7371407e-09
1.3179328e-09
9.7245628e-10
2.0734365e-08
1.5924687e-08
1.2865199e-08
1.0911279e-08
9.6649231e-09
8.9940217e-09
8.6492731e-09
8.4724133e-09
8.4215724e-09
8.4479803e-09
8.5126616e-09
8.5918731e-09
8.6677478e-09
8.7251338e-09
8.7518729e-09
8.7379983e-09
8.675104e-09
8.5563954e-09
8.3768954e-09
8.1335953e-09
7.8256255e-09
7.4544047e-09
7.0237143e-09
6.5396937e-09
6.0107561e-09
5.4473864e-09
4.8617494e-09
4.2671161e-09
3.6771718e-09
3.1053016e-09
2.5640545e-09
2.0646561e-09
1.6165178e-09
1.2267603e-09
8.9953723e-10
6.3543786e-10
2.8759548e-08
2.2000506e-08
1.720905e-08
1.3706083e-08
1.1376403e-08
9.8287494e-09
8.7449533e-09
7.9902076e-09
7.4955902e-09
7.1612918e-09
6.9250462e-09
6.759593e-09
6.6407907e-09
6.5467587e-09
6.4620869e-09
6.3746575e-09
6.2739625e-09
6.151176e-09
5.9992762e-09
5.8128647e-09
5.5882037e-09
5.3233742e-09
5.0184033e-09
4.6753472e-09
4.2983373e-09
3.8935437e-09
3.4689811e-09
3.0341315e-09
2.5994053e-09
2.1755363e-09
1.7730271e-09
1.4015786e-09
1.0695275e-09
7.8333255e-10
5.4700591e-10
3.6150369e-10
3.987933e-08
3.1159516e-08
2.443183e-08
1.9123445e-08
1.5336877e-08
1.2579741e-08
1.0561922e-08
9.0890517e-09
7.9745548e-09
7.1286815e-09
6.4842348e-09
5.988813e-09
5.6055804e-09
5.2947314e-09
5.0368308e-09
4.8160679e-09
4.6183312e-09
4.4317807e-09
4.2473511e-09
4.0576636e-09
3.85681e-09
3.6404384e-09
3.4058229e-09
3.1519075e-09
2.8793906e-09
2.5907845e-09
2.2903646e-09
1.9839676e-09
1.6786102e-09
1.3820409e-09
1.1022376e-09
8.4666296e-10
6.2163747e-10
4.3195006e-10
2.804509e-10
1.6747088e-10
5.4070533e-08
4.3643251e-08
3.5124755e-08
2.7801829e-08
2.2228518e-08
1.7984655e-08
1.470909e-08
1.2183264e-08
1.0207464e-08
8.6571626e-09
7.4381417e-09
6.4674498e-09
5.6819313e-09
5.0484025e-09
4.5304251e-09
4.10146e-09
3.7410547e-09
3.4297249e-09
3.1549929e-09
2.9062929e-09
2.6748979e-09
2.4538806e-09
2.2380468e-09
2.0237733e-09
1.8089957e-09
1.5932566e-09
1.3776907e-09
1.1649209e-09
9.5876855e-10
7.6400135e-10
5.8582452e-10
4.2866593e-10
2.9570821e-10
1.88983e-10
1.0922256e-10
5.5274123e-11
7.129492e-08
5.9485328e-08
4.937394e-08
4.0202057e-08
3.2716914e-08
2.6771133e-08
2.1951996e-08
1.8058945e-08
1.4910429e-08
1.2354834e-08
1.0275948e-08
8.5760507e-09
7.184987e-09
6.047914e-09
5.1167461e-09
4.3500464e-09
3.7145051e-09
3.1868931e-09
2.744799e-09
2.3704826e-09
2.0496857e-09
1.7707514e-09
1.5245914e-09
1.304157e-09
1.104222e-09
9.2130606e-10
7.5355433e-10
6.0060157e-10
4.6322328e-10
3.4332555e-10
2.4303101e-10
1.6241608e-10
1.0031703e-10
5.5413881e-11
2.6114279e-11
9.8411603e-12
9.1265394e-08
7.8279384e-08
6.6975499e-08
5.6062184e-08
4.6879357e-08
3.9129051e-08
3.2689003e-08
2.7278886e-08
2.2731541e-08
1.8904942e-08
1.5683049e-08
1.2972682e-08
1.0695677e-08
8.7898079e-09
7.1996977e-09
5.8765128e-09
4.7796835e-09
3.8738641e-09
3.1274973e-09
2.5133875e-09
2.0085496e-09
1.5938198e-09
1.2529587e-09
9.725865e-10
7.4198397e-10
5.5282353e-10
3.9888932e-10
2.7580841e-10
1.8043948e-10
1.1114049e-10
6.5281094e-11
3.6086886e-11
1.7938655e-11
7.4803628e-12
2.3893155e-12
5.293834e-13
1.1345523e-07
9.9329775e-08
8.7637193e-08
7.5099748e-08
6.4004575e-08
5.4600187e-08
4.6700292e-08
3.9843129e-08
3.3901002e-08
2.8734722e-08
2.423791e-08
2.0326474e-08
1.6932094e-08
1.3998409e-08
1.1476288e-08
9.3218257e-09
7.4945347e-09
5.9572501e-09
4.6749623e-09
3.6152456e-09
2.7484138e-09
2.0473637e-09
1.4875065e-09
1.0469926e-09
7.0677525e-10
4.5057015e-10
2.6468819e-10
1.3770103e-10
5.9382723e-11
2.0626379e-11
7.1325145e-12
2.5232079e-12
8.0304374e-13
2.0111945e-13
3.6775685e-14
4.9902914e-15
1.3770721e-07
1.2254505e-07
1.1116752e-07
9.6107679e-08
8.3842784e-08
7.30446e-08
6.3755549e-08
5.5601571e-08
4.8382554e-08
4.1948681e-08
3.6194354e-08
3.1042981e-08
2.6436234e-08
2.2328453e-08
1.8682282e-08
1.5465116e-08
1.264698e-08
1.0199401e-08
8.0945355e-09
6.3048653e-09
4.8030276e-09
3.5617341e-09
2.5539552e-09
1.7533267e-09
1.134576e-09
6.7397849e-10
3.4981161e-10
1.4225676e-10
3.314144e-11
1.5536186e-12
7.9695348e-14
1.4197945e-14
3.2523726e-15
6.5795753e-16
1.1524112e-16
1.7800734e-17
1.6405692e-07
1.4811839e-07
1.3658472e-07
1.195048e-07
1.0607731e-07
9.4067307e-08
8.3593789e-08
7.4271764e-08
6.5899584e-08
5.8318352e-08
5.1411718e-08
4.5098236e-08
3.9320831e-08
3.4038756e-08
2.9222068e-08
2.4847548e-08
2.0895981e-08
1.7350501e-08
1.4195343e-08
1.1414854e-08
8.9927266e-09
6.9114302e-09
5.1518947e-09
3.6934279e-09
2.5138898e-09
1.5899769e-09
8.9876952e-10
4.1467869e-10
1.2251828e-10
9.6636253e-14
4.9371462e-17
1.0622505e-17
3.3890186e-18
9.5547043e-19
2.4011587e-19
5.3232766e-20
1.9253897e-07
1.7611269e-07
1.6380153e-07
1.4528127e-07
1.3089514e-07
1.1760749e-07
1.0602542e-07
9.5631416e-08
8.6199782e-08
7.7569984e-08
6.9617027e-08
6.2248132e-08
5.5398829e-08
4.9025385e-08
4.3098041e-08
3.75963e-08
3.2505845e-08
2.7816595e-08
2.3521274e-08
1.9614231e-08
1.6090443e-08
1.2944667e-08
1.0170649e-08
7.7604192e-09
5.7039393e-09
3.9878283e-09
2.6012858e-09
1.5053232e-09
7.9903796e-10
9.5237564e-12
2.9875884e-20
6.4513177e-21
3.1509462e-21
1.3315576e-21
4.9438861e-22
1.5839288e-22
2.2320649e-07
2.0652166e-07
1.9378102e-07
1.7375236e-07
1.5833732e-07
1.437738e-07
1.3106775e-07
1.1962227e-07
1.0917546e-07
9.9549325e-08
9.0612444e-08
8.2262245e-08
7.4423986e-08
6.7046287e-08
6.0094523e-08
5.3545566e-08
4.7384301e-08
4.1601432e-08
3.6191976e-08
3.1154122e-08
2.6488344e-08
2.2196643e-08
1.8281807e-08
1.4746538e-08
1.1593303e-08
8.8200148e-09
6.4393163e-09
4.3784835e-09
2.9129628e-09
1.3091496e-09
5.3810479e-20
4.6215018e-24
3.2663243e-24
2.0017213e-24
1.0678683e-24
4.8448028e-25
2.5612082e-07
2.3929653e-07
2.2631386e-07
2.048823e-07
1.8821172e-07
1.7300442e-07
1.5887299e-07
1.4636153e-07
1.3488949e-07
1.2426563e-07
1.1435117e-07
1.0503773e-07
9.624259e-08
8.7906147e-08
7.9986902e-08
7.2456372e-08
6.5295353e-08
5.84915e-08
5.2037717e-08
4.5931029e-08
4.0171787e-08
3.4763072e-08
2.9710183e-08
2.5019847e-08
2.0700954e-08
1.6757343e-08
1.3216119e-08
1.0025697e-08
7.2593541e-09
5.7552725e-09
1.2186542e-13
4.3151866e-27
3.9051861e-27
3.3376021e-27
2.9100645e-27
3.0887376e-27
2.9139063e-07
2.740792e-07
2.6204835e-07
2.3810692e-07
2.205154e-07
2.0520551e-07
1.8989479e-07
1.7613412e-07
1.6354663e-07
1.5185661e-07
1.4090886e-07
1.3059034e-07
1.2081248e-07
1.1150866e-07
1.0263022e-07
9.4142081e-08
8.6019202e-08
7.8244098e-08
7.080516e-08
6.3695485e-08
5.6912078e-08
5.045528e-08
4.4328386e-08
3.8536907e-08
3.308977e-08
2.799283e-08
2.3265293e-08
1.8935785e-08
1.4701099e-08
1.2524969e-08
6.4664583e-09
2.206182e-24
2.4222262e-27
2.6293573e-27
2.8406995e-27
3.0548101e-27
3.2921669e-07
3.0849792e-07
2.9777799e-07
2.7519551e-07
2.566975e-07
2.4050452e-07
2.2442465e-07
2.0927048e-07
1.9537602e-07
1.8247435e-07
1.7038103e-07
1.5896665e-07
1.4813477e-07
1.3781163e-07
1.2794093e-07
1.1847997e-07
1.0939652e-07
1.0066649e-07
9.2272298e-08
8.4201658e-08
7.6446702e-08
6.9003337e-08
6.1870819e-08
5.5051035e-08
4.8549272e-08
4.2371545e-08
3.6521351e-08
3.1066301e-08
2.573424e-08
2.1271356e-08
1.95317e-08
2.7059125e-14
2.2255606e-27
2.4467513e-27
2.6780316e-27
2.9176228e-27
3.693295e-07
3.2190468e-07
3.4811386e-07
3.1916138e-07
2.9768472e-07
2.7959327e-07
2.6219824e-07
2.4572605e-07
2.3038167e-07
2.1610664e-07
2.0273696e-07
1.9012384e-07
1.7815617e-07
1.6674966e-07
1.5583878e-07
1.4537207e-07
1.3530907e-07
1.2561814e-07
1.1627492e-07
1.0726103e-07
9.8563169e-08
9.0172285e-08
8.2083045e-08
7.4293116e-08
6.6803124e-08
5.9616988e-08
5.2731485e-08
4.6188335e-08
3.9957825e-08
3.3505344e-08
3.1270412e-08
1.9243056e-08
3.0179032e-22
2.217447e-27
2.4543149e-27
2.7054183e-27
4.0893103e-07
3.1281656e-07
3.8760987e-07
3.6947818e-07
3.4258597e-07
3.22112e-07
3.0290614e-07
2.8491026e-07
2.6809748e-07
2.5240111e-07
2.377009e-07
2.2384601e-07
2.107078e-07
1.9818821e-07
1.8621169e-07
1.7471844e-07
1.636605e-07
1.5299933e-07
1.427043e-07
1.327514e-07
1.2312224e-07
1.1380319e-07
1.0478463e-07
9.6060294e-08
8.7626632e-08
7.9483772e-08
7.162905e-08
6.4068782e-08
5.687699e-08
4.9548523e-08
4.368321e-08
4.2710169e-08
1.3452174e-09
8.6390575e-27
2.2034972e-27
2.4531704e-27
2.5112136e-06
6.7282374e-07
1.77528e-07
7.2701498e-08
6.3783538e-08
6.4616793e-08
6.7774281e-08
7.0587853e-08
7.260198e-08
7.3994824e-08
7.5004723e-08
7.5803729e-08
7.6494383e-08
7.7145778e-08
7.7783704e-08
7.8463052e-08
7.910476e-08
7.9946372e-08
7.9633021e-08
8.2960664e-08
2.6269839e-06
7.3212056e-07
2.0701956e-07
7.4974644e-08
5.8322378e-08
5.6620347e-08
5.8613099e-08
6.1022877e-08
6.2965856e-08
6.4402463e-08
6.5486119e-08
6.6360544e-08
6.71207e-08
6.7834027e-08
6.8527209e-08
6.925417e-08
6.9940598e-08
7.0808665e-08
7.0606448e-08
7.3753954e-08
2.7464281e-06
7.9481914e-07
2.4035719e-07
8.3057896e-08
5.504213e-08
5.0287627e-08
5.0634735e-08
5.2333037e-08
5.4014637e-08
5.5380794e-08
5.6467914e-08
5.737175e-08
5.81688e-08
5.8919011e-08
5.964681e-08
6.0403454e-08
6.111843e-08
6.2000481e-08
6.1901953e-08
6.4869952e-08
2.8695704e-06
8.6098838e-07
2.7732768e-07
9.6987066e-08
5.4729853e-08
4.5751948e-08
4.4123871e-08
4.4775431e-08
4.5960091e-08
4.7103516e-08
4.8094723e-08
4.8960468e-08
4.9745926e-08
5.0496028e-08
5.1228665e-08
5.1989821e-08
5.2711571e-08
5.3590066e-08
5.3583646e-08
5.6364204e-08
2.996435e-06
9.3070808e-07
3.1777198e-07
1.1618567e-07
5.8390468e-08
4.3476493e-08
3.9410967e-08
3.8622046e-08
3.9040195e-08
3.9773456e-08
4.0539394e-08
4.1276024e-08
4.1983294e-08
4.2682254e-08
4.3378946e-08
4.411055e-08
4.4810277e-08
4.5661014e-08
4.5729282e-08
4.8303539e-08
3.1270459e-06
1.0040666e-06
3.6159279e-07
1.3987162e-07
6.6895311e-08
4.4200317e-08
3.6687209e-08
3.4143593e-08
3.3508982e-08
3.3613513e-08
3.3997076e-08
3.4490588e-08
3.5034542e-08
3.5616453e-08
3.6224445e-08
3.6882544e-08
3.7523457e-08
3.8314333e-08
3.8432201e-08
4.0769309e-08
3.2614265e-06
1.0811589e-06
4.0874498e-07
1.677445e-07
8.0062262e-08
4.8537051e-08
3.6566351e-08
3.1659913e-08
2.962324e-08
2.8853395e-08
2.8674253e-08
2.8790492e-08
2.9069161e-08
2.9454186e-08
2.9909221e-08
3.0440138e-08
3.0977384e-08
3.166787e-08
3.1801335e-08
3.3858859e-08
3.3995998e-06
1.1620856e-06
4.5922786e-07
1.9950529e-07
9.7814261e-08
5.6878433e-08
3.9484029e-08
3.1521806e-08
2.7655112e-08
2.572526e-08
2.4778427e-08
2.4364907e-08
2.4261798e-08
2.4358313e-08
2.458644e-08
2.4928268e-08
2.531003e-08
2.5851874e-08
2.5957828e-08
2.7684136e-08
3.541588e-06
1.2469515e-06
5.1307599e-07
2.3490682e-07
1.1992397e-07
6.9455536e-08
4.5886393e-08
3.413435e-08
2.7918897e-08
2.4479271e-08
2.2521032e-08
2.140107e-08
2.0783572e-08
2.0488616e-08
2.0407567e-08
2.0491922e-08
2.0661107e-08
2.1000167e-08
2.1027425e-08
2.2366126e-08
3.6874123e-06
1.3358649e-06
5.7035104e-07
2.7377283e-07
1.460893e-07
8.6293486e-08
5.6131432e-08
3.9940938e-08
3.0801316e-08
2.5422359e-08
2.214637e-08
2.0100697e-08
1.8808409e-08
1.8001036e-08
1.7516939e-08
1.7267769e-08
1.7162018e-08
1.7239519e-08
1.713023e-08
1.802514e-08
3.8370931e-06
1.4289368e-06
6.3113544e-07
3.1599768e-07
1.7601264e-07
1.0723093e-07
7.0391965e-08
4.9337207e-08
3.6745282e-08
2.8950314e-08
2.3979267e-08
2.0724558e-08
1.854781e-08
1.7071701e-08
1.6066313e-08
1.5390942e-08
1.4936768e-08
1.4686011e-08
1.4374647e-08
1.4770813e-08
3.9906494e-06
1.5262804e-06
6.955276e-07
3.6153669e-07
2.0944872e-07
1.3200737e-07
8.8624116e-08
6.2552594e-08
4.6152225e-08
3.5514429e-08
2.8444373e-08
2.363958e-08
2.0306589e-08
1.7950326e-08
1.6260896e-08
1.5031784e-08
1.4129568e-08
1.3463442e-08
1.2868996e-08
1.270083e-08
4.148099e-06
1.6280106e-06
7.6363832e-07
4.1039408e-07
2.4622412e-07
1.6035231e-07
1.1062959e-07
7.9594299e-08
5.9253538e-08
4.5502044e-08
3.5998155e-08
2.9305269e-08
2.450953e-08
2.1010707e-08
1.8420519e-08
1.6459532e-08
1.4965557e-08
1.3754897e-08
1.2764641e-08
1.1922682e-08
4.3094582e-06
1.7342432e-06
8.3558826e-07
4.6261203e-07
2.8623685e-07
1.9203999e-07
1.3615502e-07
1.0029652e-07
7.6055242e-08
5.9107883e-08
4.6986439e-08
3.8160344e-08
3.1634157e-08
2.6729126e-08
2.2995035e-08
2.0081488e-08
1.7804365e-08
1.5866413e-08
1.4338362e-08
1.2559939e-08
4.4747419e-06
1.8450949e-06
9.1150601e-07
5.1826181e-07
3.294463e-07
2.2691195e-07
1.649665e-07
1.2442085e-07
9.6392655e-08
7.6301073e-08
6.1534275e-08
5.0472986e-08
4.2059025e-08
3.5556239e-08
3.0471929e-08
2.6393525e-08
2.3128495e-08
2.0249695e-08
1.7928655e-08
1.5251704e-08
4.6439631e-06
1.9606828e-06
9.9152673e-07
5.774371e-07
3.7586118e-07
2.6487761e-07
1.9688757e-07
1.5173844e-07
1.2003271e-07
9.6898036e-08
7.9552665e-08
6.6274167e-08
5.5939251e-08
4.7759765e-08
4.1210633e-08
3.5822582e-08
3.1406553e-08
2.7385052e-08
2.4052275e-08
2.0166783e-08
4.8171332e-06
2.0811236e-06
1.0757911e-06
6.4024897e-07
4.2552838e-07
3.0590496e-07
2.3180844e-07
1.8207375e-07
1.4675603e-07
1.2066685e-07
1.0083314e-07
8.5412069e-08
7.3203874e-08
6.3362662e-08
5.5330325e-08
4.8578708e-08
4.2926574e-08
3.7623328e-08
3.3076031e-08
2.7725273e-08
4.9942613e-06
2.206534e-06
1.1644445e-06
7.0682239e-07
4.7852428e-07
3.5000897e-07
2.6968019e-07
2.1531658e-07
1.7639845e-07
1.4740248e-07
1.2514893e-07
1.0766099e-07
9.3651047e-08
8.2206589e-08
7.2730651e-08
6.4628725e-08
5.7725767e-08
5.1066974e-08
4.5140481e-08
3.8335094e-08
5.1753546e-06
2.3370298e-06
1.2576366e-06
7.7729357e-07
5.3494796e-07
3.9724115e-07
3.1050372e-07
2.5141719e-07
2.0886079e-07
1.7695997e-07
1.5231651e-07
1.3280954e-07
1.1705489e-07
1.0406539e-07
9.3198816e-08
8.3785235e-08
7.565083e-08
6.7605452e-08
6.0166854e-08
5.1912649e-08
5.3604181e-06
2.4727259e-06
1.3555207e-06
8.5180815e-07
5.9491642e-07
4.4768126e-07
3.5431907e-07
2.9037546e-07
2.441026e-07
2.0925874e-07
1.8221665e-07
1.6070339e-07
1.4323146e-07
1.2873253e-07
1.1651373e-07
1.0582076e-07
9.6475743e-08
8.7022909e-08
7.7912807e-08
6.8252536e-08
5.5494542e-06
2.6137361e-06
1.4582536e-06
9.3051986e-07
6.5856106e-07
5.0143103e-07
4.0119649e-07
3.3223013e-07
2.8213104e-07
2.4427396e-07
2.1479231e-07
1.9125368e-07
1.7206157e-07
1.5606099e-07
1.4250391e-07
1.3054323e-07
1.1999277e-07
1.0909992e-07
9.7905355e-08
8.6906112e-08
5.7424626e-06
2.7601729e-06
1.5659949e-06
1.0135895e-06
7.2602508e-07
5.5860963e-07
4.5122972e-07
3.7704988e-07
3.2299015e-07
2.8202498e-07
2.5003778e-07
2.2442935e-07
2.0348881e-07
1.8596949e-07
1.7106392e-07
1.5782488e-07
1.4605293e-07
1.3367043e-07
1.1942762e-07
1.0731852e-07
5.9394402e-06
2.9121476e-06
1.6789074e-06
1.101184e-06
7.9746172e-07
6.1935041e-07
5.0453106e-07
4.2492657e-07
3.6675221e-07
3.2256494e-07
2.879871e-07
2.602451e-07
2.3750829e-07
2.1843344e-07
2.0214913e-07
1.8760263e-07
1.7456915e-07
1.6063932e-07
1.430197e-07
1.2948102e-07
6.1403805e-06
3.0697705e-06
1.7971566e-06
1.1934763e-06
8.7303284e-07
6.8379852e-07
5.6122786e-07
4.7597047e-07
4.1351143e-07
3.659728e-07
3.2870439e-07
2.9875032e-07
2.7415458e-07
2.5347253e-07
2.3576348e-07
2.198673e-07
2.0549906e-07
1.900103e-07
1.696212e-07
1.5367508e-07
6.3452734e-06
3.2331508e-06
1.9209101e-06
1.2906439e-06
9.5290789e-07
7.5210922e-07
6.2146004e-07
5.3030677e-07
4.6337943e-07
4.1234759e-07
3.722768e-07
3.4002063e-07
3.1349196e-07
2.9113959e-07
2.7194798e-07
2.5465002e-07
2.3883175e-07
2.2186158e-07
1.9856417e-07
1.7998928e-07
6.5541048e-06
3.4023981e-06
2.0503381e-06
1.3928693e-06
1.0372631e-06
8.2444663e-07
6.8537827e-07
5.8807322e-07
5.1648209e-07
4.6180441e-07
4.1880948e-07
3.8415181e-07
3.5560718e-07
3.3151231e-07
3.107718e-07
2.9200875e-07
2.7463274e-07
2.5610915e-07
2.2979365e-07
2.084897e-07
6.7668557e-06
3.5776222e-06
2.1856127e-06
1.5003386e-06
1.1262807e-06
9.0098279e-07
7.5314272e-07
6.4941839e-07
5.7295737e-07
5.1447169e-07
4.6842221e-07
4.3125561e-07
4.006045e-07
3.746874e-07
3.5232534e-07
3.3202225e-07
3.1302704e-07
2.927678e-07
2.6344137e-07
2.3929968e-07
6.9835017e-06
3.7589354e-06
2.3269074e-06
1.6132413e-06
1.2201484e-06
9.8189692e-07
8.2492207e-07
7.1450049e-07
6.3295384e-07
5.704893e-07
5.212471e-07
4.8145707e-07
4.4860236e-07
4.2077687e-07
3.9671477e-07
3.7478916e-07
3.5410237e-07
3.3197661e-07
2.9938665e-07
2.7244486e-07
7.2040121e-06
3.9464535e-06
2.4743962e-06
1.7317692e-06
1.3190588e-06
1.0673749e-06
9.0089288e-07
7.834865e-07
6.9662955e-07
6.300073e-07
5.7742705e-07
5.348926e-07
4.9973125e-07
4.6990547e-07
4.4405916e-07
4.2042334e-07
3.9795268e-07
3.7384148e-07
3.3773668e-07
3.0796674e-07
7.4283489e-06
4.1402991e-06
2.6282531e-06
1.856116e-06
1.423209e-06
1.1576087e-06
9.8123909e-07
8.5655165e-07
7.6415149e-07
6.9318518e-07
6.3711485e-07
5.9170896e-07
5.5413238e-07
5.2220919e-07
4.9448907e-07
4.6905071e-07
4.4468988e-07
4.184789e-07
3.7863148e-07
3.4594088e-07
7.6564657e-06
4.3406045e-06
2.7886497e-06
1.9864768e-06
1.5328001e-06
1.2527965e-06
1.066152e-06
9.3387931e-07
8.3569536e-07
7.6019168e-07
7.0047296e-07
6.5206297e-07
6.1195737e-07
5.7783476e-07
5.4814611e-07
5.2080819e-07
4.9444156e-07
4.6601515e-07
4.2220529e-07
3.8647197e-07
7.8883059e-06
4.5475175e-06
2.9557544e-06
2.1230475e-06
1.6480384e-06
1.3531435e-06
1.1558309e-06
1.0156619e-06
9.1144662e-07
8.3120576e-07
7.6767452e-07
7.1612244e-07
6.7336912e-07
6.369404e-07
6.0518367e-07
5.7584435e-07
5.4734839e-07
5.1658723e-07
4.6859209e-07
4.2968725e-07
)
;

boundaryField
{
    inlet
    {
        type            calculated;
        value           nonuniform List<scalar> 
32
(
5.4974186e-06
5.6400253e-06
5.7837818e-06
5.9287096e-06
6.0748349e-06
6.2221887e-06
6.3708064e-06
6.5207278e-06
6.6719964e-06
6.82466e-06
6.97877e-06
7.1343812e-06
7.2915524e-06
7.4503457e-06
7.6108265e-06
7.7730639e-06
7.9371302e-06
8.1031013e-06
8.2710564e-06
8.4410784e-06
8.6132536e-06
8.787672e-06
8.9644275e-06
9.1436177e-06
9.3253445e-06
9.509714e-06
9.6968366e-06
9.8868277e-06
1.0079807e-05
1.0275901e-05
1.0475239e-05
1.0677959e-05
)
;
    }
    top
    {
        type            calculated;
        value           nonuniform List<scalar> 0();
    }
    outlet
    {
        type            calculated;
        value           nonuniform List<scalar> 0();
    }
    slipsurface
    {
        type            slip;
    }
    bottom
    {
        type            nutkWallFunction;
        Cmu             0.09;
        kappa           0.41;
        E               9.8;
        value           nonuniform List<scalar> 0();
    }
    frontandback
    {
        type            empty;
    }
    procBoundary12to10
    {
        type            processor;
        value           nonuniform List<scalar> 
26
(
9.7644237e-08
9.7644237e-08
9.1367719e-08
8.4665868e-08
7.69936e-08
6.7198818e-08
5.7402644e-08
4.7841325e-08
3.8755164e-08
3.0386131e-08
2.2960049e-08
1.6656183e-08
1.1571708e-08
7.6968071e-09
4.9157583e-09
3.0367236e-09
1.837629e-09
1.1093623e-09
6.8296044e-10
4.380001e-10
2.9706063e-10
2.1408054e-10
1.6301523e-10
1.2953741e-10
1.0585673e-10
8.771693e-11
)
;
    }
    procBoundary12to11
    {
        type            processor;
        value           nonuniform List<scalar> 
31
(
9.8314441e-08
1.076745e-07
1.1907547e-07
1.2258507e-07
1.2509386e-07
1.259258e-07
1.2513073e-07
1.2277545e-07
1.1899351e-07
1.1398947e-07
1.0800584e-07
2.3991184e-06
6.168965e-07
1.5276093e-07
7.5104824e-08
7.0995528e-08
7.3908568e-08
7.783735e-08
8.0797387e-08
8.273913e-08
8.4009974e-08
8.4901379e-08
8.5596928e-08
8.6198326e-08
8.6772213e-08
8.7341398e-08
8.7960849e-08
8.8545999e-08
8.935165e-08
8.8924052e-08
9.243902e-08
)
;
    }
    procBoundary12to13
    {
        type            processor;
        value           nonuniform List<scalar> 
56
(
4.4901707e-07
3.2931061e-07
4.3906712e-07
4.1771891e-07
3.9049619e-07
3.6714407e-07
3.4554255e-07
3.2582548e-07
3.076409e-07
2.906908e-07
2.7479437e-07
2.5979286e-07
2.4555053e-07
2.3196194e-07
2.1894662e-07
2.0644132e-07
1.9439488e-07
1.8276541e-07
1.7151879e-07
1.6062752e-07
1.500698e-07
1.398287e-07
1.2989138e-07
1.2024846e-07
1.1089324e-07
1.018221e-07
9.3032816e-08
8.4518125e-08
7.6328058e-08
6.8338715e-08
6.0348935e-08
5.6021541e-08
4.3242228e-08
8.7489282e-16
1.94979e-27
2.1896528e-27
8.1238521e-06
4.76125e-06
3.129796e-06
2.26609e-06
1.7691935e-06
1.4589147e-06
1.2505314e-06
1.1021439e-06
9.91639e-07
9.0645101e-07
8.3893366e-07
7.8409273e-07
7.3856473e-07
6.9971519e-07
6.6578279e-07
6.3433233e-07
6.0357376e-07
5.7034892e-07
5.1793739e-07
4.7573176e-07
)
;
    }
    procBoundary12to14
    {
        type            processor;
        value           nonuniform List<scalar> 
31
(
1.9832035e-10
4.0757597e-10
6.8893587e-10
1.0120931e-09
1.3395886e-09
1.6352105e-09
1.8684226e-09
2.016292e-09
2.0645165e-09
2.008402e-09
1.853765e-09
1.6171001e-09
1.3242286e-09
1.00711e-09
6.992854e-10
4.3094756e-10
2.2431597e-10
9.0267104e-11
2.3510189e-11
2.7387441e-12
7.7724995e-14
5.5495951e-16
2.4852363e-18
1.0366716e-20
4.3208309e-23
1.8328305e-25
3.2662195e-27
3.2704432e-27
3.1639176e-27
2.9689916e-27
2.719795e-27
)
;
    }
}


// ************************************************************************* //
