/*--------------------------------*- C++ -*----------------------------------*\
  =========                 |
  \\      /  F ield         | OpenFOAM: The Open Source CFD Toolbox
   \\    /   O peration     | Website:  https://openfoam.org
    \\  /    A nd           | Version:  12
     \\/     M anipulation  |
\*---------------------------------------------------------------------------*/
FoamFile
{
    format      ascii;
    class       volScalarField;
    location    "300";
    object      epsilon;
}
// * * * * * * * * * * * * * * * * * * * * * * * * * * * * * * * * * * * * * //

dimensions      [0 2 -3 0 0 0 0];

internalField   nonuniform List<scalar> 
816
(
0.0001126775
9.0784812e-05
7.3951331e-05
6.0840949e-05
5.0533738e-05
4.2364287e-05
3.5839564e-05
3.058951e-05
2.633417e-05
2.2860612e-05
2.0006112e-05
1.764562e-05
1.5682393e-05
1.4041044e-05
1.266246e-05
1.1500068e-05
1.0517056e-05
9.6842799e-06
8.9786657e-06
8.3820165e-06
7.8801357e-06
7.4621861e-06
7.1202864e-06
6.8492123e-06
6.6463018e-06
6.5114166e-06
6.4470916e-06
6.4590759e-06
6.5574335e-06
6.7586366e-06
7.0878449e-06
7.5759527e-06
8.2469166e-06
9.1099716e-06
0.00017693995
0.00014366651
0.00011783851
9.7505516e-05
8.134979e-05
6.8419994e-05
5.8005152e-05
4.9564226e-05
4.2681629e-05
3.7036624e-05
3.2380824e-05
2.8521027e-05
2.5306095e-05
2.2617077e-05
2.0359905e-05
1.8459973e-05
1.6858053e-05
1.5507157e-05
1.437014e-05
1.3417881e-05
1.2627975e-05
1.1983797e-05
1.147398e-05
1.1092091e-05
1.0836708e-05
1.0711633e-05
1.0726541e-05
1.0898642e-05
1.1255867e-05
1.1842744e-05
1.2727829e-05
1.400129e-05
1.5753284e-05
1.8071471e-05
0.00027464554
0.00022630815
0.00018814908
0.00015756646
0.00013283755
0.00011272076
9.6275859e-05
8.2772032e-05
7.1634429e-05
6.2409117e-05
5.4737014e-05
4.8333254e-05
4.2970839e-05
3.8468068e-05
3.4679125e-05
3.1486982e-05
2.8797916e-05
2.653722e-05
2.4645846e-05
2.3077881e-05
2.1798753e-05
2.0784065e-05
2.0019122e-05
1.9498886e-05
1.9228749e-05
1.9225728e-05
1.9520661e-05
2.0163208e-05
2.1231229e-05
2.2847827e-05
2.5205288e-05
2.8571692e-05
3.3262542e-05
3.9690703e-05
0.00041038728
0.00034595837
0.00029371207
0.00025071167
0.00021503405
0.00018529808
0.00016044104
0.00013961186
0.00012211747
0.00010739153
9.497138e-05
8.4478607e-05
7.5602756e-05
6.8088566e-05
6.1726371e-05
5.6344705e-05
5.1804367e-05
4.7993588e-05
4.4824191e-05
4.2228747e-05
4.0158744e-05
3.8583765e-05
3.7491857e-05
3.6890882e-05
3.6811673e-05
3.7312449e-05
3.8485764e-05
4.0473245e-05
4.3493465e-05
4.7892603e-05
5.4221342e-05
6.3288732e-05
7.6171118e-05
9.4549007e-05
0.00057260991
0.00049814855
0.00043520388
0.00038141841
0.00033518423
0.00029534273
0.00026098746
0.00023136344
0.00020582465
0.00018381622
0.00016486224
0.00014855437
0.00013454163
0.00012252288
0.00011224174
0.00010348265
9.6067451e-05
8.9852316e-05
8.4725425e-05
8.0605644e-05
7.744251e-05
7.5217907e-05
7.3949858e-05
7.3698729e-05
7.4577706e-05
7.6767066e-05
8.0535032e-05
8.6280334e-05
9.4614801e-05
0.00010651574
0.00012357307
0.00014824637
0.00018416868
0.00023783411
0.000723562
0.00065454113
0.00059245327
0.00053658344
0.0004862657
0.00044098172
0.00040031319
0.00036389025
0.00033137208
0.00030244293
0.00027680845
0.00025419229
0.00023433473
0.0002169948
0.00020195494
0.00018902541
0.00017804752
0.00016889667
0.00016148577
0.00015577005
0.0001517536
0.00014949945
0.00014914362
0.00015091554
0.00015516889
0.00016242392
0.00017342688
0.00018926887
0.00021162552
0.00024321448
0.0002885904
0.00035521505
0.00045525587
0.0006132416
0.00081507883
0.00076660375
0.00072007599
0.00067577179
0.00063374464
0.00059401265
0.00055660031
0.00052153449
0.00048885568
0.0004586132
0.00043084775
0.00040557944
0.00038280554
0.00036250669
0.00034465873
0.00032924392
0.00031626109
0.00030573742
0.00029774273
0.00029240727
0.00028994386
0.00029067821
0.00029508848
0.00030386108
0.00031797268
0.00033880412
0.00036829932
0.00040927955
0.00046611219
0.00054607257
0.00066193372
0.00083624523
0.0011098267
0.001575819
0.00084595477
0.00081599355
0.00078558279
0.00075655627
0.00072923591
0.00070346205
0.00067900049
0.00065563853
0.00063331812
0.00061210605
0.00059213516
0.00057357274
0.00055660846
0.00054144783
0.00052831965
0.00051747969
0.00050921766
0.00050387314
0.00050186178
0.00050371182
0.00051011267
0.00052198357
0.00054056638
0.0005675591
0.00060531457
0.00065712783
0.00072764925
0.00082372168
0.00095631686
0.0011450033
0.0014277284
0.0018802902
0.0026588116
0.0041701997
0.00082180214
0.00081814372
0.0008058811
0.00078883216
0.00077084984
0.00075406094
0.00073936303
0.000726627
0.00071586564
0.00070700819
0.00069995085
0.00069464781
0.00069115935
0.00068962512
0.00069031005
0.00069359054
0.00069996099
0.00071006062
0.00072471973
0.00074502873
0.00077243862
0.00080891467
0.00085716628
0.00092101001
0.0010059289
0.0011199272
0.0012747685
0.0014883248
0.001789726
0.0022313594
0.0029165339
0.0040672266
0.0062097074
0.01093709
0.0007040704
0.00074952035
0.00076945894
0.00077358864
0.00076994991
0.00076299421
0.00075439549
0.00074630413
0.00074006916
0.00073648362
0.00073592799
0.00073836452
0.00074400072
0.000753167
0.00076623953
0.000783657
0.00080602807
0.00083420563
0.00086937437
0.0009131638
0.00096780484
0.0010363621
0.0011230875
0.0012340227
0.0013779415
0.0015679824
0.0018242584
0.0021791536
0.0026879054
0.0034529013
0.0046823382
0.0068483196
0.011135909
0.021208291
0.0004372724
0.00053442721
0.00061623875
0.00067131598
0.00070423635
0.00072146062
0.00072755368
0.00072782127
0.00072592105
0.00072376481
0.00072255731
0.00072333763
0.0007270615
0.00073451148
0.0007463374
0.00076316581
0.00078567414
0.0008147236
0.00085148322
0.00089753732
0.00095503029
0.0010268748
0.0011170958
0.0012314653
0.0013783259
0.0015701056
0.001825997
0.0021768657
0.0026749172
0.0034147106
0.0045819159
0.0065787425
0.010357773
0.018581225
0.00025231726
0.0002982967
0.0003525365
0.00041398346
0.0004830394
0.00055497391
0.00060702629
0.00064134596
0.00066261922
0.00067552515
0.0006822073
0.00068458522
0.00068621606
0.00068863654
0.00069288545
0.0006998098
0.00071019562
0.00072494702
0.0007451524
0.00077202462
0.00080698671
0.00085177467
0.00090872136
0.00098118358
0.0010735892
0.0011922903
0.0013468808
0.0015521269
0.0018314924
0.0022243492
0.0028011007
0.0036985488
0.005209065
0.0080734884
0.00017455336
0.00019247496
0.00021543112
0.0002430139
0.0002760016
0.00031511892
0.00035769944
0.00040344591
0.00045340727
0.00050919352
0.00055257294
0.00058391042
0.0006053483
0.00061996929
0.00063030376
0.00063763554
0.00064288958
0.00064778977
0.00065433921
0.00066357673
0.0006764143
0.00069370867
0.00071679393
0.0007473456
0.00078656261
0.00083684268
0.00090179397
0.0009862681
0.0010970933
0.001244747
0.0014458409
0.0017287542
0.0021470187
0.0028126241
0.0001406052
0.00014806042
0.00015744295
0.00016875878
0.00018219384
0.00019822803
0.00021720785
0.00023935557
0.00026426912
0.00029293065
0.00032378873
0.00035594029
0.00038960524
0.00042611029
0.00046651015
0.00050234467
0.00052940914
0.00054986486
0.00056515045
0.00057696905
0.0005868317
0.00059576366
0.00060425085
0.00061314128
0.00062444181
0.00063971603
0.00066033847
0.0006875992
0.0007226207
0.00076747995
0.00082562853
0.00090210662
0.0010056662
0.0011510599
0.00012310535
0.00012627905
0.00013036302
0.00013537073
0.00014129473
0.00014820989
0.00015622329
0.00016545653
0.00017588755
0.00018773927
0.00020115168
0.00021621527
0.00023354282
0.00025259521
0.0002736437
0.00029621716
0.00031958037
0.00034368513
0.00036892271
0.00039558148
0.00042505355
0.00045443254
0.00047763406
0.0004962669
0.00051149642
0.00052433095
0.00053577348
0.00054686338
0.00055880438
0.00057187806
0.00058743923
0.00060615209
0.00063198312
0.00066636725
0.00011290674
0.00011402183
0.00011564356
0.00011778514
0.00012043619
0.00012359447
0.00012727046
0.00013149189
0.00013624587
0.00014154383
0.00014742598
0.00015391483
0.00016116564
0.00016917337
0.00017798542
0.00018765959
0.00019822978
0.00020982622
0.0002227286
0.00023748915
0.00025328479
0.00027009613
0.00028739203
0.00030504168
0.00032328649
0.00034247426
0.00036289
0.00038456725
0.00040865816
0.00042873734
0.00044544031
0.00046043357
0.00047426661
0.00048792467
0.00010637487
0.00010643514
0.0001067926
0.00010746377
0.00010845104
0.00010975005
0.00011135539
0.00011326713
0.00011547688
0.00011797434
0.00012075772
0.00012382162
0.00012719269
0.0001308856
0.00013489576
0.00013922661
0.00014388814
0.00014890808
0.00015434347
0.00016035601
0.00016690223
0.00017396967
0.00018154555
0.0001896482
0.00019840475
0.0002080342
0.00021877278
0.00023097649
0.00024399718
0.00025726129
0.00027061696
0.00028423862
0.00029841859
0.00031341906
0.00010177444
0.00010130839
0.00010101092
0.00010090014
0.00010098657
0.00010127389
0.00010176105
0.00010244598
0.00010332387
0.00010438688
0.00010562781
0.00010703791
0.00010861552
0.00011036169
0.00011227286
0.000114344
0.00011657089
0.00011895365
0.00012149815
0.00012424075
0.00012719735
0.00013035883
0.00013371296
0.00013725811
0.00014101454
0.0001450334
0.0001493805
0.00015417194
0.00015938123
0.00016493811
0.00017079677
0.00017697726
0.00018358634
0.00019075688
9.8179622e-05
9.7481923e-05
9.6871412e-05
9.6364227e-05
9.5973019e-05
9.5706327e-05
9.5568707e-05
9.5562003e-05
9.5685748e-05
9.5937079e-05
9.63118e-05
9.6804246e-05
9.7409512e-05
9.8124145e-05
9.8944371e-05
9.9865542e-05
0.00010088246
0.00010199062
0.00010318641
0.00010447438
0.00010586059
0.00010734523
0.0001089235
0.00011058986
0.00011234275
0.00011418979
0.00011614549
0.00011824091
0.000120492
0.00012289107
0.00012541082
0.00012804183
0.00013079589
0.00013369953
9.5069657e-05
9.4302141e-05
9.3573267e-05
9.289485e-05
9.227769e-05
9.173088e-05
9.1261358e-05
9.0873964e-05
9.0571632e-05
9.0355453e-05
9.0224982e-05
9.017836e-05
9.0212931e-05
9.0325931e-05
9.0514481e-05
9.0775348e-05
9.110484e-05
9.1499119e-05
9.195422e-05
9.246805e-05
9.3040369e-05
9.3670701e-05
9.4357001e-05
9.5095853e-05
9.5883737e-05
9.6719192e-05
9.7603234e-05
9.8542302e-05
9.9543543e-05
0.00010060946
0.00010173415
0.00010290953
0.00010413069
0.00010539695
9.214366e-05
9.1390347e-05
9.0649463e-05
8.9928323e-05
8.9234364e-05
8.8574716e-05
8.7955796e-05
8.7383037e-05
8.6860772e-05
8.6392163e-05
8.5979231e-05
8.5622893e-05
8.5323108e-05
8.5079175e-05
8.4889933e-05
8.4753834e-05
8.4668925e-05
8.4632938e-05
8.4643287e-05
8.4697574e-05
8.4794012e-05
8.49312e-05
8.5107584e-05
8.5321105e-05
8.5569262e-05
8.5849728e-05
8.616077e-05
8.6502304e-05
8.6875592e-05
8.7281831e-05
8.772002e-05
8.8186832e-05
8.8677827e-05
8.9188245e-05
8.9223238e-05
8.8524661e-05
8.7825851e-05
8.7130796e-05
8.6443858e-05
8.5769612e-05
8.5112642e-05
8.4477323e-05
8.3867651e-05
8.3287103e-05
8.2738555e-05
8.2224224e-05
8.1745657e-05
8.1303785e-05
8.0899022e-05
8.0531338e-05
8.0200305e-05
7.9905141e-05
7.9644733e-05
7.9417749e-05
7.922285e-05
7.9058783e-05
7.8924324e-05
7.8818127e-05
7.8738627e-05
7.868412e-05
7.8652913e-05
7.864368e-05
7.8655666e-05
7.8688518e-05
7.874162e-05
7.8813487e-05
7.8901574e-05
7.9002146e-05
8.6200181e-05
8.5574326e-05
8.4942758e-05
8.4307516e-05
8.3670897e-05
8.3035444e-05
8.2403896e-05
8.1779094e-05
8.1163888e-05
8.056103e-05
7.9973085e-05
7.9402357e-05
7.8850825e-05
7.8320113e-05
7.7811488e-05
7.7325874e-05
7.6863867e-05
7.6425761e-05
7.601156e-05
7.5621006e-05
7.5253649e-05
7.4908919e-05
7.4586169e-05
7.4284666e-05
7.4003556e-05
7.3741857e-05
7.3498475e-05
7.327231e-05
7.3062373e-05
7.2867841e-05
7.2687944e-05
7.2521686e-05
7.2367553e-05
7.2223123e-05
8.3010544e-05
8.2464304e-05
8.1910222e-05
8.134939e-05
8.0782986e-05
8.0212313e-05
7.9638818e-05
7.9064083e-05
7.8489797e-05
7.7917718e-05
7.7349624e-05
7.678726e-05
7.6232293e-05
7.5686266e-05
7.5150565e-05
7.4626399e-05
7.4114787e-05
7.3616553e-05
7.3132321e-05
7.266252e-05
7.2207392e-05
7.1767021e-05
7.134136e-05
7.0930247e-05
7.053341e-05
7.0150465e-05
6.9780916e-05
6.9424175e-05
6.9079601e-05
6.8746545e-05
6.8424347e-05
6.8112265e-05
6.7809311e-05
6.7513938e-05
)
;

boundaryField
{
    bottom
    {
        type            epsilonWallFunction;
        value           nonuniform List<scalar> 0();
    }
    back
    {
        type            empty;
    }
    front
    {
        type            empty;
    }
    inlet
    {
        type            zeroGradient;
    }
    outlet
    {
        type            zeroGradient;
    }
    top
    {
        type            zeroGradient;
    }
    slipsurface
    {
        type            slip;
    }
    procBoundary12to5
    {
        type            processor;
        value           uniform 7.9623384e-05;
    }
    procBoundary12to6
    {
        type            processor;
        value           nonuniform List<scalar> 
33
(
7.9157961e-05
7.8684039e-05
7.8202294e-05
7.7713375e-05
7.7217958e-05
7.6716768e-05
7.6210603e-05
7.5700341e-05
7.5186935e-05
7.4671408e-05
7.415483e-05
7.3638296e-05
7.3122904e-05
7.2609729e-05
7.2099798e-05
7.1594071e-05
7.1093427e-05
7.0598647e-05
7.0110407e-05
6.9629268e-05
6.9155681e-05
6.8689983e-05
6.8232413e-05
6.7783107e-05
6.7342112e-05
6.6909376e-05
6.6484757e-05
6.6068026e-05
6.5658884e-05
6.5256967e-05
6.4861822e-05
6.4472835e-05
6.4089033e-05
)
;
    }
    procBoundary12to11
    {
        type            processor;
        value           nonuniform List<scalar> 
24
(
1.0174296e-05
2.1118784e-05
4.8739196e-05
0.00012242516
0.00032638478
0.00090126565
0.0025423896
0.0079121538
0.024393302
0.046470901
0.037969516
0.014593522
0.0040452772
0.0013733175
0.00071211415
0.00050234018
0.00032933427
0.00019857208
0.00013677172
0.00010670653
8.9711865e-05
7.9109806e-05
7.2084677e-05
6.7223759e-05
)
;
    }
    procBoundary12to13
    {
        type            processor;
        value           nonuniform List<scalar> 
34
(
7.242687e-05
5.8239438e-05
4.737204e-05
3.8951008e-05
3.2363964e-05
2.7166243e-05
2.3029714e-05
1.971001e-05
1.7023889e-05
1.4833146e-05
1.3032946e-05
1.1543253e-05
1.0302502e-05
9.262961e-06
8.3873447e-06
7.6463559e-06
7.0168649e-06
6.4805464e-06
6.0228516e-06
5.632238e-06
5.2996019e-06
5.0178565e-06
4.7816486e-06
4.5871376e-06
4.4318826e-06
4.3147564e-06
4.23595e-06
4.197136e-06
4.2018531e-06
4.2562832e-06
4.3699208e-06
4.5534824e-06
4.8119135e-06
5.1387076e-06
)
;
    }
    procBoundary12to14
    {
        type            processor;
        value           nonuniform List<scalar> 
24
(
0.00014176724
0.0002208979
0.00033758706
0.00049186574
0.00066192673
0.00079973742
0.00086444007
0.00087012195
0.00080793399
0.00062694292
0.00035538482
0.00021721023
0.00016073995
0.00013478418
0.0001207611
0.00011226453
0.00010658519
0.00010238532
9.8946089e-05
9.5863746e-05
9.2902559e-05
8.9918047e-05
8.6818485e-05
8.354788e-05
)
;
    }
}


// ************************************************************************* //
