/*--------------------------------*- C++ -*----------------------------------*\
  =========                 |
  \\      /  F ield         | OpenFOAM: The Open Source CFD Toolbox
   \\    /   O peration     | Website:  https://openfoam.org
    \\  /    A nd           | Version:  12
     \\/     M anipulation  |
\*---------------------------------------------------------------------------*/
FoamFile
{
    format      ascii;
    class       volScalarField;
    location    "800";
    object      nut;
}
// * * * * * * * * * * * * * * * * * * * * * * * * * * * * * * * * * * * * * //

dimensions      [0 2 -1 0 0 0 0];

internalField   nonuniform List<scalar> 
808
(
1.9254371e-07
1.6741119e-07
1.6113764e-07
1.5643997e-07
1.5362796e-07
1.5188299e-07
1.5066424e-07
1.4973186e-07
1.489814e-07
1.4836082e-07
1.4783936e-07
1.4739622e-07
1.4701622e-07
1.4668772e-07
1.4640153e-07
1.4615025e-07
1.4592781e-07
1.4572912e-07
1.4554992e-07
1.4538656e-07
1.452359e-07
1.4509557e-07
1.44964e-07
1.448496e-07
1.447161e-07
1.4457849e-07
1.4443555e-07
1.4429025e-07
1.4414305e-07
1.4399377e-07
1.4384232e-07
1.436886e-07
1.4353244e-07
1.9254371e-07
1.6741119e-07
1.6113764e-07
1.5643997e-07
1.5362796e-07
1.5188298e-07
1.5066424e-07
1.4973185e-07
1.489814e-07
1.4836083e-07
1.4783936e-07
1.4739623e-07
1.4701623e-07
1.4668773e-07
1.4640155e-07
1.4615027e-07
1.4592783e-07
1.4572915e-07
1.4554996e-07
1.4538657e-07
1.4523598e-07
1.4509538e-07
1.4496463e-07
1.4484444e-07
1.4472568e-07
1.4459777e-07
1.4446658e-07
1.443339e-07
1.4420052e-07
1.4406666e-07
1.4393225e-07
1.4379722e-07
1.4366143e-07
1.9254371e-07
1.6741119e-07
1.6113764e-07
1.5643997e-07
1.5362795e-07
1.5188298e-07
1.5066424e-07
1.4973185e-07
1.489814e-07
1.4836083e-07
1.4783936e-07
1.4739623e-07
1.4701623e-07
1.4668773e-07
1.4640155e-07
1.4615028e-07
1.4592783e-07
1.4572915e-07
1.4554996e-07
1.4538658e-07
1.4523595e-07
1.4509543e-07
1.4496405e-07
1.4484434e-07
1.4471928e-07
1.445972e-07
1.4447081e-07
1.4434354e-07
1.4421597e-07
1.4408838e-07
1.4396073e-07
1.4383297e-07
1.4370503e-07
1.9254371e-07
1.6741119e-07
1.6113764e-07
1.5643997e-07
1.5362795e-07
1.5188298e-07
1.5066424e-07
1.4973185e-07
1.489814e-07
1.4836083e-07
1.4783936e-07
1.4739623e-07
1.4701623e-07
1.4668773e-07
1.4640155e-07
1.4615028e-07
1.4592783e-07
1.4572915e-07
1.4554996e-07
1.4538657e-07
1.4523598e-07
1.4509521e-07
1.4496434e-07
1.4484102e-07
1.4472313e-07
1.4460024e-07
1.4447579e-07
1.4435007e-07
1.4422398e-07
1.4409801e-07
1.439722e-07
1.4384649e-07
1.4372084e-07
1.9254371e-07
1.6741119e-07
1.6113764e-07
1.5643997e-07
1.5362795e-07
1.5188298e-07
1.5066424e-07
1.4973185e-07
1.489814e-07
1.4836083e-07
1.4783936e-07
1.4739623e-07
1.4701623e-07
1.4668773e-07
1.4640155e-07
1.4615028e-07
1.4592783e-07
1.4572915e-07
1.4554996e-07
1.4538657e-07
1.4523593e-07
1.4509532e-07
1.4496335e-07
1.4484103e-07
1.4471653e-07
1.4459416e-07
1.4446986e-07
1.4434474e-07
1.4421953e-07
1.440945e-07
1.4396964e-07
1.4384491e-07
1.4372027e-07
1.9254371e-07
1.6741119e-07
1.6113763e-07
1.5643997e-07
1.5362795e-07
1.5188298e-07
1.5066424e-07
1.4973185e-07
1.4898139e-07
1.4836083e-07
1.4783936e-07
1.4739623e-07
1.4701623e-07
1.4668773e-07
1.4640155e-07
1.4615028e-07
1.4592783e-07
1.4572916e-07
1.4554996e-07
1.4538657e-07
1.4523592e-07
1.4509522e-07
1.4496319e-07
1.4483815e-07
1.4471802e-07
1.4459538e-07
1.4447081e-07
1.4434544e-07
1.4422009e-07
1.4409495e-07
1.4397002e-07
1.4384528e-07
1.4372069e-07
1.9254371e-07
1.6741119e-07
1.6113763e-07
1.5643996e-07
1.5362795e-07
1.5188298e-07
1.5066424e-07
1.4973185e-07
1.4898139e-07
1.4836083e-07
1.4783936e-07
1.4739623e-07
1.4701623e-07
1.4668773e-07
1.4640155e-07
1.4615028e-07
1.4592784e-07
1.4572916e-07
1.4554996e-07
1.4538657e-07
1.4523588e-07
1.4509524e-07
1.4496248e-07
1.4483789e-07
1.4471262e-07
1.445891e-07
1.4446419e-07
1.4433896e-07
1.4421396e-07
1.4408925e-07
1.4396476e-07
1.4384045e-07
1.437163e-07
1.9254371e-07
1.6741119e-07
1.6113763e-07
1.5643996e-07
1.5362795e-07
1.5188298e-07
1.5066424e-07
1.4973185e-07
1.489814e-07
1.4836083e-07
1.4783936e-07
1.4739623e-07
1.4701623e-07
1.4668774e-07
1.4640155e-07
1.4615028e-07
1.4592784e-07
1.4572916e-07
1.4554996e-07
1.4538657e-07
1.4523588e-07
1.450951e-07
1.4496241e-07
1.4483564e-07
1.4471318e-07
1.4458984e-07
1.4446496e-07
1.4433961e-07
1.4421446e-07
1.4408959e-07
1.4396493e-07
1.4384049e-07
1.4371622e-07
1.9254371e-07
1.6741118e-07
1.6113763e-07
1.5643996e-07
1.5362795e-07
1.5188298e-07
1.5066424e-07
1.4973185e-07
1.489814e-07
1.4836083e-07
1.4783936e-07
1.4739623e-07
1.4701624e-07
1.4668774e-07
1.4640156e-07
1.4615028e-07
1.4592784e-07
1.4572916e-07
1.4554996e-07
1.4538657e-07
1.4523584e-07
1.4509508e-07
1.4496186e-07
1.4483543e-07
1.4470946e-07
1.4458502e-07
1.4446005e-07
1.4433489e-07
1.4420991e-07
1.4408517e-07
1.4396062e-07
1.4383625e-07
1.4371204e-07
1.9254371e-07
1.6741118e-07
1.6113763e-07
1.5643996e-07
1.5362795e-07
1.5188298e-07
1.5066424e-07
1.4973185e-07
1.489814e-07
1.4836083e-07
1.4783937e-07
1.4739623e-07
1.4701624e-07
1.4668774e-07
1.4640156e-07
1.4615029e-07
1.4592785e-07
1.4572917e-07
1.4554997e-07
1.4538657e-07
1.4523583e-07
1.4509495e-07
1.4496177e-07
1.4483374e-07
1.4471026e-07
1.4458613e-07
1.4446114e-07
1.4433588e-07
1.4421073e-07
1.440858e-07
1.4396108e-07
1.4383654e-07
1.4371215e-07
1.9254371e-07
1.6741118e-07
1.6113763e-07
1.5643996e-07
1.5362795e-07
1.5188298e-07
1.5066424e-07
1.4973185e-07
1.489814e-07
1.4836083e-07
1.4783937e-07
1.4739623e-07
1.4701624e-07
1.4668774e-07
1.4640156e-07
1.4615029e-07
1.4592785e-07
1.4572917e-07
1.4554997e-07
1.4538657e-07
1.452358e-07
1.4509489e-07
1.4496141e-07
1.4483337e-07
1.4470812e-07
1.4458335e-07
1.4445837e-07
1.4433327e-07
1.4420825e-07
1.4408342e-07
1.4395878e-07
1.4383431e-07
1.4370997e-07
1.9254371e-07
1.6741118e-07
1.6113763e-07
1.5643996e-07
1.5362795e-07
1.5188298e-07
1.5066424e-07
1.4973185e-07
1.489814e-07
1.4836083e-07
1.4783937e-07
1.4739624e-07
1.4701624e-07
1.4668775e-07
1.4640157e-07
1.461503e-07
1.4592786e-07
1.4572918e-07
1.4554998e-07
1.4538657e-07
1.4523577e-07
1.4509481e-07
1.4496119e-07
1.4483273e-07
1.4470716e-07
1.445822e-07
1.4445711e-07
1.4433194e-07
1.4420689e-07
1.4408204e-07
1.4395738e-07
1.4383289e-07
1.4370853e-07
1.9254371e-07
1.6741118e-07
1.6113763e-07
1.5643996e-07
1.5362795e-07
1.5188298e-07
1.5066424e-07
1.4973185e-07
1.489814e-07
1.4836083e-07
1.4783937e-07
1.4739624e-07
1.4701625e-07
1.4668775e-07
1.4640158e-07
1.4615031e-07
1.4592787e-07
1.4572919e-07
1.4554999e-07
1.4538657e-07
1.4523576e-07
1.4509473e-07
1.4496098e-07
1.4483224e-07
1.4470625e-07
1.4458098e-07
1.4445571e-07
1.4433049e-07
1.4420542e-07
1.4408056e-07
1.439559e-07
1.4383141e-07
1.4370706e-07
1.9254371e-07
1.6741118e-07
1.6113763e-07
1.5643996e-07
1.5362795e-07
1.5188298e-07
1.5066424e-07
1.4973186e-07
1.489814e-07
1.4836084e-07
1.4783938e-07
1.4739625e-07
1.4701625e-07
1.4668776e-07
1.4640158e-07
1.4615032e-07
1.4592788e-07
1.4572921e-07
1.4555e-07
1.4538658e-07
1.4523574e-07
1.4509466e-07
1.4496081e-07
1.4483185e-07
1.4470554e-07
1.4458003e-07
1.4445465e-07
1.4432939e-07
1.4420431e-07
1.4407944e-07
1.4395477e-07
1.4383028e-07
1.4370592e-07
1.9254371e-07
1.6741118e-07
1.6113763e-07
1.5643996e-07
1.5362795e-07
1.5188298e-07
1.5066424e-07
1.4973186e-07
1.489814e-07
1.4836084e-07
1.4783938e-07
1.4739625e-07
1.4701626e-07
1.4668777e-07
1.464016e-07
1.4615033e-07
1.459279e-07
1.4572922e-07
1.4555001e-07
1.4538659e-07
1.4523573e-07
1.4509461e-07
1.4496066e-07
1.4483155e-07
1.4470501e-07
1.4457931e-07
1.4445383e-07
1.4432853e-07
1.4420343e-07
1.4407855e-07
1.4395387e-07
1.4382937e-07
1.4370501e-07
1.9254371e-07
1.6741118e-07
1.6113763e-07
1.5643996e-07
1.5362795e-07
1.5188298e-07
1.5066424e-07
1.4973186e-07
1.4898141e-07
1.4836084e-07
1.4783939e-07
1.4739626e-07
1.4701627e-07
1.4668778e-07
1.4640161e-07
1.4615035e-07
1.4592792e-07
1.4572924e-07
1.4555003e-07
1.453866e-07
1.4523573e-07
1.4509457e-07
1.4496055e-07
1.4483131e-07
1.4470461e-07
1.4457877e-07
1.4445321e-07
1.4432787e-07
1.4420275e-07
1.4407786e-07
1.4395318e-07
1.4382867e-07
1.4370431e-07
1.9254371e-07
1.6741118e-07
1.6113763e-07
1.5643996e-07
1.5362795e-07
1.5188298e-07
1.5066425e-07
1.4973186e-07
1.4898141e-07
1.4836085e-07
1.4783939e-07
1.4739627e-07
1.4701628e-07
1.466878e-07
1.4640163e-07
1.4615037e-07
1.4592794e-07
1.4572927e-07
1.4555006e-07
1.4538662e-07
1.4523574e-07
1.4509454e-07
1.4496047e-07
1.4483115e-07
1.4470433e-07
1.4457839e-07
1.4445275e-07
1.4432738e-07
1.4420225e-07
1.4407735e-07
1.4395266e-07
1.4382815e-07
1.4370378e-07
1.9254371e-07
1.6741118e-07
1.6113763e-07
1.5643996e-07
1.5362795e-07
1.5188298e-07
1.5066425e-07
1.4973187e-07
1.4898142e-07
1.4836086e-07
1.478394e-07
1.4739628e-07
1.470163e-07
1.4668781e-07
1.4640165e-07
1.4615039e-07
1.4592797e-07
1.457293e-07
1.455501e-07
1.4538666e-07
1.4523576e-07
1.4509454e-07
1.4496043e-07
1.4483104e-07
1.4470415e-07
1.4457813e-07
1.4445244e-07
1.4432704e-07
1.4420189e-07
1.4407699e-07
1.4395229e-07
1.4382777e-07
1.4370339e-07
1.9254371e-07
1.6741118e-07
1.6113763e-07
1.5643996e-07
1.5362795e-07
1.5188299e-07
1.5066425e-07
1.4973187e-07
1.4898142e-07
1.4836087e-07
1.4783941e-07
1.473963e-07
1.4701632e-07
1.4668784e-07
1.4640168e-07
1.4615043e-07
1.4592801e-07
1.4572934e-07
1.4555014e-07
1.453867e-07
1.4523579e-07
1.4509456e-07
1.4496041e-07
1.4483099e-07
1.4470404e-07
1.4457797e-07
1.4445224e-07
1.4432682e-07
1.4420166e-07
1.4407674e-07
1.4395204e-07
1.4382751e-07
1.4370313e-07
1.9254371e-07
1.6741118e-07
1.6113763e-07
1.5643996e-07
1.5362796e-07
1.5188299e-07
1.5066426e-07
1.4973188e-07
1.4898143e-07
1.4836088e-07
1.4783943e-07
1.4739631e-07
1.4701634e-07
1.4668786e-07
1.4640171e-07
1.4615047e-07
1.4592805e-07
1.457294e-07
1.455502e-07
1.4538676e-07
1.4523585e-07
1.450946e-07
1.4496044e-07
1.4483098e-07
1.44704e-07
1.4457789e-07
1.4445214e-07
1.4432669e-07
1.4420153e-07
1.440766e-07
1.4395189e-07
1.4382735e-07
1.4370297e-07
1.9254371e-07
1.6741118e-07
1.6113763e-07
1.5643996e-07
1.5362796e-07
1.5188299e-07
1.5066426e-07
1.4973189e-07
1.4898144e-07
1.4836089e-07
1.4783945e-07
1.4739634e-07
1.4701637e-07
1.466879e-07
1.4640175e-07
1.4615051e-07
1.4592811e-07
1.4572946e-07
1.4555026e-07
1.4538683e-07
1.4523592e-07
1.4509467e-07
1.4496049e-07
1.4483102e-07
1.4470402e-07
1.4457789e-07
1.4445211e-07
1.4432665e-07
1.4420148e-07
1.4407654e-07
1.4395182e-07
1.4382728e-07
1.4370289e-07
1.9254371e-07
1.6741118e-07
1.6113763e-07
1.5643996e-07
1.5362796e-07
1.5188299e-07
1.5066427e-07
1.497319e-07
1.4898146e-07
1.4836091e-07
1.4783947e-07
1.4739637e-07
1.470164e-07
1.4668794e-07
1.464018e-07
1.4615057e-07
1.4592818e-07
1.4572954e-07
1.4555035e-07
1.4538692e-07
1.4523601e-07
1.4509476e-07
1.4496058e-07
1.4483109e-07
1.4470408e-07
1.4457794e-07
1.4445215e-07
1.4432668e-07
1.442015e-07
1.4407656e-07
1.4395183e-07
1.4382729e-07
1.4370289e-07
1.9254371e-07
1.6741118e-07
1.6113763e-07
1.5643996e-07
1.5362796e-07
1.51883e-07
1.5066427e-07
1.4973191e-07
1.4898147e-07
1.4836093e-07
1.478395e-07
1.473964e-07
1.4701644e-07
1.4668799e-07
1.4640186e-07
1.4615065e-07
1.4592826e-07
1.4572963e-07
1.4555045e-07
1.4538702e-07
1.4523612e-07
1.4509487e-07
1.4496069e-07
1.448312e-07
1.4470418e-07
1.4457803e-07
1.4445224e-07
1.4432677e-07
1.4420158e-07
1.4407663e-07
1.439519e-07
1.4382735e-07
1.4370295e-07
1.9254371e-07
1.6741117e-07
1.6113762e-07
1.5643996e-07
1.5362796e-07
1.51883e-07
1.5066428e-07
1.4973192e-07
1.4898149e-07
1.4836096e-07
1.4783953e-07
1.4739644e-07
1.470165e-07
1.4668806e-07
1.4640194e-07
1.4615073e-07
1.4592835e-07
1.4572973e-07
1.4555056e-07
1.4538715e-07
1.4523625e-07
1.4509501e-07
1.4496083e-07
1.4483135e-07
1.4470432e-07
1.4457817e-07
1.4445238e-07
1.443269e-07
1.4420171e-07
1.4407676e-07
1.4395203e-07
1.4382747e-07
1.4370307e-07
1.9254371e-07
1.6741117e-07
1.6113762e-07
1.5643996e-07
1.5362796e-07
1.5188301e-07
1.5066429e-07
1.4973194e-07
1.4898151e-07
1.4836099e-07
1.4783957e-07
1.4739649e-07
1.4701656e-07
1.4668813e-07
1.4640202e-07
1.4615083e-07
)
;

boundaryField
{
    bottom
    {
        type            nutkWallFunction;
        Cmu             0.09;
        kappa           0.41;
        E               9.8;
        value           nonuniform List<scalar> 0();
    }
    back
    {
        type            empty;
    }
    front
    {
        type            empty;
    }
    inlet
    {
        type            calculated;
        value           uniform 2e-07;
    }
    outlet
    {
        type            calculated;
        value           nonuniform List<scalar> 0();
    }
    top
    {
        type            calculated;
        value           nonuniform List<scalar> 0();
    }
    slipsurface
    {
        type            slip;
    }
    procBoundary7to3
    {
        type            processor;
        value           nonuniform List<scalar> 
33
(
1.9254371e-07
1.674112e-07
1.6113765e-07
1.5643998e-07
1.5362797e-07
1.5188299e-07
1.5066423e-07
1.4973183e-07
1.4898135e-07
1.4836077e-07
1.4783929e-07
1.4739614e-07
1.4701612e-07
1.4668761e-07
1.4640142e-07
1.4615014e-07
1.4592769e-07
1.4572901e-07
1.455498e-07
1.4538645e-07
1.4523576e-07
1.4509562e-07
1.449636e-07
1.44853e-07
1.4470975e-07
1.4454408e-07
1.4436989e-07
1.4419151e-07
1.4400925e-07
1.4382294e-07
1.4363271e-07
1.4343863e-07
1.4324071e-07
)
;
    }
    procBoundary7to5
    {
        type            processor;
        value           nonuniform List<scalar> 
34
(
1.4592847e-07
1.4572986e-07
1.455507e-07
1.4538729e-07
1.452364e-07
1.4509517e-07
1.4496099e-07
1.4483152e-07
1.447045e-07
1.4457835e-07
1.4445255e-07
1.4432707e-07
1.4420188e-07
1.4407693e-07
1.4395219e-07
1.4382764e-07
1.4370323e-07
1.9254371e-07
1.6741117e-07
1.6113762e-07
1.5643997e-07
1.5362798e-07
1.5188303e-07
1.5066432e-07
1.4973197e-07
1.4898155e-07
1.4836104e-07
1.4783963e-07
1.4739657e-07
1.4701664e-07
1.4668823e-07
1.4640214e-07
1.4592847e-07
1.4615096e-07
)
;
    }
    procBoundary7to6
    {
        type            processor;
        value           nonuniform List<scalar> 
24
(
1.4337368e-07
1.4352479e-07
1.4357689e-07
1.4359523e-07
1.4359571e-07
1.4359621e-07
1.4359226e-07
1.4359208e-07
1.4358795e-07
1.4358788e-07
1.4358574e-07
1.4358429e-07
1.4358282e-07
1.4358168e-07
1.4358076e-07
1.4358005e-07
1.4357952e-07
1.4357913e-07
1.4357886e-07
1.4357869e-07
1.4357861e-07
1.4357861e-07
1.4357867e-07
1.4357878e-07
)
;
    }
}


// ************************************************************************* //
