/*--------------------------------*- C++ -*----------------------------------*\
  =========                 |
  \\      /  F ield         | OpenFOAM: The Open Source CFD Toolbox
   \\    /   O peration     | Website:  https://openfoam.org
    \\  /    A nd           | Version:  12
     \\/     M anipulation  |
\*---------------------------------------------------------------------------*/
FoamFile
{
    format      ascii;
    class       volScalarField;
    location    "1100";
    object      p;
}
// * * * * * * * * * * * * * * * * * * * * * * * * * * * * * * * * * * * * * //

dimensions      [0 2 -2 0 0 0 0];

internalField   nonuniform List<scalar> 
1745
(
0.0093637731
0.0037513234
0.0030949094
0.003711509
0.0039963068
0.0040182215
0.0040066546
0.003917028
0.0038435227
0.0037736036
0.0037036194
0.0036365517
0.0035728583
0.0035118968
0.0034528075
0.0033950516
0.0033393921
0.0032857121
0.0032338692
0.0031838676
0.0031355241
0.0030886555
0.0030432666
0.0029991709
0.0029560727
0.0029140701
0.0028729798
0.0028327048
0.0027932981
0.0027548013
0.0027174137
0.0026814002
0.0026469778
0.0026139311
0.0025816562
0.0025491716
0.0025152875
0.0093481559
0.0038017882
0.0031106538
0.0037133111
0.0039991205
0.0040201318
0.0040084186
0.00391801
0.0038441458
0.0037742184
0.0037041775
0.0036370663
0.0035733982
0.0035124596
0.0034535478
0.0033958805
0.0033401697
0.0032865198
0.003234729
0.0031847428
0.0031363889
0.0030894939
0.0030440697
0.0029999345
0.002956796
0.0029147544
0.0028736273
0.0028333185
0.00279388
0.0027553521
0.0027179302
0.002681881
0.002647425
0.0026143494
0.0025820516
0.0025495466
0.0025156443
0.009332449
0.0038506136
0.0031295319
0.0037160778
0.0040020919
0.0040219867
0.0040101354
0.0039190255
0.003844774
0.0037748346
0.0037047278
0.0036375811
0.0035739076
0.0035130256
0.0034541187
0.0033967362
0.0033409432
0.0032872934
0.0032355529
0.0031856002
0.0031372477
0.0030903347
0.0030448805
0.0030007091
0.0029575317
0.0029154517
0.0028742879
0.0028339448
0.0027944744
0.0027559165
0.0027184637
0.0026823804
0.0026478909
0.0026147816
0.0025824588
0.0025499328
0.0025160119
0.0093166764
0.0038981737
0.0031511973
0.0037196525
0.0040053513
0.0040238211
0.004011762
0.0039200722
0.0038454154
0.0037754457
0.0037052862
0.003638102
0.0035743979
0.0035135528
0.0034546634
0.0033974808
0.0033417397
0.0032880491
0.0032363361
0.0031864321
0.0031380949
0.0030911736
0.0030456963
0.0030014929
0.0029582791
0.0029161617
0.0028749613
0.0028345837
0.0027950811
0.0027564933
0.0027190117
0.0026828981
0.0026483741
0.0026152308
0.0025828781
0.0025503303
0.0025163902
0.0093008615
0.0039447838
0.0031747712
0.0037237993
0.0040090103
0.0040256972
0.0040132985
0.0039211454
0.0038460766
0.0037760566
0.0037058552
0.0036386196
0.0035748806
0.0035140443
0.003455219
0.003398048
0.0033425671
0.0032888002
0.0032370875
0.0031872291
0.0031389245
0.0030920056
0.0030465135
0.0030022835
0.0029590365
0.0029168834
0.0028756473
0.0028352351
0.0027957
0.0027570821
0.0027195723
0.002683431
0.0026488745
0.0026156977
0.0025833133
0.0025507393
0.0025167794
0.0092850397
0.0039906404
0.0031998475
0.0037284476
0.004013196
0.0040277199
0.0040147732
0.0039222413
0.0038467602
0.0037766733
0.0037064224
0.0036391337
0.0035753662
0.003514514
0.0034557368
0.0033985798
0.0033432984
0.0032895694
0.0032378225
0.0031879869
0.0031397287
0.003092825
0.0030473277
0.0030030779
0.0029598021
0.002917616
0.0028763454
0.002835899
0.0027963312
0.0027576829
0.0027201447
0.0026839766
0.0026493916
0.0026161826
0.0025837664
0.002551161
0.0025171794
0.0092692765
0.0040358748
0.0032262428
0.0037335411
0.0040180509
0.0040300196
0.0040161793
0.0039233543
0.0038474674
0.0037773025
0.0037069848
0.003639656
0.0035758526
0.0035149708
0.0034562155
0.0033991264
0.0033438566
0.0032903645
0.0032385536
0.0031887153
0.0031404977
0.0030936254
0.0030481339
0.0030038726
0.0029605736
0.0029183579
0.0028770547
0.0028365749
0.0027969746
0.0027582954
0.0027207286
0.0026845338
0.0026499224
0.0026166849
0.0025842354
0.0025515984
0.0025175908
0.0092535717
0.004080599
0.0032537926
0.0037390035
0.0040236505
0.004032692
0.004017488
0.003924474
0.0038482005
0.0037779488
0.0037075487
0.0036401822
0.0035763336
0.0035154258
0.0034566694
0.0033996363
0.0033443776
0.0032910697
0.0032393006
0.0031894293
0.003141228
0.0030943996
0.0030489264
0.0030046632
0.0029613478
0.0029191073
0.0028777742
0.0028372622
0.0027976298
0.0027589199
0.002721324
0.0026851021
0.0026504649
0.0026172015
0.0025847206
0.0025520524
0.0025180165
0.009237609
0.004124903
0.0032823518
0.0037448185
0.004029874
0.0040358259
0.0040186886
0.0039255908
0.0038489618
0.0037786126
0.003708121
0.003640704
0.0035768188
0.0035158832
0.0034571082
0.0034001053
0.0033449133
0.0032916164
0.0032400617
0.0031901417
0.0031419305
0.0030951397
0.0030496988
0.003005445
0.0029621215
0.0029198617
0.0028785021
0.00283796
0.0027982965
0.002759556
0.0027219309
0.0026856813
0.0026510182
0.0026177296
0.0025852211
0.0025525227
0.0025184584
0.00922108
0.0041688263
0.003311788
0.0037510554
0.0040365107
0.0040394432
0.0040198072
0.0039266985
0.0038497528
0.003779294
0.0037087077
0.0036412236
0.0035773096
0.0035163378
0.0034575416
0.0034005468
0.0033454128
0.003292129
0.0032407324
0.0031908706
0.0031426214
0.0030958438
0.0030504441
0.0030062127
0.0029628905
0.0029206182
0.0028792364
0.002838667
0.002798974
0.0027602037
0.0027225493
0.0026862715
0.0026515819
0.002618268
0.0025857342
0.0025530087
0.0025189154
0.0092039799
0.0042124016
0.003341979
0.0037577844
0.0040433869
0.0040434831
0.0040209842
0.0039277928
0.003850572
0.0037799927
0.0037093104
0.0036417478
0.003577798
0.003516792
0.0034579771
0.0034009724
0.0033458708
0.0032926525
0.0032412671
0.003191597
0.0031433158
0.0030965224
0.0030511567
0.00300696
0.0029636505
0.0029213729
0.0028799742
0.0028393813
0.0027996612
0.0027608622
0.0027231789
0.0026868728
0.002652156
0.0026188163
0.0025862577
0.0025535074
0.0025193869
0.0091863359
0.0042556866
0.0033728263
0.0037650254
0.0040503775
0.0040480046
0.0040223474
0.0039288612
0.0038514179
0.0037807095
0.0037099286
0.0036422841
0.0035782821
0.0035172517
0.0034584112
0.0034013896
0.0033463001
0.0032931397
0.0032417746
0.0031922266
0.0031440315
0.003097191
0.0030518389
0.0030076795
0.0029643965
0.0029221211
0.0028807124
0.0028401008
0.0028003568
0.0027615309
0.0027238194
0.002687485
0.0026527406
0.0026193742
0.0025867907
0.0025540165
0.0025198713
0.009168135
0.0042987233
0.0034042418
0.003772776
0.0040574351
0.0040530647
0.0040238966
0.0039298848
0.0038522918
0.003781446
0.003710563
0.0036428353
0.0035787682
0.003517711
0.0034588408
0.003401807
0.0033467134
0.0032935858
0.0032422851
0.0031927491
0.0031447248
0.0030978701
0.0030525011
0.0030083677
0.0029651215
0.0029228574
0.0028814471
0.0028408228
0.0028010588
0.0027622085
0.0027244702
0.0026881079
0.0026533356
0.0026199419
0.0025873328
0.0025545347
0.0025203665
0.009149357
0.0043415349
0.0034361398
0.0037810294
0.0040645455
0.0040585234
0.004025593
0.0039308701
0.0038531936
0.0037822027
0.0037112143
0.003643401
0.0035792647
0.0035181643
0.0034592747
0.0034022246
0.0033471169
0.0032940029
0.0032427586
0.0031932537
0.0031453096
0.0030985809
0.0030531545
0.0030090313
0.0029658163
0.0029235756
0.002882174
0.0028415439
0.002801765
0.0027628935
0.0027251302
0.0026887411
0.0026539409
0.0026205193
0.0025878838
0.0025550615
0.0025208709
0.0091299845
0.0043841384
0.0034684395
0.0037897779
0.0040717067
0.0040642221
0.0040273102
0.0039318537
0.0038541241
0.0037829795
0.0037118829
0.0036439814
0.0035797749
0.003518618
0.0034597104
0.0034026372
0.0033475191
0.0032944038
0.0032431922
0.0031937496
0.0031458211
0.0030992475
0.0030538168
0.0030096815
0.0029664761
0.0029242701
0.0028828883
0.0028422603
0.0028024724
0.0027635837
0.0027257983
0.0026893839
0.0026545562
0.0026211064
0.0025884439
0.0025555968
0.0025213837
0.0091100008
0.0044265475
0.0035010655
0.0037990127
0.0040789209
0.0040700028
0.0040289467
0.0039328673
0.0038550836
0.0037837764
0.0037125692
0.0036445774
0.0035802987
0.003519081
0.0034601396
0.003403053
0.003347922
0.0032947947
0.0032435973
0.0031942071
0.0031463249
0.0030997846
0.0030545066
0.0030103261
0.0029671092
0.0029249364
0.0028835843
0.0028429676
0.0028031775
0.0027642765
0.0027264727
0.002690035
0.0026551808
0.0026217029
0.0025890129
0.0025561404
0.0025219048
0.0090893894
0.0044687727
0.0035339472
0.003808724
0.0040861917
0.0040757694
0.0040305168
0.0039339237
0.0038560703
0.003784594
0.003713274
0.0036451894
0.0035808363
0.0035195568
0.0034605681
0.0034034707
0.003348321
0.0032951837
0.0032439863
0.0031946264
0.0031468045
0.0031002759
0.003055137
0.0030109724
0.0029677312
0.002925576
0.0028842547
0.0028436609
0.002803876
0.0027649688
0.0027271512
0.0026906932
0.0026558139
0.0026223086
0.0025895908
0.0025566923
0.0025224338
0.009068134
0.0045108224
0.0035670221
0.003818901
0.0040935226
0.0040815425
0.0040320516
0.0039350247
0.0038570838
0.0037854331
0.0037139979
0.0036458182
0.0035813884
0.0035200453
0.0034610053
0.0034038821
0.0033487223
0.0032955735
0.0032443655
0.0031950185
0.0031472438
0.0031007718
0.0030556396
0.0030116097
0.0029683609
0.0029261965
0.0028848959
0.0028443342
0.0028045627
0.0027656571
0.0027278312
0.0026913563
0.0026564543
0.0026229226
0.0025901772
0.0025572524
0.0025229708
0.0090462188
0.0045526994
0.0036002509
0.0038295326
0.0041009154
0.004087355
0.0040335685
0.0039361684
0.0038581252
0.0037862948
0.0037147417
0.0036464642
0.0035819555
0.0035205468
0.0034614547
0.0034042925
0.0033491248
0.0032959597
0.0032447427
0.0031953953
0.003147647
0.0031012334
0.0030561097
0.003012175
0.0029690151
0.0029268069
0.0028855137
0.0028449806
0.0028052319
0.0027663375
0.0027285095
0.0026920218
0.0026571001
0.0026235439
0.0025907714
0.0025578204
0.0025235155
0.0090236282
0.0045943281
0.0036336811
0.0038406335
0.0041083718
0.0040932319
0.004035079
0.0039373534
0.0038591959
0.0037871798
0.0037155057
0.0036471279
0.0035825381
0.0035210618
0.003461916
0.0034047115
0.0033495213
0.0032963478
0.0032451206
0.0031957627
0.0031480248
0.0031016535
0.0030565848
0.0030126682
0.0029696328
0.0029274203
0.0028861191
0.002845597
0.0028058779
0.002767006
0.0027291817
0.0026926866
0.0026577495
0.002624171
0.0025913727
0.0025583958
0.0025240677
0.0090003476
0.0046354107
0.0036675171
0.0038522886
0.004115906
0.0040991906
0.0040365925
0.0039385789
0.0038602966
0.0037880886
0.0037162905
0.0036478099
0.0035831367
0.003521591
0.0034623896
0.0034051422
0.0033499173
0.0032967364
0.0032454951
0.003196128
0.0031483887
0.0031020397
0.0030570258
0.003013146
0.0029701429
0.0029280497
0.0028867223
0.0028461893
0.0028064981
0.0027676571
0.0027298431
0.0026933473
0.0026583998
0.0026248022
0.0025919796
0.0025589779
0.002524627
0.0089763629
0.0046757084
0.0037018886
0.0038645668
0.0041235276
0.0041052472
0.0040381183
0.0039398441
0.0038614282
0.0037890217
0.0037170964
0.0036485104
0.0035837517
0.0035221347
0.0034628762
0.0034055843
0.003350322
0.0032971192
0.003245871
0.0031964938
0.0031487441
0.0031024027
0.0030574269
0.0030136032
0.0029706119
0.002928627
0.0028873304
0.0028467699
0.002807098
0.0027682832
0.0027304878
0.0026940003
0.002659048
0.0026254348
0.0025925905
0.0025595655
0.0025251927
0.0089516607
0.0047153539
0.0037365241
0.003877508
0.0041312452
0.0041114136
0.0040396646
0.0039411482
0.0038625916
0.0037899797
0.003717924
0.0036492299
0.0035843836
0.0035226935
0.0034633761
0.0034060383
0.0033507381
0.0032975032
0.0032462462
0.0031968564
0.0031490972
0.0031027533
0.0030577964
0.0030140221
0.0029710817
0.002929107
0.0028879155
0.0028473593
0.0028076862
0.0027688799
0.0027311105
0.0026946418
0.0026596903
0.0026260658
0.0025932032
0.0025601573
0.0025257639
0.0089262288
0.0047545408
0.0037710838
0.0038911108
0.0041390625
0.0041176975
0.0040412398
0.003942489
0.0038637872
0.0037909633
0.0037187736
0.003649969
0.0035850328
0.0035232677
0.00346389
0.0034065048
0.0033511652
0.0032978962
0.0032466162
0.0031972194
0.0031494505
0.0031030974
0.0030581452
0.0030144041
0.0029715186
0.0029295605
0.0028884266
0.0028479761
0.0028082681
0.0027694519
0.0027317091
0.0026952669
0.0026603222
0.0026266917
0.0025938153
0.0025607515
0.0025263391
0.0089000559
0.004793312
0.0038054588
0.0039053028
0.0041469515
0.0041241014
0.0040428626
0.0039438666
0.0038650142
0.0037919731
0.0037196461
0.0036507281
0.0035856998
0.0035238579
0.0034644181
0.0034069841
0.0033516038
0.0032983
0.0032469893
0.00319758
0.0031498024
0.0031034399
0.0030584827
0.0030147576
0.0029719154
0.0029300081
0.0028888964
0.0028485478
0.0028088447
0.002770011
0.0027322883
0.0026958693
0.002660938
0.0026273085
0.0025944239
0.0025613457
0.0025269165
0.0088731323
0.0048316593
0.0038396092
0.0039202032
0.0041549222
0.0041305966
0.0040445544
0.0039452941
0.0038662729
0.0037930093
0.0037205418
0.0036515076
0.0035863851
0.0035244644
0.003464961
0.0034074767
0.0033520544
0.0032987145
0.0032473718
0.003197937
0.0031501541
0.003103782
0.0030588155
0.0030150933
0.0029722778
0.0029304216
0.002889358
0.0028490143
0.0028094022
0.0027705778
0.0027328564
0.0026964452
0.0026615317
0.0026279123
0.0025950258
0.0025619367
0.0025274937
0.0088454495
0.004869579
0.0038735075
0.0039365085
0.0041634949
0.0041370561
0.0040462309
0.0039467774
0.0038675651
0.0037940723
0.0037214614
0.0036523083
0.003587089
0.0035250878
0.003465519
0.003407983
0.0033525174
0.00329914
0.0032477646
0.0031982992
0.0031505017
0.0031041238
0.0030591478
0.0030154188
0.0029726152
0.002930797
0.0028897865
0.0028494506
0.0028099017
0.0027711705
0.0027334186
0.0026969983
0.0026621004
0.002628499
0.002595617
0.0025625207
0.002528068
0.0024911445
0.0024512125
0.0024086737
0.0023638437
0.0088170008
0.0049070739
0.0039071277
0.0039555531
0.0041731904
0.0041433408
0.0040477436
0.0039483172
0.0038688957
0.0037951638
0.0037224056
0.0036531307
0.0035878122
0.0035257284
0.0034660925
0.0034085034
0.0033529931
0.0032995771
0.0032481677
0.0031986711
0.0031508476
0.0031044638
0.0030594782
0.003015741
0.0029729382
0.0029311408
0.0028901762
0.0028498873
0.0028103629
0.0027717225
0.0027339753
0.0026975375
0.0026626481
0.0026290642
0.0025961919
0.0025630932
0.0025286362
0.0024917079
0.0024517702
0.002409225
0.0023643877
0.0087877813
0.0049441477
0.0039404438
0.0039781289
0.0041841627
0.0041493926
0.0040490335
0.0039499136
0.003870269
0.0037962858
0.0037233754
0.0036539752
0.003588555
0.0035263865
0.0034666819
0.0034090382
0.003353482
0.0033000262
0.0032485815
0.0031990526
0.0031512002
0.0031047991
0.0030598089
0.0030160632
0.0029732526
0.0029314632
0.0028905307
0.0028502925
0.0028108131
0.0027721783
0.0027345109
0.0026980782
0.0026631838
0.0026296069
0.0025967432
0.0025636491
0.0025291956
0.002492267
0.0024523268
0.002409778
0.0023649359
0.0087577882
0.0049808005
0.0039734293
0.0040033166
0.0041968308
0.0041553581
0.0040502289
0.0039515648
0.0038716815
0.0037974384
0.0037243714
0.0036548426
0.0035893179
0.0035270627
0.0034672875
0.0034095876
0.0033539842
0.0033004874
0.0032490064
0.0031994441
0.0031515622
0.0031051363
0.0030601367
0.0030163821
0.0029735642
0.0029317742
0.0028908579
0.0028506597
0.0028112311
0.002772605
0.0027349904
0.0026986342
0.002663718
0.0026301302
0.002597266
0.0025641848
0.0025297429
0.0024928186
0.0024528795
0.0024103304
0.0023654867
0.0037163159
0.0037676453
0.0038284706
0.0039026681
0.0039959954
0.0041071142
0.0042343338
0.004377617
0.0045381465
0.0047180056
0.0049202441
0.0051495249
0.0054122377
0.0057199205
0.0060850253
0.0065477743
0.0071162057
0.0080252024
0.0090534006
0.0037163069
0.0037676445
0.0038284702
0.0039026673
0.0039959943
0.0041071126
0.0042343315
0.0043776135
0.0045381411
0.0047179972
0.0049202305
0.0051495026
0.0054122001
0.0057198533
0.0060849022
0.0065475049
0.0071157696
0.0080232478
0.0090508342
0.012336544
0.0037162977
0.0037676436
0.0038284697
0.0039026665
0.0039959931
0.0041071109
0.004234329
0.0043776097
0.0045381353
0.0047179881
0.0049202161
0.005149479
0.0054121601
0.0057197818
0.0060847713
0.0065472186
0.0071153043
0.0080211709
0.0090480609
0.012263499
0.0037162885
0.0037676427
0.0038284691
0.0039026657
0.0039959919
0.0041071091
0.0042343264
0.0043776058
0.0045381292
0.0047179785
0.0049202008
0.0051494539
0.0054121176
0.0057197058
0.0060846322
0.0065469144
0.0071148079
0.0080189641
0.0090450659
0.012190993
0.0037162791
0.0037676417
0.0038284686
0.0039026648
0.0039959905
0.0041071072
0.0042343236
0.0043776015
0.0045381227
0.0047179684
0.0049201846
0.0051494271
0.0054120724
0.0057196249
0.0060844843
0.0065465912
0.0071142784
0.0080166198
0.0090418334
0.012119058
0.0037162698
0.0037676406
0.003828468
0.0039026638
0.0039959891
0.0041071052
0.0042343206
0.004377597
0.0045381158
0.0047179575
0.0049201672
0.0051493987
0.0054120243
0.005719539
0.0060843272
0.006546248
0.0071137137
0.0080141294
0.0090383458
0.012047729
0.0037162603
0.0037676395
0.0038284674
0.0039026628
0.0039959876
0.004107103
0.0042343174
0.0043775922
0.0045381084
0.004717946
0.0049201488
0.0051493685
0.0054119733
0.0057194477
0.0060841603
0.0065458835
0.0071131117
0.0080114843
0.0090345773
0.011977041
0.0037162507
0.0037676383
0.0038284667
0.0039026617
0.003995986
0.0041071007
0.004234314
0.0043775871
0.0045381006
0.0047179338
0.0049201293
0.0051493364
0.005411919
0.0057193508
0.006083983
0.0065454966
0.0071124699
0.0080086775
0.0090304994
0.01190695
0.0037162411
0.003767637
0.003828466
0.0039026606
0.0039959843
0.0041070983
0.0042343104
0.0043775817
0.0045380922
0.0047179207
0.0049201085
0.0051493023
0.0054118613
0.0057192477
0.0060837947
0.006545086
0.0071117858
0.0080057026
0.0090260832
0.011837183
0.0037162314
0.0037676357
0.0038284652
0.0039026594
0.0039959825
0.0041070957
0.0042343066
0.004377576
0.0045380834
0.0047179069
0.0049200865
0.0051492661
0.0054118001
0.0057191383
0.0060835947
0.0065446503
0.0071110567
0.0080025525
0.0090212963
0.01176737
0.0037162216
0.0037676342
0.0038284644
0.0039026581
0.0039959806
0.0041070929
0.0042343026
0.0043775699
0.004538074
0.0047178923
0.004920063
0.0051492277
0.0054117351
0.0057190222
0.0060833825
0.0065441882
0.00711028
0.0079992191
0.009016109
0.011697033
0.0037162118
0.0037676327
0.0038284636
0.0039026567
0.0039959786
0.00410709
0.0042342983
0.0043775634
0.0045380641
0.0047178767
0.0049200381
0.0051491868
0.005411666
0.0057188988
0.0060831572
0.006543698
0.0071094526
0.0079956937
0.0090104946
0.011625833
0.0037162018
0.0037676311
0.0038284627
0.0039026553
0.0039959764
0.0041070869
0.0042342937
0.0043775565
0.0045380535
0.0047178601
0.0049200117
0.0051491434
0.0054115927
0.0057187679
0.0060829181
0.0065431783
0.0071085714
0.0079919676
0.009004426
0.0115538
0.0037161918
0.0037676294
0.0038284617
0.0039026537
0.0039959741
0.0041070836
0.0042342889
0.0043775492
0.0045380423
0.0047178425
0.0049199837
0.0051490974
0.0054115149
0.005718629
0.0060826644
0.0065426273
0.0071076331
0.0079880315
0.0089978754
0.011481004
0.0037161817
0.0037676275
0.0038284607
0.0039026521
0.0039959717
0.0041070801
0.0042342837
0.0043775414
0.0045380303
0.0047178239
0.0049199539
0.0051490486
0.0054114323
0.0057184815
0.0060823952
0.0065420434
0.0071066337
0.007983877
0.008990815
0.011407487
0.0037161715
0.0037676256
0.0038284596
0.0039026503
0.0039959691
0.0041070764
0.0042342783
0.0043775332
0.0045380177
0.0047178041
0.0049199223
0.0051489967
0.0054113447
0.0057183251
0.0060821098
0.0065414246
0.007105569
0.0079794957
0.0089832165
0.011333285
0.0037161613
0.0037676235
0.0038284584
0.0039026485
0.0039959663
0.0041070724
0.0042342725
0.0043775245
0.0045380042
0.0047177831
0.0049198887
0.0051489417
0.0054112518
0.0057181592
0.006081807
0.006540769
0.0071044341
0.007974879
0.0089750511
0.011258439
0.0037161509
0.0037676213
0.0038284572
0.0039026465
0.0039959634
0.0041070682
0.0042342663
0.0043775152
0.00453799
0.0047177608
0.0049198532
0.0051488833
0.0054111531
0.0057179832
0.006081486
0.0065400746
0.0071032242
0.0079700181
0.0089662895
0.011182993
0.0037161405
0.003767619
0.0038284559
0.0039026445
0.0039959603
0.0041070638
0.0042342598
0.0043775053
0.0045379749
0.0047177372
0.0049198154
0.0051488214
0.0054110485
0.0057177965
0.0060811456
0.0065393392
0.0071019338
0.007964904
0.0089569019
0.01110699
0.00371613
0.0037676166
0.0038284545
0.0039026423
0.003995957
0.0041070591
0.0042342529
0.0043774949
0.0045379588
0.0047177121
0.0049197754
0.0051487557
0.0054109376
0.0057175986
0.0060807848
0.0065385605
0.0071005573
0.0079595275
0.0089468582
0.011030479
0.0037161194
0.003767614
0.003828453
0.0039026399
0.0039959536
0.0041070541
0.0042342455
0.0043774838
0.0045379418
0.0047176855
0.0049197329
0.005148686
0.00541082
0.0057173888
0.0060804024
0.0065377361
0.0070990887
0.0079538795
0.0089361276
0.010953509
0.0037161088
0.0037676112
0.0038284515
0.0039026374
0.0039959499
0.0041070488
0.0042342377
0.0043774721
0.0045379238
0.0047176572
0.0049196879
0.0051486121
0.0054106953
0.0057171664
0.0060799971
0.0065368636
0.0070975217
0.0079479506
0.0089246793
0.010876129
0.003716098
0.0037676083
0.0038284498
0.0039026348
0.0039959459
0.0041070432
0.0042342295
0.0043774596
0.0045379046
0.0047176273
0.0049196401
0.0051485338
0.005410563
0.0057169307
0.0060795677
0.0065359403
0.0070958496
0.0079417314
0.0089124824
0.010798392
0.0037160872
0.0037676051
0.0038284481
0.003902632
0.0039959418
0.0041070372
0.0042342207
0.0043774464
0.0045378843
0.0047175956
0.0049195895
0.0051484508
0.0054104229
0.0057166808
0.0060791127
0.0065349635
0.0070940651
0.0079352124
0.0088995056
0.010720353
0.0037160762
0.0037676018
0.0038284462
0.003902629
0.0039959374
0.0041070309
0.0042342114
0.0043774324
0.0045378628
0.0047175619
0.0049195358
0.0051483627
0.0054102743
0.0057164161
0.0060786308
0.0065339302
0.0070921609
0.0079283842
0.0088857181
0.010642065
0.0037160652
0.0037675984
0.0038284442
0.0039026259
0.0039959327
0.0041070242
0.0042342016
0.0043774176
0.00453784
0.0047175263
0.0049194789
0.0051482694
0.0054101169
0.0057161356
0.0060781203
0.0065328373
0.0070901288
0.0079212372
0.0088710889
0.010563585
0.0037160541
0.0037675946
0.0038284421
0.0039026226
0.0039959278
0.0041070171
0.0042341912
0.0043774018
0.0045378158
0.0047174885
0.0049194185
0.0051481705
0.0054099501
0.0057158384
0.0060775796
0.0065316818
0.0070879605
0.0079137618
0.0088555873
0.01048497
0.0037160428
0.0037675907
0.0038284399
0.0039026191
0.0039959225
0.0041070095
0.0042341801
0.0043773851
0.0045377902
0.0047174484
0.0049193546
0.0051480657
0.0054097733
0.0057155236
0.0060770071
0.0065304601
0.0070856472
0.0079059487
0.0088391832
0.010406279
0.0037160315
0.0037675866
0.0038284375
0.0039026153
0.003995917
0.0041070015
0.0042341684
0.0043773675
0.004537763
0.0047174059
0.0049192868
0.0051479546
0.005409586
0.0057151903
0.006076401
0.0065291689
0.0070831795
0.0078977884
0.0088218465
0.010327568
0.00371602
0.0037675822
0.003828435
0.0039026114
0.0039959111
0.0041069931
0.0042341559
0.0043773487
0.0045377343
0.0047173609
0.004919215
0.0051478369
0.0054093877
0.0057148372
0.0060757592
0.0065278043
0.0070805477
0.0078892717
0.0088035481
0.010248898
0.0037160085
0.0037675775
0.0038284324
0.0039026072
0.0039959048
0.0041069841
0.0042341427
0.0043773289
0.0045377038
0.0047173132
0.004919139
0.0051477123
0.0054091775
0.0057144634
0.00607508
0.0065263626
0.0070777413
0.0078803893
0.0087842591
0.010170327
)
;

boundaryField
{
    inlet
    {
        type            zeroGradient;
    }
    top
    {
        type            zeroGradient;
    }
    outlet
    {
        type            fixedValue;
        value           nonuniform List<scalar> 0();
    }
    slipsurface
    {
        type            slip;
    }
    bottom
    {
        type            zeroGradient;
    }
    frontandback
    {
        type            empty;
    }
    procBoundary4to2
    {
        type            processor;
        value           nonuniform List<scalar> 
30
(
0.0024788751
0.0024792159
0.0024795668
0.002479928
0.0024802997
0.0024806818
0.0024810745
0.002481478
0.002481894
0.0024823245
0.0024827688
0.0024832268
0.0024836981
0.0024841808
0.002484673
0.0024851738
0.0024856828
0.0024861997
0.0024867244
0.0024872567
0.0024877963
0.0024883427
0.0024888953
0.0024894532
0.0024900151
0.0024905795
0.0024905795
0.0024506562
0.0024081258
0.002363305
)
;
    }
    procBoundary4to3
    {
        type            processor;
        value           nonuniform List<scalar> 4(0.0023169053 0.0023174402 0.0023179812 0.0023185273);
    }
    procBoundary4to5
    {
        type            processor;
        value           nonuniform List<scalar> 
61
(
0.0087270205
0.0050170248
0.0040060584
0.0040297498
0.0042108798
0.0041613526
0.0040515078
0.0039532713
0.003873129
0.0037986214
0.0037253944
0.0036557337
0.0035901015
0.0035277572
0.0034679097
0.0034101521
0.0033545001
0.0033009611
0.0032494427
0.0031998459
0.0031519337
0.0031054813
0.0030604602
0.0030167
0.0029738765
0.0029320799
0.0028911675
0.0028509943
0.0028116115
0.0027730301
0.0027354353
0.0026991528
0.002664256
0.0026306385
0.0025977629
0.0025646985
0.0025302741
0.0024933583
0.0024534245
0.0024108798
0.0023660384
0.0037159968
0.0037675725
0.0038284295
0.0039026027
0.0039958982
0.0041069746
0.0042341288
0.0043773078
0.0045376714
0.0047172627
0.0049190584
0.0051475802
0.005408955
0.0057140676
0.006074361
0.0065248397
0.0070747496
0.0078711325
0.0087639514
0.010091914
)
;
    }
    procBoundary4to7
    {
        type            processor;
        value           nonuniform List<scalar> 
58
(
0.0093792758
0.0036990165
0.003081718
0.0037102539
0.0039935404
0.0040162712
0.0040048742
0.0039160757
0.0038428976
0.0037730032
0.0037030598
0.0036360232
0.0035722793
0.0035113271
0.0034519299
0.0033942525
0.0033385959
0.0032848614
0.003232983
0.0031829807
0.0031346581
0.0030878229
0.0030424737
0.0029984197
0.0029553628
0.0029133992
0.0028723453
0.0028321039
0.0027927295
0.0027542664
0.0027169154
0.0026809374
0.0026465474
0.0026135251
0.0025812724
0.0025488078
0.0025149411
0.0037163249
0.0037676461
0.0038284711
0.0039026688
0.0039959965
0.0041071157
0.004234336
0.0043776203
0.0045381516
0.0047180136
0.0049202568
0.0051495458
0.0054122731
0.0057199837
0.006085141
0.0065480277
0.0071166144
0.0080270414
0.0090557739
0.012410094
0.012410094
)
;
    }
}


// ************************************************************************* //
