/*--------------------------------*- C++ -*----------------------------------*\
  =========                 |
  \\      /  F ield         | OpenFOAM: The Open Source CFD Toolbox
   \\    /   O peration     | Website:  https://openfoam.org
    \\  /    A nd           | Version:  12
     \\/     M anipulation  |
\*---------------------------------------------------------------------------*/
FoamFile
{
    format      ascii;
    class       volScalarField;
    location    "500";
    object      omega;
}
// * * * * * * * * * * * * * * * * * * * * * * * * * * * * * * * * * * * * * //

dimensions      [0 0 -1 0 0 0 0];

internalField   nonuniform List<scalar> 
814
(
2042.4924
2037.1512
2031.9151
2026.7785
2021.7406
2016.794
2011.9247
2007.1258
2002.3982
1997.7394
1993.138
1988.5863
1984.0836
1979.6301
1975.2192
1970.8416
1966.4944
1962.1796
1957.8938
1953.6286
1949.38
1945.1476
1940.9309
1936.724
1932.5204
1928.3184
1924.119
1919.9169
1915.7056
1911.4838
1907.2512
1903.0023
1898.7296
1894.4298
1774.3449
1769.4296
1764.6171
1759.9011
1755.281
1750.7509
1746.2969
1741.9114
1737.5952
1733.3469
1729.1555
1725.0131
1720.9186
1716.8728
1712.8698
1708.9005
1704.9616
1701.0551
1697.1784
1693.3237
1689.4863
1685.6663
1681.8635
1678.0724
1674.2867
1670.5047
1666.7278
1662.9512
1659.1679
1655.3768
1651.5784
1647.7679
1643.9383
1640.0866
1545.3592
1540.8058
1536.3539
1531.9966
1527.7336
1523.5595
1519.4612
1515.4303
1511.4675
1507.5719
1503.7334
1499.9435
1496.2009
1492.507
1488.8562
1485.2397
1481.6539
1478.1007
1474.5783
1471.0791
1467.5984
1464.136
1460.6924
1457.2623
1453.8396
1450.4227
1447.013
1443.6064
1440.1956
1436.7797
1433.3595
1429.9311
1426.4877
1423.0266
1349.3253
1345.0769
1340.9298
1336.8762
1332.9162
1329.045
1325.2496
1321.5214
1317.8605
1314.2669
1310.7308
1307.2434
1303.8033
1300.4121
1297.0646
1293.7523
1290.4712
1287.2232
1284.007
1280.8154
1277.6434
1274.491
1271.3587
1268.2417
1265.1341
1262.0342
1258.9436
1255.8587
1252.7721
1249.6828
1246.5922
1243.4966
1240.3899
1237.2694
1181.122
1177.1274
1173.2346
1169.4357
1165.7304
1162.1143
1158.5747
1155.1028
1151.6983
1148.3614
1145.0829
1141.8537
1138.6721
1135.5401
1132.4527
1129.4015
1126.3823
1123.3971
1120.4448
1117.5184
1114.6131
1111.7285
1108.8655
1106.0196
1103.1851
1100.36
1097.5463
1094.7406
1091.9358
1089.1305
1086.3267
1083.521
1080.7075
1077.8839
1036.5117
1032.7243
1029.0402
1025.4512
1021.9568
1018.5528
1015.2266
1011.9691
1008.78
1005.6594
1002.5982
999.5875
996.62535
993.71367
990.84778
988.01931
985.22411
982.46388
979.73785
977.03927
974.36314
971.70914
969.07839
966.46644
963.86763
961.2802
958.70614
956.14237
953.58187
951.02323
948.46846
945.91466
943.35629
940.79098
911.97753
908.35405
904.83647
901.41638
898.09297
894.86168
891.71
888.62905
885.61793
882.6769
879.79675
876.96868
874.19058
871.46434
868.78529
866.14516
863.53982
860.97081
858.43742
855.93311
853.45288
850.99634
848.56471
846.15362
843.75756
841.37477
839.00732
836.65229
834.30295
831.95771
829.6187
827.2833
824.94621
822.60522
804.59147
801.0915
797.70093
794.41145
791.22175
788.12671
785.11376
782.17426
779.30696
776.5118
773.77945
771.10125
768.47501
765.90249
763.37882
760.89586
758.44957
756.04129
753.67028
751.3301
749.01581
746.72697
744.46482
742.22502
740.00215
737.79452
735.60424
733.42845
731.2607
729.09929
726.94642
724.79962
722.65385
720.507
711.9099
708.49453
705.19328
701.99806
698.90688
695.9137
693.0058
690.17494
687.41956
684.739
682.12359
679.56496
677.06093
674.61299
672.21586
669.86152
667.54612
665.27082
663.03466
660.83124
658.65574
656.50769
654.38829
652.2931
650.21683
648.15786
646.11831
644.09531
642.08267
640.07863
638.08542
636.10063
634.11942
632.13983
631.88922
628.52018
625.27143
622.13522
619.10856
616.18411
613.34901
610.59556
607.92181
605.32625
602.79871
600.33123
597.92169
595.57115
593.27372
591.02154
588.81103
586.64312
584.51651
582.42474
580.36317
578.33135
576.33034
574.35551
572.40167
570.46736
568.55465
566.66054
564.77912
562.90861
561.05124
559.20459
557.36395
555.52754
562.81872
559.45719
556.22406
553.11178
550.11592
547.22748
544.43354
541.72711
539.10567
536.56653
534.09888
531.69538
529.35396
527.07505
524.85194
522.67699
520.54698
518.46257
516.42192
514.41844
512.44778
510.50951
508.60445
506.72766
504.87411
503.04248
501.23481
499.44783
497.67589
495.91729
494.17419
492.44407
490.72234
489.00739
503.26715
499.87241
496.61682
493.49256
490.49296
487.60719
484.82259
482.13287
479.53458
477.02349
474.58817
472.22212
469.92323
467.69097
465.51767
463.39603
461.32325
459.29961
457.32253
455.38529
453.48389
451.61793
449.78785
447.9883
446.21445
444.46521
442.74245
441.04255
439.36011
437.69358
436.04504
434.41174
432.78919
431.17598
452.04085
448.56859
445.24997
442.0756
439.03556
436.11728
433.30902
430.60488
427.99984
425.48773
423.05685
420.7017
418.41982
416.20936
414.0616
411.96979
409.93158
407.94663
406.01144
404.11917
402.26631
400.45241
398.67739
396.93536
395.22181
393.53587
391.87919
390.24764
388.63612
387.04328
385.47108
383.9164
382.37489
380.84534
408.15188
404.55209
401.12575
397.85905
394.73775
391.74841
388.88118
386.12953
383.48589
380.94192
378.48636
376.11476
373.82369
371.60948
369.46249
367.3769
365.35059
363.3823
361.46745
359.5992
357.7746
355.99305
354.25372
352.55014
350.87825
349.23739
347.62886
346.04787
344.48968
342.95324
341.4403
339.94724
338.46985
337.00718
370.7956
367.01008
363.42497
360.01664
356.76629
353.66197
350.69682
347.86102
345.14328
342.53324
340.02168
337.60454
335.27635
333.03107
330.85881
328.75496
326.71722
324.74291
322.8263
320.96082
319.14417
317.37527
315.65231
313.96828
312.31973
310.70617
309.1283
307.58063
306.05886
304.56227
303.09227
301.64465
300.21536
298.80379
339.31884
335.29809
331.49325
327.88159
324.44306
321.17192
318.06457
315.10187
312.26835
309.55265
306.95044
304.4556
302.0591
299.75222
297.52632
295.37809
293.304
291.29939
289.35755
287.47271
285.643
283.86646
282.13995
280.45619
278.81255
277.20848
275.64379
274.11226
272.61026
271.13734
269.69437
268.27644
266.87984
265.50421
313.04129
308.77503
304.72266
300.8736
297.21352
293.73554
290.4341
287.29084
284.2896
281.42035
278.68845
276.07852
273.57697
271.17262
268.86129
266.63976
264.50155
262.43945
260.44649
258.51847
256.65329
254.84735
253.09598
251.39221
249.73437
248.12139
246.5518
245.01884
243.51978
242.0543
240.62241
239.2185
237.83933
236.48482
291.19845
286.71898
282.44215
278.36854
274.49312
270.80265
267.28483
263.93132
260.7323
257.67874
254.77303
252.00111
249.34833
246.80215
244.36907
242.0409
239.80586
237.65419
235.58048
233.58287
231.65728
229.79755
227.99748
226.25175
224.55924
222.9176
221.32366
219.77071
218.25711
216.78226
215.34493
213.93894
212.56179
211.21348
272.92117
268.3227
263.90007
259.66486
255.61741
251.74433
248.03184
244.48011
241.08926
237.85132
234.75548
231.79591
228.96426
226.2506
223.6595
221.18372
218.81061
216.52941
214.33988
212.24256
210.22729
208.28489
206.40827
204.59606
202.84611
201.15366
199.51348
197.9203
196.37341
194.87114
193.41056
191.98544
190.59422
189.23664
257.02845
252.52869
248.15299
243.91585
239.81507
235.84613
232.00971
228.31853
224.77912
221.38523
218.12159
214.98607
211.98053
209.10172
206.34226
203.6981
201.16239
198.72794
196.39455
194.16207
192.02023
189.95883
187.97155
186.06505
184.23105
182.46149
180.74922
179.09311
177.49207
175.9421
174.43818
172.97525
171.55265
170.16914
241.8687
237.85906
233.88614
229.94019
226.01961
222.14846
218.36146
214.68144
211.11029
207.64392
204.27775
201.02027
197.88288
194.86739
191.96239
189.16293
186.47046
183.88548
181.40373
179.0204
176.73043
174.52758
172.4072
170.37483
168.42326
166.54337
164.72683
162.98196
161.30244
159.68069
158.10961
156.58781
155.11447
153.68625
152.29855
150.94704
149.63169
148.35124
147.10179
145.87993
225.62652
222.60792
219.44678
216.1398
212.73239
209.29567
205.88257
202.49159
199.11011
195.74953
192.43591
189.19603
186.04241
182.97526
179.98877
177.08573
174.27833
171.57336
168.96515
166.44553
164.01359
161.67113
159.41654
157.24626
155.15819
153.14722
151.20724
149.34556
147.55706
145.833
144.16501
142.5601
141.01341
139.51812
138.06785
136.6621
135.30003
133.97807
132.69173
131.43883
148.64225
146.35025
144.13306
141.99311
139.93042
137.94249
136.02823
134.18261
132.39955
130.68573
129.03738
127.44665
125.90645
124.42442
122.99457
121.61016
120.26735
118.96592
139.65969
137.29449
134.98646
132.7473
130.58235
128.48467
126.45221
124.48673
122.58875
120.75715
118.99142
117.28726
115.63972
114.05618
112.53184
111.0585
109.63556
108.26531
131.86327
129.53782
127.2409
124.98925
122.786
120.62576
118.51109
116.45321
114.45928
112.52484
110.64842
108.832
107.07641
105.38142
103.74685
102.16785
100.64536
99.181917
)
;

boundaryField
{
    bottom
    {
        beta1           0.075;
        blended         false;
        type            omegaWallFunction;
        value           nonuniform List<scalar> 0();
    }
    back
    {
        type            empty;
    }
    front
    {
        type            empty;
    }
    inlet
    {
        type            fixedValue;
        value           nonuniform List<scalar> 0();
    }
    outlet
    {
        type            zeroGradient;
    }
    top
    {
        type            zeroGradient;
    }
    slipsurface
    {
        type            slip;
    }
    procBoundary9to1
    {
        type            processor;
        value           nonuniform List<scalar> 
21
(
2357.3545
2047.9543
1779.3789
1550.0301
1353.6911
1185.2346
1040.4188
915.72306
808.21701
715.45547
635.39439
566.32389
506.81516
455.6792
411.93599
374.79371
343.56864
317.5358
295.89238
277.68917
261.61555
)
;
    }
    procBoundary9to8
    {
        type            processor;
        value           nonuniform List<scalar> 
32
(
2351.5148
2345.7836
2340.1561
2334.6308
2329.199
2323.8465
2318.5669
2313.3615
2308.2262
2303.1491
2298.1232
2293.1479
2288.2224
2283.3396
2278.49
2273.6712
2268.8849
2264.1267
2259.388
2254.665
2249.9572
2245.2636
2240.5777
2235.8927
2231.2071
2226.5216
2221.8298
2217.1266
2212.41
2207.6786
2202.9261
2198.1446
)
;
    }
    procBoundary9to11
    {
        type            processor;
        value           nonuniform List<scalar> 
32
(
2193.3305
1890.1028
1636.2127
1419.548
1234.1355
1075.0506
938.21948
820.26124
718.36015
630.16307
553.69667
487.30064
429.57362
379.32931
335.56078
297.41133
264.15072
235.15568
209.89399
187.91156
168.82202
168.82202
167.50553
166.21901
164.96254
163.7331
162.52672
144.68552
130.219
117.70403
106.9416
97.771296
)
;
    }
    procBoundary9to12
    {
        type            processor;
        value           nonuniform List<scalar> 
13
(
113.87949
111.77706
109.70818
107.67917
105.68636
103.73238
101.82841
99.981616
98.188063
96.447954
94.763926
93.137681
91.569054
)
;
    }
    procBoundary9to14
    {
        type            processor;
        value           nonuniform List<scalar> 
32
(
245.88205
228.55625
207.3034
205.38727
203.18888
200.80561
198.308
195.76073
193.10521
190.31693
187.41148
184.44626
181.47396
178.51602
175.56519
172.62026
169.69678
166.82101
164.01277
161.2756
158.60457
155.99745
153.46262
151.01038
151.01038
142.07706
134.19422
124.36904
122.28853
120.20142
118.10615
115.99614
)
;
    }
}


// ************************************************************************* //
