/*--------------------------------*- C++ -*----------------------------------*\
  =========                 |
  \\      /  F ield         | OpenFOAM: The Open Source CFD Toolbox
   \\    /   O peration     | Website:  https://openfoam.org
    \\  /    A nd           | Version:  12
     \\/     M anipulation  |
\*---------------------------------------------------------------------------*/
FoamFile
{
    format      ascii;
    class       surfaceScalarField;
    location    "500";
    object      phi;
}
// * * * * * * * * * * * * * * * * * * * * * * * * * * * * * * * * * * * * * //

dimensions      [0 3 -1 0 0 0 0];

internalField   nonuniform List<scalar> 
1563
(
1.4296468e-05
3.1671569e-07
1.4251924e-05
3.1245203e-07
1.4207971e-05
3.0845072e-07
1.4164562e-05
3.0480092e-07
1.4121647e-05
3.0148957e-07
1.4079177e-05
2.9846813e-07
1.4037126e-05
2.9562289e-07
1.399547e-05
2.929602e-07
1.395417e-05
2.9058665e-07
1.3913183e-05
2.8846408e-07
1.3872478e-05
2.8654758e-07
1.383203e-05
2.8482383e-07
1.3791819e-05
2.832527e-07
1.3751814e-05
2.818713e-07
1.3711969e-05
2.807934e-07
1.3672261e-05
2.7989643e-07
1.3632681e-05
2.7905963e-07
1.3593203e-05
2.7839411e-07
1.3553791e-05
2.7797736e-07
1.3514411e-05
2.7778161e-07
1.3475048e-05
2.7772059e-07
1.3435689e-05
2.777341e-07
1.3396304e-05
2.7794507e-07
1.3356845e-05
2.7850116e-07
1.3317284e-05
2.7926482e-07
1.3277617e-05
2.8004955e-07
1.3237817e-05
2.8100461e-07
1.3197835e-05
2.8237132e-07
1.3157638e-05
2.840033e-07
1.3117216e-05
2.8563782e-07
1.3076543e-05
2.8742684e-07
1.3035558e-05
2.8964788e-07
1.2994214e-05
2.9220667e-07
2.9484598e-07
1.6596246e-05
3.6900107e-07
1.6544697e-05
3.640008e-07
1.6493841e-05
3.5930656e-07
1.6443627e-05
3.5501558e-07
1.6393994e-05
3.511219e-07
1.6344886e-05
3.4757653e-07
1.6296268e-05
3.4424051e-07
1.6248117e-05
3.4111177e-07
1.6200385e-05
3.3831843e-07
1.6153023e-05
3.3582572e-07
1.6105993e-05
3.3357757e-07
1.6059267e-05
3.3154971e-07
1.6012822e-05
3.2969801e-07
1.5966621e-05
3.2807212e-07
1.5920611e-05
3.2680345e-07
1.5874763e-05
3.2574446e-07
1.582907e-05
3.2475312e-07
1.5783501e-05
3.2396286e-07
1.5738012e-05
3.2346672e-07
1.5692565e-05
3.2322814e-07
1.5647142e-05
3.2314372e-07
1.5601729e-05
3.2314711e-07
1.5556291e-05
3.233834e-07
1.5510771e-05
3.2402112e-07
1.5465137e-05
3.2489823e-07
1.5419386e-05
3.2580063e-07
1.5373486e-05
3.2690435e-07
1.5327379e-05
3.2847823e-07
1.5281028e-05
3.3035469e-07
1.5234422e-05
3.3224357e-07
1.5187531e-05
3.3431825e-07
1.5140283e-05
3.3689545e-07
1.5092626e-05
3.3986385e-07
3.4292694e-07
1.9243734e-05
4.2956116e-07
1.9184041e-05
4.2369317e-07
1.9125164e-05
4.1818392e-07
1.9067043e-05
4.131364e-07
1.9009611e-05
4.0855383e-07
1.8952798e-05
4.0438964e-07
1.8896563e-05
4.0047587e-07
1.8840877e-05
3.9679751e-07
1.8785689e-05
3.9350666e-07
1.8730939e-05
3.9057528e-07
1.8676581e-05
3.8793544e-07
1.8622584e-05
3.8554765e-07
1.8568919e-05
3.8336216e-07
1.8515547e-05
3.8144463e-07
1.8462402e-05
3.7994796e-07
1.8409452e-05
3.7869493e-07
1.8356687e-05
3.7751764e-07
1.8304075e-05
3.7657537e-07
1.8251561e-05
3.7598065e-07
1.8199102e-05
3.756867e-07
1.8146677e-05
3.75569e-07
1.809427e-05
3.755541e-07
1.804184e-05
3.7581342e-07
1.7989321e-05
3.7653972e-07
1.7936678e-05
3.7754206e-07
1.7883904e-05
3.785743e-07
1.7830965e-05
3.7984379e-07
1.7777791e-05
3.8165184e-07
1.772434e-05
3.8380544e-07
1.7670602e-05
3.8598212e-07
1.7616539e-05
3.883809e-07
1.7562071e-05
3.9136376e-07
1.7507135e-05
3.9479926e-07
3.983458e-07
2.229093e-05
4.9976304e-07
2.2221753e-05
4.9286958e-07
2.2153538e-05
4.863989e-07
2.2086219e-05
4.80456e-07
2.2019717e-05
4.7505554e-07
2.1953948e-05
4.7015814e-07
2.1888862e-05
4.6556204e-07
2.1824426e-05
4.6123356e-07
2.1760582e-05
4.5735103e-07
2.1697259e-05
4.5389781e-07
2.1634401e-05
4.5079371e-07
2.157197e-05
4.4797849e-07
2.1509938e-05
4.4539441e-07
2.1448255e-05
4.4312747e-07
2.1386846e-05
4.4135703e-07
2.132567e-05
4.3987056e-07
2.1264719e-05
4.384685e-07
2.1203955e-05
4.3734002e-07
2.1143313e-05
4.3662212e-07
2.1082744e-05
4.3625626e-07
2.1022221e-05
4.3609185e-07
2.0961728e-05
4.3604694e-07
2.0901217e-05
4.3632456e-07
2.0840611e-05
4.3714562e-07
2.0779868e-05
4.3828495e-07
2.0718983e-05
4.3945911e-07
2.0657915e-05
4.4091217e-07
2.0596583e-05
4.4298389e-07
2.0534938e-05
4.4545079e-07
2.0472968e-05
4.4795215e-07
2.0410631e-05
4.5071763e-07
2.0347833e-05
4.5416158e-07
2.0284503e-05
4.5812887e-07
4.6222599e-07
2.5797663e-05
5.8122359e-07
2.5717419e-05
5.731138e-07
2.5638313e-05
5.6550506e-07
2.556027e-05
5.5849872e-07
2.5483202e-05
5.5212376e-07
2.5407006e-05
5.4635407e-07
2.5331619e-05
5.409492e-07
2.5257004e-05
5.3584892e-07
2.5183095e-05
5.3126004e-07
2.5109809e-05
5.2718344e-07
2.5037076e-05
5.2352686e-07
2.4964852e-05
5.2020207e-07
2.4893107e-05
5.1713995e-07
2.4821782e-05
5.1445247e-07
2.4750787e-05
5.1235168e-07
2.4680075e-05
5.1058293e-07
2.4609635e-05
5.0890781e-07
2.4539425e-05
5.0754999e-07
2.446937e-05
5.066772e-07
2.4399409e-05
5.0621756e-07
2.4329513e-05
5.0598814e-07
2.4259663e-05
5.0589675e-07
2.4189803e-05
5.0618435e-07
2.4119844e-05
5.0710482e-07
2.4049737e-05
5.0839234e-07
2.3979476e-05
5.0971978e-07
2.3909014e-05
5.1137434e-07
2.3838256e-05
5.1374159e-07
2.3767145e-05
5.1656152e-07
2.369567e-05
5.1942783e-07
2.362378e-05
5.2260683e-07
2.3551368e-05
5.2657368e-07
2.3478352e-05
5.3114527e-07
5.3586818e-07
2.9832825e-05
6.7586364e-07
2.9739634e-05
6.6630532e-07
2.9647795e-05
6.573441e-07
2.9557224e-05
6.490695e-07
2.9467819e-05
6.4152844e-07
2.9379456e-05
6.3471669e-07
2.9292056e-05
6.2834919e-07
2.9205577e-05
6.2232883e-07
2.9119944e-05
6.1689303e-07
2.9035059e-05
6.1206842e-07
2.8950834e-05
6.0775142e-07
2.886722e-05
6.038164e-07
2.8784181e-05
6.0017826e-07
2.8701652e-05
5.9698204e-07
2.8619523e-05
5.9448052e-07
2.8537737e-05
5.9236855e-07
2.8456285e-05
5.9035983e-07
2.8375117e-05
5.8871794e-07
2.8294145e-05
5.8764927e-07
2.8213296e-05
5.8706686e-07
2.8132537e-05
5.8674751e-07
2.8051847e-05
5.8658657e-07
2.797116e-05
5.8687075e-07
2.7890373e-05
5.8789275e-07
2.7809427e-05
5.8933816e-07
2.7728318e-05
5.908285e-07
2.764699e-05
5.9270187e-07
2.7565334e-05
5.9539848e-07
2.7483281e-05
5.9861457e-07
2.7400819e-05
6.0188933e-07
2.7317893e-05
6.055328e-07
2.7234376e-05
6.1009112e-07
2.7150173e-05
6.1534791e-07
6.2078046e-07
3.4475805e-05
7.8597689e-07
3.4367424e-05
7.7468576e-07
3.4260659e-05
7.6410992e-07
3.4155412e-05
7.5431555e-07
3.4051568e-05
7.4537246e-07
3.3948975e-05
7.3731013e-07
3.3847533e-05
7.297915e-07
3.3747193e-05
7.2266901e-07
3.3647873e-05
7.1621271e-07
3.3549455e-05
7.1048614e-07
3.3451831e-05
7.0537586e-07
3.3354941e-05
7.007063e-07
3.3258749e-05
6.9637033e-07
3.3163175e-05
6.9255536e-07
3.3068091e-05
6.8956507e-07
3.2973426e-05
6.8703324e-07
3.2879172e-05
6.8461448e-07
3.2785271e-05
6.8261865e-07
3.2691619e-05
6.8130085e-07
3.2598129e-05
6.8055707e-07
3.2504763e-05
6.8011393e-07
3.2411498e-05
6.7985131e-07
3.2318257e-05
6.8011152e-07
3.2224917e-05
6.8123315e-07
3.2131412e-05
6.8284335e-07
3.2037737e-05
6.8450301e-07
3.1943828e-05
6.8661058e-07
3.1849555e-05
6.8967174e-07
3.1754839e-05
6.9333015e-07
3.1659669e-05
6.9705956e-07
3.156398e-05
7.0122229e-07
3.1467623e-05
7.0644755e-07
3.1370492e-05
7.124793e-07
7.1871437e-07
3.9818189e-05
9.1431808e-07
3.9691931e-05
9.0094393e-07
3.9567611e-05
8.8843048e-07
3.9445121e-05
8.7680487e-07
3.9324327e-05
8.6616711e-07
3.920504e-05
8.5659644e-07
3.9087138e-05
8.476941e-07
3.8970563e-05
8.39244e-07
3.8855224e-05
8.3155127e-07
3.8740979e-05
8.2473139e-07
3.8627692e-05
8.1866317e-07
3.8515294e-05
8.1310429e-07
3.8403746e-05
8.0791783e-07
3.8292956e-05
8.0334597e-07
3.8182765e-05
7.9975606e-07
3.8073091e-05
7.9670724e-07
3.7963924e-05
7.9378111e-07
3.7855201e-05
7.9134156e-07
3.7746797e-05
7.897052e-07
3.7638605e-05
7.8874861e-07
3.7530584e-05
7.8813551e-07
3.7422708e-05
7.8772667e-07
3.7314887e-05
7.8793235e-07
3.7206975e-05
7.8914561e-07
3.7098896e-05
7.9092274e-07
3.6990646e-05
7.9275281e-07
3.688215e-05
7.9510626e-07
3.6773254e-05
7.9856744e-07
3.6663868e-05
8.0271658e-07
3.6553979e-05
8.0694862e-07
3.6443513e-05
8.116885e-07
3.6332297e-05
8.1766306e-07
3.6220208e-05
8.2456861e-07
8.3170828e-07
4.5965776e-05
1.0642176e-06
4.5818394e-05
1.048326e-06
4.567335e-05
1.0334736e-06
4.5530528e-05
1.0196273e-06
4.5389766e-05
1.006929e-06
4.5250833e-05
9.9552934e-07
4.5113573e-05
9.8495401e-07
4.4977923e-05
9.7489444e-07
4.484378e-05
9.6569434e-07
4.471097e-05
9.5754175e-07
4.4579323e-05
9.5031012e-07
4.4448759e-05
9.4366743e-07
4.431924e-05
9.3743749e-07
4.4190652e-05
9.3193406e-07
4.4062804e-05
9.2760416e-07
4.3935596e-05
9.2391432e-07
4.3809022e-05
9.2035579e-07
4.3683007e-05
9.1735643e-07
4.3557401e-05
9.1531064e-07
4.3432078e-05
9.1407244e-07
4.3306987e-05
9.1322636e-07
4.3182104e-05
9.1260966e-07
4.305732e-05
9.1271631e-07
4.2932461e-05
9.1400418e-07
4.2807441e-05
9.1594286e-07
4.2682258e-05
9.1793597e-07
4.2556824e-05
9.2054064e-07
4.2430955e-05
9.2443595e-07
4.2304547e-05
9.2912509e-07
4.2177587e-05
9.3390792e-07
4.2049991e-05
9.3928468e-07
4.1921557e-05
9.4609739e-07
4.1792141e-05
9.5398458e-07
9.6213986e-07
5.3040969e-05
1.2397313e-06
5.2868516e-05
1.2207799e-06
5.2698904e-05
1.2030849e-06
5.2532006e-05
1.1865257e-06
5.2367629e-05
1.1713057e-06
5.2205483e-05
1.1576756e-06
5.2045372e-05
1.1450645e-06
5.1887227e-05
1.1330394e-06
5.1730933e-05
1.1219889e-06
5.1576273e-05
1.1122021e-06
5.1423034e-05
1.1035488e-06
5.1271126e-05
1.0955755e-06
5.1120508e-05
1.0880558e-06
5.0971043e-05
1.0813984e-06
5.0822498e-05
1.0761497e-06
5.0674753e-05
1.0716591e-06
5.0527803e-05
1.0673061e-06
5.0381563e-05
1.0635958e-06
5.0235853e-05
1.0610212e-06
5.0090516e-05
1.0594091e-06
4.9945498e-05
1.0582439e-06
4.9800774e-05
1.057334e-06
4.9656213e-05
1.0572779e-06
4.9511606e-05
1.0586102e-06
4.9366856e-05
1.0606935e-06
4.9221962e-05
1.0628294e-06
4.9076823e-05
1.0656805e-06
4.8931218e-05
1.0700402e-06
4.8785026e-05
1.0753172e-06
4.8638238e-05
1.0806966e-06
4.8490752e-05
1.0867697e-06
4.8342335e-05
1.094515e-06
4.8192819e-05
1.1035e-06
1.11279e-06
6.1185673e-05
1.4458407e-06
6.0983306e-05
1.4231471e-06
6.078442e-05
1.4019702e-06
6.0588877e-05
1.3820689e-06
6.0396442e-05
1.3637409e-06
6.0206743e-05
1.3473743e-06
6.001954e-05
1.3322681e-06
5.9834757e-05
1.3178223e-06
5.9652262e-05
1.3044831e-06
5.9471784e-05
1.2926802e-06
5.9293055e-05
1.2822782e-06
5.9115973e-05
1.2726576e-06
5.8940498e-05
1.2635305e-06
5.8766463e-05
1.255434e-06
5.8593575e-05
1.2490376e-06
5.8421695e-05
1.2435386e-06
5.8250822e-05
1.2381791e-06
5.8080858e-05
1.2335597e-06
5.791158e-05
1.230299e-06
5.7742801e-05
1.2281891e-06
5.7574458e-05
1.2265862e-06
5.7406527e-05
1.2252652e-06
5.7238849e-05
1.2249557e-06
5.7071175e-05
1.2262839e-06
5.6903392e-05
1.2284773e-06
5.6735505e-05
1.2307163e-06
5.6567392e-05
1.2337935e-06
5.6398791e-05
1.2386404e-06
5.622956e-05
1.2445486e-06
5.6059693e-05
1.2505638e-06
5.5889073e-05
1.2573893e-06
5.5717423e-05
1.2661652e-06
5.5544552e-05
1.2763712e-06
1.2869212e-06
7.0564787e-05
1.6887205e-06
7.0326515e-05
1.6614199e-06
7.0092546e-05
1.6359392e-06
6.9862733e-05
1.611881e-06
6.9636781e-05
1.5896936e-06
6.9414206e-05
1.5699487e-06
6.9194715e-05
1.5517593e-06
6.8978233e-05
1.534304e-06
6.8764606e-05
1.5181105e-06
6.8553482e-05
1.5038044e-06
6.8344524e-05
1.4912361e-06
6.8137625e-05
1.4795569e-06
6.7932746e-05
1.4684087e-06
6.7729675e-05
1.4585055e-06
6.7528046e-05
1.4506663e-06
6.7327698e-05
1.4438865e-06
6.7128637e-05
1.4372401e-06
6.6930747e-05
1.4314503e-06
6.673375e-05
1.4272956e-06
6.6537419e-05
1.4245203e-06
6.6341688e-05
1.4223166e-06
6.6146533e-05
1.4204212e-06
6.5951757e-05
1.419731e-06
6.5757061e-05
1.4209797e-06
6.5562316e-05
1.4232232e-06
6.5367535e-05
1.4254969e-06
6.5172572e-05
1.4287567e-06
6.4977111e-05
1.4341008e-06
6.4780987e-05
1.4406732e-06
6.4584199e-05
1.4473513e-06
6.4386612e-05
1.4549765e-06
6.4187895e-05
1.4648821e-06
6.398783e-05
1.4764365e-06
1.4883744e-06
8.1370514e-05
1.9761067e-06
8.108884e-05
1.9430933e-06
8.0812544e-05
1.9122349e-06
8.0541475e-05
1.8829505e-06
8.0275235e-05
1.8559337e-06
8.0013192e-05
1.8319911e-06
7.9754996e-05
1.8099562e-06
7.9500582e-05
1.7887179e-06
7.9249759e-05
1.7689337e-06
7.9002062e-05
1.7515004e-06
7.8757071e-05
1.736228e-06
7.8514679e-05
1.7219482e-06
7.8274854e-05
1.7082343e-06
7.8037312e-05
1.6960473e-06
7.7801595e-05
1.6863834e-06
7.756752e-05
1.6779614e-06
7.7335106e-05
1.6696535e-06
7.710421e-05
1.6623463e-06
7.6874484e-05
1.6570221e-06
7.664565e-05
1.6533545e-06
7.6417643e-05
1.6503238e-06
7.6190437e-05
1.647627e-06
7.596379e-05
1.6463783e-06
7.5737334e-05
1.6474351e-06
7.5510927e-05
1.6496301e-06
7.5284596e-05
1.6518282e-06
7.5058159e-05
1.6551935e-06
7.4831235e-05
1.6610247e-06
7.4603632e-05
1.6682763e-06
7.4375361e-05
1.6756223e-06
7.4146259e-05
1.684079e-06
7.3915931e-05
1.6952094e-06
7.3684129e-05
1.7082391e-06
1.7216905e-06
9.3827693e-05
2.3178059e-06
9.3493136e-05
2.2776499e-06
9.3165388e-05
2.2399836e-06
9.2844287e-05
2.2040514e-06
9.2529274e-05
2.1709461e-06
9.2219513e-05
2.1417522e-06
9.1914602e-05
2.1148673e-06
9.1614504e-05
2.0888155e-06
9.1318964e-05
2.0644742e-06
9.1027354e-05
2.0431106e-06
9.0739149e-05
2.0244333e-06
9.0454269e-05
2.0068277e-06
9.017268e-05
1.9898237e-06
8.9893996e-05
1.9747314e-06
8.9617634e-05
1.9627451e-06
8.93434e-05
1.9521951e-06
8.9071333e-05
1.9417202e-06
8.8801247e-05
1.9324323e-06
8.8532697e-05
1.9255726e-06
8.8265348e-05
1.9207035e-06
8.7999142e-05
1.9165301e-06
8.7734052e-05
1.9127163e-06
8.7469769e-05
1.9106618e-06
8.7205842e-05
1.9113619e-06
8.6942118e-05
1.9133542e-06
8.6678641e-05
1.9153048e-06
8.6415186e-05
1.9186492e-06
8.6151283e-05
1.924927e-06
8.5886717e-05
1.9328427e-06
8.5621513e-05
1.9408263e-06
8.5355472e-05
1.9501195e-06
8.5088122e-05
1.9625595e-06
8.4819178e-05
1.9771835e-06
1.9922622e-06
0.00010820054
2.7264169e-06
0.00010780095
2.6772391e-06
0.00010741012
2.6308153e-06
0.00010702785
2.5863251e-06
0.0001066533
2.5454926e-06
0.00010628537
2.5096809e-06
0.00010592364
2.4765955e-06
0.00010556812
2.4443362e-06
0.00010521843
2.4141619e-06
0.00010487371
2.3878312e-06
0.00010453333
2.364822e-06
0.00010419725
2.3429027e-06
0.00010386544
2.3216371e-06
0.00010353734
2.3028281e-06
0.00010321222
2.2878664e-06
0.00010288989
2.2745253e-06
0.00010257042
2.2611933e-06
0.00010225354
2.2493041e-06
0.00010193869
2.2404216e-06
0.00010162547
2.2339261e-06
0.00010131384
2.2281662e-06
0.00010100376
2.2227954e-06
0.00010069483
2.2195936e-06
0.00010038649
2.2196985e-06
0.00010007859
2.2212509e-06
9.9771205e-05
2.2226923e-06
9.9464033e-05
2.2258208e-06
9.9156501e-05
2.2324587e-06
9.8848369e-05
2.240975e-06
9.8539685e-05
2.2495102e-06
9.8230202e-05
2.2596026e-06
9.7919345e-05
2.2734159e-06
9.7606795e-05
2.2897336e-06
2.3065279e-06
0.00012480176
3.2200849e-06
0.00012432089
3.1581098e-06
0.00012385197
3.0997283e-06
0.0001233942
3.0440992e-06
0.00012294628
2.9934081e-06
0.00012250678
2.949181e-06
0.00012207535
2.9080331e-06
0.00012165203
2.8676548e-06
0.00012123623
2.829961e-06
0.00012082674
2.7973203e-06
0.00012042283
2.7687285e-06
0.00012002461
2.7411234e-06
0.00011963196
2.7142857e-06
0.00011924409
2.6907009e-06
0.00011886006
2.671898e-06
0.00011847974
2.6548437e-06
0.00011810323
2.637704e-06
0.00011773015
2.6223797e-06
0.00011735975
2.610825e-06
0.00011699156
2.6021132e-06
0.00011662559
2.5941369e-06
0.00011626179
2.5865947e-06
0.00011589961
2.5817759e-06
0.00011553837
2.5809436e-06
0.00011517792
2.5816951e-06
0.00011481838
2.5822356e-06
0.00011445934
2.5848555e-06
0.0001141001
2.5917009e-06
0.0001137404
2.6006781e-06
0.00011338032
2.6095923e-06
0.00011301954
2.6203827e-06
0.00011265736
2.6355972e-06
0.00011229342
2.6536694e-06
2.6722211e-06
0.00014401497
3.8253893e-06
0.00014342834
3.7447398e-06
0.00014285855
3.6695257e-06
0.00014230368
3.5989701e-06
0.00014176226
3.5348275e-06
0.00014123304
3.4783932e-06
0.00014071525
3.4258287e-06
0.00014020821
3.3746912e-06
0.00013971092
3.3272573e-06
0.00013922168
3.2865559e-06
0.00013873976
3.2506447e-06
0.00013826547
3.2154133e-06
0.00013779852
3.1812363e-06
0.00013733773
3.1514969e-06
0.00013688194
3.1276864e-06
0.00013643117
3.1056081e-06
0.00013598554
3.0833424e-06
0.00013554445
3.0634641e-06
0.00013510691
3.0483683e-06
0.00013467241
3.0366085e-06
0.00013424104
3.0255137e-06
0.00013381269
3.0149417e-06
0.0001333866
3.007865e-06
0.00013296194
3.0056049e-06
0.00013253863
3.0050086e-06
0.00013211679
3.0040674e-06
0.0001316959
3.0057514e-06
0.00013127504
3.0125554e-06
0.00013085399
3.0217341e-06
0.00013043286
3.0307235e-06
0.00013001122
3.0420159e-06
0.00012958822
3.058602e-06
0.00012916347
3.078422e-06
3.0986941e-06
0.00016631491
4.5776004e-06
0.00016558789
4.4717577e-06
0.00016488385
4.373569e-06
0.00016420038
4.2824382e-06
0.00016353599
4.199212e-06
0.00016288983
4.1245528e-06
0.00016226032
4.0553414e-06
0.00016164552
3.9894964e-06
0.00016104391
3.9288588e-06
0.00016045422
3.8762466e-06
0.00015987554
3.8293258e-06
0.00015930727
3.7836871e-06
0.0001587487
3.7398107e-06
0.00015819807
3.7021267e-06
0.00015765406
3.6716938e-06
0.00015711698
3.6426844e-06
0.00015658686
3.613462e-06
0.00015606279
3.5875352e-06
0.00015554343
3.5677285e-06
0.00015502832
3.5517239e-06
0.00015451762
3.5362058e-06
0.00015401116
3.5214096e-06
0.00015350781
3.5112065e-06
0.00015300661
3.5068106e-06
0.00015250758
3.5040351e-06
0.00015201089
3.5007596e-06
0.00015151574
3.5008973e-06
0.00015102103
3.5072706e-06
0.00015052656
3.5162034e-06
0.00015003252
3.5247667e-06
0.0001495383
3.5362292e-06
0.00014904284
3.5540678e-06
0.00014854574
3.5755147e-06
3.5973432e-06
0.00019227799
5.522898e-06
0.00019136588
5.3838624e-06
0.00019048456
5.2548889e-06
0.00018963179
5.1352131e-06
0.00018880556
5.0254361e-06
0.00018800428
4.9258318e-06
0.00018722593
4.8336969e-06
0.00018646811
4.7473176e-06
0.00018572895
4.6680134e-06
0.00018500793
4.5972711e-06
0.00018430385
4.5334043e-06
0.00018361447
4.4730684e-06
0.00018293825
4.4160305e-06
0.00018227379
4.3665855e-06
0.00018161994
4.3255476e-06
0.0001809761
4.2865156e-06
0.00018034175
4.2478183e-06
0.00017971542
4.2138609e-06
0.00017909541
4.187744e-06
0.0001784814
4.1657268e-06
0.00017787372
4.143888e-06
0.00017727191
4.1232191e-06
0.0001766744
4.1087214e-06
0.00017608006
4.1011515e-06
0.00017548917
4.0949253e-06
0.00017490185
4.0880768e-06
0.00017431693
4.0858138e-06
0.00017373304
4.0911594e-06
0.00017315015
4.0991008e-06
0.00017256847
4.1064437e-06
0.00017198714
4.1175532e-06
0.00017140482
4.1363893e-06
0.00017082118
4.1591536e-06
4.1821752e-06
0.00022261132
6.7231665e-06
0.0002214544
6.5407851e-06
0.00022033909
6.3701983e-06
0.00021926348
6.2108171e-06
0.00021822448
6.0644446e-06
0.0002172187
5.9316053e-06
0.00021624353
5.8088701e-06
0.00021529693
5.6939171e-06
0.00021437685
5.5880937e-06
0.00021348199
5.4921271e-06
0.00021261069
5.4047028e-06
0.0002117603
5.3234667e-06
0.00021092849
5.247841e-06
0.00021011466
5.1804069e-06
0.00020931804
5.1221741e-06
0.00020853639
5.0681591e-06
0.00020776804
5.0161766e-06
0.00020701144
4.9704597e-06
0.0002062653
4.9338811e-06
0.00020552881
4.9022132e-06
0.0002048014
4.8713004e-06
0.0002040821
4.8425207e-06
0.00020336866
4.822161e-06
0.00020265996
4.8098514e-06
0.00020195667
4.7982179e-06
0.00020125872
4.7860251e-06
0.00020056434
4.7801895e-06
0.00019987191
4.7835905e-06
0.0001991817
4.7893171e-06
0.00019849392
4.7942189e-06
0.00019780728
4.8041926e-06
0.00019712011
4.8235613e-06
0.00019643224
4.847024e-06
4.8705714e-06
0.0002581786
8.2554424e-06
0.00025670236
8.0170273e-06
0.0002552822
7.7903549e-06
0.00025391488
7.5781387e-06
0.00025259527
7.3840528e-06
0.00025131875
7.2081225e-06
0.00025008316
7.0444638e-06
0.00024888761
6.8894651e-06
0.00024772957
6.746139e-06
0.00024660579
6.6159065e-06
0.00024551335
6.4971393e-06
0.00024444986
6.3869581e-06
0.00024341311
6.2845916e-06
0.00024240192
6.1915986e-06
0.00024141502
6.1090676e-06
0.00024044983
6.0333505e-06
0.00023950383
5.9621756e-06
0.00023857574
5.8985547e-06
0.00023766511
5.8445084e-06
0.0002367702
5.797125e-06
0.00023588872
5.7527779e-06
0.00023501901
5.7122274e-06
0.00023415948
5.6816984e-06
0.00023330893
5.6604004e-06
0.0002324668
5.6403462e-06
0.00023163248
5.6203421e-06
0.00023080332
5.6093529e-06
0.00022997754
5.6093712e-06
0.00022915597
5.6108888e-06
0.00022833866
5.6115286e-06
0.00022752361
5.6192407e-06
0.00022670882
5.638346e-06
0.00022589447
5.6613792e-06
0.00022508071
5.6843323e-06
0.00022426578
5.714671e-06
0.00022344766
5.7574073e-06
0.00022262639
5.8042681e-06
0.00022180162
5.8533825e-06
0.0002209715
5.912599e-06
5.982693e-06
0.00029996829
0.00029811141
0.00029631804
0.00029458069
0.00029289666
0.00029126635
0.00028969138
0.00028817083
0.00028669974
0.00028527299
0.00028388735
0.00028254183
0.00028123489
0.00027996382
0.00027872551
0.00027751712
0.00027633648
0.00027518208
0.00027405296
0.00027294688
0.0002718608
0.00027079248
0.0002697417
6.732483e-06
0.00026870724
6.6948562e-06
0.00026768624
6.6613491e-06
0.00026667687
6.6297142e-06
0.00026567721
6.6090039e-06
0.00026468579
6.6007991e-06
0.00026370191
6.594764e-06
0.00026272491
6.5885266e-06
0.00026175175
6.592407e-06
0.00026078019
6.6099021e-06
0.00025981103
6.6305421e-06
0.00025884423
6.6511325e-06
0.00025787717
6.6817272e-06
0.00025690753
6.7270451e-06
0.00025593579
6.7760074e-06
0.00025496133
6.8278445e-06
0.00025398169
6.8922455e-06
6.9691134e-06
0.00031097631
8.0368692e-06
0.00030969635
7.9748177e-06
0.00030843737
7.9203264e-06
0.00030719633
7.8707556e-06
0.00030597298
7.8323553e-06
0.00030476647
7.8073069e-06
0.00030357334
7.7878868e-06
0.00030239129
7.770579e-06
0.00030121797
7.7657291e-06
0.00030005152
7.7763549e-06
0.00029889106
7.7910008e-06
0.0002977356
7.8065869e-06
0.00029658127
7.8360632e-06
0.0002954256
7.8827123e-06
0.00029426984
7.9317712e-06
0.00029311272
7.9849625e-06
0.00029195097
8.0539995e-06
8.1370794e-06
0.00035891177
9.675766e-06
0.00035730675
9.5798425e-06
0.00035573219
9.4948862e-06
0.00035418539
9.4175574e-06
0.00035266569
9.3520524e-06
0.00035117201
9.300988e-06
0.0003497003
9.2595938e-06
0.00034824666
9.2242254e-06
0.00034681048
9.2019089e-06
0.0003453908
9.1960266e-06
0.00034398367
9.1981389e-06
0.00034258614
9.2041169e-06
0.00034119529
9.2269057e-06
0.00033980886
9.2691487e-06
0.00033842586
9.3147726e-06
0.00033704365
9.3671697e-06
0.00033565795
9.4396945e-06
9.5275193e-06
0.00041483393
0.00041279706
0.00041080332
0.00040885236
0.00040694188
0.00040506814
0.00040322676
0.00040141414
0.00039962945
0.00039787162
0.00039613598
0.00039441788
0.00039271676
0.00039103093
0.00038935519
0.00038768584
0.0003860194
)
;

boundaryField
{
    bottom
    {
        type            calculated;
        value           nonuniform List<scalar> 0();
    }
    back
    {
        type            empty;
    }
    front
    {
        type            empty;
    }
    inlet
    {
        type            calculated;
        value           nonuniform List<scalar> 0();
    }
    outlet
    {
        type            calculated;
        value           nonuniform List<scalar> 0();
    }
    top
    {
        type            calculated;
        value           nonuniform List<scalar> 0();
    }
    slipsurface
    {
        type            calculated;
        value           nonuniform List<scalar> 0();
    }
    procBoundary9to1
    {
        type            processor;
        value           nonuniform List<scalar> 
21
(
-2.715448e-07
-1.4341639e-05
-1.6648531e-05
-1.9304294e-05
-2.2361131e-05
-2.5879124e-05
-2.9927465e-05
-3.4585918e-05
-3.9946531e-05
-4.6115675e-05
-5.3216483e-05
-6.1391782e-05
-7.0807667e-05
-8.16579e-05
-9.4169392e-05
-0.00010860915
-0.00012529543
-0.00014462028
-0.00016706712
-0.00019322328
-0.00022381159
)
;
    }
    procBoundary9to8
    {
        type            processor;
        value           nonuniform List<scalar> 
32
(
-2.6790808e-07
-2.6449733e-07
-2.6139227e-07
-2.5857406e-07
-2.5599796e-07
-2.535713e-07
-2.5130478e-07
-2.4928632e-07
-2.4747714e-07
-2.4584235e-07
-2.4437625e-07
-2.4304164e-07
-2.4186595e-07
-2.4094834e-07
-2.4018722e-07
-2.3947934e-07
-2.3891663e-07
-2.385642e-07
-2.3840183e-07
-2.3835709e-07
-2.3837503e-07
-2.3856009e-07
-2.3904175e-07
-2.3970347e-07
-2.4038265e-07
-2.412055e-07
-2.423896e-07
-2.4380632e-07
-2.4521621e-07
-2.4675411e-07
-2.4866304e-07
-2.508624e-07
)
;
    }
    procBoundary9to11
    {
        type            processor;
        value           nonuniform List<scalar> 
32
(
-2.5313243e-07
1.29525e-05
1.5044545e-05
1.7451716e-05
2.0220623e-05
2.340471e-05
2.7065261e-05
3.1272558e-05
3.6107214e-05
4.1661709e-05
4.8042169e-05
5.5370421e-05
6.3786377e-05
7.3450813e-05
8.4548606e-05
9.729253e-05
0.00011192773
0.00012873699
0.00014804709
0.00017023635
0.00019574384
-4.8997385e-06
-4.9392913e-06
-4.9829967e-06
-5.0286132e-06
-5.0824703e-06
-5.1457442e-06
0.00022013455
0.00025299527
0.000290783
0.00033426751
0.00038435359
)
;
    }
    procBoundary9to12
    {
        type            processor;
        value           nonuniform List<scalar> 
13
(
1.1174725e-05
1.1100972e-05
1.1036849e-05
1.09866e-05
1.0953857e-05
1.093378e-05
1.0922213e-05
1.0928027e-05
1.0954978e-05
1.0990515e-05
1.1036522e-05
1.1106131e-05
1.1193334e-05
)
;
    }
    procBoundary9to14
    {
        type            processor;
        value           nonuniform List<scalar> 
32
(
-0.00025971087
-0.00030189192
1.017907e-05
9.8739069e-06
9.5837258e-06
9.3154945e-06
9.0680769e-06
8.838431e-06
8.6194375e-06
8.4100197e-06
8.217225e-06
8.0426587e-06
7.8827772e-06
7.7324799e-06
7.5915324e-06
7.4626653e-06
7.3473766e-06
7.241746e-06
7.1428162e-06
7.0529479e-06
6.973634e-06
6.9032091e-06
6.8388559e-06
6.7805463e-06
-0.00031228069
-0.00036055067
-0.00041691537
1.1757207e-05
1.161671e-05
1.1488623e-05
1.1368519e-05
1.1262542e-05
)
;
    }
}


// ************************************************************************* //
