/*--------------------------------*- C++ -*----------------------------------*\
  =========                 |
  \\      /  F ield         | OpenFOAM: The Open Source CFD Toolbox
   \\    /   O peration     | Website:  https://openfoam.org
    \\  /    A nd           | Version:  12
     \\/     M anipulation  |
\*---------------------------------------------------------------------------*/
FoamFile
{
    format      ascii;
    class       volVectorField;
    location    "1600";
    object      U;
}
// * * * * * * * * * * * * * * * * * * * * * * * * * * * * * * * * * * * * * //

dimensions      [0 1 -1 0 0 0 0];

internalField   nonuniform List<vector> 
816
(
(0.52311439 0.0004217814 0)
(0.50276332 0.00037202245 0)
(0.48438463 0.00033091883 0)
(0.4676755 0.00029650109 0)
(0.45239337 0.00026734969 0)
(0.43834139 0.00024240913 0)
(0.42535813 0.00022087718 0)
(0.41330997 0.00020213499 0)
(0.40208527 0.0001857112 0)
(0.39158971 0.00017122112 0)
(0.38174356 0.00015835641 0)
(0.37247845 0.00014688099 0)
(0.36373552 0.00013659268 0)
(0.3554638 0.00012732725 0)
(0.34761891 0.00011894883 0)
(0.34016198 0.00011134373 0)
(0.33305883 0.0001044162 0)
(0.32627926 9.8085164e-05 0)
(0.31979647 9.2281468e-05 0)
(0.31358659 8.6946083e-05 0)
(0.30762827 8.2028339e-05 0)
(0.30190236 7.7484212e-05 0)
(0.2963916 7.3275423e-05 0)
(0.2910804 6.9368641e-05 0)
(0.28595466 6.573457e-05 0)
(0.28100156 6.2347504e-05 0)
(0.27620943 5.9184909e-05 0)
(0.27156757 5.6226775e-05 0)
(0.26706623 5.345525e-05 0)
(0.26269644 5.0854463e-05 0)
(0.25844994 4.8410267e-05 0)
(0.25431913 4.6109916e-05 0)
(0.25029698 4.3941953e-05 0)
(0.24637699 4.1896177e-05 0)
(0.5841056 0.00052866291 0)
(0.56217836 0.00046734497 0)
(0.54226597 0.00041648646 0)
(0.52407885 0.00037375523 0)
(0.50738043 0.00033745748 0)
(0.4919756 0.00030632545 0)
(0.47770217 0.0002793909 0)
(0.46442442 0.00025590337 0)
(0.45202778 0.000235287 0)
(0.44041479 0.00021707209 0)
(0.42950234 0.00020088112 0)
(0.41921876 0.00018642192 0)
(0.40950204 0.00017344554 0)
(0.40029818 0.00016174883 0)
(0.39156 0.00015116333 0)
(0.38324597 0.00014154778 0)
(0.37531948 0.00013278308 0)
(0.36774806 0.00012476818 0)
(0.36050281 0.0001174168 0)
(0.35355793 0.00011065518 0)
(0.3468903 0.0001044199 0)
(0.34047911 9.8655839e-05 0)
(0.33430559 9.3314998e-05 0)
(0.32835276 8.8355547e-05 0)
(0.32260519 8.3740698e-05 0)
(0.31704888 7.9438141e-05 0)
(0.31167103 7.5419517e-05 0)
(0.30645993 7.1659637e-05 0)
(0.30140484 6.8136017e-05 0)
(0.29649591 6.4828658e-05 0)
(0.29172406 6.1719709e-05 0)
(0.28708089 5.8793096e-05 0)
(0.28255865 5.6034359e-05 0)
(0.27815017 5.3430595e-05 0)
(0.64883527 0.00065707081 0)
(0.62570781 0.00058270885 0)
(0.60453628 0.00052066965 0)
(0.58507013 0.00046828905 0)
(0.56709734 0.00042360973 0)
(0.5504381 0.00038515275 0)
(0.53493957 0.00035177916 0)
(0.5204714 0.00032260025 0)
(0.50692185 0.00029692788 0)
(0.49419466 0.00027419961 0)
(0.48220675 0.00025396155 0)
(0.47088577 0.00023585856 0)
(0.46016861 0.00021958874 0)
(0.4499999 0.0002049045 0)
(0.44033091 0.0001915998 0)
(0.43111852 0.00017950148 0)
(0.4223245 0.00016846312 0)
(0.41391477 0.00015836026 0)
(0.40585888 0.00014908637 0)
(0.39812955 0.00014055021 0)
(0.39070221 0.00013267319 0)
(0.3835547 0.00012538688 0)
(0.37666695 0.00011863167 0)
(0.37002078 0.0001123555 0)
(0.36359961 0.00010651253 0)
(0.35738836 0.00010106245 0)
(0.3513732 9.5969832e-05 0)
(0.34554149 9.1203183e-05 0)
(0.33988159 8.673437e-05 0)
(0.33438279 8.2538341e-05 0)
(0.32903522 7.8592718e-05 0)
(0.32382973 7.4877338e-05 0)
(0.31875788 7.1374052e-05 0)
(0.31381182 6.8066645e-05 0)
(0.71570143 0.00080725253 0)
(0.69204101 0.00071907862 0)
(0.67012944 0.0006449003 0)
(0.64978908 0.00058183295 0)
(0.63085772 0.00052771983 0)
(0.61318997 0.00048090733 0)
(0.59665685 0.00044010583 0)
(0.58114466 0.00040429858 0)
(0.56655317 0.00037268926 0)
(0.55279414 0.00034462337 0)
(0.53978991 0.00031956936 0)
(0.52747174 0.00029710653 0)
(0.51577884 0.0002768769 0)
(0.50465722 0.00025858506 0)
(0.49405886 0.00024198408 0)
(0.48394086 0.00022686555 0)
(0.47426485 0.00021305262 0)
(0.46499639 0.00020039449 0)
(0.4561045 0.0001887617 0)
(0.44756122 0.000178043 0)
(0.43934126 0.00016814234 0)
(0.43142168 0.00015897594 0)
(0.42378163 0.00015047063 0)
(0.41640211 0.00014256238 0)
(0.40926574 0.00013519474 0)
(0.40235665 0.00012831797 0)
(0.39566025 0.00012188825 0)
(0.38916314 0.00011586658 0)
(0.38285296 0.00011021809 0)
(0.37671831 0.0001049117 0)
(0.37074863 9.9919588e-05 0)
(0.36493416 9.5216669e-05 0)
(0.35926582 9.0780346e-05 0)
(0.35373518 8.6590396e-05 0)
(0.78216166 0.00097622695 0)
(0.7589875 0.00087490222 0)
(0.73716644 0.00078865353 0)
(0.71662993 0.00071460168 0)
(0.6972946 0.00065053382 0)
(0.67907258 0.00059471426 0)
(0.66187727 0.0005457629 0)
(0.64562633 0.00050257429 0)
(0.63024292 0.00046426939 0)
(0.61565633 0.00043011793 0)
(0.60180203 0.00039952099 0)
(0.58862121 0.00037199845 0)
(0.57606049 0.00034713967 0)
(0.5640715 0.00032460298 0)
(0.55261039 0.00030410091 0)
(0.54163737 0.00028538938 0)
(0.53111635 0.0002682602 0)
(0.52101453 0.00025253493 0)
(0.51130206 0.00023805974 0)
(0.50195176 0.0002247019 0)
(0.49293881 0.00021234636 0)
(0.48424052 0.00020089245 0)
(0.4758361 0.00019025198 0)
(0.46770648 0.00018034756 0)
(0.45983414 0.00017111078 0)
(0.45220294 0.00016248118 0)
(0.44479801 0.00015440541 0)
(0.43760559 0.00014683585 0)
(0.43061295 0.00013972987 0)
(0.4238083 0.00013304938 0)
(0.41718069 0.00012676022 0)
(0.41071991 0.00012083156 0)
(0.40441648 0.0001152356 0)
(0.39826155 0.00010994737 0)
(0.84471295 0.0011560524 0)
(0.82337282 0.0010444807 0)
(0.80279767 0.00094796937 0)
(0.78305105 0.00086398009 0)
(0.76415159 0.00079047572 0)
(0.7460902 0.00072579984 0)
(0.72884124 0.00066859527 0)
(0.71236976 0.00061774799 0)
(0.69663592 0.0005723532 0)
(0.68159796 0.00053164549 0)
(0.66721416 0.00049498758 0)
(0.6534437 0.00046186069 0)
(0.64024747 0.0004318163 0)
(0.62758845 0.00040447693 0)
(0.6154318 0.00037952191 0)
(0.60374497 0.00035667662 0)
(0.59249762 0.00033570491 0)
(0.58166154 0.00031640299 0)
(0.57121058 0.00029859397 0)
(0.56112049 0.00028212434 0)
(0.55136879 0.00026686031 0)
(0.54193462 0.00025268424 0)
(0.53279866 0.00023949262 0)
(0.52394297 0.00022719419 0)
(0.51535091 0.000215708 0)
(0.507007 0.00020496226 0)
(0.49889685 0.00019489334 0)
(0.49100705 0.00018544433 0)
(0.48332511 0.0001765641 0)
(0.47583936 0.00016820684 0)
(0.46853891 0.0001603314 0)
(0.46141355 0.00015290053 0)
(0.45445374 0.00014588053 0)
(0.44765054 0.00013924112 0)
(0.89927941 0.0013328571 0)
(0.88124843 0.0012166125 0)
(0.86328056 0.0011139552 0)
(0.84555574 0.0010230165 0)
(0.82819395 0.00094220203 0)
(0.81127159 0.00087014282 0)
(0.79483403 0.00080566389 0)
(0.77890478 0.00074776369 0)
(0.76349201 0.00069560367 0)
(0.74859331 0.00064845337 0)
(0.73419923 0.00060569042 0)
(0.72029546 0.00056679795 0)
(0.7068647 0.00053132065 0)
(0.69388788 0.00049886901 0)
(0.68134504 0.00046910733 0)
(0.6692159 0.00044174436 0)
(0.65748032 0.00041652672 0)
(0.6461186 0.00039323339 0)
(0.63511163 0.00037167068 0)
(0.62444105 0.00035166902 0)
(0.6140893 0.00033307945 0)
(0.60403966 0.00031577002 0)
(0.59427623 0.00029962384 0)
(0.58478396 0.00028453724 0)
(0.57554862 0.00027041769 0)
(0.56655675 0.00025718272 0)
(0.55779564 0.00024475886 0)
(0.54925331 0.00023308008 0)
(0.54091841 0.00022208684 0)
(0.53278026 0.00021172555 0)
(0.52482875 0.00020194789 0)
(0.51705434 0.00019270997 0)
(0.50944803 0.00018397198 0)
(0.50200127 0.00017569799 0)
(0.9422013 0.0014885195 0)
(0.9286514 0.0013750112 0)
(0.91453324 0.001272397 0)
(0.90007169 0.0011795469 0)
(0.88544544 0.0010954523 0)
(0.87079269 0.0010191904 0)
(0.85621818 0.00094991745 0)
(0.84179979 0.00088687346 0)
(0.82759416 0.00082939455 0)
(0.81364143 0.00077687521 0)
(0.79996903 0.00072878131 0)
(0.78659448 0.00068465721 0)
(0.77352786 0.00064408892 0)
(0.76077356 0.00060671383 0)
(0.7483317 0.00057221257 0)
(0.73619922 0.00054030247 0)
(0.72437073 0.00051073333 0)
(0.71283913 0.00048328342 0)
(0.70159619 0.00045775554 0)
(0.69063284 0.00043397483 0)
(0.67993954 0.00041178585 0)
(0.66950644 0.00039104936 0)
(0.6593236 0.00037164083 0)
(0.64938109 0.00035344874 0)
(0.63966911 0.00033637269 0)
(0.63017802 0.00032032248 0)
(0.62089845 0.00030521721 0)
(0.61182125 0.00029098364 0)
(0.60293758 0.00027755532 0)
(0.5942389 0.00026487207 0)
(0.58571697 0.00025287932 0)
(0.57736388 0.00024152728 0)
(0.56917201 0.00023077053 0)
(0.56113404 0.00022056791 0)
(0.97163719 0.0016064722 0)
(0.96291756 0.0015023462 0)
(0.95328974 0.0014062899 0)
(0.9429236 0.001317546 0)
(0.93197866 0.0012355292 0)
(0.9205975 0.0011597178 0)
(0.90890344 0.0010896241 0)
(0.89700072 0.0010247869 0)
(0.88497593 0.00096478473 0)
(0.87289999 0.00090920721 0)
(0.86083037 0.00085767595 0)
(0.848813 0.00080985723 0)
(0.83688422 0.0007654319 0)
(0.82507239 0.00072411112 0)
(0.81339928 0.00068563247 0)
(0.80188127 0.00064975627 0)
(0.7905303 0.00061626466 0)
(0.77935472 0.00058496003 0)
(0.76835997 0.00055566273 0)
(0.75754915 0.00052821036 0)
(0.74692345 0.00050245587 0)
(0.73648256 0.00047826532 0)
(0.72622495 0.00045551713 0)
(0.71614815 0.00043410091 0)
(0.70624896 0.00041391595 0)
(0.69652359 0.00039487067 0)
(0.68696784 0.00037688208 0)
(0.67757715 0.00035987426 0)
(0.66834677 0.00034377764 0)
(0.65927176 0.00032852871 0)
(0.6503471 0.00031406934 0)
(0.64156771 0.00030034608 0)
(0.63292852 0.00028730984 0)
(0.62442446 0.00027491582 0)
(0.98855111 0.0016798593 0)
(0.98395708 0.0015877176 0)
(0.97850012 0.0015021277 0)
(0.97223762 0.0014220918 0)
(0.96524548 0.0013470034 0)
(0.95760889 0.001276433 0)
(0.94941553 0.0012100564 0)
(0.94075082 0.0011476134 0)
(0.93169483 0.0010888789 0)
(0.92232074 0.0010336247 0)
(0.9126941 0.00098163908 0)
(0.90287273 0.00093273438 0)
(0.8929071 0.00088671478 0)
(0.88284082 0.00084339615 0)
(0.87271127 0.0008026056 0)
(0.86255024 0.00076417807 0)
(0.85238457 0.00072795689 0)
(0.84223678 0.00069379502 0)
(0.83212563 0.00066155448 0)
(0.82206659 0.00063110717 0)
(0.81207236 0.00060233384 0)
(0.80215315 0.00057512264 0)
(0.79231714 0.00054936986 0)
(0.78257071 0.00052497944 0)
(0.77291872 0.00050186189 0)
(0.76336476 0.00047993437 0)
(0.7539113 0.00045912056 0)
(0.74455989 0.00043934948 0)
(0.73531126 0.00042055519 0)
(0.72616552 0.00040267665 0)
(0.71712219 0.00038565731 0)
(0.70818031 0.00036944448 0)
(0.69933855 0.00035398924 0)
(0.69059523 0.00033924654 0)
(0.99632144 0.0017156439 0)
(0.9944438 0.0016333409 0)
(0.99200386 0.0015574819 0)
(0.98897157 0.0014868165 0)
(0.98533713 0.0014205002 0)
(0.98110977 0.0013578752 0)
(0.97631303 0.0012984371 0)
(0.97098037 0.0012418697 0)
(0.96515165 0.0011879658 0)
(0.95887035 0.0011365435 0)
(0.95218139 0.0010874659 0)
(0.94512941 0.0010406421 0)
(0.93775757 0.00099597246 0)
(0.9301068 0.00095336138 0)
(0.92221524 0.00091272063 0)
(0.91411803 0.00087396575 0)
(0.90584725 0.00083701151 0)
(0.8974319 0.00080177333 0)
(0.88889805 0.00076816831 0)
(0.88026901 0.00073611758 0)
(0.87156546 0.00070554576 0)
(0.86280568 0.00067637842 0)
(0.85400576 0.00064854377 0)
(0.84517981 0.00062197353 0)
(0.83634009 0.00059660216 0)
(0.82749727 0.00057236744 0)
(0.81866055 0.00054921062 0)
(0.80983782 0.00052707541 0)
(0.80103578 0.00050590827 0)
(0.79226011 0.00048565872 0)
(0.78351556 0.00046627912 0)
(0.77480605 0.00044772414 0)
(0.76613478 0.00042995095 0)
(0.75750427 0.00041291953 0)
(0.9989699 0.0017268904 0)
(0.99844358 0.0016502911 0)
(0.99765779 0.0015812156 0)
(0.99655804 0.0015178775 0)
(0.99510701 0.0014588567 0)
(0.99328091 0.0014033606 0)
(0.99105789 0.0013508937 0)
(0.98842368 0.0013010134 0)
(0.98537283 0.0012534284 0)
(0.9819083 0.001207847 0)
(0.97803958 0.0011640207 0)
(0.97378101 0.0011218098 0)
(0.96915049 0.0010811156 0)
(0.96416839 0.0010418566 0)
(0.95885671 0.0010039626 0)
(0.95323836 0.00096738731 0)
(0.94733649 0.00093209351 0)
(0.94117404 0.00089804399 0)
(0.93477335 0.00086519973 0)
(0.92815594 0.00083352276 0)
(0.92134223 0.00080297978 0)
(0.91435152 0.00077353728 0)
(0.90720187 0.00074515925 0)
(0.89991011 0.00071780974 0)
(0.8924918 0.00069145285 0)
(0.8849613 0.00066605379 0)
(0.87733177 0.00064157937 0)
(0.86961521 0.0006179961 0)
(0.86182259 0.00059527033 0)
(0.85396381 0.00057336939 0)
(0.84604783 0.00055226176 0)
(0.83808272 0.00053191648 0)
(0.83007573 0.00051230346 0)
(0.82203331 0.00049339397 0)
(0.99960012 0.001729793 0)
(0.99949349 0.0016547003 0)
(0.99932319 0.0015877259 0)
(0.99906395 0.001527288 0)
(0.99868011 0.0014721964 0)
(0.99813102 0.0014214474 0)
(0.99738405 0.0013742443 0)
(0.9964091 0.0013298586 0)
(0.99518614 0.0012876409 0)
(0.99370195 0.0012472807 0)
(0.9919418 0.0012086094 0)
(0.9898939 0.0011714049 0)
(0.9875501 0.001135521 0)
(0.98490645 0.0011008544 0)
(0.98196279 0.0010672595 0)
(0.97872196 0.0010346235 0)
(0.97518919 0.0010028776 0)
(0.97137163 0.00097197793 0)
(0.96727797 0.00094189311 0)
(0.96291808 0.00091258782 0)
(0.95830272 0.00088403416 0)
(0.95344328 0.00085622062 0)
(0.94835151 0.00082913587 0)
(0.94303934 0.00080276739 0)
(0.93751866 0.00077710113 0)
(0.93180122 0.00075212251 0)
(0.92589851 0.00072781976 0)
(0.91982163 0.00070418224 0)
(0.91358132 0.00068119718 0)
(0.90718782 0.00065885059 0)
(0.90065088 0.00063712849 0)
(0.89397975 0.00061601664 0)
(0.88718315 0.00059550077 0)
(0.88026927 0.0005755674 0)
(0.99975321 0.0017298834 0)
(0.99973113 0.0016552326 0)
(0.99969873 0.001588874 0)
(0.99964975 0.0015292794 0)
(0.99957525 0.0014752834 0)
(0.99946321 0.0014259507 0)
(0.99929903 0.0013805346 0)
(0.99906758 0.0013384503 0)
(0.99874675 0.0012992217 0)
(0.99831129 0.0012623859 0)
(0.99774094 0.0012275447 0)
(0.99701755 0.0011944358 0)
(0.9961227 0.0011626749 0)
(0.99504732 0.0011319574 0)
(0.99378178 0.0011022458 0)
(0.99231533 0.0010734669 0)
(0.99063847 0.0010455102 0)
(0.98874343 0.0010182789 0)
(0.98662419 0.00099174066 0)
(0.98427687 0.00096585149 0)
(0.98169935 0.00094052217 0)
(0.97889097 0.00091570168 0)
(0.97585231 0.00089136034 0)
(0.972585 0.00086747905 0)
(0.96909164 0.00084404606 0)
(0.96537558 0.00082104619 0)
(0.96144088 0.00079846372 0)
(0.95729216 0.00077629396 0)
(0.95293449 0.00075453646 0)
(0.94837328 0.00073318958 0)
(0.94361421 0.00071225084 0)
(0.93866308 0.00069171699 0)
(0.9335258 0.00067158396 0)
(0.92820831 0.00065184923 0)
(0.99982604 0.0017312031 0)
(0.99981834 0.0016562683 0)
(0.99981036 0.0015897729 0)
(0.99980045 0.001530158 0)
(0.99978675 0.0014762616 0)
(0.99976665 0.0014271719 0)
(0.99973719 0.0013821589 0)
(0.99969458 0.0013406458 0)
(0.99963348 0.0013021576 0)
(0.99954678 0.0012662674 0)
(0.99942614 0.0012326295 0)
(0.99926187 0.0012009722 0)
(0.99904487 0.0011710678 0)
(0.99875839 0.0011427023 0)
(0.99838717 0.0011156479 0)
(0.99791838 0.0010897218 0)
(0.99733979 0.0010647819 0)
(0.9966396 0.0010407056 0)
(0.99580626 0.0010172503 0)
(0.9948351 0.00099430328 0)
(0.99371773 0.00097191769 0)
(0.9924455 0.00095003953 0)
(0.99101033 0.00092860963 0)
(0.989405 0.00090757205 0)
(0.98762305 0.00088690873 0)
(0.98565909 0.00086661287 0)
(0.98350874 0.0008466386 0)
(0.9811685 0.00082694366 0)
(0.97863558 0.00080750552 0)
(0.97590789 0.00078831122 0)
(0.97298395 0.00076935266 0)
(0.96986282 0.00075062554 0)
(0.96654412 0.00073212416 0)
(0.96302792 0.00071383972 0)
(0.99991033 0.0017290938 0)
(0.9999019 0.0016546469 0)
(0.99989492 0.0015885148 0)
(0.99988902 0.0015291754 0)
(0.9998838 0.0014754993 0)
(0.99987889 0.0014266115 0)
(0.9998733 0.001381808 0)
(0.99986589 0.0013405137 0)
(0.99985552 0.0013022671 0)
(0.99984077 0.0012666805 0)
(0.99981969 0.0012334213 0)
(0.9997903 0.0012022219 0)
(0.99975012 0.0011728567 0)
(0.99969554 0.0011451176 0)
(0.999622 0.0011188187 0)
(0.99952418 0.0010938078 0)
(0.99939613 0.0010699552 0)
(0.99923127 0.001047143 0)
(0.99902267 0.001025279 0)
(0.99875733 0.0010042552 0)
(0.99842577 0.00098394779 0)
(0.99801915 0.00096427203 0)
(0.99752866 0.00094515631 0)
(0.99694562 0.00092655141 0)
(0.99626048 0.0009083241 0)
(0.9954679 0.00089035956 0)
(0.99456196 0.00087268439 0)
(0.9935352 0.00085530376 0)
(0.99237999 0.00083818452 0)
(0.99108894 0.00082129362 0)
(0.98965503 0.00080460033 0)
(0.98807155 0.00078809172 0)
(0.98633227 0.00077177229 0)
(0.98443151 0.00075562149 0)
(1.0000187 0.0017336456 0)
(1.0000093 0.0016582435 0)
(1.0000011 0.0015913812 0)
(0.99999391 0.0015314781 0)
(0.99998767 0.0014773633 0)
(0.99998222 0.0014281288 0)
(0.99997742 0.0013830475 0)
(0.99997313 0.0013415324 0)
(0.99996914 0.0013031181 0)
(0.99996525 0.0012674099 0)
(0.99996123 0.0012340793 0)
(0.99995632 0.0012028613 0)
(0.99994973 0.0011735175 0)
(0.99994074 0.0011458454 0)
(0.99992842 0.0011196782 0)
(0.99991162 0.0010948719 0)
(0.99988887 0.0010712851 0)
(0.99985887 0.0010488003 0)
(0.99981969 0.0010273238 0)
(0.99976868 0.0010067545 0)
(0.99970264 0.00098700516 0)
(0.99961789 0.00096800575 0)
(0.99951034 0.00094969289 0)
(0.9993753 0.00093200389 0)
(0.99920844 0.00091489123 0)
(0.99900134 0.0008983056 0)
(0.99874585 0.00088217561 0)
(0.99843502 0.00086644232 0)
(0.99806196 0.00085106362 0)
(0.99761956 0.00083600107 0)
(0.99710059 0.00082122599 0)
(0.99649719 0.00080666996 0)
(0.99580327 0.00079223784 0)
(0.99501398 0.00077793059 0)
(1.0001483 0.0017271148 0)
(1.0001375 0.0016529907 0)
(1.000128 0.0015871313 0)
(1.0001196 0.001528021 0)
(1.000112 0.0014745363 0)
(1.0001051 0.0014258043 0)
(1.0000988 0.0013811262 0)
(1.0000931 0.0013399379 0)
(1.0000879 0.0013017897 0)
(1.0000831 0.0012662981 0)
(1.0000787 0.0012331425 0)
(1.0000748 0.0012020663 0)
(1.0000711 0.0011728426 0)
(1.0000677 0.0011452794 0)
(1.0000642 0.001119214 0)
(1.0000607 0.001094503 0)
(1.0000568 0.0010710205 0)
(1.0000519 0.0010486547 0)
(1.0000455 0.0010273038 0)
(1.0000371 0.0010068805 0)
(1.000026 0.00098731222 0)
(1.0000114 0.00096853287 0)
(0.99999242 0.00095047024 0)
(0.99996807 0.00093306494 0)
(0.99993713 0.00091627379 0)
(0.99989791 0.0009000444 0)
(0.99984828 0.00088432705 0)
(0.99978576 0.00086908279 0)
(0.99970751 0.00085427807 0)
(0.99961035 0.00083987983 0)
(0.99949067 0.0008258526 0)
(0.99934485 0.00081216955 0)
(0.99916714 0.00079880831 0)
(0.99895027 0.00078572846 0)
(1.0002398 0.001737779 0)
(1.0002334 0.001661798 0)
(1.0002276 0.001594452 0)
(1.0002223 0.0015341425 0)
(1.0002174 0.0014796836 0)
(1.0002128 0.0014301554 0)
(1.0002085 0.0013848233 0)
(1.0002043 0.0013430948 0)
(1.0002003 0.0013044969 0)
(1.0001964 0.0012686285 0)
(1.0001927 0.0012351554 0)
(1.0001892 0.0012038105 0)
(1.0001857 0.0011743596 0)
(1.0001825 0.001146603 0)
(1.0001794 0.0011203704 0)
(1.0001764 0.0010955134 0)
(1.0001737 0.0010719032 0)
(1.0001711 0.0010494271 0)
(1.0001686 0.0010279848 0)
(1.0001661 0.0010074897 0)
(1.0001635 0.00098786578 0)
(1.0001609 0.0009690425 0)
(1.0001579 0.00095095724 0)
(1.0001542 0.0009335535 0)
(1.0001493 0.00091677807 0)
(1.0001431 0.00090058369 0)
(1.0001351 0.00088493095 0)
(1.0001247 0.00086978546 0)
(1.0001114 0.00085510839 0)
(1.0000945 0.00084086248 0)
(1.0000733 0.00082702112 0)
(1.0000468 0.0008135595 0)
(1.0000136 0.00080044864 0)
(0.99997219 0.00078765823 0)
(1.0003382 0.0017240809 0)
(1.0003314 0.0016502598 0)
(1.0003255 0.0015846913 0)
(1.0003202 0.0015258484 0)
(1.0003154 0.001472606 0)
(1.0003112 0.001424093 0)
(1.0003073 0.0013796125 0)
(1.0003037 0.0013386019 0)
(1.0003004 0.0013006114 0)
(1.0002972 0.0012652595 0)
(1.0002942 0.0012322279 0)
(1.0002913 0.0012012616 0)
(1.0002885 0.0011721364 0)
(1.0002858 0.0011446599 0)
(1.0002832 0.0011186685 0)
(1.0002807 0.0010940201 0)
(1.0002783 0.001070591 0)
(1.000276 0.0010482726 0)
(1.0002737 0.0010269684 0)
(1.0002716 0.0010065937 0)
(1.0002695 0.00098707348 0)
(1.0002675 0.00096833983 0)
(1.0002657 0.00095033259 0)
(1.0002639 0.00093299776 0)
(1.0002622 0.00091628574 0)
(1.0002605 0.00090015248 0)
(1.0002588 0.0008845591 0)
(1.000257 0.00086946892 0)
(1.0002551 0.00085484789 0)
(1.0002528 0.00084066474 0)
(1.0002498 0.00082689064 0)
(1.000246 0.00081349877 0)
(1.000241 0.00080046383 0)
(1.0002346 0.00078776475 0)
(1.0003621 0.001742095 0)
(1.0003599 0.0016657593 0)
(1.0003582 0.0015980863 0)
(1.000357 0.0015374715 0)
(1.0003559 0.0014827274 0)
(1.0003551 0.0014329349 0)
(1.0003543 0.0013873594 0)
(1.0003536 0.0013454082 0)
(1.000353 0.0013066063 0)
(1.0003523 0.001270553 0)
(1.0003517 0.0012369134 0)
(1.0003511 0.0012054174 0)
(1.0003505 0.0011758294 0)
(1.0003498 0.0011479477 0)
(1.0003492 0.0011216009 0)
(1.0003485 0.0010966402 0)
(1.0003479 0.0010729358 0)
(1.0003472 0.001050374 0)
(1.0003465 0.001028854 0)
(1.0003458 0.001008287 0)
(1.0003451 0.00098859513 0)
(1.0003444 0.00096970849 0)
(1.0003437 0.00095156463 0)
(1.000343 0.00093410763 0)
(1.0003423 0.00091728646 0)
(1.0003416 0.00090105513 0)
(1.000341 0.00088537254 0)
(1.0003404 0.00087020081 0)
(1.0003398 0.00085550549 0)
(1.0003393 0.00084125531 0)
(1.0003388 0.00082742175 0)
(1.0003383 0.0008139782 0)
(1.0003378 0.00080090002 0)
(1.0003373 0.00078816542 0)
(1.0003695 0.0017210168 0)
(1.0003683 0.0016472083 0)
(1.0003676 0.0015817217 0)
(1.0003673 0.0015230044 0)
(1.0003674 0.0014699106 0)
(1.0003677 0.0014215564 0)
(1.0003682 0.001377238 0)
(1.0003689 0.0013363884 0)
(1.0003697 0.0012985537 0)
(1.0003706 0.0012633519 0)
(1.0003716 0.001230464 0)
(1.0003726 0.0011996329 0)
(1.0003737 0.0011706347 0)
(1.0003747 0.0011432771 0)
(1.0003758 0.0011173968 0)
(1.0003769 0.0010928522 0)
(1.000378 0.0010695194 0)
(1.0003791 0.00104729 0)
(1.0003802 0.0010260677 0)
(1.0003812 0.001005768 0)
(1.0003822 0.0009863166 0)
(1.0003832 0.00096764653 0)
(1.0003842 0.00094969785 0)
(1.0003851 0.00093241686 0)
(1.0003861 0.00091575448 0)
(1.000387 0.00089966629 0)
(1.0003879 0.00088411281 0)
(1.0003887 0.00086905797 0)
(1.0003896 0.00085446869 0)
(1.0003904 0.00084031477 0)
(1.0003912 0.00082656862 0)
(1.000392 0.00081320442 0)
(1.0003928 0.00080019813 0)
(1.0003936 0.0007875281 0)
(1.0004035 0.0017450715 0)
(1.0004018 0.0016686824 0)
(1.0004005 0.0016009343 0)
(1.0003997 0.0015402266 0)
(1.0003992 0.0014853749 0)
(1.000399 0.0014354637 0)
(1.000399 0.0013897626 0)
(1.0003992 0.0013476824 0)
(1.0003995 0.0013087495 0)
(1.0004 0.0012725665 0)
(1.0004005 0.0012388007 0)
(1.0004012 0.0012071822 0)
(1.000402 0.0011774771 0)
(1.0004028 0.0011494843 0)
(1.0004037 0.0011230322 0)
(1.0004047 0.0010979721 0)
(1.0004057 0.001074174 0)
(1.0004068 0.0010515243 0)
(1.0004079 0.0010299218 0)
(1.0004091 0.0010092779 0)
(1.0004103 0.00098951428 0)
(1.0004116 0.00097056086 0)
(1.0004129 0.00095235468 0)
(1.0004142 0.00093483945 0)
(1.0004156 0.00091796387 0)
(1.000417 0.00090168153 0)
(1.0004184 0.0008859512 0)
(1.0004198 0.0008707352 0)
(1.0004213 0.00085599888 0)
(1.0004228 0.0008417106 0)
(1.0004243 0.0008278415 0)
(1.0004258 0.00081436468 0)
(1.0004274 0.00080125508 0)
(1.0004289 0.00078849023 0)
(1.0004275 0.0017192474 0)
(1.0004273 0.0016451841 0)
(1.0004273 0.0015795369 0)
(1.0004275 0.0015207273 0)
(1.0004279 0.0014675907 0)
(1.0004285 0.0014192305 0)
(1.0004291 0.0013749333 0)
(1.0004298 0.0013341251 0)
(1.0004305 0.0012963452 0)
(1.0004313 0.0012612087 0)
(1.0004321 0.0012283939 0)
(1.000433 0.0011976399 0)
(1.000434 0.0011687217 0)
(1.0004349 0.0011414458 0)
(1.0004359 0.0011156475 0)
(1.0004369 0.001091184 0)
(1.000438 0.001067931 0)
(1.0004391 0.0010457796 0)
(1.0004402 0.0010246332 0)
(1.0004414 0.0010044068 0)
(1.0004426 0.00098502589 0)
(1.0004438 0.00096642342 0)
(1.0004451 0.00094853935 0)
(1.0004464 0.00093132001 0)
(1.0004477 0.00091471644 0)
(1.0004491 0.00089868438 0)
(1.0004505 0.00088318445 0)
(1.0004519 0.00086818063 0)
(1.0004534 0.00085363981 0)
(1.0004549 0.00083953175 0)
(1.0004565 0.0008258289 0)
(1.0004581 0.00081250555 0)
(1.0004597 0.00079953777 0)
(1.0004614 0.00078690399 0)
)
;

boundaryField
{
    bottom
    {
        type            fixedValue;
        value           nonuniform List<vector> 0();
    }
    back
    {
        type            empty;
    }
    front
    {
        type            empty;
    }
    inlet
    {
        type            fixedValue;
        value           nonuniform List<vector> 0();
    }
    outlet
    {
        type            zeroGradient;
    }
    top
    {
        type            zeroGradient;
    }
    slipsurface
    {
        type            slip;
    }
    procBoundary5to2
    {
        type            processor;
        value           nonuniform List<vector> 
32
(
(1.0004597 0.0017464308 0)
(1.0004601 0.001670189 0)
(1.0004606 0.0016025593 0)
(1.0004613 0.0015419403 0)
(1.0004621 0.0014871482 0)
(1.000463 0.001437271 0)
(1.0004639 0.0013915823 0)
(1.000465 0.0013494964 0)
(1.000466 0.0013105422 0)
(1.0004671 0.0012743259 0)
(1.0004683 0.0012405178 0)
(1.0004694 0.0012088492 0)
(1.0004706 0.0011790884 0)
(1.0004718 0.001151036 0)
(1.000473 0.0011245214 0)
(1.0004743 0.0010993971 0)
(1.0004755 0.001075534 0)
(1.0004768 0.001052819 0)
(1.0004781 0.0010311516 0)
(1.0004795 0.0010104436 0)
(1.0004808 0.00099061702 0)
(1.0004822 0.000971602 0)
(1.0004835 0.00095333588 0)
(1.000485 0.00093576252 0)
(1.0004864 0.00091883081 0)
(1.0004878 0.00090249448 0)
(1.0004893 0.00088671223 0)
(1.0004908 0.00087144638 0)
(1.0004923 0.00085666229 0)
(1.0004939 0.00084232833 0)
(1.0004955 0.00082841562 0)
(1.0004971 0.00081489726 0)
)
;
    }
    procBoundary5to4
    {
        type            processor;
        value           nonuniform List<vector> 
34
(
(0.46671645 0.00033445806 0)
(0.44810718 0.00029453576 0)
(0.43136587 0.00026165043 0)
(0.41619386 0.00023417908 0)
(0.40235477 0.0002109581 0)
(0.38965865 0.00019112578 0)
(0.37795102 0.00017402936 0)
(0.36710499 0.00015916664 0)
(0.3570152 0.00014615774 1.9650728e-22)
(0.34759295 0.00013469182 0)
(0.33876385 0.00012452021 0)
(0.33046423 0.00011545455 0)
(0.32263948 0.00010733232 0)
(0.3152425 0.00010002215 0)
(0.30823236 9.3415523e-05 0)
(0.30157335 8.7421749e-05 0)
(0.29523409 8.1964525e-05 0)
(0.28918694 7.697931e-05 0)
(0.28340743 7.2411095e-05 0)
(0.27787378 6.8212975e-05 0)
(0.27256656 6.4344729e-05 0)
(0.26746834 6.0771433e-05 0)
(0.26256347 5.7462751e-05 0)
(0.25783782 5.4392287e-05 0)
(0.25327861 5.1536844e-05 0)
(0.24887423 4.8876081e-05 0)
(0.24461414 4.6392179e-05 0)
(0.24048869 4.4069317e-05 0)
(0.23648907 4.1893384e-05 0)
(0.23260719 3.9851843e-05 0)
(0.22883563 3.7933528e-05 0)
(0.22516754 3.6128375e-05 0)
(0.2215966 3.4427347e-05 0)
(0.21811696 3.2822402e-05 0)
)
;
    }
    procBoundary5to7
    {
        type            processor;
        value           nonuniform List<vector> 
24
(
(0.5458222 0.00048301878 0)
(0.60840631 0.00060375129 0)
(0.67421489 0.00074748502 0)
(0.74129852 0.00091337234 0)
(0.80672381 0.0010964332 0)
(0.86668313 0.001285862 0)
(0.91711369 0.0014648843 0)
(0.95491051 0.001614262 0)
(0.9792813 0.0017198244 0)
(0.99225479 0.001780211 0)
(0.99768316 0.0018062132 0)
(0.99929894 0.001813312 0)
(0.9996662 0.0018152192 0)
(0.99976969 0.0018149655 0)
(0.99983522 0.001816729 0)
(0.99992086 0.0018139603 0)
(1.00003 0.0018197781 0)
(1.0001609 0.0018116021 0)
(1.0002472 0.0018246037 0)
(1.0003462 0.0018082694 0)
(1.0003653 0.0018293042 0)
(1.0003716 0.0018052907 0)
(1.0004061 0.0018323002 0)
(1.0004282 0.0018038968 0)
)
;
    }
    procBoundary5to11
    {
        type            processor;
        value           nonuniform List<vector> 
24
(
(0.24255312 3.9963358e-05 0)
(0.27384877 5.0970152e-05 0)
(0.30898424 6.4940464e-05 0)
(0.34833436 8.262853e-05 0)
(0.39224683 0.0001049443 0)
(0.44099552 0.00013295483 0)
(0.494706 0.00016785534 0)
(0.55324294 0.00021088184 0)
(0.6160505 0.00026312284 0)
(0.68194843 0.00032517455 0)
(0.7489165 0.00039659213 0)
(0.81396121 0.0004751601 0)
(0.87324577 0.00055620279 0)
(0.92271649 0.00063251189 0)
(0.95931472 0.00069576984 0)
(0.98236408 0.00073960515 0)
(0.9941224 0.00076377865 0)
(0.99868826 0.0007728877 0)
(0.99992064 0.00077516538 0)
(1.0002265 0.0007753816 0)
(1.0003367 0.00077575409 0)
(1.0003945 0.00077517422 0)
(1.0004305 0.00077604943 0)
(1.0004631 0.00077458448 0)
)
;
    }
    procBoundary5to14
    {
        type            processor;
        value           nonuniform List<vector> 2((1.0004988 0.00080174823 0) (1.0005004 0.00078894604 0));
    }
}


// ************************************************************************* //
