/*--------------------------------*- C++ -*----------------------------------*\
  =========                 |
  \\      /  F ield         | OpenFOAM: The Open Source CFD Toolbox
   \\    /   O peration     | Website:  https://openfoam.org
    \\  /    A nd           | Version:  12
     \\/     M anipulation  |
\*---------------------------------------------------------------------------*/
FoamFile
{
    format      ascii;
    class       volScalarField;
    location    "1300";
    object      epsilon;
}
// * * * * * * * * * * * * * * * * * * * * * * * * * * * * * * * * * * * * * //

dimensions      [0 2 -3 0 0 0 0];

internalField   nonuniform List<scalar> 
467
(
0.3224537
0.32005997
0.31769954
0.3153716
0.31307536
0.31081004
0.3085749
0.30636923
0.30419232
0.30204349
0.29992206
0.29782738
0.2957588
0.29371568
0.29169737
0.28970325
0.28773252
0.28578472
0.28385853
0.28195425
0.2800677
0.27820413
0.27634459
0.27452239
0.27262354
0.2710242
0.26808214
0.13017779
0.12911061
0.12806044
0.12702685
0.12600948
0.12500794
0.12402185
0.12305086
0.1220946
0.12115272
0.12022488
0.11931073
0.11840994
0.11752217
0.11664711
0.11578442
0.11493375
0.1140948
0.1132672
0.11245064
0.11164456
0.11084875
0.11006172
0.10928559
0.10850175
0.10780579
0.10661802
0.073723241
0.073145039
0.072572803
0.072006666
0.071446734
0.070893091
0.070345798
0.069804897
0.069270412
0.068742347
0.068220693
0.067705428
0.067196516
0.066693914
0.066197568
0.065707414
0.065223385
0.064745385
0.064273355
0.063807108
0.063346699
0.062891579
0.062442357
0.06199801
0.061553148
0.061157387
0.060477761
0.049620946
0.049279466
0.048936707
0.048593256
0.048249636
0.047906314
0.047563707
0.047222182
0.046882063
0.046543634
0.046207144
0.04587281
0.045540822
0.045211342
0.044884512
0.04456045
0.044239265
0.043921024
0.043605828
0.04329364
0.042984701
0.042678582
0.042376246
0.042076453
0.041777063
0.041511803
0.041051981
0.036374598
0.036191981
0.03600136
0.035803838
0.035600404
0.035391949
0.035179271
0.034963088
0.034744041
0.034522707
0.034299601
0.034075186
0.033849873
0.033624034
0.033397999
0.033172062
0.032946493
0.032721515
0.032497365
0.032274156
0.032052226
0.031831348
0.031612474
0.031394713
0.031176711
0.030984976
0.030647772
0.027830262
0.027779847
0.027714171
0.027634961
0.027543772
0.027441996
0.027330888
0.027211574
0.027085068
0.026952281
0.026814035
0.026671069
0.026524049
0.026373574
0.026220187
0.026064374
0.025906579
0.02574719
0.025586589
0.025425042
0.02526298
0.025100383
0.02493814
0.024775768
0.024612107
0.024469268
0.024213005
0.021659564
0.021734107
0.021785233
0.021815414
0.021826868
0.021821587
0.021801357
0.021767789
0.021722328
0.02166628
0.02160082
0.021527007
0.0214458
0.021358063
0.021264577
0.021166048
0.021063118
0.020956359
0.020846314
0.020733416
0.020618205
0.020500861
0.020382238
0.020262211
0.020139744
0.020033548
0.019837622
0.016808005
0.017008213
0.017176035
0.017314746
0.017427285
0.017516299
0.01758417
0.017633041
0.017664849
0.017681339
0.017684085
0.017674513
0.017653908
0.017623434
0.017584145
0.017536994
0.017482847
0.017422485
0.017356631
0.017285901
0.017210965
0.017132204
0.017050479
0.016965964
0.016877817
0.016801708
0.016655078
0.012742705
0.013070544
0.013357007
0.013605993
0.01382106
0.014005446
0.014162097
0.014293687
0.014402643
0.014491166
0.014561251
0.014614708
0.014653179
0.01467815
0.014690973
0.014692872
0.014684961
0.014668248
0.01464366
0.014612013
0.014574126
0.014530584
0.014482301
0.014429693
0.014372221
0.014322626
0.014219192
0.0091890525
0.0096402781
0.0100434
0.010402121
0.010720051
0.011000645
0.01124715
0.011462592
0.011649767
0.011811255
0.011949422
0.012066435
0.012164275
0.012244751
0.012309513
0.012360066
0.012397781
0.012423906
0.012439587
0.012445848
0.012443681
0.012433873
0.012417429
0.01239497
0.012366358
0.012341414
0.012277885
0.0060394327
0.0065903907
0.0070945353
0.0075528172
0.0079672194
0.0083402346
0.0086745732
0.0089730207
0.0092383354
0.0094731796
0.0096800834
0.0098614266
0.01001943
0.010156154
0.010273502
0.010373229
0.010456949
0.010526139
0.010582161
0.01062625
0.010659575
0.010683128
0.01069803
0.010705075
0.010704611
0.010703494
0.010678297
0.0033493292
0.0039299402
0.0044861531
0.0050100837
0.0054976636
0.0059471918
0.0063586264
0.0067329942
0.0070719294
0.007377404
0.0076515607
0.0078965962
0.0081146852
0.0083079346
0.0084783555
0.0086278465
0.0087581877
0.0088710367
0.0089679362
0.0090503052
0.0091194816
0.0091766441
0.0092230437
0.0092596143
0.0092872618
0.0093097948
0.0093224385
0.0013900623
0.0018406123
0.0023310896
0.0028365877
0.0033375295
0.0038211249
0.0042797473
0.0047090784
0.0051070297
0.0054730644
0.0058076491
0.0061118688
0.0063871839
0.0066352645
0.006857877
0.0070568092
0.0072338212
0.007390614
0.0075288125
0.0076499493
0.0077554807
0.0078467334
0.0079250741
0.0079915376
0.0080476322
0.0080940078
0.0081446762
0.00042753381
0.00062890081
0.00089991968
0.0012382648
0.0016303403
0.0020558067
0.0024943058
0.0029299129
0.0033518973
0.0037535174
0.0041307842
0.0044816545
0.0048054323
0.0051023088
0.0053730487
0.0056187777
0.0058408335
0.0060406645
0.0062197612
0.0063796088
0.006521666
0.0066473175
0.006757992
0.0068547598
0.0069397502
0.0070103033
0.0070995327
0.00013668513
0.00019248197
0.00028000395
0.00041227091
0.00060021051
0.00084911788
0.0011548471
0.0015041891
0.0018795857
0.0022644691
0.002646131
0.0030158703
0.0033680725
0.0036993639
0.004007981
0.0042932745
0.0045553453
0.0047947926
0.0050125337
0.0052096827
0.0053874626
0.0055471354
0.0056900677
0.005817252
0.0059314114
0.0060263919
0.0061547614
6.0966428e-05
7.7019837e-05
0.00010114446
0.00013802879
0.00019575
0.00028476705
0.00041625584
0.00059877638
0.00083456375
0.0011172338
0.0014337832
0.0017691131
0.0021099372
0.0024463003
0.0027713443
0.0030806129
0.0033714342
0.0036424206
0.0038930763
0.0041235229
0.0043342906
0.0045261763
0.0047002374
0.004857187
0.0050002398
0.0051195316
0.0052873002
3.5866677e-05
4.1830391e-05
5.0085626e-05
6.1821588e-05
7.9066714e-05
0.00010506247
0.00014517507
0.00020742039
0.00030151062
0.00043672234
0.00061874526
0.00084635655
0.0011112257
0.0014008939
0.0017026919
0.0020061864
0.002303725
0.0025900578
0.0028618
0.0031169613
0.0033545428
0.0035742503
0.0037763736
0.0039609883
0.0041315746
0.0042742958
0.0044809243
0.0022001492
0.002452553
0.002691296
0.0029150972
0.0031227726
0.0033176351
0.0034815397
0.0037250036
)
;

boundaryField
{
    inlet
    {
        type            zeroGradient;
    }
    top
    {
        type            zeroGradient;
    }
    outlet
    {
        type            zeroGradient;
    }
    slipsurface
    {
        type            slip;
    }
    bottom
    {
        type            epsilonWallFunction;
        value           nonuniform List<scalar> 
27
(
0.3224537
0.32005997
0.31769954
0.3153716
0.31307536
0.31081004
0.3085749
0.30636923
0.30419232
0.30204349
0.29992206
0.29782738
0.2957588
0.29371568
0.29169737
0.28970325
0.28773252
0.28578472
0.28385853
0.28195425
0.2800677
0.27820413
0.27634459
0.27452239
0.27262354
0.2710242
0.26808214
)
;
    }
    frontandback
    {
        type            empty;
    }
    procBoundary4to5
    {
        type            processor;
        value           nonuniform List<scalar> 
28
(
2.5013809e-05
2.7788615e-05
3.1372543e-05
3.6098008e-05
4.2534222e-05
5.1539622e-05
6.4535872e-05
8.3830947e-05
0.00011318587
0.00015862378
0.00022807437
0.00033025908
0.00047226292
0.0006561912
0.0008776172
0.0011270211
0.0013930993
0.0016656053
0.0019365368
0.0019365368
0.0014014584
0.0016474987
0.0018893772
0.0021230359
0.0023450328
0.0025577665
0.0027383295
0.0030140787
)
;
    }
    procBoundary4to7
    {
        type            processor;
        value           nonuniform List<scalar> 
17
(
0.32488158
0.13126237
0.074307247
0.049960492
0.03654799
0.027863491
0.021558839
0.016571771
0.012369238
0.008686009
0.0054422946
0.0027587879
0.0010034785
0.00028851007
0.00010088439
4.9905147e-05
3.1430716e-05
)
;
    }
}


// ************************************************************************* //
