/*--------------------------------*- C++ -*----------------------------------*\
  =========                 |
  \\      /  F ield         | OpenFOAM: The Open Source CFD Toolbox
   \\    /   O peration     | Website:  https://openfoam.org
    \\  /    A nd           | Version:  12
     \\/     M anipulation  |
\*---------------------------------------------------------------------------*/
FoamFile
{
    format      ascii;
    class       volScalarField;
    location    "1100";
    object      nuTilda;
}
// * * * * * * * * * * * * * * * * * * * * * * * * * * * * * * * * * * * * * //

dimensions      [0 2 -1 0 0 0 0];

internalField   nonuniform List<scalar> 
816
(
2.0071656e-06
2.0079441e-06
2.0087358e-06
2.0095439e-06
2.0103748e-06
2.011248e-06
2.012113e-06
2.0133082e-06
2.0135131e-06
2.0163835e-06
1.2300118e-06
1.2434867e-06
1.55324e-06
1.8969957e-06
2.1523997e-06
2.3359144e-06
2.0069881e-06
2.0077473e-06
2.0085175e-06
2.0093018e-06
2.0101051e-06
2.0109481e-06
2.0117744e-06
2.0129239e-06
2.0130908e-06
2.0159981e-06
1.3054399e-06
1.2175199e-06
1.5086539e-06
1.8870782e-06
2.189978e-06
2.4141887e-06
1.9997956e-06
1.9998163e-06
1.9999142e-06
2.0001363e-06
2.0004719e-06
2.0009021e-06
2.0014086e-06
2.0019756e-06
2.0025899e-06
2.0032403e-06
2.0039177e-06
2.0046146e-06
2.0053257e-06
2.0060469e-06
2.0067763e-06
2.007513e-06
2.0082585e-06
2.0090158e-06
2.0097884e-06
2.0105976e-06
2.0113819e-06
2.0124839e-06
2.0125576e-06
2.0154708e-06
1.3906398e-06
1.1862762e-06
1.4458407e-06
1.8445288e-06
2.1950151e-06
2.4650359e-06
1.9997827e-06
1.9998007e-06
1.99989e-06
2.0000977e-06
2.0004168e-06
2.0008299e-06
2.0013191e-06
2.0018687e-06
2.0024651e-06
2.0030971e-06
2.0037553e-06
2.0044321e-06
2.0051219e-06
2.0058205e-06
2.0065257e-06
2.0072365e-06
2.0079539e-06
2.0086807e-06
2.009419e-06
2.0101908e-06
2.0109299e-06
2.0119828e-06
2.0118959e-06
2.0147645e-06
1.4742401e-06
1.170174e-06
1.3736213e-06
1.7679251e-06
2.1609458e-06
2.4805521e-06
1.9997683e-06
1.9997834e-06
1.9998637e-06
2.0000554e-06
2.0003555e-06
2.0007485e-06
2.001217e-06
2.0017455e-06
2.0023204e-06
2.0029302e-06
2.0035653e-06
2.0042182e-06
2.0048829e-06
2.0055551e-06
2.0062323e-06
2.0069134e-06
2.0075989e-06
2.0082915e-06
2.0089919e-06
2.0097227e-06
2.0104134e-06
2.0114148e-06
2.0111096e-06
2.0138742e-06
1.5534049e-06
1.2004584e-06
1.3058086e-06
1.6600661e-06
2.0826319e-06
2.4523301e-06
1.9997521e-06
1.9997641e-06
1.9998353e-06
2.0000094e-06
2.000288e-06
2.0006576e-06
2.0011018e-06
2.0016053e-06
2.0021545e-06
2.0027378e-06
2.0033457e-06
2.0039704e-06
2.0046057e-06
2.0052474e-06
2.0058926e-06
2.00654e-06
2.0071897e-06
2.0078443e-06
2.0085032e-06
2.0091892e-06
2.0098287e-06
2.010772e-06
2.0102369e-06
2.0128269e-06
1.6263966e-06
1.2673589e-06
1.2555015e-06
1.5320784e-06
1.9589806e-06
2.3725395e-06
1.9997339e-06
1.9997429e-06
1.9998047e-06
1.99996e-06
2.0002146e-06
2.0005575e-06
2.0009735e-06
2.0014478e-06
2.0019668e-06
2.0025192e-06
2.0030952e-06
2.003687e-06
2.0042886e-06
2.0048953e-06
2.0055041e-06
2.0061137e-06
2.0067237e-06
2.0073364e-06
2.0079502e-06
2.0085875e-06
2.0091739e-06
2.0100449e-06
2.0095086e-06
2.0116577e-06
1.6918882e-06
1.3564404e-06
1.2290724e-06
1.4108745e-06
1.7972038e-06
2.2362404e-06
1.9997136e-06
1.9997199e-06
1.999772e-06
1.9999076e-06
2.000136e-06
2.0004489e-06
2.0008328e-06
2.0012734e-06
2.0017576e-06
2.0022743e-06
2.0028137e-06
2.0033679e-06
2.003931e-06
2.0044981e-06
2.0050663e-06
2.0056338e-06
2.0062001e-06
2.0067672e-06
2.0073325e-06
2.0079176e-06
2.0084492e-06
2.009232e-06
2.0088418e-06
2.0103589e-06
1.7491524e-06
1.4495394e-06
1.263556e-06
1.3251653e-06
1.6155622e-06
2.0459981e-06
1.9996908e-06
1.9996947e-06
1.9997373e-06
1.9998528e-06
2.0000531e-06
2.0003332e-06
2.0006811e-06
2.0010837e-06
2.0015286e-06
2.0020047e-06
2.0025026e-06
2.0030145e-06
2.0035344e-06
2.0040575e-06
2.0045807e-06
2.0051022e-06
2.0056209e-06
2.0061389e-06
2.0066525e-06
2.0071821e-06
2.0076576e-06
2.0083419e-06
2.0080656e-06
2.0088655e-06
1.7980151e-06
1.5387198e-06
1.3389722e-06
1.2841733e-06
1.4537315e-06
1.8200288e-06
1.9996655e-06
1.9996673e-06
1.9997006e-06
1.9997961e-06
1.9999673e-06
2.0002121e-06
2.0005208e-06
2.0008815e-06
2.0012826e-06
2.0017136e-06
2.0021655e-06
2.0026305e-06
2.0031028e-06
2.0035777e-06
2.0040519e-06
2.0045236e-06
2.0049915e-06
2.0054572e-06
2.0059162e-06
2.0063875e-06
2.0068058e-06
2.0073849e-06
2.007117e-06
2.0070871e-06
1.8386628e-06
1.6198366e-06
1.430707e-06
1.3140907e-06
1.3588339e-06
1.5966202e-06
1.9996373e-06
1.9996375e-06
1.999662e-06
1.9997382e-06
1.99988e-06
2.0000881e-06
2.000355e-06
2.0006706e-06
2.0010243e-06
2.0014063e-06
2.001808e-06
2.0022222e-06
2.002643e-06
2.0030659e-06
2.0034878e-06
2.0039066e-06
2.0043207e-06
2.0047317e-06
2.0051336e-06
2.0055444e-06
2.0059043e-06
2.0063682e-06
2.0059237e-06
2.0050069e-06
1.8716423e-06
1.6908742e-06
1.5228388e-06
1.3904136e-06
1.3387651e-06
1.4379507e-06
1.9996059e-06
1.9996049e-06
1.9996213e-06
1.9996797e-06
1.999793e-06
1.999964e-06
2.0001878e-06
2.0004562e-06
2.0007598e-06
2.0010898e-06
2.0014383e-06
2.0017985e-06
2.0021648e-06
2.002533e-06
2.0028998e-06
2.0032634e-06
2.0036216e-06
2.0039761e-06
2.004319e-06
2.004668e-06
2.0049671e-06
2.0052734e-06
2.0049611e-06
2.0027646e-06
1.897867e-06
1.7511378e-06
1.6075203e-06
1.4818407e-06
1.3902626e-06
1.3809456e-06
1.9995711e-06
1.9995693e-06
1.9995783e-06
1.999621e-06
1.9997076e-06
1.9998427e-06
2.0000236e-06
2.000244e-06
2.0004964e-06
2.0007728e-06
2.0010663e-06
2.0013706e-06
2.0016807e-06
2.0019924e-06
2.0023027e-06
2.0026097e-06
2.0029108e-06
2.0032079e-06
2.0034897e-06
2.0037776e-06
2.0040047e-06
2.004097e-06
2.0043536e-06
2.0014116e-06
1.9185348e-06
1.8009631e-06
1.6816251e-06
1.5709791e-06
1.4752569e-06
1.4118638e-06
1.9995326e-06
1.9995303e-06
1.9995338e-06
1.9995624e-06
1.9996251e-06
1.9997268e-06
1.9998666e-06
2.0000402e-06
2.0002419e-06
2.000465e-06
2.0007034e-06
2.0009516e-06
2.001205e-06
2.00146e-06
2.0017136e-06
2.0019639e-06
2.0022076e-06
2.002447e-06
2.0026652e-06
2.0028947e-06
2.0030074e-06
2.0029011e-06
2.0035256e-06
2.0003485e-06
1.9348005e-06
1.841523e-06
1.7443303e-06
1.6508065e-06
1.5641401e-06
1.4896398e-06
1.9994902e-06
1.9994877e-06
1.9994873e-06
1.9995035e-06
1.9995458e-06
1.9996179e-06
1.9997201e-06
1.9998501e-06
2.0000036e-06
2.0001755e-06
2.0003607e-06
2.0005543e-06
2.0007526e-06
2.0009521e-06
2.00115e-06
2.0013446e-06
2.0015311e-06
2.001713e-06
2.001863e-06
2.0020343e-06
2.0019267e-06
2.0017547e-06
2.0024969e-06
1.9993034e-06
1.9474707e-06
1.8739e-06
1.7960164e-06
1.7190838e-06
1.6451436e-06
1.5760684e-06
1.9994437e-06
1.9994411e-06
1.9994383e-06
1.9994444e-06
1.9994695e-06
1.9995169e-06
1.9995863e-06
1.9996774e-06
1.9997874e-06
1.9999121e-06
2.0000476e-06
2.0001901e-06
2.0003361e-06
2.0004828e-06
2.0006273e-06
2.000768e-06
2.0008971e-06
2.00102e-06
2.0010923e-06
2.001172e-06
2.0009577e-06
2.0006973e-06
2.0013836e-06
1.9982246e-06
1.9572036e-06
1.8994145e-06
1.8376136e-06
1.7755998e-06
1.7145997e-06
1.6554945e-06
1.9993929e-06
1.9993903e-06
1.9993862e-06
1.9993857e-06
1.9993956e-06
1.9994229e-06
1.9994649e-06
1.9995233e-06
1.9995958e-06
1.999679e-06
1.99977e-06
1.9998659e-06
1.9999638e-06
2.0000612e-06
2.000155e-06
2.0002429e-06
2.0003111e-06
2.0003686e-06
2.0003324e-06
2.0002709e-06
2.000063e-06
1.9996632e-06
2.0002257e-06
1.9971312e-06
1.9646022e-06
1.9192804e-06
1.8706762e-06
1.821338e-06
1.7720857e-06
1.7233978e-06
1.9993377e-06
1.9993352e-06
1.9993305e-06
1.9993261e-06
1.9993262e-06
1.9993356e-06
1.9993539e-06
1.9993866e-06
1.9994281e-06
1.9994758e-06
1.9995279e-06
1.9995822e-06
1.9996364e-06
1.9996879e-06
1.9997327e-06
1.9997654e-06
1.9997589e-06
1.9997361e-06
1.999667e-06
1.9995382e-06
1.9993352e-06
1.9986973e-06
1.9990863e-06
1.9960732e-06
1.9702014e-06
1.9346958e-06
1.8965123e-06
1.8576376e-06
1.8184819e-06
1.7792925e-06
1.9992783e-06
1.9992758e-06
1.9992709e-06
1.9992646e-06
1.999259e-06
1.999257e-06
1.9992591e-06
1.9992677e-06
1.9992813e-06
1.999298e-06
1.9993158e-06
1.999333e-06
1.9993473e-06
1.9993564e-06
1.999357e-06
1.999346e-06
1.9993116e-06
1.9992501e-06
1.9991482e-06
1.9989776e-06
1.9987493e-06
1.9980866e-06
1.9981362e-06
1.9951636e-06
1.9744626e-06
1.946615e-06
1.9167829e-06
1.8862621e-06
1.8553776e-06
1.8242612e-06
1.9992149e-06
1.9992124e-06
1.9992074e-06
1.9992003e-06
1.9991918e-06
1.9991834e-06
1.9991757e-06
1.9991696e-06
1.9991649e-06
1.9991604e-06
1.9991548e-06
1.9991464e-06
1.9991336e-06
1.9991139e-06
1.9990848e-06
1.9990428e-06
1.9989818e-06
1.9988938e-06
1.9987672e-06
1.9985728e-06
1.9983033e-06
1.9977133e-06
1.9972041e-06
1.9943204e-06
1.9777129e-06
1.955891e-06
1.9325014e-06
1.9086322e-06
1.8844197e-06
1.8599263e-06
1.999148e-06
1.9991456e-06
1.9991406e-06
1.9991331e-06
1.9991233e-06
1.9991118e-06
1.9990989e-06
1.9990849e-06
1.9990695e-06
1.9990523e-06
1.9990322e-06
1.999008e-06
1.9989781e-06
1.9989407e-06
1.998893e-06
1.9988319e-06
1.9987521e-06
1.998646e-06
1.9985013e-06
1.9982927e-06
1.9979917e-06
1.9974518e-06
1.9966192e-06
1.9938569e-06
1.9804772e-06
1.9632843e-06
1.9449978e-06
1.9262842e-06
1.9072883e-06
1.8880499e-06
1.9990785e-06
1.9990761e-06
1.9990711e-06
1.9990635e-06
1.9990532e-06
1.9990404e-06
1.9990251e-06
1.9990072e-06
1.9989865e-06
1.9989626e-06
1.9989346e-06
1.9989015e-06
1.9988621e-06
1.9988144e-06
1.9987562e-06
1.9986842e-06
1.9985934e-06
1.9984762e-06
1.9983207e-06
1.9981027e-06
1.9977885e-06
1.997248e-06
1.9963806e-06
1.9937398e-06
1.982903e-06
1.969275e-06
1.9548944e-06
1.9401991e-06
1.9252866e-06
1.9101811e-06
1.9990076e-06
1.9990052e-06
1.9990002e-06
1.9989926e-06
1.9989822e-06
1.9989689e-06
1.9989526e-06
1.9989332e-06
1.9989101e-06
1.9988831e-06
1.9988514e-06
1.998814e-06
1.9987697e-06
1.998717e-06
1.9986534e-06
1.9985758e-06
1.9984793e-06
1.9983564e-06
1.9981953e-06
1.9979725e-06
1.9976518e-06
1.9971162e-06
1.9962141e-06
1.9937513e-06
1.9849391e-06
1.974183e-06
1.9628804e-06
1.9513419e-06
1.9396311e-06
1.9277637e-06
1.9989373e-06
1.9989349e-06
1.9989299e-06
1.9989222e-06
1.9989118e-06
1.9988983e-06
1.9988817e-06
1.9988617e-06
1.9988378e-06
1.9988096e-06
1.9987763e-06
1.9987372e-06
1.9986909e-06
1.9986359e-06
1.9985699e-06
1.9984898e-06
1.9983909e-06
1.9982656e-06
1.9981021e-06
1.9978779e-06
1.997554e-06
1.9970299e-06
1.9960978e-06
1.993846e-06
1.9867284e-06
1.9782479e-06
1.9693957e-06
1.9603468e-06
1.9511639e-06
1.9418594e-06
1.9988702e-06
1.9988678e-06
1.9988628e-06
1.9988551e-06
1.9988446e-06
1.9988311e-06
1.9988144e-06
1.9987942e-06
1.99877e-06
1.9987414e-06
1.9987076e-06
1.9986678e-06
1.9986208e-06
1.998565e-06
1.9984982e-06
1.9984172e-06
1.9983174e-06
1.9981914e-06
1.9980274e-06
1.9978035e-06
1.9974806e-06
1.9969638e-06
1.996046e-06
1.9939212e-06
1.988166e-06
1.981482e-06
1.9745637e-06
1.9674925e-06
1.9603081e-06
1.9530249e-06
1.9456464e-06
1.9988099e-06
1.9988074e-06
1.9988024e-06
1.9987948e-06
1.9987842e-06
1.9987707e-06
1.9987539e-06
1.9987336e-06
1.9987094e-06
1.9986806e-06
1.9986467e-06
1.9986067e-06
1.9985595e-06
1.9985035e-06
1.9984365e-06
1.9983553e-06
1.9982555e-06
1.9981295e-06
1.997966e-06
1.9977433e-06
1.997424e-06
1.9969147e-06
1.9960366e-06
1.9940222e-06
1.9894783e-06
1.9842306e-06
1.9787861e-06
1.9732392e-06
1.9676142e-06
1.9619167e-06
1.9561467e-06
1.9987613e-06
1.9987588e-06
1.9987538e-06
1.9987461e-06
1.9987356e-06
1.998722e-06
1.9987052e-06
1.9986848e-06
1.9986605e-06
1.9986317e-06
1.9985977e-06
1.9985577e-06
1.9985105e-06
1.9984544e-06
1.9983874e-06
1.9983064e-06
1.9982067e-06
1.9980812e-06
1.9979186e-06
1.9976979e-06
1.997383e-06
1.9968853e-06
1.9960427e-06
1.9941885e-06
1.9905248e-06
1.9863992e-06
1.9821397e-06
1.9778214e-06
1.9734486e-06
1.9690195e-06
1.9645325e-06
1.9987309e-06
1.9987284e-06
1.9987235e-06
1.9987158e-06
1.9987052e-06
1.9986916e-06
1.9986747e-06
1.9986543e-06
1.9986299e-06
1.998601e-06
1.998567e-06
1.9985269e-06
1.9984796e-06
1.9984236e-06
1.9983567e-06
1.9982758e-06
1.9981764e-06
1.9980516e-06
1.9978902e-06
1.997672e-06
1.9973627e-06
1.9968794e-06
1.9960808e-06
1.9944076e-06
1.9915748e-06
1.988339e-06
1.9850031e-06
1.9816178e-06
1.9781922e-06
1.9747266e-06
1.97122e-06
)
;

boundaryField
{
    bottom
    {
        type            fixedValue;
        value           nonuniform List<scalar> 0();
    }
    back
    {
        type            empty;
    }
    front
    {
        type            empty;
    }
    inlet
    {
        type            zeroGradient;
    }
    outlet
    {
        type            zeroGradient;
    }
    top
    {
        type            zeroGradient;
    }
    slipsurface
    {
        type            slip;
    }
    procBoundary5to3
    {
        type            processor;
        value           nonuniform List<scalar> 
32
(
1.9987274e-06
1.998725e-06
1.9987201e-06
1.9987123e-06
1.9987017e-06
1.9986879e-06
1.9986708e-06
1.9986502e-06
1.9986256e-06
1.9985966e-06
1.9985624e-06
1.9985222e-06
1.9984749e-06
1.9984189e-06
1.998352e-06
1.9982713e-06
1.9981724e-06
1.9980483e-06
1.9978884e-06
1.9976735e-06
1.9973705e-06
1.996906e-06
1.9961481e-06
1.9946841e-06
1.9923591e-06
1.9898114e-06
1.9872041e-06
1.9845769e-06
1.9819285e-06
1.9792513e-06
1.9676706e-06
1.9765416e-06
)
;
    }
    procBoundary5to4
    {
        type            processor;
        value           nonuniform List<scalar> 
32
(
2.0073131e-06
2.0081081e-06
2.0089185e-06
2.0097474e-06
2.0106027e-06
2.0115029e-06
2.0124033e-06
2.0136413e-06
2.0138527e-06
2.0166868e-06
1.1667996e-06
1.2609379e-06
1.5773581e-06
1.8779585e-06
2.0889368e-06
2.2371773e-06
2.0063979e-06
1.9998071e-06
1.9998302e-06
1.9999362e-06
2.0001712e-06
2.0005209e-06
2.0009654e-06
2.0014862e-06
2.0020675e-06
2.0026964e-06
2.003362e-06
2.0040551e-06
2.0047688e-06
2.0054976e-06
2.006238e-06
2.006238e-06
)
;
    }
    procBoundary5to7
    {
        type            processor;
        value           nonuniform List<scalar> 
28
(
2.4757756e-06
2.5865311e-06
2.6751507e-06
2.7338688e-06
2.7537219e-06
2.7248681e-06
2.6375317e-06
2.484305e-06
2.2650018e-06
1.9956378e-06
1.721048e-06
1.50561e-06
1.4206085e-06
1.4414778e-06
1.5156777e-06
1.5994373e-06
1.6757287e-06
1.7402829e-06
1.7930054e-06
1.835194e-06
1.8685842e-06
1.8948878e-06
1.9157427e-06
1.9324339e-06
1.9324339e-06
1.9381709e-06
1.9503022e-06
1.9599857e-06
)
;
    }
}


// ************************************************************************* //
