/*--------------------------------*- C++ -*----------------------------------*\
  =========                 |
  \\      /  F ield         | OpenFOAM: The Open Source CFD Toolbox
   \\    /   O peration     | Website:  https://openfoam.org
    \\  /    A nd           | Version:  12
     \\/     M anipulation  |
\*---------------------------------------------------------------------------*/
FoamFile
{
    format      ascii;
    class       volScalarField;
    location    "1900";
    object      nut;
}
// * * * * * * * * * * * * * * * * * * * * * * * * * * * * * * * * * * * * * //

dimensions      [0 2 -1 0 0 0 0];

internalField   nonuniform List<scalar> 
1780
(
1.6388778e-07
1.6371722e-07
1.6353944e-07
1.6335936e-07
1.6317459e-07
1.6298377e-07
1.6278793e-07
1.6258674e-07
1.6237995e-07
1.6216725e-07
1.6194828e-07
1.6172266e-07
1.6148997e-07
1.6124981e-07
1.6100197e-07
1.6074723e-07
1.6049125e-07
1.602631e-07
1.6020085e-07
1.6093699e-07
1.6521844e-07
1.831652e-07
2.3906938e-07
3.6587063e-07
5.9750742e-07
9.6712125e-07
1.4883874e-06
2.1431001e-06
2.891917e-06
3.6958566e-06
4.5228881e-06
5.3533804e-06
5.8381995e-06
6.2224164e-06
6.7108312e-06
7.366063e-06
8.1467403e-06
8.9924486e-06
9.8651603e-06
1.0738347e-05
1.159458e-05
1.6388941e-07
1.6372102e-07
1.6354581e-07
1.6337004e-07
1.6318843e-07
1.6300035e-07
1.628082e-07
1.626115e-07
1.6240996e-07
1.6220325e-07
1.6199107e-07
1.6177307e-07
1.6154889e-07
1.6131815e-07
1.6108052e-07
1.60836e-07
1.6058641e-07
1.603423e-07
1.6015583e-07
1.60272e-07
1.6180073e-07
1.6940636e-07
1.9838822e-07
2.7832194e-07
4.433314e-07
7.2786999e-07
1.1607467e-06
1.7443402e-06
2.449651e-06
3.2358429e-06
4.0647792e-06
4.9101158e-06
5.690858e-06
6.1085205e-06
6.512075e-06
7.0603047e-06
7.7704955e-06
8.5860622e-06
9.4571589e-06
1.034937e-05
1.1238233e-05
1.6389059e-07
1.6372387e-07
1.6355061e-07
1.6337841e-07
1.6319937e-07
1.6301398e-07
1.6282477e-07
1.6263144e-07
1.6243377e-07
1.6223153e-07
1.6202447e-07
1.618123e-07
1.6159473e-07
1.6137143e-07
1.6114206e-07
1.609064e-07
1.6066484e-07
1.6042097e-07
1.6019379e-07
1.6007527e-07
1.6049384e-07
1.6336178e-07
1.763001e-07
2.2065582e-07
3.2982e-07
5.3823366e-07
8.8015582e-07
1.377402e-06
2.0195761e-06
2.7710537e-06
3.5896558e-06
4.4419041e-06
5.3030567e-06
5.982952e-06
6.3789336e-06
6.828803e-06
7.4315124e-06
8.1864374e-06
9.034834e-06
9.9320798e-06
1.084444e-05
1.6389142e-07
1.6372597e-07
1.6355421e-07
1.6338566e-07
1.6320846e-07
1.6302525e-07
1.6283833e-07
1.6264755e-07
1.6245278e-07
1.6225387e-07
1.6205064e-07
1.6184288e-07
1.6163034e-07
1.6141277e-07
1.6118988e-07
1.609614e-07
1.6072725e-07
1.6048848e-07
1.602517e-07
1.6005034e-07
1.6004412e-07
1.6096993e-07
1.6605187e-07
1.8715364e-07
2.5188766e-07
3.953344e-07
6.5199595e-07
1.0549076e-06
1.6154387e-06
2.312402e-06
3.1048315e-06
3.9530924e-06
4.8257996e-06
5.7020148e-06
6.2745739e-06
6.6736271e-06
7.1602e-06
7.8157122e-06
8.613857e-06
9.4969186e-06
1.0419232e-05
1.6389192e-07
1.6372748e-07
1.635569e-07
1.6339368e-07
1.632173e-07
1.6303487e-07
1.6284928e-07
1.6266028e-07
1.6246766e-07
1.6227129e-07
1.6207098e-07
1.6186658e-07
1.6165789e-07
1.6144472e-07
1.6122683e-07
1.6100397e-07
1.6077597e-07
1.60543e-07
1.6030716e-07
1.6008018e-07
1.5991978e-07
1.6009902e-07
1.6186678e-07
1.7051718e-07
2.034434e-07
2.9326723e-07
4.7579768e-07
7.8575405e-07
1.2515445e-06
1.8734456e-06
2.6203533e-06
3.4501259e-06
4.3246782e-06
5.2164116e-06
6.1010042e-06
6.5615235e-06
6.9708289e-06
7.5054075e-06
8.2161789e-06
9.058735e-06
9.9719508e-06
1.6389219e-07
1.6372866e-07
1.6355911e-07
1.633913e-07
1.6322013e-07
1.6303987e-07
1.6285615e-07
1.6266902e-07
1.624784e-07
1.622842e-07
1.620863e-07
1.6188458e-07
1.6167892e-07
1.6146916e-07
1.6125514e-07
1.6103667e-07
1.6081355e-07
1.605857e-07
1.603537e-07
1.6012143e-07
1.5990908e-07
1.5981465e-07
1.6029911e-07
1.6344237e-07
1.7763575e-07
2.2654169e-07
3.4646059e-07
5.726971e-07
9.3991542e-07
1.4694121e-06
2.1492372e-06
2.9421308e-06
3.8053306e-06
4.703983e-06
5.6147106e-06
6.4081211e-06
6.8413864e-06
7.279033e-06
7.872306e-06
8.6375145e-06
9.5159943e-06
1.6389247e-07
1.6373064e-07
1.6356218e-07
1.633915e-07
1.6321922e-07
1.6304139e-07
1.6285971e-07
1.6267444e-07
1.6248565e-07
1.6229334e-07
1.6209745e-07
1.6189793e-07
1.6169469e-07
1.6148763e-07
1.6127663e-07
1.6106156e-07
1.6084226e-07
1.6061861e-07
1.6039067e-07
1.6015962e-07
1.5993226e-07
1.5974268e-07
1.5975504e-07
1.6073524e-07
1.660774e-07
1.8850631e-07
2.5825387e-07
4.1278185e-07
6.8716475e-07
1.1148486e-06
1.707014e-06
2.4413518e-06
3.2759646e-06
4.1696312e-06
5.0915598e-06
6.0176124e-06
6.7100797e-06
7.1295697e-06
7.6121114e-06
8.259556e-06
9.0698504e-06
1.6389277e-07
1.6374035e-07
1.6356912e-07
1.6339679e-07
1.6322225e-07
1.6304416e-07
1.6286298e-07
1.6267861e-07
1.6249097e-07
1.623e-07
1.6210562e-07
1.6190779e-07
1.6170644e-07
1.6150148e-07
1.6129284e-07
1.6108041e-07
1.6086408e-07
1.6064373e-07
1.604193e-07
1.6019107e-07
1.5996121e-07
1.5974118e-07
1.5958766e-07
1.5977161e-07
1.6154729e-07
1.703213e-07
2.0451802e-07
2.9949114e-07
4.9296796e-07
8.2007756e-07
1.3099605e-06
1.963116e-06
2.7479321e-06
3.6206801e-06
4.5431539e-06
5.4847936e-06
6.4278325e-06
7.0149303e-06
7.4391607e-06
7.9591245e-06
8.6587019e-06
1.6389305e-07
1.6373321e-07
1.6356654e-07
1.6339614e-07
1.6322366e-07
1.6304611e-07
1.6286554e-07
1.6268187e-07
1.6249507e-07
1.6230507e-07
1.6211181e-07
1.6191526e-07
1.6171533e-07
1.6151199e-07
1.6130515e-07
1.6109475e-07
1.608807e-07
1.606629e-07
1.6044128e-07
1.6021585e-07
1.5998723e-07
1.5975912e-07
1.595505e-07
1.5945416e-07
1.599114e-07
1.6294414e-07
1.7694907e-07
2.2671803e-07
3.5156845e-07
5.8821078e-07
9.7170586e-07
1.5246895e-06
2.2360146e-06
3.0675458e-06
3.975978e-06
4.9235889e-06
5.885529e-06
6.8250073e-06
7.3157213e-06
7.7519847e-06
8.3178566e-06
1.6389273e-07
1.6373051e-07
1.6356439e-07
1.6339485e-07
1.6322303e-07
1.6304676e-07
1.6286721e-07
1.626844e-07
1.624984e-07
1.6230922e-07
1.6211685e-07
1.6192127e-07
1.6172242e-07
1.6152028e-07
1.6131479e-07
1.6110591e-07
1.6089357e-07
1.6067771e-07
1.6045824e-07
1.6023514e-07
1.6000853e-07
1.5977953e-07
1.5955427e-07
1.5936359e-07
1.5935739e-07
1.6024484e-07
1.6523601e-07
1.8682284e-07
2.5680605e-07
4.1575141e-07
6.9948946e-07
1.1424435e-06
1.7578626e-06
2.5242475e-06
3.3995048e-06
4.3397196e-06
5.312017e-06
6.2938643e-06
7.1455156e-06
7.6113252e-06
8.0723912e-06
1.6389277e-07
1.6372995e-07
1.6356889e-07
1.6339839e-07
1.6322574e-07
1.6304942e-07
1.6287003e-07
1.6268758e-07
1.6250206e-07
1.6231341e-07
1.6212164e-07
1.6192671e-07
1.6172861e-07
1.6152731e-07
1.6132278e-07
1.6111499e-07
1.6090389e-07
1.6068944e-07
1.6047158e-07
1.6025026e-07
1.6002549e-07
1.5979755e-07
1.5956836e-07
1.5934782e-07
1.591853e-07
1.5931994e-07
1.6087762e-07
1.6883137e-07
2.012053e-07
2.9566756e-07
4.9253684e-07
8.2760583e-07
1.3318033e-06
2.0083152e-06
2.8268525e-06
3.7417496e-06
4.7123164e-06
5.7084858e-06
6.7074758e-06
7.4624778e-06
7.9119405e-06
1.6389326e-07
1.6373608e-07
1.6357143e-07
1.6340193e-07
1.6323017e-07
1.6305411e-07
1.6287481e-07
1.6269241e-07
1.6250693e-07
1.6231841e-07
1.6212684e-07
1.619322e-07
1.6173448e-07
1.6153368e-07
1.6132975e-07
1.6112268e-07
1.6091243e-07
1.6069897e-07
1.6048227e-07
1.6026227e-07
1.6003895e-07
1.5981236e-07
1.5958305e-07
1.593541e-07
1.5914127e-07
1.590226e-07
1.5937502e-07
1.6195691e-07
1.7435967e-07
2.2108062e-07
3.4402272e-07
5.8277941e-07
9.7264599e-07
1.5392792e-06
2.2750652e-06
3.1418528e-06
4.0941222e-06
5.0936745e-06
6.1110065e-06
7.1287299e-06
7.7851563e-06
1.6389311e-07
1.637612e-07
1.6358813e-07
1.6341394e-07
1.6324193e-07
1.630635e-07
1.6288246e-07
1.6269893e-07
1.6251275e-07
1.6232383e-07
1.6213207e-07
1.6193742e-07
1.6173984e-07
1.6153928e-07
1.6133571e-07
1.6112911e-07
1.6091945e-07
1.607067e-07
1.6049083e-07
1.602718e-07
1.6004958e-07
1.5982417e-07
1.5959569e-07
1.5936507e-07
1.5913716e-07
1.5893668e-07
1.5888553e-07
1.5956965e-07
1.6371093e-07
1.8250995e-07
2.4749926e-07
4.0329086e-07
6.8733721e-07
1.1350659e-06
1.7642779e-06
2.5563669e-06
3.4686467e-06
4.4563103e-06
5.4820254e-06
6.5212271e-06
7.5586992e-06
1.638903e-07
1.6373604e-07
1.6357635e-07
1.6341007e-07
1.6323848e-07
1.6306216e-07
1.6288264e-07
1.627001e-07
1.625146e-07
1.6232617e-07
1.6213481e-07
1.6194052e-07
1.6174329e-07
1.6154311e-07
1.6133995e-07
1.6113382e-07
1.6092467e-07
1.6071251e-07
1.6049731e-07
1.6027905e-07
1.6005771e-07
1.5983326e-07
1.5960574e-07
1.5937538e-07
1.5914364e-07
1.5891809e-07
1.5873698e-07
1.5878819e-07
1.5997586e-07
1.6642501e-07
1.9414546e-07
2.8180709e-07
4.7384706e-07
8.0697006e-07
1.3148149e-06
2.0055166e-06
2.8513584e-06
3.8066599e-06
4.8266687e-06
5.8783876e-06
6.9401066e-06
1.6388856e-07
1.6372927e-07
1.6356772e-07
1.6340168e-07
1.6323092e-07
1.6305629e-07
1.6287823e-07
1.626969e-07
1.6251241e-07
1.6232484e-07
1.6213424e-07
1.6194063e-07
1.6174403e-07
1.6154443e-07
1.6134185e-07
1.6113628e-07
1.6092772e-07
1.6071616e-07
1.6050161e-07
1.6028404e-07
1.6006345e-07
1.5983984e-07
1.5961318e-07
1.5938356e-07
1.5915137e-07
1.5891887e-07
1.586977e-07
1.5854621e-07
1.5875186e-07
1.6068746e-07
1.7049982e-07
2.1035942e-07
3.2438419e-07
5.5621714e-07
9.4197456e-07
1.5112512e-06
2.2621532e-06
3.1592416e-06
4.154302e-06
5.2056639e-06
6.2835443e-06
1.6388695e-07
1.6372516e-07
1.6356118e-07
1.6339347e-07
1.6322255e-07
1.6304851e-07
1.6287134e-07
1.6269098e-07
1.6250747e-07
1.6232081e-07
1.6213106e-07
1.6193822e-07
1.6174234e-07
1.6154342e-07
1.6134149e-07
1.6113655e-07
1.6092861e-07
1.6071767e-07
1.6050375e-07
1.6028685e-07
1.6006696e-07
1.5984408e-07
1.5961821e-07
1.5938936e-07
1.5915766e-07
1.5892374e-07
1.5869104e-07
1.5847715e-07
1.5837045e-07
1.5880456e-07
1.6184047e-07
1.7649732e-07
2.3187994e-07
3.7621873e-07
6.5111984e-07
1.0924567e-06
1.72396e-06
2.5333501e-06
3.4784779e-06
4.5115647e-06
5.5938486e-06
1.6388686e-07
1.6372594e-07
1.6356111e-07
1.6339185e-07
1.6321977e-07
1.6304496e-07
1.6286732e-07
1.6268678e-07
1.6250331e-07
1.6231687e-07
1.6212744e-07
1.6193501e-07
1.6173959e-07
1.6154116e-07
1.6133973e-07
1.6113531e-07
1.6092791e-07
1.6071752e-07
1.6050417e-07
1.6028785e-07
1.6006857e-07
1.5984633e-07
1.5962115e-07
1.5939302e-07
1.5916197e-07
1.589282e-07
1.5869269e-07
1.5846057e-07
1.5825822e-07
1.5821771e-07
1.5898656e-07
1.6363041e-07
1.8498959e-07
2.5972837e-07
4.3809265e-07
7.5917948e-07
1.2587013e-06
1.9523604e-06
2.8177184e-06
3.8086754e-06
4.8787188e-06
1.6388537e-07
1.6372634e-07
1.635616e-07
1.6339222e-07
1.6321961e-07
1.6304421e-07
1.6286603e-07
1.6268505e-07
1.6250123e-07
1.6231456e-07
1.6212502e-07
1.6193257e-07
1.6173722e-07
1.6153895e-07
1.6133774e-07
1.6113359e-07
1.6092651e-07
1.6071649e-07
1.6050354e-07
1.6028766e-07
1.6006885e-07
1.5984713e-07
1.5962249e-07
1.5939495e-07
1.5916452e-07
1.5893125e-07
1.5869542e-07
1.5845849e-07
1.5822809e-07
1.5804322e-07
1.5809931e-07
1.5935652e-07
1.6628781e-07
1.9674135e-07
2.9486111e-07
5.1031359e-07
8.8098214e-07
1.440509e-06
2.1953894e-06
3.1146149e-06
4.1497936e-06
1.6388723e-07
1.6372731e-07
1.635622e-07
1.6339271e-07
1.6321995e-07
1.630443e-07
1.6286583e-07
1.6268454e-07
1.6250044e-07
1.6231351e-07
1.6212375e-07
1.6193114e-07
1.6173568e-07
1.6153735e-07
1.6133615e-07
1.6113207e-07
1.6092511e-07
1.6071527e-07
1.6050253e-07
1.6028692e-07
1.6006842e-07
1.5984705e-07
1.5962281e-07
1.5939571e-07
1.5916576e-07
1.5893297e-07
1.5869743e-07
1.5845955e-07
1.5822147e-07
1.5799436e-07
1.5783534e-07
1.5803158e-07
1.5998446e-07
1.7013665e-07
2.1261283e-07
3.3755507e-07
5.9326213e-07
1.0165436e-06
1.6373025e-06
2.4523717e-06
3.4237277e-06
4.5002078e-06
1.6388518e-07
1.6372557e-07
1.6356038e-07
1.6339117e-07
1.6321872e-07
1.6304331e-07
1.6286499e-07
1.6268377e-07
1.6249968e-07
1.6231271e-07
1.6212288e-07
1.6193019e-07
1.6173465e-07
1.6153625e-07
1.61335e-07
1.6113091e-07
1.6092396e-07
1.6071416e-07
1.6050152e-07
1.6028604e-07
1.6006773e-07
1.5984657e-07
1.5962259e-07
1.5939578e-07
1.5916617e-07
1.5893376e-07
1.5869857e-07
1.5846073e-07
1.5822083e-07
1.5798198e-07
1.5776036e-07
1.5763898e-07
1.5803403e-07
1.6097282e-07
1.7561034e-07
2.3324338e-07
3.8856983e-07
6.87394e-07
1.1659435e-06
1.8487486e-06
2.7228958e-06
3.7435965e-06
1.638863e-07
1.6372552e-07
1.6355982e-07
1.6339032e-07
1.6321776e-07
1.6304232e-07
1.6286401e-07
1.6268283e-07
1.6249877e-07
1.6231183e-07
1.6212202e-07
1.6192933e-07
1.6173378e-07
1.6153537e-07
1.613341e-07
1.6112999e-07
1.6092304e-07
1.6071325e-07
1.6050064e-07
1.6028521e-07
1.6006698e-07
1.5984594e-07
1.5962212e-07
1.5939551e-07
1.5916612e-07
1.5893397e-07
1.5869907e-07
1.5846146e-07
1.5822131e-07
1.5797947e-07
1.5774039e-07
1.5752734e-07
1.5745945e-07
1.5813483e-07
1.6246198e-07
1.8316548e-07
2.5939743e-07
4.4862484e-07
7.9323619e-07
1.3294487e-06
2.0746063e-06
3.0056982e-06
1.6388378e-07
1.6372282e-07
1.6355755e-07
1.633884e-07
1.6321608e-07
1.6304083e-07
1.6286266e-07
1.6268159e-07
1.6249763e-07
1.6231078e-07
1.6212103e-07
1.6192841e-07
1.617329e-07
1.6153453e-07
1.6133329e-07
1.611292e-07
1.6092226e-07
1.6071249e-07
1.6049991e-07
1.6028451e-07
1.6006632e-07
1.5984535e-07
1.596216e-07
1.593951e-07
1.5916586e-07
1.5893388e-07
1.5869919e-07
1.584618e-07
1.5822176e-07
1.5797931e-07
1.5773565e-07
1.5749711e-07
1.5729674e-07
1.5730407e-07
1.5837253e-07
1.6461657e-07
1.9336108e-07
2.9198905e-07
5.1789982e-07
9.1127776e-07
1.5071146e-06
2.3139034e-06
1.6388588e-07
1.6372363e-07
1.6355758e-07
1.6338797e-07
1.6321541e-07
1.6304002e-07
1.6286178e-07
1.6268068e-07
1.6249671e-07
1.6230988e-07
1.6212016e-07
1.6192757e-07
1.6173211e-07
1.6153377e-07
1.6133257e-07
1.6112852e-07
1.6092162e-07
1.6071188e-07
1.6049933e-07
1.6028396e-07
1.6006581e-07
1.5984488e-07
1.5962118e-07
1.5939475e-07
1.5916558e-07
1.5893371e-07
1.5869915e-07
1.5846191e-07
1.5822203e-07
1.5797957e-07
1.5773485e-07
1.5748956e-07
1.5725259e-07
1.5707047e-07
1.5718278e-07
1.5879438e-07
1.6765339e-07
2.0689176e-07
3.3127387e-07
5.9665865e-07
1.0417311e-06
1.6983114e-06
1.6388329e-07
1.637218e-07
1.6355614e-07
1.6338675e-07
1.6321434e-07
1.6303906e-07
1.628609e-07
1.6267985e-07
1.6249594e-07
1.6230914e-07
1.6211946e-07
1.6192691e-07
1.6173148e-07
1.6153318e-07
1.6133202e-07
1.6112801e-07
1.6092115e-07
1.6071145e-07
1.6049893e-07
1.6028361e-07
1.6006549e-07
1.598446e-07
1.5962095e-07
1.5939456e-07
1.5916545e-07
1.5893365e-07
1.5869916e-07
1.5846202e-07
1.5822224e-07
1.5797987e-07
1.5773499e-07
1.5748805e-07
1.5724139e-07
1.5700739e-07
1.5685105e-07
1.5710772e-07
1.5946075e-07
1.7186096e-07
2.2431842e-07
3.774309e-07
6.8511665e-07
1.1842824e-06
1.6388514e-07
1.6372273e-07
1.6355654e-07
1.6338683e-07
1.6321421e-07
1.6303879e-07
1.6286054e-07
1.6267945e-07
1.624955e-07
1.623087e-07
1.6211903e-07
1.6192649e-07
1.6173108e-07
1.6153281e-07
1.6133168e-07
1.611277e-07
1.6092088e-07
1.6071122e-07
1.6049874e-07
1.6028346e-07
1.6006538e-07
1.5984453e-07
1.5962093e-07
1.5939458e-07
1.5916553e-07
1.5893377e-07
1.5869935e-07
1.5846227e-07
1.5822258e-07
1.5798028e-07
1.5773543e-07
1.5748815e-07
1.5723906e-07
1.5699136e-07
1.5676216e-07
1.5664151e-07
1.5709425e-07
1.6045633e-07
1.7755231e-07
2.4606978e-07
4.3151173e-07
7.8371388e-07
1.638825e-07
1.6372084e-07
1.6355511e-07
1.633857e-07
1.632133e-07
1.6303804e-07
1.628599e-07
1.6267888e-07
1.62495e-07
1.6230825e-07
1.6211863e-07
1.6192613e-07
1.6173077e-07
1.6153255e-07
1.6133146e-07
1.6112753e-07
1.6092075e-07
1.6071114e-07
1.6049871e-07
1.6028348e-07
1.6006545e-07
1.5984465e-07
1.596211e-07
1.5939481e-07
1.591658e-07
1.5893411e-07
1.5869974e-07
1.5846273e-07
1.582231e-07
1.5798087e-07
1.5773609e-07
1.5748879e-07
1.5723915e-07
1.5698799e-07
1.567397e-07
1.5651771e-07
1.5644557e-07
1.5716359e-07
1.6187934e-07
1.8508121e-07
2.7309032e-07
4.9367986e-07
1.6388439e-07
1.637218e-07
1.6355554e-07
1.6338584e-07
1.6321326e-07
1.6303788e-07
1.6285967e-07
1.6267862e-07
1.6249472e-07
1.6230797e-07
1.6211835e-07
1.6192588e-07
1.6173055e-07
1.6153236e-07
1.6133131e-07
1.6112742e-07
1.6092069e-07
1.6071114e-07
1.6049876e-07
1.6028359e-07
1.6006562e-07
1.5984488e-07
1.5962139e-07
1.5939516e-07
1.5916622e-07
1.5893459e-07
1.5870029e-07
1.5846335e-07
1.5822379e-07
1.5798164e-07
1.5773693e-07
1.5748969e-07
1.5723998e-07
1.5698803e-07
1.5673495e-07
1.5648665e-07
1.5627495e-07
1.5626828e-07
1.5734075e-07
1.6384804e-07
1.9496552e-07
3.057882e-07
1.6388175e-07
1.6372007e-07
1.6355417e-07
1.6338475e-07
1.6321237e-07
1.6303714e-07
1.6285905e-07
1.6267808e-07
1.6249426e-07
1.6230757e-07
1.6211801e-07
1.6192558e-07
1.617303e-07
1.6153215e-07
1.6133116e-07
1.6112732e-07
1.6092064e-07
1.6071114e-07
1.6049882e-07
1.6028371e-07
1.600658e-07
1.5984513e-07
1.5962171e-07
1.5939556e-07
1.5916669e-07
1.5893514e-07
1.5870092e-07
1.5846405e-07
1.5822458e-07
1.5798251e-07
1.5773789e-07
1.5749073e-07
1.5724108e-07
1.5698902e-07
1.5673482e-07
1.5647997e-07
1.5623242e-07
1.5603503e-07
1.561155e-07
1.5765627e-07
1.6653544e-07
2.0765431e-07
1.6388372e-07
1.6372072e-07
1.635545e-07
1.6338484e-07
1.6321231e-07
1.6303698e-07
1.6285882e-07
1.6267783e-07
1.6249399e-07
1.623073e-07
1.6211776e-07
1.6192535e-07
1.6173009e-07
1.6153198e-07
1.6133102e-07
1.6112722e-07
1.6092059e-07
1.6071113e-07
1.6049887e-07
1.6028381e-07
1.6006597e-07
1.5984536e-07
1.5962201e-07
1.5939592e-07
1.5916713e-07
1.5893566e-07
1.5870152e-07
1.5846475e-07
1.5822536e-07
1.5798339e-07
1.5773886e-07
1.5749181e-07
1.5724225e-07
1.5699025e-07
1.5673587e-07
1.5647951e-07
1.5622311e-07
1.5597724e-07
1.5579924e-07
1.5599436e-07
1.5815409e-07
1.7012593e-07
1.9049858e-07
1.8400652e-07
1.7944726e-07
1.7613185e-07
1.7364537e-07
1.7173339e-07
1.7023378e-07
1.6903908e-07
1.680754e-07
1.672903e-07
1.6664552e-07
1.6611253e-07
1.6566957e-07
1.6529984e-07
1.6499016e-07
1.6473012e-07
1.6451158e-07
1.6432853e-07
1.6417966e-07
1.6405411e-07
1.9049858e-07
1.8400652e-07
1.7944726e-07
1.7613185e-07
1.7364537e-07
1.7173338e-07
1.7023378e-07
1.6903908e-07
1.680754e-07
1.672903e-07
1.6664552e-07
1.6611253e-07
1.6566957e-07
1.6529984e-07
1.6499016e-07
1.6473012e-07
1.6451159e-07
1.6432851e-07
1.641796e-07
1.640538e-07
1.9049858e-07
1.8400652e-07
1.7944726e-07
1.7613185e-07
1.7364537e-07
1.7173338e-07
1.7023377e-07
1.6903908e-07
1.680754e-07
1.672903e-07
1.6664552e-07
1.6611253e-07
1.6566957e-07
1.6529984e-07
1.6499016e-07
1.6473012e-07
1.645116e-07
1.6432849e-07
1.6417952e-07
1.6405348e-07
1.9049858e-07
1.8400651e-07
1.7944726e-07
1.7613185e-07
1.7364537e-07
1.7173338e-07
1.7023377e-07
1.6903907e-07
1.680754e-07
1.672903e-07
1.6664552e-07
1.6611253e-07
1.6566957e-07
1.6529984e-07
1.6499016e-07
1.6473012e-07
1.6451161e-07
1.6432847e-07
1.6417943e-07
1.6405316e-07
1.9049858e-07
1.8400651e-07
1.7944726e-07
1.7613185e-07
1.7364537e-07
1.7173338e-07
1.7023377e-07
1.6903907e-07
1.6807539e-07
1.6729029e-07
1.6664552e-07
1.6611253e-07
1.6566957e-07
1.6529984e-07
1.6499016e-07
1.6473012e-07
1.6451162e-07
1.6432845e-07
1.6417934e-07
1.6405284e-07
1.9049858e-07
1.8400651e-07
1.7944726e-07
1.7613185e-07
1.7364537e-07
1.7173338e-07
1.7023377e-07
1.6903907e-07
1.6807539e-07
1.6729029e-07
1.6664552e-07
1.6611252e-07
1.6566957e-07
1.6529984e-07
1.6499016e-07
1.6473012e-07
1.6451162e-07
1.6432842e-07
1.6417923e-07
1.6405249e-07
1.9049858e-07
1.8400651e-07
1.7944726e-07
1.7613184e-07
1.7364537e-07
1.7173338e-07
1.7023377e-07
1.6903907e-07
1.6807539e-07
1.6729029e-07
1.6664552e-07
1.6611252e-07
1.6566957e-07
1.6529984e-07
1.6499016e-07
1.6473012e-07
1.6451161e-07
1.6432838e-07
1.6417911e-07
1.6405215e-07
1.9049858e-07
1.8400651e-07
1.7944726e-07
1.7613184e-07
1.7364537e-07
1.7173338e-07
1.7023377e-07
1.6903907e-07
1.6807539e-07
1.6729029e-07
1.6664552e-07
1.6611252e-07
1.6566957e-07
1.6529984e-07
1.6499016e-07
1.6473012e-07
1.645116e-07
1.6432835e-07
1.6417895e-07
1.640518e-07
1.9049858e-07
1.8400651e-07
1.7944726e-07
1.7613184e-07
1.7364537e-07
1.7173338e-07
1.7023376e-07
1.6903906e-07
1.6807539e-07
1.6729029e-07
1.6664551e-07
1.6611252e-07
1.6566957e-07
1.6529984e-07
1.6499016e-07
1.6473012e-07
1.6451159e-07
1.6432832e-07
1.6417876e-07
1.6405148e-07
1.9049858e-07
1.8400651e-07
1.7944726e-07
1.7613184e-07
1.7364537e-07
1.7173337e-07
1.7023376e-07
1.6903906e-07
1.6807538e-07
1.6729028e-07
1.6664551e-07
1.6611252e-07
1.6566957e-07
1.6529984e-07
1.6499016e-07
1.6473011e-07
1.6451159e-07
1.6432827e-07
1.6417865e-07
1.6405122e-07
1.9049858e-07
1.8400651e-07
1.7944726e-07
1.7613184e-07
1.7364537e-07
1.7173337e-07
1.7023376e-07
1.6903906e-07
1.6807538e-07
1.6729028e-07
1.6664551e-07
1.6611252e-07
1.6566956e-07
1.6529984e-07
1.6499016e-07
1.6473011e-07
1.6451158e-07
1.6432822e-07
1.6417837e-07
1.6405085e-07
1.9049858e-07
1.8400651e-07
1.7944726e-07
1.7613184e-07
1.7364536e-07
1.7173337e-07
1.7023376e-07
1.6903906e-07
1.6807538e-07
1.6729028e-07
1.6664551e-07
1.6611251e-07
1.6566956e-07
1.6529984e-07
1.6499016e-07
1.6473011e-07
1.6451157e-07
1.6432818e-07
1.6417793e-07
1.6405027e-07
1.9049858e-07
1.8400651e-07
1.7944726e-07
1.7613184e-07
1.7364536e-07
1.7173337e-07
1.7023376e-07
1.6903906e-07
1.6807538e-07
1.6729028e-07
1.666455e-07
1.6611251e-07
1.6566956e-07
1.6529984e-07
1.6499016e-07
1.6473011e-07
1.6451156e-07
1.6432813e-07
1.6417754e-07
1.6404955e-07
1.9049858e-07
1.8400651e-07
1.7944726e-07
1.7613184e-07
1.7364536e-07
1.7173337e-07
1.7023376e-07
1.6903905e-07
1.6807537e-07
1.6729027e-07
1.666455e-07
1.6611251e-07
1.6566956e-07
1.6529983e-07
1.6499016e-07
1.647301e-07
1.6451154e-07
1.6432813e-07
1.6417697e-07
1.6404866e-07
1.9049858e-07
1.8400651e-07
1.7944726e-07
1.7613184e-07
1.7364536e-07
1.7173337e-07
1.7023375e-07
1.6903905e-07
1.6807537e-07
1.6729027e-07
1.666455e-07
1.6611251e-07
1.6566955e-07
1.6529983e-07
1.6499015e-07
1.647301e-07
1.6451149e-07
1.6432836e-07
1.6417511e-07
1.6404689e-07
1.9049858e-07
1.8400651e-07
1.7944726e-07
1.7613184e-07
1.7364536e-07
1.7173337e-07
1.7023375e-07
1.6903905e-07
1.6807537e-07
1.6729027e-07
1.666455e-07
1.661125e-07
1.6566955e-07
1.6529983e-07
1.6499015e-07
1.6473011e-07
1.6451143e-07
1.6432887e-07
1.6417339e-07
1.6404517e-07
1.9049858e-07
1.8400651e-07
1.7944726e-07
1.7613184e-07
1.7364536e-07
1.7173337e-07
1.7023375e-07
1.6903905e-07
1.6807537e-07
1.6729027e-07
1.6664549e-07
1.661125e-07
1.6566955e-07
1.6529983e-07
1.6499015e-07
1.6473011e-07
1.645114e-07
1.6432889e-07
1.6417316e-07
1.6404454e-07
1.9049858e-07
1.8400651e-07
1.7944726e-07
1.7613184e-07
1.7364536e-07
1.7173336e-07
1.7023375e-07
1.6903905e-07
1.6807537e-07
1.6729026e-07
1.6664549e-07
1.661125e-07
1.6566955e-07
1.6529982e-07
1.6499014e-07
1.6473009e-07
1.6451148e-07
1.6432792e-07
1.6417287e-07
1.6404385e-07
1.9049858e-07
1.8400651e-07
1.7944726e-07
1.7613184e-07
1.7364536e-07
1.7173336e-07
1.7023375e-07
1.6903904e-07
1.6807536e-07
1.6729026e-07
1.6664549e-07
1.6611249e-07
1.6566954e-07
1.6529982e-07
1.6499014e-07
1.6473008e-07
1.6451148e-07
1.643278e-07
1.6417562e-07
1.6404556e-07
1.9049858e-07
1.8400651e-07
1.7944726e-07
1.7613184e-07
1.7364536e-07
1.7173336e-07
1.7023375e-07
1.6903904e-07
1.6807536e-07
1.6729026e-07
1.6664549e-07
1.6611249e-07
1.6566954e-07
1.6529982e-07
1.6499014e-07
1.6473008e-07
1.6451144e-07
1.6432795e-07
1.6417283e-07
1.640439e-07
1.9049858e-07
1.8400651e-07
1.7944726e-07
1.7613184e-07
1.7364536e-07
1.7173336e-07
1.7023375e-07
1.6903904e-07
1.6807536e-07
1.6729026e-07
1.6664548e-07
1.6611249e-07
1.6566954e-07
1.6529981e-07
1.6499014e-07
1.6473007e-07
1.6451144e-07
1.643278e-07
1.6417417e-07
1.6404416e-07
1.9049858e-07
1.8400651e-07
1.7944726e-07
1.7613184e-07
1.7364536e-07
1.7173336e-07
1.7023374e-07
1.6903904e-07
1.6807536e-07
1.6729025e-07
1.6664548e-07
1.6611249e-07
1.6566953e-07
1.6529981e-07
1.6499013e-07
1.6473007e-07
1.6451143e-07
1.643277e-07
1.6417226e-07
1.6404293e-07
1.9049858e-07
1.8400651e-07
1.7944725e-07
1.7613184e-07
1.7364536e-07
1.7173336e-07
1.7023374e-07
1.6903904e-07
1.6807536e-07
1.6729025e-07
1.6664548e-07
1.6611248e-07
1.6566953e-07
1.6529981e-07
1.6499013e-07
1.6473006e-07
1.6451142e-07
1.643276e-07
1.6417474e-07
1.6404429e-07
1.9049858e-07
1.8400651e-07
1.7944725e-07
1.7613184e-07
1.7364536e-07
1.7173336e-07
1.7023374e-07
1.6903904e-07
1.6807535e-07
1.6729025e-07
1.6664548e-07
1.6611248e-07
1.6566953e-07
1.6529981e-07
1.6499013e-07
1.6473006e-07
1.6451138e-07
1.6432767e-07
1.6417213e-07
1.6404258e-07
1.9049858e-07
1.840065e-07
1.7944725e-07
1.7613184e-07
1.7364536e-07
1.7173336e-07
1.7023374e-07
1.6903904e-07
1.6807535e-07
1.6729025e-07
1.6664547e-07
1.6611248e-07
1.6566953e-07
1.652998e-07
1.6499012e-07
1.6473005e-07
1.6451138e-07
1.6432751e-07
1.6417417e-07
1.6404358e-07
1.9049858e-07
1.840065e-07
1.7944725e-07
1.7613184e-07
1.7364536e-07
1.7173336e-07
1.7023374e-07
1.6903903e-07
1.6807535e-07
1.6729025e-07
1.6664547e-07
1.6611248e-07
1.6566952e-07
1.652998e-07
1.6499012e-07
1.6473004e-07
1.6451135e-07
1.6432755e-07
1.6417183e-07
1.6404193e-07
1.9049858e-07
1.840065e-07
1.7944725e-07
1.7613184e-07
1.7364535e-07
1.7173336e-07
1.7023374e-07
1.6903903e-07
1.6807535e-07
1.6729024e-07
1.6664547e-07
1.6611247e-07
1.6566952e-07
1.652998e-07
1.6499012e-07
1.6473004e-07
1.6451134e-07
1.643274e-07
1.6417369e-07
1.6404292e-07
1.9049858e-07
1.840065e-07
1.7944725e-07
1.7613184e-07
1.7364535e-07
1.7173336e-07
1.7023374e-07
1.6903903e-07
1.6807535e-07
1.6729024e-07
1.6664547e-07
1.6611247e-07
1.6566952e-07
1.652998e-07
1.6499011e-07
1.6473003e-07
1.6451131e-07
1.6432743e-07
1.6417157e-07
1.6404132e-07
1.9049858e-07
1.840065e-07
1.7944725e-07
1.7613184e-07
1.7364535e-07
1.7173336e-07
1.7023374e-07
1.6903903e-07
1.6807535e-07
1.6729024e-07
1.6664547e-07
1.6611247e-07
1.6566952e-07
1.6529979e-07
1.6499011e-07
1.6473003e-07
1.6451131e-07
1.6432729e-07
1.6417326e-07
1.6404232e-07
)
;

boundaryField
{
    inlet
    {
        type            calculated;
        value           uniform 2e-07;
    }
    top
    {
        type            calculated;
        value           nonuniform List<scalar> 0();
    }
    outlet
    {
        type            calculated;
        value           nonuniform List<scalar> 0();
    }
    slipsurface
    {
        type            slip;
    }
    bottom
    {
        type            nutUSpaldingWallFunction;
        Cmu             0.09;
        kappa           0.41;
        E               9.8;
        value           nonuniform List<scalar> 0();
    }
    frontandback
    {
        type            empty;
    }
    procBoundary5to3
    {
        type            processor;
        value           nonuniform List<scalar> 
27
(
1.2422666e-05
1.2106938e-05
1.1748539e-05
1.1350023e-05
1.0916515e-05
1.0456422e-05
9.982374e-06
9.512523e-06
9.0722344e-06
8.6967179e-06
8.418218e-06
8.2371757e-06
8.10634e-06
7.9059936e-06
7.364388e-06
6.6948579e-06
5.9890493e-06
5.2539199e-06
5.2539199e-06
5.6373932e-06
4.8597291e-06
4.0737202e-06
3.3000945e-06
2.5659597e-06
1.9026471e-06
1.339199e-06
8.927968e-07
)
;
    }
    procBoundary5to4
    {
        type            processor;
        value           nonuniform List<scalar> 
61
(
1.6388557e-07
1.6371221e-07
1.6353104e-07
1.6335199e-07
1.6316124e-07
1.6296483e-07
1.6276305e-07
1.6255538e-07
1.6234145e-07
1.6212085e-07
1.6189315e-07
1.6165789e-07
1.6141463e-07
1.6116301e-07
1.6090321e-07
1.6063813e-07
1.603836e-07
1.602163e-07
1.6049046e-07
1.6277963e-07
1.7336409e-07
2.1037268e-07
3.0417707e-07
4.8848081e-07
7.9719486e-07
1.2541993e-06
1.8529335e-06
2.5602801e-06
3.3347248e-06
4.1428866e-06
4.9589165e-06
5.5609779e-06
5.938498e-06
6.3843242e-06
6.9835035e-06
7.7198362e-06
8.5368629e-06
9.3895138e-06
1.0248003e-05
1.1092238e-05
1.1910171e-05
1.9049858e-07
1.8400652e-07
1.7944726e-07
1.7613185e-07
1.7364538e-07
1.7173339e-07
1.7023378e-07
1.6903908e-07
1.680754e-07
1.672903e-07
1.6664552e-07
1.6611253e-07
1.6566957e-07
1.6529984e-07
1.6499016e-07
1.6473012e-07
1.6451156e-07
1.6432855e-07
1.6417973e-07
1.6405441e-07
)
;
    }
    procBoundary5to12
    {
        type            processor;
        value           nonuniform List<scalar> 
31
(
1.6192507e-07
1.6172985e-07
1.6153178e-07
1.6133086e-07
1.611271e-07
1.6092051e-07
1.607111e-07
1.6049889e-07
1.6028388e-07
1.6006609e-07
1.5984554e-07
1.5962225e-07
1.5939623e-07
1.5916751e-07
1.5893612e-07
1.5870206e-07
1.5846537e-07
1.5822608e-07
1.579842e-07
1.5773977e-07
1.5749282e-07
1.5724337e-07
1.5699147e-07
1.5673715e-07
1.5648053e-07
1.5622208e-07
1.5596437e-07
1.5572138e-07
1.5556914e-07
1.5591467e-07
1.5888275e-07
)
;
    }
    procBoundary5to13
    {
        type            processor;
        value           nonuniform List<scalar> 
31
(
1.6388103e-07
1.6371892e-07
1.6355315e-07
1.6338381e-07
1.6321148e-07
1.630363e-07
1.6285825e-07
1.6267734e-07
1.6249357e-07
1.6230693e-07
1.6211744e-07
1.9049858e-07
1.840065e-07
1.7944725e-07
1.7613184e-07
1.7364535e-07
1.7173336e-07
1.7023374e-07
1.6903903e-07
1.6807535e-07
1.6729024e-07
1.6664547e-07
1.6611247e-07
1.6566952e-07
1.6529979e-07
1.6499011e-07
1.6473002e-07
1.6451128e-07
1.6432732e-07
1.6417133e-07
1.6404074e-07
)
;
    }
    procBoundary5to15
    {
        type            processor;
        value           nonuniform List<scalar> 3(5.6404057e-07 3.4438118e-07 2.2358274e-07);
    }
}


// ************************************************************************* //
