/*--------------------------------*- C++ -*----------------------------------*\
  =========                 |
  \\      /  F ield         | OpenFOAM: The Open Source CFD Toolbox
   \\    /   O peration     | Website:  https://openfoam.org
    \\  /    A nd           | Version:  12
     \\/     M anipulation  |
\*---------------------------------------------------------------------------*/
FoamFile
{
    format      ascii;
    class       surfaceScalarField;
    location    "1500";
    object      phi;
}
// * * * * * * * * * * * * * * * * * * * * * * * * * * * * * * * * * * * * * //

dimensions      [0 3 -1 0 0 0 0];

internalField   nonuniform List<scalar> 
3398
(
2.8905157e-05
2.368867e-05
-2.8813802e-05
2.8929937e-05
1.7367883e-05
2.8927587e-05
1.4451863e-05
2.8922432e-05
1.3310456e-05
2.8919722e-05
1.2918958e-05
2.8918801e-05
1.2775068e-05
2.8919628e-05
1.2690001e-05
2.8919005e-05
1.2642596e-05
2.8906057e-05
1.2637913e-05
2.8844587e-05
1.2619716e-05
2.8679055e-05
1.2465805e-05
2.8391343e-05
1.2059279e-05
2.8017964e-05
1.1414499e-05
2.7606027e-05
1.0647077e-05
2.717547e-05
9.8548042e-06
2.6730163e-05
9.0644367e-06
2.6287508e-05
8.2846234e-06
2.5868413e-05
7.5503668e-06
2.548316e-05
6.8917139e-06
2.5132934e-05
6.3173196e-06
2.4814943e-05
5.8219835e-06
2.4525234e-05
5.3953024e-06
2.4259934e-05
5.026003e-06
2.4015671e-05
4.7042578e-06
2.378964e-05
4.4222903e-06
2.3579573e-05
4.1737763e-06
2.3383654e-05
3.9535302e-06
2.3200439e-05
3.7576398e-06
2.3028727e-05
3.5829761e-06
2.2867415e-05
3.4269012e-06
2.2715313e-05
3.2871469e-06
2.2571031e-05
3.1614422e-06
2.2433349e-05
3.047202e-06
2.2301495e-05
2.9425113e-06
2.2174948e-05
2.846076e-06
2.2053251e-05
2.7567692e-06
2.6735614e-06
2.9716359e-05
2.3596372e-05
-2.9624061e-05
2.9742446e-05
1.7341796e-05
2.9742273e-05
1.4452035e-05
2.9737321e-05
1.3315408e-05
2.9734537e-05
1.2921743e-05
2.9733394e-05
1.2776211e-05
2.9734143e-05
1.2689252e-05
2.973482e-05
1.2641919e-05
2.9728787e-05
1.2643947e-05
2.9691757e-05
1.2656745e-05
2.9570852e-05
1.2586711e-05
2.9327971e-05
1.230216e-05
2.8982041e-05
1.1760429e-05
2.8580494e-05
1.1048625e-05
2.8156469e-05
1.0278828e-05
2.7715917e-05
9.5049895e-06
2.7267225e-05
8.7333151e-06
2.683229e-05
7.985302e-06
2.642695e-05
7.297054e-06
2.6056262e-05
6.6880075e-06
2.5719064e-05
6.159181e-06
2.5411903e-05
5.702464e-06
2.5130899e-05
5.3070063e-06
2.4872488e-05
4.9626692e-06
2.4633624e-05
4.6611545e-06
2.4411809e-05
4.3955913e-06
2.4205032e-05
4.1603073e-06
2.4011688e-05
3.9509831e-06
2.3830483e-05
3.7641817e-06
2.3660302e-05
3.597082e-06
2.3500065e-05
3.4473839e-06
2.3348538e-05
3.312969e-06
2.3204356e-05
3.1913837e-06
2.3066442e-05
3.080426e-06
2.2934167e-05
2.978351e-06
2.280704e-05
2.8838957e-06
2.795971e-06
3.0550263e-05
2.3503283e-05
-3.0457174e-05
3.0577638e-05
1.7314422e-05
3.0579749e-05
1.4449924e-05
3.0574822e-05
1.3320335e-05
3.0572133e-05
1.2924431e-05
3.0570926e-05
1.2777418e-05
3.0571586e-05
1.2688592e-05
3.057285e-05
1.2640655e-05
3.0570791e-05
1.2646006e-05
3.0550313e-05
1.2677223e-05
3.0468293e-05
1.2668731e-05
3.0273904e-05
1.249655e-05
2.9963455e-05
1.2070878e-05
2.9577945e-05
1.1434134e-05
2.9160677e-05
1.0696097e-05
2.8726552e-05
9.9391147e-06
2.8277629e-05
9.182238e-06
2.7831041e-05
8.4318902e-06
2.7406947e-05
7.7211482e-06
2.7015509e-05
7.0794447e-06
2.6658156e-05
6.516534e-06
2.6332411e-05
6.0282089e-06
2.6034607e-05
5.6048104e-06
2.5761061e-05
5.236215e-06
2.5508506e-05
4.9137098e-06
2.5274206e-05
4.6298912e-06
2.5055938e-05
4.3785756e-06
2.4851916e-05
4.155005e-06
2.4660711e-05
3.9553868e-06
2.4481145e-05
3.7766478e-06
2.4312167e-05
3.6163623e-06
2.4152695e-05
3.4724403e-06
2.4001448e-05
3.3426312e-06
2.3857108e-05
3.2247657e-06
2.3718793e-05
3.1166667e-06
2.3585946e-05
3.0167422e-06
2.9238123e-06
3.1407789e-05
2.340925e-05
-3.1313756e-05
3.1436257e-05
1.7285954e-05
3.1440427e-05
1.4445753e-05
3.1435553e-05
1.332521e-05
3.1433077e-05
1.2926907e-05
3.1431935e-05
1.2778559e-05
3.1432598e-05
1.2687929e-05
3.1434047e-05
1.2639206e-05
3.1434261e-05
1.2645791e-05
3.1424063e-05
1.2687421e-05
3.1372816e-05
1.2719979e-05
3.1226658e-05
1.2642708e-05
3.0959143e-05
1.2338393e-05
3.0597824e-05
1.1795452e-05
3.0188975e-05
1.1104946e-05
2.9760905e-05
1.0367185e-05
2.931662e-05
9.6265228e-06
2.8863832e-05
8.8846783e-06
2.8423738e-05
8.1612418e-06
2.8011942e-05
7.4912409e-06
2.7633739e-05
6.8947368e-06
2.7288323e-05
6.3736254e-06
2.697257e-05
5.9205637e-06
2.6682821e-05
5.5259634e-06
2.6415631e-05
5.1809003e-06
2.6168029e-05
4.8774925e-06
2.5937569e-05
4.6090363e-06
2.5722264e-05
4.3703093e-06
2.5520526e-05
4.1571253e-06
2.5331067e-05
3.9661062e-06
2.5152804e-05
3.794626e-06
2.4984723e-05
3.6405207e-06
2.4825713e-05
3.5016414e-06
2.4674452e-05
3.376027e-06
2.4529762e-05
3.261357e-06
2.4390885e-05
3.1556189e-06
3.0573745e-06
3.2290082e-05
2.3313605e-05
-3.2194437e-05
3.2319205e-05
1.725683e-05
3.232467e-05
1.4440289e-05
3.2320213e-05
1.3329666e-05
3.2318023e-05
1.2929098e-05
3.2317025e-05
1.2779557e-05
3.2317792e-05
1.2687162e-05
3.231929e-05
1.2637708e-05
3.2320703e-05
1.2644377e-05
3.2316519e-05
1.2691605e-05
3.2287343e-05
1.2749155e-05
3.2185102e-05
1.2744949e-05
3.1965986e-05
1.2557509e-05
3.1637515e-05
1.2123923e-05
3.1242197e-05
1.1500263e-05
3.0819921e-05
1.0789461e-05
3.0382024e-05
1.006442e-05
2.992899e-05
9.3377123e-06
2.9477265e-05
8.6129673e-06
2.9046565e-05
7.9219401e-06
2.8647274e-05
7.294028e-06
2.8281238e-05
6.7396613e-06
2.7946377e-05
6.2554247e-06
2.7639287e-05
5.833054e-06
2.7356429e-05
5.4637583e-06
2.7094623e-05
5.1392984e-06
2.6851191e-05
4.852468e-06
2.6623936e-05
4.5975641e-06
2.6411084e-05
4.369977e-06
2.6211209e-05
4.1659813e-06
2.6023143e-05
3.9826927e-06
2.5845872e-05
3.8177909e-06
2.5678391e-05
3.6691224e-06
2.551955e-05
3.5348681e-06
2.5368049e-05
3.4128583e-06
2.5222811e-05
3.300857e-06
3.1969657e-06
3.3197661e-05
2.3215884e-05
-3.309994e-05
3.3227452e-05
1.7227039e-05
3.3233627e-05
1.4434114e-05
3.3229451e-05
1.3333843e-05
3.3227626e-05
1.2930923e-05
3.3226857e-05
1.2780326e-05
3.3227811e-05
1.2686208e-05
3.322937e-05
1.2636149e-05
3.3231304e-05
1.2642444e-05
3.3230529e-05
1.269238e-05
3.3215518e-05
1.2764166e-05
3.3149809e-05
1.2810657e-05
3.29812e-05
1.2726118e-05
3.2693803e-05
1.241132e-05
3.2320168e-05
1.1873898e-05
3.1904825e-05
1.1204804e-05
3.1472566e-05
1.0496679e-05
3.1024266e-05
9.7860121e-06
3.0566576e-05
9.0706574e-06
3.0119941e-05
8.3685746e-06
2.9700066e-05
7.7139031e-06
2.9312756e-05
7.1269717e-06
2.8957686e-05
6.610494e-06
2.8632068e-05
6.1586729e-06
2.8332425e-05
5.7634008e-06
2.805542e-05
5.4163034e-06
2.7798154e-05
5.1097345e-06
2.7558205e-05
4.8375123e-06
2.7333601e-05
4.5945812e-06
2.7122748e-05
4.3768345e-06
2.6924357e-05
4.1810836e-06
2.6737361e-05
4.0047873e-06
2.6560785e-05
3.8456981e-06
2.6393635e-05
3.7020177e-06
2.6234713e-05
3.5717807e-06
2.6082719e-05
3.4528504e-06
3.342915e-06
3.4131092e-05
2.3115869e-05
-3.4031078e-05
3.4161676e-05
1.7196455e-05
3.4168297e-05
1.4427493e-05
3.4164097e-05
1.3338043e-05
3.4162632e-05
1.2932388e-05
3.4162177e-05
1.2780781e-05
3.4163354e-05
1.2685031e-05
3.4165019e-05
1.2634483e-05
3.4167142e-05
1.2640321e-05
3.416822e-05
1.2691302e-05
3.4161582e-05
1.2770804e-05
3.4123219e-05
1.2849021e-05
3.4002575e-05
1.2846761e-05
3.3763161e-05
1.2650735e-05
3.3420259e-05
1.22168e-05
3.3016635e-05
1.1608428e-05
3.2589345e-05
1.0923969e-05
3.2147401e-05
1.0227956e-05
3.1689834e-05
9.5282242e-06
3.1231913e-05
8.8264959e-06
3.0793124e-05
8.1526921e-06
3.03844e-05
7.5356955e-06
3.0008191e-05
6.9867032e-06
2.9662858e-05
6.5040059e-06
2.9345243e-05
6.0810155e-06
2.9051952e-05
5.709595e-06
2.8779894e-05
5.381792e-06
2.8526427e-05
5.0909799e-06
2.828936e-05
4.8316478e-06
2.8066914e-05
4.5992804e-06
2.7857651e-05
4.3903472e-06
2.7660403e-05
4.2020352e-06
2.747417e-05
4.0319306e-06
2.7298029e-05
3.8781589e-06
2.7130944e-05
3.7388655e-06
2.6971652e-05
3.6121429e-06
3.4955767e-06
3.509104e-05
2.3013461e-05
-3.4988631e-05
3.512247e-05
1.7165025e-05
3.5129482e-05
1.4420481e-05
3.5125092e-05
1.3342433e-05
3.5123905e-05
1.2933575e-05
3.5123749e-05
1.2780937e-05
3.5125152e-05
1.2683628e-05
3.5126956e-05
1.2632679e-05
3.5129167e-05
1.2638111e-05
3.5131122e-05
1.2689347e-05
3.5129174e-05
1.2772753e-05
3.5109027e-05
1.2869167e-05
3.5029819e-05
1.292597e-05
3.4842333e-05
1.283822e-05
3.4539111e-05
1.2520023e-05
3.4155377e-05
1.1992162e-05
3.3733913e-05
1.1345432e-05
3.3297193e-05
1.0664677e-05
3.2844626e-05
9.9807911e-06
3.2381355e-05
9.2897663e-06
3.1926951e-05
8.6070962e-06
3.1497506e-05
7.9651406e-06
3.1099565e-05
7.384644e-06
3.0733412e-05
6.870159e-06
3.0396597e-05
6.4178305e-06
3.0085845e-05
6.0203473e-06
2.9797944e-05
5.6696926e-06
2.953004e-05
5.3588839e-06
2.927972e-05
5.0819677e-06
2.9045001e-05
4.8340002e-06
2.882427e-05
4.611078e-06
2.8616229e-05
4.4100757e-06
2.8419804e-05
4.2283555e-06
2.8234073e-05
4.0638907e-06
2.8058091e-05
3.9148469e-06
2.7890791e-05
3.7794432e-06
3.6554312e-06
3.6078228e-05
2.290857e-05
-3.5973337e-05
3.6110467e-05
1.7132786e-05
3.6117906e-05
1.4413041e-05
3.6113345e-05
1.3346994e-05
3.611233e-05
1.2934591e-05
3.6112359e-05
1.2780907e-05
3.6113972e-05
1.2682016e-05
3.6115922e-05
1.2630729e-05
3.6118225e-05
1.2635808e-05
3.6120506e-05
1.2687065e-05
3.612114e-05
1.2772119e-05
3.611191e-05
1.2878397e-05
3.6064757e-05
1.2973122e-05
3.592843e-05
1.2974547e-05
3.567287e-05
1.2775583e-05
3.5318372e-05
1.234666e-05
3.4907433e-05
1.1756371e-05
3.4474927e-05
1.1097183e-05
3.4028645e-05
1.0427072e-05
3.356622e-05
9.7521919e-06
3.3101238e-05
9.0720782e-06
3.2653054e-05
8.4133241e-06
3.2233385e-05
7.8043139e-06
3.1845513e-05
7.258031e-06
3.1488285e-05
6.7750583e-06
3.1158831e-05
6.3498015e-06
3.085394e-05
5.9745832e-06
3.0570585e-05
5.6422391e-06
3.0306131e-05
5.3464214e-06
3.0058379e-05
5.0817529e-06
2.9825524e-05
4.8439322e-06
2.9606112e-05
4.6294879e-06
2.9398955e-05
4.4355124e-06
2.9203078e-05
4.2597683e-06
2.9017565e-05
4.1003594e-06
2.8841498e-05
3.9555101e-06
3.8231512e-06
3.7093361e-05
2.2801144e-05
-3.6985936e-05
3.7126388e-05
1.709976e-05
3.7134298e-05
1.4405131e-05
3.7129636e-05
1.3351656e-05
3.7128722e-05
1.2935504e-05
3.7128809e-05
1.2780821e-05
3.713061e-05
1.2680214e-05
3.7132698e-05
1.2628641e-05
3.7135117e-05
1.2633388e-05
3.7137509e-05
1.2684674e-05
3.7139402e-05
1.2770226e-05
3.7136263e-05
1.2881537e-05
3.7111186e-05
1.29982e-05
3.7020335e-05
1.3065398e-05
3.6817733e-05
1.2978185e-05
3.6502099e-05
1.2662294e-05
3.6109952e-05
1.2148518e-05
3.5682482e-05
1.1524653e-05
3.5240956e-05
1.0868598e-05
3.4783923e-05
1.0209225e-05
3.4314609e-05
9.5413917e-06
3.3851427e-05
8.8765064e-06
3.3410991e-05
8.2447501e-06
3.3000905e-05
7.6681169e-06
3.2622163e-05
7.1538004e-06
3.2272738e-05
6.6992266e-06
3.1949627e-05
6.2976943e-06
3.1649706e-05
5.9421601e-06
3.137014e-05
5.6259874e-06
3.1108507e-05
5.3433852e-06
3.08628e-05
5.0896396e-06
3.0631382e-05
4.8609062e-06
3.0412924e-05
4.65397e-06
3.0206356e-05
4.4663366e-06
3.0010736e-05
4.2959792e-06
2.982521e-05
4.1410359e-06
3.9995157e-06
3.8137169e-05
2.2691126e-05
-3.8027151e-05
3.8170989e-05
1.706594e-05
3.8179411e-05
1.4396709e-05
3.8174675e-05
1.3356393e-05
3.817387e-05
1.2936308e-05
3.8173927e-05
1.2780763e-05
3.8175885e-05
1.2678257e-05
3.8178118e-05
1.2626408e-05
3.8180653e-05
1.2630854e-05
3.818311e-05
1.2682216e-05
3.8185458e-05
1.2767878e-05
3.8185635e-05
1.288136e-05
3.8173973e-05
1.3009862e-05
3.8119286e-05
1.3120084e-05
3.7970404e-05
1.3127067e-05
3.7702395e-05
1.2930303e-05
3.7338689e-05
1.2512224e-05
3.6921119e-05
1.1942224e-05
3.6483064e-05
1.1306654e-05
3.6032159e-05
1.0660129e-05
3.556474e-05
1.0008811e-05
3.5092066e-05
9.3491809e-06
3.4633283e-05
8.7035333e-06
3.4201186e-05
8.100214e-06
3.3800091e-05
7.5548953e-06
3.3429471e-05
7.0698468e-06
3.3086851e-05
6.6403136e-06
3.2769154e-05
6.2598578e-06
3.2473393e-05
5.9217478e-06
3.2196937e-05
5.619841e-06
3.1937561e-05
5.3490157e-06
3.1693433e-05
5.1050348e-06
3.1463057e-05
4.8843451e-06
3.1245236e-05
4.6841586e-06
3.1038955e-05
4.5022599e-06
3.0843357e-05
4.3366332e-06
4.1852722e-06
3.921042e-05
2.2578457e-05
-3.9097752e-05
3.9245053e-05
1.7031308e-05
3.9254026e-05
1.4387735e-05
3.9249215e-05
1.3361203e-05
3.9248559e-05
1.2936965e-05
3.924857e-05
1.2780752e-05
3.9250662e-05
1.2676165e-05
3.9253037e-05
1.2624033e-05
3.9255662e-05
1.2628229e-05
3.925819e-05
1.2679688e-05
3.9260647e-05
1.2765421e-05
3.9262428e-05
1.2879579e-05
3.9258228e-05
1.3014062e-05
3.9229037e-05
1.3149274e-05
3.9128972e-05
1.3227133e-05
3.8914948e-05
1.3144327e-05
3.8589925e-05
1.2837247e-05
3.8190706e-05
1.2341442e-05
3.7757163e-05
1.1740197e-05
3.7310446e-05
1.1106846e-05
3.6848882e-05
1.0470375e-05
3.6373268e-05
9.8247948e-06
3.5900424e-05
9.1763769e-06
3.5447648e-05
8.5529898e-06
3.502386e-05
7.978684e-06
3.4630985e-05
7.4627212e-06
3.4267564e-05
7.0037345e-06
3.3930799e-05
6.5966234e-06
3.3617658e-05
6.2348888e-06
3.332533e-05
5.9121689e-06
3.3051374e-05
5.6229711e-06
3.2793749e-05
5.3626603e-06
3.2550774e-05
5.1273199e-06
3.2321095e-05
4.9138375e-06
3.2103592e-05
4.7197627e-06
3.1897351e-05
4.5428747e-06
4.3810712e-06
4.031392e-05
2.2463092e-05
-4.0198555e-05
4.0349382e-05
1.6995846e-05
4.0358946e-05
1.4378171e-05
4.0354049e-05
1.3366101e-05
4.0353578e-05
1.2937436e-05
4.0353585e-05
1.2780744e-05
4.0355803e-05
1.2673948e-05
4.0358286e-05
1.2621551e-05
4.0360985e-05
1.2625529e-05
4.0363587e-05
1.2677087e-05
4.0366077e-05
1.2762931e-05
4.0368428e-05
1.2877228e-05
4.036821e-05
1.301428e-05
4.0354619e-05
1.3162864e-05
4.0294152e-05
1.32876e-05
4.0136116e-05
1.3302363e-05
3.9859179e-05
1.3114184e-05
3.9488307e-05
1.2712314e-05
3.906457e-05
1.2163934e-05
3.862055e-05
1.1550866e-05
3.8164804e-05
1.092612e-05
3.7692388e-05
1.0297211e-05
3.7211494e-05
9.6572709e-06
3.6741034e-05
9.0234496e-06
3.6295056e-05
8.4246628e-06
3.5879221e-05
7.8785561e-06
3.5493786e-05
7.3891688e-06
3.5136617e-05
6.9537932e-06
3.4804813e-05
6.5666924e-06
3.4495456e-05
6.2215258e-06
3.4205906e-05
5.9125211e-06
3.3933904e-05
5.6346627e-06
3.3677569e-05
5.3836551e-06
3.343537e-05
5.156036e-06
3.3206051e-05
4.9490814e-06
3.2988599e-05
4.7603268e-06
4.5875074e-06
4.1448503e-05
2.2344983e-05
-4.1330394e-05
4.1484814e-05
1.6959535e-05
4.1495022e-05
1.4367964e-05
4.1490013e-05
1.3371109e-05
4.1489744e-05
1.2937705e-05
4.1489792e-05
1.2780696e-05
4.1492147e-05
1.2671593e-05
4.1494725e-05
1.2618972e-05
4.1497489e-05
1.2622765e-05
4.1500161e-05
1.2674415e-05
4.1502694e-05
1.2760398e-05
4.1505169e-05
1.2874753e-05
4.1506843e-05
1.3012606e-05
4.150187e-05
1.3167837e-05
4.1469661e-05
1.3319809e-05
4.1363285e-05
1.3408738e-05
4.1141657e-05
1.3335812e-05
4.0809945e-05
1.3044027e-05
4.0404763e-05
1.2569116e-05
3.9964969e-05
1.199066e-05
3.9512688e-05
1.1378401e-05
3.9046515e-05
1.0763384e-05
3.8564373e-05
1.0139413e-05
3.808119e-05
9.5066326e-06
3.761488e-05
8.8909728e-06
3.717601e-05
8.317426e-06
3.6767574e-05
7.797605e-06
3.6388684e-05
7.3326829e-06
3.6036864e-05
6.9185126e-06
3.5709216e-05
6.549174e-06
3.5402945e-05
6.218792e-06
3.5115582e-05
5.922026e-06
3.4845034e-05
5.6542024e-06
3.4589579e-05
5.4114913e-06
3.4347797e-05
5.1908632e-06
3.4118546e-05
4.9895783e-06
4.8051564e-06
4.261502e-05
2.2224082e-05
-4.2494119e-05
4.2652205e-05
1.692235e-05
4.2663124e-05
1.4357044e-05
4.2657972e-05
1.3376262e-05
4.2657903e-05
1.2937774e-05
4.2658042e-05
1.2780558e-05
4.2660534e-05
1.2669101e-05
4.2663202e-05
1.2616304e-05
4.2666041e-05
1.2619926e-05
4.2668783e-05
1.2671673e-05
4.2671378e-05
1.2757803e-05
4.2673873e-05
1.2872258e-05
4.2676206e-05
1.3010273e-05
4.2675752e-05
1.3168292e-05
4.2660889e-05
1.3334672e-05
4.2596796e-05
1.3472831e-05
4.2433277e-05
1.3499332e-05
4.215077e-05
1.3326534e-05
4.1774572e-05
1.2945314e-05
4.1345026e-05
1.2420205e-05
4.0894596e-05
1.1828831e-05
4.043358e-05
1.12244e-05
3.9956081e-05
1.0616912e-05
3.9466732e-05
9.9959815e-06
3.8983864e-05
9.3738412e-06
3.8522906e-05
8.7783833e-06
3.8090925e-05
8.2295868e-06
3.7689132e-05
7.7344755e-06
3.7315919e-05
7.291726e-06
3.6968627e-05
6.896466e-06
3.6644396e-05
6.5430227e-06
3.6340575e-05
6.2258464e-06
3.6054862e-05
5.9399159e-06
3.5785325e-05
5.6810288e-06
3.5530362e-05
5.4458255e-06
3.5288677e-05
5.2312636e-06
5.0346058e-06
4.3814358e-05
2.2100341e-05
-4.3690617e-05
4.3852444e-05
1.6884264e-05
4.3864147e-05
1.4345341e-05
4.3858828e-05
1.3381582e-05
4.3858956e-05
1.2937645e-05
4.3859217e-05
1.2780298e-05
4.3861844e-05
1.2666473e-05
4.3864609e-05
1.2613539e-05
4.3867536e-05
1.2617e-05
4.3870353e-05
1.2668856e-05
4.3873018e-05
1.2755138e-05
4.387555e-05
1.2869726e-05
4.3878016e-05
1.3007807e-05
4.387966e-05
1.3166648e-05
4.3874286e-05
1.3340046e-05
4.3840455e-05
1.3506662e-05
4.3730958e-05
1.3608828e-05
4.3505508e-05
1.3551984e-05
4.3169686e-05
1.3281136e-05
4.2759565e-05
1.2830326e-05
4.2313303e-05
1.2275093e-05
4.1854757e-05
1.1682947e-05
4.1383683e-05
1.1087986e-05
4.0895087e-05
1.0484577e-05
4.0401475e-05
9.8674531e-06
3.992095e-05
9.2589079e-06
3.9465663e-05
8.6848739e-06
3.9040098e-05
8.1600405e-06
3.864418e-05
7.6876443e-06
3.8275836e-05
7.2648096e-06
3.7932302e-05
6.8865576e-06
3.7610811e-05
6.5473371e-06
3.7308865e-05
6.2418616e-06
3.702432e-05
5.9655743e-06
3.6755374e-05
5.7147707e-06
3.6500556e-05
5.486082e-06
5.2764809e-06
4.5047435e-05
2.1973713e-05
-4.4920807e-05
4.5086451e-05
1.6845249e-05
4.5098992e-05
1.43328e-05
4.5093494e-05
1.338708e-05
4.5093829e-05
1.2937309e-05
4.5094229e-05
1.2779898e-05
4.5097e-05
1.2663702e-05
4.5099869e-05
1.261067e-05
4.5102891e-05
1.2613978e-05
4.510579e-05
1.2665957e-05
4.5108531e-05
1.2752396e-05
4.5111126e-05
1.2867131e-05
4.511361e-05
1.3005323e-05
4.5115953e-05
1.3164305e-05
4.5115467e-05
1.3340532e-05
4.5100147e-05
1.3521983e-05
4.5034861e-05
1.3674114e-05
4.4869616e-05
1.3717229e-05
4.4584817e-05
1.3565935e-05
4.42051e-05
1.3210044e-05
4.3770091e-05
1.2710102e-05
4.3312759e-05
1.2140279e-05
4.2845715e-05
1.155503e-05
4.2363041e-05
1.0967252e-05
4.1865793e-05
1.0364701e-05
4.13703e-05
9.7544012e-06
4.0893232e-05
9.1619423e-06
4.0443616e-05
8.6096565e-06
4.002389e-05
8.1073694e-06
3.9633098e-05
7.6556018e-06
3.9268834e-05
7.2508224e-06
3.8928345e-05
6.8878256e-06
3.8608982e-05
6.561225e-06
3.830839e-05
6.2661658e-06
3.8024561e-05
5.9985995e-06
3.7755829e-05
5.7548143e-06
5.5314663e-06
4.6315196e-05
2.1844151e-05
-4.6185634e-05
4.6355172e-05
1.6805273e-05
4.6368591e-05
1.4319382e-05
4.6362897e-05
1.3392773e-05
4.6363468e-05
1.2936739e-05
4.6364032e-05
1.2779333e-05
4.6366947e-05
1.2660788e-05
4.6369926e-05
1.260769e-05
4.6373049e-05
1.2610854e-05
4.6376038e-05
1.2662968e-05
4.637886e-05
1.2749574e-05
4.6381531e-05
1.286446e-05
4.6384055e-05
1.3002798e-05
4.6386527e-05
1.3161833e-05
4.6388237e-05
1.3338822e-05
4.6382893e-05
1.3527328e-05
4.634907e-05
1.3707937e-05
4.6239748e-05
1.3826551e-05
4.6014196e-05
1.3791487e-05
4.5676889e-05
1.3547351e-05
4.5262885e-05
1.3124105e-05
4.4810205e-05
1.2592959e-05
4.4344363e-05
1.2020872e-05
4.3867944e-05
1.1443671e-05
4.3373745e-05
1.08589e-05
4.2869831e-05
1.0258315e-05
4.2374394e-05
9.6573799e-06
4.1901447e-05
9.082603e-06
4.1457252e-05
8.551564e-06
4.1042737e-05
8.0701168e-06
4.0656285e-05
7.6372743e-06
4.0295374e-05
7.2487373e-06
3.9957286e-05
6.8993125e-06
3.963949e-05
6.583962e-06
3.9339767e-05
6.298323e-06
3.9056244e-05
6.0383368e-06
5.8003238e-06
4.7618613e-05
2.1711611e-05
-4.7486073e-05
4.7659587e-05
1.6764299e-05
4.7673915e-05
1.4305054e-05
4.7668012e-05
1.3398676e-05
4.7668844e-05
1.2935906e-05
4.7669591e-05
1.2778587e-05
4.7672654e-05
1.2657725e-05
4.7675752e-05
1.2604593e-05
4.7678982e-05
1.2607623e-05
4.7682066e-05
1.2659884e-05
4.7684975e-05
1.2746666e-05
4.7687729e-05
1.2861707e-05
4.7690323e-05
1.3000204e-05
4.7692813e-05
1.3159343e-05
4.7695206e-05
1.3336429e-05
4.7694894e-05
1.352764e-05
4.7680037e-05
1.3722793e-05
4.7616095e-05
1.3890493e-05
4.7452884e-05
1.3954698e-05
4.7169126e-05
1.3831109e-05
4.6787779e-05
1.3505451e-05
4.6347931e-05
1.3032807e-05
4.5883252e-05
1.2485551e-05
4.5409662e-05
1.1917261e-05
4.4921944e-05
1.1346618e-05
4.4417003e-05
1.0763256e-05
4.3908806e-05
1.0165577e-05
4.3414838e-05
9.5765708e-06
4.2946295e-05
9.0201075e-06
4.2507087e-05
8.5093246e-06
4.209705e-05
8.0473112e-06
4.1714229e-05
7.6315581e-06
4.1355998e-05
7.2575433e-06
4.1019713e-05
6.9202478e-06
4.0702962e-05
6.6150735e-06
4.0403664e-05
6.3376351e-06
6.0839084e-06
4.8958691e-05
2.157605e-05
-4.882313e-05
4.9000699e-05
1.6722291e-05
4.9015976e-05
1.4289777e-05
4.9009844e-05
1.3404808e-05
4.9010953e-05
1.2934798e-05
4.9011898e-05
1.2777642e-05
4.9015116e-05
1.2654506e-05
4.9018342e-05
1.2601367e-05
4.9021688e-05
1.2604278e-05
4.9024874e-05
1.2656698e-05
4.9027876e-05
1.2743663e-05
4.9030717e-05
1.2858866e-05
4.9033396e-05
1.2997526e-05
4.9035935e-05
1.3156804e-05
4.9038435e-05
1.3333929e-05
4.9040279e-05
1.3525797e-05
4.9035433e-05
1.3727639e-05
4.9003291e-05
1.3922635e-05
4.8897399e-05
1.406059e-05
4.8675526e-05
1.4052982e-05
4.8339501e-05
1.3841477e-05
4.7922977e-05
1.3449331e-05
4.7464375e-05
1.2944153e-05
4.6990788e-05
1.2390848e-05
4.650811e-05
1.1829296e-05
4.6008338e-05
1.1263028e-05
4.5494649e-05
1.0679266e-05
4.4984155e-05
1.0087065e-05
4.4492659e-05
9.5116042e-06
4.4028377e-05
8.9736066e-06
4.359357e-05
8.482118e-06
4.3187364e-05
8.0377639e-06
4.2807484e-05
7.6374235e-06
4.2451301e-05
7.2764307e-06
4.2116263e-05
6.9501113e-06
4.1800082e-05
6.6538159e-06
6.3831823e-06
5.0336459e-05
2.1437428e-05
-5.0197837e-05
5.0379516e-05
1.6679234e-05
5.0395801e-05
1.4273492e-05
5.038942e-05
1.3411189e-05
5.0390814e-05
1.2933404e-05
5.0391973e-05
1.2776483e-05
5.0395351e-05
1.2651128e-05
5.0398717e-05
1.2598e-05
5.0402186e-05
1.2600809e-05
5.0405483e-05
1.2653401e-05
5.0408586e-05
1.274056e-05
5.0411521e-05
1.2855931e-05
5.041429e-05
1.2994757e-05
5.041691e-05
1.3154183e-05
5.0419431e-05
1.3331408e-05
5.0421887e-05
1.352334e-05
5.0421938e-05
1.3727589e-05
5.0408456e-05
1.3936117e-05
5.0348291e-05
1.4120754e-05
5.0190855e-05
1.4210417e-05
4.9911641e-05
1.4120691e-05
4.9530902e-05
1.383007e-05
4.9087338e-05
1.3387717e-05
4.8615165e-05
1.2863021e-05
4.8133761e-05
1.23107e-05
4.7640596e-05
1.1756192e-05
4.7128746e-05
1.1191116e-05
4.660842e-05
1.0607391e-05
4.6097268e-05
1.0022756e-05
4.5608548e-05
9.4623267e-06
4.5148244e-05
8.9424218e-06
4.4717308e-05
8.4687005e-06
4.4314238e-05
8.0404927e-06
4.3936647e-05
7.6540222e-06
4.3581932e-05
7.3048261e-06
4.3247632e-05
6.9881164e-06
6.6992289e-06
5.175298e-05
2.1295708e-05
-5.161126e-05
5.1797075e-05
1.6635139e-05
5.1814435e-05
1.4256132e-05
5.1807787e-05
1.3417836e-05
5.1809478e-05
1.2931713e-05
5.181087e-05
1.2775091e-05
5.1814413e-05
1.2647585e-05
5.1817932e-05
1.2594482e-05
5.1821533e-05
1.2597208e-05
5.1824949e-05
1.2649984e-05
5.1828162e-05
1.2737347e-05
5.1831198e-05
1.2852894e-05
5.1834062e-05
1.2991893e-05
5.1836776e-05
1.3151469e-05
5.1839358e-05
1.3328826e-05
5.1841896e-05
1.3520802e-05
5.1843905e-05
1.372558e-05
5.1840028e-05
1.3939995e-05
5.1811033e-05
1.4149749e-05
5.171164e-05
1.4309811e-05
5.1497396e-05
1.4334935e-05
5.1165781e-05
1.4161685e-05
5.0748658e-05
1.380484e-05
5.0284614e-05
1.3327065e-05
4.9802534e-05
1.2792779e-05
4.9312624e-05
1.2246103e-05
4.8807389e-05
1.1696351e-05
4.8285051e-05
1.1129729e-05
4.7759863e-05
1.0547944e-05
4.724899e-05
9.9731997e-06
4.6763288e-05
9.4281247e-06
4.6306599e-05
8.925389e-06
4.5878867e-05
8.4682246e-06
4.5478294e-05
8.0545951e-06
4.5102395e-05
7.6807253e-06
4.4748602e-05
7.3419098e-06
7.0332629e-06
5.3209344e-05
2.1150852e-05
-5.3064488e-05
5.3254467e-05
1.6590016e-05
5.3272944e-05
1.4237654e-05
5.326602e-05
1.342476e-05
5.3268023e-05
1.2929711e-05
5.3269669e-05
1.2773445e-05
5.3273385e-05
1.2643869e-05
5.3277069e-05
1.2590798e-05
5.3280812e-05
1.2593465e-05
5.3284356e-05
1.264644e-05
5.3287687e-05
1.2734017e-05
5.3290833e-05
1.2849748e-05
5.3293799e-05
1.2988927e-05
5.3296612e-05
1.3148656e-05
5.3299287e-05
1.3326151e-05
5.3301852e-05
1.3518236e-05
5.3304363e-05
1.3723069e-05
5.3304954e-05
1.3939404e-05
5.3293578e-05
1.4161125e-05
5.3239284e-05
1.4364104e-05
5.3091329e-05
1.448289e-05
5.2820526e-05
1.4432488e-05
5.2443226e-05
1.418214e-05
5.1997223e-05
1.3773068e-05
5.1517721e-05
1.3272282e-05
5.1027263e-05
1.273656e-05
5.052789e-05
1.2195725e-05
5.0010279e-05
1.1647339e-05
4.947857e-05
1.1079654e-05
4.8950146e-05
1.0501623e-05
4.8440484e-05
9.937787e-06
4.7957651e-05
9.4082219e-06
4.7504016e-05
8.9218597e-06
4.7078908e-05
8.4797029e-06
4.6680229e-05
8.0794045e-06
4.6305439e-05
7.7166994e-06
7.3866376e-06
5.4706678e-05
2.1002816e-05
-5.4558642e-05
5.4752836e-05
1.6543858e-05
5.4772449e-05
1.4218042e-05
5.4765258e-05
1.3431951e-05
5.4767581e-05
1.2927387e-05
5.4769504e-05
1.2771522e-05
5.4773398e-05
1.2639976e-05
5.4777261e-05
1.2586935e-05
5.4781156e-05
1.258957e-05
5.4784836e-05
1.264276e-05
5.4788292e-05
1.2730561e-05
5.4791555e-05
1.2846485e-05
5.4794631e-05
1.2985851e-05
5.4797546e-05
1.3145741e-05
5.4800323e-05
1.3323375e-05
5.4802962e-05
1.3515597e-05
5.4805535e-05
1.3720496e-05
5.4807742e-05
1.3937197e-05
5.4805136e-05
1.416373e-05
5.4780319e-05
1.4388922e-05
5.469032e-05
1.4572889e-05
5.4487888e-05
1.463492e-05
5.4164333e-05
1.4505695e-05
5.3748849e-05
1.4188552e-05
5.3280237e-05
1.3740894e-05
5.2789214e-05
1.3227582e-05
5.2291163e-05
1.2693776e-05
5.178037e-05
1.2158132e-05
5.1249978e-05
1.1610045e-05
5.0711008e-05
1.1040594e-05
5.0180835e-05
1.046796e-05
4.9672556e-05
9.9165007e-06
4.9192281e-05
9.4021348e-06
4.8741241e-05
8.9307423e-06
4.8318161e-05
8.5024851e-06
4.7920764e-05
8.1140965e-06
7.7608429e-06
5.6246128e-05
2.085156e-05
-5.6094871e-05
5.6293355e-05
1.649663e-05
5.6314122e-05
1.4197276e-05
5.6306674e-05
1.3439399e-05
5.6309326e-05
1.2924735e-05
5.6311552e-05
1.2769297e-05
5.6315629e-05
1.2635898e-05
5.6319684e-05
1.258288e-05
5.6323738e-05
1.2585516e-05
5.632756e-05
1.2638938e-05
5.6331145e-05
1.2726976e-05
5.6334528e-05
1.2843101e-05
5.6337717e-05
1.2982663e-05
5.6340739e-05
1.3142719e-05
5.6343618e-05
1.3320495e-05
5.6346357e-05
1.3512858e-05
5.6348972e-05
1.3717882e-05
5.6351532e-05
1.3934637e-05
5.6352748e-05
1.4162514e-05
5.6343876e-05
1.4397794e-05
5.6297175e-05
1.461959e-05
5.6162279e-05
1.4769816e-05
5.5904129e-05
1.4763845e-05
5.5533558e-05
1.4559123e-05
5.5086905e-05
1.4187548e-05
5.4600853e-05
1.3713634e-05
5.4100832e-05
1.3193797e-05
5.3593536e-05
1.2665428e-05
5.3070017e-05
1.2133564e-05
5.2528781e-05
1.1581831e-05
5.1984021e-05
1.101272e-05
5.1452765e-05
1.0447757e-05
5.0946026e-05
9.9088734e-06
5.0468036e-05
9.4087327e-06
5.0019018e-05
8.9515031e-06
4.9597345e-05
8.5357692e-06
8.1574893e-06
5.7828877e-05
2.0697045e-05
-5.7674363e-05
5.787722e-05
1.6448287e-05
5.7899196e-05
1.4175299e-05
5.7891554e-05
1.3447042e-05
5.7894537e-05
1.2921751e-05
5.7897079e-05
1.2766754e-05
5.7901341e-05
1.2631636e-05
5.7905587e-05
1.2578635e-05
5.7909795e-05
1.2581308e-05
5.7913754e-05
1.2634978e-05
5.7917466e-05
1.2723264e-05
5.7920968e-05
1.28396e-05
5.7924268e-05
1.2979363e-05
5.7927396e-05
1.3139591e-05
5.7930377e-05
1.3317513e-05
5.7933218e-05
1.3510018e-05
5.7935916e-05
1.3715184e-05
5.7938519e-05
1.3932034e-05
5.7940926e-05
1.4160107e-05
5.7939691e-05
1.439903e-05
5.7919773e-05
1.4639507e-05
5.7841579e-05
1.484801e-05
5.7655073e-05
1.4950351e-05
5.7343721e-05
1.4870475e-05
5.6932758e-05
1.459851e-05
5.6461183e-05
1.418521e-05
5.5961399e-05
1.3693581e-05
5.545296e-05
1.3173867e-05
5.4935723e-05
1.26508e-05
5.4399355e-05
1.2118198e-05
5.3847946e-05
1.156413e-05
5.3298661e-05
1.0997042e-05
5.2767126e-05
1.0440408e-05
5.2261883e-05
9.9139756e-06
5.1785666e-05
9.4277201e-06
5.133809e-05
8.9833451e-06
8.5782681e-06
5.9456136e-05
2.0539243e-05
-5.9298334e-05
5.9505666e-05
1.6398758e-05
5.9528875e-05
1.415209e-05
5.9521243e-05
1.3454673e-05
5.9524682e-05
1.2918312e-05
5.9527468e-05
1.2763969e-05
5.9531867e-05
1.2627237e-05
5.9536271e-05
1.2574231e-05
5.9540607e-05
1.2576971e-05
5.9544686e-05
1.26309e-05
5.9548511e-05
1.2719439e-05
5.9552122e-05
1.2835989e-05
5.9555527e-05
1.2975958e-05
5.9558757e-05
1.3136361e-05
5.9561837e-05
1.3314433e-05
5.9564774e-05
1.350708e-05
5.956757e-05
1.3712389e-05
5.9570227e-05
1.3929377e-05
5.9572826e-05
1.4157508e-05
5.9574639e-05
1.4397217e-05
5.9568504e-05
1.4645642e-05
5.9530528e-05
1.4885986e-05
5.9411731e-05
1.5069147e-05
5.9170719e-05
1.5111487e-05
5.881086e-05
1.495837e-05
5.8366223e-05
1.4629847e-05
5.787463e-05
1.4185173e-05
5.7364167e-05
1.368433e-05
5.6847943e-05
1.3167024e-05
5.6318655e-05
1.2647486e-05
5.5768816e-05
1.2113969e-05
5.5208993e-05
1.1556865e-05
5.4656547e-05
1.0992854e-05
5.4124976e-05
1.0445547e-05
5.3620878e-05
9.9318182e-06
5.3145976e-05
9.4582463e-06
5.2699369e-05
9.0248751e-06
5.227893e-05
8.6294263e-06
5.1882214e-05
8.268409e-06
5.1506832e-05
7.9380388e-06
7.6357021e-06
6.1129156e-05
2.0378129e-05
-6.0968042e-05
6.1179938e-05
1.6347977e-05
6.1204421e-05
1.4127606e-05
6.1197015e-05
1.346208e-05
6.1200956e-05
1.2914371e-05
6.1203989e-05
1.2760935e-05
6.1208512e-05
1.2622714e-05
6.1213036e-05
1.2569707e-05
6.1217467e-05
1.257254e-05
6.1221642e-05
1.2626726e-05
6.1225564e-05
1.2715517e-05
6.1229272e-05
1.2832281e-05
6.1232773e-05
1.2972456e-05
6.1236098e-05
1.3133037e-05
6.123927e-05
1.3311261e-05
6.12423e-05
1.3504051e-05
6.1245188e-05
1.3709501e-05
6.1247932e-05
1.3926632e-05
6.1250556e-05
1.4154884e-05
6.125313e-05
1.4394643e-05
6.1253212e-05
1.464556e-05
6.1238473e-05
1.4900725e-05
6.1173781e-05
1.513384e-05
6.1007018e-05
1.5278251e-05
6.0712565e-05
1.5252822e-05
6.0309986e-05
1.5032426e-05
5.9837512e-05
1.4657648e-05
5.9330005e-05
1.4191838e-05
5.8810737e-05
1.3686292e-05
5.8284802e-05
1.3173422e-05
5.7742183e-05
1.2656588e-05
5.7180588e-05
1.211846e-05
5.6613769e-05
1.1559673e-05
5.6058746e-05
1.1000569e-05
5.5527135e-05
1.0463429e-05
5.5023957e-05
9.9614247e-06
5.4549953e-05
9.4988788e-06
5.4103727e-05
9.0756522e-06
5.368308e-05
8.6890562e-06
5.3285592e-05
8.3355271e-06
8.012388e-06
6.2849215e-05
2.021369e-05
-6.2684776e-05
6.2901361e-05
1.629583e-05
6.292705e-05
1.4101918e-05
6.2919947e-05
1.3469183e-05
6.2924372e-05
1.2909946e-05
6.2927734e-05
1.2757573e-05
6.2932423e-05
1.2618024e-05
6.2937087e-05
1.2565044e-05
6.2941619e-05
1.2568008e-05
6.2945889e-05
1.2622456e-05
6.2949904e-05
1.2711502e-05
6.2953703e-05
1.2828481e-05
6.2957295e-05
1.2968864e-05
6.2960709e-05
1.3129623e-05
6.2963971e-05
1.3307999e-05
6.2967088e-05
1.3500934e-05
6.2970064e-05
1.3706525e-05
6.29729e-05
1.3923796e-05
6.2975589e-05
1.4152195e-05
6.2978227e-05
1.4392005e-05
6.2980452e-05
1.4643335e-05
6.2977041e-05
1.4904136e-05
6.2948237e-05
1.5162643e-05
6.284781e-05
1.5378678e-05
6.2628605e-05
1.5472026e-05
6.2284358e-05
1.5376673e-05
6.1845074e-05
1.5096931e-05
6.1349893e-05
1.4687019e-05
6.0829363e-05
1.4206822e-05
6.0301406e-05
1.3701379e-05
5.9764963e-05
1.3193031e-05
5.9208932e-05
1.267449e-05
5.8636274e-05
1.2132332e-05
5.8063343e-05
1.15735e-05
5.7506314e-05
1.1020459e-05
5.6974775e-05
1.0492964e-05
5.647215e-05
1.0001504e-05
5.5998442e-05
9.5493607e-06
5.5552061e-05
9.1354371e-06
5.5130731e-05
8.7568563e-06
8.4111144e-06
6.4617638e-05
-6.4449864e-05
6.4671203e-05
6.4698001e-05
6.4691279e-05
6.4696123e-05
6.469979e-05
6.4704703e-05
6.4709596e-05
6.4714275e-05
6.4718672e-05
6.4722799e-05
6.4726702e-05
6.4730392e-05
6.47339e-05
6.4737253e-05
6.4740459e-05
6.4743522e-05
6.4746446e-05
6.4749226e-05
6.4751887e-05
6.475452e-05
6.475576e-05
6.4746003e-05
6.4695432e-05
6.4551799e-05
6.4279653e-05
6.3890077e-05
6.341986e-05
6.2905959e-05
6.2374799e-05
6.1838553e-05
6.1289827e-05
6.0719755e-05
6.0137062e-05
5.9559232e-05
5.9000683e-05
5.8468904e-05
5.7966285e-05
5.7492399e-05
5.7045402e-05
2.8178139e-05
1.5109514e-08
2.8176841e-05
3.8767277e-08
2.8174939e-05
5.6523065e-08
2.8172515e-05
7.1967382e-08
2.8169579e-05
8.7144169e-08
2.8166162e-05
1.013526e-07
2.8162281e-05
1.15119e-07
2.8157917e-05
1.2939196e-07
2.8153026e-05
1.4500856e-07
2.814753e-05
1.6292353e-07
2.8141324e-05
1.8397528e-07
2.8134218e-05
2.1077073e-07
2.8126021e-05
2.4310128e-07
2.8116141e-05
2.9392821e-07
2.8104429e-05
3.4706931e-07
2.8088371e-05
4.8454379e-07
2.8068595e-05
5.8217197e-07
2.8032911e-05
1.162628e-06
1.5062151e-06
2.8970852e-05
1.5639005e-08
2.8969518e-05
4.0100921e-08
2.8967564e-05
5.847772e-08
2.8965072e-05
7.4458971e-08
2.8962054e-05
9.0162546e-08
2.8958542e-05
1.0486471e-07
2.8954551e-05
1.1910947e-07
2.8950065e-05
1.3387845e-07
2.8945036e-05
1.5003722e-07
2.8939386e-05
1.6857378e-07
2.8933006e-05
1.9035533e-07
2.89257e-05
2.1807606e-07
2.8917273e-05
2.5152817e-07
2.890712e-05
3.040817e-07
2.8895079e-05
3.5911052e-07
2.8878595e-05
5.0102776e-07
2.8858261e-05
6.0250589e-07
2.8821754e-05
1.1991353e-06
2.8761281e-05
1.5666873e-06
1.164014e-05
2.9785866e-05
1.6183938e-08
2.9784496e-05
4.1471074e-08
2.9782487e-05
6.0486762e-08
2.9779926e-05
7.7020111e-08
2.9776823e-05
9.3265305e-08
2.9773213e-05
1.0847517e-07
2.976911e-05
1.2321187e-07
2.9764498e-05
1.3849089e-07
2.9759328e-05
1.5520714e-07
2.9753519e-05
1.7438273e-07
2.974696e-05
1.9691454e-07
2.973945e-05
2.2558613e-07
2.9730787e-05
2.6019128e-07
2.9720352e-05
3.1451666e-07
2.9707972e-05
3.7148977e-07
2.9691052e-05
5.1794843e-07
2.9670146e-05
6.2341134e-07
2.9632804e-05
1.2364774e-06
2.957041e-05
1.6290815e-06
1.1586489e-05
3.0623808e-05
1.6744803e-08
3.0622401e-05
4.2878699e-08
3.0620336e-05
6.2551686e-08
3.0617703e-05
7.9652713e-08
3.0614514e-05
9.6454771e-08
3.0610802e-05
1.1218672e-07
3.0606585e-05
1.2742931e-07
3.0601843e-05
1.4323283e-07
3.0596528e-05
1.6052227e-07
3.0590555e-05
1.8035484e-07
3.0583812e-05
2.0365793e-07
3.0576092e-05
2.3330664e-07
3.0567186e-05
2.6909719e-07
3.0556462e-05
3.252407e-07
3.0543735e-05
3.8421646e-07
3.0526367e-05
5.3531644e-07
3.0504875e-05
6.4490284e-07
3.0466689e-05
1.274664e-06
3.0402337e-05
1.6934331e-06
1.1531652e-05
3.1485324e-05
1.7322111e-08
3.1483878e-05
4.4324786e-08
3.1481755e-05
6.4674032e-08
3.1479049e-05
8.2358745e-08
3.1475771e-05
9.9733329e-08
3.1471955e-05
1.1600214e-07
3.1467619e-05
1.3176499e-07
3.1462744e-05
1.4810786e-07
3.145728e-05
1.6598668e-07
3.145114e-05
1.8649467e-07
3.1444207e-05
2.1059065e-07
3.1436271e-05
2.4124343e-07
3.1427115e-05
2.7825264e-07
3.1416094e-05
3.3626161e-07
3.1403011e-05
3.9730024e-07
3.1385184e-05
5.5314266e-07
3.1363092e-05
6.6699501e-07
3.1324056e-05
1.3136997e-06
3.1257718e-05
1.7597717e-06
1.1475614e-05
3.2371075e-05
1.7916391e-08
3.236959e-05
4.5810349e-08
3.2367408e-05
6.6855384e-08
3.2364627e-05
8.5140226e-08
3.2361257e-05
1.0310343e-07
3.2357335e-05
1.1992431e-07
3.2352877e-05
1.3622219e-07
3.2347866e-05
1.531197e-07
3.2342248e-05
1.7160455e-07
3.2335935e-05
1.9280691e-07
3.2328808e-05
2.1771798e-07
3.2320649e-05
2.4940253e-07
3.2311237e-05
2.8766458e-07
3.2299911e-05
3.4758738e-07
3.228646e-05
4.1075101e-07
3.2268165e-05
5.714382e-07
3.2245457e-05
6.8970258e-07
3.2205582e-05
1.3535747e-06
3.213724e-05
1.8281144e-06
1.1418417e-05
3.3281744e-05
1.8528193e-08
3.3280218e-05
4.7336429e-08
3.3277976e-05
6.9097375e-08
3.3275117e-05
8.7999236e-08
3.3271653e-05
1.0656758e-07
3.3267621e-05
1.2395616e-07
3.3263039e-05
1.4080429e-07
3.3257887e-05
1.5827217e-07
3.3252111e-05
1.7738016e-07
3.3245622e-05
1.9929639e-07
3.3238294e-05
2.2504536e-07
3.3229907e-05
2.5779009e-07
3.3220231e-05
2.9734012e-07
3.3208592e-05
3.5922621e-07
3.3194765e-05
4.2457891e-07
3.3175988e-05
5.9021442e-07
3.3152651e-05
7.1304036e-07
3.3111991e-05
1.3942342e-06
3.3041654e-05
1.8984518e-06
1.1360131e-05
3.4218034e-05
1.9158089e-08
3.4216466e-05
4.8904095e-08
3.4214162e-05
7.140169e-08
3.4211223e-05
9.0937915e-08
3.4207663e-05
1.1012838e-07
3.4203518e-05
1.2810073e-07
3.4198808e-05
1.4551475e-07
3.4193511e-05
1.6356918e-07
3.4187573e-05
1.8331791e-07
3.4180901e-05
2.0596804e-07
3.4173368e-05
2.3257838e-07
3.4164746e-05
2.6641244e-07
3.4154799e-05
3.0728658e-07
3.4142839e-05
3.711865e-07
3.4128624e-05
4.3879438e-07
3.4109355e-05
6.0948296e-07
3.4085372e-05
7.3702314e-07
3.4043996e-05
1.4356106e-06
3.3971735e-05
1.970713e-06
1.1300788e-05
3.5180662e-05
1.9806675e-08
3.5179052e-05
5.0514442e-08
3.5176684e-05
7.3770066e-08
3.5173663e-05
9.3958467e-08
3.5170003e-05
1.1378846e-07
3.5165743e-05
1.3236111e-07
3.51609e-05
1.5035711e-07
3.5155455e-05
1.6901475e-07
3.514935e-05
1.8942232e-07
3.5142491e-05
2.1282695e-07
3.5134747e-05
2.4032277e-07
3.5125883e-05
2.7527609e-07
3.5115658e-05
3.1751148e-07
3.5103368e-05
3.8347682e-07
3.5088754e-05
4.5340812e-07
3.5068982e-05
6.292557e-07
3.5044339e-05
7.616657e-07
3.5002317e-05
1.4776331e-06
3.4928235e-05
2.0447946e-06
1.1240392e-05
3.6170371e-05
2.0474568e-08
3.6168717e-05
5.2168594e-08
3.6166283e-05
7.6204294e-08
3.6163178e-05
9.7063163e-08
3.6159416e-05
1.1755057e-07
3.6155037e-05
1.3674049e-07
3.6150059e-05
1.5533502e-07
3.614446e-05
1.74613e-07
3.6138185e-05
1.9569804e-07
3.6131133e-05
2.1987834e-07
3.6123172e-05
2.4828441e-07
3.611406e-05
2.8438772e-07
3.6103549e-05
3.2802255e-07
3.609092e-05
3.9610597e-07
3.6075897e-05
4.6843118e-07
3.6055608e-05
6.4954471e-07
3.6030291e-05
7.8698274e-07
3.598765e-05
1.5202737e-06
3.5911836e-05
2.1206092e-06
1.117889e-05
3.7187924e-05
2.1162411e-08
3.7186225e-05
5.3867704e-08
3.7183723e-05
7.8706227e-08
3.7180532e-05
1.0025435e-07
3.7176665e-05
1.2141751e-07
3.7172163e-05
1.4124213e-07
3.7167046e-05
1.6045223e-07
3.7161291e-05
1.8036815e-07
3.7154839e-05
2.0214983e-07
3.714759e-05
2.2712755e-07
3.7139405e-05
2.5646936e-07
3.7130039e-05
2.9375415e-07
3.7119233e-05
3.3882771e-07
3.7106257e-05
4.0908287e-07
3.7090813e-05
4.8387503e-07
3.7069995e-05
6.7036198e-07
3.7043989e-05
8.12989e-07
3.700072e-05
1.5635432e-06
3.692328e-05
2.198049e-06
1.1116234e-05
3.8234102e-05
2.1870874e-08
3.8232356e-05
5.5612952e-08
3.8229785e-05
8.1277773e-08
3.8226505e-05
1.0353443e-07
3.822253e-05
1.2539217e-07
3.8217903e-05
1.4586941e-07
3.8212642e-05
1.6571256e-07
3.8206726e-05
1.8628456e-07
3.8200093e-05
2.0878257e-07
3.8192641e-05
2.3458009e-07
3.8184226e-05
2.6488381e-07
3.8174598e-05
3.0338242e-07
3.8163491e-05
3.4993515e-07
3.8150157e-05
4.2241661e-07
3.813428e-05
4.9975181e-07
3.8112923e-05
6.9171859e-07
3.8086212e-05
8.3970069e-07
3.8042288e-05
1.6074665e-06
3.7963315e-05
2.2770227e-06
1.1052398e-05
3.9309711e-05
2.260065e-08
3.9307919e-05
5.7405548e-08
3.9305275e-05
8.3920907e-08
3.9301904e-05
1.0690592e-07
3.9297819e-05
1.2947753e-07
3.9293062e-05
1.5062577e-07
3.9287655e-05
1.7111996e-07
3.9281573e-05
1.9236668e-07
3.9274754e-05
2.1560128e-07
3.9267093e-05
2.422416e-07
3.9258442e-05
2.7353413e-07
3.9248545e-05
3.1327972e-07
3.9237127e-05
3.6135326e-07
3.9223427e-05
4.3611637e-07
3.9207104e-05
5.1607455e-07
3.91852e-05
7.1362284e-07
3.9157757e-05
8.67144e-07
3.9113148e-05
1.6520757e-06
3.9032727e-05
2.3574435e-06
1.0987373e-05
4.0415578e-05
2.3352464e-08
4.0413737e-05
5.9246728e-08
4.041102e-05
8.6637666e-08
4.0407555e-05
1.1037138e-07
4.0403356e-05
1.3367666e-07
4.0398467e-05
1.5551478e-07
4.0392908e-05
1.766785e-07
4.0386656e-05
1.9861909e-07
4.0379646e-05
2.226111e-07
4.037177e-05
2.5011785e-07
4.0362877e-05
2.8242686e-07
4.0352703e-05
3.2345342e-07
4.0340966e-05
3.7309069e-07
4.0326891e-05
4.5019142e-07
4.0310108e-05
5.3285734e-07
4.0287653e-05
7.3607749e-07
4.02594e-05
8.9539717e-07
4.02141e-05
1.6973754e-06
4.0132363e-05
2.4391812e-06
1.0921181e-05
4.1552558e-05
2.4127068e-08
4.1550667e-05
6.1137758e-08
4.1547875e-05
8.9430153e-08
4.1544313e-05
1.1393348e-07
4.1539997e-05
1.3799274e-07
4.1534971e-05
1.6054009e-07
4.1529258e-05
1.8239232e-07
4.152283e-05
2.0504649e-07
4.1515624e-05
2.2981734e-07
4.1507527e-05
2.582148e-07
4.1498385e-05
2.9156871e-07
4.1487927e-05
3.3391109e-07
4.1475862e-05
3.851563e-07
4.1461402e-05
4.6465126e-07
4.1444145e-05
5.5011458e-07
4.1421135e-05
7.5908683e-07
4.1392018e-05
9.2451485e-07
4.1346004e-05
1.7433893e-06
4.1263058e-05
2.5221274e-06
1.0853845e-05
4.2721522e-05
2.4925244e-08
4.271958e-05
6.307993e-08
4.2716709e-05
9.230054e-08
4.2713048e-05
1.1759497e-07
4.2708611e-05
1.4242901e-07
4.2703446e-05
1.6570548e-07
4.2697573e-05
1.8826573e-07
4.2690965e-05
2.1165371e-07
4.2683557e-05
2.372254e-07
4.2675234e-05
2.6653853e-07
4.2665836e-05
3.0096657e-07
4.2655086e-05
3.4466051e-07
4.2642684e-05
3.9755918e-07
4.2627829e-05
4.7950569e-07
4.2610083e-05
5.6786046e-07
4.2586511e-05
7.8265923e-07
4.2556499e-05
9.5452675e-07
4.2509742e-05
1.790146e-06
4.2425671e-05
2.6061987e-06
1.0785397e-05
4.3923371e-05
2.5747807e-08
4.3921377e-05
6.5074567e-08
4.3918426e-05
9.5251067e-08
4.3914663e-05
1.213587e-07
4.3910103e-05
1.4698887e-07
4.3904793e-05
1.7101484e-07
4.3898756e-05
1.9430312e-07
4.3891964e-05
2.184457e-07
4.3884348e-05
2.4484087e-07
4.3875792e-05
2.750953e-07
4.3866131e-05
3.1062749e-07
4.3855082e-05
3.5570963e-07
4.3842332e-05
4.1030863e-07
4.3827073e-05
4.9476482e-07
4.3808825e-05
5.8610889e-07
4.3784678e-05
8.0680595e-07
4.375375e-05
9.8545428e-07
4.3706229e-05
1.8376673e-06
4.3621108e-05
2.6913196e-06
1.0715888e-05
4.5159032e-05
2.6595604e-08
4.5156984e-05
6.7123012e-08
4.5153951e-05
9.8284048e-08
4.5150082e-05
1.252276e-07
4.5145395e-05
1.5167578e-07
4.5139938e-05
1.7647217e-07
4.5133732e-05
2.0050903e-07
4.512675e-05
2.2542759e-07
4.5118921e-05
2.5266947e-07
4.5110125e-05
2.8389154e-07
4.5100194e-05
3.2055873e-07
4.5088837e-05
3.6706662e-07
4.5075731e-05
4.2341416e-07
4.5060057e-05
5.1043914e-07
4.5041292e-05
6.0487368e-07
4.5016558e-05
8.315397e-07
4.4984696e-05
1.0173169e-06
4.4936393e-05
1.8859699e-06
4.4850299e-05
2.7774138e-06
1.064538e-05
4.6429454e-05
2.746952e-08
4.642735e-05
6.922664e-08
4.6424233e-05
1.0140187e-07
4.6420256e-05
1.2920471e-07
4.6415438e-05
1.5649336e-07
4.6409829e-05
1.8208161e-07
4.6403449e-05
2.0688816e-07
4.6396272e-05
2.3260461e-07
4.6388225e-05
2.6071707e-07
4.6379182e-05
2.9293384e-07
4.6368973e-05
3.3076771e-07
4.63573e-05
3.7873989e-07
4.6343829e-05
4.3688552e-07
4.6327729e-05
5.2653944e-07
4.6308433e-05
6.2416875e-07
4.6283099e-05
8.5687392e-07
4.6250282e-05
1.0501337e-06
4.6201184e-05
1.9350678e-06
4.6114198e-05
2.8644005e-06
1.0573943e-05
4.7735615e-05
2.8370474e-08
4.7733455e-05
7.1386849e-08
4.773025e-05
1.0460697e-07
4.7726161e-05
1.3329316e-07
4.7721209e-05
1.6144532e-07
4.7715443e-05
1.8784742e-07
4.7708886e-05
2.134453e-07
4.7701509e-05
2.3998217e-07
4.7693236e-05
2.6898975e-07
4.7683941e-05
3.0222898e-07
4.7673447e-05
3.4126209e-07
4.7661448e-05
3.9073804e-07
4.7647601e-05
4.5073266e-07
4.7631064e-05
5.430768e-07
4.7611225e-05
6.4400818e-07
4.7585276e-05
8.8282246e-07
4.7551486e-05
1.0839238e-06
4.750158e-05
1.984974e-06
4.7413786e-05
2.9521944e-06
1.0501655e-05
4.9078522e-05
2.9299424e-08
4.9076304e-05
7.360506e-08
4.9073009e-05
1.0790191e-07
4.9068806e-05
1.3749621e-07
4.9063716e-05
1.6653549e-07
4.9057789e-05
1.9377402e-07
4.9051049e-05
2.2018544e-07
4.9043465e-05
2.4756583e-07
4.9034961e-05
2.774937e-07
4.9025406e-05
3.1178392e-07
4.9014619e-05
3.5204968e-07
4.9002287e-05
4.030699e-07
4.8988054e-05
4.649658e-07
4.8971068e-05
5.6006262e-07
4.895067e-05
6.6440632e-07
4.8924093e-05
9.093995e-07
4.8889311e-05
1.1187058e-06
4.8838584e-05
2.0357004e-06
4.8750074e-05
3.0407051e-06
1.0428599e-05
5.0459207e-05
3.025737e-08
5.0456929e-05
7.5882719e-08
5.0453542e-05
1.1128927e-07
5.0449221e-05
1.4181717e-07
5.0443989e-05
1.7176784e-07
5.0437897e-05
1.9986595e-07
5.0430969e-05
2.271137e-07
5.0423173e-05
2.5536133e-07
5.0414431e-05
2.8623533e-07
5.040461e-05
3.2160582e-07
5.0393521e-05
3.6313855e-07
5.0380846e-05
4.1574454e-07
5.0366216e-05
4.7959541e-07
5.034877e-05
5.7750854e-07
5.0327799e-05
6.8537777e-07
5.0300579e-05
9.3661954e-07
5.0264787e-05
1.1544981e-06
5.0213229e-05
2.0872581e-06
5.0124096e-05
3.1298379e-06
1.0354859e-05
5.1878735e-05
3.1245355e-08
5.1876396e-05
7.8221298e-08
5.1872914e-05
1.1477175e-07
5.1868472e-05
1.4625951e-07
5.1863093e-05
1.7714645e-07
5.1856831e-05
2.0612789e-07
5.1849709e-05
2.3423536e-07
5.1841696e-05
2.6337458e-07
5.183271e-05
2.9522123e-07
5.1822614e-05
3.3170202e-07
5.1811216e-05
3.7453695e-07
5.1798189e-05
4.2877127e-07
5.1783152e-05
4.946322e-07
5.1765234e-05
5.954265e-07
5.1743675e-05
7.0693738e-07
5.1715797e-05
9.6449746e-07
5.1678976e-05
1.1913184e-06
5.1626577e-05
2.139657e-06
5.1536921e-05
3.2194943e-06
1.0280519e-05
5.3338195e-05
3.2264465e-08
5.3335794e-05
8.0622288e-08
5.3332214e-05
1.183521e-07
5.3327646e-05
1.5082678e-07
5.3322117e-05
1.8267554e-07
5.331568e-05
2.125647e-07
5.330836e-05
2.4155588e-07
5.3300123e-05
2.7161164e-07
5.3290886e-05
3.0445817e-07
5.3280508e-05
3.4208009e-07
5.3268791e-05
3.8625336e-07
5.3255403e-05
4.4215963e-07
5.3239948e-05
5.1008717e-07
5.3221546e-05
6.1382875e-07
5.3199383e-05
7.2910026e-07
5.3170832e-05
9.9304843e-07
5.3132966e-05
1.229184e-06
5.3079718e-05
2.1929057e-06
5.298964e-05
3.3095723e-06
1.0205671e-05
5.4838715e-05
3.3315836e-08
5.483625e-05
8.3087202e-08
5.4832569e-05
1.2203316e-07
5.4827873e-05
1.5552263e-07
5.4822189e-05
1.8835947e-07
5.4815572e-05
2.1918135e-07
5.4808047e-05
2.4908087e-07
5.479958e-05
2.800788e-07
5.4790085e-05
3.1395312e-07
5.4779417e-05
3.5274779e-07
5.4767374e-05
3.9829651e-07
5.4753614e-05
4.5591942e-07
5.473773e-05
5.2597156e-07
5.4718831e-05
6.3272781e-07
5.469605e-05
7.5188174e-07
5.466681e-05
1.022288e-06
5.4627883e-05
1.2681115e-06
5.4573777e-05
2.2470109e-06
5.4483382e-05
3.3999671e-06
1.0130412e-05
5.6381445e-05
3.4400653e-08
5.6378915e-05
8.5617578e-08
5.637513e-05
1.2581785e-07
5.6370302e-05
1.6035084e-07
5.6364459e-05
1.942027e-07
5.6357657e-05
2.2598301e-07
5.6349922e-05
2.5681613e-07
5.6341218e-05
2.8878252e-07
5.6331458e-05
3.2371327e-07
5.6320493e-05
3.6371314e-07
5.6308114e-05
4.1067535e-07
5.6293972e-05
4.7006068e-07
5.6277647e-05
5.4229691e-07
5.6258238e-05
6.5213651e-07
5.6234823e-05
7.7529739e-07
5.6204879e-05
1.0522319e-06
5.6164873e-05
1.3081168e-06
5.6109907e-05
2.3019773e-06
5.6019302e-05
3.4905719e-06
1.0054843e-05
5.7967577e-05
3.5520154e-08
5.796498e-05
8.821497e-08
5.7961089e-05
1.2970917e-07
5.7956124e-05
1.653153e-07
5.7950117e-05
2.0020987e-07
5.7943125e-05
2.3297497e-07
5.7935174e-05
2.6476763e-07
5.7926227e-05
2.9772945e-07
5.7916194e-05
3.3374603e-07
5.7904923e-05
3.7498434e-07
5.7892199e-05
4.2339907e-07
5.7877666e-05
4.8459373e-07
5.7860888e-05
5.59075e-07
5.7840956e-05
6.7206798e-07
5.7816891e-05
7.9936299e-07
5.7786226e-05
1.0828964e-06
5.7745128e-05
1.3492152e-06
5.7689298e-05
2.3578071e-06
5.7598592e-05
3.5812786e-06
9.9790715e-06
5.959833e-05
3.6675631e-08
5.9595664e-05
9.0880956e-08
5.9591662e-05
1.3371021e-07
5.9586558e-05
1.7041999e-07
5.9580382e-05
2.0638571e-07
5.9573194e-05
2.401627e-07
5.956502e-05
2.7294154e-07
5.9555823e-05
3.0692647e-07
5.954551e-05
3.44059e-07
5.9533925e-05
3.8656988e-07
5.9520847e-05
4.3647714e-07
5.9505911e-05
4.9952918e-07
5.9488668e-05
5.7631796e-07
5.9468201e-05
6.9253568e-07
5.9443469e-05
8.240945e-07
5.9412068e-05
1.1142977e-06
5.9369862e-05
1.3914213e-06
5.9313169e-05
2.4144993e-06
5.922247e-05
3.6719785e-06
9.9032072e-06
6.1274959e-05
3.7868437e-08
6.1272223e-05
9.3617132e-08
6.1268109e-05
1.3782414e-07
6.126286e-05
1.7566903e-07
6.1256511e-05
2.1273511e-07
6.1249122e-05
2.4755183e-07
6.1240719e-05
2.8134421e-07
6.1231265e-05
3.1638064e-07
6.1220664e-05
3.5466007e-07
6.1208755e-05
3.9847849e-07
6.1195313e-05
4.4991933e-07
6.1179964e-05
5.1487792e-07
6.1162244e-05
5.9403819e-07
6.1141226e-05
7.1355342e-07
6.1115812e-05
8.4950815e-07
6.1083658e-05
1.1464524e-06
6.104033e-05
1.4347489e-06
6.098278e-05
2.47205e-06
6.0892195e-05
3.762563e-06
9.8273597e-06
6.2998754e-05
3.9099984e-08
6.2995946e-05
9.6425113e-08
6.2991716e-05
1.4205421e-07
6.2986319e-05
1.8106665e-07
6.2979791e-05
2.1926312e-07
6.2972194e-05
2.5514813e-07
6.2963557e-05
2.8998214e-07
6.2953838e-05
3.2609926e-07
6.2942941e-05
3.6555733e-07
6.29307e-05
4.1071919e-07
6.2916884e-05
4.6373567e-07
6.290111e-05
5.3065119e-07
6.28829e-05
6.1224846e-07
6.2861318e-05
7.3513539e-07
6.2835206e-05
8.7562036e-07
6.2802281e-05
1.1793773e-06
6.2757819e-05
1.4792111e-06
6.2699418e-05
2.5304512e-06
6.2609056e-05
3.852925e-06
9.7516392e-06
6.4771044e-05
6.4768163e-05
6.4763813e-05
6.4758263e-05
6.4751551e-05
6.4743741e-05
6.4734862e-05
6.4724871e-05
6.4713669e-05
6.4701087e-05
6.4686886e-05
6.4670677e-05
6.4651963e-05
6.4629803e-05
6.4602975e-05
6.4569263e-05
6.4523654e-05
6.4464414e-05
6.437438e-05
)
;

boundaryField
{
    inlet
    {
        type            calculated;
        value           nonuniform List<scalar> 
31
(
-2.8178653e-05
-2.8971381e-05
-2.9786411e-05
-3.0624369e-05
-3.1485901e-05
-3.237167e-05
-3.3282356e-05
-3.4218664e-05
-3.5181311e-05
-3.6171039e-05
-3.7188612e-05
-3.823481e-05
-3.9310441e-05
-4.041633e-05
-4.1553333e-05
-4.272232e-05
-4.3924194e-05
-4.515988e-05
-4.6430328e-05
-4.7736516e-05
-4.9079451e-05
-5.0460165e-05
-5.1879723e-05
-5.3339214e-05
-5.4839766e-05
-5.638253e-05
-5.7968697e-05
-5.9599485e-05
-6.1276152e-05
-6.2999986e-05
-6.4772316e-05
)
;
    }
    top
    {
        type            calculated;
        value           nonuniform List<scalar> 0();
    }
    outlet
    {
        type            calculated;
        value           nonuniform List<scalar> 0();
    }
    slipsurface
    {
        type            calculated;
        value           nonuniform List<scalar> 0();
    }
    bottom
    {
        type            calculated;
        value           nonuniform List<scalar> 0();
    }
    frontandback
    {
        type            empty;
    }
    procBoundary4to2
    {
        type            processor;
        value           nonuniform List<scalar> 
30
(
2.1936002e-05
2.2684631e-05
2.3458105e-05
2.4257323e-05
2.508322e-05
2.593677e-05
2.681899e-05
2.7730936e-05
2.8673778e-05
2.9648846e-05
3.0657601e-05
3.1701552e-05
3.2782163e-05
3.3900897e-05
3.5059228e-05
3.6258681e-05
3.7500844e-05
3.8787386e-05
4.0120079e-05
4.1500808e-05
4.2931585e-05
4.4414568e-05
4.5952064e-05
4.7546558e-05
4.9200699e-05
5.0917312e-05
-8.2089866e-06
-7.8716925e-06
-7.5626573e-06
-7.2794666e-06
)
;
    }
    procBoundary4to3
    {
        type            processor;
        value           nonuniform List<scalar> 4(5.1150597e-05 5.2908906e-05 5.4732005e-05 5.6622895e-05);
    }
    procBoundary4to5
    {
        type            processor;
        value           nonuniform List<scalar> 
61
(
2.0045916e-05
1.6242264e-05
1.4075121e-05
1.3475905e-05
1.2905102e-05
1.2753907e-05
1.2613111e-05
1.2560152e-05
1.2563329e-05
1.2618059e-05
1.2707374e-05
1.2824579e-05
1.2965175e-05
1.3126115e-05
1.3304645e-05
1.3497728e-05
1.3703461e-05
1.3920873e-05
1.4149416e-05
1.4389344e-05
1.4640702e-05
1.4902896e-05
1.51724e-05
1.5429249e-05
1.5615659e-05
1.5648819e-05
1.5486508e-05
1.5157236e-05
1.4720722e-05
1.4232539e-05
1.3729277e-05
1.3223216e-05
1.2702404e-05
1.2156193e-05
1.1598289e-05
1.1051512e-05
1.0533282e-05
1.005198e-05
9.609323e-06
9.2038542e-06
8.8336216e-06
4.0371169e-08
9.9305735e-08
1.4640291e-07
1.8661742e-07
2.2597722e-07
2.6295638e-07
2.9886142e-07
3.3608924e-07
3.7675828e-07
4.2330106e-07
4.7793685e-07
5.4686022e-07
6.3096293e-07
7.5729449e-07
9.024478e-07
1.2130899e-06
1.5248198e-06
2.5896904e-06
3.9429602e-06
9.6761554e-06
)
;
    }
    procBoundary4to7
    {
        type            processor;
        value           nonuniform List<scalar> 
58
(
-2.3780025e-05
-1.7392663e-05
-1.4449513e-05
-1.3305301e-05
-1.2916247e-05
-1.2774148e-05
-1.2690827e-05
-1.2641973e-05
-1.2624965e-05
-1.2558245e-05
-1.2300274e-05
-1.1771567e-05
-1.104112e-05
-1.023514e-05
-9.4242472e-06
-8.6191298e-06
-7.8419685e-06
-7.1312715e-06
-6.506461e-06
-5.9670936e-06
-5.5039925e-06
-5.1055933e-06
-4.7607032e-06
-4.4599948e-06
-4.1962591e-06
-3.963709e-06
-3.757612e-06
-3.5744243e-06
-3.4112643e-06
-3.2655887e-06
-3.1350453e-06
-3.01716e-06
-2.9095196e-06
-2.8106577e-06
-2.719529e-06
-2.635072e-06
-2.556312e-06
-1.459608e-08
-3.7468249e-08
-5.4622971e-08
-6.9543335e-08
-8.4207035e-08
-9.793631e-08
-1.1123773e-07
-1.250284e-07
-1.4011679e-07
-1.5742812e-07
-1.7776911e-07
-2.0366527e-07
-2.3490386e-07
-2.8404997e-07
-3.3535662e-07
-4.6848557e-07
-5.6239526e-07
-1.1269441e-06
-1.4476256e-06
2.7974323e-05
-1.1692659e-05
)
;
    }
}


// ************************************************************************* //
