/*--------------------------------*- C++ -*----------------------------------*\
  =========                 |
  \\      /  F ield         | OpenFOAM: The Open Source CFD Toolbox
   \\    /   O peration     | Website:  https://openfoam.org
    \\  /    A nd           | Version:  12
     \\/     M anipulation  |
\*---------------------------------------------------------------------------*/
FoamFile
{
    format      ascii;
    class       volScalarField;
    location    "1200";
    object      p;
}
// * * * * * * * * * * * * * * * * * * * * * * * * * * * * * * * * * * * * * //

dimensions      [0 2 -2 0 0 0 0];

internalField   nonuniform List<scalar> 
467
(
0.0036338339
0.0037038311
0.0038096192
0.0038972509
0.0039608215
0.0039989363
0.0040161716
0.0040206176
0.0040190356
0.0040153587
0.003627197
0.0036928756
0.0037930309
0.0038743343
0.0039306497
0.0039625427
0.0039754883
0.0039773417
0.0039743028
0.0039698303
0.0036184658
0.0036789094
0.0037720398
0.0038458344
0.0038938913
0.0039189162
0.0039272812
0.0039264526
0.0039219411
0.0039166747
0.0036068367
0.0036611151
0.0037455678
0.0038105352
0.003849432
0.0038671056
0.0038707446
0.0038672555
0.0038613348
0.0038553342
0.0035911828
0.0036384263
0.0037124235
0.0037671393
0.0037961754
0.0038062802
0.003805246
0.0037992276
0.0037919975
0.0037853197
0.0035700867
0.0036095044
0.0036711982
0.0037142795
0.0037330972
0.0037357938
0.0037304076
0.0037221905
0.0037139251
0.0037067623
0.0035417733
0.0035726687
0.0036203754
0.0036507219
0.0036594319
0.0036552941
0.0036460286
0.0036358541
0.0036266516
0.0036190659
0.0035040567
0.0035259232
0.0035584613
0.0035755358
0.0035748047
0.0035649442
0.0035528218
0.0035414824
0.0035318798
0.0035241795
0.0034544106
0.0034671057
0.0034841667
0.0034882694
0.0034791768
0.0034645104
0.0034498252
0.0034372599
0.0034271927
0.0034194141
0.0033901988
0.0033941348
0.0033965904
0.0033891546
0.003373893
0.0033568662
0.0033416752
0.0033292364
0.0033194164
0.0033118703
0.0033091564
0.0033053614
0.0032953823
0.0032781391
0.0032571829
0.0032371248
0.00322045
0.0032075159
0.0031977597
0.0031904958
0.0032099049
0.0032003851
0.0031817947
0.0031597879
0.0031387085
0.0031204745
0.0031055179
0.0030936931
0.0030846265
0.0030778351
0.0030930735
0.0030797277
0.0030539568
0.0030251587
0.0029994932
0.0029789956
0.0029634587
0.0029519384
0.0029434742
0.0029372935
0.0029618466
0.0029495887
0.0029280904
0.0029067175
0.0028886174
0.0028735302
0.002861066
0.00285116
0.0028436124
0.002838005
0.002820493
0.0028019305
0.0027705025
0.0027404885
0.0027181319
0.0027022337
0.002690507
0.0026817491
0.0026753184
0.0026706673
0.0026874945
0.0026902394
0.0026847754
0.0026738331
0.0026613823
0.0026495665
0.0026395505
0.0026316561
0.002625655
0.0026211686
0.0025260263
0.0024880219
0.0024474675
0.0024187078
0.0023990135
0.0023846669
0.0023741052
0.0023664831
0.0023610347
0.0023571271
0.0039779754
0.0039622225
0.0039445384
0.0039248403
0.0039030613
0.0038791535
0.0038530915
0.0038248746
0.0040115288
0.0040078216
0.0040034432
0.0039981285
0.0039916921
0.0039840553
0.0039751382
0.0039648342
0.0039530332
0.0039396325
0.0039245365
0.0039076564
0.0038889127
0.0038682395
0.0038455868
0.0038209238
0.0037942408
0.0039655918
0.0039616263
0.0039570376
0.0039515888
0.0039451131
0.0039375402
0.0039287995
0.0039187961
0.003907431
0.003894611
0.003880249
0.0038642625
0.0038465767
0.0038271271
0.0038058628
0.0037827479
0.0037577644
0.0039120314
0.0039078168
0.0039030316
0.0038974674
0.0038909774
0.0038835002
0.0038749742
0.0038653167
0.0038544401
0.0038422618
0.0038287032
0.0038136894
0.0037971508
0.0037790259
0.0037592632
0.0037378233
0.0037146811
0.0038503301
0.0038458983
0.0038409498
0.0038353065
0.0038288419
0.0038215032
0.003813238
0.0038039753
0.0037936393
0.0037821581
0.0037694624
0.0037554854
0.0037401636
0.0037234393
0.0037052619
0.0036855902
0.0036643931
0.0037799924
0.0037753856
0.0037703197
0.0037646418
0.0037582466
0.0037510907
0.0037431302
0.0037343052
0.0037245517
0.0037138083
0.0037020153
0.003689114
0.0036750478
0.0036597639
0.0036432141
0.0036253567
0.0036061572
0.0037012225
0.0036965041
0.0036913823
0.0036857331
0.0036794679
0.0036725504
0.0036649447
0.0036566019
0.0036474687
0.003637494
0.0036266271
0.0036148179
0.003602017
0.0035881771
0.0035732539
0.0035572068
0.0035400001
0.0036133775
0.0036086249
0.003603521
0.0035979625
0.0035918814
0.0035852501
0.0035780395
0.0035702093
0.0035617165
0.0035525192
0.0035425756
0.0035318434
0.0035202807
0.0035078463
0.0034945005
0.0034802056
0.0034649268
0.0035184868
0.0035137659
0.0035087466
0.0035033485
0.003497513
0.0034912168
0.0034844377
0.0034771442
0.0034693017
0.0034608763
0.003451834
0.0034421404
0.0034317601
0.0034206584
0.0034088008
0.0033961535
0.0033826844
0.0034138027
0.0034092191
0.0034043743
0.0033992048
0.0033936716
0.0033877582
0.0033814457
0.0033747089
0.0033675207
0.0033598544
0.0033516829
0.003342978
0.0033337112
0.0033238535
0.0033133757
0.0033022489
0.0032904442
0.0033064516
0.0033020331
0.0032973972
0.0032924967
0.0032872948
0.003281777
0.0032759296
0.0032697335
0.0032631675
0.0032562101
0.0032488399
0.0032410345
0.0032327706
0.003224025
0.0032147745
0.0032049955
0.003194663
0.0031853783
0.0031812578
0.0031769444
0.0031724012
0.0031676082
0.0031625559
0.003157232
0.003151621
0.0031457065
0.003139472
0.0031329006
0.0031259744
0.0031186751
0.0031109837
0.0031028806
0.0030943461
0.0030853595
0.0030730432
0.0030691679
0.0030651312
0.0030609097
0.0030564801
0.0030518321
0.0030469575
0.0030418448
0.0030364812
0.0030308534
0.003024948
0.0030187511
0.003012248
0.0030054233
0.0029982604
0.0029907424
0.0029828527
0.0029330033
0.0029295823
0.0029260173
0.0029222861
0.0029183808
0.0029142959
0.0029100231
0.0029055521
0.002900873
0.0028959753
0.0028908485
0.0028854811
0.0028798612
0.0028739766
0.0028678144
0.0028613613
0.0028546034
0.0028340657
0.0028308808
0.0028275738
0.0028241333
0.0028205408
0.0028167884
0.0028128708
0.002808781
0.0028045103
0.0028000501
0.0027953914
0.0027905251
0.0027854413
0.0027801298
0.0027745801
0.0027687811
0.0027627213
0.0026674641
0.0026649181
0.0026622627
0.0026594844
0.0026565808
0.0026535484
0.0026503808
0.0026470709
0.0026436118
0.0026399966
0.0026362179
0.0026322679
0.0026281384
0.0026238209
0.0026193065
0.0026145858
0.0026096492
0.0026179979
0.0026154247
0.002612762
0.0026100023
0.002607127
0.002604129
0.0026010052
0.0025977507
0.002594359
0.0025908233
0.0025871369
0.0025832928
0.0025792837
0.0025751016
0.0025707385
0.0025661857
0.0025614344
0.0023544388
0.0023523075
0.0023500907
0.0023477775
0.0023453665
0.0023428552
0.0023402386
0.0023375113
0.0023346681
0.0023317036
0.0023286121
0.0023253876
0.0023220238
0.0023185142
0.0023148519
0.0023110296
0.0023070398
)
;

boundaryField
{
    inlet
    {
        type            zeroGradient;
    }
    top
    {
        type            zeroGradient;
    }
    outlet
    {
        type            fixedValue;
        value           nonuniform List<scalar> 0();
    }
    slipsurface
    {
        type            slip;
    }
    bottom
    {
        type            zeroGradient;
    }
    frontandback
    {
        type            empty;
    }
    procBoundary15to12
    {
        type            processor;
        value           uniform 0.0037945293;
    }
    procBoundary15to13
    {
        type            processor;
        value           nonuniform List<scalar> 
17
(
0.0037655517
0.0037309142
0.003689827
0.003641652
0.0035855899
0.003521604
0.0034486328
0.0033683628
0.0032779338
0.0031837517
0.0030758997
0.0029745745
0.0028475264
0.0027563887
0.0026044865
0.0025564752
0.0023028747
)
;
    }
    procBoundary15to14
    {
        type            processor;
        value           nonuniform List<scalar> 
28
(
0.0040119323
0.0039955725
0.0039771428
0.0039565576
0.0039337496
0.0039086738
0.0038813108
0.0038516691
0.003638931
0.0037124265
0.0038227217
0.0039156369
0.0039854457
0.0040290616
0.0040502023
0.0040570682
0.0040568722
0.0040539649
0.0040505371
0.0040470872
0.0040429219
0.0040377504
0.0040313703
0.0040236951
0.0040146358
0.0040040749
0.0039918919
0.0039918919
)
;
    }
}


// ************************************************************************* //
