/*--------------------------------*- C++ -*----------------------------------*\
  =========                 |
  \\      /  F ield         | OpenFOAM: The Open Source CFD Toolbox
   \\    /   O peration     | Website:  https://openfoam.org
    \\  /    A nd           | Version:  12
     \\/     M anipulation  |
\*---------------------------------------------------------------------------*/
FoamFile
{
    format      ascii;
    class       volScalarField;
    location    "1500";
    object      epsilon;
}
// * * * * * * * * * * * * * * * * * * * * * * * * * * * * * * * * * * * * * //

dimensions      [0 2 -3 0 0 0 0];

internalField   nonuniform List<scalar> 
467
(
0.32246898
0.32007524
0.31771479
0.31538682
0.31309055
0.3108252
0.30859003
0.30638432
0.30420737
0.30205848
0.299937
0.29784225
0.29577359
0.29373038
0.29171197
0.28971774
0.28774689
0.28579894
0.28387259
0.28196813
0.28008137
0.27821754
0.27635781
0.27453477
0.27263554
0.27103729
0.26809474
0.13018406
0.12911688
0.12806669
0.1270331
0.12601571
0.12501416
0.12402806
0.12305705
0.12210078
0.12115888
0.12023102
0.11931684
0.11841602
0.11752822
0.11665311
0.11579038
0.11493967
0.11410066
0.11327301
0.11245637
0.11165022
0.11085432
0.11006722
0.10929091
0.10850691
0.10781065
0.10662333
0.073726882
0.07314868
0.072576444
0.072010307
0.071450374
0.070896729
0.070349435
0.069808532
0.069274043
0.068745973
0.068224311
0.067709036
0.067200113
0.066697496
0.066201134
0.06571096
0.065226909
0.064748885
0.064276827
0.063810549
0.063350107
0.062894946
0.062445681
0.062001293
0.06155634
0.061160364
0.060480853
0.049623428
0.049281957
0.048939206
0.048595762
0.048252148
0.047908833
0.047566232
0.047224712
0.046884597
0.04654617
0.046209681
0.045875346
0.045543355
0.045213871
0.044887036
0.044562966
0.044241771
0.043923517
0.043608308
0.043296105
0.042987149
0.042681011
0.042378649
0.042078849
0.041779418
0.041513993
0.041054203
0.036376394
0.036193795
0.036003192
0.035805686
0.035602267
0.035393826
0.035181161
0.03496499
0.034745954
0.03452463
0.034301532
0.034077122
0.033851814
0.033625977
0.033399944
0.033174006
0.032948435
0.032723453
0.032499299
0.032276083
0.032054146
0.03183326
0.031614372
0.031396614
0.031178598
0.030986737
0.030649542
0.027831558
0.027781174
0.027715527
0.027636345
0.02754518
0.027443428
0.027332342
0.027213048
0.02708656
0.02695379
0.026815558
0.026672605
0.026525595
0.02637513
0.02622175
0.026065943
0.025908152
0.025748766
0.025588167
0.02542662
0.025264559
0.025101961
0.024939712
0.024777347
0.024613687
0.024470754
0.024214494
0.021660438
0.021735029
0.021786198
0.021816418
0.02182791
0.021822663
0.021802465
0.021768926
0.021723493
0.021667469
0.021602031
0.021528238
0.021447049
0.021359328
0.021265856
0.021167338
0.021064419
0.020957669
0.020847632
0.02073474
0.020619534
0.020502195
0.020383574
0.020263558
0.020141099
0.020034833
0.019838913
0.016808499
0.017008768
0.017176648
0.017315413
0.017428002
0.017517063
0.017584976
0.017633888
0.017665732
0.017682255
0.017685033
0.017675488
0.017654909
0.017624458
0.01758519
0.017538057
0.017483928
0.01742358
0.017357739
0.017287022
0.017212097
0.017133346
0.01705163
0.016967127
0.016878994
0.016802834
0.016656215
0.012742858
0.013070767
0.013357298
0.013606349
0.013821478
0.014005921
0.014162626
0.014294266
0.014403269
0.014491835
0.01456196
0.014615454
0.014653958
0.01467896
0.014691811
0.014693736
0.014685849
0.014669157
0.014644589
0.014612959
0.014575089
0.014531562
0.014483293
0.014430702
0.014373247
0.014323616
0.014220198
0.0091889602
0.0096402403
0.010043422
0.010402207
0.010720201
0.011000857
0.011247423
0.011462922
0.011650153
0.011811693
0.011949908
0.012066966
0.012164848
0.012245362
0.012310161
0.012360746
0.012398492
0.012424645
0.012440352
0.012446637
0.012444491
0.012434704
0.01241828
0.012395842
0.012367251
0.012342281
0.012278777
0.0060393338
0.0065902674
0.0070944188
0.0075527288
0.0079671725
0.0083402373
0.0086746301
0.0089731338
0.0092385049
0.0094734043
0.0096803616
0.0098617558
0.010019807
0.010156577
0.010273968
0.010373735
0.010457492
0.010526716
0.010582771
0.010626889
0.010660243
0.010683822
0.01069875
0.010705819
0.01070538
0.010704247
0.010679082
0.003349734
0.0039301186
0.0044861901
0.0050100404
0.0054975835
0.0059471067
0.0063585583
0.0067329576
0.0070719335
0.0073774544
0.0076516602
0.0078967459
0.0081148848
0.008308183
0.0084786508
0.0086281868
0.0087585708
0.0088714603
0.0089683979
0.0090508025
0.0091200126
0.0091772061
0.0092236372
0.009260237
0.0092879139
0.0093104377
0.009323121
0.0013914678
0.0018416808
0.0023318085
0.0028370159
0.0033377491
0.003821208
0.0042797485
0.0047090382
0.0051069783
0.0054730228
0.0058076318
0.0061118855
0.0063872405
0.0066353644
0.0068580219
0.0070569994
0.0072340561
0.0073908925
0.0075291331
0.0076503099
0.0077558798
0.0078471681
0.0079255454
0.0079920425
0.0080481708
0.0080945433
0.0081452589
0.00042902874
0.00063048017
0.00090142595
0.0012395536
0.0016313248
0.0020564824
0.0024947257
0.0029301463
0.0033520055
0.0037535485
0.0041307752
0.0044816328
0.0048054173
0.0051023141
0.0053730836
0.0056188482
0.0058409432
0.0060408153
0.0062199536
0.0063798424
0.0065219405
0.0066476306
0.0067583453
0.0068551503
0.0069401783
0.0070107336
0.007100017
0.00013740104
0.00019346796
0.00028124059
0.00041369059
0.0006016801
0.00085049303
0.0011560023
0.0015050641
0.0018801906
0.0022648545
0.002646356
0.0030159867
0.003368122
0.0036993788
0.0040079852
0.0042932853
0.0045553751
0.0047948496
0.0050126236
0.0052098085
0.0053876267
0.0055473376
0.005690311
0.0058175342
0.0059317335
0.00602672
0.0061551492
6.1165871e-05
7.7367896e-05
0.00010167741
0.00013878059
0.00019674675
0.00028598493
0.00041760625
0.00060013774
0.00083580019
0.001118247
0.0014345406
0.0017696375
0.0021102769
0.0024465061
0.0027714601
0.0030806743
0.0033714687
0.0036424485
0.0038931126
0.004123578
0.0043343724
0.0045262885
0.0047003862
0.0048573723
0.0050004647
0.0051197637
0.005287595
3.5812125e-05
4.185444e-05
5.0207691e-05
6.2065693e-05
7.9465157e-05
0.00010564694
0.00014598263
0.00020845314
0.00030271818
0.00043801407
0.00061999529
0.00084744922
0.0011120956
0.0014015346
0.0017031354
0.0020064778
0.002303908
0.0025901696
0.0028618705
0.0031170132
0.0033545939
0.0035743117
0.0037764577
0.0039610992
0.0041317191
0.0042744444
0.0044811337
0.0022003113
0.0024526623
0.0026913757
0.0029151697
0.0031228497
0.0033177303
0.0034816285
0.0037251434
)
;

boundaryField
{
    inlet
    {
        type            zeroGradient;
    }
    top
    {
        type            zeroGradient;
    }
    outlet
    {
        type            zeroGradient;
    }
    slipsurface
    {
        type            slip;
    }
    bottom
    {
        type            epsilonWallFunction;
        value           nonuniform List<scalar> 
27
(
0.32246898
0.32007524
0.31771479
0.31538682
0.31309055
0.3108252
0.30859003
0.30638432
0.30420737
0.30205848
0.299937
0.29784225
0.29577359
0.29373038
0.29171197
0.28971774
0.28774689
0.28579894
0.28387259
0.28196813
0.28008137
0.27821754
0.27635781
0.27453477
0.27263554
0.27103729
0.26809474
)
;
    }
    frontandback
    {
        type            empty;
    }
    procBoundary4to5
    {
        type            processor;
        value           nonuniform List<scalar> 
28
(
2.4823088e-05
2.7645713e-05
3.128682e-05
3.6081787e-05
4.2602043e-05
5.1711495e-05
6.4838622e-05
8.429567e-05
0.00011385007
0.00015950226
0.00022914366
0.00033145745
0.00047348354
0.00065731609
0.00087856038
0.0011277511
0.0013936302
0.0016659735
0.0019367834
0.0019367834
0.0014018923
0.0016478028
0.0018895863
0.002123185
0.0023451452
0.0025578658
0.0027384003
0.0030141771
)
;
    }
    procBoundary4to7
    {
        type            processor;
        value           nonuniform List<scalar> 
17
(
0.32489687
0.13126864
0.074310885
0.049962962
0.036549763
0.027864751
0.021559662
0.016572198
0.01236932
0.0086858732
0.0054422637
0.0027595172
0.0010051175
0.00028978238
0.00010137922
4.9988162e-05
3.1312414e-05
)
;
    }
}


// ************************************************************************* //
