/*--------------------------------*- C++ -*----------------------------------*\
  =========                 |
  \\      /  F ield         | OpenFOAM: The Open Source CFD Toolbox
   \\    /   O peration     | Website:  https://openfoam.org
    \\  /    A nd           | Version:  12
     \\/     M anipulation  |
\*---------------------------------------------------------------------------*/
FoamFile
{
    format      ascii;
    class       volScalarField;
    location    "1400";
    object      p;
}
// * * * * * * * * * * * * * * * * * * * * * * * * * * * * * * * * * * * * * //

dimensions      [0 2 -2 0 0 0 0];

internalField   nonuniform List<scalar> 
1760
(
0.014070685
0.0052620895
0.0047339376
0.004179033
0.003643911
0.0033097534
0.0030316119
0.0027904846
0.0025226104
0.0021739675
0.0017489839
0.0013094504
0.00091753386
0.00060707597
0.00037693552
0.0002089222
8.6074492e-05
-3.8205806e-06
-6.9574403e-05
-0.00011719523
-0.00015083535
-0.00017356439
-0.00018816142
-0.00019621145
-0.00019900917
-0.00019780934
-0.00019331839
-0.00018636213
-0.00017737227
-0.00016683124
-0.00015514217
-0.00014256619
-0.00012935841
-0.0001157714
-0.0001019118
0.014085528
0.0052676533
0.0047351837
0.0041797589
0.0036444508
0.0033101813
0.0030319678
0.0027908004
0.0025229091
0.0021742576
0.0017492591
0.0013096995
0.00091774991
0.0006072588
0.0003770892
0.00020905197
8.618501e-05
-3.7256532e-06
-6.9492257e-05
-0.00011712369
-0.00015077267
-0.00017350921
-0.0001881126
-0.00019616809
-0.00019896593
-0.00019777472
-0.00019328731
-0.00018633415
-0.000177347
-0.00016680838
-0.00015512142
-0.00014254733
-0.00012934124
-0.00011575573
-0.00010189748
0.014102698
0.005278521
0.0047376064
0.0041810252
0.0036453577
0.0033108894
0.0030325516
0.002791315
0.0025233923
0.002174723
0.0017496974
0.0013100936
0.00091808971
0.00060754488
0.00037732864
0.00020925344
8.6356098e-05
-3.5790671e-06
-6.9365688e-05
-0.00011701367
-0.00015067648
-0.00017342464
-0.0001880379
-0.00019610182
-0.00019890424
-0.00019772196
-0.00019324
-0.00018629159
-0.00017730861
-0.00016677367
-0.00015508996
-0.00014251876
-0.00012931523
-0.00011573202
-0.00010187582
0.014117435
0.0052935324
0.0047412604
0.004182829
0.0036466024
0.0033118499
0.0030333391
0.0027920059
0.0025240379
0.0021753417
0.0017502774
0.0013106131
0.00091853615
0.00060791965
0.00037764158
0.00020951629
8.6578965e-05
-3.3883567e-06
-6.9201202e-05
-0.00011687084
-0.0001505517
-0.00017331505
-0.00018794117
-0.00019601608
-0.00019882781
-0.00019765377
-0.00019317889
-0.00018623666
-0.0001772591
-0.00016672891
-0.00015504942
-0.00014248195
-0.00012928176
-0.00011570151
-0.00010184797
0.014128145
0.0053095633
0.0047458625
0.0041850329
0.0036480649
0.0033129652
0.0030342489
0.0027928014
0.0025247783
0.0021760482
0.001750937
0.001311202
0.00091904101
0.00060834268
0.00037799437
0.00020981237
8.6829907e-05
-3.1736829e-06
-6.9016084e-05
-0.00011671011
-0.00015041132
-0.00017319176
-0.00018783236
-0.00019591963
-0.00019874226
-0.00019757708
-0.00019311016
-0.00018617487
-0.0001772034
-0.00016667858
-0.00015500383
-0.00014244057
-0.00012924411
-0.0001156672
-0.00010181666
0.014132122
0.0053257106
0.0047512962
0.0041875926
0.0036497035
0.0033141989
0.0030352497
0.0027936729
0.0025255858
0.0021768147
0.0017516491
0.0013118348
0.0009195813
0.00060879404
0.00037836997
0.00021012711
8.7096332e-05
-2.9459852e-06
-6.88199e-05
-0.00011653991
-0.00015026274
-0.00017306136
-0.00018771733
-0.00019581772
-0.00019865167
-0.00019749611
-0.00019303763
-0.0001861097
-0.00017714468
-0.00016662553
-0.00015495578
-0.00014239696
-0.00012920445
-0.00011563108
-0.00010178369
0.014131695
0.0053438989
0.0047575361
0.0041905057
0.0036515204
0.0033155497
0.0030363393
0.002794618
0.0025264578
0.002177638
0.0017524097
0.0013125073
0.00092015315
0.00060927016
0.00037876518
0.00021045765
8.7375724e-05
-2.7075088e-06
-6.8614658e-05
-0.00011636202
-0.00015010761
-0.00017292531
-0.00018759741
-0.00019571156
-0.00019855726
-0.00019741187
-0.00019296221
-0.00018604197
-0.00017708367
-0.00016657044
-0.00015490592
-0.00014235173
-0.00012916334
-0.00011559363
-0.00010174954
0.014129744
0.0053641451
0.0047645491
0.0041937778
0.0036535223
0.0033170201
0.0030375189
0.0027956375
0.0025273944
0.0021785179
0.0017532182
0.0013132187
0.00092075557
0.0006097701
0.00037917915
0.00021080325
8.7667404e-05
-2.4588585e-06
-6.84009e-05
-0.00011617695
-0.00014994636
-0.00017278401
-0.00018747297
-0.00019560147
-0.00019845943
-0.00019732463
-0.00019288415
-0.0001859719
-0.0001770206
-0.00016651351
-0.00015485442
-0.00014230503
-0.00012912091
-0.00011555501
-0.00010171432
0.014126984
0.0053845184
0.004772286
0.0041974112
0.0036557151
0.0033186117
0.0030387888
0.002796731
0.0025283951
0.0021794533
0.0017540733
0.0013139675
0.00092138708
0.00061029254
0.00037961074
0.00021116292
8.7970528e-05
-2.2007684e-06
-6.817927e-05
-0.00011598525
-0.00014977948
-0.0001726379
-0.00018734439
-0.0001954878
-0.0001983585
-0.00019723466
-0.0001928037
-0.00018589973
-0.00017695566
-0.00016645494
-0.00015480145
-0.00014225702
-0.00012907731
-0.00011551534
-0.00010167816
0.014123692
0.0054038103
0.0047806842
0.0042014061
0.0036581058
0.0033203268
0.0030401498
0.0027978987
0.0025294594
0.0021804434
0.0017549738
0.0013147524
0.00092204638
0.0006108363
0.00038005892
0.00021153577
8.8284322e-05
-1.9339143e-06
-6.7950359e-05
-0.00011578744
-0.00014960744
-0.0001724874
-0.00018721204
-0.00019537089
-0.00019825476
-0.00019714224
-0.00019272112
-0.00018582567
-0.00017688907
-0.0001663949
-0.00015474718
-0.00014220786
-0.00012903268
-0.00011547475
-0.00010164118
0.014120062
0.0054218598
0.0047896701
0.0042057604
0.0036607025
0.0033221689
0.0030416036
0.0027991414
0.0025305877
0.0021814878
0.001755919
0.0013155724
0.00092273255
0.00061140053
0.00038052294
0.00021192114
8.8608215e-05
-1.6588004e-06
-6.7714616e-05
-0.00011558393
-0.0001494306
-0.00017233283
-0.00018707622
-0.00019525098
-0.00019814843
-0.00019704758
-0.00019263657
-0.00018574991
-0.00017682098
-0.00016633353
-0.00015469174
-0.00014215766
-0.00012898714
-0.00011543334
-0.00010160347
0.014116213
0.0054389919
0.0047991943
0.0042104709
0.0036635126
0.003324142
0.0030431522
0.0028004603
0.0025317802
0.0021825866
0.0017569084
0.0013164269
0.00092344494
0.00061198462
0.00038100225
0.00021231856
8.8941776e-05
-1.3758079e-06
-6.747238e-05
-0.00011537502
-0.00014924923
-0.00017217443
-0.00018693713
-0.00019512829
-0.0001980397
-0.00019695085
-0.00019255023
-0.00018567258
-0.00017675152
-0.00016627096
-0.00015463524
-0.00014210653
-0.00012894076
-0.0001153912
-0.00010156511
0.01411226
0.005455204
0.004809255
0.0042155342
0.0036665434
0.0033262509
0.0030447983
0.0028018568
0.0025330379
0.0021837398
0.0017579417
0.0013173155
0.00092418305
0.00061258809
0.00038149643
0.00021272765
8.9284666e-05
-1.0852419e-06
-6.7223923e-05
-0.00011516095
-0.00014906355
-0.00017201239
-0.00018679497
-0.00019500297
-0.00019792872
-0.00019685217
-0.0001924622
-0.00018559378
-0.00017668077
-0.00016620728
-0.00015457776
-0.00014205453
-0.00012889362
-0.00011534838
-0.00010152614
0.014108267
0.0054703595
0.0048198115
0.0042209481
0.003669801
0.0033285005
0.0030465445
0.0028033325
0.0025343613
0.0021849477
0.0017590189
0.0013182378
0.00092494652
0.0006132106
0.00038200515
0.00021314809
8.9636611e-05
-7.8735065e-07
-6.6969472e-05
-0.00011494193
-0.00014887374
-0.00017184689
-0.00018664988
-0.00019487517
-0.00019781561
-0.00019675166
-0.0001923726
-0.00018551362
-0.00017660885
-0.00016614255
-0.00015451938
-0.00014200174
-0.00012884578
-0.00011530494
-0.00010148664
0.014104133
0.0054844013
0.0048307478
0.0042267123
0.0036732903
0.0033308962
0.0030483941
0.0028048891
0.0025357515
0.0021862105
0.0017601399
0.0013191937
0.00092573508
0.00061385188
0.00038252816
0.00021357966
8.9997394e-05
-4.8233374e-07
-6.670921e-05
-0.00011471813
-0.00014867996
-0.00017167807
-0.00018650199
-0.00019474499
-0.00019770048
-0.00019664942
-0.00019228151
-0.00018543218
-0.00017653581
-0.00016607687
-0.00015446015
-0.00014194821
-0.0001287973
-0.00011526095
-0.00010144664
0.014099612
0.0054972883
0.0048419412
0.0042328245
0.003677015
0.0033334439
0.0030503502
0.0028065283
0.0025372093
0.0021875285
0.0017613046
0.001320183
0.00092654856
0.00061451175
0.00038306527
0.00021402219
9.0366849e-05
-1.7034768e-07
-6.6443283e-05
-0.00011448967
-0.00014848233
-0.00017150605
-0.00018635141
-0.00019461255
-0.00019758342
-0.00019654554
-0.00019218901
-0.00018534952
-0.00017646172
-0.00016601028
-0.00015440014
-0.000141894
-0.00012874822
-0.00011521643
-0.00010140618
0.014094745
0.005509047
0.0048532688
0.0042392814
0.0036809771
0.003336149
0.0030524162
0.0028082523
0.0025387358
0.0021889022
0.0017625131
0.0013212056
0.00092738686
0.0006151901
0.00038361639
0.00021447555
9.0744858e-05
1.4849063e-07
-6.6171804e-05
-0.00011425668
-0.00014828096
-0.00017133091
-0.00018619822
-0.00019447791
-0.0001974645
-0.00019644008
-0.00019209517
-0.00018526572
-0.00017638665
-0.00016594283
-0.00015433939
-0.00014183915
-0.0001286986
-0.00011517143
-0.00010136531
0.014089817
0.0055198601
0.0048645595
0.0042461098
0.0036851772
0.0033390173
0.0030545957
0.0028100629
0.0025403319
0.002190332
0.0017637656
0.0013222615
0.00092824999
0.00061588692
0.00038418146
0.00021493969
9.1131347e-05
4.7410179e-07
-6.5894853e-05
-0.00011401922
-0.00014807593
-0.00017115273
-0.00018604251
-0.00019434115
-0.0001973438
-0.0001963331
-0.00019200005
-0.00018518082
-0.00017631063
-0.00016587458
-0.00015427795
-0.00014178371
-0.00012864845
-0.00011512598
-0.00010132404
0.014084831
0.00552997
0.0048756275
0.0042533383
0.0036896153
0.0033420541
0.0030568923
0.0028119621
0.0025419986
0.0021918182
0.0017650622
0.001323351
0.00092913801
0.00061660226
0.00038476051
0.0002154146
9.1526286e-05
8.064427e-07
-6.5612482e-05
-0.00011377736
-0.00014786728
-0.00017097158
-0.00018588432
-0.00019420233
-0.00019722135
-0.00019622466
-0.00019190368
-0.00018509485
-0.00017623372
-0.00016580556
-0.00015421585
-0.0001417277
-0.00012859781
-0.00011508011
-0.00010128242
0.014079546
0.005539635
0.0048863142
0.004260957
0.0036942907
0.0033452642
0.0030593097
0.0028139522
0.0025437372
0.0021933615
0.0017664031
0.001324474
0.00093005108
0.00061733623
0.00038535362
0.00021590031
9.1929687e-05
1.1455063e-06
-6.5324709e-05
-0.00011353112
-0.00014765505
-0.00017078747
-0.00018572368
-0.00019406147
-0.00019709721
-0.00019611478
-0.0001918061
-0.00018500787
-0.00017615594
-0.0001657358
-0.00015415312
-0.00014167114
-0.00012854672
-0.00011503385
-0.00010124046
0.014073743
0.0055491346
0.0048964845
0.0042689352
0.0036992038
0.0033486518
0.0030618516
0.0028160353
0.0025455486
0.0021949622
0.0017677887
0.0013256309
0.00093098943
0.00061808905
0.00038596093
0.00021639693
9.2341606e-05
1.4913216e-06
-6.5031526e-05
-0.00011328051
-0.00014743925
-0.00017060044
-0.00018556063
-0.0001939186
-0.00019697139
-0.0001960035
-0.00019170734
-0.00018491989
-0.00017607731
-0.00016566532
-0.00015408978
-0.00014161407
-0.00012849518
-0.00011498721
-0.00010119817
0.014067306
0.0055586974
0.0049060372
0.0042772211
0.0037043572
0.0033522199
0.0030645216
0.0028182135
0.002547434
0.002196621
0.0017692192
0.001326822
0.00093195338
0.00061886099
0.00038658266
0.0002169046
9.2762144e-05
1.8439542e-06
-6.473289e-05
-0.00011302549
-0.00014721988
-0.00017041048
-0.00018539516
-0.00019377374
-0.0001968439
-0.00019589082
-0.00019160742
-0.00018483093
-0.00017599785
-0.00016559415
-0.00015402584
-0.0001415565
-0.00012844322
-0.00011494021
-0.00010115558
0.014060332
0.0055683854
0.0049148973
0.0042857432
0.0037097559
0.0033559702
0.0030673235
0.0028204891
0.0025493945
0.0021983384
0.0017706951
0.0013280476
0.00093294334
0.0006196524
0.00038721909
0.00021742353
9.3191447e-05
2.2035073e-06
-6.442873e-05
-0.00011276603
-0.0001469969
-0.00017021757
-0.00018522727
-0.00019362688
-0.00019671475
-0.00019577676
-0.00019150634
-0.00018474099
-0.00017591758
-0.00016552228
-0.00015396133
-0.00014149844
-0.00012839084
-0.00011489286
-0.0001011127
0.014052974
0.005578265
0.0049230046
0.0042944167
0.0037154061
0.0033599039
0.0030702607
0.0028228643
0.0025514313
0.0022001151
0.0017722168
0.0013293084
0.00093395979
0.00062046373
0.00038787057
0.00021795398
9.3629708e-05
2.5701226e-06
-6.4118941e-05
-0.00011250204
-0.00014677025
-0.00017002167
-0.00018505693
-0.00019347799
-0.00019658392
-0.00019566131
-0.0001914041
-0.00018465009
-0.0001758365
-0.00016544974
-0.00015389625
-0.0001414399
-0.00012833806
-0.00011484518
-0.00010106953
0.014045239
0.0055885026
0.0049302985
0.0043031562
0.0037213143
0.0033640218
0.0030733366
0.0028253411
0.0025535456
0.0022019516
0.0017737849
0.0013306047
0.00093500333
0.0006212955
0.00038853751
0.00021849627
9.4077168e-05
2.9439817e-06
-6.3803386e-05
-0.00011223342
-0.00014653986
-0.00016982272
-0.0001848841
-0.00019332706
-0.0001964514
-0.00019554445
-0.00019130069
-0.00018455821
-0.0001757546
-0.00016537651
-0.00015383058
-0.00014138087
-0.00012828488
-0.00011479715
-0.00010102607
0.014037077
0.0055991872
0.0049366958
0.0043119003
0.0037274824
0.0033683254
0.0030765542
0.0028279219
0.0025557385
0.0022038487
0.0017753999
0.0013319373
0.00093607462
0.00062214831
0.00038922043
0.00021905079
9.4534119e-05
3.3253075e-06
-6.3481894e-05
-0.00011196004
-0.00014630563
-0.00016962065
-0.0001847087
-0.00019317402
-0.00019631714
-0.00019542614
-0.00019119608
-0.00018446533
-0.00017567187
-0.00016530258
-0.00015376434
-0.00014132136
-0.00012823128
-0.00011474878
-0.00010098233
0.014028478
0.005610169
0.0049421005
0.0043206099
0.0037339037
0.0033728161
0.0030799155
0.0028306085
0.0025580113
0.0022058071
0.0017770625
0.001333307
0.00093717443
0.00062302288
0.00038991989
0.00021961798
9.5000904e-05
3.7143657e-06
-6.3154256e-05
-0.00011168174
-0.00014606741
-0.00016941534
-0.00018453067
-0.00019301882
-0.0001961811
-0.00019530637
-0.00019109025
-0.00018437144
-0.00017558828
-0.00016522795
-0.00015369751
-0.00014126136
-0.00012817728
-0.00011470007
-0.00010093831
0.01401949
0.0056212243
0.00494648
0.0043292337
0.0037405636
0.0033774943
0.003083422
0.0028334031
0.0025603651
0.0022078276
0.0017787734
0.0013347145
0.00093830365
0.00062391998
0.00039063654
0.00022019835
9.5477921e-05
4.1114672e-06
-6.282023e-05
-0.00011139832
-0.00014582507
-0.00016920669
-0.0001843499
-0.00019286139
-0.00019604321
-0.00019518506
-0.00019098316
-0.00018427649
-0.00017550383
-0.00016515259
-0.00015363007
-0.00014120085
-0.00012812285
-0.000114651
-0.00010089399
0.014010158
0.0056324717
0.0049499531
0.0043376742
0.0037474397
0.0033823585
0.0030870746
0.0028363074
0.0025628012
0.0022099109
0.0017805334
0.0013361608
0.00093946323
0.00062484052
0.00039137112
0.00022079249
9.5965627e-05
4.5169698e-06
-6.2479531e-05
-0.00011110955
-0.00014557842
-0.00016899453
-0.00018416628
-0.00019270161
-0.00019590339
-0.00019506216
-0.00019087474
-0.00018418044
-0.00017541846
-0.00016507646
-0.00015356199
-0.0001411398
-0.00012806798
-0.00011460157
-0.00010084936
0.014000511
0.0056441006
0.0049527664
0.0043458102
0.0037544965
0.0033874054
0.0030908739
0.0028393231
0.0025653206
0.002212058
0.0017823435
0.0013376468
0.00094065426
0.00062578547
0.00039212446
0.00022140106
9.6464534e-05
4.9312789e-06
-6.2131836e-05
-0.00011081518
-0.00014532726
-0.00016877871
-0.00018397967
-0.00019253939
-0.00019576156
-0.00019493758
-0.00019076495
-0.00018408325
-0.00017533213
-0.00016499954
-0.00015349325
-0.00014107821
-0.00012801265
-0.00011455175
-0.00010080442
0.013990562
0.0056559724
0.0049552064
0.0043535378
0.0037616813
0.0033926311
0.0030948208
0.0028424517
0.0025679246
0.0022142697
0.0017842046
0.0013391739
0.0009418779
0.00062675591
0.00039289744
0.00022202476
9.6975207e-05
5.3548408e-06
-6.1776789e-05
-0.00011051492
-0.00014507134
-0.00016855904
-0.00018378992
-0.00019237459
-0.0001956176
-0.00019481126
-0.00019065371
-0.00018398485
-0.0001752448
-0.00016492179
-0.00015342381
-0.00014101603
-0.00012795683
-0.00011450152
-0.00010075913
0.013980313
0.0056678057
0.0049575665
0.0043607587
0.0037689338
0.0033980329
0.0030989157
0.0028456942
0.0025706142
0.002216547
0.0017861177
0.0013407431
0.00094313545
0.00062775301
0.00039369107
0.0002226644
9.7498276e-05
5.7881601e-06
-6.1413985e-05
-0.00011020845
-0.0001448104
-0.0001683353
-0.00018359685
-0.00019220707
-0.0001954714
-0.00019468308
-0.00019054093
-0.00018388518
-0.00017515641
-0.00016484314
-0.00015335363
-0.00014095323
-0.00012790049
-0.00011445087
-0.00010071349
0.0026607581
0.0027176461
0.0028112915
0.0029240244
0.0030686802
0.0032391215
0.003436251
0.0036627067
0.003917802
0.0042103488
0.0045349774
0.0049162554
0.0053300028
0.00584917
0.0063818359
0.0071573967
0.0078447655
0.009191659
0.010000107
0.02012199
0.0026607581
0.0027176461
0.0028112915
0.0029240244
0.0030686802
0.0032391215
0.003436251
0.0036627067
0.003917802
0.0042103488
0.0045349774
0.0049162554
0.0053300028
0.0058491699
0.0063818358
0.0071573962
0.007844765
0.0091916567
0.010000117
0.020115952
0.0026607581
0.0027176461
0.0028112915
0.0029240244
0.0030686802
0.0032391215
0.0034362511
0.0036627067
0.003917802
0.0042103488
0.0045349774
0.0049162553
0.0053300027
0.0058491697
0.0063818355
0.0071573955
0.0078447638
0.0091916533
0.010000118
0.020110802
0.0026607581
0.0027176461
0.0028112915
0.0029240244
0.0030686802
0.0032391215
0.0034362511
0.0036627067
0.0039178021
0.0042103488
0.0045349773
0.0049162553
0.0053300026
0.0058491695
0.006381835
0.0071573944
0.0078447621
0.0091916478
0.010000117
0.020105568
0.0026607581
0.0027176461
0.0028112915
0.0029240244
0.0030686802
0.0032391215
0.0034362511
0.0036627068
0.0039178021
0.0042103488
0.0045349773
0.0049162552
0.0053300024
0.0058491691
0.0063818344
0.0071573929
0.0078447602
0.0091916396
0.010000117
0.02009915
0.0026607581
0.0027176461
0.0028112915
0.0029240245
0.0030686803
0.0032391216
0.0034362511
0.0036627068
0.0039178021
0.0042103488
0.0045349773
0.0049162551
0.0053300022
0.0058491686
0.0063818335
0.0071573909
0.0078447582
0.0091916285
0.010000118
0.020091231
0.0026607581
0.0027176462
0.0028112916
0.0029240245
0.0030686803
0.0032391216
0.0034362512
0.0036627068
0.0039178021
0.0042103488
0.0045349772
0.0049162549
0.0053300019
0.005849168
0.0063818325
0.0071573884
0.0078447559
0.0091916143
0.010000121
0.020081572
0.0026607582
0.0027176462
0.0028112916
0.0029240245
0.0030686803
0.0032391216
0.0034362512
0.0036627068
0.0039178021
0.0042103488
0.0045349772
0.0049162548
0.0053300016
0.0058491672
0.0063818312
0.0071573854
0.0078447531
0.009191597
0.010000124
0.020070063
0.0026607582
0.0027176462
0.0028112916
0.0029240246
0.0030686804
0.0032391217
0.0034362512
0.0036627069
0.0039178022
0.0042103488
0.0045349771
0.0049162546
0.0053300012
0.0058491663
0.0063818297
0.0071573818
0.0078447497
0.0091915765
0.010000129
0.020056665
0.0026607582
0.0027176462
0.0028112917
0.0029240246
0.0030686804
0.0032391217
0.0034362513
0.0036627069
0.0039178022
0.0042103488
0.004534977
0.0049162543
0.0053300007
0.0058491652
0.0063818279
0.0071573776
0.0078447457
0.0091915524
0.010000136
0.020041354
0.0026607582
0.0027176462
0.0028112917
0.0029240247
0.0030686805
0.0032391218
0.0034362514
0.003662707
0.0039178022
0.0042103488
0.0045349769
0.004916254
0.0053300002
0.005849164
0.0063818258
0.0071573727
0.0078447411
0.0091915244
0.010000144
0.020024277
0.0026607582
0.0027176463
0.0028112917
0.0029240247
0.0030686805
0.0032391219
0.0034362514
0.003662707
0.0039178023
0.0042103488
0.0045349768
0.0049162537
0.0053299995
0.0058491626
0.0063818234
0.0071573671
0.0078447357
0.0091914923
0.010000153
0.020005637
0.0026607582
0.0027176463
0.0028112918
0.0029240248
0.0030686806
0.0032391219
0.0034362515
0.0036627071
0.0039178023
0.0042103487
0.0045349767
0.0049162533
0.0053299988
0.005849161
0.0063818207
0.0071573608
0.0078447296
0.0091914561
0.010000164
0.019985496
0.0026607582
0.0027176463
0.0028112918
0.0029240248
0.0030686807
0.003239122
0.0034362516
0.0036627072
0.0039178023
0.0042103487
0.0045349765
0.0049162529
0.005329998
0.0058491591
0.0063818176
0.0071573536
0.0078447228
0.0091914157
0.010000176
0.019963895
0.0026607582
0.0027176464
0.0028112919
0.0029240249
0.0030686808
0.0032391221
0.0034362517
0.0036627072
0.0039178024
0.0042103487
0.0045349763
0.0049162524
0.005329997
0.0058491571
0.0063818142
0.0071573455
0.007844715
0.009191371
0.01000019
0.019940889
0.0026607582
0.0027176464
0.002811292
0.002924025
0.0030686808
0.0032391222
0.0034362518
0.0036627073
0.0039178024
0.0042103486
0.0045349761
0.0049162519
0.005329996
0.0058491548
0.0063818103
0.0071573365
0.0078447063
0.0091913216
0.010000205
0.019916555
0.0026607582
0.0027176465
0.002811292
0.0029240251
0.0030686809
0.0032391223
0.0034362519
0.0036627074
0.0039178024
0.0042103485
0.0045349759
0.0049162513
0.0053299949
0.0058491522
0.006381806
0.0071573265
0.0078446967
0.0091912672
0.010000223
0.019890973
0.0026607582
0.0027176465
0.0028112921
0.0029240252
0.003068681
0.0032391224
0.003436252
0.0036627075
0.0039178025
0.0042103485
0.0045349756
0.0049162506
0.0053299936
0.0058491494
0.0063818012
0.0071573154
0.007844686
0.0091912075
0.010000242
0.019864212
0.0026607581
0.0027176465
0.0028112922
0.0029240252
0.0030686811
0.0032391226
0.0034362521
0.0036627076
0.0039178025
0.0042103484
0.0045349754
0.0049162499
0.0053299922
0.0058491463
0.006381796
0.0071573031
0.0078446742
0.0091911423
0.010000264
0.019836339
0.0026607581
0.0027176466
0.0028112923
0.0029240253
0.0030686813
0.0032391227
0.0034362522
0.0036627077
0.0039178026
0.0042103483
0.004534975
0.0049162491
0.0053299906
0.0058491428
0.0063817902
0.0071572897
0.0078446612
0.0091910712
0.010000289
0.019807409
0.0026607581
0.0027176466
0.0028112923
0.0029240255
0.0030686814
0.0032391228
0.0034362524
0.0036627078
0.0039178026
0.0042103482
0.0045349747
0.0049162482
0.0053299889
0.005849139
0.0063817839
0.0071572749
0.0078446469
0.009190994
0.010000317
0.019777464
0.0026607581
0.0027176467
0.0028112924
0.0029240256
0.0030686815
0.003239123
0.0034362525
0.0036627079
0.0039178027
0.0042103481
0.0045349743
0.0049162472
0.005329987
0.0058491349
0.0063817769
0.0071572587
0.0078446312
0.0091909102
0.010000349
0.019746533
0.0026607581
0.0027176467
0.0028112925
0.0029240257
0.0030686816
0.0032391231
0.0034362526
0.0036627081
0.0039178027
0.004210348
0.0045349739
0.0049162461
0.0053299849
0.0058491304
0.0063817693
0.007157241
0.0078446141
0.0091908188
0.010000386
0.019714625
0.0026607581
0.0027176468
0.0028112926
0.0029240258
0.0030686818
0.0032391233
0.0034362528
0.0036627082
0.0039178028
0.0042103479
0.0045349734
0.004916245
0.0053299827
0.0058491254
0.006381761
0.0071572217
0.0078445954
0.0091907186
0.01000043
0.019681715
0.0026607581
0.0027176469
0.0028112927
0.0029240259
0.0030686819
0.0032391234
0.003436253
0.0036627083
0.0039178028
0.0042103477
0.0045349729
0.0049162437
0.0053299802
0.0058491201
0.006381752
0.0071572006
0.007844575
0.00919061
0.010000479
0.019647791
0.0026607581
0.0027176469
0.0028112928
0.0029240261
0.0030686821
0.0032391236
0.0034362531
0.0036627084
0.0039178028
0.0042103475
0.0045349723
0.0049162422
0.0053299776
0.0058491142
0.0063817422
0.0071571778
0.0078445528
0.0091904936
0.010000531
0.019612893
0.0026607581
0.002717647
0.0028112929
0.0029240262
0.0030686823
0.0032391238
0.0034362533
0.0036627086
0.0039178029
0.0042103473
0.0045349717
0.0049162407
0.0053299746
0.0058491078
0.0063817315
0.0071571529
0.0078445284
0.0091903695
0.010000582
0.019577034
0.0026607581
0.002717647
0.002811293
0.0029240263
0.0030686824
0.003239124
0.0034362535
0.0036627087
0.0039178029
0.0042103471
0.004534971
0.004916239
0.0053299715
0.0058491009
0.0063817199
0.007157126
0.0078445016
0.0091902374
0.010000631
0.019540191
0.002660758
0.0027176471
0.0028112931
0.0029240265
0.0030686826
0.0032391241
0.0034362537
0.0036627088
0.0039178029
0.0042103468
0.0045349702
0.0049162372
0.005329968
0.0058490934
0.0063817073
0.0071570967
0.0078444722
0.0091900976
0.010000677
0.019502358
0.002660758
0.0027176471
0.0028112932
0.0029240266
0.0030686828
0.0032391243
0.0034362538
0.003662709
0.0039178029
0.0042103464
0.0045349694
0.0049162351
0.0053299642
0.0058490852
0.0063816937
0.007157065
0.0078444399
0.0091899498
0.010000717
0.019463531
0.002660758
0.0027176472
0.0028112934
0.0029240268
0.0030686829
0.0032391245
0.003436254
0.0036627091
0.0039178028
0.0042103461
0.0045349684
0.0049162329
0.0053299601
0.0058490763
0.0063816789
0.0071570308
0.0078444043
0.009189794
0.010000748
0.019423701
0.002660758
0.0027176473
0.0028112935
0.0029240269
0.0030686831
0.0032391247
0.0034362542
0.0036627092
0.0039178028
0.0042103456
0.0045349673
0.0049162305
0.0053299556
0.0058490667
0.0063816629
0.0071569937
0.0078443653
0.0091896299
0.010000771
0.019382859
)
;

boundaryField
{
    inlet
    {
        type            zeroGradient;
    }
    top
    {
        type            zeroGradient;
    }
    outlet
    {
        type            fixedValue;
        value           nonuniform List<scalar> 0();
    }
    slipsurface
    {
        type            slip;
    }
    bottom
    {
        type            zeroGradient;
    }
    frontandback
    {
        type            empty;
    }
    procBoundary0to1
    {
        type            processor;
        value           nonuniform List<scalar> 
55
(
0.013969747
0.0056794019
0.0049601265
0.0043673509
0.003776207
0.0034036088
0.0031031577
0.0028490512
0.0025733904
0.0022188908
0.0017880839
0.0013423557
0.00094442827
0.00062877809
0.00039450648
0.00022332088
9.8034473e-05
6.2318137e-06
-6.1042962e-05
-0.00010989538
-0.00014454415
-0.00016810723
-0.00018340024
-0.00019203666
-0.00019532281
-0.00019455292
-0.00019042651
-0.00018378414
-0.00017506688
-0.00016476355
-0.00015328266
-0.00014088976
-0.00012784359
-0.00011439974
-0.00010066745
0.0026607579
0.0027176473
0.0028112936
0.0029240271
0.0030686833
0.0032391249
0.0034362544
0.0036627093
0.0039178027
0.0042103452
0.0045349662
0.0049162278
0.0053299507
0.0058490563
0.0063816456
0.0071569536
0.0078443223
0.0091894572
0.010000789
0.019340992
)
;
    }
    procBoundary0to2
    {
        type            processor;
        value           nonuniform List<scalar> 
26
(
-8.7923302e-05
-8.7910192e-05
-8.7890387e-05
-8.7864924e-05
-8.7836293e-05
-8.7806161e-05
-8.7774955e-05
-8.7742789e-05
-8.7709778e-05
-8.7676029e-05
-8.7641627e-05
-8.760664e-05
-8.7571124e-05
-8.7535128e-05
-8.7498696e-05
-8.7461865e-05
-8.7424669e-05
-8.7387135e-05
-8.734929e-05
-8.7311154e-05
-8.7272744e-05
-8.7234076e-05
-8.7195159e-05
-8.7156001e-05
-8.7116609e-05
-8.7076983e-05
)
;
    }
    procBoundary0to3
    {
        type            processor;
        value           nonuniform List<scalar> 6(-8.7037117e-05 -8.6997008e-05 -8.6956644e-05 -8.6916012e-05 -8.6875099e-05 -8.6833887e-05);
    }
}


// ************************************************************************* //
