/*--------------------------------*- C++ -*----------------------------------*\
  =========                 |
  \\      /  F ield         | OpenFOAM: The Open Source CFD Toolbox
   \\    /   O peration     | Website:  https://openfoam.org
    \\  /    A nd           | Version:  12
     \\/     M anipulation  |
\*---------------------------------------------------------------------------*/
FoamFile
{
    format      ascii;
    class       volScalarField;
    location    "1000";
    object      k;
}
// * * * * * * * * * * * * * * * * * * * * * * * * * * * * * * * * * * * * * //

dimensions      [0 2 -2 0 0 0 0];

internalField   nonuniform List<scalar> 
819
(
0.0026292856
0.0027666175
0.002892123
0.0030068895
0.0019127988
0.002080045
0.0022405874
0.00239283
0.0010884753
0.0012884574
0.0014788006
0.0016575604
0.0018265782
0.0019867436
0.0021401743
0.0022872536
0.0024263295
0.0025569163
0.0026774404
0.0027888412
0.002891823
0.0029871591
0.0030752762
0.0031563919
0.0032307341
0.0032987866
0.0033612001
0.0034185809
0.0034713221
0.0035196922
0.0035639628
0.0036044352
0.0036415205
0.0036755919
0.00032743799
0.00047574688
0.00064358503
0.0008239095
0.0010106745
0.0011997215
0.0013836675
0.0015571384
0.0017211678
0.0018773514
0.0020258203
0.0021699704
0.0023075267
0.0024378575
0.0025593437
0.0026719331
0.0027764048
0.0028733522
0.0029634236
0.0030469051
0.0031238265
0.0031944382
0.0032592972
0.0033189749
0.0033739379
0.0034244924
2.8121035e-05
5.6408163e-05
0.00010452289
0.00017773581
0.00028246816
0.00041454034
0.0005681807
0.00073570776
0.00091185372
0.0010914807
0.0012718483
0.0014429423
0.0016047206
0.0017590415
0.0019063582
0.0020486298
0.0021860642
0.0023169929
0.0024409421
0.0025561472
0.0026633433
0.002763085
0.0028559859
0.0029423515
0.0030222864
0.003095906
3.1515493e-06
3.9885319e-06
6.150907e-06
1.1118007e-05
2.1311918e-05
4.2694483e-05
8.0662013e-05
0.00013992199
0.00022702314
0.00034184427
0.00048163927
0.0006370067
0.00080328261
0.00097540435
0.0011505782
0.0013218736
0.0014844272
0.0016390342
0.0017872262
0.0019288232
0.0020673006
0.0022003846
0.0023272649
0.0024462561
0.0025570588
0.0026603273
0.0027565783
0.002846347
0.0029297891
0.0030068364
0.003077712
2.7215771e-06
2.6936795e-06
2.6781201e-06
2.7051575e-06
2.8414154e-06
3.3386273e-06
4.7103018e-06
7.9843939e-06
1.4863181e-05
2.9349877e-05
5.7287936e-05
0.00010345056
0.00017271028
0.00027077318
0.00039412693
0.00053735655
0.00069401613
0.00085981757
0.0010299734
0.0012024759
0.00136728
0.0015239514
0.0016741641
0.0018183054
0.0019581361
0.0020939537
0.0022239902
0.0023474499
0.0024625861
0.0025700006
0.0026701544
2.7177241e-06
2.683189e-06
2.6490583e-06
2.6156344e-06
2.5831363e-06
2.5527828e-06
2.5285663e-06
2.5250439e-06
2.5809874e-06
2.8139361e-06
3.5805666e-06
5.537393e-06
9.9913317e-06
1.9047947e-05
3.8068795e-05
7.228493e-05
0.00012624254
0.00020607367
0.00031319566
0.00044525846
0.00059325794
0.00075296592
0.00091967172
0.0010906668
0.0012592737
0.0014200822
0.0015737146
0.0017215432
0.0018638109
0.0020032829
0.0021374905
2.753757e-06
2.7192329e-06
2.6847756e-06
2.6503762e-06
2.6157882e-06
2.5811096e-06
2.5466141e-06
2.5126589e-06
2.4790361e-06
2.4462406e-06
2.4143829e-06
2.3854269e-06
2.3649527e-06
2.37451e-06
2.463911e-06
2.8220638e-06
3.8945493e-06
6.5394016e-06
1.2262967e-05
2.4397557e-05
4.8771142e-05
9.0352988e-05
0.00015407933
0.00024687439
0.00036578612
0.00050570305
0.00066020867
0.00082506311
0.00099558959
0.0011685583
0.0013343573
0.0014926355
2.753632e-06
2.7191545e-06
2.6847792e-06
2.6504976e-06
2.6162936e-06
2.5821507e-06
2.5480547e-06
2.5139867e-06
2.4799094e-06
2.4455121e-06
2.4111409e-06
2.3770533e-06
2.3433707e-06
2.3100919e-06
2.2775359e-06
2.2461959e-06
2.2184144e-06
2.2027013e-06
2.2261763e-06
2.3654014e-06
2.9079874e-06
4.4093882e-06
8.0593251e-06
1.563694e-05
3.2409059e-05
6.414551e-05
0.00011597862
0.00019471243
0.00030299567
0.00043757426
0.00058924869
0.00075378086
2.7534929e-06
2.7190048e-06
2.6846197e-06
2.6503302e-06
2.6161295e-06
2.5820111e-06
2.5479675e-06
2.5139887e-06
2.4800669e-06
2.446183e-06
2.4123238e-06
2.378475e-06
2.3446229e-06
2.3106469e-06
2.2764099e-06
2.2421791e-06
2.2083236e-06
2.1747432e-06
2.1416426e-06
2.1091686e-06
2.0783843e-06
2.0520244e-06
2.0444695e-06
2.0895203e-06
2.3284894e-06
3.1729234e-06
5.4586718e-06
1.070841e-05
2.2483045e-05
4.7343732e-05
9.1091573e-05
0.00016024446
2.753431e-06
2.7189406e-06
2.6845526e-06
2.6502596e-06
2.6160542e-06
2.5819294e-06
2.5478781e-06
2.5138933e-06
2.4799681e-06
2.4460966e-06
2.4122722e-06
2.3784867e-06
2.3447314e-06
2.3109958e-06
2.2772635e-06
2.243521e-06
2.2097539e-06
2.1759486e-06
2.1418983e-06
2.1076445e-06
2.0733945e-06
2.0395907e-06
2.0059685e-06
1.9729578e-06
1.9406097e-06
1.91044e-06
1.8879443e-06
1.8947165e-06
1.9968137e-06
2.4881013e-06
4.0118755e-06
7.9445373e-06
2.7533958e-06
2.7189057e-06
2.6845179e-06
2.650225e-06
2.6160197e-06
2.5818948e-06
2.5478431e-06
2.5138575e-06
2.4799309e-06
2.4460566e-06
2.4122275e-06
2.3784371e-06
2.3446786e-06
2.3109454e-06
2.2772318e-06
2.2435311e-06
2.2098349e-06
2.1761352e-06
2.142419e-06
2.1086719e-06
2.0748796e-06
2.0410269e-06
2.0070948e-06
1.9727444e-06
1.9382807e-06
1.9039254e-06
1.8699214e-06
1.8361908e-06
1.8030176e-06
1.7711227e-06
1.7425367e-06
1.7320973e-06
2.7533689e-06
2.7188789e-06
2.6844913e-06
2.6501986e-06
2.6159936e-06
2.5818689e-06
2.5478174e-06
2.5138321e-06
2.4799058e-06
2.4460317e-06
2.4122027e-06
2.3784121e-06
2.3446529e-06
2.3109185e-06
2.2772021e-06
2.2434972e-06
2.2097972e-06
2.1760954e-06
2.1423857e-06
2.1086622e-06
2.0749184e-06
2.0411449e-06
2.007335e-06
1.9734711e-06
1.9395402e-06
1.9055285e-06
1.8714231e-06
1.8371175e-06
1.8024167e-06
1.7675807e-06
1.7331558e-06
1.6988741e-06
2.7533514e-06
2.7188614e-06
2.6844737e-06
2.6501811e-06
2.615976e-06
2.5818513e-06
2.5477999e-06
2.5138146e-06
2.4798883e-06
2.4460142e-06
2.4121853e-06
2.3783948e-06
2.3446357e-06
2.3109014e-06
2.2771851e-06
2.24348e-06
2.2097794e-06
2.1760768e-06
2.1423655e-06
2.1086388e-06
2.0748903e-06
2.0411135e-06
2.0073017e-06
1.9734494e-06
1.9395504e-06
1.9055972e-06
1.8715813e-06
1.8374929e-06
1.8033155e-06
1.7690327e-06
1.734633e-06
1.7000997e-06
2.7533423e-06
2.7188522e-06
2.6844644e-06
2.6501715e-06
2.6159664e-06
2.5818416e-06
2.54779e-06
2.5138046e-06
2.4798782e-06
2.446004e-06
2.412175e-06
2.3783844e-06
2.3446253e-06
2.3108909e-06
2.2771745e-06
2.2434694e-06
2.2097689e-06
2.1760663e-06
2.1423549e-06
2.1086281e-06
2.0748793e-06
2.0411018e-06
2.007289e-06
1.9734344e-06
1.9395313e-06
1.9055733e-06
1.8715538e-06
1.8374664e-06
1.8033053e-06
1.7690644e-06
1.7347344e-06
1.7003082e-06
2.7533404e-06
2.71885e-06
2.6844619e-06
2.6501688e-06
2.6159633e-06
2.5818383e-06
2.5477865e-06
2.5138009e-06
2.4798743e-06
2.4459999e-06
2.4121707e-06
2.3783799e-06
2.3446206e-06
2.3108861e-06
2.2771695e-06
2.2434643e-06
2.2097636e-06
2.1760608e-06
2.1423493e-06
2.1086225e-06
2.0748736e-06
2.041096e-06
2.0072832e-06
1.9734284e-06
1.9395251e-06
1.9055666e-06
1.8715463e-06
1.8374574e-06
1.8032933e-06
1.7690475e-06
1.7347134e-06
1.7002841e-06
2.7533448e-06
2.7188539e-06
2.6844654e-06
2.650172e-06
2.6159661e-06
2.5818407e-06
2.5477886e-06
2.5138026e-06
2.4798757e-06
2.446001e-06
2.4121715e-06
2.3783804e-06
2.3446209e-06
2.310886e-06
2.2771692e-06
2.2434637e-06
2.2097628e-06
2.1760598e-06
2.1423481e-06
2.108621e-06
2.0748719e-06
2.0410941e-06
2.0072811e-06
1.9734262e-06
1.9395228e-06
1.9055641e-06
1.8715436e-06
1.8374546e-06
1.8032904e-06
1.7690442e-06
1.7347094e-06
1.7002791e-06
2.7533548e-06
2.7188634e-06
2.6844744e-06
2.6501804e-06
2.6159741e-06
2.5818482e-06
2.5477956e-06
2.5138092e-06
2.4798819e-06
2.4460067e-06
2.4121769e-06
2.3783854e-06
2.3446254e-06
2.3108902e-06
2.2771731e-06
2.2434672e-06
2.2097659e-06
2.1760626e-06
2.1423506e-06
2.1086232e-06
2.0748738e-06
2.0410957e-06
2.0072825e-06
1.9734273e-06
1.9395236e-06
1.9055647e-06
1.871544e-06
1.8374547e-06
1.8032903e-06
1.7690439e-06
1.7347089e-06
1.7002785e-06
2.7533699e-06
2.7188778e-06
2.6844882e-06
2.6501936e-06
2.6159867e-06
2.5818602e-06
2.5478071e-06
2.5138201e-06
2.4798923e-06
2.4460166e-06
2.4121862e-06
2.3783942e-06
2.3446338e-06
2.3108981e-06
2.2771805e-06
2.2434742e-06
2.2097725e-06
2.1760688e-06
2.1423563e-06
2.1086285e-06
2.0748787e-06
2.0411003e-06
2.0072867e-06
1.9734312e-06
1.9395271e-06
1.9055679e-06
1.8715469e-06
1.8374573e-06
1.8032926e-06
1.769046e-06
1.7347107e-06
1.70028e-06
2.7533897e-06
2.7188969e-06
2.6845065e-06
2.6502112e-06
2.6160036e-06
2.5818764e-06
2.5478226e-06
2.5138349e-06
2.4799064e-06
2.4460302e-06
2.4121992e-06
2.3784066e-06
2.3446455e-06
2.3109093e-06
2.2771912e-06
2.2434843e-06
2.2097821e-06
2.1760779e-06
2.142365e-06
2.1086367e-06
2.0748864e-06
2.0411076e-06
2.0072935e-06
1.9734375e-06
1.939533e-06
1.9055734e-06
1.871552e-06
1.8374621e-06
1.803297e-06
1.76905e-06
1.7347144e-06
1.7002833e-06
2.753414e-06
2.7189203e-06
2.684529e-06
2.6502329e-06
2.6160244e-06
2.5818964e-06
2.5478418e-06
2.5138534e-06
2.4799242e-06
2.4460472e-06
2.4122154e-06
2.3784221e-06
2.3446605e-06
2.3109236e-06
2.2772048e-06
2.2434973e-06
2.2097945e-06
2.1760897e-06
2.1423761e-06
2.1086473e-06
2.0748965e-06
2.0411171e-06
2.0073025e-06
1.973446e-06
1.939541e-06
1.9055809e-06
1.871559e-06
1.8374687e-06
1.8033031e-06
1.7690557e-06
1.7347197e-06
1.7002882e-06
2.7534425e-06
2.7189477e-06
2.6845555e-06
2.6502583e-06
2.6160489e-06
2.58192e-06
2.5478645e-06
2.5138752e-06
2.4799451e-06
2.4460673e-06
2.4122347e-06
2.3784407e-06
2.3446782e-06
2.3109405e-06
2.277221e-06
2.2435128e-06
2.2098093e-06
2.1761038e-06
2.1423896e-06
2.1086601e-06
2.0749086e-06
2.0411286e-06
2.0073134e-06
1.9734564e-06
1.9395508e-06
1.9055902e-06
1.8715677e-06
1.8374768e-06
1.8033108e-06
1.7690628e-06
1.7347263e-06
1.7002944e-06
2.7534749e-06
2.718979e-06
2.6845856e-06
2.6502873e-06
2.6160769e-06
2.581947e-06
2.5478904e-06
2.5139001e-06
2.4799691e-06
2.4460903e-06
2.4122568e-06
2.3784618e-06
2.3446985e-06
2.31096e-06
2.2772396e-06
2.2435306e-06
2.2098263e-06
2.17612e-06
2.142405e-06
2.1086748e-06
2.0749226e-06
2.0411419e-06
2.007326e-06
1.9734683e-06
1.9395621e-06
1.9056008e-06
1.8715777e-06
1.8374862e-06
1.8033196e-06
1.7690711e-06
1.734734e-06
1.7003016e-06
2.7535108e-06
2.7190137e-06
2.684619e-06
2.6503196e-06
2.6161079e-06
2.5819768e-06
2.5479191e-06
2.5139277e-06
2.4799956e-06
2.4461158e-06
2.4122813e-06
2.3784853e-06
2.3447209e-06
2.3109815e-06
2.2772602e-06
2.2435502e-06
2.209845e-06
2.1761378e-06
2.142422e-06
2.108691e-06
2.074938e-06
2.0411565e-06
2.0073398e-06
1.9734814e-06
1.9395744e-06
1.9056124e-06
1.8715887e-06
1.8374965e-06
1.8033292e-06
1.7690801e-06
1.7347424e-06
1.7003094e-06
2.7535529e-06
2.7190543e-06
2.6846583e-06
2.6503574e-06
2.6161444e-06
2.582012e-06
2.547953e-06
2.5139603e-06
2.480027e-06
2.4461459e-06
2.4123102e-06
2.3785131e-06
2.3447476e-06
2.311007e-06
2.2772846e-06
2.2435737e-06
2.2098674e-06
2.1761592e-06
2.1424425e-06
2.1087104e-06
2.0749565e-06
2.0411741e-06
2.0073565e-06
1.9734972e-06
1.9395894e-06
1.9056266e-06
1.871602e-06
1.8375091e-06
1.803341e-06
1.7690912e-06
1.7347527e-06
1.700319e-06
2.7536033e-06
2.719103e-06
2.6847054e-06
2.650403e-06
2.6161884e-06
2.5820545e-06
2.547994e-06
2.5139999e-06
2.4800651e-06
2.4461827e-06
2.4123456e-06
2.3785472e-06
2.3447804e-06
2.3110386e-06
2.2773149e-06
2.2436027e-06
2.2098953e-06
2.1761859e-06
2.142468e-06
2.1087349e-06
2.0749799e-06
2.0411964e-06
2.0073778e-06
1.9735174e-06
1.9396087e-06
1.9056449e-06
1.8716194e-06
1.8375255e-06
1.8033565e-06
1.7691058e-06
1.7347665e-06
1.700332e-06
2.7536584e-06
2.7191563e-06
2.6847569e-06
2.6504528e-06
2.6162366e-06
2.582101e-06
2.5480389e-06
2.5140432e-06
2.4801069e-06
2.4462229e-06
2.4123844e-06
2.3785845e-06
2.3448163e-06
2.3110731e-06
2.2773481e-06
2.2436345e-06
2.2099258e-06
2.1762152e-06
2.142496e-06
2.1087616e-06
2.0750054e-06
2.0412208e-06
2.007401e-06
1.9735396e-06
1.9396297e-06
1.9056649e-06
1.8716383e-06
1.8375434e-06
1.8033735e-06
1.7691218e-06
1.7347816e-06
1.7003461e-06
)
;

boundaryField
{
    bottom
    {
        type            kqRWallFunction;
        value           nonuniform List<scalar> 0();
    }
    back
    {
        type            empty;
    }
    front
    {
        type            empty;
    }
    inlet
    {
        type            fixedValue;
        value           nonuniform List<scalar> 0();
    }
    outlet
    {
        type            zeroGradient;
    }
    top
    {
        type            zeroGradient;
    }
    slipsurface
    {
        type            slip;
    }
    procBoundary14to1
    {
        type            processor;
        value           nonuniform List<scalar> 4(0.0032074043 0.0033071143 0.0033972909 0.0034785332);
    }
    procBoundary14to4
    {
        type            processor;
        value           nonuniform List<scalar> 3(2.7881617e-06 2.7882137e-06 2.7882706e-06);
    }
    procBoundary14to6
    {
        type            processor;
        value           nonuniform List<scalar> 
26
(
0.0024792833
0.0017352957
0.00088976147
0.00020839735
1.4060933e-05
2.8964968e-06
2.7535317e-06
2.7528043e-06
2.7528043e-06
2.7883646e-06
2.7882217e-06
2.7880912e-06
2.7880312e-06
2.7879958e-06
2.7879687e-06
2.7879513e-06
2.7879424e-06
2.7879408e-06
2.7879456e-06
2.7879561e-06
2.7879719e-06
2.7879926e-06
2.7880178e-06
2.7880473e-06
2.7880808e-06
2.7881181e-06
)
;
    }
    procBoundary14to9
    {
        type            processor;
        value           nonuniform List<scalar> 
32
(
0.0031119668
0.0025358361
0.0025358361
0.0026683592
0.0027901177
0.0029021027
0.0030051326
0.0031000526
0.0031873188
0.0032671188
0.0033398427
0.0034062152
0.0034669226
0.0035225003
0.0035733207
0.0036197405
0.0036620671
0.0037006996
0.0037360856
0.0037685495
0.0037982205
0.0038252142
0.0038498145
0.0038723022
0.0037068762
0.0034709019
0.0031636009
0.0031636009
0.0032259374
0.0032834596
0.0033364932
0.0033852679
)
;
    }
    procBoundary14to12
    {
        type            processor;
        value           nonuniform List<scalar> 
23
(
0.0031429655
0.0027636968
0.0022658147
0.0016451402
0.00092562519
0.00026165541
1.6883925e-05
1.7763094e-06
1.6650759e-06
1.6650846e-06
1.6657688e-06
1.665754e-06
1.6657467e-06
1.6657459e-06
1.6657471e-06
1.6657501e-06
1.6657546e-06
1.6657604e-06
1.665767e-06
1.6657742e-06
1.6657832e-06
1.6657953e-06
1.6658086e-06
)
;
    }
    procBoundary14to15
    {
        type            processor;
        value           nonuniform List<scalar> 
32
(
2.7537175e-06
2.7192135e-06
2.6848122e-06
2.6505062e-06
2.6162881e-06
2.5821508e-06
2.5480869e-06
2.5140895e-06
2.4801515e-06
2.4462659e-06
2.4124258e-06
2.3786242e-06
2.3448545e-06
2.3111097e-06
2.2773832e-06
2.2436683e-06
2.2099581e-06
2.1762461e-06
2.1425255e-06
2.1087898e-06
2.0750323e-06
2.0412464e-06
2.0074254e-06
1.9735627e-06
1.9396517e-06
1.9056857e-06
1.871658e-06
1.837562e-06
1.803391e-06
1.7691383e-06
1.7347971e-06
1.7003606e-06
)
;
    }
}


// ************************************************************************* //
