/*--------------------------------*- C++ -*----------------------------------*\
  =========                 |
  \\      /  F ield         | OpenFOAM: The Open Source CFD Toolbox
   \\    /   O peration     | Website:  https://openfoam.org
    \\  /    A nd           | Version:  12
     \\/     M anipulation  |
\*---------------------------------------------------------------------------*/
FoamFile
{
    format      ascii;
    class       volScalarField;
    location    "700";
    object      epsilon;
}
// * * * * * * * * * * * * * * * * * * * * * * * * * * * * * * * * * * * * * //

dimensions      [0 2 -3 0 0 0 0];

internalField   nonuniform List<scalar> 
469
(
1.3552962e-05
1.3636119e-05
1.3724795e-05
1.3819111e-05
1.3919216e-05
1.4025298e-05
1.2578186e-05
1.2589532e-05
1.2601108e-05
1.2613014e-05
1.2625376e-05
1.2638344e-05
1.2652094e-05
1.2666824e-05
1.2682753e-05
1.2700117e-05
1.2719166e-05
1.274016e-05
1.2763363e-05
1.278904e-05
1.2817451e-05
1.2848846e-05
1.2883464e-05
1.2921526e-05
1.2963235e-05
1.3008775e-05
1.3058311e-05
1.3111993e-05
1.3169957e-05
1.323233e-05
1.3299233e-05
1.3370792e-05
1.3447143e-05
1.2376526e-05
1.238722e-05
1.2397949e-05
1.2408752e-05
1.2419683e-05
1.2430812e-05
1.2442227e-05
1.2454038e-05
1.2466372e-05
1.2479379e-05
1.2493224e-05
1.2508091e-05
1.2524178e-05
1.2541693e-05
1.2560851e-05
1.2581871e-05
1.2604971e-05
1.2630365e-05
1.2658258e-05
1.2688847e-05
1.2722317e-05
1.2758841e-05
1.279858e-05
1.2841686e-05
1.2888297e-05
1.293855e-05
1.2992576e-05
1.2171993e-05
1.2182322e-05
1.2192613e-05
1.2202876e-05
1.2213126e-05
1.2223388e-05
1.2233699e-05
1.2244109e-05
1.2254681e-05
1.2265496e-05
1.2276648e-05
1.2288252e-05
1.2300435e-05
1.2313341e-05
1.2327123e-05
1.234195e-05
1.2357992e-05
1.2375428e-05
1.2394435e-05
1.2415194e-05
1.2437879e-05
1.2462662e-05
1.2489709e-05
1.2519178e-05
1.255122e-05
1.258598e-05
1.2623595e-05
1.1965085e-05
1.1975146e-05
1.1985147e-05
1.1995084e-05
1.2004956e-05
1.2014766e-05
1.2024525e-05
1.2034248e-05
1.2043961e-05
1.20537e-05
1.2063513e-05
1.2073458e-05
1.208361e-05
1.2094054e-05
1.2104889e-05
1.2116226e-05
1.2128184e-05
1.2140895e-05
1.2154492e-05
1.216912e-05
1.2184923e-05
1.2202049e-05
1.2220647e-05
1.2240866e-05
1.2262849e-05
1.2286738e-05
1.2312672e-05
1.1756498e-05
1.1766322e-05
1.1776081e-05
1.1785767e-05
1.1795373e-05
1.1804893e-05
1.1814324e-05
1.1823668e-05
1.1832929e-05
1.1842119e-05
1.1851258e-05
1.1860371e-05
1.1869494e-05
1.1878673e-05
1.1887964e-05
1.1897431e-05
1.190715e-05
1.1917202e-05
1.1927681e-05
1.1938686e-05
1.1950324e-05
1.1962709e-05
1.1975957e-05
1.1990193e-05
1.2005538e-05
1.2022119e-05
1.204006e-05
1.1546953e-05
1.1556551e-05
1.1566085e-05
1.1575546e-05
1.1584925e-05
1.1594212e-05
1.1603401e-05
1.1612486e-05
1.1621463e-05
1.1630333e-05
1.1639098e-05
1.1647769e-05
1.1656358e-05
1.1664886e-05
1.1673381e-05
1.1681876e-05
1.1690411e-05
1.1699033e-05
1.1707799e-05
1.1716769e-05
1.1726014e-05
1.1735609e-05
1.174564e-05
1.1756195e-05
1.1767369e-05
1.1779262e-05
1.1791974e-05
1.1337142e-05
1.1346521e-05
1.1355837e-05
1.1365083e-05
1.1374248e-05
1.1383324e-05
1.1392301e-05
1.1401172e-05
1.140993e-05
1.141857e-05
1.1427088e-05
1.1435486e-05
1.1443765e-05
1.1451933e-05
1.146e-05
1.1467981e-05
1.1475894e-05
1.1483762e-05
1.1491615e-05
1.1499485e-05
1.1507412e-05
1.1515442e-05
1.1523629e-05
1.1532029e-05
1.1540709e-05
1.1549737e-05
1.1559189e-05
1.1127707e-05
1.1136871e-05
1.1145976e-05
1.1155013e-05
1.1163972e-05
1.1172846e-05
1.1181624e-05
1.1190298e-05
1.1198861e-05
1.1207305e-05
1.1215626e-05
1.122382e-05
1.1231884e-05
1.1239819e-05
1.1247626e-05
1.125531e-05
1.1262876e-05
1.1270335e-05
1.1277697e-05
1.1284978e-05
1.1292197e-05
1.1299377e-05
1.1306546e-05
1.1313738e-05
1.1320992e-05
1.1328352e-05
1.1335866e-05
1.0919233e-05
1.092819e-05
1.093709e-05
1.0945924e-05
1.0954684e-05
1.0963361e-05
1.0971947e-05
1.0980433e-05
1.0988811e-05
1.0997075e-05
1.1005218e-05
1.1013235e-05
1.1021122e-05
1.1028875e-05
1.1036494e-05
1.1043977e-05
1.1051323e-05
1.1058536e-05
1.1065616e-05
1.1072568e-05
1.1079399e-05
1.1086117e-05
1.1092734e-05
1.1099266e-05
1.1105733e-05
1.1112157e-05
1.1118567e-05
1.0712252e-05
1.072101e-05
1.0729712e-05
1.073835e-05
1.0746917e-05
1.0755404e-05
1.0763804e-05
1.0772108e-05
1.0780309e-05
1.0788399e-05
1.0796373e-05
1.0804225e-05
1.0811951e-05
1.0819545e-05
1.0827004e-05
1.0834326e-05
1.0841507e-05
1.0848546e-05
1.0855439e-05
1.0862186e-05
1.0868786e-05
1.0875239e-05
1.0881548e-05
1.0887717e-05
1.0893753e-05
1.0899665e-05
1.0905466e-05
1.0507241e-05
1.0515807e-05
1.0524319e-05
1.0532769e-05
1.054115e-05
1.0549454e-05
1.0557674e-05
1.0565803e-05
1.0573832e-05
1.0581755e-05
1.0589567e-05
1.0597261e-05
1.0604833e-05
1.0612277e-05
1.061959e-05
1.0626768e-05
1.0633806e-05
1.0640702e-05
1.064745e-05
1.0654047e-05
1.0660488e-05
1.0666771e-05
1.0672891e-05
1.0678847e-05
1.0684638e-05
1.0690266e-05
1.0695731e-05
1.0304619e-05
1.0313002e-05
1.0321333e-05
1.0329603e-05
1.0337806e-05
1.0345935e-05
1.0353983e-05
1.0361942e-05
1.0369806e-05
1.0377569e-05
1.0385224e-05
1.0392766e-05
1.040019e-05
1.040749e-05
1.0414664e-05
1.0421707e-05
1.0428613e-05
1.043538e-05
1.0442001e-05
1.0448471e-05
1.0454786e-05
1.0460939e-05
1.0466926e-05
1.0472741e-05
1.0478379e-05
1.0483836e-05
1.0489109e-05
1.0104754e-05
1.0112964e-05
1.0121122e-05
1.0129221e-05
1.0137254e-05
1.0145216e-05
1.0153099e-05
1.0160897e-05
1.0168603e-05
1.0176211e-05
1.0183716e-05
1.0191112e-05
1.0198393e-05
1.0205556e-05
1.0212596e-05
1.0219509e-05
1.022629e-05
1.0232934e-05
1.0239437e-05
1.0245792e-05
1.0251995e-05
1.0258038e-05
1.0263915e-05
1.0269621e-05
1.0275147e-05
1.0280489e-05
1.0285639e-05
9.9079608e-06
9.9160071e-06
9.9240014e-06
9.931938e-06
9.9398108e-06
9.9476136e-06
9.9553402e-06
9.9629842e-06
9.9705396e-06
9.9780005e-06
9.9853613e-06
9.9926169e-06
9.9997623e-06
1.0006793e-05
1.0013705e-05
1.0020493e-05
1.0027153e-05
1.0033681e-05
1.0040071e-05
1.0046317e-05
1.0052415e-05
1.0058357e-05
1.0064136e-05
1.0069747e-05
1.0075181e-05
1.0080431e-05
1.0085491e-05
9.7145031e-06
9.722395e-06
9.7302354e-06
9.738019e-06
9.74574e-06
9.7533926e-06
9.760971e-06
9.7684693e-06
9.7758816e-06
9.7832025e-06
9.7904266e-06
9.7975488e-06
9.8045643e-06
9.8114687e-06
9.8182576e-06
9.8249268e-06
9.8314716e-06
9.8378876e-06
9.8441695e-06
9.8503121e-06
9.8563094e-06
9.8621553e-06
9.8678431e-06
9.873366e-06
9.8787166e-06
9.8838872e-06
9.88887e-06
9.5245949e-06
9.5323424e-06
9.5400386e-06
9.5476784e-06
9.5552567e-06
9.562768e-06
9.5702067e-06
9.5775675e-06
9.5848448e-06
9.5920333e-06
9.5991279e-06
9.6061236e-06
9.6130159e-06
9.6198003e-06
9.6264725e-06
9.6330282e-06
9.639463e-06
9.6457723e-06
9.6519511e-06
9.6579942e-06
9.6638959e-06
9.6696501e-06
9.6752505e-06
9.6806903e-06
9.6859622e-06
9.6910589e-06
9.6959719e-06
9.338404e-06
9.3460167e-06
9.353578e-06
9.3610834e-06
9.3685279e-06
9.3759066e-06
9.3832144e-06
9.390446e-06
9.3975963e-06
9.4046602e-06
9.4116327e-06
9.4185093e-06
9.4252852e-06
9.4319561e-06
9.4385178e-06
9.4449661e-06
9.4512964e-06
9.4575045e-06
9.4635853e-06
9.4695337e-06
9.4753443e-06
9.4810111e-06
9.4865281e-06
9.4918884e-06
9.4970858e-06
9.5021123e-06
9.5069592e-06
9.3070847e-06
9.3122107e-06
9.3171699e-06
9.3219539e-06
)
;

boundaryField
{
    inlet
    {
        type            zeroGradient;
    }
    top
    {
        type            zeroGradient;
    }
    outlet
    {
        type            zeroGradient;
    }
    slipsurface
    {
        type            slip;
    }
    bottom
    {
        type            epsilonWallFunction;
        value           nonuniform List<scalar> 0();
    }
    frontandback
    {
        type            empty;
    }
    procBoundary8to2
    {
        type            processor;
        value           uniform 9.3265616e-06;
    }
    procBoundary8to6
    {
        type            processor;
        value           nonuniform List<scalar> 
17
(
1.3528468e-05
1.3050517e-05
1.2664204e-05
1.2340784e-05
1.2059485e-05
1.1805612e-05
1.1569145e-05
1.1343588e-05
1.1124995e-05
1.091117e-05
1.0701039e-05
1.0494195e-05
1.0290591e-05
1.0090351e-05
9.8936567e-06
9.7006944e-06
9.5116244e-06
)
;
    }
    procBoundary8to7
    {
        type            processor;
        value           uniform 1.4137626e-05;
    }
    procBoundary8to9
    {
        type            processor;
        value           nonuniform List<scalar> 
28
(
1.4125273e-05
1.424229e-05
1.4366047e-05
1.4496721e-05
1.4634564e-05
1.4779926e-05
1.2777142e-05
1.2789902e-05
1.2803348e-05
1.281769e-05
1.2833169e-05
1.2850053e-05
1.2868634e-05
1.288922e-05
1.291213e-05
1.2937687e-05
1.2966213e-05
1.2998024e-05
1.3033422e-05
1.3072694e-05
1.3116105e-05
1.3163897e-05
1.3216286e-05
1.327346e-05
1.3335584e-05
1.3402796e-05
1.3475216e-05
1.3475216e-05
)
;
    }
    procBoundary8to10
    {
        type            processor;
        value           nonuniform List<scalar> 
17
(
1.2566992e-05
1.2365842e-05
1.2161625e-05
1.1954971e-05
1.1746618e-05
1.1537301e-05
1.1327711e-05
1.1118491e-05
1.0910226e-05
1.0703446e-05
1.0498627e-05
1.0296188e-05
1.0096497e-05
9.8998682e-06
9.7065649e-06
9.5168011e-06
9.3307439e-06
)
;
    }
    procBoundary8to12
    {
        type            processor;
        value           nonuniform List<scalar> 
28
(
9.1560503e-06
9.1635375e-06
9.1709733e-06
9.1783535e-06
9.1856736e-06
9.1929288e-06
9.2001144e-06
9.2072254e-06
9.214257e-06
9.2212043e-06
9.2280625e-06
9.2348271e-06
9.2414937e-06
9.2480579e-06
9.2545156e-06
9.2608625e-06
9.2670943e-06
9.2732065e-06
9.2791946e-06
9.2850533e-06
9.2907773e-06
9.2963611e-06
9.3017983e-06
9.3017983e-06
9.1263541e-06
9.1314124e-06
9.1363077e-06
9.1410323e-06
)
;
    }
}


// ************************************************************************* //
