/*--------------------------------*- C++ -*----------------------------------*\
  =========                 |
  \\      /  F ield         | OpenFOAM: The Open Source CFD Toolbox
   \\    /   O peration     | Website:  https://openfoam.org
    \\  /    A nd           | Version:  12
     \\/     M anipulation  |
\*---------------------------------------------------------------------------*/
FoamFile
{
    format      ascii;
    class       surfaceScalarField;
    location    "700";
    object      phi;
}
// * * * * * * * * * * * * * * * * * * * * * * * * * * * * * * * * * * * * * //

dimensions      [0 3 -1 0 0 0 0];

internalField   nonuniform List<scalar> 
892
(
0.0013566546
2.1939401e-05
0.0013567093
2.2465795e-05
0.0013567639
2.3007716e-05
0.0013568184
2.356329e-05
0.0013568727
2.4131366e-05
2.4712383e-05
0.0013999091
1.3652681e-05
0.0014000822
1.4215371e-05
0.0014002513
1.4733474e-05
0.0014004144
1.5206321e-05
0.0014005697
1.5634086e-05
0.0014007156
1.601866e-05
0.0014008507
1.6364093e-05
0.0014009743
1.6676345e-05
0.0014010859
1.696315e-05
0.0014011856
1.7234021e-05
0.0014012741
1.7499923e-05
0.0014013528
1.77726e-05
0.0014014234
1.8062719e-05
0.0014014881
1.8378438e-05
0.001401549
1.8725094e-05
0.0014016077
1.9104048e-05
0.0014016656
1.9512831e-05
0.0014017231
1.9947487e-05
0.0014017804
2.0404121e-05
0.0014018375
2.0879571e-05
0.0014018945
2.1372531e-05
0.0014019513
2.1882601e-05
0.001402008
2.2409062e-05
0.0014020647
2.2950994e-05
0.0014021213
2.3506686e-05
0.0014021777
2.4075048e-05
2.4656422e-05
0.0014466629
1.3476935e-05
0.0014468372
1.4041066e-05
0.0014470078
1.45628e-05
0.0014471729
1.5041268e-05
0.0014473305
1.5476523e-05
0.0014474789
1.587024e-05
0.0014476169
1.6226118e-05
0.0014477435
1.6549726e-05
0.0014478583
1.6848353e-05
0.0014479613
1.7130992e-05
0.0014480532
1.7408016e-05
0.0014481353
1.769052e-05
0.0014482093
1.7988702e-05
0.0014482772
1.8310502e-05
0.0014483411
1.8661207e-05
0.0014484027
1.9042475e-05
0.0014484631
1.9452412e-05
0.001448523
1.9887581e-05
0.0014485827
2.0344478e-05
0.0014486421
2.0820192e-05
0.0014487012
2.1313404e-05
0.0014487601
2.1823647e-05
0.001448819
2.2350204e-05
0.0014488778
2.2892174e-05
0.0014489365
2.3447997e-05
0.0014489949
2.401664e-05
2.4598362e-05
0.0014949788
1.3300523e-05
0.0014951542
1.386565e-05
0.0014953264
1.4390611e-05
0.0014954934
1.487434e-05
0.0014956531
1.5316754e-05
0.0014958041
1.5719306e-05
0.0014959448
1.6085358e-05
0.0014960745
1.6420084e-05
0.0014961925
1.6730334e-05
0.0014962989
1.7024587e-05
0.0014963943
1.7312633e-05
0.0014964799
1.7604944e-05
0.0014965573
1.791125e-05
0.0014966285
1.8239262e-05
0.0014966955
1.8594212e-05
0.00149676
1.897802e-05
0.0014968231
1.9389321e-05
0.0014968855
1.9825177e-05
0.0014969475
2.0282462e-05
0.0014970092
2.0758517e-05
0.0014970706
2.1252032e-05
0.0014971317
2.1762488e-05
0.0014971927
2.2289175e-05
0.0014972537
2.2831216e-05
0.0014973145
2.3387186e-05
0.001497375
2.3956112e-05
2.453818e-05
0.0015449092
1.3123586e-05
0.0015450856
1.3689256e-05
0.0015452592
1.4217025e-05
0.0015454279
1.4705634e-05
0.0015455898
1.515485e-05
0.0015457432
1.5565905e-05
0.0015458867
1.5941833e-05
0.0015460194
1.6287418e-05
0.0015461406
1.6609072e-05
0.0015462505
1.6914765e-05
0.0015463494
1.721372e-05
0.0015464385
1.7515804e-05
0.0015465195
1.7830285e-05
0.0015465941
1.8164633e-05
0.0015466643
1.8524018e-05
0.0015467317
1.891059e-05
0.0015467976
1.9323468e-05
0.0015468626
1.9760188e-05
0.0015469271
2.0217993e-05
0.0015469911
2.0694473e-05
0.0015470548
2.1188349e-05
0.0015471182
2.1699064e-05
0.0015471815
2.2225918e-05
0.0015472446
2.2768065e-05
0.0015473076
2.3324204e-05
0.0015473703
2.389342e-05
2.4475837e-05
0.0015965079
1.2946275e-05
0.0015966852
1.351203e-05
0.00159686
1.4042172e-05
0.0015970304
1.4535257e-05
0.0015971944
1.4990895e-05
0.0015973502
1.5410097e-05
0.0015974964
1.5795578e-05
0.0015976321
1.6151737e-05
0.0015977566
1.6484553e-05
0.0015978699
1.6801494e-05
0.0015979724
1.7111225e-05
0.0015980652
1.7423033e-05
0.0015981497
1.7745726e-05
0.0015982278
1.8086526e-05
0.0015983013
1.8450528e-05
0.0015983718
1.8840083e-05
0.0015984405
1.9254751e-05
0.0015985082
1.9692517e-05
0.0015985752
2.0150981e-05
0.0015986417
2.0627979e-05
0.0015987078
2.112228e-05
0.0015987735
2.1633303e-05
0.0015988391
2.2160369e-05
0.0015989045
2.2702662e-05
0.0015989697
2.3258995e-05
0.0015990346
2.3828512e-05
2.4411282e-05
0.0016498308
1.276874e-05
0.0016500087
1.3334122e-05
0.0016501847
1.3866191e-05
0.0016503566
1.436333e-05
0.0016505226
1.4824987e-05
0.0016506807
1.5251957e-05
0.0016508296
1.5646642e-05
0.0016509683
1.6013065e-05
0.0016510961
1.6356774e-05
0.0016512128
1.6684747e-05
0.0016513189
1.7005103e-05
0.0016514154
1.7326569e-05
0.0016515036
1.7657496e-05
0.0016515853
1.8004849e-05
0.0016516622
1.8373642e-05
0.0016517359
1.8766396e-05
0.0016518076
1.9183067e-05
0.001651878
1.9622064e-05
0.0016519477
2.008133e-05
0.0016520167
2.0558943e-05
0.0016520853
2.105374e-05
0.0016521534
2.156513e-05
0.0016522213
2.2092455e-05
0.0016522891
2.2634935e-05
0.0016523566
2.3191491e-05
0.0016524238
2.3761325e-05
2.4344458e-05
0.0017049355
1.2591137e-05
0.0017051139
1.3155686e-05
0.0017052909
1.3689225e-05
0.0017054642
1.4189979e-05
0.001705632
1.4657233e-05
0.0017057924
1.5091568e-05
0.0017059439
1.5495084e-05
0.0017060856
1.5871435e-05
0.0017062166
1.6225746e-05
0.0017063368
1.6564511e-05
0.0017064466
1.6895321e-05
0.0017065468
1.7226357e-05
0.0017066388
1.7565524e-05
0.0017067241
1.7919519e-05
0.0017068045
1.8293265e-05
0.0017068815
1.8689422e-05
0.0017069562
1.9108306e-05
0.0017070296
1.954872e-05
0.001707102
2.0008936e-05
0.0017071736
2.0487271e-05
0.0017072447
2.098264e-05
0.0017073154
2.1494458e-05
0.0017073858
2.2022094e-05
0.0017074559
2.2564809e-05
0.0017075258
2.312162e-05
0.0017075953
2.3691789e-05
2.4275297e-05
0.0017618815
1.2413618e-05
0.0017620603
1.2976876e-05
0.0017622381
1.3511424e-05
0.0017624127
1.4015338e-05
0.0017625822
1.4487749e-05
0.0017627448
1.4929024e-05
0.0017628989
1.5340974e-05
0.0017630434
1.5726892e-05
0.0017631777
1.6091489e-05
0.0017633014
1.6440785e-05
0.0017634149
1.6781855e-05
0.0017635189
1.7122353e-05
0.0017636146
1.7469746e-05
0.0017637037
1.7830454e-05
0.0017637877
1.8209301e-05
0.001763868
1.8609058e-05
0.001763946
1.9030359e-05
0.0017640223
1.9472376e-05
0.0017640976
1.9933693e-05
0.001764172
2.041286e-05
0.0017642457
2.0908885e-05
0.001764319
2.1421197e-05
0.0017643919
2.1949201e-05
0.0017644645
2.2492199e-05
0.0017645368
2.3049303e-05
0.0017646088
2.3619828e-05
2.4203726e-05
0.0018207304
1.2236336e-05
0.0018209094
1.2797851e-05
0.0018210879
1.3332939e-05
0.0018212637
1.3839548e-05
0.0018214348
1.4316657e-05
0.0018215993
1.4764429e-05
0.0018217559
1.5184394e-05
0.0018219033
1.5579494e-05
0.0018220408
1.5954035e-05
0.001822168
1.6313576e-05
0.0018222852
1.666469e-05
0.001822393
1.7014521e-05
0.0018224926
1.7370105e-05
0.0018225855
1.7737582e-05
0.0018226731
1.8121661e-05
0.001822757
1.8525204e-05
0.0018228382
1.894912e-05
0.0018229177
1.9392922e-05
0.0018229959
1.9855493e-05
0.0018230731
2.0335607e-05
0.0018231497
2.0832374e-05
0.0018232256
2.1345252e-05
0.0018233011
2.1873684e-05
0.0018233763
2.2417019e-05
0.0018234511
2.2974453e-05
0.0018235256
2.3545359e-05
2.4129665e-05
0.0018815457
1.2059442e-05
0.0018817248
1.2618765e-05
0.0018819038
1.3153923e-05
0.0018820806
1.3662752e-05
0.0018822532
1.4144085e-05
0.0018824198
1.4597892e-05
0.0018825787
1.502543e-05
0.0018827289
1.5429304e-05
0.0018828695
1.5813425e-05
0.0018830002
1.6182903e-05
0.0018831211
1.6543822e-05
0.0018832327
1.6902836e-05
0.0018833363
1.7266554e-05
0.001883433
1.7640836e-05
0.0018835244
1.8030264e-05
0.0018836119
1.8437763e-05
0.0018836965
1.8864484e-05
0.0018837792
1.9310251e-05
0.0018838604
1.9774228e-05
0.0018839406
2.0255407e-05
0.00188402
2.0753007e-05
0.0018840987
2.1266526e-05
0.001884177
2.1795448e-05
0.0018842548
2.2339175e-05
0.0018843323
2.2896981e-05
0.0018844094
2.3468295e-05
2.405303e-05
0.0019443933
1.1883083e-05
0.0019445723
1.2439774e-05
0.0019447517
1.2974532e-05
0.0019449294
1.3485097e-05
0.0019451033
1.3970169e-05
0.0019452717
1.442953e-05
0.0019454329
1.486418e-05
0.0019455858
1.5276399e-05
0.0019457295
1.5669712e-05
0.0019458636
1.6048794e-05
0.0019459882
1.6419257e-05
0.0019461038
1.678728e-05
0.0019462113
1.7159056e-05
0.0019463119
1.7540158e-05
0.0019464072
1.7935032e-05
0.0019464983
1.8346643e-05
0.0019465864
1.877635e-05
0.0019466724
1.9224256e-05
0.0019467569
1.9689791e-05
0.0019468401
2.0172154e-05
0.0019469224
2.0670681e-05
0.001947004
2.1184918e-05
0.0019470851
2.1714398e-05
0.0019471657
2.2258572e-05
0.0019472459
2.2816795e-05
0.0019473256
2.3388548e-05
2.3973733e-05
0.0020093411
1.1707402e-05
0.0020095199
1.2261032e-05
0.0020096995
1.279492e-05
0.0020098778
1.3306731e-05
0.002010053
1.3795046e-05
0.002010223
1.4259467e-05
0.0020103864
1.470075e-05
0.002010542
1.5120861e-05
0.0020106887
1.5522956e-05
0.0020108262
1.5911288e-05
0.0020109545
1.6291012e-05
0.0020110739
1.6667846e-05
0.0020111854
1.704758e-05
0.0020112901
1.7435497e-05
0.0020113892
1.7835896e-05
0.0020114841
1.8251758e-05
0.0020115758
1.8684618e-05
0.0020116652
1.9134832e-05
0.002011753
1.9602073e-05
0.0020118394
2.0085742e-05
0.0020119248
2.0585293e-05
0.0020120093
2.1100329e-05
0.0020120933
2.1630433e-05
0.0020121768
2.2175115e-05
0.0020122598
2.2733799e-05
0.0020123423
2.3306022e-05
2.3891681e-05
0.0020764592
1.1532541e-05
0.0020766376
1.2082689e-05
0.0020768172
1.2615242e-05
0.0020769962
1.3127808e-05
0.0020771723
1.3618858e-05
0.002077344
1.4087831e-05
0.0020775095
1.453525e-05
0.0020776676
1.4962783e-05
0.0020778173
1.5373229e-05
0.0020779581
1.5770433e-05
0.00207809
1.6159111e-05
0.0020782133
1.6544538e-05
0.0020783288
1.6932107e-05
0.0020784375
1.732681e-05
0.0020785406
1.7732792e-05
0.0020786393
1.8153028e-05
0.0020787348
1.8589197e-05
0.0020788277
1.9041878e-05
0.0020789188
1.9510971e-05
0.0020790085
1.9996066e-05
0.0020790971
2.0496738e-05
0.0020791847
2.1012654e-05
0.0020792717
2.1543454e-05
0.0020793581
2.2088703e-05
0.002079444
2.2647896e-05
0.0020795294
2.3220622e-05
2.380678e-05
0.0021458202
1.1358632e-05
0.002145998
1.1904892e-05
0.0021461776
1.2435651e-05
0.0021463569
1.294848e-05
0.002146534
1.3441753e-05
0.0021467071
1.3914759e-05
0.0021468745
1.4367802e-05
0.002147035
1.4802267e-05
0.0021471876
1.5220611e-05
0.0021473318
1.5626289e-05
0.0021474673
1.6023592e-05
0.0021475945
1.6417368e-05
0.002147714
1.6812625e-05
0.0021478267
1.7214064e-05
0.0021479338
1.7625664e-05
0.0021480365
1.8050378e-05
0.0021481357
1.8489996e-05
0.0021482323
1.8945294e-05
0.0021483269
1.9416379e-05
0.0021484199
1.990302e-05
0.0021485117
2.0404913e-05
0.0021486026
2.0921793e-05
0.0021486927
2.1453359e-05
0.0021487822
2.1999236e-05
0.0021488711
2.2558986e-05
0.0021489594
2.3132251e-05
2.3718935e-05
0.002217499
1.1185806e-05
0.0022176761
1.1727784e-05
0.0022178554
1.22563e-05
0.002218035
1.2768899e-05
0.0022182129
1.3263879e-05
0.0022183872
1.3740389e-05
0.0022185565
1.419853e-05
0.0022187194
1.4639421e-05
0.0022188748
1.5065191e-05
0.0022190222
1.5478924e-05
0.0022191612
1.5884501e-05
0.0022192923
1.6286359e-05
0.0022194157
1.6689132e-05
0.0022195326
1.7097233e-05
0.0022196438
1.7514466e-05
0.0022197504
1.7943739e-05
0.0022198535
1.8386932e-05
0.0022199538
1.8844987e-05
0.002220052
1.9318198e-05
0.0022201485
1.9806501e-05
0.0022202437
2.0309712e-05
0.0022203378
2.082764e-05
0.0022204312
2.1360045e-05
0.0022205238
2.1906612e-05
0.0022206158
2.246697e-05
0.0022207072
2.3040809e-05
2.3628046e-05
0.002291573
1.1014185e-05
0.0022917493
1.1551504e-05
0.0022919282
1.2077335e-05
0.0022921079
1.2589218e-05
0.0022922864
1.3085386e-05
0.0022924619
1.3564864e-05
0.0022926329
1.4027568e-05
0.002292798
1.4474363e-05
0.0022929561
1.4907071e-05
0.0022931066
1.5328417e-05
0.0022932492
1.5741894e-05
0.002293384
1.6151545e-05
0.0022935115
1.656164e-05
0.0022936324
1.6976302e-05
0.0022937477
1.7399156e-05
0.0022938584
1.7833052e-05
0.0022939654
1.8279926e-05
0.0022940696
1.8740864e-05
0.0022941714
1.9216328e-05
0.0022942715
1.9706407e-05
0.0022943702
2.0211033e-05
0.0022944678
2.0730093e-05
0.0022945644
2.1263409e-05
0.0022946603
2.1810729e-05
0.0022947555
2.2371744e-05
0.0022948501
2.2946195e-05
2.3534013e-05
0.0023681224
0.0023682977
0.0023684761
0.0023686557
0.0023688347
0.0023690112
0.0023691838
0.0023693509
0.0023695116
0.0023696652
0.0023698112
0.0023699498
0.0023700813
0.0023702063
0.0023703258
0.0023704405
0.0023705516
0.0023706596
0.0023707652
0.002370869
0.0023709713
0.0023710723
0.0023711724
0.0023712716
2.1711482e-05
0.0023713702
2.2273205e-05
0.0023714681
2.2848307e-05
2.3436735e-05
0.0024504404
0.0024505424
0.0024506436
)
;

boundaryField
{
    inlet
    {
        type            calculated;
        value           nonuniform List<scalar> 0();
    }
    top
    {
        type            calculated;
        value           nonuniform List<scalar> 0();
    }
    outlet
    {
        type            calculated;
        value           nonuniform List<scalar> 0();
    }
    slipsurface
    {
        type            calculated;
        value           nonuniform List<scalar> 0();
    }
    bottom
    {
        type            calculated;
        value           nonuniform List<scalar> 0();
    }
    frontandback
    {
        type            empty;
    }
    procBoundary8to2
    {
        type            processor;
        value           uniform 0.0024507443;
    }
    procBoundary8to6
    {
        type            processor;
        value           nonuniform List<scalar> 
17
(
0.0014022336
0.001449053
0.0014974352
0.0015474326
0.0015990992
0.0016524906
0.0017076645
0.0017646803
0.0018235997
0.001884486
0.0019474049
0.0020124243
0.0020796143
0.0021490473
0.0022207981
0.0022949441
0.0023715653
)
;
    }
    procBoundary8to7
    {
        type            processor;
        value           uniform 0.0013569266;
    }
    procBoundary8to9
    {
        type            processor;
        value           nonuniform List<scalar> 
28
(
-2.1994089e-05
-2.2520439e-05
-2.306237e-05
-2.3617829e-05
-2.4185609e-05
-2.476625e-05
-1.3827631e-05
-1.4388442e-05
-1.4902534e-05
-1.5369423e-05
-1.5789388e-05
-1.6164535e-05
-1.6499268e-05
-1.6799949e-05
-1.7074752e-05
-1.7333712e-05
-1.7588404e-05
-1.7851246e-05
-1.8133371e-05
-1.8443145e-05
-1.8785953e-05
-1.9162822e-05
-1.9570659e-05
-2.0004971e-05
-2.0461461e-05
-2.0936717e-05
-0.0013565999
-2.1429471e-05
)
;
    }
    procBoundary8to10
    {
        type            processor;
        value           nonuniform List<scalar> 
17
(
-0.0013997342
-0.0014464871
-0.0014948024
-0.0015447323
-0.0015963306
-0.0016496533
-0.0017047579
-0.001761704
-0.0018205531
-0.0018813689
-0.001944217
-0.0020091654
-0.0020762844
-0.0021456463
-0.0022173261
-0.0022914014
-0.0023679521
)
;
    }
    procBoundary8to12
    {
        type            processor;
        value           nonuniform List<scalar> 
28
(
1.0843882e-05
1.1376183e-05
1.1898901e-05
1.2409587e-05
1.2906425e-05
1.3388332e-05
1.3855052e-05
1.4307217e-05
1.4746356e-05
1.5174857e-05
1.5595841e-05
1.6012971e-05
1.6430166e-05
1.6851266e-05
1.7279707e-05
1.7718262e-05
1.8168906e-05
1.863284e-05
1.9110673e-05
1.9602636e-05
2.0108772e-05
2.0629047e-05
2.1163348e-05
-0.0024503377
2.1608767e-05
2.2171248e-05
2.2747038e-05
2.3336106e-05
)
;
    }
}


// ************************************************************************* //
