/*--------------------------------*- C++ -*----------------------------------*\
  =========                 |
  \\      /  F ield         | OpenFOAM: The Open Source CFD Toolbox
   \\    /   O peration     | Website:  https://openfoam.org
    \\  /    A nd           | Version:  12
     \\/     M anipulation  |
\*---------------------------------------------------------------------------*/
FoamFile
{
    format      ascii;
    class       surfaceScalarField;
    location    "1600";
    object      phi;
}
// * * * * * * * * * * * * * * * * * * * * * * * * * * * * * * * * * * * * * //

dimensions      [0 3 -1 0 0 0 0];

internalField   nonuniform List<scalar> 
889
(
0.0013580195
3.5327514e-05
0.0013580761
3.6195562e-05
0.0013581318
3.7076732e-05
0.00135819
3.8009113e-05
0.001358249
3.8960096e-05
0.0013583052
3.9892476e-05
0.001358362
4.0864491e-05
4.1904893e-05
0.0014025848
2.4480126e-05
0.0014026349
2.5154319e-05
0.0014026853
2.5835942e-05
0.0014027362
2.6534769e-05
0.0014027893
2.7264728e-05
0.0014028455
2.8021144e-05
0.0014029023
2.8776522e-05
0.0014029578
2.9524342e-05
0.0014030134
3.0290303e-05
0.0014030712
3.1091245e-05
0.0014031299
3.190384e-05
0.0014031873
3.2709658e-05
0.0014032441
3.352932e-05
0.0014033029
3.438781e-05
0.001403363
3.526739e-05
0.0014034216
3.6136981e-05
0.0014034794
3.701898e-05
0.0014035393
3.7949122e-05
0.0014036002
3.8899219e-05
0.0014036585
3.9834149e-05
0.0014037173
4.0805728e-05
0.0014037795
4.1842717e-05
0.0014038409
4.2876248e-05
0.0014039005
4.3905731e-05
0.0014039627
4.4999453e-05
0.0014040271
4.6136759e-05
4.7240825e-05
0.0014494162
2.4429967e-05
0.001449468
2.5102533e-05
0.0014495202
2.5783726e-05
0.001449573
2.6482036e-05
0.0014496278
2.7209861e-05
0.0014496857
2.7963299e-05
0.0014497443
2.8717953e-05
0.0014498017
2.9466896e-05
0.0014498592
3.0232775e-05
0.0014499189
3.1031611e-05
0.0014499794
3.1843284e-05
0.0014500388
3.2650253e-05
0.0014500977
3.3470435e-05
0.0014501584
3.4327167e-05
0.0014502204
3.520537e-05
0.001450281
3.6076339e-05
0.0014503408
3.6959164e-05
0.0014504027
3.7887218e-05
0.0014504656
3.8836379e-05
0.0014505261
3.9773662e-05
0.0014505869
4.0744912e-05
0.001450651
4.1778618e-05
0.0014507145
4.2812758e-05
0.0014507763
4.3843908e-05
0.0014508405
4.4935236e-05
0.001450907
4.6070278e-05
4.7177325e-05
0.0014978113
2.437817e-05
0.0014978648
2.504903e-05
0.0014979188
2.5729686e-05
0.0014979734
2.6427395e-05
0.0014980302
2.7153156e-05
0.0014980897
2.7903728e-05
0.0014981501
2.865754e-05
0.0014982096
2.9407442e-05
0.0014982691
3.0173249e-05
0.0014983306
3.0970102e-05
0.0014983931
3.1780803e-05
0.0014984546
3.2588783e-05
0.0014985155
3.3409467e-05
0.0014985782
3.4264556e-05
0.0014986421
3.5141389e-05
0.0014987049
3.6013575e-05
0.0014987669
3.6897213e-05
0.0014988307
3.7823328e-05
0.0014988956
3.8771511e-05
0.0014989583
3.9710951e-05
0.0014990213
4.0681966e-05
0.0014990874
4.1712524e-05
0.001499153
4.2747085e-05
0.0014992171
4.3779834e-05
0.0014992834
4.4868922e-05
0.001499352
4.6001689e-05
4.711147e-05
0.001547822
2.4324659e-05
0.0015478772
2.499375e-05
0.0015479332
2.5673761e-05
0.0015479898
2.6370787e-05
0.0015480484
2.7094546e-05
0.0015481098
2.7842363e-05
0.0015481721
2.8595225e-05
0.0015482336
2.9345922e-05
0.0015482952
3.0111657e-05
0.0015483586
3.0906649e-05
0.0015484231
3.1716334e-05
0.0015484867
3.2525185e-05
0.0015485498
3.3346348e-05
0.0015486145
3.4199906e-05
0.0015486805
3.507538e-05
0.0015487454
3.5948624e-05
0.0015488096
3.6833056e-05
0.0015488755
3.7757375e-05
0.0015489425
3.8704545e-05
0.0015490075
3.9645948e-05
0.0015490727
4.0616812e-05
0.0015491408
4.1644361e-05
0.0015492088
4.2679162e-05
0.0015492752
4.3713434e-05
0.0015493436
4.4800431e-05
0.0015494144
4.5930921e-05
4.7043189e-05
0.0015995023
2.4269358e-05
0.0015995594
2.4936629e-05
0.0015996173
2.5615886e-05
0.0015996759
2.6312152e-05
0.0015997365
2.7033965e-05
0.0015997997
2.7779132e-05
0.001599864
2.8530949e-05
0.0015999277
2.9282277e-05
0.0015999914
3.0047933e-05
0.0016000569
3.0841179e-05
0.0016001234
3.1649811e-05
0.0016001892
3.2459395e-05
0.0016002545
3.3281008e-05
0.0016003213
3.413314e-05
0.0016003894
3.5007271e-05
0.0016004566
3.588142e-05
0.001600523
3.6766619e-05
0.0016005911
3.7689282e-05
0.0016006603
3.8635413e-05
0.0016007276
3.9578583e-05
0.0016007951
4.0549368e-05
0.0016008654
4.157405e-05
0.0016009356
4.2608921e-05
0.0016010044
4.3644628e-05
0.0016010752
4.472968e-05
0.0016011482
4.58579e-05
4.697241e-05
0.001652908
2.4212185e-05
0.001652967
2.4877598e-05
0.0016530269
2.5555997e-05
0.0016530876
2.6251427e-05
0.0016531502
2.6971345e-05
0.0016532154
2.771396e-05
0.0016532817
2.8464649e-05
0.0016533475
2.9216446e-05
0.0016534135
2.9982007e-05
0.001653481
3.0773614e-05
0.0016535497
3.1581166e-05
0.0016536177
3.2391347e-05
0.0016536853
3.3213374e-05
0.0016537543
3.4064182e-05
0.0016538246
3.4936989e-05
0.0016538941
3.5811895e-05
0.0016539629
3.6697825e-05
0.0016540332
3.7618967e-05
0.0016541046
3.8564039e-05
0.0016541744
3.9508785e-05
0.0016542442
4.047955e-05
0.0016543167
4.1501512e-05
0.0016543894
4.2536291e-05
0.0016544607
4.3573337e-05
0.0016545338
4.4656585e-05
0.0016546091
4.5782548e-05
4.6899055e-05
0.0017080965
2.4153059e-05
0.0017081576
2.4816586e-05
0.0017082195
2.5494025e-05
0.0017082824
2.6188548e-05
0.0017083471
2.6906613e-05
0.0017084143
2.764677e-05
0.0017084827
2.8396257e-05
0.0017085508
2.9148367e-05
0.001708619
2.9913809e-05
0.0017086887
3.0703878e-05
0.0017087596
3.1510329e-05
0.0017088299
3.2320974e-05
0.0017088999
3.3143373e-05
0.0017089712
3.3992951e-05
0.0017090437
3.4864458e-05
0.0017091156
3.573998e-05
0.0017091868
3.6626598e-05
0.0017092595
3.7546345e-05
0.0017093332
3.8490346e-05
0.0017094055
3.9436482e-05
0.0017094777
4.0407273e-05
0.0017095526
4.142666e-05
0.0017096277
4.2461197e-05
0.0017097015
4.3499478e-05
0.0017097771
4.4581058e-05
0.0017098548
4.5704785e-05
4.6823047e-05
0.0017651275
2.4091894e-05
0.0017651906
2.4753518e-05
0.0017652547
2.5429901e-05
0.0017653198
2.6123446e-05
0.0017653867
2.6839699e-05
0.001765456
2.7577485e-05
0.0017655266
2.8325705e-05
0.001765597
2.9077975e-05
0.0017656675
2.9843265e-05
0.0017657395
3.063189e-05
0.0017658126
3.1437224e-05
0.0017658854
3.2248203e-05
0.0017659578
3.3070929e-05
0.0017660314
3.3919366e-05
0.0017661063
3.4789599e-05
0.0017661806
3.56656e-05
0.0017662544
3.6552858e-05
0.0017663294
3.747133e-05
0.0017664055
3.8414254e-05
0.0017664804
3.9361597e-05
0.0017665552
4.0332449e-05
0.0017666325
4.1349405e-05
0.0017667101
4.2383562e-05
0.0017667866
4.3422967e-05
0.0017668647
4.4503007e-05
0.0017669449
4.5624526e-05
4.6744306e-05
0.0018240624
2.4028603e-05
0.0018241276
2.4688315e-05
0.001824194
2.5363553e-05
0.0018242614
2.6056052e-05
0.0018243305
2.6770525e-05
0.001824402
2.7506022e-05
0.0018244748
2.8252919e-05
0.0018245476
2.9005203e-05
0.0018246205
2.9770302e-05
0.0018246948
3.0557567e-05
0.0018247703
3.1361775e-05
0.0018248455
3.2172964e-05
0.0018249205
3.2995964e-05
0.0018249965
3.3843341e-05
0.0018250738
3.4712328e-05
0.0018251507
3.5588681e-05
0.0018252271
3.6476522e-05
0.0018253045
3.7393831e-05
0.0018253831
3.8335679e-05
0.0018254607
3.9284052e-05
0.0018255381
4.0254988e-05
0.0018256179
4.1269658e-05
0.0018256981
4.2303307e-05
0.0018257774
4.3343716e-05
0.0018258581
4.4422337e-05
0.0018259409
4.5541683e-05
4.6662748e-05
0.0018849647
2.3963096e-05
0.0018850321
2.4620894e-05
0.0018851008
2.5294904e-05
0.0018851706
2.5986292e-05
0.0018852421
2.6699014e-05
0.0018853158
2.7432297e-05
0.0018853909
2.8177824e-05
0.0018854661
2.892998e-05
0.0018855416
2.9694843e-05
0.0018856183
3.0480824e-05
0.0018856962
3.1283901e-05
0.001885774
3.2095181e-05
0.0018858515
3.2918398e-05
0.0018859301
3.3764788e-05
0.0018860099
3.4632561e-05
0.0018860894
3.5509143e-05
0.0018861684
3.6397507e-05
0.0018862485
3.7313757e-05
0.0018863296
3.8254534e-05
0.0018864099
3.9203766e-05
0.0018864901
4.0174797e-05
0.0018865724
4.118732e-05
0.0018866554
4.2220347e-05
0.0018867375
4.3261639e-05
0.0018868209
4.4338951e-05
0.0018869064
4.5456164e-05
4.6578289e-05
0.0019479001
2.389528e-05
0.0019479698
2.4551169e-05
0.0019480408
2.5223876e-05
0.001948113
2.591409e-05
0.001948187
2.6625086e-05
0.001948263
2.7356225e-05
0.0019483405
2.8100341e-05
0.0019484183
2.8852234e-05
0.0019484963
2.961681e-05
0.0019485756
3.0401573e-05
0.0019486559
3.1203519e-05
0.0019487363
3.2014776e-05
0.0019488166
3.2838149e-05
0.0019488978
3.3683619e-05
0.0019489801
3.4550208e-05
0.0019490624
3.5426906e-05
0.0019491441
3.6315727e-05
0.0019492269
3.7231011e-05
0.0019493107
3.8170729e-05
0.0019493938
3.9120657e-05
0.0019494768
4.0091782e-05
0.0019495618
4.1102294e-05
0.0019496476
4.2134596e-05
0.0019497326
4.3176642e-05
0.0019498188
4.4252747e-05
0.0019499071
4.5367874e-05
4.649084e-05
0.0020129364
2.382506e-05
0.0020130085
2.447905e-05
0.002013082
2.5150388e-05
0.0020131567
2.5839369e-05
0.0020132331
2.6548657e-05
0.0020133116
2.7277716e-05
0.0020133916
2.8020386e-05
0.0020134719
2.877189e-05
0.0020135526
2.9536123e-05
0.0020136345
3.0319726e-05
0.0020137175
3.1120542e-05
0.0020138006
3.1931669e-05
0.0020138836
3.2755132e-05
0.0020139675
3.3599739e-05
0.0020140525
3.4465178e-05
0.0020141375
3.5341884e-05
0.0020142221
3.6231092e-05
0.0020143077
3.7145494e-05
0.0020143942
3.8084168e-05
0.0020144802
3.9034637e-05
0.0020145662
4.0005846e-05
0.002014654
4.1014477e-05
0.0020147426
4.2045963e-05
0.0020148306
4.3088634e-05
0.0020149198
4.4163623e-05
0.0020150109
4.5276713e-05
4.6400311e-05
0.0020801437
2.3752337e-05
0.0020802183
2.4404445e-05
0.0020802943
2.5074354e-05
0.0020803716
2.5762047e-05
0.0020804506
2.6469643e-05
0.0020805317
2.7196679e-05
0.0020806142
2.7937874e-05
0.0020806972
2.868887e-05
0.0020807806
2.9452698e-05
0.0020808652
3.0235189e-05
0.0020809508
3.103488e-05
0.0020810367
3.1845775e-05
0.0020811226
3.2669262e-05
0.0020812093
3.3513053e-05
0.0020812971
3.4377376e-05
0.002081385
3.5253991e-05
0.0020814725
3.6143513e-05
0.0020815609
3.7057107e-05
0.0020816504
3.7994753e-05
0.0020817394
3.8945616e-05
0.0020818283
3.9916888e-05
0.002081919
4.0923763e-05
0.0020820107
4.1954354e-05
0.0020821018
4.2997517e-05
0.0020821939
4.407147e-05
0.0020822881
4.5182577e-05
4.6306605e-05
0.0021495944
2.367701e-05
0.0021496715
2.4327255e-05
0.0021497502
2.4995686e-05
0.0021498302
2.5682038e-05
0.0021499119
2.6387956e-05
0.0021499956
2.7113019e-05
0.0021500807
2.7852715e-05
0.0021501665
2.8603091e-05
0.0021502528
2.9366451e-05
0.0021503401
3.0147868e-05
0.0021504285
3.094644e-05
0.0021505173
3.1757009e-05
0.0021506061
3.2580448e-05
0.0021506957
3.3423465e-05
0.0021507864
3.4286702e-05
0.0021508772
3.5163134e-05
0.0021509678
3.6052895e-05
0.0021510592
3.6965744e-05
0.0021511516
3.7902384e-05
0.0021512437
3.8853502e-05
0.0021513358
3.9824808e-05
0.0021514295
4.0830041e-05
0.0021515242
4.1859668e-05
0.0021516185
4.2903193e-05
0.0021517138
4.3976177e-05
0.002151811
4.5085358e-05
4.6209627e-05
0.0022213633
2.3598976e-05
0.0022214432
2.4247382e-05
0.0022215246
2.4914293e-05
0.0022216074
2.5599255e-05
0.0022216918
2.6303503e-05
0.0022217782
2.7026641e-05
0.0022218661
2.7764816e-05
0.0022219547
2.8514468e-05
0.0022220439
2.9277295e-05
0.0022221341
3.0057667e-05
0.0022222254
3.0855125e-05
0.0022223171
3.1665279e-05
0.002222409
3.24886e-05
0.0022225016
3.3330873e-05
0.0022225952
3.4193055e-05
0.0022226891
3.5069219e-05
0.0022227829
3.5959141e-05
0.0022228773
3.6871299e-05
0.0022229728
3.7806954e-05
0.0022230681
3.8758197e-05
0.0022231634
3.97295e-05
0.0022232602
4.0733198e-05
0.0022233581
4.1761805e-05
0.0022234557
4.2805559e-05
0.0022235543
4.3877632e-05
0.0022236547
4.4984944e-05
4.6109274e-05
0.0022955279
2.3518128e-05
0.0022956106
2.4164721e-05
0.0022956948
2.4830077e-05
0.0022957804
2.5513607e-05
0.0022958677
2.6216191e-05
0.0022959569
2.6937444e-05
0.0022960477
2.7674082e-05
0.0022961392
2.8422914e-05
0.0022962314
2.9185139e-05
0.0022963246
2.9964487e-05
0.0022964189
3.0760836e-05
0.0022965136
3.1570493e-05
0.0022966086
3.2393622e-05
0.0022967043
3.3235175e-05
0.002296801
3.409633e-05
0.0022968981
3.4972148e-05
0.0022969951
3.5862152e-05
0.0022970927
3.6773661e-05
0.0022971913
3.7708353e-05
0.0022972899
3.8659602e-05
0.0022973886
3.9630857e-05
0.0022974887
4.0633117e-05
0.0022975898
4.1660656e-05
0.0022976909
4.270451e-05
0.0022977928
4.3775716e-05
0.0022978965
4.4881218e-05
4.600544e-05
0.002372168
0.0023722536
0.0023723407
0.0023724293
0.0023725196
0.0023726117
0.0023727054
0.0023728
0.0023728952
0.0023729915
0.0023730889
0.0023731868
0.002373285
0.0023733839
0.0023734838
0.0023735842
0.0023736845
0.0023737854
0.0023738873
0.0023739893
0.0023740914
0.0023741948
0.0023742994
0.0023744039
0.0023745094
0.0023746165
)
;

boundaryField
{
    inlet
    {
        type            calculated;
        value           nonuniform List<scalar> 0();
    }
    top
    {
        type            calculated;
        value           nonuniform List<scalar> 0();
    }
    outlet
    {
        type            calculated;
        value           nonuniform List<scalar> 0();
    }
    slipsurface
    {
        type            calculated;
        value           nonuniform List<scalar> 0();
    }
    bottom
    {
        type            calculated;
        value           nonuniform List<scalar> 0();
    }
    frontandback
    {
        type            empty;
    }
    procBoundary14to4
    {
        type            processor;
        value           nonuniform List<scalar> 
17
(
-0.0014025362
-0.0014493661
-0.0014977595
-0.0015477685
-0.001599447
-0.0016528508
-0.0017080374
-0.0017650664
-0.0018239991
-0.0018848992
-0.0019478323
-0.0020128662
-0.0020800709
-0.002149519
-0.0022212853
-0.0022954471
-0.0023720843
)
;
    }
    procBoundary14to11
    {
        type            processor;
        value           nonuniform List<scalar> 
27
(
2.3434357e-05
2.4079166e-05
2.474294e-05
2.5425e-05
2.6125923e-05
2.6845327e-05
2.7580412e-05
2.8328336e-05
2.908989e-05
2.9868224e-05
3.066347e-05
3.1472554e-05
3.2295416e-05
3.3136264e-05
3.3996419e-05
3.4871818e-05
3.5761825e-05
3.6672718e-05
3.7606468e-05
3.8557611e-05
3.9528767e-05
4.0529678e-05
4.155611e-05
4.2599936e-05
4.3670309e-05
4.477406e-05
4.5898017e-05
)
;
    }
    procBoundary14to13
    {
        type            processor;
        value           nonuniform List<scalar> 
17
(
0.0014040883
0.0014509705
0.0014994179
0.0015494827
0.001601219
0.0016546825
0.0017099308
0.0017670237
0.0018260225
0.0018869908
0.0019499945
0.0020151014
0.0020823818
0.002151908
0.002223755
0.0022980003
0.0023747239
)
;
    }
    procBoundary14to15
    {
        type            processor;
        value           nonuniform List<scalar> 
29
(
-3.5385804e-05
-3.6252139e-05
-3.7132488e-05
-3.8067258e-05
-3.9019073e-05
-3.9948704e-05
-4.0921272e-05
-4.1965208e-05
-2.4528719e-05
-2.5204445e-05
-2.5886394e-05
-2.6585648e-05
-2.731782e-05
-2.8077331e-05
-2.8833302e-05
-2.9579836e-05
-3.0345895e-05
-3.1149075e-05
-3.1962532e-05
-3.2767058e-05
-3.358619e-05
-0.0013579612
-3.4446555e-05
0.0013584223
-4.2937612e-05
-4.3965373e-05
-4.5061644e-05
-4.6201188e-05
-4.7302029e-05
)
;
    }
}


// ************************************************************************* //
