/*--------------------------------*- C++ -*----------------------------------*\
  =========                 |
  \\      /  F ield         | OpenFOAM: The Open Source CFD Toolbox
   \\    /   O peration     | Website:  https://openfoam.org
    \\  /    A nd           | Version:  12
     \\/     M anipulation  |
\*---------------------------------------------------------------------------*/
FoamFile
{
    format      ascii;
    class       volScalarField;
    location    "1100";
    object      nut;
}
// * * * * * * * * * * * * * * * * * * * * * * * * * * * * * * * * * * * * * //

dimensions      [0 2 -1 0 0 0 0];

internalField   nonuniform List<scalar> 
468
(
5.3199987e-06
5.0762401e-06
4.8644842e-06
4.6802926e-06
4.5210008e-06
4.3859335e-06
4.2745789e-06
4.1861106e-06
4.1199019e-06
4.074868e-06
4.0495192e-06
4.0421488e-06
4.050876e-06
4.0736535e-06
4.1083796e-06
4.1530012e-06
4.2077158e-06
4.2711739e-06
4.3413347e-06
4.4158616e-06
4.4924413e-06
4.5696834e-06
4.646576e-06
4.7220042e-06
4.7948568e-06
4.8642582e-06
4.9294948e-06
4.9900022e-06
5.7434319e-06
5.8736818e-06
6.1612108e-06
6.4630936e-06
6.7817859e-06
7.1154124e-06
7.4619843e-06
7.8192619e-06
8.1874121e-06
8.5616861e-06
8.9377651e-06
9.3126122e-06
9.6838255e-06
1.0049693e-05
1.0409552e-05
1.0764392e-05
1.1116841e-05
1.1463958e-05
1.1800461e-05
1.2120543e-05
1.2422104e-05
1.2708224e-05
1.2978437e-05
1.3231692e-05
1.3467421e-05
1.368486e-05
1.3883273e-05
1.4063176e-05
3.276438e-06
3.4092111e-06
3.58015e-06
3.7897587e-06
4.0379244e-06
4.3259401e-06
4.6573114e-06
5.0374558e-06
5.4516686e-06
5.9086382e-06
6.4111969e-06
6.9625993e-06
7.5669399e-06
8.2300996e-06
8.9618919e-06
9.7491176e-06
1.0441535e-05
1.1159169e-05
1.1897375e-05
1.2644561e-05
1.3390965e-05
1.4133896e-05
1.4866987e-05
1.558752e-05
1.6292822e-05
1.6970309e-05
1.7614493e-05
1.8230702e-05
1.245279e-06
1.438564e-06
1.6317276e-06
1.82191e-06
2.0080584e-06
2.1905347e-06
2.3709859e-06
2.5526677e-06
2.7515823e-06
2.9713449e-06
3.2171206e-06
3.4959341e-06
3.817069e-06
4.1928465e-06
4.6395267e-06
5.1788517e-06
5.7987418e-06
6.5089809e-06
7.3171527e-06
8.2238217e-06
9.2228034e-06
1.0050034e-05
1.0924451e-05
1.1839979e-05
1.2790987e-05
1.3770308e-05
1.4770373e-05
1.577733e-05
2.605754e-07
2.9768445e-07
3.4509107e-07
4.0435612e-07
4.7704489e-07
5.6471379e-07
6.6882279e-07
7.9075481e-07
9.3172871e-07
1.0920586e-06
1.2712085e-06
1.4680328e-06
1.6811047e-06
1.909213e-06
2.152247e-06
2.4111981e-06
2.7049711e-06
3.0419686e-06
3.4341955e-06
3.8969125e-06
4.4488408e-06
5.120623e-06
5.8940641e-06
6.7771446e-06
7.7762635e-06
8.8971005e-06
9.8758674e-06
1.0795296e-05
1.6982181e-07
1.7201708e-07
1.7519434e-07
1.7965878e-07
1.8579168e-07
1.9407906e-07
2.0514183e-07
2.198026e-07
2.391421e-07
2.6452658e-07
2.9768154e-07
3.4080099e-07
3.9665548e-07
4.6867793e-07
5.6114894e-07
6.7898349e-07
8.2764062e-07
1.0124406e-06
1.2381774e-06
1.5083568e-06
1.8240679e-06
2.1825468e-06
2.5774823e-06
3.0273241e-06
3.5422472e-06
4.1406126e-06
4.8352186e-06
5.678717e-06
1.6521682e-07
1.6508963e-07
1.650213e-07
1.6503609e-07
1.6516566e-07
1.6545158e-07
1.6594847e-07
1.6672965e-07
1.6789448e-07
1.6957555e-07
1.7195181e-07
1.7526912e-07
1.7987023e-07
1.8623807e-07
1.9507617e-07
2.074178e-07
2.2476445e-07
2.4928935e-07
2.8417647e-07
3.3409527e-07
4.0577231e-07
5.0864526e-07
6.5409479e-07
8.5481339e-07
1.1226772e-06
1.4656168e-06
1.8803053e-06
2.3510564e-06
1.6502214e-07
1.647766e-07
1.6453159e-07
1.6428865e-07
1.6404992e-07
1.638183e-07
1.6359769e-07
1.6339342e-07
1.6321276e-07
1.6306557e-07
1.6296519e-07
1.6293002e-07
1.6298574e-07
1.6316854e-07
1.6353099e-07
1.641509e-07
1.6514348e-07
1.6668088e-07
1.690264e-07
1.7259173e-07
1.7803106e-07
1.8642067e-07
1.9951756e-07
2.2012791e-07
2.5275114e-07
3.0453786e-07
3.8635817e-07
5.1357072e-07
1.6501489e-07
1.6476422e-07
1.6451103e-07
1.6425544e-07
1.6399759e-07
1.6373769e-07
1.63476e-07
1.6321289e-07
1.6294886e-07
1.6268461e-07
1.6242106e-07
1.6215952e-07
1.6190177e-07
1.6165033e-07
1.6140885e-07
1.6118263e-07
1.6097949e-07
1.6081102e-07
1.6069474e-07
1.606578e-07
1.6074296e-07
1.6102039e-07
1.616068e-07
1.626945e-07
1.646073e-07
1.6790027e-07
1.7353588e-07
1.8320336e-07
1.650145e-07
1.6476363e-07
1.6451012e-07
1.6425399e-07
1.6399528e-07
1.6373403e-07
1.6347029e-07
1.6320411e-07
1.6293555e-07
1.6266469e-07
1.6239161e-07
1.6211643e-07
1.6183931e-07
1.6156044e-07
1.6128009e-07
1.6099865e-07
1.6071665e-07
1.6043488e-07
1.6015452e-07
1.5987731e-07
1.59606e-07
1.5934495e-07
1.5910136e-07
1.5888703e-07
1.5872173e-07
1.5863936e-07
1.586992e-07
1.5900734e-07
1.6501438e-07
1.6476351e-07
1.6450998e-07
1.6425383e-07
1.6399509e-07
1.6373379e-07
1.6346996e-07
1.6320364e-07
1.6293487e-07
1.6266367e-07
1.623901e-07
1.6211419e-07
1.61836e-07
1.6155556e-07
1.6127293e-07
1.6098818e-07
1.6070137e-07
1.6041261e-07
1.6012199e-07
1.5982967e-07
1.5953585e-07
1.5924085e-07
1.5894513e-07
1.5864945e-07
1.5835501e-07
1.5806384e-07
1.5777945e-07
1.5750809e-07
1.6501429e-07
1.6476341e-07
1.6450988e-07
1.6425373e-07
1.6399499e-07
1.6373368e-07
1.6346985e-07
1.6320352e-07
1.6293473e-07
1.6266352e-07
1.6238993e-07
1.6211399e-07
1.6183574e-07
1.6155522e-07
1.6127247e-07
1.6098754e-07
1.6070047e-07
1.6041131e-07
1.6012009e-07
1.5982689e-07
1.5953173e-07
1.592347e-07
1.5893585e-07
1.5863528e-07
1.583331e-07
1.5802946e-07
1.5772461e-07
1.5741895e-07
1.6501422e-07
1.6476334e-07
1.6450981e-07
1.6425366e-07
1.6399491e-07
1.637336e-07
1.6346977e-07
1.6320344e-07
1.6293465e-07
1.6266344e-07
1.6238984e-07
1.6211389e-07
1.6183564e-07
1.6155512e-07
1.6127237e-07
1.6098743e-07
1.6070034e-07
1.6041116e-07
1.6011992e-07
1.5982666e-07
1.5953144e-07
1.5923429e-07
1.5893527e-07
1.5863442e-07
1.5833179e-07
1.5802744e-07
1.5772142e-07
1.5741379e-07
1.6501418e-07
1.647633e-07
1.6450977e-07
1.6425361e-07
1.6399486e-07
1.6373355e-07
1.6346971e-07
1.6320337e-07
1.6293458e-07
1.6266337e-07
1.6238977e-07
1.6211382e-07
1.6183556e-07
1.6155504e-07
1.6127228e-07
1.6098734e-07
1.6070026e-07
1.6041107e-07
1.6011983e-07
1.5982657e-07
1.5953134e-07
1.5923419e-07
1.5893516e-07
1.5863429e-07
1.5833165e-07
1.5802726e-07
1.5772117e-07
1.5741344e-07
1.6501416e-07
1.6476328e-07
1.6450974e-07
1.6425358e-07
1.6399482e-07
1.6373351e-07
1.6346966e-07
1.6320333e-07
1.6293453e-07
1.6266331e-07
1.6238971e-07
1.6211376e-07
1.618355e-07
1.6155497e-07
1.6127222e-07
1.6098728e-07
1.6070019e-07
1.60411e-07
1.6011976e-07
1.598265e-07
1.5953127e-07
1.5923412e-07
1.5893508e-07
1.5863422e-07
1.5833157e-07
1.5802718e-07
1.5772109e-07
1.5741336e-07
1.6476328e-07
1.6450974e-07
1.6425357e-07
1.6399481e-07
1.6373349e-07
1.6346964e-07
1.632033e-07
1.629345e-07
1.6266328e-07
1.6238967e-07
1.6211372e-07
1.6183546e-07
1.6155493e-07
1.6127217e-07
1.6098722e-07
1.6070013e-07
1.6041094e-07
1.601197e-07
1.5982644e-07
1.5953121e-07
1.5923405e-07
1.5893502e-07
1.5863416e-07
1.5833151e-07
1.5802711e-07
1.5772103e-07
1.5741329e-07
1.6476329e-07
1.6450975e-07
1.6425358e-07
1.6399481e-07
1.6373349e-07
1.6346964e-07
1.6320329e-07
1.6293449e-07
1.6266326e-07
1.6238965e-07
1.6211369e-07
1.6183543e-07
1.6155489e-07
1.6127213e-07
1.6098718e-07
1.6070009e-07
1.604109e-07
1.6011965e-07
1.5982639e-07
1.5953116e-07
1.59234e-07
)
;

boundaryField
{
    inlet
    {
        type            calculated;
        value           nonuniform List<scalar> 0();
    }
    top
    {
        type            calculated;
        value           nonuniform List<scalar> 0();
    }
    outlet
    {
        type            calculated;
        value           nonuniform List<scalar> 0();
    }
    slipsurface
    {
        type            slip;
    }
    bottom
    {
        type            nutUSpaldingWallFunction;
        Cmu             0.09;
        kappa           0.41;
        E               9.8;
        value           nonuniform List<scalar> 
28
(
9.4786299e-07
9.3625323e-07
9.2498033e-07
9.1411673e-07
9.0372495e-07
8.9386921e-07
8.8460569e-07
8.7598502e-07
8.6805484e-07
8.6083236e-07
8.5430601e-07
8.4845023e-07
8.4322857e-07
8.3859238e-07
8.3448885e-07
8.3087652e-07
8.2770944e-07
8.2492631e-07
8.2245934e-07
8.2024061e-07
8.1820757e-07
8.1632059e-07
8.1455026e-07
8.1285772e-07
8.1120274e-07
8.0955486e-07
8.0789251e-07
8.062052e-07
)
;
    }
    frontandback
    {
        type            empty;
    }
    procBoundary5to4
    {
        type            processor;
        value           nonuniform List<scalar> 
28
(
1.5893497e-07
1.586341e-07
1.5833145e-07
1.5802706e-07
1.5772097e-07
1.5741324e-07
1.6476333e-07
1.6450978e-07
1.642536e-07
1.6399483e-07
1.637335e-07
1.6346965e-07
1.6320329e-07
1.6293449e-07
1.6266325e-07
1.6238964e-07
1.6211368e-07
1.6183541e-07
1.6155487e-07
1.6127211e-07
1.6098716e-07
1.6070006e-07
1.6041087e-07
1.6011962e-07
1.5982635e-07
1.5953112e-07
1.5893497e-07
1.5923396e-07
)
;
    }
    procBoundary5to7
    {
        type            processor;
        value           nonuniform List<scalar> 
18
(
5.5905253e-06
5.400079e-06
3.1760925e-06
1.0557765e-06
2.3216192e-07
1.6836099e-07
1.6538443e-07
1.6526709e-07
1.6526296e-07
1.6526269e-07
1.6526257e-07
1.6526248e-07
1.6526241e-07
1.6526238e-07
1.6526236e-07
1.6501417e-07
1.6501417e-07
1.6501419e-07
)
;
    }
    procBoundary5to15
    {
        type            processor;
        value           nonuniform List<scalar> 
16
(
5.0454556e-06
1.4225373e-05
1.8817265e-05
1.6778561e-05
1.1789246e-05
6.6482506e-06
2.8756172e-06
7.0512681e-07
1.9983529e-07
1.597545e-07
1.5726101e-07
1.5711315e-07
1.5710465e-07
1.5710412e-07
1.5710402e-07
1.5710396e-07
)
;
    }
}


// ************************************************************************* //
