/*--------------------------------*- C++ -*----------------------------------*\
  =========                 |
  \\      /  F ield         | OpenFOAM: The Open Source CFD Toolbox
   \\    /   O peration     | Website:  https://openfoam.org
    \\  /    A nd           | Version:  12
     \\/     M anipulation  |
\*---------------------------------------------------------------------------*/
FoamFile
{
    format      ascii;
    class       volScalarField;
    location    "1700";
    object      omega;
}
// * * * * * * * * * * * * * * * * * * * * * * * * * * * * * * * * * * * * * //

dimensions      [0 0 -1 0 0 0 0];

internalField   nonuniform List<scalar> 
1745
(
42.608264
45.286108
46.905881
47.830698
48.305553
48.490085
48.490106
48.385393
48.225299
48.008849
47.723794
47.357856
46.874963
46.27333
45.580391
44.823118
44.024763
43.204074
42.3756
41.55034
40.736427
39.939746
39.164475
38.413054
37.688376
36.98574
36.339307
35.598752
21.945115
21.49211
21.044452
20.602243
20.165581
19.734553
19.309242
18.889721
18.476058
18.068314
17.66654
17.270785
16.881088
16.497482
16.119994
15.748644
15.383447
15.024412
14.671544
14.324857
13.984448
13.651002
13.329018
13.047001
12.976448
13.969682
17.958063
24.751244
31.928223
37.659904
41.592537
44.084212
45.583606
46.433371
46.862424
47.019801
47.004676
46.892951
46.729753
46.512075
46.229188
45.867275
45.391612
44.802992
44.127787
43.391767
42.617101
41.821656
41.019287
40.220469
39.432953
38.662381
37.912352
37.186654
36.481317
35.830675
35.086471
21.945133
21.492127
21.044468
20.602259
20.165596
19.734568
19.309256
18.889735
18.476071
18.068326
17.666552
17.270796
16.881099
16.497492
16.120003
15.748653
15.383456
15.024421
14.67155
14.324844
13.984311
13.65005
13.322793
13.007374
12.734545
12.690266
13.783206
17.880228
24.582849
31.476726
36.894377
40.57782
42.898705
44.288444
45.069808
45.457041
45.589717
45.561018
45.443205
45.277577
45.059371
44.779218
44.421922
43.954075
43.378722
42.721198
42.006133
41.254675
40.483855
39.706882
38.933743
38.171862
37.426258
36.701821
35.995489
35.341908
34.594576
21.945144
21.492138
21.044478
20.602269
20.165606
19.734578
19.309265
18.889744
18.47608
18.068334
17.66656
17.270804
16.881106
16.497499
16.120011
15.74866
15.383463
15.024427
14.671556
14.324846
13.984293
13.649902
13.321773
13.000679
12.691788
12.428247
12.410701
13.599666
17.786833
24.380581
30.993769
36.114472
39.567029
41.731306
43.0208
43.739613
44.088657
44.198943
44.158164
44.035147
43.867722
43.64963
43.372709
43.020548
42.561031
41.999142
41.359211
40.664784
39.936044
39.189236
38.436965
37.688791
36.951456
36.231198
35.526071
34.87122
34.121534
21.945147
21.49214
21.044481
20.602272
20.165609
19.73458
19.309268
18.889746
18.476083
18.068337
17.666563
17.270807
16.881109
16.497502
16.120013
15.748663
15.383466
15.02443
14.671558
14.324848
13.984292
13.64988
13.321612
12.99959
12.684631
12.382245
12.127986
12.136966
13.414783
17.674717
24.143453
30.482392
35.323635
38.562685
40.583188
41.780825
42.442375
42.756584
42.84664
42.795184
42.667794
42.499159
42.28176
42.008503
41.661932
41.21119
40.662909
40.040451
39.366328
38.659811
37.936413
37.208193
36.483956
35.771578
35.07047
34.416509
33.665635
21.945148
21.492141
21.044481
20.602271
20.165608
19.734579
19.309267
18.889745
18.476081
18.068336
17.666562
17.270806
16.881108
16.497501
16.120012
15.748662
15.383464
15.024429
14.671557
14.324847
13.984291
13.649876
13.321586
12.999418
12.683476
12.374619
12.078697
11.833622
11.868234
13.231084
17.543707
23.874745
29.946598
34.525343
37.566911
39.455218
40.56857
41.177689
41.460165
41.532002
41.471172
41.340181
41.170876
40.954687
40.685468
40.344883
39.903292
39.368718
38.763583
38.109415
37.42463
36.724072
36.018949
35.319104
34.625582
33.975273
33.224909
21.945154
21.492146
21.044485
20.602274
20.16561
19.73458
19.309267
18.889745
18.47608
18.068334
17.66656
17.270804
16.881105
16.497498
16.120009
15.748659
15.383461
15.024425
14.671554
14.324844
13.984288
13.649872
13.321579
12.999388
12.683293
12.373399
12.070606
11.781091
11.544986
11.6048
13.047573
17.394045
23.577251
29.390254
33.722683
36.58146
38.348073
39.384034
39.945153
40.198757
40.254236
40.185238
40.051357
39.881868
39.667353
39.402495
39.06823
38.636111
38.1153
37.527311
36.892742
36.229225
35.550638
34.869125
34.187671
33.544503
32.797051
21.945166
21.492157
21.044494
20.602282
20.165617
19.734586
19.309272
18.889748
18.476083
18.068336
17.666561
17.270804
16.881105
16.497497
16.120008
15.748656
15.383459
15.024422
14.67155
14.32484
13.984284
13.649868
13.321574
12.99938
12.683261
12.373207
12.069325
11.772552
11.489364
11.262071
11.346429
12.863282
17.226016
23.253714
28.816861
32.918325
35.607808
37.262301
38.227164
38.744351
38.971721
39.012559
38.936502
38.800378
38.63115
38.418722
38.158491
37.830834
37.40845
36.90142
36.330382
35.715078
35.072058
34.416033
33.752237
33.120573
32.37932
21.945182
21.492171
21.044507
20.602294
20.165628
19.734596
19.30928
18.889756
18.47609
18.068342
17.666566
17.270808
16.881108
16.497499
16.120009
15.748657
15.383458
15.024422
14.671549
14.324838
13.984281
13.649865
13.32157
12.999376
12.683253
12.373174
12.069125
11.771213
11.48041
11.203476
10.984804
11.092835
12.677286
17.040095
22.906792
28.229589
32.114593
34.647205
36.198329
37.097857
37.574849
37.778417
37.806194
37.724091
37.586317
37.417749
37.207765
36.952389
36.631579
36.219148
35.725883
35.171617
34.574924
33.953096
33.313855
32.699097
31.968445
21.945199
21.492187
21.044522
20.602308
20.16564
19.734608
19.309291
18.889766
18.476099
18.06835
17.666573
17.270814
16.881114
16.497504
16.120013
15.748661
15.383461
15.024423
14.67155
14.324839
13.984281
13.649864
13.321569
12.999374
12.68325
12.373167
12.069093
11.771008
11.479022
11.194136
10.923373
10.713097
10.84372
12.488768
16.836906
22.539012
27.631261
31.313502
33.700703
35.156484
35.995962
36.436195
36.618197
36.634362
36.54714
36.408256
36.240699
36.033476
35.78314
35.469381
35.06707
34.587571
34.049557
33.472297
32.866008
32.274778
31.560506
21.945217
21.492204
21.044538
20.602323
20.165655
19.734621
19.309304
18.889778
18.47611
18.06836
17.666582
17.270823
16.881121
16.497511
16.120019
15.748666
15.383466
15.024427
14.671554
14.324841
13.984283
13.649865
13.32157
12.999374
12.68325
12.373166
12.069087
11.770977
11.478813
11.192705
10.91368
10.648998
10.446856
10.598788
12.297021
16.617213
22.152746
27.024403
30.516804
32.769186
34.136998
34.921283
35.327917
35.490405
35.49629
35.404795
35.265282
35.099053
34.894865
34.64973
34.343177
33.951176
33.485069
32.964276
32.400947
31.841248
31.150795
21.945236
21.492222
21.044556
20.602339
20.16567
19.734635
19.309317
18.88979
18.476121
18.068371
17.666592
17.270832
16.88113
16.497519
16.120026
15.748672
15.383472
15.024433
14.671558
14.324846
13.984287
13.649868
13.321572
12.999375
12.683251
12.373167
12.069087
11.770972
11.478782
11.192492
10.912211
10.638987
10.380292
10.185987
10.357751
12.101467
16.381865
21.750221
26.411277
29.726026
31.853392
33.140022
33.873582
34.249519
34.394383
34.391208
34.296204
34.156498
33.991875
33.79097
33.551151
33.252007
32.870092
32.4185
31.909625
31.390922
30.733669
21.945257
21.492242
21.044574
20.602356
20.165686
19.73465
19.309331
18.889803
18.476133
18.068382
17.666603
17.270842
16.881139
16.497528
16.120034
15.74868
15.383478
15.024439
14.671564
14.32485
13.984291
13.649872
13.321575
12.999378
12.683253
12.373168
12.069088
11.770972
11.478778
11.192462
10.911996
10.637487
10.370001
10.117189
9.930392
10.120331
11.901637
16.131772
21.333522
25.793917
28.942499
30.953936
32.165638
32.852577
33.200492
33.329469
33.318341
33.220524
33.081016
32.918258
32.720832
32.486507
32.194553
31.823967
31.38188
30.914937
30.302408
21.945279
21.492262
21.044593
20.602375
20.165703
19.734666
19.309346
18.889817
18.476147
18.068395
17.666615
17.270853
16.881149
16.497537
16.120043
15.748688
15.383486
15.024445
14.67157
14.324856
13.984296
13.649876
13.321579
12.999382
12.683256
12.373171
12.06909
11.770974
11.478779
11.192459
10.911966
10.63727
10.368476
10.106662
9.8596258
9.6799764
9.8862664
11.697173
15.867892
20.904604
25.174154
28.167389
30.071318
31.213855
31.857961
32.180313
32.294987
32.276924
32.176922
32.037976
31.877288
31.683603
31.454542
31.170919
30.807125
30.403321
29.849118
21.945302
21.492284
21.044614
20.602394
20.165721
19.734683
19.309362
18.889833
18.476161
18.068408
17.666627
17.270864
16.88116
16.497547
16.120052
15.748696
15.383494
15.024453
14.671577
14.324862
13.984302
13.649882
13.321584
12.999386
12.68326
12.373174
12.069093
11.770976
11.478781
11.19246
10.911963
10.63724
10.368258
10.105119
9.848908
9.6075335
9.4346452
9.6553136
11.487821
15.591216
20.465291
24.553637
27.401705
29.205935
30.284636
30.889391
31.188432
31.290266
31.266194
31.16459
31.026503
30.868172
30.678091
30.455255
30.176009
29.845666
29.364814
21.945326
21.492307
21.044635
20.602415
20.16574
19.734702
19.30938
18.889849
18.476176
18.068422
17.66664
17.270877
16.881172
16.497558
16.120062
15.748706
15.383503
15.024461
14.671584
14.324869
13.984308
13.649887
13.321589
12.99939
12.683264
12.373178
12.069096
11.770979
11.478783
11.192462
10.911964
10.637238
10.368229
10.104901
9.8473549
9.5966749
9.360844
9.1943056
9.4272488
11.273434
15.302755
20.017304
23.933848
26.646322
28.358112
29.37788
29.946486
30.224302
30.314634
30.28541
30.182695
30.045855
29.889766
29.704153
29.484245
29.232781
28.839881
21.945352
21.492331
21.044658
20.602436
20.165761
19.734721
19.309398
18.889866
18.476192
18.068437
17.666654
17.27089
16.881184
16.49757
16.120073
15.748716
15.383512
15.02447
14.671592
14.324876
13.984315
13.649893
13.321595
12.999396
12.683269
12.373182
12.0691
11.770982
11.478786
11.192464
10.911966
10.637239
10.368226
10.104873
9.8471381
9.5951192
9.3498968
9.1194873
8.9588677
9.2018757
11.053956
15.00357
19.562224
23.316126
25.902009
27.528062
28.493429
29.028858
29.287362
29.367429
29.333799
29.230552
29.094905
28.941815
28.758127
28.561044
28.265311
21.945379
21.492356
21.044682
20.602459
20.165782
19.734741
19.309416
18.889883
18.476209
18.068453
17.666669
17.270904
16.881197
16.497582
16.120085
15.748727
15.383522
15.024479
14.671601
14.324884
13.984322
13.6499
13.321601
12.999401
12.683274
12.373186
12.069104
11.770986
11.478789
11.192467
10.911968
10.637241
10.368227
10.10487
9.8471097
9.5949045
9.3483461
9.1085056
8.8833927
8.7282454
8.9790229
10.829484
14.694621
19.101591
22.701657
25.16936
26.715936
27.631115
28.136093
28.377055
28.447954
28.41074
28.307053
28.173447
28.021363
27.856323
27.635088
21.945406
21.492383
21.044707
20.602482
20.165804
19.734762
19.309436
18.889902
18.476226
18.06847
17.666685
17.270919
16.881211
16.497595
16.120097
15.748738
15.383532
15.024489
14.67161
14.324893
13.98433
13.649907
13.321608
12.999407
12.683279
12.373191
12.069108
11.77099
11.478793
11.19247
10.911971
10.637243
10.368229
10.104871
9.8471073
9.5948767
9.3481346
9.1069678
8.8724321
8.6524887
8.5023564
8.7583985
10.599919
14.377255
18.636726
22.09146
24.448937
25.921848
26.790711
27.267768
27.492778
27.555669
27.515173
27.412084
27.278711
27.141906
26.967807
21.945435
21.49241
21.044733
20.602506
20.165827
19.734783
19.309457
18.889921
18.476245
18.068487
17.666701
17.270934
16.881225
16.497608
16.120109
15.74875
15.383543
15.024499
14.671619
14.324902
13.984338
13.649915
13.321615
12.999414
12.683285
12.373197
12.069113
11.770994
11.478797
11.192473
10.911974
10.637246
10.368232
10.104873
9.8471085
9.5948744
9.3481076
9.1067604
8.8709146
8.641605
8.426703
8.2811031
8.5398963
10.365462
14.051609
18.168713
21.486442
23.741176
25.145816
25.97197
26.423403
26.63409
26.689571
26.647017
26.542897
26.423423
26.285033
21.945465
21.492438
21.04476
20.602532
20.165851
19.734806
19.309478
18.889942
18.476264
18.068505
17.666718
17.27095
16.88124
16.497622
16.120123
15.748762
15.383555
15.02451
14.671629
14.324911
13.984347
13.649923
13.321622
12.99942
12.683291
12.373203
12.069118
11.770999
11.478801
11.192477
10.911978
10.637249
10.368234
10.104875
9.8471104
9.5948756
9.3481053
9.1067342
8.8707123
8.6401152
8.4159517
8.2059607
8.0644119
8.3235567
10.124863
13.718937
17.698746
20.887447
23.046423
24.387838
25.174584
25.60269
25.800065
25.849634
25.803733
25.712191
25.59237
21.945496
21.492468
21.044787
20.602558
20.165876
19.73483
19.3095
18.889963
18.476284
18.068523
17.666736
17.270966
16.881256
16.497637
16.120136
15.748775
15.383567
15.024521
14.67164
14.324921
13.984356
13.649931
13.32163
12.999428
12.683298
12.373209
12.069124
11.771004
11.478806
11.192481
10.911981
10.637252
10.368237
10.104878
9.8471127
9.5948775
9.3481065
9.1067321
8.870687
8.6399188
8.4144968
8.1953984
7.9901879
7.8522368
8.1091444
9.8804967
13.380265
17.227887
20.295137
22.365
23.647836
24.398423
24.80479
24.990767
25.033491
24.997518
24.901865
21.945528
21.492498
21.044816
20.602585
20.165902
19.734854
19.309523
18.889984
18.476304
18.068543
17.666754
17.270984
16.881272
16.497652
16.120151
15.748788
15.38358
15.024533
14.671651
14.324931
13.984365
13.64994
13.321638
12.999435
12.683305
12.373215
12.06913
11.771009
11.47881
11.192486
10.911985
10.637256
10.368241
10.104881
9.8471151
9.5948796
9.3481083
9.1067332
8.870685
8.6398946
8.4143072
8.1939853
7.97987
7.7793153
7.6444842
7.8969529
9.6323495
13.036907
16.757307
19.710338
21.697147
22.925925
23.642745
24.029925
24.203936
24.253145
24.208568
21.945562
21.49253
21.044846
20.602614
20.165928
19.734879
19.309547
18.890007
18.476325
18.068563
17.666773
17.271001
16.881289
16.497668
16.120165
15.748802
15.383593
15.024545
14.671662
14.324942
13.984375
13.649949
13.321646
12.999443
12.683312
12.373222
12.069136
11.771015
11.478816
11.192491
10.91199
10.63726
10.368244
10.104884
9.8471178
9.5948819
9.3481103
9.1067349
8.8706861
8.6398927
8.414284
8.1938032
7.9785054
7.7692915
7.5732656
7.4411436
7.687069
9.3813509
12.689792
16.288031
19.133553
21.043291
22.221474
22.90804
23.275842
23.451747
23.488837
21.945596
21.492562
21.044877
20.602643
20.165956
19.734905
19.309572
18.89003
18.476347
18.068584
17.666792
17.27102
16.881306
16.497684
16.120181
15.748817
15.383606
15.024558
14.671674
14.324953
13.984385
13.649959
13.321655
12.999451
12.68332
12.373229
12.069142
11.771021
11.478821
11.192495
10.911994
10.637264
10.368248
10.104887
9.8471207
9.5948845
9.3481125
9.1067368
8.8706877
8.6398937
8.4142822
8.1937812
7.9783316
7.7679809
7.5635858
7.3719702
7.2421765
7.4796424
9.1279846
12.340037
15.820851
18.565653
20.402921
21.535397
22.191909
22.555327
22.715416
21.945631
21.492596
21.044908
20.602673
20.165984
19.734932
19.309597
18.890054
18.47637
18.068605
17.666812
17.271039
16.881324
16.497701
16.120197
15.748831
15.38362
15.024571
14.671686
14.324964
13.984396
13.649969
13.321664
12.99946
12.683328
12.373236
12.069149
11.771027
11.478827
11.192501
10.911999
10.637268
10.368251
10.10489
9.8471237
9.5948872
9.3481149
9.1067389
8.8706894
8.6398951
8.4142831
8.1937795
7.9783108
7.7678159
7.5623348
7.3626763
7.1753597
7.0475491
7.2748055
8.8730267
11.988409
15.357079
18.006176
19.777608
20.864931
21.508351
21.851918
21.945668
21.49263
21.044941
20.602704
20.166014
19.73496
19.309623
18.890079
18.476393
18.068627
17.666833
17.271058
16.881342
16.497718
16.120213
15.748847
15.383634
15.024584
14.671699
14.324976
13.984407
13.649979
13.321674
12.999469
12.683336
12.373243
12.069156
11.771033
11.478832
11.192506
10.912004
10.637272
10.368255
10.104894
9.8471269
9.59489
9.3481174
9.1067411
8.8706913
8.6398968
8.4142845
8.1937803
7.9783091
7.7677963
7.562179
7.361489
7.1664858
6.9833615
6.8572266
7.0728036
8.6168652
11.636529
14.896105
17.457695
19.163873
20.226211
20.844875
21.945705
21.492666
21.044975
20.602735
20.166044
19.734988
19.30965
18.890104
18.476417
18.06865
17.666855
17.271079
16.881361
16.497736
16.12023
15.748863
15.383649
15.024598
14.671712
14.324988
13.984418
13.64999
13.321684
12.999478
12.683344
12.373251
12.069163
11.77104
11.478838
11.192511
10.912009
10.637277
10.368259
10.104898
9.8471303
9.594893
9.34812
9.1067434
8.8706934
8.6398985
8.4142859
8.1937815
7.9783098
7.7677947
7.5621607
7.3613428
7.1653653
6.9749361
6.7959034
6.6711965
6.8736548
8.3613903
11.283364
14.442012
16.915424
18.581557
19.612447
21.945744
21.492702
21.045009
20.602768
20.166075
19.735017
19.309678
18.89013
18.476442
18.068673
17.666877
17.271099
16.881381
16.497755
16.120247
15.748879
15.383664
15.024612
14.671725
14.325
13.98443
13.65
13.321694
12.999487
12.683353
12.373259
12.06917
11.771047
11.478845
11.192517
10.912014
10.637281
10.368264
10.104902
9.8471337
9.5948961
9.3481228
9.1067458
8.8706955
8.6399003
8.4142875
8.1937828
7.9783109
7.7677954
7.5621592
7.3613258
7.1652288
6.9738845
6.7879487
6.6129163
6.4893882
6.6783129
8.1038003
10.934515
13.987429
16.405137
18.030531
21.945783
21.49274
21.045045
20.602802
20.166106
19.735047
19.309706
18.890157
18.476467
18.068697
17.666899
17.271121
16.881401
16.497773
16.120265
15.748895
15.38368
15.024627
14.671739
14.325013
13.984442
13.650011
13.321704
12.999497
12.683362
12.373267
12.069178
11.771054
11.478851
11.192523
10.912019
10.637286
10.368268
10.104906
9.8471373
9.5948993
9.3481257
9.1067484
8.8706977
8.6399023
8.4142892
8.1937842
7.9783121
7.7677963
7.5621597
7.3613243
7.1652131
6.9737579
6.7869673
6.6054453
6.4343204
6.3119523
6.4847933
7.8542916
10.579722
13.562053
15.928685
21.945824
21.492778
21.045081
20.602836
20.166139
19.735078
19.309735
18.890185
18.476493
18.068721
17.666922
17.271142
16.881421
16.497793
16.120283
15.748912
15.383696
15.024642
14.671753
14.325026
13.984454
13.650023
13.321715
12.999506
12.683371
12.373276
12.069186
11.771061
11.478858
11.192529
10.912025
10.637291
21.945866
21.492818
21.045118
20.602871
20.166172
19.73511
19.309765
18.890213
18.47652
18.068746
17.666946
17.271164
16.881442
16.497812
16.120301
15.748929
15.383712
15.024657
14.671767
14.325039
13.984466
13.650034
13.321725
12.999516
12.68338
12.373284
12.069193
11.771068
11.478864
11.192535
10.91203
10.637296
)
;

boundaryField
{
    inlet
    {
        type            fixedValue;
        value           nonuniform List<scalar> 0();
    }
    top
    {
        type            zeroGradient;
    }
    outlet
    {
        type            zeroGradient;
    }
    slipsurface
    {
        type            slip;
    }
    bottom
    {
        beta1           0.075;
        blended         false;
        type            omegaWallFunction;
        value           nonuniform List<scalar> 0();
    }
    frontandback
    {
        type            empty;
    }
    procBoundary14to10
    {
        type            processor;
        value           nonuniform List<scalar> 
60
(
10.368272
10.10491
9.8471409
9.5949026
9.3481286
9.106751
8.8707
8.6399043
8.4142909
8.1937857
7.9783133
7.7677973
7.5621604
7.3613247
7.1652116
6.9737433
6.7868504
6.604534
6.4273453
6.260072
6.1383277
6.299273
7.5859798
10.278743
13.178452
10.368272
22.404153
21.945909
21.492859
21.045158
20.602908
20.166207
19.735143
19.309796
18.890242
18.476547
18.068772
17.66697
17.271187
16.881464
16.497832
16.12032
15.748947
15.383728
15.024672
14.671781
14.325053
13.984479
13.650046
13.321736
12.999526
12.683389
12.373293
12.069201
11.771075
11.478871
11.192541
10.912036
10.368277
10.637301
)
;
    }
    procBoundary14to12
    {
        type            processor;
        value           nonuniform List<scalar> 
30
(
22.403358
22.403377
22.403388
22.403391
22.403393
22.403401
22.403414
22.403431
22.403449
22.403469
22.403489
22.403511
22.403534
22.403559
22.403585
22.403612
22.40364
22.403669
22.4037
22.403732
22.403764
22.403798
22.403833
22.40387
22.403907
22.403946
22.403985
22.404026
22.404067
22.40411
)
;
    }
    procBoundary14to15
    {
        type            processor;
        value           nonuniform List<scalar> 
58
(
46.502426
48.254273
49.262013
49.787237
50.001551
50.018337
49.921578
49.765287
49.550824
49.264238
48.894939
48.405483
47.791147
47.080464
46.301662
45.47914
44.632589
43.777291
42.924802
42.083672
41.260085
40.458389
39.68157
38.931131
38.20924
37.510623
36.869354
36.132843
21.945095
21.492091
21.044433
20.602226
20.165565
19.734538
19.309228
18.889707
18.476045
18.068301
17.666528
17.270773
16.881076
16.49747
16.119982
15.748632
15.383436
15.024404
14.671554
14.324982
13.985331
13.656761
13.365523
13.268963
14.163238
18.022531
24.884944
32.345081
38.407208
38.407208
)
;
    }
}


// ************************************************************************* //
