# Probe 0 (1.95 0 0)
# Probe 1 (1.95 1e-10 0)
# Probe 2 (1.95 1e-07 0)
# Time          0               1               2              
1               6.4570435e-06   6.4570435e-06   6.4570435e-06  
2               6.954665e-06    6.954665e-06    6.954665e-06   
3               5.5581056e-06   5.5581056e-06   5.5581056e-06  
4               4.0360877e-06   4.0360877e-06   4.0360877e-06  
5               -6.2227347e-05  -6.2227347e-05  -6.2227347e-05 
6               -0.00011021525  -0.00011021525  -0.00011021525 
7               -0.00015611541  -0.00015611541  -0.00015611541 
8               -0.000203398    -0.000203398    -0.000203398   
9               -0.0002534079   -0.0002534079   -0.0002534079  
10              -0.00030461524  -0.00030461524  -0.00030461524 
