/*--------------------------------*- C++ -*----------------------------------*\
  =========                 |
  \\      /  F ield         | OpenFOAM: The Open Source CFD Toolbox
   \\    /   O peration     | Website:  https://openfoam.org
    \\  /    A nd           | Version:  12
     \\/     M anipulation  |
\*---------------------------------------------------------------------------*/
FoamFile
{
    format      ascii;
    class       volScalarField;
    location    "1600";
    object      p;
}
// * * * * * * * * * * * * * * * * * * * * * * * * * * * * * * * * * * * * * //

dimensions      [0 2 -2 0 0 0 0];

internalField   nonuniform List<scalar> 
469
(
0.0027975684
0.0027570138
0.0027164226
0.0026757488
0.0026351417
0.0025947722
0.0042994844
0.0041745126
0.0040517771
0.0039326566
0.0038184466
0.0037104484
0.003609765
0.0035171713
0.0034331388
0.0033578185
0.0032909571
0.0032318441
0.0031792498
0.0031316655
0.0030875652
0.0030454402
0.0030041275
0.0029630523
0.0029220067
0.0028809833
0.0028401152
0.0027993995
0.00275873
0.0027180508
0.0026773197
0.0026366664
0.0025962452
0.0042909799
0.0041693169
0.0040495075
0.0039329441
0.0038209167
0.0037146926
0.0036153548
0.0035236837
0.0034401645
0.0033649693
0.0032978834
0.0032382592
0.0031849712
0.0031366172
0.0030917589
0.0030489779
0.0030071583
0.0029657114
0.0029243988
0.0028831784
0.0028421439
0.0028012842
0.0027604977
0.0027197282
0.0026789367
0.0026382345
0.0025977601
0.0042819222
0.0041635867
0.0040467391
0.0039327732
0.0038229701
0.0037185653
0.0036206223
0.0035299242
0.0034469691
0.0033719504
0.0033046921
0.0032446085
0.0031906733
0.0031415877
0.0030960008
0.0030525803
0.0030102587
0.0029684382
0.0029268535
0.0028854304
0.002844226
0.0028032203
0.0027623151
0.0027214536
0.0026805988
0.0026398454
0.0025993167
0.0042722994
0.0041573036
0.0040434473
0.0039321152
0.0038245758
0.0037220347
0.0036255352
0.0035358616
0.0034535233
0.0033787349
0.003311359
0.0032508708
0.0031963377
0.0031465617
0.0031002777
0.003056237
0.0030134206
0.0029712264
0.0029293658
0.0028877353
0.0028463585
0.0028052052
0.0027641802
0.0027232252
0.0026823047
0.002641498
0.0026009141
0.0042621044
0.0041504539
0.0040396122
0.0039309459
0.003825707
0.0037250721
0.0036300644
0.0035414668
0.0034597993
0.0033852971
0.0033178607
0.0032570246
0.0032019457
0.0031515229
0.003104576
0.0030599367
0.0030166349
0.0029740689
0.0029319301
0.0028900886
0.0028485373
0.0028072357
0.0027660899
0.0027250405
0.0026840522
0.0026431905
0.0026025507
0.0042513331
0.0041430273
0.0040352173
0.0039292443
0.0038263397
0.0037276518
0.0036341829
0.0035467129
0.0034657708
0.003391612
0.0033241738
0.0032630488
0.0032074783
0.0031564548
0.0031088816
0.0030636677
0.0030198923
0.0029769582
0.0029345403
0.0028924855
0.0028507585
0.002809308
0.0027680411
0.0027268965
0.0026858389
0.0026449208
0.0026042248
0.0042399841
0.0041350162
0.0040302491
0.0039269923
0.0038264528
0.0037297502
0.0036378658
0.0035515745
0.0034714128
0.0033976555
0.003330276
0.0032689224
0.0032129167
0.0031613409
0.0031131799
0.0030674178
0.0030231829
0.0029798864
0.0029371902
0.0028949207
0.0028530173
0.0028114182
0.0027700302
0.0027287902
0.002687662
0.0026466866
0.0026059342
0.0042280578
0.0041264149
0.0040246961
0.0039241738
0.0038260267
0.0037313455
0.0036410897
0.0035560273
0.0034767013
0.0034034045
0.0033361449
0.0032746247
0.0032182417
0.003166164
0.0031174562
0.0030711745
0.0030264965
0.0029828451
0.0029398729
0.0028973887
0.0028553092
0.002813562
0.0027720535
0.0027307182
0.0026895187
0.0026484851
0.0026076765
0.0042155561
0.0041172197
0.0040185489
0.0039207744
0.0038250436
0.0037324172
0.0036438323
0.0035600483
0.0034816129
0.003408836
0.0033417588
0.0032801348
0.0032234343
0.0031709071
0.0031216952
0.0030749249
0.0030298224
0.0029858258
0.0029425817
0.0028998839
0.0028576293
0.0028157353
0.0027741072
0.002732677
0.0026914057
0.0026503137
0.0026094492
0.0042024829
0.0041074285
0.0040117995
0.0039167814
0.003823487
0.0037329461
0.0036460723
0.003563615
0.0034861248
0.0034139274
0.0033470955
0.003285432
0.0032284749
0.0031755524
0.0031258814
0.0030786554
0.0030331495
0.0029888196
0.0029453092
0.0029024003
0.0028599725
0.0028179336
0.0027761872
0.0027346632
0.0026933201
0.0026521694
0.0026112496
0.0041888431
0.0040970408
0.0040044418
0.0039121839
0.0038213421
0.0037329142
0.0036477894
0.0035667056
0.0034902146
0.0034186564
0.0033521335
0.0032904952
0.0032333439
0.0031800819
0.0031299984
0.0030823522
0.0030364662
0.0029918168
0.0029480478
0.0029049316
0.0028623335
0.0028201523
0.0027782897
0.0027366729
0.0026952585
0.0026540495
0.0026130752
0.0041746435
0.0040860576
0.0039964714
0.0039069721
0.0038185951
0.0037323046
0.0036489645
0.0035692993
0.0034938606
0.003423001
0.0033568507
0.0032953031
0.003238021
0.003184477
0.0031340296
0.0030860006
0.0030397603
0.0029948074
0.0029507892
0.0029074714
0.0028647069
0.0028223867
0.0027804103
0.0027387026
0.0026972176
0.002655951
0.0026149233
0.0041598921
0.0040744817
0.0039878854
0.0039011385
0.0038152341
0.0037311018
0.0036495792
0.0035713759
0.0034970414
0.0034269393
0.0033612254
0.0032998344
0.0032424857
0.0031887184
0.0031379574
0.0030895853
0.0030430186
0.0029977808
0.0029535248
0.0029100123
0.0028670867
0.0028246316
0.0027825446
0.0027407483
0.002699194
0.0026578707
0.002616791
0.0041445983
0.0040623175
0.003978683
0.0038946769
0.0038112486
0.0037292918
0.0036496166
0.0035729162
0.0034997363
0.0034304497
0.0033652357
0.0033040674
0.0032467171
0.0031927864
0.0031417638
0.0030930901
0.0030462275
0.0030007254
0.0029562451
0.0029125468
0.0028694663
0.0028268815
0.0027846878
0.0027428058
0.0027011841
0.0026598056
0.0026186756
0.0041287731
0.004049571
0.0039688649
0.0038875831
0.00380663
0.003726862
0.0036490608
0.0035739018
0.0035019253
0.0034335112
0.0033688599
0.0033079803
0.0032506938
0.0031966608
0.0031454301
0.0030964983
0.0030493724
0.0030036289
0.00295894
0.0029150664
0.0028718389
0.0028291304
0.0027868348
0.0027448707
0.002703184
0.0026617522
0.0026205738
0.0041124284
0.0040362496
0.0039584336
0.0038798546
0.0038013711
0.0037238014
0.0036478975
0.0035743159
0.0035035893
0.0034361033
0.0033720767
0.0033115514
0.0032543944
0.0032003209
0.0031489368
0.0030997923
0.0030524381
0.0030064784
0.0029615986
0.0029175621
0.0028741967
0.0028313719
0.00278898
0.0027469381
0.0027051895
0.0026637067
0.0026224826
0.0040955778
0.0040223623
0.0039473933
0.0038714909
0.0037954668
0.0037201007
0.0036461138
0.0035741424
0.0035047101
0.0034382059
0.0033748651
0.0033147591
0.0032577972
0.0032037456
0.003152264
0.0031029539
0.0030554082
0.00300926
0.0029642091
0.002920024
0.0028765316
0.002833599
0.0027911174
0.0027490026
0.0027071959
0.0026656654
0.0026243983
0.0027510587
0.0027091984
0.0026676237
0.002626317
)
;

boundaryField
{
    inlet
    {
        type            zeroGradient;
    }
    top
    {
        type            zeroGradient;
    }
    outlet
    {
        type            fixedValue;
        value           nonuniform List<scalar> 0();
    }
    slipsurface
    {
        type            slip;
    }
    bottom
    {
        type            zeroGradient;
    }
    frontandback
    {
        type            empty;
    }
    procBoundary8to2
    {
        type            processor;
        value           uniform 0.002585263;
    }
    procBoundary8to6
    {
        type            processor;
        value           nonuniform List<scalar> 
17
(
0.0025560664
0.0025575258
0.0025590263
0.0025605671
0.0025621469
0.0025637644
0.0025654173
0.0025671037
0.0025688213
0.0025705675
0.0025723401
0.0025741364
0.002575954
0.0025777902
0.0025796423
0.0025815073
0.002583382
)
;
    }
    procBoundary8to7
    {
        type            processor;
        value           uniform 0.0025546481;
    }
    procBoundary8to9
    {
        type            processor;
        value           nonuniform List<scalar> 
28
(
0.0027957916
0.0027553496
0.002714844
0.0026742239
0.0026336602
0.0025933408
0.0043074539
0.004179199
0.0040535789
0.003931945
0.0038155954
0.0037058688
0.003603888
0.0035104202
0.0034259228
0.0033505255
0.0032839375
0.0032253844
0.003173527
0.0031267475
0.0030834316
0.0030419768
0.0030011734
0.0029604663
0.0029196811
0.002878848
0.0028381424
0.0028381424
)
;
    }
    procBoundary8to10
    {
        type            processor;
        value           nonuniform List<scalar> 
17
(
0.0044249738
0.004412819
0.0044001131
0.0043868509
0.0043730316
0.0043586572
0.0043437323
0.0043282629
0.0043122568
0.004295723
0.0042786719
0.0042611152
0.0042430658
0.0042245378
0.0042055462
0.004186107
0.0041662371
)
;
    }
    procBoundary8to12
    {
        type            processor;
        value           nonuniform List<scalar> 
28
(
0.0040782357
0.0040079197
0.00393575
0.003862493
0.0037889139
0.0037157523
0.0036436985
0.0035733668
0.0035052707
0.0034398001
0.0033772044
0.0033175819
0.0032608804
0.0032069134
0.0031553914
0.0031059641
0.003058266
0.0030119589
0.002966759
0.0029224416
0.0028788346
0.0028358038
0.0027932402
0.0027932402
0.0027530999
0.0027111915
0.002669577
0.0026282347
)
;
    }
}


// ************************************************************************* //
