/*--------------------------------*- C++ -*----------------------------------*\
  =========                 |
  \\      /  F ield         | OpenFOAM: The Open Source CFD Toolbox
   \\    /   O peration     | Website:  https://openfoam.org
    \\  /    A nd           | Version:  12
     \\/     M anipulation  |
\*---------------------------------------------------------------------------*/
FoamFile
{
    format      ascii;
    class       surfaceScalarField;
    location    "1900";
    object      phi;
}
// * * * * * * * * * * * * * * * * * * * * * * * * * * * * * * * * * * * * * //

dimensions      [0 3 -1 0 0 0 0];

internalField   nonuniform List<scalar> 
3424
(
0.001623463
5.7894039e-05
0.0016235482
5.9207185e-05
0.0016236336
6.054218e-05
0.0016237192
6.1900532e-05
0.001623805
6.3284127e-05
0.001623891
6.46944e-05
0.0016239768
6.6132427e-05
0.0016240624
6.7602377e-05
0.0016241475
6.9106813e-05
0.0016242317
7.0664541e-05
0.0016243134
7.2252656e-05
0.0016243951
7.401766e-05
0.0016244649
7.5607211e-05
0.0016245409
7.7969629e-05
0.0016245311
8.0559942e-05
0.0016248647
9.1691244e-05
8.1517804e-05
0.0016659297
1.9915701e-05
0.0016659939
2.0425682e-05
0.001666058
2.0947809e-05
0.001666122
2.1482536e-05
0.0016661859
2.203031e-05
0.0016662498
2.2591654e-05
0.0016663138
2.3167145e-05
0.0016663778
2.3757433e-05
0.001666442
2.4363256e-05
0.0016665064
2.4985421e-05
0.0016665711
2.562478e-05
0.0016666362
2.628217e-05
0.0016667018
2.6958397e-05
0.0016667679
2.7654167e-05
0.0016668348
2.8370026e-05
0.0016669024
2.9106344e-05
0.0016669709
2.9863333e-05
0.0016670402
3.0641107e-05
0.0016671105
3.1439688e-05
0.0016671818
3.2258998e-05
0.001667254
3.3098868e-05
0.0016673273
3.3959084e-05
0.0016674015
3.4839425e-05
0.0016674767
3.5739603e-05
0.0016675529
3.6659355e-05
0.0016676299
3.7598479e-05
0.0016677079
3.8556915e-05
0.0016677866
3.953477e-05
0.0016678662
4.0531875e-05
0.0016679465
4.1547914e-05
0.0016680275
4.2582876e-05
0.0016681093
4.3636941e-05
0.0016681916
4.4710258e-05
0.0016682746
4.580288e-05
0.0016683581
4.6914701e-05
0.0016684422
4.8045675e-05
0.0016685268
4.9195981e-05
0.0016686118
5.0365876e-05
0.0016686973
5.1555521e-05
0.0016687832
5.2765054e-05
0.0016688694
5.3994678e-05
0.0016689561
5.5244626e-05
0.0016690431
5.6515176e-05
0.0016691304
5.7806709e-05
0.001669218
5.9119563e-05
0.0016693059
6.0454318e-05
0.001669394
6.181246e-05
0.0016694822
6.3195877e-05
0.0016695706
6.4606043e-05
0.0016696589
6.6044126e-05
0.0016697469
6.7514319e-05
0.0016698344
6.9019362e-05
0.0016699211
7.0577874e-05
0.0016700051
7.2168624e-05
0.0016700892
7.3933516e-05
0.0016701589
7.5537534e-05
0.0016702354
7.7893142e-05
0.0016702406
8.0554796e-05
0.0016705836
9.134817e-05
8.1901738e-05
0.0017127897
1.9849345e-05
0.0017128559
2.0359552e-05
0.0017129218
2.0881842e-05
0.0017129877
2.1416677e-05
0.0017130535
2.196451e-05
0.0017131193
2.2525864e-05
0.0017131851
2.3101316e-05
0.001713251
2.3691512e-05
0.0017133171
2.4297182e-05
0.0017133834
2.4919124e-05
0.00171345
2.5558177e-05
0.001713517
2.6215171e-05
0.0017135845
2.6890903e-05
0.0017136526
2.7586074e-05
0.0017137214
2.8301235e-05
0.001713791
2.9036768e-05
0.0017138614
2.97929e-05
0.0017139327
3.0569757e-05
0.0017140051
3.1367376e-05
0.0017140784
3.218569e-05
0.0017141527
3.3024548e-05
0.001714228
3.3883748e-05
0.0017143044
3.4763077e-05
0.0017143817
3.5662264e-05
0.00171446
3.6581054e-05
0.0017145392
3.7519255e-05
0.0017146193
3.8476803e-05
0.0017147003
3.9453787e-05
0.0017147821
4.0450059e-05
0.0017148647
4.1465318e-05
0.0017149481
4.2499548e-05
0.0017150321
4.3552917e-05
0.0017151168
4.4625571e-05
0.0017152021
4.5717562e-05
0.001715288
4.6828795e-05
0.0017153745
4.7959224e-05
0.0017154614
4.9109023e-05
0.0017155488
5.0278436e-05
0.0017156367
5.1467628e-05
0.0017157251
5.2676732e-05
0.0017158138
5.3905952e-05
0.0017159029
5.5155516e-05
0.0017159924
5.6425707e-05
0.0017160822
5.77169e-05
0.0017161723
5.9029454e-05
0.0017162626
6.0363957e-05
0.0017163532
6.1721884e-05
0.001716444
6.3105115e-05
0.0017165349
6.4515169e-05
0.0017166257
6.5953306e-05
0.0017167163
6.7423744e-05
0.0017168062
6.8929406e-05
0.0017168954
7.048872e-05
0.0017169819
7.2082121e-05
0.0017170686
7.384674e-05
0.001717139
7.546718e-05
0.0017172156
7.7816555e-05
0.0017172356
8.0534735e-05
0.0017175887
9.0995079e-05
8.2270548e-05
0.0017609696
1.9781098e-05
0.0017610376
2.029153e-05
0.0017611054
2.0813987e-05
0.0017611732
2.1348931e-05
0.0017612409
2.1896823e-05
0.0017613086
2.2458185e-05
0.0017613763
2.3033593e-05
0.0017614441
2.3623692e-05
0.0017615121
2.4229202e-05
0.0017615803
2.4850912e-05
0.0017616488
2.5489651e-05
0.0017617177
2.6146239e-05
0.0017617872
2.6821463e-05
0.0017618572
2.7516023e-05
0.001761928
2.8230474e-05
0.0017619996
2.8965207e-05
0.001762072
2.9720466e-05
0.0017621454
3.0496388e-05
0.0017622197
3.1293024e-05
0.0017622951
3.2110321e-05
0.0017623715
3.2948145e-05
0.0017624489
3.3806305e-05
0.0017625274
3.4684599e-05
0.0017626069
3.558277e-05
0.0017626874
3.6500574e-05
0.0017627688
3.7437826e-05
0.0017628511
3.8394461e-05
0.0017629344
3.9370553e-05
0.0017630185
4.0365967e-05
0.0017631034
4.1380425e-05
0.001763189
4.2413899e-05
0.0017632754
4.3466552e-05
0.0017633624
4.4538524e-05
0.0017634501
4.5629866e-05
0.0017635384
4.6740492e-05
0.0017636273
4.7870361e-05
0.0017637167
4.9019635e-05
0.0017638066
5.0188552e-05
0.0017638969
5.1377275e-05
0.0017639877
5.2585938e-05
0.0017640789
5.381474e-05
0.0017641705
5.5063909e-05
0.0017642625
5.6333727e-05
0.0017643548
5.762457e-05
0.0017644475
5.8936812e-05
0.0017645404
6.0271055e-05
0.0017646335
6.1628756e-05
0.0017647268
6.3011795e-05
0.0017648203
6.4421732e-05
0.0017649137
6.5859919e-05
0.0017650068
6.7330603e-05
0.0017650993
6.8836891e-05
0.001765191
7.0397024e-05
0.00176528
7.1993091e-05
0.0017653692
7.3757526e-05
0.001765442
7.5394417e-05
0.0017655197
7.7738867e-05
0.0017655475
8.0506904e-05
0.0017659049
9.0637688e-05
8.2621465e-05
0.0018105067
1.97109e-05
0.0018105767
2.022156e-05
0.0018106465
2.0744186e-05
0.0018107162
2.127924e-05
0.0018107858
2.182719e-05
0.0018108554
2.2388558e-05
0.0018109251
2.2963919e-05
0.0018109949
2.3553914e-05
0.0018110648
2.4159258e-05
0.001811135
2.4780729e-05
0.0018112055
2.5419144e-05
0.0018112764
2.6075315e-05
0.0018113479
2.6750022e-05
0.0018114199
2.744396e-05
0.0018114927
2.8157688e-05
0.0018115663
2.8891607e-05
0.0018116408
2.9645977e-05
0.0018117162
3.0420947e-05
0.0018117927
3.1216581e-05
0.0018118702
3.2032842e-05
0.0018119487
3.2869609e-05
0.0018120283
3.3726708e-05
0.001812109
3.4603944e-05
0.0018121907
3.5501075e-05
0.0018122734
3.641787e-05
0.001812357
3.7354148e-05
0.0018124416
3.8309847e-05
0.0018125272
3.9285023e-05
0.0018126136
4.0279558e-05
0.0018127008
4.1293192e-05
0.0018127888
4.2325891e-05
0.0018128776
4.3377807e-05
0.001812967
4.4449078e-05
0.0018130571
4.5539753e-05
0.0018131479
4.6649755e-05
0.0018132392
4.7779047e-05
0.001813331
4.8927782e-05
0.0018134234
5.0096189e-05
0.0018135162
5.128443e-05
0.0018136095
5.2492638e-05
0.0018137033
5.372101e-05
0.0018137974
5.4969771e-05
0.0018138919
5.6239206e-05
0.0018139868
5.7529688e-05
0.001814082
5.8841609e-05
0.0018141775
6.0175581e-05
0.0018142732
6.1533049e-05
0.0018143691
6.2915889e-05
0.0018144651
6.4325703e-05
0.0018145611
6.5763937e-05
0.0018146569
6.7234868e-05
0.001814752
6.8741789e-05
0.0018148462
7.0302758e-05
0.0018149378
7.190151e-05
0.0018150295
7.3665867e-05
0.0018151048
7.5319046e-05
0.0018151836
7.7660057e-05
0.0018152185
8.0472062e-05
0.0018155791
9.0277075e-05
8.2953523e-05
0.0018614378
1.9638673e-05
0.0018615098
2.0149562e-05
0.0018615816
2.0672357e-05
0.0018616533
2.1207521e-05
0.001861725
2.1755527e-05
0.0018617966
2.2316897e-05
0.0018618683
2.2892206e-05
0.0018619402
2.3482093e-05
0.0018620122
2.4087263e-05
0.0018620844
2.4708485e-05
0.001862157
2.5346567e-05
0.00186223
2.6002311e-05
0.0018623035
2.6676489e-05
0.0018623777
2.7369792e-05
0.0018624526
2.8082783e-05
0.0018625283
2.8815875e-05
0.001862605
2.9569339e-05
0.0018626826
3.034334e-05
0.0018627612
3.1137952e-05
0.0018628409
3.1953157e-05
0.0018629216
3.2788846e-05
0.0018630035
3.364486e-05
0.0018630864
3.4521015e-05
0.0018631704
3.5417083e-05
0.0018632554
3.6332844e-05
0.0018633415
3.7268125e-05
0.0018634284
3.8222862e-05
0.0018635164
3.9197101e-05
0.0018636052
4.0190735e-05
0.0018636949
4.1203524e-05
0.0018637853
4.2235426e-05
0.0018638765
4.3286586e-05
0.0018639685
4.4357137e-05
0.0018640611
4.5447128e-05
0.0018641544
4.6556491e-05
0.0018642482
4.7685191e-05
0.0018643426
4.8833372e-05
0.0018644376
5.0001256e-05
0.001864533
5.1189002e-05
0.0018646289
5.2396745e-05
0.0018647252
5.3624675e-05
0.001864822
5.4873019e-05
0.0018649191
5.6142061e-05
0.0018650166
5.7432174e-05
0.0018651145
5.8743764e-05
0.0018652126
6.0077458e-05
0.001865311
6.1434685e-05
0.0018654095
6.2817321e-05
0.0018655082
6.422701e-05
0.0018656069
6.5665289e-05
0.0018657053
6.7136471e-05
0.001865803
6.8644035e-05
0.0018658999
7.020586e-05
0.0018659941
7.1807309e-05
0.0018660883
7.3571712e-05
0.0018661663
7.5240997e-05
0.0018662464
7.7579957e-05
0.0018662884
8.0430061e-05
0.0018666519
8.9913628e-05
8.3265053e-05
0.0019138011
1.9564357e-05
0.0019138752
2.0075474e-05
0.0019139491
2.0598437e-05
0.0019140229
2.1133709e-05
0.0019140967
2.1681768e-05
0.0019141705
2.2243136e-05
0.0019142443
2.2818388e-05
0.0019143182
2.3408157e-05
0.0019143923
2.4013145e-05
0.0019144667
2.4634109e-05
0.0019145414
2.5271846e-05
0.0019146166
2.5927151e-05
0.0019146923
2.6600787e-05
0.0019147686
2.7293442e-05
0.0019148457
2.8005682e-05
0.0019149237
2.873793e-05
0.0019150026
2.9490471e-05
0.0019150824
3.0263483e-05
0.0019151633
3.1057054e-05
0.0019152453
3.187118e-05
0.0019153284
3.2705768e-05
0.0019154126
3.3560673e-05
0.0019154978
3.4435722e-05
0.0019155842
3.5330702e-05
0.0019156717
3.6245402e-05
0.0019157601
3.7179661e-05
0.0019158496
3.8133411e-05
0.00191594
3.9106689e-05
0.0019160313
4.0099398e-05
0.0019161235
4.1111317e-05
0.0019162166
4.21424e-05
0.0019163104
4.3192783e-05
0.0019164049
4.4262594e-05
0.0019165002
4.5351883e-05
0.0019165961
4.6460589e-05
0.0019166926
4.758868e-05
0.0019167897
4.8736292e-05
0.0019168873
4.9903638e-05
0.0019169854
5.1090877e-05
0.001917084
5.2298141e-05
0.0019171831
5.3525619e-05
0.0019172825
5.4773534e-05
0.0019173824
5.6042173e-05
0.0019174827
5.7331907e-05
0.0019175833
5.8643158e-05
0.0019176842
5.9976565e-05
0.0019177853
6.1333545e-05
0.0019178867
6.2715971e-05
0.0019179882
6.4125532e-05
0.0019180896
6.5563856e-05
0.0019181908
6.7035292e-05
0.0019182913
6.8543507e-05
0.001918391
7.0106209e-05
0.0019184879
7.1710371e-05
0.0019185847
7.3474937e-05
0.0019186655
7.5160149e-05
0.0019187471
7.7498342e-05
0.0019187963
8.0380887e-05
0.0019191624
8.9547563e-05
8.3554541e-05
0.0019676368
1.9487897e-05
0.001967713
1.999924e-05
0.0019677891
2.0522369e-05
0.001967865
2.1057747e-05
0.0019679409
2.1605854e-05
0.0019680169
2.2167215e-05
0.0019680929
2.2742403e-05
0.001968169
2.3332047e-05
0.0019682453
2.3936841e-05
0.0019683218
2.4557536e-05
0.0019683988
2.5194917e-05
0.0019684762
2.584977e-05
0.0019685541
2.652285e-05
0.0019686327
2.7214843e-05
0.0019687121
2.7926318e-05
0.0019687923
2.8657705e-05
0.0019688734
2.9409305e-05
0.0019689556
3.0181308e-05
0.0019690389
3.0973817e-05
0.0019691232
3.178684e-05
0.0019692087
3.2620304e-05
0.0019692953
3.3474075e-05
0.001969383
3.4347992e-05
0.0019694718
3.5241857e-05
0.0019695618
3.615547e-05
0.0019696527
3.7088678e-05
0.0019697447
3.8041415e-05
0.0019698377
3.9013705e-05
0.0019699317
4.0005464e-05
0.0019700265
4.1016489e-05
0.0019701222
4.204673e-05
0.0019702186
4.3096312e-05
0.0019703159
4.4165362e-05
0.0019704138
4.5253928e-05
0.0019705124
4.6361957e-05
0.0019706117
4.7489421e-05
0.0019707116
4.8636447e-05
0.001970812
4.9803239e-05
0.0019709129
5.0989955e-05
0.0019710143
5.2196726e-05
0.0019711162
5.3423738e-05
0.0019712185
5.4671212e-05
0.0019713212
5.5939435e-05
0.0019714244
5.7228779e-05
0.0019715278
5.853968e-05
0.0019716316
5.987279e-05
0.0019717356
6.1229513e-05
0.0019718399
6.2611722e-05
0.0019719443
6.402115e-05
0.0019720486
6.5459516e-05
0.0019721527
6.6931207e-05
0.0019722561
6.8440082e-05
0.0019723587
7.000368e-05
0.0019724585
7.1610561e-05
0.001972558
7.3375418e-05
0.0019726418
7.5076351e-05
0.0019727252
7.7414958e-05
0.0019727815
8.0324559e-05
0.00197315
8.9179081e-05
8.3820902e-05
0.0020229857
1.9409235e-05
0.0020230642
1.9920802e-05
0.0020231425
2.0444093e-05
0.0020232206
2.0979572e-05
0.0020232988
2.1527724e-05
0.0020233769
2.2089071e-05
0.0020234551
2.2664186e-05
0.0020235335
2.3253696e-05
0.002023612
2.3858287e-05
0.0020236909
2.4478701e-05
0.0020237701
2.5115714e-05
0.0020238497
2.5770101e-05
0.00202393
2.6442612e-05
0.0020240109
2.7133928e-05
0.0020240926
2.784462e-05
0.0020241752
2.857513e-05
0.0020242587
2.932577e-05
0.0020243433
3.0096744e-05
0.0020244289
3.0888169e-05
0.0020245157
3.1700067e-05
0.0020246036
3.2532381e-05
0.0020246927
3.3384993e-05
0.0020247829
3.4257752e-05
0.0020248743
3.5150475e-05
0.0020249668
3.6062974e-05
0.0020250604
3.6995103e-05
0.002025155
3.7946797e-05
0.0020252506
3.8918075e-05
0.0020253472
3.9908858e-05
0.0020254448
4.0918962e-05
0.0020255432
4.1948335e-05
0.0020256424
4.2997093e-05
0.0020257424
4.406536e-05
0.0020258431
4.5153182e-05
0.0020259446
4.6260515e-05
0.0020260467
4.7387332e-05
0.0020261494
4.8533753e-05
0.0020262526
4.9699974e-05
0.0020263564
5.0886151e-05
0.0020264607
5.2092414e-05
0.0020265655
5.3318944e-05
0.0020266708
5.4565963e-05
0.0020267765
5.5833757e-05
0.0020268825
5.7122699e-05
0.002026989
5.8433237e-05
0.0020270957
5.9766038e-05
0.0020272028
6.1122494e-05
0.00202731
6.2504478e-05
0.0020274174
6.3913767e-05
0.0020275247
6.5352169e-05
0.0020276318
6.6824116e-05
0.0020277382
6.8333654e-05
0.0020278438
6.9898167e-05
0.0020279465
7.1507771e-05
0.0020280489
7.327303e-05
0.0020281358
7.4989491e-05
0.0020282212
7.7329558e-05
0.0020282847
8.0261059e-05
0.0020286554
8.8808371e-05
8.4063002e-05
0.0020798904
1.9328315e-05
0.0020799711
1.9840101e-05
0.0020800517
2.0363549e-05
0.0020801321
2.0899125e-05
0.0020802125
2.1447314e-05
0.002080293
2.2008641e-05
0.0020803735
2.2583675e-05
0.0020804541
2.317304e-05
0.002080535
2.3777417e-05
0.0020806162
2.4397538e-05
0.0020806977
2.5034168e-05
0.0020807797
2.5688075e-05
0.0020808623
2.6360002e-05
0.0020809456
2.7050625e-05
0.0020810297
2.776052e-05
0.0020811147
2.8490135e-05
0.0020812007
2.9239795e-05
0.0020812877
3.000972e-05
0.0020813759
3.0800038e-05
0.0020814651
3.1610788e-05
0.0020815556
3.2441928e-05
0.0020816472
3.3293353e-05
0.0020817401
3.4164927e-05
0.0020818341
3.505648e-05
0.0020819292
3.5967836e-05
0.0020820254
3.6898858e-05
0.0020821228
3.7849481e-05
0.0020822211
3.8819718e-05
0.0020823205
3.9809499e-05
0.0020824208
4.0818656e-05
0.002082522
4.1847135e-05
0.002082624
4.2895046e-05
0.0020827269
4.3962505e-05
0.0020828305
4.5049563e-05
0.0020829348
4.6156178e-05
0.0020830398
4.7282328e-05
0.0020831455
4.8428125e-05
0.0020832517
4.9593758e-05
0.0020833585
5.077938e-05
0.0020834657
5.1985118e-05
0.0020835735
5.3211152e-05
0.0020836818
5.4457701e-05
0.0020837905
5.5725052e-05
0.0020838996
5.7013578e-05
0.0020840091
5.8323741e-05
0.0020841189
5.965622e-05
0.002084229
6.1012398e-05
0.0020843394
6.2394148e-05
0.0020844498
6.3803289e-05
0.0020845603
6.5241723e-05
0.0020846705
6.6713925e-05
0.00208478
6.822413e-05
0.0020848886
6.9789574e-05
0.0020849945
7.1401897e-05
0.0020850998
7.3167685e-05
0.0020851899
7.4899437e-05
0.0020852775
7.7241915e-05
0.002085348
8.0190587e-05
0.0020857209
8.8435461e-05
8.4280605e-05
0.0021383945
1.9245081e-05
0.0021384775
1.9757081e-05
0.0021385604
2.028068e-05
0.0021386432
2.0816346e-05
0.0021387259
2.1364565e-05
0.0021388087
2.1925862e-05
0.0021388916
2.2500806e-05
0.0021389746
2.3090015e-05
0.0021390578
2.3694165e-05
0.0021391414
2.4313979e-05
0.0021392253
2.4950213e-05
0.0021393098
2.5603626e-05
0.0021393948
2.6274952e-05
0.0021394806
2.6964867e-05
0.0021395672
2.7673946e-05
0.0021396547
2.8402648e-05
0.0021397431
2.915131e-05
0.0021398327
2.9920164e-05
0.0021399234
3.0709352e-05
0.0021400152
3.151893e-05
0.0021401083
3.2348869e-05
0.0021402026
3.3199081e-05
0.0021402981
3.4069443e-05
0.0021403947
3.4959797e-05
0.0021404926
3.5869981e-05
0.0021405916
3.6799866e-05
0.0021406917
3.774939e-05
0.0021407928
3.8718559e-05
0.002140895
3.970731e-05
0.0021409982
4.0715492e-05
0.0021411023
4.1743052e-05
0.0021412072
4.2790089e-05
0.002141313
4.3856718e-05
0.0021414196
4.4942988e-05
0.0021415269
4.6048864e-05
0.0021416349
4.7174327e-05
0.0021417436
4.8319481e-05
0.0021418528
4.9484508e-05
0.0021419626
5.0669556e-05
0.002142073
5.1874753e-05
0.0021421839
5.3100275e-05
0.0021422952
5.4346339e-05
0.0021424071
5.5613232e-05
0.0021425193
5.690133e-05
0.0021426319
5.8211104e-05
0.0021427449
5.9543248e-05
0.0021428582
6.0899137e-05
0.0021429717
6.2280642e-05
0.0021430853
6.3689629e-05
0.002143199
6.5128088e-05
0.0021433124
6.6600542e-05
0.0021434251
6.8111416e-05
0.0021435368
6.9677809e-05
0.0021436459
7.1292852e-05
0.0021437543
7.3059267e-05
0.0021438477
7.4806088e-05
0.0021439378
7.71518e-05
0.0021440151
8.0113243e-05
0.0021443902
8.8060414e-05
8.4472831e-05
0.0021985431
1.9159482e-05
0.0021986285
1.9671687e-05
0.0021987137
2.019543e-05
0.0021987989
2.0731177e-05
0.002198884
2.1279418e-05
0.0021989692
2.1840675e-05
0.0021990545
2.2415517e-05
0.00219914
2.3004558e-05
0.0021992257
2.3608468e-05
0.0021993117
2.422796e-05
0.0021993981
2.4863782e-05
0.0021994851
2.5516684e-05
0.0021995726
2.6187395e-05
0.0021996609
2.6876584e-05
0.00219975
2.758483e-05
0.0021998401
2.83126e-05
0.0021999311
2.9060243e-05
0.0022000233
2.9828003e-05
0.0022001166
3.061604e-05
0.0022002111
3.1424419e-05
0.0022003069
3.2253132e-05
0.0022004038
3.3102104e-05
0.0022005021
3.3971225e-05
0.0022006015
3.4860352e-05
0.0022007022
3.5769334e-05
0.002200804
3.6698052e-05
0.0022009069
3.7646446e-05
0.002201011
3.8614518e-05
0.002201116
3.9602212e-05
0.0022012222
4.0609391e-05
0.0022013292
4.1636004e-05
0.0022014371
4.2682142e-05
0.0022015459
4.3747916e-05
0.0022016556
4.4833376e-05
0.0022017659
4.593849e-05
0.002201877
4.7063245e-05
0.0022019888
4.8207737e-05
0.0022021011
4.9372138e-05
0.0022022141
5.0556595e-05
0.0022023276
5.1761234e-05
0.0022024417
5.2986228e-05
0.0022025562
5.4231792e-05
0.0022026712
5.5498212e-05
0.0022027867
5.6785867e-05
0.0022029026
5.8095239e-05
0.0022030188
5.9427035e-05
0.0022031353
6.0782622e-05
0.002203252
6.2163872e-05
0.002203369
6.3572696e-05
0.0022034859
6.5011173e-05
0.0022036026
6.6483877e-05
0.0022037186
6.7995423e-05
0.0022038336
6.9562779e-05
0.0022039459
7.1180525e-05
0.0022040574
7.2947743e-05
0.0022041542
7.4709292e-05
0.0022042468
7.7059205e-05
0.0022043326
8.0027514e-05
0.0022047088
8.7684152e-05
8.4640744e-05
0.0022603829
1.9071478e-05
0.0022604707
1.9583878e-05
0.0022605584
2.0107755e-05
0.002260646
2.0643574e-05
0.0022607336
2.1191825e-05
0.0022608212
2.1753031e-05
0.002260909
2.2327758e-05
0.0022609969
2.2916617e-05
0.0022610851
2.3520272e-05
0.0022611736
2.4139427e-05
0.0022612626
2.4774821e-05
0.0022613521
2.5427195e-05
0.0022614422
2.6097272e-05
0.0022615331
2.6785716e-05
0.0022616248
2.7493111e-05
0.0022617175
2.8219929e-05
0.0022618112
2.8966531e-05
0.002261906
2.9733176e-05
0.002262002
3.0520035e-05
0.0022620992
3.1327191e-05
0.0022621977
3.215465e-05
0.0022622975
3.3002353e-05
0.0022623985
3.3870203e-05
0.0022625008
3.4758073e-05
0.0022626043
3.5665823e-05
0.002262709
3.6593343e-05
0.0022628149
3.7540575e-05
0.0022629219
3.8507519e-05
0.0022630299
3.9494127e-05
0.0022631391
4.0500274e-05
0.0022632491
4.1525912e-05
0.0022633602
4.2571124e-05
0.0022634721
4.3636019e-05
0.0022635848
4.4720643e-05
0.0022636983
4.5824974e-05
0.0022638126
4.6948998e-05
0.0022639275
4.8092807e-05
0.0022640431
4.9256563e-05
0.0022641592
5.044041e-05
0.002264276
5.1644474e-05
0.0022643933
5.2868923e-05
0.0022645111
5.411397e-05
0.0022646294
5.5379903e-05
0.0022647482
5.66671e-05
0.0022648674
5.7976055e-05
0.0022649869
5.9307489e-05
0.0022651068
6.0662762e-05
0.0022652269
6.2043746e-05
0.0022653472
6.3452398e-05
0.0022654675
6.4890887e-05
0.0022655876
6.6363838e-05
0.0022657069
6.7876055e-05
0.0022658253
6.9444387e-05
0.002265941
7.1064831e-05
0.0022660557
7.2833002e-05
0.0022661561
7.4608929e-05
0.0022662518
7.6963485e-05
0.002266343
7.9936372e-05
0.0022667214
8.7305683e-05
8.4778692e-05
0.0023239622
1.8981029e-05
0.0023240524
1.9493615e-05
0.0023241426
2.0017614e-05
0.0023242327
2.0553494e-05
0.0023243227
2.1101745e-05
0.0023244129
2.1662888e-05
0.0023245032
2.2237487e-05
0.0023245936
2.282615e-05
0.0023246844
2.3429534e-05
0.0023247755
2.4048336e-05
0.002324867
2.4683285e-05
0.0023249591
2.5335114e-05
0.0023250518
2.6004538e-05
0.0023251453
2.669222e-05
0.0023252397
2.7398744e-05
0.002325335
2.8124589e-05
0.0023254314
2.8870129e-05
0.002325529
2.9635634e-05
0.0023256277
3.0421291e-05
0.0023257277
3.1227197e-05
0.002325829
3.2053374e-05
0.0023259315
3.2899779e-05
0.0023260354
3.3766329e-05
0.0023261406
3.465291e-05
0.002326247
3.5559396e-05
0.0023263547
3.6485685e-05
0.0023264635
3.7431724e-05
0.0023265735
3.839751e-05
0.0023266846
3.9383e-05
0.0023267968
4.0388085e-05
0.00232691
4.1412718e-05
0.0023270242
4.2456976e-05
0.0023271392
4.3520963e-05
0.0023272552
4.4604727e-05
0.0023273719
4.5708249e-05
0.0023274894
4.6831519e-05
0.0023276075
4.7974622e-05
0.0023277264
4.9137712e-05
0.0023278459
5.032093e-05
0.0023279659
5.1524399e-05
0.0023280866
5.2748284e-05
0.0023282078
5.3992798e-05
0.0023283294
5.5258226e-05
0.0023284516
5.6544949e-05
0.0023285742
5.7853471e-05
0.0023286971
5.9184528e-05
0.0023288204
6.0539472e-05
0.002328944
6.1920179e-05
0.0023290677
6.3328648e-05
0.0023291915
6.476714e-05
0.002329315
6.6240332e-05
0.0023294378
6.7753221e-05
0.0023295597
6.9322538e-05
0.0023296788
7.0945663e-05
0.0023297969
7.2714975e-05
0.002329901
7.450482e-05
0.00233
7.6864444e-05
0.0023300964
7.9840005e-05
0.0023304772
8.6924866e-05
8.4884981e-05
0.0023893295
1.8888068e-05
0.0023894223
1.9400826e-05
0.002389515
1.9924935e-05
0.0023896076
2.0460864e-05
0.0023897003
2.10091e-05
0.002389793
2.1570167e-05
0.0023898859
2.2144624e-05
0.0023899789
2.2733076e-05
0.0023900723
2.3336173e-05
0.002390166
2.3954605e-05
0.0023902602
2.4589091e-05
0.002390355
2.5240357e-05
0.0023904504
2.590911e-05
0.0023905466
2.6596012e-05
0.0023906437
2.7301645e-05
0.0023907418
2.8026498e-05
0.002390841
2.8770954e-05
0.0023909413
2.9535297e-05
0.0023910429
3.0319728e-05
0.0023911457
3.1124358e-05
0.0023912499
3.1949227e-05
0.0023913553
3.2794305e-05
0.0023914621
3.3659525e-05
0.0023915703
3.4544786e-05
0.0023916797
3.5449977e-05
0.0023917904
3.6375004e-05
0.0023919023
3.7319818e-05
0.0023920154
3.8284414e-05
0.0023921296
3.9268757e-05
0.0023922449
4.0272749e-05
0.0023923613
4.1296349e-05
0.0023924787
4.2339625e-05
0.002392597
4.3402678e-05
0.0023927161
4.4485556e-05
0.0023928361
4.5588247e-05
0.0023929569
4.671074e-05
0.0023930784
4.7853115e-05
0.0023932006
4.9015518e-05
0.0023933235
5.0198087e-05
0.0023934469
5.1400942e-05
0.0023935709
5.2624245e-05
0.0023936955
5.3868206e-05
0.0023938207
5.5133113e-05
0.0023939463
5.6419346e-05
0.0023940723
5.7727419e-05
0.0023941988
5.9058082e-05
0.0023943255
6.0412682e-05
0.0023944526
6.1793098e-05
0.0023945799
6.3201374e-05
0.0023947072
6.4639858e-05
0.0023948342
6.6113286e-05
0.0023949606
6.7626844e-05
0.002395086
6.919715e-05
0.0023952087
7.0822965e-05
0.0023953302
7.2593484e-05
0.0023954382
7.4396815e-05
0.00239554
7.6762639e-05
0.002395643
7.9737013e-05
0.0023960223
8.6545501e-05
8.4965366e-05
0.0024565352
1.8792502e-05
0.0024566306
1.9305418e-05
0.002456726
1.9829623e-05
0.0024568212
2.0365586e-05
0.0024569165
2.0913795e-05
0.0024570119
2.147477e-05
0.0024571075
2.2049071e-05
0.0024572033
2.2637296e-05
0.0024572994
2.324009e-05
0.0024573958
2.3858134e-05
0.0024574928
2.449214e-05
0.0024575903
2.5142825e-05
0.0024576885
2.5810889e-05
0.0024577875
2.6496991e-05
0.0024578875
2.7201715e-05
0.0024579884
2.7925556e-05
0.0024580905
2.8668907e-05
0.0024581937
2.9432066e-05
0.0024582982
3.0215247e-05
0.002458404
3.1018577e-05
0.0024585111
3.1842109e-05
0.0024586196
3.2685833e-05
0.0024587294
3.3549694e-05
0.0024588406
3.4433606e-05
0.0024589531
3.5337471e-05
0.0024590669
3.6261204e-05
0.0024591819
3.7204762e-05
0.0024592982
3.8168139e-05
0.0024594157
3.9151305e-05
0.0024595342
4.0154176e-05
0.0024596539
4.1176713e-05
0.0024597745
4.221898e-05
0.0024598961
4.3281073e-05
0.0024600186
4.4363043e-05
0.002460142
4.5464878e-05
0.0024602662
4.6586571e-05
0.0024603911
4.7728198e-05
0.0024605167
4.8889894e-05
0.002460643
5.0071795e-05
0.0024607699
5.1274018e-05
0.0024608974
5.2496723e-05
0.0024610255
5.3740116e-05
0.0024611542
5.5004484e-05
0.0024612833
5.6290211e-05
0.0024614129
5.7597821e-05
0.0024615429
5.8928075e-05
0.0024616733
6.0282318e-05
0.0024618039
6.166243e-05
0.0024619348
6.3070501e-05
0.0024620657
6.450897e-05
0.0024621963
6.5982626e-05
0.0024623263
6.7496851e-05
0.0024624553
6.9068151e-05
0.0024625817
7.0696652e-05
0.0024627067
7.2468471e-05
0.0024628184
7.4285054e-05
0.0024629248
7.6656255e-05
0.0024630345
7.9627323e-05
0.0024634084
8.6171605e-05
8.502225e-05
0.0025256294
1.8694275e-05
0.0025257275
1.9207328e-05
0.0025258255
1.973161e-05
0.0025259235
2.0267588e-05
0.0025260216
2.0815751e-05
0.0025261197
2.1376617e-05
0.0025262181
2.1950741e-05
0.0025263167
2.2538719e-05
0.0025264156
2.3141189e-05
0.0025265149
2.3758825e-05
0.0025266147
2.4392329e-05
0.0025267151
2.5042411e-05
0.0025268162
2.5709765e-05
0.0025269182
2.6395046e-05
0.002527021
2.7098839e-05
0.0025271249
2.7821644e-05
0.00252723
2.8563867e-05
0.0025273362
2.9325818e-05
0.0025274438
3.0107722e-05
0.0025275526
3.0909724e-05
0.0025276628
3.1731892e-05
0.0025277744
3.2574231e-05
0.0025278874
3.3436702e-05
0.0025280018
3.4319234e-05
0.0025281175
3.522174e-05
0.0025282346
3.6144147e-05
0.0025283529
3.7086417e-05
0.0025284725
3.8048543e-05
0.0025285933
3.9030502e-05
0.0025287153
4.0032221e-05
0.0025288383
4.1053666e-05
0.0025289624
4.2094896e-05
0.0025290875
4.3156004e-05
0.0025292135
4.4237039e-05
0.0025293404
4.5337995e-05
0.0025294681
4.6458867e-05
0.0025295965
4.7599724e-05
0.0025297257
4.8760695e-05
0.0025298556
4.9941909e-05
0.0025299862
5.1143483e-05
0.0025301173
5.2365572e-05
0.002530249
5.3608381e-05
0.0025303813
5.4872196e-05
0.0025305141
5.6157404e-05
0.0025306474
5.7464535e-05
0.0025307811
5.8794367e-05
0.0025309152
6.014824e-05
0.0025310496
6.1528039e-05
0.0025311842
6.2935897e-05
0.0025313188
6.4374341e-05
0.0025314532
6.5848221e-05
0.002531587
6.7363113e-05
0.0025317197
6.893541e-05
0.0025318498
7.0566591e-05
0.0025319785
7.2339807e-05
0.0025320941
7.4169369e-05
0.0025322053
7.6545124e-05
0.0025323219
7.9510705e-05
0.0025326903
8.5803164e-05
8.5056315e-05
0.0025966664
1.8593368e-05
0.0025967672
1.9106537e-05
0.0025968679
1.9630875e-05
0.0025969687
2.0166848e-05
0.0025970695
2.0714945e-05
0.0025971704
2.127568e-05
0.0025972716
2.1849607e-05
0.002597373
2.2437317e-05
0.0025974747
2.3039441e-05
0.0025975769
2.3656646e-05
0.0025976796
2.4289625e-05
0.0025977829
2.4939081e-05
0.002597887
2.5605701e-05
0.0025979919
2.6290136e-05
0.0025980978
2.6992974e-05
0.0025982047
2.771472e-05
0.0025983128
2.8455789e-05
0.0025984221
2.9216503e-05
0.0025985327
2.9997103e-05
0.0025986447
3.0797746e-05
0.0025987581
3.1618518e-05
0.0025988728
3.245944e-05
0.0025989891
3.3320488e-05
0.0025991067
3.4201604e-05
0.0025992257
3.5102716e-05
0.0025993461
3.6023761e-05
0.0025994678
3.6964705e-05
0.0025995908
3.7925545e-05
0.002599715
3.8906262e-05
0.0025998405
3.9906795e-05
0.002599967
4.0927115e-05
0.0026000946
4.1967276e-05
0.0026002233
4.3027368e-05
0.0026003529
4.410744e-05
0.0026004834
4.520749e-05
0.0026006147
4.6327515e-05
0.0026007469
4.7467577e-05
0.0026008798
4.8627799e-05
0.0026010134
4.9808304e-05
0.0026011477
5.1009208e-05
0.0026012826
5.2230662e-05
0.0026014181
5.3472867e-05
0.0026015542
5.4736111e-05
0.0026016908
5.6020781e-05
0.0026018279
5.7327418e-05
0.0026019655
5.8656811e-05
0.0026021034
6.0010298e-05
0.0026022417
6.1389769e-05
0.0026023802
6.2797402e-05
0.0026025187
6.4235813e-05
0.002602657
6.5709909e-05
0.0026027947
6.7225463e-05
0.0026029313
6.8798761e-05
0.0026030653
7.0432607e-05
0.0026031978
7.2207305e-05
0.0026033176
7.4049553e-05
0.0026034337
7.6428986e-05
0.0026035572
7.9387252e-05
0.0026039212
8.5439211e-05
8.5068458e-05
0.0026697007
1.8489693e-05
0.0026698043
1.9002953e-05
0.0026699078
1.9527326e-05
0.0026700114
2.0063273e-05
0.0026701151
2.0611281e-05
0.0026702189
2.1171865e-05
0.0026703229
2.1745573e-05
0.0026704273
2.2332993e-05
0.002670532
2.2934749e-05
0.0026706371
2.35515e-05
0.0026707428
2.4183933e-05
0.0026708491
2.4832739e-05
0.0026709562
2.5498603e-05
0.0026710642
2.618217e-05
0.0026711731
2.688403e-05
0.0026712832
2.7604692e-05
0.0026713944
2.8344582e-05
0.0026715068
2.9104034e-05
0.0026716206
2.9883302e-05
0.0026717358
3.0682558e-05
0.0026718525
3.1501904e-05
0.0026719705
3.2341377e-05
0.00267209
3.3200968e-05
0.002672211
3.4080635e-05
0.0026723334
3.4980319e-05
0.0026724572
3.5899966e-05
0.0026725823
3.683955e-05
0.0026727088
3.7799069e-05
0.0026728366
3.877851e-05
0.0026729655
3.9777824e-05
0.0026730957
4.0796985e-05
0.0026732269
4.1836045e-05
0.0026733592
4.2895091e-05
0.0026734925
4.3974172e-05
0.0026736267
4.5073288e-05
0.0026737617
4.6192439e-05
0.0026738976
4.7331681e-05
0.0026740343
4.849113e-05
0.0026741717
4.9670904e-05
0.0026743098
5.0871115e-05
0.0026744485
5.2091912e-05
0.0026745879
5.3333493e-05
0.0026747279
5.4596146e-05
0.0026748684
5.5880259e-05
0.0026750094
5.7186381e-05
0.0026751509
5.8515315e-05
0.0026752928
5.9868399e-05
0.0026754351
6.1247527e-05
0.0026755776
6.265492e-05
0.0026757201
6.4093283e-05
0.0026758624
6.5567585e-05
0.0026760041
6.7083791e-05
0.0026761448
6.8658088e-05
0.0026762828
7.0294578e-05
0.0026764193
7.2070829e-05
0.0026765434
7.3925392e-05
0.0026766646
7.6307783e-05
0.0026767951
7.9256733e-05
0.0026771551
8.5079293e-05
8.5059401e-05
0.0027447829
1.8383144e-05
0.0027448894
1.8896465e-05
0.0027449959
1.9420846e-05
0.0027451024
1.995674e-05
0.0027452091
2.0504635e-05
0.0027453159
2.1065042e-05
0.002745423
2.1638506e-05
0.0027455303
2.2225611e-05
0.0027456381
2.2826973e-05
0.0027457464
2.3443246e-05
0.0027458552
2.4075106e-05
0.0027459647
2.4723238e-05
0.002746075
2.538832e-05
0.0027461862
2.6070994e-05
0.0027462983
2.6771851e-05
0.0027464116
2.7491405e-05
0.0027465261
2.823009e-05
0.0027466419
2.8988253e-05
0.002746759
2.976616e-05
0.0027468776
3.0564e-05
0.0027469976
3.1381889e-05
0.0027471191
3.2219881e-05
0.0027472421
3.3077983e-05
0.0027473666
3.3956167e-05
0.0027474925
3.4854387e-05
0.0027476199
3.5772601e-05
0.0027477486
3.6710789e-05
0.0027478787
3.7668952e-05
0.0027480102
3.8647084e-05
0.0027481428
3.9645144e-05
0.0027482767
4.0663114e-05
0.0027484117
4.1701043e-05
0.0027485478
4.2759012e-05
0.0027486849
4.3837073e-05
0.002748823
4.4935229e-05
0.0027489619
4.6053479e-05
0.0027491017
4.7191877e-05
0.0027492423
4.8350529e-05
0.0027493837
4.9529549e-05
0.0027495257
5.0729047e-05
0.0027496685
5.1949166e-05
0.0027498119
5.3190104e-05
0.0027499559
5.4452145e-05
0.0027501005
5.5735682e-05
0.0027502456
5.7041271e-05
0.0027503912
5.8369728e-05
0.0027505372
5.972239e-05
0.0027506835
6.1101158e-05
0.0027508302
6.2508297e-05
0.0027509768
6.3946598e-05
0.0027511233
6.5421093e-05
0.0027512692
6.6937943e-05
0.002751414
6.8513233e-05
0.0027515563
7.015234e-05
0.0027516969
7.1930211e-05
0.0027518257
7.3796598e-05
0.0027519521
7.6181402e-05
0.0027520896
7.9119245e-05
0.0027524464
8.472247e-05
8.502994e-05
0.013229624
1.7871558e-05
0.013230136
1.8384721e-05
0.013230648
1.8908721e-05
0.01323116
1.9443998e-05
0.013231674
1.9991019e-05
0.013232189
2.0550279e-05
0.013232705
2.1122303e-05
0.013233223
2.1707649e-05
0.013233743
2.2306906e-05
0.013234266
2.2920693e-05
0.013234791
2.3549652e-05
0.01323532
2.4194436e-05
0.013235853
2.4855693e-05
0.013236389
2.5534051e-05
0.013236931
2.62301e-05
0.013237478
2.6944375e-05
0.013238031
2.7677343e-05
0.01323859
2.8429401e-05
0.013239155
2.9200872e-05
0.013239727
2.9992009e-05
0.013240306
3.0803e-05
0.013240892
3.1633969e-05
0.013241485
3.2484995e-05
0.013242085
3.3356116e-05
0.013242692
3.424735e-05
0.013243306
3.5158706e-05
0.013243927
3.60902e-05
0.013244554
3.7041855e-05
0.013245187
3.8013695e-05
0.013245826
3.9005721e-05
0.013246472
4.0017941e-05
0.013247122
4.1050401e-05
0.013247778
4.2103174e-05
0.013248439
4.3176309e-05
0.013249104
4.4269822e-05
0.013249774
4.5383715e-05
0.013250448
4.651802e-05
0.013251126
4.7672811e-05
0.013251807
4.8848176e-05
0.013252492
5.0044208e-05
0.01325318
5.1261036e-05
0.013253871
5.2498841e-05
0.013254565
5.3757904e-05
0.013255262
5.5038626e-05
0.013255962
5.6341596e-05
0.013256664
5.766768e-05
0.013257368
5.901823e-05
0.013258074
6.0395182e-05
0.013258782
6.180099e-05
0.013259489
6.323883e-05
0.013260196
6.471402e-05
0.013260901
6.6233585e-05
0.013261601
6.7813191e-05
0.01326229
6.9463568e-05
0.013262971
7.1249204e-05
0.013263606
7.3161611e-05
0.013264238
7.5548883e-05
0.013264946
7.8411706e-05
0.013266489
8.3179506e-05
8.4626381e-05
0.018454148
1.7166407e-05
0.018454855
1.7677886e-05
0.018455563
1.820003e-05
0.018456274
1.8733243e-05
0.018456987
1.9277957e-05
0.018457703
1.9834632e-05
0.018458421
2.0403757e-05
0.018459143
2.0985853e-05
0.018459869
2.158147e-05
0.018460598
2.2191185e-05
0.018461332
2.2815596e-05
0.018462071
2.3455315e-05
0.018462816
2.4110956e-05
0.018463567
2.4783126e-05
0.018464325
2.5472409e-05
0.01846509
2.6179355e-05
0.018465862
2.6904464e-05
0.018466644
2.7648181e-05
0.018467434
2.8410892e-05
0.018468233
2.9192924e-05
0.018469041
2.9994543e-05
0.018469859
3.0815962e-05
0.018470687
3.1657344e-05
0.018471524
3.2518814e-05
0.018472371
3.3400468e-05
0.018473227
3.4302384e-05
0.018474093
3.5224634e-05
0.018474968
3.6167286e-05
0.018475851
3.7130405e-05
0.018476742
3.8114041e-05
0.018477642
3.911824e-05
0.01847855
4.014306e-05
0.018479464
4.1188571e-05
0.018480386
4.2254822e-05
0.018481314
4.3341836e-05
0.018482248
4.4449613e-05
0.018483188
4.5578163e-05
0.018484133
4.6727519e-05
0.018485083
4.7897734e-05
0.018486039
4.9088873e-05
0.018486999
5.0301039e-05
0.018487963
5.1534393e-05
0.018488932
5.2789205e-05
0.018489905
5.4065885e-05
0.018490881
5.5365051e-05
0.018491861
5.6687625e-05
0.018492844
5.8034995e-05
0.01849383
5.9409157e-05
0.018494819
6.0812782e-05
0.018495808
6.2249482e-05
0.018496797
6.3724938e-05
0.018497783
6.5247114e-05
0.018498765
6.6831389e-05
0.018499735
6.8493586e-05
0.018500697
7.0287932e-05
0.018501617
7.2240737e-05
0.01850257
7.4596682e-05
0.018503612
7.7368895e-05
0.01850544
8.1352019e-05
8.3611581e-05
0.025741649
1.6205614e-05
0.025742615
1.6711655e-05
0.025743586
1.7228362e-05
0.025744564
1.7756078e-05
0.025745546
1.8295172e-05
0.025746535
1.8846045e-05
0.02574753
1.9409128e-05
0.025748531
1.9984882e-05
0.025749538
2.0573799e-05
0.025750553
2.1176399e-05
0.025751575
2.1793225e-05
0.025752606
2.2424837e-05
0.025753645
2.3071805e-05
0.025754694
2.3734704e-05
0.025755752
2.4414105e-05
0.025756821
2.5110562e-05
0.0257579
2.5824597e-05
0.025758992
2.6556698e-05
0.025760096
2.7307309e-05
0.025761212
2.8076829e-05
0.025762341
2.8865609e-05
0.025763483
2.9673957e-05
0.025764638
3.0502132e-05
0.025765806
3.1350359e-05
0.025766988
3.2218833e-05
0.025768183
3.3107721e-05
0.02576939
3.4017173e-05
0.02577061
3.4947329e-05
0.025771842
3.5898313e-05
0.025773086
3.687024e-05
0.025774341
3.7863208e-05
0.025775607
3.8877309e-05
0.025776883
3.9912621e-05
0.025778168
4.0969201e-05
0.025779463
4.2047068e-05
0.025780766
4.3146213e-05
0.025782078
4.4266614e-05
0.025783397
4.5408257e-05
0.025784724
4.6571144e-05
0.025786057
4.7755296e-05
0.025787398
4.8960775e-05
0.025788744
5.0187708e-05
0.025790097
5.1436343e-05
0.025791456
5.270709e-05
0.02579282
5.400059e-05
0.02579419
5.5317819e-05
0.025795565
5.6660222e-05
0.025796944
5.8029877e-05
0.025798327
5.9429682e-05
0.025799713
6.0863691e-05
0.0258011
6.2337983e-05
0.025802486
6.3861384e-05
0.025803868
6.5449096e-05
0.025805241
6.7120257e-05
0.025806609
6.8919991e-05
0.025807959
7.0891203e-05
0.025809372
7.3183475e-05
0.02581091
7.5831499e-05
0.025813116
7.9145094e-05
8.1817442e-05
0.035906534
1.4922607e-05
0.035907831
1.5415099e-05
0.03590914
1.5918585e-05
0.035910463
1.6433324e-05
0.035911799
1.6959606e-05
0.035913147
1.7497756e-05
0.035914508
1.8048133e-05
0.035915882
1.8611123e-05
0.035917268
1.9187144e-05
0.035918668
1.9776629e-05
0.035920081
2.0380032e-05
0.035921508
2.0997833e-05
0.03592295
2.1630544e-05
0.035924406
2.227871e-05
0.035925877
2.2942879e-05
0.035927364
2.362359e-05
0.035928867
2.4321364e-05
0.035930387
2.5036708e-05
0.035931924
2.5770106e-05
0.035933479
2.6522016e-05
0.035935052
2.7292862e-05
0.035936643
2.8083038e-05
0.035938252
2.8892903e-05
0.03593988
2.9722789e-05
0.035941525
3.0572995e-05
0.035943189
3.1443797e-05
0.035944871
3.2335448e-05
0.03594657
3.3248179e-05
0.035948286
3.4182207e-05
0.035950019
3.5137729e-05
0.035951767
3.6114922e-05
0.035953531
3.7113934e-05
0.035955308
3.8134878e-05
0.0359571
3.9177817e-05
0.035958904
4.0242759e-05
0.035960721
4.1329661e-05
0.035962549
4.2438449e-05
0.035964388
4.3569043e-05
0.035966238
4.4721374e-05
0.035968098
4.5895391e-05
0.035969967
4.7091093e-05
0.035971846
4.8308549e-05
0.035973735
4.9547964e-05
0.035975632
5.0809728e-05
0.035977538
5.2094488e-05
0.035979453
5.3403261e-05
0.035981375
5.4737551e-05
0.035983306
5.6099513e-05
0.035985243
5.7492229e-05
0.035987187
5.8920125e-05
0.035989135
6.0389532e-05
0.035991087
6.1909721e-05
0.03599304
6.3495718e-05
0.035994994
6.5166443e-05
0.035996957
6.6957627e-05
0.035998936
6.8911841e-05
0.03600101
7.1108997e-05
0.036003258
7.3583462e-05
0.036006015
7.6388524e-05
7.9124007e-05
0.050084475
1.3261015e-05
0.050086165
1.3724939e-05
0.050087883
1.4200453e-05
0.050089629
1.4687743e-05
0.050091401
1.5187054e-05
0.0500932
1.5698651e-05
0.050095026
1.6222808e-05
0.050096877
1.6759893e-05
0.050098754
1.7310322e-05
0.050100656
1.7874492e-05
0.050102583
1.8452778e-05
0.050104536
1.9045529e-05
0.050106513
1.9653154e-05
0.050108515
2.0276161e-05
0.050110543
2.0915086e-05
0.050112596
2.1570433e-05
0.050114675
2.2242689e-05
0.050116779
2.2932341e-05
0.05011891
2.3639875e-05
0.050121066
2.4365776e-05
0.050123248
2.5110513e-05
0.050125457
2.5874539e-05
0.050127691
2.6658292e-05
0.050129952
2.74622e-05
0.050132238
2.8286665e-05
0.05013455
2.9132059e-05
0.050136887
2.9998741e-05
0.050139248
3.0887049e-05
0.050141633
3.1797302e-05
0.050144041
3.2729809e-05
0.050146471
3.3684862e-05
0.050148922
3.4662701e-05
0.050151393
3.5663491e-05
0.050153884
3.6687304e-05
0.050156393
3.7734104e-05
0.050158918
3.8803754e-05
0.050161461
3.9896068e-05
0.050164019
4.101085e-05
0.050166593
4.2147915e-05
0.050169181
4.3307094e-05
0.050171784
4.4488269e-05
0.050174401
4.5691401e-05
0.050177032
4.6916609e-05
0.050179678
4.8164227e-05
0.050182337
4.943487e-05
0.050185011
5.072956e-05
0.050187699
5.2049829e-05
0.0501904
5.3397821e-05
0.050193116
5.4776612e-05
0.050195845
5.6190761e-05
0.050198588
5.7646497e-05
0.050201345
5.9152733e-05
0.050204118
6.0723068e-05
0.050206911
6.2373222e-05
0.05020974
6.412898e-05
0.05021263
6.6022159e-05
0.050215649
6.8089696e-05
0.050218877
7.0355003e-05
0.050222487
7.2778793e-05
7.5289253e-05
0.069859636
1.1183459e-05
0.069861765
1.1596663e-05
0.069863943
1.2021986e-05
0.069866171
1.2459554e-05
0.069868449
1.2909589e-05
0.069870775
1.3372551e-05
0.069873149
1.3848744e-05
0.06987557
1.4338277e-05
0.06987804
1.4841273e-05
0.069880556
1.5357925e-05
0.06988312
1.5888807e-05
0.069885731
1.6434824e-05
0.069888387
1.6996691e-05
0.069891089
1.7574799e-05
0.069893834
1.8169443e-05
0.069896624
1.8780998e-05
0.069899456
1.9409936e-05
0.069902332
2.0056747e-05
0.06990525
2.0721914e-05
0.06990821
2.1405938e-05
0.069911211
2.2109339e-05
0.069914253
2.2832628e-05
0.069917335
2.357632e-05
0.069920456
2.4340952e-05
0.069923616
2.5127008e-05
0.069926813
2.59349e-05
0.069930047
2.6765054e-05
0.069933316
2.7617902e-05
0.069936619
2.8493857e-05
0.069939956
2.9393398e-05
0.069943323
3.0317049e-05
0.069946721
3.126517e-05
0.069950147
3.223791e-05
0.069953599
3.323529e-05
0.069957076
3.4257043e-05
0.069960577
3.5302651e-05
0.069964101
3.6371695e-05
0.069967648
3.7463839e-05
0.069971217
3.8578732e-05
0.069974808
3.9716017e-05
0.069978421
4.0875365e-05
0.069982056
4.2056532e-05
0.069985713
4.3259479e-05
0.069989393
4.4484388e-05
0.069993096
4.5731729e-05
0.069996823
4.7002498e-05
0.070000575
4.8298251e-05
0.070004352
4.9620744e-05
0.070008156
5.0972253e-05
0.07001199
5.2357371e-05
0.070015855
5.3781566e-05
0.070019755
5.5252349e-05
0.070023698
5.6779693e-05
0.070027695
5.8376212e-05
0.070031766
6.0057911e-05
0.070035946
6.1842653e-05
0.070040289
6.3746439e-05
0.070044865
6.5778858e-05
0.070049724
6.792025e-05
7.0154981e-05
0.097440854
8.6283586e-06
0.097443479
8.9716732e-06
0.09744618
9.3201285e-06
0.09744896
9.6799425e-06
0.097451818
1.0051597e-05
0.097454755
1.0436012e-05
0.09745777
1.0833794e-05
0.097460863
1.1245079e-05
0.097464033
1.1670692e-05
0.09746728
1.2111634e-05
0.097470601
1.2567842e-05
0.097473996
1.30392e-05
0.097477467
1.3526337e-05
0.097481012
1.4029716e-05
0.097484631
1.4549656e-05
0.097488325
1.5087015e-05
0.097492093
1.5642622e-05
0.097495933
1.6216897e-05
0.097499844
1.681051e-05
0.097503825
1.7424662e-05
0.097507874
1.8060237e-05
0.09751199
1.8717387e-05
0.097516169
1.9396726e-05
0.097520411
2.0099374e-05
0.097524712
2.0825432e-05
0.097529073
2.157466e-05
0.09753349
2.2347795e-05
0.097537962
2.3145353e-05
0.097542489
2.3967443e-05
0.097547067
2.4815671e-05
0.097551691
2.5692588e-05
0.097556357
2.6598833e-05
0.097561061
2.7534198e-05
0.097565797
2.8498997e-05
0.097570564
2.9490744e-05
0.09757536
3.0506016e-05
0.097580188
3.1544095e-05
0.097585047
3.2604822e-05
0.097589938
3.368763e-05
0.097594862
3.4791938e-05
0.09759982
3.5916979e-05
0.097604815
3.7062215e-05
0.097609847
3.8227451e-05
0.097614918
3.9412744e-05
0.097620032
4.0618383e-05
0.097625189
4.1845145e-05
0.097630393
4.309433e-05
0.097635647
4.4367186e-05
0.097640954
4.5665224e-05
0.097646319
4.6991939e-05
0.09765175
4.8350743e-05
0.097657255
4.9747421e-05
0.097662846
5.1188453e-05
0.097668541
5.2681526e-05
0.097674363
5.4235201e-05
0.097680348
5.5858179e-05
0.097686538
5.7556033e-05
0.097692986
5.9330894e-05
0.097699743
6.1163227e-05
6.3045264e-05
0.13591313
5.4058818e-06
0.13591648
5.6251489e-06
0.13591993
5.8621647e-06
0.1359235
6.1168242e-06
0.13592717
6.3775102e-06
0.13593096
6.6499576e-06
0.13593485
6.9451555e-06
0.13593883
7.2594007e-06
0.13594292
7.5841554e-06
0.13594711
7.9225194e-06
0.1359514
8.2782306e-06
0.13595579
8.6474521e-06
0.13596029
9.0298291e-06
0.13596489
9.4275561e-06
0.1359696
9.8400928e-06
0.13597442
1.0268376e-05
0.13597934
1.0716149e-05
0.13598437
1.1185452e-05
0.13598951
1.1674067e-05
0.13599475
1.2189774e-05
0.13600006
1.2747119e-05
0.13600544
1.3337146e-05
0.1360109
1.3937609e-05
0.13601644
1.4556292e-05
0.13602206
1.5203261e-05
0.13602777
1.5870891e-05
0.13603356
1.6559712e-05
0.13603943
1.7274537e-05
0.13604538
1.8011874e-05
0.13605144
1.8761951e-05
0.13605757
1.9555169e-05
0.13606377
2.0404199e-05
0.13607002
2.1284549e-05
0.1360763
2.2215632e-05
0.13608261
2.3183215e-05
0.13608896
2.4157328e-05
0.13609535
2.5151217e-05
0.13610179
2.6168305e-05
0.13610827
2.7205638e-05
0.1361148
2.826402e-05
0.13612137
2.933891e-05
0.13612801
3.0428752e-05
0.1361347
3.1533238e-05
0.13614146
3.2652563e-05
0.13614829
3.3786996e-05
0.1361552
3.4936879e-05
0.13616219
3.6102814e-05
0.13616927
3.728579e-05
0.13617645
3.8487277e-05
0.13618374
3.9708461e-05
0.13619114
4.0950708e-05
0.13619867
4.2217622e-05
0.13620634
4.3512506e-05
0.13621418
4.4839196e-05
0.13622222
4.6201901e-05
0.13623047
4.7605373e-05
0.13623897
4.9054167e-05
0.13624775
5.0554147e-05
0.13625679
5.2117235e-05
5.3700838e-05
0.18955808
2.7979933e-06
0.1895608
2.9072725e-06
0.18956363
3.0304272e-06
0.18956658
3.1666175e-06
0.18956966
3.2987158e-06
0.18957288
3.4300065e-06
0.18957625
3.576681e-06
0.18957977
3.7393283e-06
0.18958345
3.9082576e-06
0.18958728
4.087738e-06
0.18959127
4.2861746e-06
0.18959542
4.5005861e-06
0.18959972
4.7295866e-06
0.18960417
4.975652e-06
0.18960878
5.2366232e-06
0.18961353
5.5100013e-06
0.18961845
5.7973851e-06
0.18962354
6.0988568e-06
0.18962881
6.4041228e-06
0.18963429
6.7140368e-06
0.18963998
7.054773e-06
0.18964588
7.4367426e-06
0.18965198
7.837151e-06
0.18965828
8.2579548e-06
0.18966477
8.7141872e-06
0.18967144
9.2000309e-06
0.18967828
9.7133526e-06
0.1896853
1.0260884e-05
0.18969247
1.0842769e-05
0.1896998
1.1427828e-05
0.18970732
1.2032014e-05
0.18971504
1.2684213e-05
0.18972297
1.3356866e-05
0.18973111
1.4077951e-05
0.18973943
1.4859947e-05
0.18974792
1.5667214e-05
0.18975657
1.6499886e-05
0.18976538
1.7361413e-05
0.18977433
1.8257094e-05
0.18978341
1.9179962e-05
0.18979265
2.0104993e-05
0.18980203
2.1041332e-05
0.18981158
2.1989512e-05
0.18982128
2.2949358e-05
0.18983115
2.3920396e-05
0.18984118
2.4902312e-05
0.18985139
2.5894969e-05
0.18986178
2.6898326e-05
0.18987235
2.7912323e-05
0.18988312
2.8936825e-05
0.1898941
2.9971524e-05
0.18990531
3.1015855e-05
0.18991675
3.206868e-05
0.18992846
3.3128139e-05
0.18994047
3.4190457e-05
0.18995283
3.5251581e-05
0.18996558
3.6297774e-05
0.1899788
3.7333924e-05
0.18999263
3.8291304e-05
3.9322624e-05
0.26435584
0.26435817
0.26436058
0.26436308
0.26436566
0.26436832
0.26437107
0.26437391
0.26437685
0.2643799
0.26438306
0.26438635
0.26438977
0.26439333
0.26439704
0.26440091
0.26440493
0.26440913
0.26441349
0.26441801
0.26442271
0.26442762
0.26443275
0.2644381
0.26444371
0.26444959
0.26445574
0.26446218
0.26446893
0.26447597
0.2644833
0.26449093
0.26449887
0.26450714
0.26451576
0.26452473
0.26453405
0.26454371
0.26455372
0.26456404
0.26457468
0.26458564
0.26459693
0.26460853
0.26462045
0.26463269
0.26464526
0.26465814
0.26467136
0.26468489
0.26469876
0.26471295
0.26472748
0.26474234
0.26475755
0.26477309
0.26478897
0.26480519
0.26482171
)
;

boundaryField
{
    inlet
    {
        type            calculated;
        value           nonuniform List<scalar> 0();
    }
    top
    {
        type            calculated;
        value           nonuniform List<scalar> 
60
(
5.4136488e-07
5.7950792e-07
6.2118733e-07
6.667336e-07
7.1649553e-07
7.7085299e-07
8.3020484e-07
8.9492923e-07
9.6536615e-07
1.0418492e-06
1.1247056e-06
1.2142222e-06
1.3106377e-06
1.4141553e-06
1.5249519e-06
1.6432015e-06
1.7691082e-06
1.9029314e-06
2.0450026e-06
2.1957724e-06
2.3558314e-06
2.5259037e-06
2.7068633e-06
2.8997883e-06
3.105921e-06
3.3266522e-06
3.563514e-06
3.8182112e-06
4.0924518e-06
4.3877893e-06
4.7058143e-06
5.048109e-06
5.4163403e-06
5.812265e-06
6.2375453e-06
6.6936841e-06
7.1815407e-06
7.6986155e-06
8.2555594e-06
8.855398e-06
9.4622582e-06
1.0080149e-05
1.0708648e-05
1.1347977e-05
1.1998209e-05
1.2659079e-05
1.333017e-05
1.4011046e-05
1.4701232e-05
1.540015e-05
1.6107049e-05
1.6820925e-05
1.754039e-05
1.8263467e-05
1.8987314e-05
1.9707648e-05
2.0418631e-05
2.1110154e-05
2.1774399e-05
2.2383802e-05
)
;
    }
    outlet
    {
        type            calculated;
        value           nonuniform List<scalar> 
30
(
0.0016244671
0.0016701997
0.0017172199
0.001765554
0.001815247
0.0018663404
0.0019188729
0.0019728836
0.0020284133
0.0020855033
0.0021441979
0.0022045409
0.0022665835
0.0023303709
0.002395942
0.0024633515
0.0025326563
0.002603909
0.0026771641
0.0027524758
0.013266892
0.018506455
0.025814911
0.036008708
0.050226322
0.070054858
0.097706853
0.13626614
0.19000701
0.26483865
)
;
    }
    slipsurface
    {
        type            calculated;
        value           nonuniform List<scalar> 0();
    }
    bottom
    {
        type            calculated;
        value           nonuniform List<scalar> 0();
    }
    frontandback
    {
        type            empty;
    }
    procBoundary11to8
    {
        type            processor;
        value           nonuniform List<scalar> 
29
(
-0.0016658652
-0.0017127234
-0.0017609013
-0.0018104365
-0.0018613655
-0.0019137268
-0.0019675603
-0.0020229071
-0.0020798095
-0.0021383113
-0.0021984575
-0.0022602949
-0.0023238717
-0.0023892366
-0.0024564397
-0.0025255312
-0.0025965655
-0.002669597
-0.0027446764
-0.013229112
-0.018453443
-0.025740688
-0.035905251
-0.050082813
-0.069857559
-0.097438299
-0.13590991
-0.18955548
-0.26435358
)
;
    }
    procBoundary11to10
    {
        type            processor;
        value           nonuniform List<scalar> 
61
(
-5.7978959e-05
-5.929238e-05
-6.0627617e-05
-6.1986169e-05
-6.3369939e-05
-6.4780316e-05
-6.6218286e-05
-6.7687994e-05
-6.9191837e-05
-7.0748776e-05
-7.2334334e-05
-7.4099397e-05
-7.5676994e-05
-7.8045652e-05
-8.0550089e-05
-9.2024861e-05
-8.1120228e-05
-1.9980157e-05
-2.0489915e-05
-2.1011901e-05
-2.1546524e-05
-2.2094241e-05
-2.2655573e-05
-2.3231098e-05
-2.3821475e-05
-2.4427443e-05
-2.5049826e-05
-2.5689479e-05
-2.6347257e-05
-2.702397e-05
-2.7720324e-05
-2.8436868e-05
-2.9173956e-05
-2.9931786e-05
-3.0710458e-05
-3.1509983e-05
-3.2330269e-05
-3.3171129e-05
-3.403234e-05
-3.4913667e-05
-3.5814814e-05
-3.6735504e-05
-3.7675526e-05
-3.8634825e-05
-3.9613527e-05
-4.0611447e-05
-4.1628242e-05
-4.2663914e-05
-4.3718657e-05
-4.4792618e-05
-4.5885851e-05
-4.6998245e-05
-4.8129745e-05
-4.9280547e-05
-5.0450908e-05
-5.1640992e-05
-5.2850943e-05
-5.4080956e-05
-5.5331279e-05
-0.0016233781
-5.6602176e-05
)
;
    }
}


// ************************************************************************* //
