/*--------------------------------*- C++ -*----------------------------------*\
  =========                 |
  \\      /  F ield         | OpenFOAM: The Open Source CFD Toolbox
   \\    /   O peration     | Website:  https://openfoam.org
    \\  /    A nd           | Version:  12
     \\/     M anipulation  |
\*---------------------------------------------------------------------------*/
FoamFile
{
    format      ascii;
    class       volScalarField;
    location    "1700";
    object      p;
}
// * * * * * * * * * * * * * * * * * * * * * * * * * * * * * * * * * * * * * //

dimensions      [0 2 -2 0 0 0 0];

internalField   nonuniform List<scalar> 
1765
(
0.00029985094
0.00029955535
0.00029976029
0.00030035229
0.00030124995
0.00030236385
0.00030363847
0.0003049985
0.00030637098
0.00030772582
0.00030900885
0.00031018194
0.00031120862
0.00031205672
0.00031269725
0.00031310424
0.00031325402
0.00031312567
0.00031269914
0.00031196082
0.00031088978
0.00030947417
0.00030770684
0.00030557116
0.00030306021
0.0003001656
0.00029688
0.000293197
0.00028911057
0.00028461555
0.0002797075
0.00027438338
0.00026864047
0.0002624785
0.00025589603
0.00024889207
0.00024146893
0.00023362853
0.00022537442
0.00021671171
0.00020764709
0.00019819006
0.00018835184
0.00017814843
0.00016759672
0.00015672938
0.0001455659
0.00013417627
0.00012255936
0.00011091061
9.907968e-05
8.7749118e-05
7.5997097e-05
6.661058e-05
5.4968219e-05
5.1769056e-05
2.5504764e-05
0.00014645747
-0.00018666695
0.00030167324
0.00030124057
0.00030131953
0.00030179564
0.00030258673
0.00030360278
0.00030478702
0.00030606396
0.00030736033
0.00030864508
0.0003098638
0.0003109779
0.0003119505
0.00031274911
0.00031334436
0.00031371001
0.00031382208
0.00031365937
0.00031320153
0.00031243464
0.00031133759
0.00030989818
0.00030810885
0.00030595265
0.00030342223
0.00030050894
0.00029720538
0.00029350525
0.00028940272
0.00028489271
0.00027997061
0.00027463314
0.00026887732
0.00026270275
0.000256108
0.00024909214
0.00024165753
0.00023380613
0.00022554151
0.00021686877
0.00020779461
0.00019832852
0.00018848169
0.00017827012
0.00016771066
0.00015683599
0.00014566557
0.00013426936
0.00012264625
0.00011099155
9.9155099e-05
8.7818968e-05
7.6062109e-05
6.6669387e-05
5.5022825e-05
5.1820478e-05
2.5543798e-05
0.00014636977
-0.00018637409
0.00030354962
0.00030297602
0.00030292541
0.00030328229
0.00030396367
0.00030487892
0.00030597
0.00030716121
0.00030837897
0.00030959125
0.00031074339
0.00031179629
0.00031271271
0.0003134598
0.00031400782
0.00031433024
0.00031440281
0.00031420403
0.00031371328
0.00031291633
0.00031179192
0.00031032756
0.00030851533
0.00030633806
0.00030378803
0.00030085624
0.00029753499
0.00029381782
0.00028969898
0.00028517353
0.00028023699
0.00027488601
0.00026911742
0.00026293057
0.00025632389
0.00024929641
0.00024185049
0.00023398817
0.00022571304
0.00021703023
0.00020794646
0.00019847121
0.00018861566
0.00017839581
0.00016782849
0.00015694635
0.00014576887
0.00013436593
0.00012273648
0.00011107568
9.9233572e-05
8.7891711e-05
7.6129877e-05
6.6730718e-05
5.5079813e-05
5.1874204e-05
2.5584451e-05
0.00014627359
-0.00018605991
0.0003054816
0.00030476315
0.00030457931
0.00030481354
0.00030538201
0.00030619348
0.00030718859
0.00030829141
0.00030942806
0.00031056549
0.00031164876
0.00031263829
0.00031349646
0.00031419001
0.00031468888
0.00031496622
0.00031499751
0.00031476096
0.00031423567
0.00031340712
0.00031225394
0.00031076335
0.00030892708
0.00030672783
0.00030415758
0.00030120704
0.00029786815
0.0002941342
0.00028999922
0.00028545827
0.00028050696
0.00027514209
0.0002693605
0.00026316139
0.00025654301
0.00024950421
0.00024204728
0.00023417423
0.0002258887
0.00021719587
0.00020810246
0.000198618
0.00018875366
0.00017852543
0.00016795015
0.00015706043
0.00014587575
0.00013446596
0.00012283003
0.00011116301
9.9315104e-05
8.7967356e-05
7.6200414e-05
6.6794587e-05
5.5139198e-05
5.1930257e-05
2.5626715e-05
0.00014616813
-0.0001857229
0.00030747076
0.00030660341
0.00030628261
0.00030639068
0.000306843
0.00030754764
0.00030844394
0.00030945569
0.00031050871
0.0003115689
0.00031258104
0.00031350503
0.00031430286
0.00031494089
0.00031538871
0.00031561913
0.00031560738
0.00031533137
0.00031476992
0.00031390823
0.00031272484
0.00031120665
0.00030934512
0.00030712279
0.00030453142
0.00030156147
0.00029820459
0.0002944538
0.00029030286
0.00028574661
0.0002807806
0.00027540165
0.00026960673
0.00026339509
0.00025676492
0.00024971495
0.00024224726
0.00023436376
0.00022606806
0.00021736534
0.00020826237
0.0001987687
0.00018889554
0.00017865887
0.00016807553
0.00015717813
0.00014598616
0.00013456941
0.00012292689
0.00011125351
9.9399683e-05
8.80459e-05
7.6273724e-05
6.6860997e-05
5.520099e-05
5.1988654e-05
2.5670571e-05
0.00014605249
-0.00018536142
0.00030951868
0.00030849831
0.0003080367
0.00030801506
0.0003083479
0.00030894262
0.00030973721
0.00031065518
0.00031162202
0.00031260255
0.00031354127
0.00031439757
0.000315133
0.00031571354
0.00031610841
0.00031629011
0.00031623356
0.00031591642
0.0003153172
0.00031442084
0.00031320577
0.00031165862
0.00030977051
0.00030752392
0.00030491038
0.00030192011
0.00029854456
0.00029477649
0.00029060945
0.00028603801
0.00028105749
0.00027566459
0.00026985628
0.00026363187
0.00025698964
0.00024992833
0.00024244992
0.00023455616
0.00022625053
0.00021753816
0.00020842581
0.00019892304
0.00018904109
0.00017879596
0.00016820453
0.00015729939
0.00014610003
0.00013467622
0.00012302701
0.00011134714
9.9487289e-05
8.8127328e-05
7.63498e-05
6.6929945e-05
5.5265186e-05
5.2049402e-05
2.5715989e-05
0.00014592569
-0.00018497377
0.00031162699
0.00031044938
0.00030984304
0.00030968804
0.00030989799
0.00031037964
0.00031106957
0.000311891
0.00031276906
0.0003136675
0.00031453052
0.00031531694
0.00031598791
0.00031650898
0.00031684903
0.0003169802
0.00031687713
0.00031651718
0.00031587861
0.00031494606
0.00031369785
0.00031212033
0.00031020434
0.00030793225
0.0003052954
0.00030228379
0.00029888867
0.00029510264
0.00029091901
0.00028633214
0.00028133711
0.00027593042
0.00027010889
0.00026387175
0.00025721733
0.00025014446
0.00024265514
0.00023475107
0.00022643563
0.00021771381
0.00020859228
0.0001990806
0.00018918999
0.00017893648
0.00016833696
0.00015742405
0.00014621726
0.00013478631
0.00012313032
0.00011144388
9.9577888e-05
8.8211616e-05
7.6428624e-05
6.7001416e-05
5.5331775e-05
5.2112502e-05
2.576293e-05
0.00014578666
-0.00018455809
0.00031379735
0.00031245817
0.00031170309
0.00031141098
0.00031149459
0.00031185993
0.00031244219
0.00031316427
0.00031395091
0.0003147648
0.00031554978
0.00031626413
0.00031686856
0.0003173282
0.00031761155
0.0003176904
0.00031753909
0.00031713469
0.00031645519
0.00031548493
0.00031420213
0.00031259286
0.00031064765
0.00030834882
0.00030568748
0.00030265344
0.00029923777
0.0002954329
0.00029123197
0.00028662913
0.0002816193
0.00027619874
0.00027036407
0.00026411436
0.00025744786
0.0002503634
0.000242863
0.00023494845
0.00022662309
0.00021789185
0.00020876131
0.00019924091
0.00018934183
0.00017908008
0.00016847257
0.00015755193
0.00014633769
0.00013489957
0.00012323675
0.00011154364
9.9671425e-05
8.8298722e-05
7.6510166e-05
6.7075383e-05
5.5400737e-05
5.2177944e-05
2.5811341e-05
0.00014563427
-0.00018411243
0.00031603145
0.00031452629
0.00031361835
0.00031318531
0.00031313902
0.00031338475
0.00031385626
0.00031447611
0.00031516866
0.00031589548
0.00031660007
0.00031724014
0.00031777593
0.00031817216
0.00031839691
0.00031842166
0.0003182204
0.00031776991
0.00031704791
0.00031603843
0.0003147196
0.00031307719
0.00031110144
0.00030877461
0.0003060876
0.00030303
0.00029959272
0.00029576806
0.00029154899
0.00028692948
0.00028190428
0.00027646949
0.00027062153
0.00026435928
0.00025768083
0.0002505849
0.00024307348
0.00023514836
0.00022681293
0.00021807216
0.00020893257
0.00019940354
0.00018949615
0.00017922634
0.00016861099
0.00015768272
0.00014646111
0.00013501583
0.00012334615
0.00011164633
9.9767824e-05
8.8388586e-05
7.659438e-05
6.7151806e-05
5.5472037e-05
5.224571e-05
2.5861159e-05
0.00014546725
-0.00018363472
0.00031833104
0.00031665536
0.00031559036
0.00031501247
0.00031483263
0.00031495538
0.00031531298
0.00031582766
0.00031642339
0.00031706058
0.00031768239
0.00031824592
0.00031871096
0.00031904176
0.00031920604
0.00031917488
0.00031892196
0.00031842374
0.00031765769
0.0003166075
0.00031525119
0.00031357428
0.00031156666
0.00030921058
0.0003064967
0.0003034144
0.00029995444
0.000296109
0.00029187086
0.00028723385
0.00028219259
0.000276743
0.00027088134
0.00026460632
0.00025791587
0.00025080856
0.00024328624
0.00023535064
0.00022700515
0.00021825475
0.000209106
0.00019956827
0.0001896526
0.00017937484
0.00016875181
0.00015781607
0.00014658721
0.00013513484
0.00012345834
0.0001117518
9.9866974e-05
8.8481123e-05
7.6681196e-05
6.7230628e-05
5.5545626e-05
5.2315769e-05
2.5912304e-05
0.00014528424
-0.00018312276
0.00032069788
0.00031884705
0.00031762067
0.00031689392
0.0003165768
0.0003165731
0.00031681359
0.0003172201
0.0003177162
0.00031826115
0.00031879772
0.00031928243
0.00031967456
0.00031993793
0.00032003982
0.00031995095
0.00031964464
0.00031909706
0.00031828539
0.000317193
0.0003157978
0.000314085
0.00031204423
0.00030965763
0.00030691568
0.00030380753
0.00030032381
0.00029645657
0.00029219841
0.00028754301
0.00028248488
0.00027701979
0.00027114386
0.00026485563
0.00025815291
0.00025103412
0.00024350093
0.00023555496
0.00022719951
0.00021843953
0.00020928159
0.00019973507
0.00018981104
0.00017952532
0.00016889467
0.00015795159
0.00014671561
0.00013525629
0.00012357305
0.00011185984
9.9968712e-05
8.8576205e-05
7.6770518e-05
6.7311771e-05
5.5621438e-05
5.2388075e-05
2.5964678e-05
0.00014508376
-0.00018257425
0.0003231338
0.00032110306
0.00031971089
0.00031883116
0.00031837295
0.00031823927
0.00031835932
0.0003186546
0.0003190482
0.00031949824
0.00031994709
0.00032035063
0.00032066768
0.00032086155
0.00032089912
0.0003207507
0.00032038927
0.00031979069
0.00031893184
0.00031779578
0.00031636025
0.0003146102
0.00031253497
0.00031011662
0.00030734539
0.00030421026
0.00030070169
0.00029681161
0.00029253244
0.00028785774
0.0002827819
0.00027730053
0.00027140964
0.00026510763
0.00025839218
0.00025126158
0.00024371735
0.00023576099
0.00022739565
0.0002186262
0.00020945915
0.00019990387
0.00018997144
0.0001796777
0.00016903939
0.00015808898
0.00014684597
0.00013537981
0.00012368997
0.00011197017
0.00010007281
8.8673652e-05
7.6862203e-05
6.739512e-05
5.5699378e-05
5.2462564e-05
2.6018166e-05
0.00014486421
-0.00018198676
0.00032564064
0.00032342514
0.00032186267
0.00032082575
0.00032022253
0.00031995522
0.00031995147
0.00032013235
0.00032042053
0.00032077293
0.00032113151
0.00032145151
0.00032169123
0.00032181352
0.00032178479
0.00032157498
0.0003211567
0.00032050546
0.00031959786
0.00031841662
0.00031693934
0.00031515069
0.00031303971
0.00031058835
0.00030778665
0.00030462339
0.00030108888
0.00029717493
0.00029287377
0.00028817883
0.0002830844
0.00027758594
0.00027167934
0.00026536288
0.00025863412
0.00025149124
0.00024393563
0.00023596865
0.00022759335
0.00021881445
0.00020963838
0.00020007444
0.00019013367
0.00017983189
0.0001691859
0.00015822812
0.00014697807
0.00013550512
0.00012380876
0.00011208249
0.00010017898
8.8773224e-05
7.6956055e-05
6.7480516e-05
5.5779316e-05
5.2539144e-05
2.6072634e-05
0.00014462386
-0.00018135777
0.0003282203
0.00032581507
0.00032407767
0.00032287925
0.00032212702
0.00032172236
0.00032159133
0.0003216546
0.00032183436
0.0003220863
0.00032235201
0.00032258603
0.00032274615
0.00032279472
0.00032269771
0.00032242462
0.00032194771
0.00032124214
0.00032028421
0.00031905629
0.00031753584
0.00031570722
0.00031355918
0.00031107359
0.00030824023
0.0003050477
0.00030148618
0.00029754731
0.00029322316
0.00028850705
0.00028339313
0.00027787674
0.00027195365
0.00026562202
0.00025887929
0.00025172356
0.00024415609
0.00023617812
0.0002277926
0.00021900413
0.00020981902
0.00020024647
0.00019029745
0.00017998772
0.00016933407
0.00015836892
0.00014711181
0.00013563205
0.00012392918
0.00011219649
0.00010028693
8.8874635e-05
7.7051821e-05
6.7567746e-05
5.5861075e-05
5.2617682e-05
2.6127932e-05
0.00014436081
-0.00018068472
0.00033087472
0.00032827468
0.00032635761
0.00032499327
0.00032408793
0.00032354211
0.00032328026
0.0003232226
0.00032329085
0.00032343949
0.00032360964
0.00032375519
0.00032383339
0.00032380607
0.00032363872
0.00032330045
0.00032276311
0.00032200151
0.00032099165
0.00031971555
0.00031815048
0.00031628052
0.00031409414
0.00031157306
0.00030870685
0.00030548393
0.00030189431
0.00029792948
0.00029358135
0.00028884312
0.00028370882
0.00027817364
0.00027223325
0.0002658857
0.00025912832
0.0002519591
0.0002443792
0.00023638977
0.00022799363
0.0002191953
0.00021000097
0.00020041976
0.0001904625
0.00018014491
0.00016948368
0.00015851122
0.00014724707
0.00013576049
0.00012405111
0.00011231199
0.00010039641
8.8977614e-05
7.714923e-05
6.7656554e-05
5.5944427e-05
5.2697995e-05
2.6183844e-05
0.00014407311
-0.00017996502
0.00033360589
0.00033080584
0.00032870426
0.00032716947
0.0003261068
0.00032541592
0.0003250196
0.00032483764
0.00032479123
0.00032483362
0.00032490548
0.00032496001
0.00032495391
0.00032484846
0.00032460871
0.0003242033
0.00032360369
0.00032278434
0.00032172094
0.0003203951
0.00031878397
0.00031687131
0.00031464527
0.00031208747
0.00030918722
0.00030593278
0.00030231397
0.00029832214
0.00029394904
0.00028918774
0.00028403216
0.00027847733
0.00027251883
0.00026615458
0.00025938182
0.00025219845
0.00024460551
0.00023660406
0.00022819683
0.00021938824
0.0002101844
0.0002005943
0.00019062871
0.00018030322
0.00016963447
0.00015865478
0.00014738366
0.00013589031
0.00012417443
0.00011242887
0.00010050727
8.9081961e-05
7.7248042e-05
6.7746687e-05
5.6029124e-05
5.277986e-05
2.6239887e-05
0.00014375895
-0.00017919618
0.00033641582
0.00033341046
0.0003311194
0.00032940954
0.00032818524
0.00032734529
0.00032681078
0.00032650103
0.00032633672
0.00032626986
0.00032624063
0.00032620153
0.00032610867
0.00032592283
0.00032560854
0.000325134
0.00032447026
0.00032359141
0.0003224728
0.00032109569
0.00031943702
0.00031748026
0.00031521325
0.00031261747
0.00030968199
0.00030639489
0.00030274582
0.00029872596
0.0002943269
0.00028954159
0.00028436381
0.00027878848
0.00027281105
0.00026642932
0.00025964044
0.00025244223
0.0002448356
0.00023682154
0.00022840268
0.00021958336
0.00021036958
0.00020077028
0.00019079612
0.00018046259
0.00016978626
0.00015879935
0.00014752133
0.00013602128
0.00012429896
0.000112547
0.00010061939
8.9187539e-05
7.734809e-05
6.7837934e-05
5.6114938e-05
5.2863047e-05
2.6295529e-05
0.00014341645
-0.0001783758
0.00033930661
0.00033609048
0.00033360489
0.00033171521
0.00033032487
0.00032933175
0.00032865523
0.00032821413
0.00032792861
0.0003277494
0.0003276162
0.00032748078
0.00032729869
0.00032703011
0.0003266391
0.0003260934
0.00032536362
0.00032442347
0.00032324798
0.00032181802
0.00032011033
0.00031810806
0.00031579874
0.00031316373
0.00031019182
0.00030687092
0.0003031905
0.00029914156
0.00029471557
0.0002899053
0.00028470442
0.00027910771
0.00027311052
0.00026671053
0.00025990479
0.00025269102
0.00024507004
0.00023704275
0.00022861169
0.00021978111
0.00021055694
0.00020094803
0.00019096496
0.00018062314
0.00016993905
0.00015894483
0.00014765988
0.00013615316
0.00012442448
0.00011266617
0.0001007326
8.9294213e-05
7.7449244e-05
6.7930145e-05
5.6201697e-05
5.2947355e-05
2.6353013e-05
0.00014304122
-0.00017750186
0.00034228035
0.00033884791
0.0003361626
0.00033408826
0.00033252735
0.00033137686
0.00033055441
0.00032997832
0.00032956819
0.00032927347
0.00032903335
0.00032879887
0.00032852497
0.00032817127
0.00032770131
0.00032708235
0.00032628458
0.00032528132
0.00032404723
0.00032256279
0.00032080457
0.00031875537
0.00031640239
0.00031372688
0.00031071733
0.00030736148
0.00030364862
0.00029956957
0.00029511563
0.00029027946
0.00028505457
0.00027943563
0.00027341786
0.00026699882
0.00026017546
0.00025294542
0.00024530942
0.00023726825
0.00022882439
0.000219982
0.00021074693
0.00020112795
0.00019113557
0.00018078512
0.000170093
0.00015909126
0.00014779926
0.00013628582
0.00012455077
0.00011278615
0.00010084669
8.9401796e-05
7.755135e-05
6.8023172e-05
5.6289263e-05
5.3032672e-05
2.64183e-05
0.00014262604
-0.00017657327
0.00034533922
0.0003416848
0.00033879446
0.00033653048
0.0003347944
0.00033348224
0.00033250985
0.00033179502
0.0003312568
0.00033084332
0.00033049326
0.0003301569
0.00032978856
0.00032934728
0.00032879609
0.00032810174
0.00032723398
0.00032616573
0.00032487129
0.00032333074
0.00032152044
0.00031942285
0.00031702485
0.00031430753
0.00031125912
0.00030786717
0.00030412076
0.00030001055
0.00029552769
0.00029066466
0.00028541486
0.00027977281
0.00027373364
0.00026729476
0.00026045302
0.000253206
0.00024555428
0.00023749859
0.00022904132
0.00022018654
0.00021094004
0.0002013105
0.00019130836
0.00018094887
0.00017024838
0.00015923884
0.00014793957
0.00013641925
0.00012467776
0.0001129068
0.00010096146
8.951007e-05
7.7654208e-05
6.811683e-05
5.6377478e-05
5.3118807e-05
2.6495841e-05
0.00014216597
-0.00017558979
0.00034848543
0.00034460323
0.00034150245
0.00033904375
0.00033712775
0.00033564953
0.00033452308
0.00033366568
0.0003329958
0.00033246024
0.00033199713
0.00033155599
0.00033109052
0.00033055916
0.00032992438
0.00032915245
0.00032821266
0.0003270775
0.00032572093
0.00032412258
0.00032225862
0.00032011117
0.00031766675
0.00031490631
0.0003118178
0.00030838857
0.00030460751
0.00030046508
0.00029595229
0.00029106145
0.00028578583
0.00028011981
0.0002740584
0.00026759889
0.00026073803
0.0002534733
0.00024580517
0.00023773431
0.000229263
0.00022039525
0.00021113676
0.00020149613
0.00019148376
0.0001811148
0.00017040553
0.00015938785
0.00014808102
0.00013655359
0.00012480547
0.00011302804
0.00010107678
8.9618854e-05
7.775761e-05
6.8210897e-05
5.6466152e-05
5.3204206e-05
2.6587547e-05
0.00014166033
-0.00017455199
0.00035172125
0.00034760534
0.00034428858
0.00034162997
0.00033952921
0.00033788041
0.0003365957
0.00033559181
0.00033478659
0.00033412553
0.0003335462
0.00033299732
0.00033243196
0.00033180793
0.00033108716
0.0003302354
0.00032922147
0.00032801745
0.0003265969
0.00032493905
0.00032301982
0.00032082098
0.00031832873
0.00031552383
0.00031239396
0.00030892626
0.00030510942
0.00030093371
0.00029638997
0.00029147037
0.000286168
0.00028047714
0.00027439267
0.00026791173
0.00026103099
0.00025374782
0.00024606261
0.00023797592
0.00022948994
0.00022060862
0.00021133757
0.00020168533
0.00019166223
0.00018128333
0.00017056486
0.00015953865
0.00014822391
0.00013668907
0.00012493408
0.00011314999
0.00010119266
8.972807e-05
7.7861416e-05
6.8305172e-05
5.6555079e-05
5.3287053e-05
2.6694381e-05
0.00014111018
-0.00017346134
0.00035504897
0.00035069331
0.00034715491
0.00034429108
0.0003420006
0.00034017661
0.00033872933
0.00033757492
0.00033663061
0.00033584055
0.00033514173
0.00033448208
0.00033381398
0.00033309464
0.00033228541
0.00033135152
0.00033026131
0.00032898641
0.00032750001
0.00032578088
0.00032380473
0.00032155298
0.00031901143
0.00031616071
0.00031298819
0.00030948081
0.00030562705
0.00030141698
0.00029684127
0.00029189192
0.0002865619
0.00028084532
0.00027473695
0.00026823379
0.0002613324
0.00025403008
0.00024632708
0.00023822389
0.00022972262
0.00022082713
0.00021154295
0.00020187856
0.0001918442
0.00018145488
0.00017072678
0.00015969161
0.00014836859
0.00013682599
0.00012506382
0.0001132728
0.0001013092
8.9837748e-05
7.7965585e-05
6.8399531e-05
5.6644079e-05
5.3367093e-05
2.6815458e-05
0.00014051736
-0.00017231998
0.00035847098
0.00035386934
0.00035010354
0.00034702906
0.00034454381
0.00034253991
0.00034092564
0.00033961658
0.00033852934
0.0003376067
0.00033678504
0.00033601149
0.00033523775
0.00033442038
0.00033352016
0.00033250177
0.00033133307
0.00032998523
0.00032843104
0.00032664884
0.00032461409
0.00032230782
0.0003197155
0.00031681757
0.0003136011
0.0003100528
0.00030616095
0.00030191543
0.0002973067
0.00029232664
0.00028696802
0.00028122484
0.00027509173
0.00026856554
0.00026164274
0.00025432054
0.00024659906
0.00023847871
0.00022996151
0.00022105124
0.00021175335
0.00020207626
0.00019203014
0.0001816299
0.00017089168
0.00015984714
0.00014851542
0.00013696469
0.00012519501
0.00011339673
0.00010142661
8.9948021e-05
7.8070182e-05
6.8493953e-05
5.6733057e-05
5.3444535e-05
2.6949202e-05
0.00013988415
-0.00017113031
0.00036198959
0.0003571358
0.00035313669
0.00034984594
0.00034716075
0.00034497211
0.00034318632
0.0003417184
0.00034048428
0.00033942538
0.00033847746
0.00033758681
0.00033670444
0.00033578626
0.00033479244
0.00033368713
0.00033243767
0.00033101477
0.00032939083
0.0003275437
0.00032544861
0.00032308622
0.0003204416
0.00031749504
0.00031423326
0.00031064279
0.00030671167
0.00030242957
0.00029778679
0.000292775
0.00028738685
0.00028161617
0.00027545746
0.00026890744
0.00026196247
0.00025461965
0.00024687899
0.00023874082
0.00023020705
0.00022128139
0.00021196922
0.00020227888
0.00019222045
0.00018180881
0.00017106
0.00016000561
0.00014866478
0.00013710552
0.00012532796
0.00011352209
0.00010154514
9.0059092e-05
7.8175355e-05
6.8588508e-05
5.6822018e-05
5.3519607e-05
2.7094072e-05
0.00013921289
-0.00016989457
0.00036560672
0.00036049535
0.000356257
0.00035274386
0.00034985338
0.00034747508
0.00034551315
0.00034388203
0.000342497
0.00034129807
0.00034022037
0.00033920933
0.00033821526
0.00033719341
0.00033610334
0.00033490861
0.00033357606
0.00033207594
0.0003303802
0.00032846625
0.00032630905
0.00032388887
0.0003211904
0.00031819374
0.0003148853
0.00031125137
0.00030727977
0.00030295995
0.00029828203
0.00029323751
0.00028781887
0.00028201978
0.00027583462
0.00026925995
0.00026229203
0.00025492785
0.00024716732
0.00023901064
0.00023045968
0.00022151802
0.00021219098
0.00020248682
0.00019241557
0.000181992
0.00017123212
0.00016016744
0.00014881706
0.00013724884
0.00012546303
0.00011364919
0.00010166507
9.017121e-05
7.8281315e-05
6.8683338e-05
5.6911045e-05
5.3592553e-05
2.7248761e-05
0.00013850569
-0.00016861462
0.00036932548
0.00036394939
0.00035946637
0.00035572513
0.00035262371
0.00035005071
0.0003479079
0.00034610917
0.00034456907
0.00034322625
0.00034201516
0.00034088037
0.00033977147
0.00033864301
0.00033745394
0.00033616724
0.00033474922
0.00033316963
0.00033140002
0.00032941731
0.00032719617
0.0003247165
0.00032196258
0.00031891432
0.00031555782
0.00031187911
0.00030786579
0.0003035071
0.00029879295
0.00029371466
0.00028826455
0.00028243613
0.00027622366
0.00026962351
0.00026263185
0.00025524557
0.00024746445
0.0002392886
0.00023071979
0.00022176152
0.00021241903
0.00020270049
0.00019261588
0.00018217987
0.00017140844
0.00016033299
0.00014897262
0.00013739503
0.00012560056
0.00011377835
0.00010178672
9.0284656e-05
7.8388309e-05
6.8778637e-05
5.7000287e-05
5.3663648e-05
2.7412232e-05
0.00013776427
-0.00016729185
0.00037314927
0.00036750028
0.00036276651
0.00035879144
0.00035547368
0.00035270092
0.00035037241
0.00034840153
0.00034670213
0.00034521147
0.00034386328
0.00034260129
0.00034137433
0.00034013626
0.00033884538
0.00033746408
0.00033595814
0.0003342968
0.00033245118
0.0003303977
0.00032811075
0.00032556984
0.00032275884
0.00031965745
0.00031625144
0.00031252661
0.00030847031
0.00030407155
0.00029932005
0.00029420694
0.00028872437
0.00028286569
0.000276625
0.00026999855
0.00026298235
0.00025557322
0.00024777079
0.00023957509
0.00023098778
0.00022201228
0.00021265374
0.00020292027
0.00019282176
0.0001823728
0.00017158932
0.00016050264
0.00014913182
0.00013754443
0.00012574089
0.00011390992
0.00010191041
9.0399719e-05
7.8496607e-05
6.8874628e-05
5.7089931e-05
5.373318e-05
2.7583699e-05
0.00013699002
-0.0001659272
0.00037707971
0.00037115189
0.00036615946
0.0003619452
0.00035840587
0.00035542759
0.00035290853
0.00035076087
0.00034889784
0.00034725527
0.00034576621
0.00034437347
0.00034302515
0.00034167437
0.0003402788
0.00033880021
0.00033720383
0.00033545839
0.00033353456
0.00033140826
0.00032905359
0.00032644963
0.00032357987
0.00032042379
0.0003169668
0.00031319446
0.00030909388
0.00030465384
0.00029986384
0.00029471484
0.00028919879
0.00028330889
0.00027703909
0.00027038547
0.00026334394
0.00025591119
0.00024808673
0.00023987049
0.00023126402
0.00022227067
0.0002128955
0.00020314652
0.00019303357
0.00018257115
0.00017177511
0.00016067673
0.00014929502
0.00013769738
0.00012588435
0.0001140442
0.00010203643
9.0516692e-05
7.8606484e-05
6.8971549e-05
5.7180186e-05
5.3801435e-05
2.7762606e-05
0.00038111942
0.00037490594
0.00036964797
0.00036518926
0.00036142231
0.00035823288
0.00035551816
0.00035318901
0.0003511579
0.00034935927
0.00034772545
0.00034619834
0.00034472526
0.00034325862
0.00034175538
0.00034017675
0.00033848734
0.00033665539
0.00033465109
0.00033244986
0.0003300255
0.00032735666
0.00032442641
0.00032121401
0.00031770453
0.00031388327
0.00030973708
0.00030525451
0.00030042484
0.00029523884
0.00028968828
0.00028376619
0.00027746637
0.00027078471
0.00026371703
0.00025625988
0.00024841265
0.00024017517
0.00023154889
0.00022253706
0.00021314465
0.0002033796
0.00019325165
0.00018277524
0.00017196616
0.00016085559
0.00014946253
0.00013785421
0.00012603127
0.00011418151
0.0001021651
9.0635865e-05
7.871822e-05
6.9069646e-05
5.7271277e-05
5.3868698e-05
)
;

boundaryField
{
    inlet
    {
        type            zeroGradient;
    }
    top
    {
        type            zeroGradient;
    }
    outlet
    {
        type            fixedValue;
        value           uniform 0;
    }
    slipsurface
    {
        type            slip;
    }
    bottom
    {
        type            zeroGradient;
    }
    frontandback
    {
        type            empty;
    }
    procBoundary11to9
    {
        type            processor;
        value           nonuniform List<scalar> 
30
(
0.00030076478
0.00030273621
0.00030476586
0.00030685538
0.0003090064
0.00031122064
0.00031349982
0.00031584572
0.00031826012
0.00032074489
0.00032330192
0.00032593312
0.00032864047
0.00033142599
0.00033429174
0.00033723981
0.00034027237
0.0003433916
0.00034659975
0.00034989912
0.00035329203
0.00035678087
0.00036036808
0.00036405614
0.00036784758
0.00037174497
0.00037575094
0.00037986813
0.00038409925
0.00038844704
)
;
    }
    procBoundary11to10
    {
        type            processor;
        value           nonuniform List<scalar> 
59
(
0.0002980812
0.00029791892
0.00029824632
0.0002989509
0.00029995204
0.00030116088
0.00030252311
0.00030396362
0.0003054097
0.00030683222
0.00030817725
0.00030940714
0.00031048574
0.00031138129
0.00031206511
0.00031251156
0.00031269726
0.00031260157
0.00031220478
0.00031149363
0.00031044742
0.00030905475
0.00030730897
0.0003051938
0.00030270259
0.00029982692
0.00029655926
0.00029289299
0.00028882212
0.00028434173
0.00027944769
0.00027413721
0.00026840761
0.00026225859
0.00025568864
0.0002486967
0.00024128506
0.00023345564
0.00022521198
0.0002165592
0.00020750401
0.00019805593
0.00018822618
0.00017803081
0.00016748669
0.00015662654
0.00014546986
0.00013408667
0.00012247581
0.00011083286
9.9007301e-05
8.7682142e-05
7.5934816e-05
6.6554272e-05
5.4915969e-05
5.1719905e-05
2.5467347e-05
0.00014653746
-0.00018693992
)
;
    }
    procBoundary11to14
    {
        type            processor;
        value           nonuniform List<scalar> 
61
(
0.00013618402
-0.00016452116
0.00013618402
2.7948579e-05
0.00038527117
0.00037876491
0.00037323508
0.00036852518
0.00036452494
0.00036111889
0.0003582033
0.0003556878
0.00035348407
0.00035152513
0.00034974257
0.00034807737
0.00034647605
0.00034489029
0.00034327637
0.00034159484
0.00033980976
0.00033788882
0.00033580174
0.00033352341
0.00033102733
0.00032829172
0.00032529921
0.00032202884
0.00031846531
0.00031459368
0.00031040052
0.00030587413
0.0003010036
0.00029577948
0.00029019335
0.00028423807
0.00027790727
0.0002711967
0.00026410202
0.00025661969
0.00024874895
0.00024048952
0.00023184276
0.0002228118
0.00021340154
0.00020361984
0.00019347636
0.00018298544
0.00017216281
0.00016103957
0.00014963469
0.00013801523
0.00012618196
0.00011432216
0.00010229672
9.075753e-05
7.8832097e-05
6.9169173e-05
5.7363443e-05
2.7948579e-05
5.3935243e-05
)
;
    }
}


// ************************************************************************* //
