/*--------------------------------*- C++ -*----------------------------------*\
  =========                 |
  \\      /  F ield         | OpenFOAM: The Open Source CFD Toolbox
   \\    /   O peration     | Website:  https://openfoam.org
    \\  /    A nd           | Version:  12
     \\/     M anipulation  |
\*---------------------------------------------------------------------------*/
FoamFile
{
    format      ascii;
    class       surfaceScalarField;
    location    "1500";
    object      phi;
}
// * * * * * * * * * * * * * * * * * * * * * * * * * * * * * * * * * * * * * //

dimensions      [0 3 -1 0 0 0 0];

internalField   nonuniform List<scalar> 
3441
(
0.00074444015
1.9717552e-05
0.0007446183
2.0182857e-05
0.00074478945
2.0571316e-05
0.00074495187
2.0879211e-05
0.00074510395
2.1106249e-05
0.00074524444
2.1255964e-05
0.0007453726
2.1335045e-05
0.00074548819
2.1352243e-05
0.00074559144
2.1317195e-05
0.00074568292
2.1239444e-05
0.00074576341
2.1127836e-05
0.00074583381
2.0990216e-05
0.00074589505
2.0833321e-05
0.00074594808
2.0662755e-05
0.0007459938
2.0483069e-05
0.00074603303
2.0297928e-05
0.00074606653
2.0110204e-05
0.00074609497
1.9922193e-05
0.00074611897
1.9735712e-05
0.00074613908
1.9552139e-05
0.00074615577
1.9372516e-05
0.00074616947
1.9197605e-05
0.00074618056
1.9028006e-05
0.00074618937
1.8863994e-05
0.00074619618
1.870595e-05
0.00074620127
1.855405e-05
0.00074620484
1.8408074e-05
0.0007462071
1.8268169e-05
0.00074620821
1.813431e-05
1.8006311e-05
0.00076537779
1.9531335e-05
0.00076555856
2.0002086e-05
0.00076573239
2.0397486e-05
0.00076589758
2.0714023e-05
0.00076605251
2.0951315e-05
0.00076619592
2.111255e-05
0.00076632704
2.1203931e-05
0.00076644558
2.1233698e-05
0.00076655173
2.1211042e-05
0.00076664601
2.1145164e-05
0.00076672916
2.1044687e-05
0.00076680206
2.0917323e-05
0.00076686562
2.0769753e-05
0.0007669208
2.060758e-05
0.00076696847
2.0435393e-05
0.00076700949
2.0256917e-05
0.00076704459
2.0075096e-05
0.00076707449
1.9892296e-05
0.0007670998
1.9710402e-05
0.00076712108
1.953086e-05
0.00076713882
1.9354774e-05
0.00076715347
1.9182962e-05
0.0007671654
1.9016073e-05
0.00076717495
1.8854438e-05
0.00076718244
1.8698465e-05
0.00076718813
1.8548363e-05
0.00076719223
1.8403968e-05
0.00076719497
1.8265437e-05
0.00076719651
1.813277e-05
1.8005807e-05
0.00078690453
1.9342651e-05
0.00078708787
1.9818745e-05
0.00078726435
2.0220998e-05
0.0007874323
2.0546082e-05
0.00078759008
2.0793531e-05
0.00078773643
2.0966203e-05
0.00078787052
2.1069834e-05
0.00078799206
2.1112166e-05
0.00078810115
2.1101947e-05
0.00078819828
2.1048035e-05
0.00078828415
2.0958818e-05
0.00078835961
2.0841866e-05
0.00078842557
2.0703794e-05
0.00078848295
2.0550197e-05
0.00078853265
2.0385693e-05
0.0007885755
2.0214061e-05
0.00078861229
2.0038314e-05
0.0007886437
1.9860887e-05
0.00078867037
1.9683731e-05
0.00078869287
1.9508359e-05
0.00078871171
1.9335936e-05
0.00078872733
1.9167339e-05
0.00078874014
1.9003265e-05
0.00078875048
1.88441e-05
0.00078875866
1.8690281e-05
0.00078876497
1.8542053e-05
0.00078876963
1.8399304e-05
0.00078877286
1.8262207e-05
0.00078877485
1.8130783e-05
1.8004902e-05
0.00080903699
1.9151572e-05
0.00080922285
1.9632883e-05
0.00080940196
2.0041884e-05
0.00080957264
2.0375407e-05
0.00080973327
2.0632901e-05
0.00080988256
2.0816914e-05
0.00081001966
2.0932733e-05
0.00081014421
2.0987615e-05
0.00081025629
2.0989868e-05
0.00081035632
2.0948005e-05
0.00081044497
2.0870169e-05
0.00081052305
2.0763781e-05
0.00081059147
2.0635378e-05
0.00081065113
2.0490537e-05
0.00081070292
2.03339e-05
0.00081074769
2.0169293e-05
0.00081078621
1.9999795e-05
0.00081081919
1.9827906e-05
0.00081084728
1.9655643e-05
0.00081087106
1.9484583e-05
0.00081089104
1.9315955e-05
0.00081090768
1.9150693e-05
0.00081092141
1.8989541e-05
0.00081093256
1.8832945e-05
0.00081094147
1.8681367e-05
0.00081094844
1.8535092e-05
0.00081095368
1.839406e-05
0.00081095743
1.8258457e-05
0.00081095988
1.8128332e-05
1.8003582e-05
0.0008317922
1.8958179e-05
0.00083198052
1.9444558e-05
0.00083216222
1.9860181e-05
0.00083233561
2.0202018e-05
0.00083249908
2.0469435e-05
0.00083265131
2.066468e-05
0.00083279143
2.0792612e-05
0.00083291903
2.0860016e-05
0.00083303414
2.0874765e-05
0.00083313712
2.0845023e-05
0.0008332286
2.0778682e-05
0.00083330938
2.0683003e-05
0.00083338033
2.0564435e-05
0.00083344233
2.0428529e-05
0.00083349629
2.0279944e-05
0.00083354304
2.0122545e-05
0.00083358336
1.9959473e-05
0.00083361798
1.9793291e-05
0.00083364754
1.9626078e-05
0.00083367264
1.9459478e-05
0.00083369382
1.9294781e-05
0.00083371154
1.9132977e-05
0.00083372622
1.8974861e-05
0.00083373823
1.8820934e-05
0.0008337479
1.867169e-05
0.00083375555
1.852745e-05
0.0008337614
1.8388207e-05
0.00083376569
1.8254165e-05
0.00083376862
1.8125397e-05
1.8001828e-05
0.00085518774
1.8762556e-05
0.00085537846
1.9253833e-05
0.00085556271
1.9675934e-05
0.00085573879
2.0025943e-05
0.00085590508
2.0303144e-05
0.00085606026
2.0509501e-05
0.00085620341
2.0649459e-05
0.00085633408
2.0729344e-05
0.00085645224
2.0756601e-05
0.00085655823
2.0739042e-05
0.00085665261
2.06843e-05
0.00085673614
2.0599468e-05
0.00085680968
2.0490898e-05
0.00085687411
2.0364104e-05
0.0008569303
2.0223752e-05
0.0008569791
2.0073746e-05
0.00085702129
1.9917278e-05
0.00085705761
1.9756974e-05
0.00085708871
1.9594975e-05
0.0008571152
1.9432986e-05
0.00085713763
1.9272359e-05
0.00085715646
1.9114141e-05
0.00085717214
1.8959178e-05
0.00085718505
1.8808026e-05
0.00085719553
1.8661212e-05
0.00085720389
1.8519094e-05
0.00085721038
1.8381718e-05
0.00085721524
1.8249305e-05
0.00085721868
1.8121954e-05
1.7999622e-05
0.00087924162
1.8564796e-05
0.00087943467
1.9060776e-05
0.00087962142
1.948919e-05
0.00087980015
1.9847214e-05
0.00087996924
2.0134048e-05
0.00088012736
2.0351382e-05
0.00088027356
2.0503265e-05
0.00088040732
2.0595578e-05
0.00088052858
2.063534e-05
0.00088063761
2.0630014e-05
0.00088073494
2.0586968e-05
0.0008808213
2.0513113e-05
0.0008808975
2.0414697e-05
0.00088096441
2.0297188e-05
0.00088102291
2.0165253e-05
0.00088107384
2.0022822e-05
0.00088111797
1.987314e-05
0.00088115606
1.9718888e-05
0.00088118877
1.9562267e-05
0.00088121671
1.9405044e-05
0.00088124044
1.9248631e-05
0.00088126045
1.9094133e-05
0.00088127718
1.8942444e-05
0.00088129103
1.8794177e-05
0.00088130235
1.8649892e-05
0.00088131145
1.8509987e-05
0.00088131861
1.8374558e-05
0.00088132407
1.8243846e-05
0.00088132805
1.8117978e-05
1.7996939e-05
0.00090397241
1.8364994e-05
0.00090416772
1.8865463e-05
0.00090435691
1.9300006e-05
0.00090453825
1.9665871e-05
0.00090471013
1.996217e-05
0.00090487118
2.0190333e-05
0.00090502042
2.0354026e-05
0.0009051573
2.0458698e-05
0.00090528169
2.0510952e-05
0.0009053938
2.0517897e-05
0.00090549414
2.048663e-05
0.00090558338
2.0423876e-05
0.00090566231
2.0335765e-05
0.00090573179
2.0227711e-05
0.00090579267
2.0104372e-05
0.00090584579
1.9969701e-05
0.00090589195
1.9826986e-05
0.00090593187
1.9678962e-05
0.00090596625
1.9527888e-05
0.0009059957
1.937559e-05
0.0009060208
1.9223538e-05
0.00090604203
1.9072896e-05
0.00090605987
1.8924608e-05
0.00090607471
1.8779339e-05
0.00090608691
1.8637689e-05
0.00090609681
1.8500091e-05
0.00090610467
1.8366692e-05
0.00090611076
1.8237758e-05
0.0009061153
1.8113441e-05
1.7993755e-05
0.00092939918
1.8163253e-05
0.00092959667
1.8667974e-05
0.00092978823
1.9108442e-05
0.00092997214
1.9481957e-05
0.00093014677
1.9787539e-05
0.00093031074
2.0026368e-05
0.00093046302
2.0201742e-05
0.00093060303
2.031869e-05
0.00093073058
2.0383407e-05
0.00093084582
2.0402649e-05
0.00093094922
2.0383236e-05
0.0009310414
2.0331696e-05
0.00093112313
2.0254034e-05
0.00093119524
2.01556e-05
0.00093125858
2.0041035e-05
0.00093131397
1.9914306e-05
0.00093136222
1.9778741e-05
0.00093140406
1.9637124e-05
0.00093144018
1.9491767e-05
0.00093147121
1.9344556e-05
0.00093149773
1.9197018e-05
0.00093152026
1.9050372e-05
0.00093153925
1.8905613e-05
0.00093155513
1.8763462e-05
0.00093156826
1.8624554e-05
0.00093157899
1.8489362e-05
0.0009315876
1.8358083e-05
0.00093159435
1.8231006e-05
0.00093159948
1.8108311e-05
1.7990043e-05
0.00095554154
1.7959682e-05
0.00095574112
1.8468397e-05
0.000955935
1.8914566e-05
0.00095612143
1.9295522e-05
0.00095629878
1.9610188e-05
0.00095646564
1.9859505e-05
0.00095662097
2.0046416e-05
0.00095676411
2.0175545e-05
0.00095689484
2.0252683e-05
0.00095701326
2.0284233e-05
0.00095711976
2.0276735e-05
0.00095721494
2.0236513e-05
0.00095729954
2.0169437e-05
0.00095737435
2.0080783e-05
0.00095744022
1.9975166e-05
0.00095749796
1.9856562e-05
0.00095754838
1.972833e-05
0.0009575922
1.9593299e-05
0.00095763014
1.9453833e-05
0.00095766282
1.9311873e-05
0.00095769083
1.9169003e-05
0.00095771471
1.9026499e-05
0.00095773491
1.8885404e-05
0.00095775188
1.8746493e-05
0.000957766
1.861044e-05
0.00095777761
1.8477755e-05
0.000957787
1.8348689e-05
0.00095779445
1.8223552e-05
0.00095780021
1.8102554e-05
1.7985771e-05
0.00098241966
1.7754393e-05
0.00098262124
1.8266824e-05
0.00098281735
1.8718452e-05
0.00098300625
1.9106621e-05
0.00098318628
1.9430158e-05
0.00098335602
1.968977e-05
0.00098351437
1.988806e-05
0.00098366066
2.0029257e-05
0.00098379459
2.0118758e-05
0.0009839162
2.0162614e-05
0.00098402586
2.0167081e-05
0.0009841241
2.0138271e-05
0.00098421163
2.008191e-05
0.00098428922
2.000319e-05
0.0009843577
1.9906692e-05
0.00098441787
1.9796391e-05
0.00098447052
1.9675675e-05
0.00098451641
1.9547411e-05
0.00098455623
1.9414011e-05
0.00098459063
1.927747e-05
0.00098462021
1.9139428e-05
0.0009846455
1.9001213e-05
0.00098466698
1.8863919e-05
0.0009846851
1.8728375e-05
0.00098470024
1.8595293e-05
0.00098471278
1.8465224e-05
0.000984723
1.8338465e-05
0.0009847312
1.8215356e-05
0.00098473762
1.8096134e-05
1.7980906e-05
0.0010100543
1.7547505e-05
0.0010102577
1.8063354e-05
0.001010456
1.8520178e-05
0.0010106473
1.8915316e-05
0.00101083
1.9247494e-05
0.0010110025
1.9517192e-05
0.0010111639
1.9726687e-05
0.0010113133
1.9879825e-05
0.0010114505
1.9981616e-05
0.0010115753
2.0037762e-05
0.0010116882
2.0054231e-05
0.0010117895
2.0036915e-05
0.0010118801
1.9991388e-05
0.0010119605
1.9922749e-05
0.0010120317
1.9835537e-05
0.0010120943
1.9733717e-05
0.0010121493
1.9620698e-05
0.0010121973
1.9499382e-05
0.0010122391
1.9372226e-05
0.0010122753
1.9241274e-05
0.0010123065
1.9108221e-05
0.0010123333
1.8974447e-05
0.0010123561
1.8841096e-05
0.0010123754
1.870905e-05
0.0010123917
1.857906e-05
0.0010124052
1.8451716e-05
0.0010124163
1.8327366e-05
0.0010124253
1.8206376e-05
0.0010124324
1.8089012e-05
1.7975414e-05
0.0010384666
1.7339138e-05
0.0010386719
1.7858091e-05
0.0010388723
1.8319829e-05
0.0010390659
1.8721675e-05
0.0010392511
1.9062248e-05
0.0010394265
1.9341808e-05
0.0010395909
1.9562318e-05
0.0010397435
1.9727254e-05
0.0010398838
1.9841247e-05
0.0010400119
1.9909651e-05
0.001040128
1.9938144e-05
0.0010402326
1.9932393e-05
0.0010403261
1.989781e-05
0.0010404095
1.9839392e-05
0.0010404834
1.9761626e-05
0.0010405487
1.9668462e-05
0.001040606
1.956332e-05
0.0010406563
1.9449134e-05
0.0010407001
1.9328399e-05
0.0010407382
1.920321e-05
0.0010407711
1.907531e-05
0.0010407994
1.8946133e-05
0.0010408236
1.8816871e-05
0.0010408442
1.8688457e-05
0.0010408616
1.8561683e-05
0.0010408761
1.8437179e-05
0.0010408882
1.8315342e-05
0.001040898
1.8196565e-05
0.0010409058
1.8081146e-05
1.7969256e-05
0.0010676787
1.7129418e-05
0.0010678857
1.7651144e-05
0.001068088
1.8117498e-05
0.0010682839
1.8525772e-05
0.0010684717
1.8874476e-05
0.0010686499
1.9163659e-05
0.0010688172
1.9394978e-05
0.0010689729
1.9571553e-05
0.0010691165
1.9697642e-05
0.0010692479
1.9778258e-05
0.0010693673
1.9818784e-05
0.001069475
1.9824655e-05
0.0010695717
1.9801115e-05
0.001069658
1.9753051e-05
0.0010697348
1.9684886e-05
0.0010698027
1.9600548e-05
0.0010698625
1.9503462e-05
0.0010699151
1.9396586e-05
0.001069961
1.9282453e-05
0.001070001
1.91632e-05
0.0010700357
1.9040621e-05
0.0010700657
1.8916199e-05
0.0010700914
1.8791174e-05
0.0010701133
1.8666531e-05
0.0010701319
1.8543102e-05
0.0010701475
1.8421557e-05
0.0010701605
1.830234e-05
0.0010701712
1.8185876e-05
0.0010701798
1.8072492e-05
1.796239e-05
0.0010977131
1.6918474e-05
0.0010979216
1.7442625e-05
0.0010981259
1.7913279e-05
0.0010983239
1.8327686e-05
0.0010985142
1.8684243e-05
0.001098695
1.8982792e-05
0.0010988653
1.9224699e-05
0.0010990241
1.9412736e-05
0.001099171
1.9550801e-05
0.0010993057
1.9643565e-05
0.0010994283
1.9696117e-05
0.0010995393
1.9713655e-05
0.0010996392
1.9701247e-05
0.0010997286
1.9663659e-05
0.0010998082
1.9605244e-05
0.0010998789
1.9529897e-05
0.0010999413
1.9441043e-05
0.0010999962
1.9341658e-05
0.0011000444
1.9234306e-05
0.0011000864
1.9121166e-05
0.001100123
1.9004077e-05
0.0011001546
1.8884571e-05
0.0011001818
1.8763937e-05
0.0011002051
1.8643207e-05
0.001100225
1.8523255e-05
0.0011002418
1.8404791e-05
0.0011002558
1.8288307e-05
0.0011002674
1.8174259e-05
0.0011002769
1.8063003e-05
1.7954775e-05
0.0011285929
1.6706438e-05
0.0011288029
1.7232653e-05
0.0011290089
1.7707275e-05
0.001129209
1.8127502e-05
0.0011294017
1.8491617e-05
0.0011295852
1.8799261e-05
0.0011297584
1.9051518e-05
0.0011299203
1.9250825e-05
0.0011300704
1.9400728e-05
0.0011302084
1.950556e-05
0.0011303344
1.9570116e-05
0.0011304487
1.9599352e-05
0.0011305518
1.9598152e-05
0.0011306443
1.9571153e-05
0.0011307269
1.9522628e-05
0.0011308004
1.9456433e-05
0.0011308654
1.9375984e-05
0.0011309228
1.9284268e-05
0.0011309732
1.9183877e-05
0.0011310174
1.9077026e-05
0.0011310559
1.8965599e-05
0.0011310893
1.8851175e-05
0.0011311181
1.8735086e-05
0.0011311429
1.8618415e-05
0.0011311641
1.8502076e-05
0.001131182
1.838682e-05
0.0011311972
1.8273186e-05
0.0011312098
1.8161659e-05
0.0011312201
1.8052629e-05
1.7946363e-05
0.0011603419
1.6493443e-05
0.0011605532
1.7021349e-05
0.0011607609
1.7499593e-05
0.0011609631
1.7925312e-05
0.001161158
1.8296675e-05
0.0011613442
1.8613125e-05
0.0011615202
1.8875478e-05
0.0011616852
1.9085846e-05
0.0011618385
1.9247431e-05
0.0011619798
1.9364235e-05
0.0011621092
1.9440756e-05
0.0011622268
1.9481706e-05
0.0011623332
1.9491777e-05
0.0011624289
1.9475469e-05
0.0011625145
1.9436968e-05
0.0011625909
1.938008e-05
0.0011626586
1.9308203e-05
0.0011627186
1.9224334e-05
0.0011627714
1.9131082e-05
0.0011628177
1.90307e-05
0.0011628582
1.8925109e-05
0.0011628934
1.8815932e-05
0.001162924
1.8704548e-05
0.0011629503
1.8592085e-05
0.0011629729
1.84795e-05
0.0011629921
1.8367582e-05
0.0011630084
1.8256916e-05
0.001163022
1.8148022e-05
0.0011630333
1.8041319e-05
1.7937108e-05
0.0011929846
1.6279626e-05
0.0011931971
1.6808839e-05
0.0011934064
1.7290344e-05
0.0011936105
1.7721213e-05
0.0011938077
1.8099496e-05
0.0011939963
1.8424451e-05
0.0011941752
1.8696629e-05
0.0011943432
1.8917832e-05
0.0011944997
1.9090926e-05
0.0011946443
1.9219588e-05
0.0011947771
1.930802e-05
0.0011948981
1.9360683e-05
0.0011950078
1.9382075e-05
0.0011951067
1.937655e-05
0.0011951955
1.9348195e-05
0.0011952748
1.9300762e-05
0.0011953454
1.9237623e-05
0.001195408
1.9161773e-05
0.0011954632
1.907584e-05
0.0011955118
1.8982103e-05
0.0011955544
1.8882522e-05
0.0011955915
1.8778763e-05
0.0011956239
1.8672245e-05
0.0011956518
1.8564143e-05
0.0011956758
1.8455455e-05
0.0011956964
1.8347009e-05
0.0011957139
1.8239436e-05
0.0011957286
1.8133289e-05
0.0011957409
1.8029018e-05
1.7926958e-05
0.0012265463
1.6065122e-05
0.0012267598
1.6595252e-05
0.0012269705
1.7079645e-05
0.0012271764
1.7515306e-05
0.0012273758
1.790017e-05
0.0012275669
1.8233309e-05
0.0012277485
1.8515027e-05
0.0012279195
1.8746821e-05
0.0012280792
1.8931235e-05
0.0012282272
1.9071622e-05
0.0012283633
1.9171892e-05
0.0012284877
1.9236254e-05
0.0012286008
1.9269002e-05
0.001228703
1.9274338e-05
0.001228795
1.9256244e-05
0.0012288773
1.9218406e-05
0.0012289508
1.9164163e-05
0.0012290161
1.9096503e-05
0.0012290738
1.9018065e-05
0.0012291248
1.8931152e-05
0.0012291696
1.8837757e-05
0.0012292087
1.8739586e-05
0.0012292429
1.8638098e-05
0.0012292725
1.8534513e-05
0.0012292981
1.8429869e-05
0.0012293201
1.8325034e-05
0.0012293388
1.8220682e-05
0.0012293547
1.8117399e-05
0.0012293681
1.801567e-05
1.7915861e-05
0.0012610527
1.5850071e-05
0.0012612672
1.6380717e-05
0.0012614792
1.6867615e-05
0.0012616868
1.7307699e-05
0.0012618882
1.7698788e-05
0.0012620817
1.8039779e-05
0.001262266
1.8330733e-05
0.00126244
1.8572859e-05
0.0012626029
1.8768384e-05
0.0012627541
1.8920347e-05
0.0012628937
1.9032365e-05
0.0012630215
1.9108393e-05
0.001263138
1.9152518e-05
0.0012632436
1.9168781e-05
0.0012633387
1.9161051e-05
0.0012634242
1.9132939e-05
0.0012635006
1.9087744e-05
0.0012635687
1.9028441e-05
0.0012636291
1.8957672e-05
0.0012636825
1.8877761e-05
0.0012637295
1.8790729e-05
0.0012637708
1.8698318e-05
0.0012638068
1.8602027e-05
0.0012638382
1.8503118e-05
0.0012638654
1.8402668e-05
0.0012638889
1.8301585e-05
0.001263909
1.8200585e-05
0.0012639261
1.8100289e-05
0.0012639406
1.8001214e-05
1.790376e-05
0.0012965305
1.5634608e-05
0.0012967458
1.6165368e-05
0.0012969591
1.6654379e-05
0.0012971683
1.7098503e-05
0.0012973716
1.749545e-05
0.0012975674
1.7843944e-05
0.0012977544
1.8143816e-05
0.0012979312
1.8395998e-05
0.0012980972
1.8602408e-05
0.0012982518
1.8765778e-05
0.0012983947
1.8889436e-05
0.001298526
1.8977082e-05
0.0012986459
1.9032588e-05
0.0012987549
1.905983e-05
0.0012988534
1.9062556e-05
0.001298942
1.9044292e-05
0.0012990215
1.9008291e-05
0.0012990924
1.8957506e-05
0.0012991555
1.8894577e-05
0.0012992114
1.8821843e-05
0.0012992608
1.874135e-05
0.0012993043
1.8654874e-05
0.0012993423
1.8563948e-05
0.0012993756
1.8469877e-05
0.0012994045
1.8373775e-05
0.0012994295
1.8276588e-05
0.001299451
1.8179077e-05
0.0012994694
1.8081894e-05
0.001299485
1.798559e-05
1.7890599e-05
0.001333007
1.5418871e-05
0.0013332231
1.5949339e-05
0.0013334374
1.6440062e-05
0.0013336481
1.6887835e-05
0.0013338533
1.7290258e-05
0.0013340513
1.7645893e-05
0.0013342408
1.7954352e-05
0.0013344205
1.8216294e-05
0.0013345895
1.8433346e-05
0.0013347474
1.8607938e-05
0.0013348937
1.8743109e-05
0.0013350285
1.8842305e-05
0.0013351519
1.8909181e-05
0.0013352643
1.894744e-05
0.0013353661
1.8960699e-05
0.001335458
1.8952397e-05
0.0013355406
1.8925728e-05
0.0013356145
1.8883616e-05
0.0013356804
1.8828695e-05
0.0013357389
1.8763312e-05
0.0013357907
1.8689535e-05
0.0013358364
1.8609167e-05
0.0013358766
1.8523778e-05
0.0013359118
1.8434708e-05
0.0013359424
1.8343111e-05
0.001335969
1.8249969e-05
0.001335992
1.8156084e-05
0.0013360118
1.8062145e-05
0.0013360286
1.7968733e-05
1.7876315e-05
0.0013705105
1.5202996e-05
0.0013707271
1.5732765e-05
0.0013709424
1.6224794e-05
0.0013711544
1.6675815e-05
0.0013713613
1.7083323e-05
0.0013715615
1.7445724e-05
0.0013717534
1.776242e-05
0.0013719359
1.8033814e-05
0.001372108
1.8261247e-05
0.0013722691
1.8446854e-05
0.0013724188
1.8593394e-05
0.001372557
1.8704054e-05
0.001372684
1.8782272e-05
0.0013727998
1.883157e-05
0.0013729051
1.8855429e-05
0.0013730003
1.8857188e-05
0.001373086
1.883998e-05
0.001373163
1.8806691e-05
0.0013732317
1.8759942e-05
0.001373293
1.8702081e-05
0.0013733473
1.8635194e-05
0.0013733954
1.856111e-05
0.0013734377
1.8481428e-05
0.0013734749
1.8397526e-05
0.0013735074
1.8310594e-05
0.0013735357
1.8221649e-05
0.0013735603
1.8131533e-05
0.0013735814
1.8040971e-05
0.0013735996
1.7950575e-05
1.7860847e-05
0.0014090698
1.4987117e-05
0.0014092868
1.5515782e-05
0.0014095028
1.6008708e-05
0.0014097161
1.6462566e-05
0.0014099247
1.6874757e-05
0.0014101268
1.7243537e-05
0.0014103212
1.7568108e-05
0.0014105063
1.7848629e-05
0.0014106814
1.8086164e-05
0.0014108457
1.8282564e-05
0.0014109988
1.8440308e-05
0.0014111405
1.8562329e-05
0.001411271
1.8651841e-05
0.0014113904
1.8712184e-05
0.0014114991
1.8746694e-05
0.0014115977
1.8758605e-05
0.0014116867
1.8750978e-05
0.0014117667
1.8726654e-05
0.0014118384
1.8688233e-05
0.0014119024
1.8638063e-05
0.0014119594
1.857824e-05
0.0014120099
1.8510614e-05
0.0014120545
1.8436812e-05
0.0014120938
1.8358246e-05
0.0014121282
1.827614e-05
0.0014121583
1.8191546e-05
0.0014121845
1.8105346e-05
0.0014122072
1.8018298e-05
0.0014122267
1.7931047e-05
1.7844127e-05
0.0014487146
1.4771367e-05
0.0014489318
1.5298524e-05
0.0014491486
1.5791935e-05
0.001449363
1.6248216e-05
0.001449573
1.6664678e-05
0.0014497771
1.7039438e-05
0.0014499737
1.7371509e-05
0.0014501615
1.7660815e-05
0.0014503396
1.7908157e-05
0.001450507
1.8115107e-05
0.0014506634
1.8283873e-05
0.0014508086
1.8417132e-05
0.0014509426
1.8517874e-05
0.0014510655
1.8589251e-05
0.0014511778
1.8634449e-05
0.0014512798
1.865659e-05
0.0014513721
1.8658651e-05
0.0014514554
1.8643426e-05
0.0014515301
1.8613487e-05
0.001451597
1.8571171e-05
0.0014516567
1.8518582e-05
0.0014517097
1.8457588e-05
0.0014517567
1.838984e-05
0.0014517981
1.8316779e-05
0.0014518346
1.8239663e-05
0.0014518666
1.8159578e-05
0.0014518945
1.8077443e-05
0.0014519187
1.799405e-05
0.0014519397
1.7910076e-05
1.7826088e-05
0.0014894755
1.4555875e-05
0.0014896929
1.5081127e-05
0.0014899102
1.557461e-05
0.0014901255
1.6032895e-05
0.001490337
1.6453209e-05
0.0014905429
1.683354e-05
0.0014907417
1.7172722e-05
0.0014909321
1.7470458e-05
0.0014911129
1.7727294e-05
0.0014912835
1.7944535e-05
0.0014914432
1.812412e-05
0.0014915919
1.8268474e-05
0.0014917294
1.8380363e-05
0.0014918559
1.8462747e-05
0.0014919717
1.8518654e-05
0.0014920772
1.8551087e-05
0.0014921729
1.8562935e-05
0.0014922594
1.8556934e-05
0.0014923373
1.8535621e-05
0.0014924071
1.8501319e-05
0.0014924696
1.8456133e-05
0.0014925252
1.8401942e-05
0.0014925747
1.834042e-05
0.0014926184
1.8273036e-05
0.001492657
1.8201076e-05
0.0014926909
1.812566e-05
0.0014927206
1.8047743e-05
0.0014927465
1.7968149e-05
0.001492769
1.7887588e-05
1.7806659e-05
0.0015313839
1.4340768e-05
0.0015316013
1.4863724e-05
0.0015318191
1.5356867e-05
0.0015320352
1.5816734e-05
0.001532248
1.6240475e-05
0.0015324556
1.6625959e-05
0.0015326564
1.6971852e-05
0.0015328492
1.7277647e-05
0.0015330329
1.754365e-05
0.0015332065
1.7770903e-05
0.0015333695
1.7961086e-05
0.0015335216
1.8116375e-05
0.0015336627
1.8239309e-05
0.0015337928
1.8332652e-05
0.0015339122
1.8399274e-05
0.0015340212
1.8442046e-05
0.0015341204
1.8463768e-05
0.0015342102
1.8467105e-05
0.0015342913
1.8454556e-05
0.0015343642
1.8428422e-05
0.0015344295
1.8390802e-05
0.0015344879
1.8343585e-05
0.0015345398
1.8288462e-05
0.0015345859
1.8226925e-05
0.0015346267
1.8160289e-05
0.0015346627
1.8089705e-05
0.0015346943
1.801616e-05
0.0015347219
1.7940513e-05
0.001534746
1.7863504e-05
1.7785764e-05
0.0015744722
1.4126168e-05
0.0015746895
1.4646446e-05
0.0015749075
1.5138842e-05
0.0015751244
1.5599866e-05
0.0015753382
1.6026604e-05
0.0015755474
1.6416815e-05
0.0015757502
1.6769009e-05
0.0015759454
1.7082481e-05
0.0015761317
1.7357304e-05
0.0015763084
1.7594275e-05
0.0015764746
1.7794815e-05
0.0015766302
1.7960858e-05
0.0015767748
1.8094715e-05
0.0015769085
1.8198954e-05
0.0015770314
1.8276277e-05
0.0015771441
1.8329424e-05
0.0015772467
1.8361091e-05
0.00157734
1.8373871e-05
0.0015774243
1.8370214e-05
0.0015775004
1.8352394e-05
0.0015775687
1.8322501e-05
0.0015776298
1.8282426e-05
0.0015776844
1.8233872e-05
0.001577733
1.8178353e-05
0.001577776
1.8117211e-05
0.0015778141
1.8051622e-05
0.0015778477
1.7982609e-05
0.0015778771
1.7911059e-05
0.0015779029
1.7837745e-05
1.7763329e-05
0.0016187735
1.3912194e-05
0.0016189906
1.4429422e-05
0.0016192087
1.4920668e-05
0.0016194262
1.5382426e-05
0.001619641
1.5811728e-05
0.0016198516
1.6206234e-05
0.0016200563
1.6564308e-05
0.0016202537
1.688506e-05
0.0016204427
1.7168346e-05
0.0016206223
1.7414721e-05
0.0016207917
1.7625361e-05
0.0016209506
1.7801956e-05
0.0016210987
1.7946596e-05
0.001621236
1.8061647e-05
0.0016213627
1.8149641e-05
0.0016214789
1.8213179e-05
0.0016215852
1.825485e-05
0.0016216819
1.8277165e-05
0.0016217696
1.828252e-05
0.0016218488
1.8273155e-05
0.0016219202
1.8251143e-05
0.0016219842
1.8218374e-05
0.0016220415
1.8176558e-05
0.0016220927
1.8127228e-05
0.0016221381
1.8071748e-05
0.0016221784
1.8011321e-05
0.001622214
1.7946999e-05
0.0016222454
1.7879701e-05
0.0016222729
1.7810228e-05
0.001622297
1.7739273e-05
1.7667415e-05
0.001664322
1.3698962e-05
0.0016645387
1.4212779e-05
0.0016647569
1.4702477e-05
0.0016649747
1.516455e-05
0.0016651905
1.5595981e-05
0.0016654024
1.5994343e-05
0.0016656088
1.6357868e-05
0.0016658084
1.6685495e-05
0.0016659999
1.697687e-05
0.0016661823
1.7232319e-05
0.0016663548
1.7452781e-05
0.0016665171
1.7639709e-05
0.0016666687
1.779497e-05
0.0016668096
1.792073e-05
0.0016669399
1.8019347e-05
0.0016670598
1.8093278e-05
0.0016671697
1.8144995e-05
0.0016672699
1.8176926e-05
0.001667361
1.8191402e-05
0.0016674436
1.8190623e-05
0.0016675181
1.8176641e-05
0.0016675851
1.8151337e-05
0.0016676452
1.8116427e-05
0.001667699
1.8073456e-05
0.001667747
1.8023807e-05
0.0016677896
1.7968708e-05
0.0016678273
1.790924e-05
0.0016678607
1.7846349e-05
0.00166789
1.7780867e-05
0.0016679158
1.7713514e-05
1.7644901e-05
0.0017111528
1.3486582e-05
0.001711369
1.3996638e-05
0.001711587
1.4484402e-05
0.0017118052
1.4946371e-05
0.0017120217
1.5379496e-05
0.0017122348
1.5781273e-05
0.0017124428
1.6149815e-05
0.0017126444
1.6483897e-05
0.0017128383
1.6782975e-05
0.0017130235
1.7047154e-05
0.0017131991
1.7277142e-05
0.0017133647
1.7474164e-05
0.0017135198
1.7639866e-05
0.0017136643
1.7776212e-05
0.0017137983
1.7885385e-05
0.0017139218
1.7969691e-05
0.0017140354
1.8031484e-05
0.0017141392
1.8073096e-05
0.0017142338
1.809679e-05
0.0017143197
1.8104721e-05
0.0017143974
1.8098909e-05
0.0017144675
1.8081225e-05
0.0017145306
1.8053384e-05
0.0017145871
1.801694e-05
0.0017146376
1.7973292e-05
0.0017146826
1.7923689e-05
0.0017147226
1.7869239e-05
0.0017147581
1.7810914e-05
0.0017147894
1.7749575e-05
0.0017148169
1.768597e-05
1.7620738e-05
0.001759302
1.3275159e-05
0.0017595175
1.3781121e-05
0.0017597353
1.4266571e-05
0.0017599537
1.4728025e-05
0.0017601708
1.516241e-05
0.0017603849
1.5567158e-05
0.0017605944
1.5940275e-05
0.0017607979
1.6280387e-05
0.0017609941
1.6586768e-05
0.001761182
1.6859317e-05
0.0017613606
1.709852e-05
0.0017615294
1.7305377e-05
0.0017616879
1.7481319e-05
0.001761836
1.7628109e-05
0.0017619737
1.774775e-05
0.001762101
1.7842397e-05
0.0017622182
1.7914277e-05
0.0017623257
1.7965623e-05
0.0017624238
1.7998621e-05
0.0017625132
1.8015373e-05
0.0017625942
1.8017865e-05
0.0017626675
1.800795e-05
0.0017627335
1.7987337e-05
0.0017627929
1.7957585e-05
0.0017628461
1.7920106e-05
0.0017628936
1.7876168e-05
0.0017629359
1.78269e-05
0.0017629735
1.7773303e-05
0.0017630069
1.7716261e-05
0.0017630363
1.7656551e-05
1.7594842e-05
0.0018088066
1.3064794e-05
0.0018090214
1.3566341e-05
0.0018092389
1.4049111e-05
0.0018094573
1.4509645e-05
0.0018096748
1.494486e-05
0.0018098898
1.5352135e-05
0.0018101007
1.572938e-05
0.001810306
1.6075088e-05
0.0018105044
1.6388361e-05
0.0018106948
1.6668906e-05
0.0018108764
1.6916994e-05
0.0018110483
1.713341e-05
0.0018112103
1.7319371e-05
0.0018113619
1.7476442e-05
0.0018115033
1.7606445e-05
0.0018116343
1.7711381e-05
0.0018117552
1.7793342e-05
0.0018118664
1.7854457e-05
0.0018119682
1.7896832e-05
0.001812061
1.7922507e-05
0.0018121455
1.7933428e-05
0.001812222
1.7931425e-05
0.0018122911
1.7918195e-05
0.0018123534
1.7895297e-05
0.0018124094
1.7864154e-05
0.0018124595
1.7826048e-05
0.0018125043
1.7782128e-05
0.0018125441
1.773342e-05
0.0018125796
1.7680833e-05
0.001812611
1.7625169e-05
1.7567127e-05
0.0018597049
1.2855581e-05
0.0018599188
1.335241e-05
0.0018601358
1.3832144e-05
0.0018603541
1.4291362e-05
0.0018605719
1.4726982e-05
0.0018607877
1.513634e-05
0.0018609998
1.5517264e-05
0.0018612068
1.5868127e-05
0.0018614073
1.6187873e-05
0.0018616002
1.6476025e-05
0.0018617845
1.6732654e-05
0.0018619596
1.6958333e-05
0.0018621249
1.7154074e-05
0.0018622801
1.7321243e-05
0.0018624251
1.7461482e-05
0.0018625598
1.7576632e-05
0.0018626845
1.7668652e-05
0.0018627994
1.7739558e-05
0.0018629049
1.7791367e-05
0.0018630013
1.7826055e-05
0.0018630892
1.7845521e-05
0.0018631691
1.7851563e-05
0.0018632414
1.7845864e-05
0.0018633067
1.782998e-05
0.0018633655
1.7805337e-05
0.0018634184
1.7773229e-05
0.0018634657
1.7734825e-05
0.0018635079
1.7691169e-05
0.0018635455
1.7643196e-05
0.001863579
1.7591732e-05
1.7537502e-05
0.0019120359
1.2647611e-05
0.0019122489
1.3139435e-05
0.0019124653
1.361579e-05
0.0019126833
1.4073307e-05
0.0019129014
1.4508911e-05
0.0019131178
1.4919911e-05
0.001913331
1.5304065e-05
0.0019135395
1.5659636e-05
0.0019137419
1.5985426e-05
0.0019139372
1.6280785e-05
0.0019141242
1.6545594e-05
0.0019143024
1.6780225e-05
0.0019144709
1.6985486e-05
0.0019146296
1.716255e-05
0.0019147782
1.7312879e-05
0.0019149167
1.7438152e-05
0.0019150452
1.7540188e-05
0.0019151638
1.7620888e-05
0.001915273
1.7682175e-05
0.0019153731
1.7725953e-05
0.0019154646
1.7754067e-05
0.0019155479
1.7768282e-05
0.0019156235
1.7770257e-05
0.0019156919
1.7761541e-05
0.0019157537
1.7743558e-05
0.0019158093
1.7717614e-05
0.0019158593
1.7684891e-05
0.001915904
1.7646452e-05
0.0019159439
1.7603253e-05
0.0019159795
1.7556145e-05
1.7505877e-05
0.0019658401
1.2440967e-05
0.001966052
1.2927515e-05
0.0019662676
1.3400166e-05
0.0019664853
1.3855605e-05
0.0019667035
1.4290782e-05
0.0019669204
1.4702987e-05
0.0019671345
1.508992e-05
0.0019673444
1.544975e-05
0.0019675487
1.5781148e-05
0.0019677462
1.6083303e-05
0.0019679359
1.6355918e-05
0.0019681169
1.6599171e-05
0.0019682887
1.6813675e-05
0.0019684509
1.7000411e-05
0.0019686031
1.7160663e-05
0.0019687453
1.7295946e-05
0.0019688775
1.7407938e-05
0.001969
1.7498418e-05
0.001969113
1.756921e-05
0.0019692168
1.7622141e-05
0.0019693119
1.7658998e-05
0.0019693986
1.7681501e-05
0.0019694776
1.7691285e-05
0.0019695493
1.7689885e-05
0.0019696141
1.7678721e-05
0.0019696726
1.7659104e-05
0.0019697253
1.7632226e-05
0.0019697726
1.7599169e-05
0.0019698149
1.7560906e-05
0.0019698527
1.7518312e-05
1.7472158e-05
0.0020211588
1.2235727e-05
0.0020213696
1.2716748e-05
0.0020215843
1.3185381e-05
0.0020218016
1.3638381e-05
0.0020220196
1.4072728e-05
0.0020222369
1.4485706e-05
0.0020224518
1.4874971e-05
0.002022663
1.5238607e-05
0.002022869
1.5575169e-05
0.0020230686
1.58837e-05
0.0020232608
1.6163733e-05
0.0020234447
1.6415263e-05
0.0020236196
1.6638714e-05
0.0020237852
1.683488e-05
0.0020239409
1.7004867e-05
0.0020240869
1.7150028e-05
0.0020242229
1.7271896e-05
0.0020243492
1.7372124e-05
0.002024466
1.7452434e-05
0.0020245736
1.7514566e-05
0.0020246723
1.7560245e-05
0.0020247627
1.7591143e-05
0.0020248451
1.7608863e-05
0.00202492
1.761492e-05
0.002024988
1.7610729e-05
0.0020250495
1.7597598e-05
0.002025105
1.757673e-05
0.002025155
1.7549218e-05
0.0020251998
1.7516055e-05
0.00202524
1.7478133e-05
1.7436248e-05
0.0020780346
1.2031965e-05
0.0020782441
1.2507224e-05
0.002078458
1.2971544e-05
0.0020786746
1.3421755e-05
0.0020788925
1.385488e-05
0.00207911
1.4268205e-05
0.0020793256
1.4659356e-05
0.0020795378
1.5026346e-05
0.0020797454
1.5367625e-05
0.002079947
1.5682104e-05
0.0020801416
1.5969155e-05
0.0020803282
1.6228602e-05
0.0020805062
1.6460686e-05
0.0020806751
1.666602e-05
0.0020808344
1.6845536e-05
0.002080984
1.7000423e-05
0.0020811239
1.7132066e-05
0.002081254
1.7241992e-05
0.0020813746
1.7331812e-05
0.002081486
1.7403179e-05
0.0020815885
1.7457746e-05
0.0020816825
1.7497135e-05
0.0020817685
1.7522909e-05
0.0020818468
1.7536558e-05
0.0020819181
1.7539487e-05
0.0020819827
1.7532999e-05
0.0020820411
1.7518301e-05
0.0020820938
1.7496499e-05
0.0020821413
1.7468597e-05
0.0020821839
1.7435508e-05
1.7398048e-05
0.0021365114
1.1829747e-05
0.0021367196
1.2299028e-05
0.0021369324
1.2758756e-05
0.0021371483
1.3205844e-05
0.0021373658
1.3637364e-05
0.0021375834
1.4050621e-05
0.0021377995
1.4443217e-05
0.0021380127
1.4813109e-05
0.0021382217
1.5158655e-05
0.0021384252
1.5478644e-05
0.002138622
1.5772304e-05
0.0021388113
1.6039293e-05
0.0021389923
1.6279681e-05
0.0021391644
1.6493904e-05
0.0021393273
1.6682721e-05
0.0021394805
1.684716e-05
0.0021396241
1.6988459e-05
0.0021397581
1.7108012e-05
0.0021398826
1.7207319e-05
0.0021399978
1.7287938e-05
0.0021401041
1.7351446e-05
0.0021402019
1.7399407e-05
0.0021402914
1.7433342e-05
0.0021403733
1.7454711e-05
0.0021404479
1.74649e-05
0.0021405157
1.7465207e-05
0.0021405771
1.7456839e-05
0.0021406327
1.7440907e-05
0.0021406829
1.741843e-05
0.0021407281
1.7390334e-05
1.7357456e-05
0.002196634
1.1629135e-05
0.0021968408
1.209224e-05
0.0021970525
1.2547113e-05
0.0021972676
1.2990758e-05
0.0021974846
1.3420307e-05
0.0021977022
1.3833088e-05
0.0021979187
1.4226695e-05
0.0021981327
1.4599039e-05
0.002198343
1.49484e-05
0.0021985482
1.5273458e-05
0.0021987472
1.5573306e-05
0.002198939
1.5847452e-05
0.0021991229
1.6095797e-05
0.0021992982
1.631861e-05
0.0021994644
1.6516482e-05
0.0021996213
1.669028e-05
0.0021997687
1.6841094e-05
0.0021999065
1.6970184e-05
0.0022000349
1.7078935e-05
0.002200154
1.7168806e-05
0.0022002642
1.7241293e-05
0.0022003657
1.7297895e-05
0.002200459
1.7340087e-05
0.0022005444
1.7369293e-05
0.0022006224
1.7386877e-05
0.0022006935
1.7394125e-05
0.0022007581
1.739224e-05
0.0022008166
1.7382338e-05
0.0022008696
1.7365447e-05
0.0022009175
1.7342507e-05
1.731437e-05
0.0022584489
1.1430185e-05
0.0022586543
1.1886934e-05
0.0022588647
1.2336708e-05
0.0022590788
1.2776607e-05
0.0022592953
1.3203829e-05
0.0022595126
1.3615739e-05
0.0022597294
1.4009929e-05
0.0022599442
1.4384279e-05
0.0022601556
1.4737003e-05
0.0022603623
1.5066685e-05
0.0022605633
1.5372294e-05
0.0022607576
1.5653196e-05
0.0022609443
1.5909139e-05
0.0022611226
1.6140227e-05
0.0022612922
1.6346888e-05
0.0022614527
1.6529832e-05
0.0022616038
1.6689999e-05
0.0022617454
1.6828517e-05
0.0022618777
1.694665e-05
0.0022620008
1.7045754e-05
0.0022621148
1.7127241e-05
0.0022622202
1.719254e-05
0.0022623172
1.7243072e-05
0.0022624063
1.7280222e-05
0.0022624878
1.7305327e-05
0.0022625623
1.7319655e-05
0.0022626301
1.7324405e-05
0.0022626918
1.732069e-05
0.0022627477
1.7309544e-05
0.0022627983
1.7291919e-05
1.7268682e-05
0.0023220036
1.1232947e-05
0.0023222073
1.1683179e-05
0.0023224164
1.2127627e-05
0.0023226295
1.2563493e-05
0.0023228453
1.2988048e-05
0.0023230624
1.3398702e-05
0.0023232792
1.3793058e-05
0.0023234945
1.4168974e-05
0.0023237069
1.4524611e-05
0.0023239151
1.4858467e-05
0.002324118
1.5169403e-05
0.0023243146
1.5456654e-05
0.0023245039
1.5719819e-05
0.0023246853
1.595885e-05
0.0023248581
1.6174016e-05
0.0023250221
1.6365872e-05
0.0023251769
1.6535212e-05
0.0023253224
1.6683026e-05
0.0023254586
1.6810459e-05
0.0023255856
1.691876e-05
0.0023257036
1.7009251e-05
0.0023258128
1.7083286e-05
0.0023259137
1.7142229e-05
0.0023260065
1.7187419e-05
0.0023260916
1.7220161e-05
0.0023261696
1.7241704e-05
0.0023262407
1.7253231e-05
0.0023263056
1.7255855e-05
0.0023263645
1.7250612e-05
0.002326418
1.7238461e-05
1.7220283e-05
0.0023873469
1.1037469e-05
0.0023875491
1.1481038e-05
0.0023877567
1.1919952e-05
0.0023879687
1.2351515e-05
0.0023881837
1.277308e-05
0.0023884003
1.3182106e-05
0.0023886171
1.357622e-05
0.0023888328
1.3953269e-05
0.0023890461
1.431137e-05
0.0023892556
1.464895e-05
0.0023894602
1.4964774e-05
0.0023896589
1.5257955e-05
0.0023898508
1.5527956e-05
0.002390035
1.5774582e-05
0.0023902111
1.5997951e-05
0.0023903785
1.6198466e-05
0.0023905369
1.6376776e-05
0.0023906862
1.6533736e-05
0.0023908263
1.6670366e-05
0.0023909573
1.6787808e-05
0.0023910792
1.6887289e-05
0.0023911924
1.6970085e-05
0.0023912972
1.7037494e-05
0.0023913938
1.7090809e-05
0.0023914827
1.7131294e-05
0.0023915642
1.7160174e-05
0.0023916388
1.7178617e-05
0.0023917069
1.7187728e-05
0.002391769
1.7188542e-05
0.0023918254
1.7182023e-05
1.7169061e-05
0.0024545292
1.0843793e-05
0.0024547297
1.1280573e-05
0.0024549358
1.171376e-05
0.0024551466
1.2140768e-05
0.0024553606
1.2559034e-05
0.0024555767
1.2966076e-05
0.0024557933
1.3359551e-05
0.0024560093
1.3737305e-05
0.0024562232
1.4097427e-05
0.0024564339
1.4438283e-05
0.0024566401
1.475855e-05
0.0024568409
1.5057235e-05
0.0024570351
1.5333674e-05
0.0024572222
1.5587533e-05
0.0024574014
1.5818784e-05
0.0024575721
1.6027685e-05
0.0024577342
1.6214743e-05
0.0024578872
1.6380677e-05
0.0024580312
1.6526382e-05
0.0024581661
1.6652889e-05
0.0024582921
1.6761326e-05
0.0024584093
1.685289e-05
0.002458518
1.6928807e-05
0.0024586185
1.6990316e-05
0.0024587111
1.703864e-05
0.0024587963
1.7074972e-05
0.0024588745
1.7100462e-05
0.002458946
1.7116201e-05
0.0024590113
1.7123221e-05
0.0024590709
1.7122489e-05
1.71149e-05
0.002523602
1.0651957e-05
0.0025238008
1.1081839e-05
0.0025240054
1.1509126e-05
0.0025242148
1.1931342e-05
0.0025244279
1.2346017e-05
0.0025246432
1.2750732e-05
0.0025248596
1.3143183e-05
0.0025250756
1.3521225e-05
0.0025252901
1.3882928e-05
0.0025255018
1.4226611e-05
0.0025257095
1.4550876e-05
0.0025259121
1.4854631e-05
0.0025261087
1.5137098e-05
0.0025262984
1.5397813e-05
0.0025264806
1.5636611e-05
0.0025266546
1.5853608e-05
0.0025268202
1.604917e-05
0.002526977
1.6223884e-05
0.0025271249
1.6378521e-05
0.0025272638
1.6513997e-05
0.0025273937
1.663134e-05
0.002527515
1.6731659e-05
0.0025276277
1.681611e-05
0.0025277321
1.6885869e-05
0.0025278286
1.6942115e-05
0.0025279176
1.6986004e-05
0.0025279994
1.7018662e-05
0.0025280744
1.7041164e-05
0.0025281431
1.7054536e-05
0.0025282059
1.705974e-05
1.7057679e-05
0.0025946186
1.0461998e-05
0.0025948155
1.0884886e-05
0.0025950185
1.1306115e-05
0.0025952266
1.1723321e-05
0.0025954384
1.2134127e-05
0.002595653
1.2536186e-05
0.0025958689
1.2927239e-05
0.002596085
1.3305162e-05
0.0025962999
1.3668013e-05
0.0025965124
1.4014075e-05
0.0025967214
1.4341889e-05
0.0025969258
1.4650277e-05
0.0025971245
1.4938354e-05
0.0025973168
1.5205536e-05
0.0025975019
1.5451529e-05
0.0025976792
1.5676312e-05
0.0025978482
1.5880117e-05
0.0025980087
1.60634e-05
0.0025981604
1.6226804e-05
0.0025983033
1.6371132e-05
0.0025984373
1.6497311e-05
0.0025985626
1.6606356e-05
0.0025986794
1.6699348e-05
0.0025987879
1.6777399e-05
0.0025988883
1.6841636e-05
0.0025989812
1.6893176e-05
0.0025990667
1.6933114e-05
0.0025991454
1.6962507e-05
0.0025992176
1.6982368e-05
0.0025992836
1.6993655e-05
1.6997271e-05
0.0026676333
1.027394e-05
0.0026678284
1.0689753e-05
0.0026680298
1.110478e-05
0.0026682363
1.1516772e-05
0.002668447
1.1923447e-05
0.0026686607
1.2322535e-05
0.0026688761
1.2711829e-05
0.002669092
1.3089233e-05
0.0026693072
1.3452807e-05
0.0026695205
1.3800807e-05
0.0026697306
1.4131722e-05
0.0026699366
1.44443e-05
0.0026701374
1.4737563e-05
0.0026703321
1.5010813e-05
0.00267052
1.5263635e-05
0.0026707005
1.5495881e-05
0.0026708729
1.570765e-05
0.0026710371
1.5899268e-05
0.0026711926
1.6071256e-05
0.0026713394
1.6224301e-05
0.0026714775
1.6359224e-05
0.0026716069
1.6476948e-05
0.0026717278
1.6578471e-05
0.0026718404
1.6664839e-05
0.0026719449
1.6737121e-05
0.0026720417
1.6796392e-05
0.0026721311
1.6843711e-05
0.0026722135
1.6880113e-05
0.0026722892
1.6906593e-05
0.0026723588
1.6924104e-05
1.6933545e-05
0.0027427023
1.008778e-05
0.0027428956
1.0496447e-05
0.0027430953
1.0905142e-05
0.0027433003
1.131173e-05
0.0027435097
1.1714027e-05
0.0027437224
1.2109843e-05
0.0027439372
1.2497033e-05
0.0027441529
1.2873533e-05
0.0027443683
1.3237415e-05
0.0027445822
1.3586919e-05
0.0027447934
1.3920493e-05
0.0027450009
1.4236822e-05
0.0027452036
1.4534842e-05
0.0027454007
1.4813756e-05
0.0027455913
1.5073033e-05
0.0027457747
1.5312403e-05
0.0027459506
1.553184e-05
0.0027461183
1.5731544e-05
0.0027462776
1.5911912e-05
0.0027464284
1.6073517e-05
0.0027465706
1.6217072e-05
0.0027467041
1.6343406e-05
0.0027468291
1.6453432e-05
0.0027469459
1.6548123e-05
0.0027470545
1.6628489e-05
0.0027471553
1.6695556e-05
0.0027472487
1.6750345e-05
0.0027473349
1.6793862e-05
0.0027474145
1.6827084e-05
0.0027474876
1.685095e-05
1.6866357e-05
0.013220174
9.2857403e-06
0.013221008
9.6619578e-06
0.013221872
1.0041067e-05
0.013222762
1.0421427e-05
0.013223675
1.0801308e-05
0.013224606
1.1178921e-05
0.013225551
1.1552447e-05
0.013226504
1.1920073e-05
0.013227461
1.2280021e-05
0.013228418
1.2630588e-05
0.013229368
1.2970177e-05
0.013230308
1.3297327e-05
0.013231232
1.3610737e-05
0.013232136
1.390929e-05
0.013233017
1.4192064e-05
0.013233871
1.4458343e-05
0.013234695
1.4707618e-05
0.013235487
1.4939582e-05
0.013236245
1.5154123e-05
0.013236967
1.5351313e-05
0.013237653
1.5531384e-05
0.013238302
1.5694715e-05
0.013238913
1.5841812e-05
0.013239488
1.597328e-05
0.013240027
1.6089811e-05
0.01324053
1.6192157e-05
0.013241
1.6281117e-05
0.013241436
1.6357514e-05
0.013241841
1.6422185e-05
0.013242216
1.6475967e-05
1.6519684e-05
0.01844227
8.3636676e-06
0.018443231
8.7009269e-06
0.018444229
9.0433e-06
0.018445261
9.3896614e-06
0.018446323
9.7387849e-06
0.018447413
1.0089356e-05
0.018448525
1.043999e-05
0.018449656
1.0789249e-05
0.018450801
1.1135667e-05
0.018451953
1.1477768e-05
0.018453109
1.1814098e-05
0.018454264
1.2143243e-05
0.01845541
1.2463859e-05
0.018456545
1.2774688e-05
0.018457663
1.3074583e-05
0.018458758
1.3362524e-05
0.018459828
1.3637626e-05
0.018460869
1.3899157e-05
0.018461876
1.4146535e-05
0.018462848
1.4379334e-05
0.018463782
1.459728e-05
0.018464677
1.4800245e-05
0.01846553
1.4988238e-05
0.018466342
1.5161394e-05
0.018467112
1.5319961e-05
0.01846784
1.5464289e-05
0.018468526
1.5594812e-05
0.018469172
1.5712035e-05
0.018469778
1.5816519e-05
0.018470345
1.5908871e-05
1.5989726e-05
0.02572714
7.3468056e-06
0.025728201
7.6399052e-06
0.025729305
7.9393911e-06
0.02573045
8.2446068e-06
0.025731634
8.5548075e-06
0.025732854
8.8691629e-06
0.025734107
9.1867627e-06
0.02573539
9.5066239e-06
0.025736698
9.8277008e-06
0.025738027
1.0148896e-05
0.025739372
1.0469074e-05
0.025740728
1.0787076e-05
0.02574209
1.1101737e-05
0.025743453
1.1411899e-05
0.025744811
1.1716433e-05
0.025746159
1.2014249e-05
0.025747493
1.2304316e-05
0.025748806
1.2585675e-05
0.025750095
1.2857448e-05
0.025751356
1.3118855e-05
0.025752584
1.3369214e-05
0.025753776
1.3607952e-05
0.02575493
1.3834607e-05
0.025756042
1.4048828e-05
0.025757112
1.4250375e-05
0.025758137
1.4439112e-05
0.025759117
1.4615006e-05
0.025760051
1.477812e-05
0.025760939
1.4928601e-05
0.025761781
1.5066677e-05
1.5192642e-05
0.035889305
6.2671563e-06
0.035890431
6.5134786e-06
0.035891604
6.7665139e-06
0.035892823
7.025965e-06
0.035894086
7.2914715e-06
0.035895393
7.5626077e-06
0.035896741
7.8388821e-06
0.035898127
8.1197377e-06
0.035899551
8.4045537e-06
0.035901007
8.6926479e-06
0.035902493
8.9832815e-06
0.035904004
9.2756646e-06
0.035905537
9.5689624e-06
0.035907086
9.8623042e-06
0.035908648
1.0154791e-05
0.035910217
1.0445509e-05
0.035911788
1.0733533e-05
0.035913355
1.1017946e-05
0.035914915
1.1297843e-05
0.035916461
1.1572349e-05
0.03591799
1.1840624e-05
0.035919496
1.2101871e-05
0.035920975
1.235535e-05
0.035922424
1.2600383e-05
0.035923838
1.2836361e-05
0.035925214
1.3062748e-05
0.03592655
1.3279089e-05
0.035927843
1.3485005e-05
0.035929092
1.3680199e-05
0.035930294
1.3864458e-05
1.4037642e-05
0.05006395
0.050065106
5.3569946e-06
0.05006631
5.5627987e-06
0.050067561
5.7747902e-06
0.05006886
5.9928609e-06
0.050070206
6.2168642e-06
0.050071598
6.4466114e-06
0.050073036
6.6818686e-06
0.050074518
6.9223557e-06
0.050076043
7.1677442e-06
0.050077609
7.4176571e-06
0.050079213
7.671669e-06
0.050080852
7.9293065e-06
0.050082524
8.1900498e-06
0.050084226
8.453335e-06
0.050085953
8.7185583e-06
0.050087701
8.9850765e-06
0.050089467
9.2522174e-06
0.050091246
9.519287e-06
0.050093032
9.7855647e-06
0.050094823
1.0050315e-05
0.050096612
1.0312798e-05
0.050098395
1.0572276e-05
0.050100167
1.0828018e-05
0.050101924
1.1079308e-05
0.050103662
1.1325449e-05
0.050105375
1.1565777e-05
0.05010706
1.179966e-05
0.050108714
1.2026511e-05
0.050110333
1.2245791e-05
1.2457011e-05
0.069835941
4.2109798e-06
0.069837133
4.3711304e-06
0.069838371
4.5366365e-06
0.069839656
4.7075252e-06
0.069840989
4.8838063e-06
0.069842371
5.0654673e-06
0.0698438
5.2524713e-06
0.069845278
5.4447544e-06
0.069846803
5.6422234e-06
0.069848376
5.8447544e-06
0.069849996
6.0521908e-06
0.06985166
6.2643407e-06
0.06985337
6.4809811e-06
0.069855121
6.7018249e-06
0.069856913
6.9267134e-06
0.069858743
7.1549192e-06
0.069860609
7.3857966e-06
0.069862509
7.6200396e-06
0.069864438
7.8567289e-06
0.069866393
8.0953014e-06
0.06986837
8.3352474e-06
0.069870366
8.5760345e-06
0.069872377
8.8171014e-06
0.069874399
9.057866e-06
0.069876426
9.2977308e-06
0.069878456
9.5360878e-06
0.069880483
9.7723197e-06
0.069882504
1.0005809e-05
0.069884514
1.0235928e-05
1.0462122e-05
0.097408407
3.0889848e-06
0.097409572
3.206141e-06
0.097410781
3.3274981e-06
0.097412036
3.4531379e-06
0.097413337
3.5831346e-06
0.097414684
3.7175527e-06
0.09741608
3.856446e-06
0.097417525
3.9998562e-06
0.09741902
4.1478111e-06
0.097420564
4.3003233e-06
0.097422159
4.4573885e-06
0.097423804
4.6189833e-06
0.0974255
4.78507e-06
0.097427247
4.9555511e-06
0.097429043
5.1305592e-06
0.097430888
5.3093691e-06
0.097432783
5.4912798e-06
0.097434725
5.6776083e-06
0.097436714
5.8674596e-06
0.09743875
6.0602138e-06
0.097440829
6.2560947e-06
0.097442949
6.4559702e-06
0.097445107
6.6589493e-06
0.0974473
6.8643024e-06
0.097449527
7.0716467e-06
0.097451782
7.2805896e-06
0.097454064
7.4907156e-06
0.097456368
7.7015888e-06
0.097458691
7.9127326e-06
8.1237384e-06
0.13586767
2.0613692e-06
0.13586874
2.1398569e-06
0.13586985
2.2213221e-06
0.13587099
2.3058516e-06
0.13587218
2.3935399e-06
0.13587342
2.4844271e-06
0.13587469
2.5784902e-06
0.13587602
2.6757748e-06
0.13587739
2.7763218e-06
0.13587881
2.8801645e-06
0.13588028
2.9873258e-06
0.1358818
3.0978174e-06
0.13588337
3.211638e-06
0.135885
3.3287706e-06
0.13588668
3.4492149e-06
0.13588842
3.5728202e-06
0.13589021
3.6992565e-06
0.13589206
3.8283504e-06
0.13589397
3.9599317e-06
0.13589593
4.0934829e-06
0.13589796
4.2293528e-06
0.13590005
4.3692807e-06
0.13590219
4.5132209e-06
0.1359044
4.6606218e-06
0.13590666
4.8114137e-06
0.13590897
4.9655301e-06
0.13591134
5.1228967e-06
0.13591376
5.2834339e-06
0.13591622
5.4470345e-06
5.6136778e-06
0.18950483
1.0169263e-06
0.18950591
1.0561378e-06
0.18950703
1.0969248e-06
0.1895082
1.139346e-06
0.18950941
1.1834737e-06
0.18951067
1.229308e-06
0.18951197
1.2767658e-06
0.18951332
1.3258648e-06
0.18951472
1.376623e-06
0.18951617
1.4290543e-06
0.18951767
1.4831669e-06
0.18951923
1.5389621e-06
0.18952085
1.5964334e-06
0.18952252
1.6555655e-06
0.18952425
1.7163333e-06
0.18952605
1.7786999e-06
0.1895279
1.8426161e-06
0.18952982
1.9080201e-06
0.18953181
1.9748328e-06
0.18953386
2.0429763e-06
0.18953598
2.1121262e-06
0.18953816
2.1826239e-06
0.18954042
2.2557148e-06
0.18954275
2.3315884e-06
0.18954515
2.4103963e-06
0.18954762
2.4922851e-06
0.18955017
2.5774059e-06
0.18955279
2.6659243e-06
0.18955548
2.7579909e-06
2.8539009e-06
0.26433519
0.26433613
0.26433711
0.26433812
0.26433917
0.26434026
0.2643414
0.26434257
0.2643438
0.26434507
0.26434639
0.26434775
0.26434917
0.26435064
0.26435216
0.26435374
0.26435537
0.26435706
0.26435881
0.26436061
0.26436247
0.2643644
0.26436638
0.26436842
0.26437054
0.26437271
0.26437496
0.26437728
0.26437967
)
;

boundaryField
{
    inlet
    {
        type            calculated;
        value           nonuniform List<scalar> 0();
    }
    top
    {
        type            calculated;
        value           nonuniform List<scalar> 
30
(
1.1459587e-07
1.1866863e-07
1.2292383e-07
1.2737292e-07
1.320283e-07
1.3690343e-07
1.4201281e-07
1.4737202e-07
1.5299791e-07
1.5890872e-07
1.6512417e-07
1.7166558e-07
1.7855601e-07
1.8582034e-07
1.9348548e-07
2.0158042e-07
2.1013644e-07
2.1918726e-07
2.287691e-07
2.3892099e-07
2.496847e-07
2.6110465e-07
2.7322983e-07
2.8611579e-07
2.9982355e-07
3.1441912e-07
3.2997421e-07
3.4656712e-07
3.642834e-07
3.8321623e-07
)
;
    }
    outlet
    {
        type            calculated;
        value           nonuniform List<scalar> 0();
    }
    slipsurface
    {
        type            calculated;
        value           nonuniform List<scalar> 0();
    }
    bottom
    {
        type            calculated;
        value           nonuniform List<scalar> 0();
    }
    frontandback
    {
        type            empty;
    }
    procBoundary13to9
    {
        type            processor;
        value           nonuniform List<scalar> 
30
(
-1.9901236e-05
-2.0361012e-05
-2.0742461e-05
-2.1041635e-05
-2.1258331e-05
-2.1396455e-05
-2.1463198e-05
-2.1467833e-05
-2.1420451e-05
-2.1330926e-05
-2.1208325e-05
-2.106061e-05
-2.0894566e-05
-2.0715789e-05
-2.0528785e-05
-2.0337157e-05
-2.01437e-05
-1.9950636e-05
-1.9759713e-05
-1.9572245e-05
-1.9389208e-05
-1.9211308e-05
-1.9039099e-05
-1.8872799e-05
-1.8712766e-05
-1.8559139e-05
-1.8411645e-05
-1.8270422e-05
-1.8135421e-05
-1.8006429e-05
)
;
    }
    procBoundary13to12
    {
        type            processor;
        value           nonuniform List<scalar> 
59
(
-0.00074425646
-0.00076519157
-0.00078671584
-0.00080884591
-0.0008315988
-0.00085499212
-0.00087904386
-0.00090377261
-0.00092919744
-0.00095533797
-0.00098221437
-0.0010098474
-0.0010382583
-0.001067469
-0.0010975022
-0.0011283809
-0.0011601289
-0.0011927708
-0.0012263318
-0.0012608376
-0.001296315
-0.0013327913
-0.0013702946
-0.0014088539
-0.0014484988
-0.00148926
-0.0015311688
-0.0015742576
-0.0016185596
-0.0016641088
-0.0017109404
-0.0017590906
-0.0018085963
-0.0018594957
-0.001911828
-0.0019656334
-0.0020209535
-0.0020778309
-0.0021363092
-0.0021964334
-0.00225825
-0.0023218064
-0.0023871514
-0.0024543355
-0.0025234102
-0.0025944286
-0.0026674453
-0.0027425161
-0.013219372
-0.018441348
-0.025726123
-0.035888225
-0.05006284
5.157457e-06
-0.069834795
-0.097407285
-0.13586665
-0.18950378
-0.26433429
)
;
    }
    procBoundary13to14
    {
        type            processor;
        value           nonuniform List<scalar> 
29
(
0.00074620832
0.00076719701
0.00078877576
0.0008109612
0.00083377038
0.00085722089
0.00088133073
0.00090611848
0.0009316032
0.00095780448
0.00098474248
0.0010124379
0.001040912
0.0010701867
0.0011002845
0.0011312286
0.0011630426
0.0011957511
0.0012293792
0.0012639527
0.0012994982
0.0013360429
0.0013736151
0.0014122434
0.0014519577
0.0014927884
0.0015347669
0.0015779253
-1.7688361e-05
)
;
    }
    procBoundary13to15
    {
        type            processor;
        value           nonuniform List<scalar> 
30
(
0.0016223179
0.0016679383
0.0017148411
0.0017630622
0.0018126387
0.0018636086
0.0019160111
0.0019698865
0.0020252759
0.0020822221
0.0021407687
0.0022009605
0.002262844
0.0023264664
0.0023918767
0.002459125
0.0025282631
0.002599344
0.0026724225
0.0027475548
0.013242562
0.018470875
0.025762578
0.035931449
0.050111913
0.069886509
0.097461029
0.13591873
0.18955824
0.26438214
)
;
    }
}


// ************************************************************************* //
