/*--------------------------------*- C++ -*----------------------------------*\
  =========                 |
  \\      /  F ield         | OpenFOAM: The Open Source CFD Toolbox
   \\    /   O peration     | Website:  https://openfoam.org
    \\  /    A nd           | Version:  12
     \\/     M anipulation  |
\*---------------------------------------------------------------------------*/
FoamFile
{
    format      ascii;
    class       volScalarField;
    location    "2000";
    object      epsilon;
}
// * * * * * * * * * * * * * * * * * * * * * * * * * * * * * * * * * * * * * //

dimensions      [0 2 -3 0 0 0 0];

internalField   nonuniform List<scalar> 
822
(
7.2439415e-06
7.2445843e-06
7.245261e-06
7.2459664e-06
7.2466944e-06
7.2474388e-06
7.2481938e-06
7.2489538e-06
7.2497133e-06
7.2504673e-06
7.2512113e-06
7.2519406e-06
7.252651e-06
7.2533384e-06
7.2539986e-06
7.2546276e-06
7.2552204e-06
6.6637372e-06
6.6642546e-06
6.6647899e-06
6.6653421e-06
6.6659087e-06
6.6664864e-06
6.6670712e-06
6.6676591e-06
6.6682457e-06
6.668827e-06
6.669399e-06
6.6699576e-06
6.6704993e-06
6.6710202e-06
6.6715167e-06
6.6719854e-06
6.6724226e-06
6.6728246e-06
6.6731878e-06
6.6735083e-06
6.6737821e-06
6.674005e-06
6.6741722e-06
6.674279e-06
6.67432e-06
6.6742895e-06
6.6741813e-06
6.6739884e-06
6.6737034e-06
6.6733179e-06
6.6728227e-06
6.6722073e-06
6.6714602e-06
6.6705686e-06
6.669517e-06
6.1736365e-06
6.1741132e-06
6.174591e-06
6.1750693e-06
6.1755465e-06
6.1760204e-06
6.1764883e-06
6.1769472e-06
6.1773941e-06
6.1778258e-06
6.1782389e-06
6.1786305e-06
6.1789972e-06
6.1793359e-06
6.1796433e-06
6.1799163e-06
6.1801515e-06
6.1803454e-06
6.1804947e-06
6.1805956e-06
6.1806443e-06
6.1806366e-06
6.1805682e-06
6.1804344e-06
6.1802302e-06
6.1799502e-06
6.1795884e-06
6.1791383e-06
6.178593e-06
6.1779446e-06
6.1771846e-06
6.1763036e-06
6.1752909e-06
6.1741351e-06
6.1728222e-06
5.7646112e-06
5.7650567e-06
5.7654905e-06
5.7659123e-06
5.7663207e-06
5.7667142e-06
5.7670907e-06
5.7674478e-06
5.767783e-06
5.7680937e-06
5.7683773e-06
5.7686309e-06
5.7688516e-06
5.7690365e-06
5.7691827e-06
5.7692869e-06
5.7693461e-06
5.7693569e-06
5.7693157e-06
5.7692189e-06
5.7690626e-06
5.7688427e-06
5.7685547e-06
5.7681939e-06
5.7677553e-06
5.7672333e-06
5.766622e-06
5.765915e-06
5.7651051e-06
5.7641847e-06
5.7631453e-06
5.7619776e-06
5.7606713e-06
5.7592152e-06
5.7575958e-06
5.429493e-06
5.4299179e-06
5.4303213e-06
5.430703e-06
5.4310617e-06
5.4313959e-06
5.4317038e-06
5.4319833e-06
5.4322323e-06
5.4324485e-06
5.4326293e-06
5.4327721e-06
5.4328742e-06
5.4329328e-06
5.432945e-06
5.4329076e-06
5.4328174e-06
5.432671e-06
5.4324648e-06
5.4321951e-06
5.4318576e-06
5.4314483e-06
5.4309623e-06
5.4303949e-06
5.4297406e-06
5.4289937e-06
5.428148e-06
5.4271968e-06
5.4261327e-06
5.4249478e-06
5.4236333e-06
5.4221796e-06
5.4205762e-06
5.4188118e-06
5.4168723e-06
5.1615355e-06
5.1619501e-06
5.1623358e-06
5.162692e-06
5.1630174e-06
5.1633105e-06
5.1635696e-06
5.1637926e-06
5.1639775e-06
5.164122e-06
5.1642237e-06
5.16428e-06
5.1642882e-06
5.1642455e-06
5.1641488e-06
5.163995e-06
5.1637807e-06
5.1635024e-06
5.1631563e-06
5.1627384e-06
5.1622444e-06
5.1616697e-06
5.1610095e-06
5.1602584e-06
5.1594108e-06
5.1584606e-06
5.1574012e-06
5.1562254e-06
5.1549254e-06
5.1534928e-06
5.1519183e-06
5.1501919e-06
5.1483025e-06
5.1462381e-06
5.143984e-06
4.9540599e-06
4.9544734e-06
4.954852e-06
4.955195e-06
4.9555009e-06
4.955768e-06
4.9559946e-06
4.9561786e-06
4.956318e-06
4.9564103e-06
4.9564531e-06
4.9564438e-06
4.9563796e-06
4.9562576e-06
4.9560747e-06
4.9558274e-06
4.9555123e-06
4.9551257e-06
4.9546635e-06
4.9541214e-06
4.953495e-06
4.9527793e-06
4.951969e-06
4.9510586e-06
4.950042e-06
4.9489127e-06
4.9476635e-06
4.9462868e-06
4.9447744e-06
4.943117e-06
4.941305e-06
4.9393275e-06
4.9371728e-06
4.9348281e-06
4.9322779e-06
4.8000345e-06
4.8004539e-06
4.8008337e-06
4.8011729e-06
4.8014698e-06
4.8017228e-06
4.8019299e-06
4.802089e-06
4.8021977e-06
4.8022538e-06
4.8022546e-06
4.8021974e-06
4.8020793e-06
4.8018972e-06
4.8016479e-06
4.8013277e-06
4.8009331e-06
4.80046e-06
4.7999041e-06
4.799261e-06
4.7985258e-06
4.7976932e-06
4.7967577e-06
4.7957133e-06
4.7945536e-06
4.7932714e-06
4.7918593e-06
4.7903091e-06
4.7886119e-06
4.786758e-06
4.784737e-06
4.7825373e-06
4.7801465e-06
4.7775509e-06
4.7747341e-06
4.6916881e-06
4.6921177e-06
4.692504e-06
4.6928458e-06
4.6931413e-06
4.6933887e-06
4.6935858e-06
4.6937305e-06
4.6938203e-06
4.6938528e-06
4.6938253e-06
4.6937348e-06
4.6935784e-06
4.6933528e-06
4.6930546e-06
4.69268e-06
4.6922252e-06
4.6916859e-06
4.6910578e-06
4.6903359e-06
4.6895151e-06
4.68859e-06
4.6875547e-06
4.6864026e-06
4.6851271e-06
4.6837207e-06
4.6821754e-06
4.6804825e-06
4.6786326e-06
4.6766154e-06
4.6744199e-06
4.6720339e-06
4.669444e-06
4.666636e-06
4.6635924e-06
4.6203416e-06
4.6207827e-06
4.6211777e-06
4.6215252e-06
4.6218234e-06
4.6220703e-06
4.6222637e-06
4.6224013e-06
4.6224806e-06
4.622499e-06
4.6224537e-06
4.6223416e-06
4.6221596e-06
4.6219044e-06
4.6215723e-06
4.6211595e-06
4.6206619e-06
4.6200751e-06
4.6193945e-06
4.6186151e-06
4.6177314e-06
4.6167377e-06
4.6156279e-06
4.6143951e-06
4.6130324e-06
4.6115318e-06
4.609885e-06
4.608083e-06
4.6061158e-06
4.6039727e-06
4.601642e-06
4.5991111e-06
4.5963659e-06
4.5933915e-06
4.5901696e-06
4.5767057e-06
4.577157e-06
4.5775602e-06
4.5779138e-06
4.5782162e-06
4.578465e-06
4.5786581e-06
4.5787931e-06
4.5788673e-06
4.5788781e-06
4.5788227e-06
4.5786978e-06
4.5785002e-06
4.5782266e-06
4.5778731e-06
4.5774358e-06
4.5769105e-06
4.5762927e-06
4.5755775e-06
4.5747598e-06
4.5738341e-06
4.5727943e-06
4.5716341e-06
4.5703466e-06
4.5689243e-06
4.5673593e-06
4.5656427e-06
4.5637654e-06
4.5617169e-06
4.5594863e-06
4.5570615e-06
4.5544292e-06
4.551575e-06
4.5484835e-06
4.5451356e-06
4.5517468e-06
4.5522052e-06
4.5526144e-06
4.5529728e-06
4.5532786e-06
4.5535296e-06
4.5537236e-06
4.5538579e-06
4.5539301e-06
4.5539373e-06
4.5538766e-06
4.5537449e-06
4.5535389e-06
4.5532549e-06
4.5528894e-06
4.5524381e-06
4.5518968e-06
4.5512609e-06
4.5505256e-06
4.5496854e-06
4.5487349e-06
4.5476678e-06
4.5464777e-06
4.5451575e-06
4.5436996e-06
4.5420959e-06
4.5403375e-06
4.5384147e-06
4.5363172e-06
4.5340336e-06
4.5315516e-06
4.5288577e-06
4.5259371e-06
4.522774e-06
4.519349e-06
4.537869e-06
4.5383316e-06
4.5387441e-06
4.5391054e-06
4.5394134e-06
4.5396659e-06
4.5398606e-06
4.539995e-06
4.5400665e-06
4.5400722e-06
4.5400092e-06
4.5398744e-06
4.5396643e-06
4.5393754e-06
4.539004e-06
4.5385458e-06
4.5379967e-06
4.5373519e-06
4.5366065e-06
4.5357552e-06
4.5347922e-06
4.5337115e-06
4.5325063e-06
4.5311697e-06
4.5296939e-06
4.5280707e-06
4.5262911e-06
4.5243454e-06
4.522223e-06
4.5199126e-06
4.5174015e-06
4.5146762e-06
4.5117218e-06
4.5085221e-06
4.5050577e-06
4.5297499e-06
4.5302142e-06
4.5306282e-06
4.5309906e-06
4.5312995e-06
4.5315526e-06
4.5317476e-06
4.531882e-06
4.5319531e-06
4.5319581e-06
4.5318941e-06
4.5317578e-06
4.531546e-06
4.531255e-06
4.5308809e-06
4.5304198e-06
4.5298673e-06
4.5292186e-06
4.5284689e-06
4.5276128e-06
4.5266445e-06
4.5255579e-06
4.5243464e-06
4.5230028e-06
4.5215195e-06
4.5198881e-06
4.5180996e-06
4.5161443e-06
4.5140116e-06
4.51169e-06
4.5091668e-06
4.5064285e-06
4.5034601e-06
4.5002454e-06
4.4967647e-06
4.5243615e-06
4.5248262e-06
4.5252406e-06
4.5256034e-06
4.5259124e-06
4.5261657e-06
4.5263607e-06
4.526495e-06
4.5265659e-06
4.5265706e-06
4.5265061e-06
4.5263693e-06
4.5261568e-06
4.5258649e-06
4.5254899e-06
4.5250277e-06
4.524474e-06
4.523824e-06
4.5230727e-06
4.522215e-06
4.5212449e-06
4.5201563e-06
4.5189427e-06
4.5175968e-06
4.516111e-06
4.5144769e-06
4.5126856e-06
4.5107272e-06
4.5085912e-06
4.5062661e-06
4.5037392e-06
4.500997e-06
4.4980242e-06
4.4948049e-06
4.4913193e-06
4.5202787e-06
4.5207433e-06
4.5211576e-06
4.5215202e-06
4.5218291e-06
4.5220821e-06
4.5222769e-06
4.5224109e-06
4.5224815e-06
4.5224859e-06
4.5224211e-06
4.5222839e-06
4.522071e-06
4.5217787e-06
4.5214033e-06
4.5209406e-06
4.5203863e-06
4.5197357e-06
4.5189839e-06
4.5181255e-06
4.5171548e-06
4.5160655e-06
4.5148512e-06
4.5135046e-06
4.5120181e-06
4.5103833e-06
4.5085912e-06
4.5066321e-06
4.5044953e-06
4.5021693e-06
4.4996417e-06
4.4968986e-06
4.493925e-06
4.490705e-06
4.4872185e-06
4.5169192e-06
4.5173836e-06
4.5177977e-06
4.5181601e-06
4.5184688e-06
4.5187217e-06
4.5189163e-06
4.5190501e-06
4.5191206e-06
4.5191248e-06
4.5190599e-06
4.5189226e-06
4.5187095e-06
4.5184171e-06
4.5180415e-06
4.5175787e-06
4.5170243e-06
4.5163737e-06
4.5156218e-06
4.5147634e-06
4.5137927e-06
4.5127035e-06
4.5114892e-06
4.5101427e-06
4.5086563e-06
4.5070216e-06
4.5052297e-06
4.5032708e-06
4.5011344e-06
4.4988088e-06
4.4962816e-06
4.493539e-06
4.4905661e-06
4.4873467e-06
4.4838611e-06
4.5140228e-06
4.5144869e-06
4.5149006e-06
4.5152627e-06
4.5155711e-06
4.5158237e-06
4.516018e-06
4.5161516e-06
4.5162218e-06
4.5162258e-06
4.5161606e-06
4.5160231e-06
4.5158099e-06
4.5155173e-06
4.5151416e-06
4.5146787e-06
4.5141242e-06
4.5134735e-06
4.5127216e-06
4.5118632e-06
4.5108924e-06
4.5098033e-06
4.5085891e-06
4.5072428e-06
4.5057565e-06
4.5041221e-06
4.5023305e-06
4.500372e-06
4.4982359e-06
4.4959109e-06
4.4933842e-06
4.4906423e-06
4.4876702e-06
4.4844517e-06
4.480967e-06
4.511464e-06
4.5119278e-06
4.5123413e-06
4.5127032e-06
4.5130114e-06
4.5132638e-06
4.513458e-06
4.5135915e-06
4.5136616e-06
4.5136656e-06
4.5136004e-06
4.5134629e-06
4.5132496e-06
4.5129571e-06
4.5125815e-06
4.5121188e-06
4.5115645e-06
4.510914e-06
4.5101623e-06
4.5093042e-06
4.5083338e-06
4.5072451e-06
4.5060313e-06
4.5046855e-06
4.5031998e-06
4.5015661e-06
4.4997752e-06
4.4978175e-06
4.4956823e-06
4.4933582e-06
4.4908326e-06
4.4880919e-06
4.485121e-06
4.4819039e-06
4.4784209e-06
4.509149e-06
4.5096124e-06
4.5100256e-06
4.5103871e-06
4.510695e-06
4.5109472e-06
4.5111411e-06
4.5112743e-06
4.5113443e-06
4.5113481e-06
4.5112827e-06
4.5111451e-06
4.5109318e-06
4.5106392e-06
4.5102636e-06
4.5098008e-06
4.5092466e-06
4.5085961e-06
4.5078446e-06
4.5069866e-06
4.5060165e-06
4.504928e-06
4.5037146e-06
4.5023691e-06
4.5008839e-06
4.4992506e-06
4.4974603e-06
4.4955032e-06
4.4933687e-06
4.4910454e-06
4.4885207e-06
4.485781e-06
4.4828112e-06
4.4795953e-06
4.4761136e-06
4.5070299e-06
4.5074931e-06
4.5079061e-06
4.5082674e-06
4.5085752e-06
4.5088273e-06
4.5090211e-06
4.5091543e-06
4.5092243e-06
4.5092281e-06
4.5091628e-06
4.5090253e-06
4.5088121e-06
4.5085197e-06
4.5081444e-06
4.5076819e-06
4.5071279e-06
4.5064779e-06
4.5057268e-06
4.5048693e-06
4.5038997e-06
4.5028118e-06
4.5015991e-06
4.5002544e-06
4.4987699e-06
4.4971376e-06
4.4953482e-06
4.4933922e-06
4.4912589e-06
4.4889368e-06
4.4864135e-06
4.4836752e-06
4.480707e-06
4.4774928e-06
4.474013e-06
4.5050454e-06
4.5055081e-06
4.5059206e-06
4.5062815e-06
4.5065888e-06
4.5068404e-06
4.5070338e-06
4.5071667e-06
4.5072362e-06
4.5072397e-06
4.5071741e-06
4.5070363e-06
4.5068229e-06
4.5065303e-06
4.5061547e-06
4.505692e-06
4.505138e-06
4.5044878e-06
4.5037367e-06
4.5028792e-06
4.5019097e-06
4.5008219e-06
4.4996094e-06
4.4982649e-06
4.4967808e-06
4.4951488e-06
4.4933599e-06
4.4914044e-06
4.4892717e-06
4.4869503e-06
4.4844276e-06
4.4816901e-06
4.4787227e-06
4.4755093e-06
4.4720304e-06
4.5031775e-06
4.5036399e-06
4.5040521e-06
4.5044128e-06
4.5047199e-06
4.5049713e-06
4.5051646e-06
4.5052973e-06
4.5053668e-06
4.5053702e-06
4.5053046e-06
4.5051668e-06
4.5049535e-06
4.504661e-06
4.5042855e-06
4.5038231e-06
4.5032692e-06
4.5026194e-06
4.5018686e-06
4.5010115e-06
4.5000424e-06
4.4989552e-06
4.4977432e-06
4.4963993e-06
4.4949159e-06
4.4932847e-06
4.4914967e-06
4.4895421e-06
4.4874104e-06
4.4850901e-06
4.4825687e-06
4.4798325e-06
4.4768666e-06
4.4736548e-06
4.4701776e-06
4.5012858e-06
4.5017478e-06
4.5021597e-06
4.50252e-06
4.5028269e-06
4.503078e-06
4.503271e-06
4.5034034e-06
4.5034727e-06
4.5034759e-06
4.5034101e-06
4.5032721e-06
4.5030586e-06
4.502766e-06
4.5023905e-06
4.501928e-06
4.5013742e-06
4.5007243e-06
4.4999736e-06
4.4991166e-06
4.4981476e-06
4.4970605e-06
4.4958486e-06
4.494505e-06
4.4930218e-06
4.4913908e-06
4.4896031e-06
4.4876489e-06
4.4855177e-06
4.483198e-06
4.4806772e-06
4.4779418e-06
4.4749767e-06
4.471766e-06
4.46829e-06
)
;

boundaryField
{
    bottom
    {
        type            epsilonWallFunction;
        value           nonuniform List<scalar> 0();
    }
    back
    {
        type            empty;
    }
    front
    {
        type            empty;
    }
    inlet
    {
        type            zeroGradient;
    }
    outlet
    {
        type            zeroGradient;
    }
    top
    {
        type            zeroGradient;
    }
    slipsurface
    {
        type            slip;
    }
    procBoundary1to0
    {
        type            processor;
        value           nonuniform List<scalar> 
34
(
7.9207526e-06
7.9214989e-06
7.9223038e-06
7.9231587e-06
7.9240538e-06
7.9249801e-06
7.925929e-06
7.9268926e-06
7.9278636e-06
7.9288355e-06
7.929802e-06
7.9307576e-06
7.9316968e-06
7.9326146e-06
7.9335059e-06
7.9343657e-06
7.9351887e-06
7.2557762e-06
7.2557762e-06
7.2562855e-06
7.2567451e-06
7.2571502e-06
7.2574955e-06
7.2577749e-06
7.2579819e-06
7.2581092e-06
7.2581491e-06
7.2580925e-06
7.2579298e-06
7.2576497e-06
7.2572401e-06
7.256687e-06
7.2559745e-06
7.2550842e-06
)
;
    }
    procBoundary1to2
    {
        type            processor;
        value           nonuniform List<scalar> 
23
(
6.6682924e-06
6.1713421e-06
5.7558042e-06
5.4147494e-06
5.1415317e-06
4.9295133e-06
4.7716867e-06
4.6603032e-06
4.5866896e-06
4.5415206e-06
4.515651e-06
4.5013173e-06
4.4930067e-06
4.4875561e-06
4.4834545e-06
4.480098e-06
4.4772051e-06
4.4746606e-06
4.4723548e-06
4.4702562e-06
4.4682746e-06
4.4664237e-06
4.4645374e-06
)
;
    }
    procBoundary1to6
    {
        type            processor;
        value           nonuniform List<scalar> 3(7.2427729e-06 7.2433357e-06 7.2433357e-06);
    }
    procBoundary1to7
    {
        type            processor;
        value           nonuniform List<scalar> 
23
(
6.6632368e-06
6.173159e-06
5.7641524e-06
5.4290454e-06
5.1610908e-06
4.9536105e-06
4.7995745e-06
4.6912141e-06
4.6198533e-06
4.5762054e-06
4.5512381e-06
4.5373557e-06
4.5292347e-06
4.5238457e-06
4.519763e-06
4.5164037e-06
4.5135077e-06
4.5109491e-06
4.5086344e-06
4.5065156e-06
4.5045316e-06
4.5026641e-06
4.5007728e-06
)
;
    }
}


// ************************************************************************* //
