/*--------------------------------*- C++ -*----------------------------------*\
  =========                 |
  \\      /  F ield         | OpenFOAM: The Open Source CFD Toolbox
   \\    /   O peration     | Website:  https://openfoam.org
    \\  /    A nd           | Version:  12
     \\/     M anipulation  |
\*---------------------------------------------------------------------------*/
FoamFile
{
    format      ascii;
    class       volVectorField;
    location    "1300";
    object      U;
}
// * * * * * * * * * * * * * * * * * * * * * * * * * * * * * * * * * * * * * //

dimensions      [0 1 -1 0 0 0 0];

internalField   nonuniform List<vector> 
808
(
(0.9995017 0.0030570621 0)
(0.99957202 0.0029960786 0)
(0.99963599 0.002942782 0)
(0.99969465 0.0028945634 0)
(0.99974912 0.0028498228 0)
(0.99979974 0.0028080808 0)
(0.99984672 0.0027691157 0)
(0.99989041 0.0027327684 0)
(0.99993135 0.002698725 0)
(0.99997012 0.0026668085 0)
(1.0000072 0.0026365546 0)
(1.0000441 0.0026081168 0)
(1.0000794 0.0025812451 0)
(1.0001106 0.0025555258 0)
(1.0001345 0.002531692 0)
(1.0001371 0.0025102025 0)
(1.0000731 0.0024891449 0)
(0.99984502 0.0024659759 0)
(0.999214 0.0024399194 0)
(0.99778879 0.0024071746 0)
(0.99522257 0.0023593838 0)
(0.99129251 0.0022852901 0)
(0.98603584 0.0021889613 0)
(0.97979597 0.002085397 0)
(0.97301386 0.0019775453 0)
(0.96597098 0.0018655477 0)
(0.95888592 0.0017543154 0)
(0.95184617 0.0016517278 0)
(0.94489478 0.0015586595 0)
(0.93807588 0.0014705917 0)
(0.93148691 0.001390057 0)
(0.92495135 0.0013155948 0)
(0.91853258 0.0012437218 0)
(0.99955577 0.0030707483 0)
(0.99963138 0.0030076578 0)
(0.99970022 0.0029524301 0)
(0.99976332 0.0029026336 0)
(0.99982188 0.0028565819 0)
(0.99987637 0.0028137315 0)
(0.99992701 0.0027738288 0)
(0.99997419 0.0027366888 0)
(1.0000184 0.0027019615 0)
(1.00006 0.002669454 0)
(1.0000993 0.0026387868 0)
(1.0001368 0.0026099306 0)
(1.0001727 0.0025825229 0)
(1.0002078 0.0025563184 0)
(1.0002417 0.0025316205 0)
(1.0002743 0.0025080415 0)
(1.0003044 0.0024852496 0)
(1.0003291 0.0024641323 0)
(1.0003376 0.0024450978 0)
(1.0003005 0.0024266167 0)
(1.0001454 0.0024064656 0)
(0.99973996 0.0023849804 0)
(0.99877142 0.0023596613 0)
(0.99694145 0.0023238622 0)
(0.99399888 0.0022705267 0)
(0.98986548 0.0021931578 0)
(0.9846048 0.0021012376 0)
(0.97863963 0.0020064349 0)
(0.97226845 0.0019067004 0)
(0.96569648 0.0018035075 0)
(0.95909408 0.0017013766 0)
(0.95252259 0.0016074375 0)
(0.94601411 0.0015219391 0)
(0.99953056 0.0030434407 0)
(0.99961027 0.0029835773 0)
(0.99968327 0.0029310032 0)
(0.99975042 0.0028835845 0)
(0.99981301 0.002839645 0)
(0.99987153 0.0027986473 0)
(0.9999262 0.0027603738 0)
(0.99997742 0.0027246576 0)
(1.0000256 0.0026911801 0)
(1.0000713 0.0026597696 0)
(1.0001146 0.0026300788 0)
(1.0001559 0.0026020423 0)
(1.0001953 0.0025754077 0)
(1.0002331 0.0025499731 0)
(1.0002694 0.0025258551 0)
(1.0003043 0.0025026665 0)
(1.0003379 0.0024802947 0)
(1.0003704 0.0024591357 0)
(1.0004017 0.0024388598 0)
(1.000431 0.0024189728 0)
(1.000457 0.0024002983 0)
(1.0004759 0.0023834731 0)
(1.0004699 0.0023673775 0)
(1.0003985 0.0023506141 0)
(1.0001869 0.0023327471 0)
(0.99966408 0.0023134165 0)
(0.99855525 0.0022892283 0)
(0.99662187 0.0022539425 0)
(0.99366847 0.0022015462 0)
(0.98966297 0.0021277063 0)
(0.98466502 0.0020423043 0)
(0.97906315 0.0019552588 0)
(0.97309389 0.0018629891 0)
(0.99948718 0.0030579211 0)
(0.99956756 0.0029964928 0)
(0.99964132 0.0029423083 0)
(0.99970922 0.0028934867 0)
(0.99977262 0.0028483223 0)
(0.99983205 0.0028062275 0)
(0.99988777 0.002766973 0)
(0.99994016 0.0027303724 0)
(0.99998966 0.0026961081 0)
(1.0000367 0.0026639867 0)
(1.0000816 0.0026336684 0)
(1.0001245 0.0026050631 0)
(1.0001657 0.0025779426 0)
(1.0002054 0.0025520742 0)
(1.0002435 0.0025275291 0)
(1.0002805 0.0025040408 0)
(1.0003162 0.0024814874 0)
(1.0003508 0.0024600458 0)
(1.0003845 0.0024393927 0)
(1.0004178 0.0024193191 0)
(1.0004499 0.0024002456 0)
(1.0004805 0.0023819059 0)
(1.00051 0.0023638337 0)
(1.0005371 0.0023464528 0)
(1.0005606 0.0023305001 0)
(1.0005756 0.0023157512 0)
(1.000562 0.0023012141 0)
(1.0004795 0.002285759 0)
(1.0002588 0.002269683 0)
(0.99973582 0.0022523512 0)
(0.9986711 0.0022302943 0)
(0.99686095 0.0021976974 0)
(0.99413672 0.0021502263 0)
(0.99944643 0.0030263659 0)
(0.9995271 0.0029680532 0)
(0.99960111 0.0029164362 0)
(0.99966909 0.002869956 0)
(0.99973243 0.0028269398 0)
(0.99979179 0.0027867806 0)
(0.99984743 0.0027492681 0)
(0.99989974 0.0027142292 0)
(0.99994916 0.0026813734 0)
(0.99999613 0.0026505095 0)
(1.000041 0.0026213338 0)
(1.0000839 0.0025937504 0)
(1.0001251 0.0025675553 0)
(1.0001648 0.0025425278 0)
(1.0002031 0.0025187294 0)
(1.0002402 0.0024959418 0)
(1.0002762 0.0024740112 0)
(1.0003111 0.0024530824 0)
(1.0003451 0.0024329578 0)
(1.0003784 0.0024134578 0)
(1.0004109 0.0023947987 0)
(1.0004428 0.0023767754 0)
(1.0004742 0.0023591391 0)
(1.0005055 0.0023421535 0)
(1.0005361 0.0023258338 0)
(1.0005654 0.0023098505 0)
(1.0005933 0.0022940156 0)
(1.0006191 0.0022789346 0)
(1.0006416 0.0022651566 0)
(1.0006572 0.002252225 0)
(1.0006458 0.0022392653 0)
(1.0005751 0.0022254652 0)
(1.0003855 0.002211195 0)
(0.99943639 0.0030397147 0)
(0.99951669 0.0029804525 0)
(0.99959032 0.0029276763 0)
(0.99965776 0.0028801227 0)
(0.99972045 0.0028361471 0)
(0.99977912 0.0027950917 0)
(0.99983406 0.0027567398 0)
(0.99988565 0.0027209127 0)
(0.99993435 0.0026873268 0)
(0.99998056 0.0026557773 0)
(1.0000246 0.0026259786 0)
(1.0000668 0.002597812 0)
(1.0001072 0.0025710839 0)
(1.0001461 0.0025455816 0)
(1.0001837 0.002521335 0)
(1.00022 0.0024981466 0)
(1.0002552 0.0024758559 0)
(1.0002893 0.002454585 0)
(1.0003226 0.0024341723 0)
(1.0003551 0.00241441 0)
(1.0003868 0.0023954606 0)
(1.000418 0.0023772198 0)
(1.0004485 0.0023594611 0)
(1.0004785 0.0023422945 0)
(1.0005081 0.0023257328 0)
(1.0005374 0.0023095995 0)
(1.0005664 0.0022938043 0)
(1.0005955 0.0022786124 0)
(1.0006241 0.0022638567 0)
(1.0006518 0.0022492764 0)
(1.0006784 0.0022347953 0)
(1.0007037 0.0022209127 0)
(1.0007267 0.0022082048 0)
(0.99950718 0.0030064105 0)
(0.99958627 0.0029501985 0)
(0.99965869 0.0028999029 0)
(0.99972474 0.0028545899 0)
(0.99978591 0.0028126971 0)
(0.99984302 0.0027735348 0)
(0.99989638 0.0027368948 0)
(0.99994638 0.0027026147 0)
(0.99999346 0.0026704353 0)
(1.000038 0.0026401565 0)
(1.0000804 0.002611523 0)
(1.0001209 0.0025844106 0)
(1.0001597 0.0025586476 0)
(1.0001969 0.0025340409 0)
(1.0002327 0.0025105976 0)
(1.0002673 0.0024881524 0)
(1.0003008 0.0024665573 0)
(1.0003332 0.002445907 0)
(1.0003648 0.0024260663 0)
(1.0003956 0.0024068407 0)
(1.0004256 0.0023883685 0)
(1.0004549 0.002370578 0)
(1.0004838 0.0023532392 0)
(1.000512 0.0023364243 0)
(1.0005397 0.0023201975 0)
(1.0005671 0.002304434 0)
(1.0005941 0.0022890003 0)
(1.0006208 0.0022740265 0)
(1.0006473 0.0022594452 0)
(1.0006735 0.0022451741 0)
(1.0006998 0.0022311623 0)
(1.0007259 0.0022175415 0)
(1.0007519 0.0022042668 0)
(0.99962083 0.0030143253 0)
(0.99970042 0.002958037 0)
(0.99977328 0.0029072878 0)
(0.99983954 0.0028614741 0)
(0.99990071 0.0028191387 0)
(0.99995769 0.0027795448 0)
(1.0000109 0.0027424706 0)
(1.0000606 0.0027077562 0)
(1.0001073 0.0026751541 0)
(1.0001514 0.0026444579 0)
(1.0001933 0.002615429 0)
(1.0002332 0.002587931 0)
(1.0002713 0.0025618026 0)
(1.0003078 0.0025368615 0)
(1.0003429 0.0025130875 0)
(1.0003767 0.0024903381 0)
(1.0004093 0.0024684711 0)
(1.0004408 0.0024475461 0)
(1.0004715 0.00242745 0)
(1.0005012 0.0024080063 0)
(1.0005301 0.0023893144 0)
(1.0005584 0.0023713146 0)
(1.000586 0.0023537969 0)
(1.0006131 0.0023368144 0)
(1.0006395 0.0023204327 0)
(1.0006656 0.0023045271 0)
(1.0006912 0.0022889504 0)
(1.0007163 0.002273818 0)
(1.0007411 0.002259133 0)
(1.0007657 0.0022448156 0)
(1.00079 0.0022307472 0)
(1.0008141 0.0022169673 0)
(1.000838 0.0022035111 0)
(0.99971575 0.0029833961 0)
(0.99979714 0.002930003 0)
(0.99987177 0.0028814831 0)
(0.99993963 0.0028375836 0)
(1.0000022 0.002797021 0)
(1.0000604 0.0027590404 0)
(1.0001148 0.0027234171 0)
(1.0001657 0.0026900112 0)
(1.0002134 0.0026586005 0)
(1.0002586 0.0026289863 0)
(1.0003014 0.0026009539 0)
(1.0003422 0.0025743664 0)
(1.0003812 0.002549078 0)
(1.0004185 0.0025249241 0)
(1.0004544 0.0025018672 0)
(1.0004889 0.0024797879 0)
(1.0005222 0.0024585559 0)
(1.0005543 0.0024382037 0)
(1.0005855 0.0024186421 0)
(1.0006158 0.0023997155 0)
(1.0006453 0.0023814877 0)
(1.000674 0.0023639142 0)
(1.0007021 0.0023468159 0)
(1.0007295 0.002330223 0)
(1.0007563 0.0023141909 0)
(1.0007827 0.0022986116 0)
(1.0008086 0.0022833555 0)
(1.000834 0.0022685219 0)
(1.000859 0.0022541197 0)
(1.0008838 0.0022400531 0)
(1.0009082 0.0022262036 0)
(1.0009323 0.0022126238 0)
(0.99980457 0.0029784586 0)
(0.99988716 0.0029264294 0)
(0.99996304 0.0028787409 0)
(1.000032 0.0028354165 0)
(1.0000955 0.0027953657 0)
(1.0001546 0.0027578167 0)
(1.0002098 0.0027225257 0)
(1.0002615 0.0026893658 0)
(1.0003101 0.0026581377 0)
(1.000356 0.0026286485 0)
(1.0003996 0.0026007021 0)
(1.0004411 0.0025741619 0)
(1.0004808 0.0025488937 0)
(1.0005188 0.002524748 0)
(1.0005553 0.0025016722 0)
(1.0005905 0.0024795638 0)
(1.0006244 0.002458304 0)
(1.0006573 0.002437901 0)
(1.0006891 0.0024182826 0)
(1.0007201 0.002399312 0)
(1.0007502 0.002381022 0)
(1.0007796 0.002363379 0)
(1.0008084 0.0023462312 0)
(1.0008364 0.0023295853 0)
(1.0008639 0.0023134861 0)
(1.000891 0.0022978454 0)
(1.0009175 0.0022825488 0)
(1.0009436 0.0022676666 0)
(1.0009693 0.0022532069 0)
(1.0009947 0.0022390826 0)
(1.0010199 0.002225195 0)
(1.0010446 0.0022115907 0)
(0.9998346 0.0029533112 0)
(0.99991929 0.0029035257 0)
(0.99999724 0.0028575128 0)
(1.0000682 0.0028155263 0)
(1.0001334 0.0027767132 0)
(1.0001941 0.0027403108 0)
(1.0002509 0.0027060505 0)
(1.000304 0.0026738166 0)
(1.000354 0.0026434328 0)
(1.0004013 0.0026147143 0)
(1.0004463 0.0025874807 0)
(1.0004891 0.0025615976 0)
(1.00053 0.00253694 0)
(1.0005693 0.0025133728 0)
(1.000607 0.0024908316 0)
(1.0006434 0.0024692268 0)
(1.0006785 0.0024484512 0)
(1.0007125 0.0024284931 0)
(1.0007455 0.0024092924 0)
(1.0007776 0.0023907312 0)
(1.0008088 0.0023728171 0)
(1.0008394 0.0023555232 0)
(1.0008692 0.0023387231 0)
(1.0008984 0.0023224054 0)
(1.000927 0.0023066047 0)
(1.0009551 0.0022912506 0)
(1.0009828 0.0022762414 0)
(1.00101 0.0022616222 0)
(1.0010368 0.0022474036 0)
(1.0010634 0.0022335122 0)
(1.0010896 0.002219862 0)
(1.0011155 0.0022064819 0)
(0.99982481 0.0029323924 0)
(0.99991085 0.002885741 0)
(0.99999014 0.0028421013 0)
(1.0000624 0.0028019296 0)
(1.0001288 0.0027646703 0)
(1.0001905 0.0027296277 0)
(1.0002482 0.002696526 0)
(1.0003023 0.0026652717 0)
(1.0003533 0.0026357252 0)
(1.0004015 0.0026077234 0)
(1.0004472 0.0025811082 0)
(1.0004909 0.0025557566 0)
(1.0005327 0.0025315582 0)
(1.0005727 0.0025083956 0)
(1.0006113 0.0024862017 0)
(1.0006484 0.0024648992 0)
(1.0006844 0.0024443958 0)
(1.0007192 0.002424667 0)
(1.000753 0.0024056629 0)
(1.0007859 0.0023872855 0)
(1.0008179 0.0023695243 0)
(1.0008492 0.0023523568 0)
(1.0008799 0.0023356807 0)
(1.0009099 0.0023194728 0)
(1.0009393 0.0023037572 0)
(1.0009683 0.0022884789 0)
(1.0009968 0.0022735498 0)
(1.0010249 0.0022589946 0)
(1.0010526 0.0022448252 0)
(1.00108 0.0022309801 0)
(1.0011071 0.0022173824 0)
(1.0011339 0.0022040474 0)
(0.99981087 0.0029085272 0)
(0.9998978 0.0028641639 0)
(0.99997794 0.0028223117 0)
(1.000051 0.0027834788 0)
(1.0001181 0.0027473766 0)
(1.0001804 0.0027133908 0)
(1.0002387 0.0026812252 0)
(1.0002933 0.0026507895 0)
(1.0003446 0.0026219707 0)
(1.0003932 0.0025946219 0)
(1.0004394 0.0025685994 0)
(1.0004834 0.0025437874 0)
(1.0005255 0.002520084 0)
(1.0005658 0.0024973847 0)
(1.0006046 0.0024756187 0)
(1.0006421 0.0024547158 0)
(1.0006782 0.0024345946 0)
(1.0007133 0.0024152196 0)
(1.0007473 0.0023965459 0)
(1.0007804 0.0023784913 0)
(1.0008127 0.0023610312 0)
(1.0008442 0.0023441431 0)
(1.0008751 0.0023277446 0)
(1.0009053 0.0023118039 0)
(1.0009349 0.0022963335 0)
(1.0009641 0.00228129 0)
(1.0009928 0.002266598 0)
(1.0010211 0.0022522655 0)
(1.001049 0.0022383021 0)
(1.0010766 0.0022246563 0)
(1.0011039 0.0022112605 0)
(1.001131 0.0021981197 0)
(0.99979685 0.0028773585 0)
(0.99988479 0.0028366277 0)
(0.99996581 0.0027978162 0)
(1.0000398 0.0027613983 0)
(1.0001077 0.0027273473 0)
(1.0001706 0.0026951861 0)
(1.0002295 0.0026646263 0)
(1.0002846 0.0026355878 0)
(1.0003365 0.0026079931 0)
(1.0003855 0.0025817244 0)
(1.000432 0.0025566601 0)
(1.0004764 0.0025326995 0)
(1.0005188 0.0025097553 0)
(1.0005594 0.0024877397 0)
(1.0005985 0.0024665863 0)
(1.0006362 0.0024462342 0)
(1.0006726 0.0024266151 0)
(1.0007078 0.0024076903 0)
(1.000742 0.0023894201 0)
(1.0007753 0.0023717384 0)
(1.0008077 0.0023546142 0)
(1.0008393 0.0023380251 0)
(1.0008703 0.0023219069 0)
(1.0009007 0.0023062252 0)
(1.0009304 0.002290983 0)
(1.0009596 0.0022761469 0)
(1.0009884 0.0022616551 0)
(1.0010168 0.0022475037 0)
(1.0010448 0.002233699 0)
(1.0010724 0.0022201998 0)
(1.0010998 0.0022069486 0)
(1.0011269 0.0021939425 0)
(0.99978245 0.0028458519 0)
(0.99987129 0.0028086711 0)
(0.99995305 0.0027728157 0)
(1.0000279 0.0027386863 0)
(1.0000965 0.0027064917 0)
(1.0001601 0.0026759373 0)
(1.0002195 0.0026467722 0)
(1.0002752 0.0026189294 0)
(1.0003276 0.0025923666 0)
(1.0003771 0.0025669997 0)
(1.0004241 0.0025427311 0)
(1.0004689 0.0025194763 0)
(1.0005116 0.0024971623 0)
(1.0005526 0.0024757165 0)
(1.000592 0.0024550791 0)
(1.00063 0.0024351964 0)
(1.0006667 0.002416011 0)
(1.0007022 0.0023974834 0)
(1.0007366 0.002379577 0)
(1.0007701 0.0023622381 0)
(1.0008028 0.0023454325 0)
(1.0008346 0.0023291363 0)
(1.0008658 0.0023132991 0)
(1.0008963 0.002297886 0)
(1.0009262 0.0022828912 0)
(1.0009556 0.0022682882 0)
(1.0009845 0.0022540261 0)
(1.001013 0.0022400928 0)
(1.0010411 0.0022264894 0)
(1.0010689 0.0022131831 0)
(1.0010963 0.0022001253 0)
(1.0011235 0.0021873068 0)
(0.99976749 0.0028075078 0)
(0.99985715 0.0027742185 0)
(0.99993955 0.0027417693 0)
(1.0000151 0.002710434 0)
(1.0000845 0.00268057 0)
(1.0001488 0.002652066 0)
(1.0002088 0.0026247274 0)
(1.0002651 0.0025984964 0)
(1.000318 0.0025733581 0)
(1.000368 0.0025492614 0)
(1.0004155 0.0025261329 0)
(1.0004607 0.0025039053 0)
(1.0005038 0.0024825198 0)
(1.0005452 0.0024619189 0)
(1.000585 0.0024420512 0)
(1.0006232 0.0024228712 0)
(1.0006602 0.0024043318 0)
(1.000696 0.002386396 0)
(1.0007307 0.0023690311 0)
(1.0007645 0.002352194 0)
(1.0007974 0.0023358513 0)
(1.0008294 0.0023199791 0)
(1.0008608 0.0023045381 0)
(1.0008915 0.0022894958 0)
(1.0009216 0.0022748409 0)
(1.0009512 0.0022605517 0)
(1.0009802 0.002246588 0)
(1.0010089 0.0022329331 0)
(1.0010371 0.0022195839 0)
(1.001065 0.0022065147 0)
(1.0010926 0.0021936856 0)
(1.00112 0.0021810837 0)
(0.99975267 0.0027649316 0)
(0.99984295 0.0027361765 0)
(0.9999258 0.002707679 0)
(1.0000019 0.0026796275 0)
(1.000072 0.0026524702 0)
(1.0001368 0.0026262843 0)
(1.0001974 0.0026009714 0)
(1.0002542 0.0025765025 0)
(1.0003076 0.0025528953 0)
(1.0003581 0.0025301392 0)
(1.000406 0.0025081939 0)
(1.0004517 0.0024870156 0)
(1.0004952 0.0024665646 0)
(1.000537 0.0024468013 0)
(1.0005771 0.0024276877 0)
(1.0006157 0.0024091885 0)
(1.000653 0.0023912681 0)
(1.0006891 0.0023738955 0)
(1.0007241 0.0023570432 0)
(1.0007581 0.0023406777 0)
(1.0007912 0.0023247695 0)
(1.0008235 0.0023092958 0)
(1.0008551 0.0022942261 0)
(1.000886 0.0022795318 0)
(1.0009163 0.0022651988 0)
(1.0009461 0.0022512085 0)
(1.0009754 0.0022375297 0)
(1.0010042 0.0022241436 0)
(1.0010326 0.0022110436 0)
(1.0010606 0.0021982094 0)
(1.0010884 0.0021856087 0)
(1.0011158 0.0021732264 0)
(0.9997384 0.0027166626 0)
(0.99982892 0.0026927372 0)
(0.99991192 0.0026684302 0)
(0.99998838 0.002643936 0)
(1.0000589 0.0026197477 0)
(1.0001242 0.002596106 0)
(1.0001853 0.0025730291 0)
(1.0002425 0.0025505317 0)
(1.0002965 0.0025286618 0)
(1.0003474 0.0025074465 0)
(1.0003958 0.0024868796 0)
(1.0004418 0.0024669413 0)
(1.0004858 0.0024476108 0)
(1.000528 0.0024288651 0)
(1.0005684 0.0024106797 0)
(1.0006074 0.0023930299 0)
(1.000645 0.00237589 0)
(1.0006814 0.002359236 0)
(1.0007167 0.0023430457 0)
(1.000751 0.0023272935 0)
(1.0007844 0.0023119547 0)
(1.000817 0.0022970088 0)
(1.0008488 0.0022824317 0)
(1.0008799 0.0022681997 0)
(1.0009104 0.0022542974 0)
(1.0009404 0.0022407086 0)
(1.0009699 0.0022274092 0)
(1.0009989 0.0022143809 0)
(1.0010274 0.0022016145 0)
(1.0010557 0.0021890934 0)
(1.0010835 0.0021767923 0)
(1.0011111 0.0021646958 0)
(0.99972538 0.002662351 0)
(0.99981561 0.0026437471 0)
(0.99989841 0.0026240644 0)
(0.99997487 0.0026035854 0)
(1.0000456 0.0025828165 0)
(1.0001113 0.0025621165 0)
(1.0001727 0.0025416224 0)
(1.0002303 0.0025214069 0)
(1.0002847 0.0025015512 0)
(1.000336 0.0024821194 0)
(1.0003848 0.0024631413 0)
(1.0004313 0.0024446253 0)
(1.0004756 0.0024265726 0)
(1.0005182 0.0024089793 0)
(1.000559 0.0023918369 0)
(1.0005983 0.002375134 0)
(1.0006363 0.0023588567 0)
(1.000673 0.0023429903 0)
(1.0007086 0.0023275203 0)
(1.0007432 0.0023124294 0)
(1.0007768 0.0022976996 0)
(1.0008096 0.0022833148 0)
(1.0008417 0.0022692573 0)
(1.0008731 0.0022555087 0)
(1.0009038 0.0022420551 0)
(1.000934 0.0022288831 0)
(1.0009636 0.0022159745 0)
(1.0009928 0.0022033133 0)
(1.0010216 0.0021908893 0)
(1.00105 0.0021786893 0)
(1.001078 0.0021666938 0)
(1.0011058 0.0021548884 0)
(0.99971446 0.0026017665 0)
(0.99980369 0.0025888728 0)
(0.99988579 0.0025741338 0)
(0.99996185 0.0025579884 0)
(1.0000325 0.0025409613 0)
(1.0000982 0.0025234925 0)
(1.0001598 0.0025058309 0)
(1.0002177 0.0024881213 0)
(1.0002723 0.0024704861 0)
(1.000324 0.0024530268 0)
(1.0003731 0.0024358107 0)
(1.0004199 0.0024188777 0)
(1.0004647 0.0024022532 0)
(1.0005075 0.0023859537 0)
(1.0005487 0.0023699882 0)
(1.0005883 0.0023543597 0)
(1.0006266 0.0023390666 0)
(1.0006637 0.0023241047 0)
(1.0006996 0.0023094675 0)
(1.0007344 0.0022951462 0)
(1.0007684 0.0022811298 0)
(1.0008015 0.0022674073 0)
(1.0008338 0.0022539668 0)
(1.0008654 0.002240795 0)
(1.0008964 0.0022278809 0)
(1.0009268 0.0022152135 0)
(1.0009566 0.0022027797 0)
(1.000986 0.0021905661 0)
(1.001015 0.0021785631 0)
(1.0010436 0.0021667597 0)
(1.0010718 0.0021551411 0)
(1.0010997 0.0021436951 0)
(0.99970659 0.0025347784 0)
(0.99979393 0.0025278352 0)
(0.99987471 0.0025182898 0)
(0.99994986 0.0025067529 0)
(1.0000199 0.0024937822 0)
(1.0000855 0.0024798671 0)
(1.0001469 0.0024653438 0)
(1.0002049 0.0024504295 0)
(1.0002596 0.0024352911 0)
(1.0003115 0.0024200653 0)
(1.0003609 0.0024048547 0)
(1.0004079 0.0023897302 0)
(1.000453 0.0023747426 0)
(1.0004961 0.0023599291 0)
(1.0005376 0.0023453167 0)
(1.0005776 0.0023309239 0)
(1.0006161 0.0023167623 0)
(1.0006535 0.0023028389 0)
(1.0006897 0.002289157 0)
(1.0007248 0.0022757162 0)
(1.000759 0.0022625138 0)
(1.0007924 0.002249545 0)
(1.000825 0.002236804 0)
(1.0008568 0.0022242834 0)
(1.000888 0.0022119761 0)
(1.0009187 0.0021998748 0)
(1.0009488 0.0021879706 0)
(1.0009784 0.0021762541 0)
(1.0010075 0.0021647174 0)
(1.0010363 0.002153352 0)
(1.0010647 0.0021421474 0)
(1.0010928 0.0021310938 0)
(0.99970272 0.0024615435 0)
(0.9997872 0.0024605924 0)
(0.99986593 0.0024563764 0)
(0.99993958 0.0024496322 0)
(1.0000086 0.002440954 0)
(1.0000735 0.0024308565 0)
(1.0001345 0.0024197335 0)
(1.0001922 0.0024078646 0)
(1.0002468 0.0023954616 0)
(1.0002988 0.0023826955 0)
(1.0003482 0.0023697015 0)
(1.0003954 0.0023565815 0)
(1.0004406 0.0023434123 0)
(1.000484 0.0023302532 0)
(1.0005257 0.0023171502 0)
(1.0005659 0.0023041382 0)
(1.0006048 0.0022912433 0)
(1.0006424 0.0022784849 0)
(1.0006788 0.0022658768 0)
(1.0007142 0.0022534284 0)
(1.0007487 0.0022411452 0)
(1.0007823 0.0022290301 0)
(1.0008151 0.0022170835 0)
(1.0008473 0.0022053042 0)
(1.0008787 0.0021936898 0)
(1.0009096 0.0021822371 0)
(1.0009399 0.0021709417 0)
(1.0009697 0.002159798 0)
(1.0009991 0.0021488006 0)
(1.001028 0.002137944 0)
(1.0010567 0.002127221 0)
(1.001085 0.0021166247 0)
(0.99970376 0.0023825103 0)
(0.99978442 0.0023873396 0)
(0.99986028 0.0023884114 0)
(0.99993173 0.0023865094 0)
(0.99999914 0.0023822489 0)
(1.0000628 0.0023761511 0)
(1.000123 0.0023686395 0)
(1.0001801 0.0023600375 0)
(1.0002344 0.0023505956 0)
(1.000286 0.0023405156 0)
(1.0003354 0.0023299609 0)
(1.0003826 0.002319061 0)
(1.0004278 0.0023079172 0)
(1.0004713 0.0022966103 0)
(1.0005131 0.0022852047 0)
(1.0005535 0.0022737516 0)
(1.0005926 0.0022622918 0)
(1.0006304 0.0022508569 0)
(1.000667 0.002239472 0)
(1.0007027 0.0022281562 0)
(1.0007374 0.0022169239 0)
(1.0007712 0.0022057857 0)
(1.0008043 0.0021947491 0)
(1.0008366 0.0021838189 0)
(1.0008683 0.0021729984 0)
(1.0008994 0.0021622888 0)
(1.0009299 0.0021516903 0)
(1.0009599 0.0021412016 0)
(1.0009895 0.0021308205 0)
(1.0010187 0.0021205445 0)
(1.0010475 0.00211037 0)
(1.001076 0.0021002931 0)
(0.99971048 0.002298409 0)
(0.9997864 0.0023085466 0)
(0.99985856 0.002314654 0)
(0.9999271 0.0023174801 0)
(0.99999222 0.0023176264 0)
(1.0000541 0.0023156008 0)
(1.000113 0.0023118289 0)
(1.0001691 0.0023066546 0)
(1.0002226 0.0023003535 0)
(1.0002737 0.0022931504 0)
(1.0003227 0.0022852305 0)
(1.0003696 0.0022767451 0)
(1.0004147 0.002267817 0)
(1.0004581 0.002258546 0)
(1.0005 0.0022490141 0)
(1.0005404 0.002239288 0)
(1.0005795 0.0022294225 0)
(1.0006175 0.002219462 0)
(1.0006543 0.0022094429 0)
(1.0006901 0.0021993945 0)
(1.000725 0.0021893403 0)
(1.000759 0.0021792992 0)
(1.0007923 0.0021692859 0)
(1.0008248 0.002159312 0)
(1.0008567 0.0021493866 0)
(1.0008879 0.0021395164 0)
(1.0009187 0.0021297062 0)
(1.0009489 0.002119959 0)
(1.0009787 0.0021102768 0)
(1.0010081 0.0021006604 0)
(1.0010371 0.0020911096 0)
(1.0010657 0.0020816238 0)
(0.99972335 0.0022102095 0)
(0.99979379 0.0022249539 0)
(0.99986148 0.0022356272 0)
(0.9999264 0.0022428805 0)
(0.99998858 0.0022472618 0)
(1.0000481 0.0022492409 0)
(1.0001051 0.0022492217 0)
(1.0001597 0.0022475447 0)
(1.000212 0.0022444928 0)
(1.0002622 0.0022403022 0)
(1.0003105 0.0022351711 0)
(1.0003569 0.0022292658 0)
(1.0004016 0.0022227247 0)
(1.0004447 0.0022156631 0)
(1.0004864 0.0022081776 0)
(1.0005267 0.0022003487 0)
(1.0005658 0.0021922438 0)
(1.0006037 0.0021839192 0)
(1.0006406 0.0021754219 0)
(1.0006765 0.002166791 0)
(1.0007114 0.002158059 0)
(1.0007456 0.0021492529 0)
(1.000779 0.0021403949 0)
(1.0008117 0.0021315034 0)
(1.0008437 0.0021225932 0)
(1.0008752 0.0021136766 0)
(1.0009061 0.0021047635 0)
(1.0009365 0.0020958614 0)
(1.0009664 0.0020869765 0)
(1.000996 0.0020781133 0)
(1.0010251 0.0020692752 0)
(1.001054 0.0020604646 0)
)
;

boundaryField
{
    bottom
    {
        type            fixedValue;
        value           nonuniform List<vector> 0();
    }
    back
    {
        type            empty;
    }
    front
    {
        type            empty;
    }
    inlet
    {
        type            fixedValue;
        value           nonuniform List<vector> 0();
    }
    outlet
    {
        type            zeroGradient;
    }
    top
    {
        type            zeroGradient;
    }
    slipsurface
    {
        type            slip;
    }
    procBoundary6to1
    {
        type            processor;
        value           nonuniform List<vector> 
30
(
(0.99956515 0.0029078993 0)
(0.999619 0.002861318 0)
(0.99966888 0.0028180249 0)
(0.99971518 0.0027777672 0)
(0.99975844 0.0027403067 0)
(0.99980002 0.0027052692 0)
(0.99984037 0.0026726617 0)
(0.99987757 0.0026419677 0)
(0.99990596 0.002613398 0)
(0.99991396 0.0025877366 0)
(0.99985132 0.0025630936 0)
(0.99960019 0.0025362405 0)
(0.9988514 0.0025050817 0)
(0.99711255 0.0024653491 0)
(0.9939577 0.0024049552 0)
(0.98921958 0.0023131192 0)
(0.98297946 0.0022014689 0)
(0.97587534 0.0020855898 0)
(0.96832922 0.0019641841 0)
(0.96064936 0.0018414095 0)
(0.95300692 0.0017253281 0)
(0.94546893 0.00162021 0)
(0.93808956 0.001522501 0)
(0.93097519 0.0014335109 0)
(0.92395826 0.0013517142 0)
(0.91709313 0.0012735991 0)
(0.91046107 0.0011994021 0)
(0.90412907 0.0011300523 0)
(0.89806298 0.0010662568 0)
(0.89223018 0.0010073922 0)
)
;
    }
    procBoundary6to3
    {
        type            processor;
        value           nonuniform List<vector> 3((0.9993735 0.0030784356 0) (0.99944351 0.0030141765 0) (0.99950701 0.0029583077 0));
    }
    procBoundary6to4
    {
        type            processor;
        value           nonuniform List<vector> 
32
(
(0.99974364 0.0021190521 0)
(0.99980807 0.0021375313 0)
(0.99987067 0.0021521077 0)
(0.99993131 0.0021633014 0)
(0.99998992 0.0021715741 0)
(1.0000465 0.0021773345 0)
(1.000101 0.0021809437 0)
(1.0001536 0.002182717 0)
(1.0002042 0.0021829261 0)
(1.0002531 0.0021818044 0)
(1.0003003 0.0021795519 0)
(1.0003458 0.0021763405 0)
(1.0003898 0.0021723168 0)
(1.0004324 0.0021676059 0)
(1.0004736 0.0021623146 0)
(1.0005136 0.0021565337 0)
(1.0005525 0.0021503408 0)
(1.0005902 0.0021438023 0)
(1.000627 0.0021369742 0)
(1.0006629 0.0021299047 0)
(1.0006978 0.0021226344 0)
(1.000732 0.002115198 0)
(1.0007655 0.0021076249 0)
(1.0007982 0.00209994 0)
(1.0008304 0.0020921643 0)
(1.0008619 0.0020843156 0)
(1.0008929 0.0020764087 0)
(1.0009235 0.002068456 0)
(1.0009536 0.0020604681 0)
(1.0009833 0.0020524533 0)
(1.0010126 0.0020444187 0)
(1.0010416 0.0020363701 0)
)
;
    }
    procBoundary6to5
    {
        type            processor;
        value           uniform (0.99965031 0.0021906308 0);
    }
    procBoundary6to7
    {
        type            processor;
        value           nonuniform List<vector> 
24
(
(0.99942707 0.0031249617 0)
(0.99947544 0.0031409346 0)
(0.99944626 0.0031096991 0)
(0.99940234 0.0031256469 0)
(0.99936127 0.003090338 0)
(0.99935155 0.0031044451 0)
(0.99942338 0.0030675891 0)
(0.99953621 0.0030753282 0)
(0.999629 0.0030410242 0)
(0.99971619 0.0030345622 0)
(0.99974352 0.0030070396 0)
(0.99973168 0.0029825981 0)
(0.99971608 0.0029563438 0)
(0.99970022 0.0029212333 0)
(0.99968414 0.0028856287 0)
(0.99966778 0.0028427639 0)
(0.99965204 0.0027947097 0)
(0.99963762 0.002740443 0)
(0.99962538 0.0026795658 0)
(0.99961634 0.0026120536 0)
(0.99961149 0.0025380722 0)
(0.99961178 0.0024580818 0)
(0.99961801 0.0023728262 0)
(0.99963077 0.0022832896 0)
)
;
    }
    procBoundary6to14
    {
        type            processor;
        value           nonuniform List<vector> 
26
(
(0.912304 0.001175039 0)
(0.93960697 0.0014405429 0)
(0.96692511 0.0017673535 0)
(0.99044952 0.0020834864 0)
(0.99994779 0.0021962186 0)
(1.0007432 0.0021962376 0)
(1.0007777 0.0021910724 0)
(1.0008618 0.0021902955 0)
(1.0009561 0.0021993932 0)
(1.0009561 0.0021993932 0)
(1.0010691 0.0021983334 0)
(1.0011411 0.0021934213 0)
(1.0011604 0.0021910164 0)
(1.0011578 0.0021852665 0)
(1.0011537 0.0021812058 0)
(1.0011505 0.0021747432 0)
(1.001147 0.0021687177 0)
(1.001143 0.0021610656 0)
(1.0011385 0.0021528024 0)
(1.0011333 0.002143269 0)
(1.0011274 0.0021324157 0)
(1.0011206 0.0021201854 0)
(1.001113 0.0021061501 0)
(1.0011042 0.0020903106 0)
(1.0010941 0.002072202 0)
(1.0010825 0.0020516833 0)
)
;
    }
}


// ************************************************************************* //
