#      distance             U_x             U_y             U_z wallShearStr... wallShearStr... wallShearStr...               p         epsilon               k             nut
    0.001215373       0.6311703   3.8525371e-05  -2.3761862e-20               0               0               0   0.00023681312      0.13321518    0.0041425194   1.4669602e-05
   0.0020572852      0.68931136   6.1536282e-05  -4.8247052e-22               0               0               0    0.0002375733     0.068097244    0.0040475644   2.3747632e-05
   0.0029273097      0.72676927   9.2698851e-05   2.8745366e-21               0               0               0   0.00023832462     0.044358786    0.0038882232   3.2306644e-05
   0.0038263852      0.75545596   0.00012775992   1.4085429e-20               0               0               0    0.0002390959     0.032484273     0.003763735   4.0298317e-05
   0.0047554818      0.77918408   0.00016637541   2.7907837e-20               0               0               0   0.00023991997     0.025366456    0.0036499222   4.7701347e-05
   0.0057156019      0.79970932   0.00020877625   2.0467935e-20               0               0               0   0.00024079022      0.02060407    0.0035349783   5.4404261e-05
   0.0067077814      0.81801708   0.00025521598   1.0203452e-20               0               0               0   0.00024169048     0.017171037    0.0034137674   6.0288437e-05
   0.0077330908      0.83472091   0.00030593993   1.0956335e-20               0               0               0   0.00024260797     0.014556533     0.003283642   6.5254425e-05
   0.0087926364      0.85022803   0.00036123669  -8.6782347e-21               0               0               0    0.0002435343     0.012477872    0.0031428852   6.9219973e-05
   0.0098875613      0.86482126   0.00042146914  -5.8009069e-20               0               0               0   0.00024445961     0.010765901     0.002990144   7.2113669e-05
    0.011019047      0.87870383   0.00048676863  -7.6267536e-20               0               0               0   0.00024536459    0.0093130965    0.0028242082    7.386978e-05
    0.012188314      0.89202536   0.00055743231  -2.3562847e-20               0               0               0   0.00024622876    0.0080477388    0.0026439207   7.4425182e-05
    0.013396624      0.90489724    0.0006341283   2.2984425e-20               0               0               0    0.0002470402    0.0069201253    0.0024481491   7.3719125e-05
    0.014645281      0.91740159   0.00071708697   1.4832609e-20               0               0               0   0.00024779037     0.005894844    0.0022357994   7.1693801e-05
    0.015935632      0.92959559   0.00080642555  -1.4577706e-21               0               0               0   0.00024846586    0.0049463665    0.0020058849   6.8298775e-05
    0.017269069      0.94151023   0.00090240707   -3.376666e-21               0               0               0   0.00024904519    0.0040566278    0.0017577298   6.3510102e-05
    0.018647031      0.95313869    0.0010049699               0               0               0               0    0.0002495052    0.0032139698    0.0014915444   5.7378633e-05
    0.020071004      0.96440337    0.0011133654  -3.9489881e-21               0               0               0   0.00024982748    0.0024158828    0.0012098954   5.0115611e-05
    0.021542526      0.97508283    0.0012252465  -3.9489884e-21               0               0               0   0.00024999799    0.0016771808   0.00092109382   4.2235292e-05
    0.023063183      0.98469047    0.0013345554   3.8382727e-21               0               0               0      0.00024999    0.0010385983   0.00064503824   3.4781754e-05
    0.024634616      0.99243575    0.0014290461   2.4136671e-20               0               0               0   0.00024973681   0.00055760103    0.0004152705   2.9642176e-05
    0.026258521      0.99763984    0.0014953989   1.1864734e-20               0               0               0    0.0002491834   0.00026434093   0.00026148489   2.9757882e-05
     0.02793665       1.0004417    0.0015324806  -2.9383823e-21               0               0               0   0.00024834935   0.00012397529   0.00018215161   3.8222053e-05
    0.029670814       1.0017224    0.0015497643   5.4952847e-21               0               0               0   0.00024730027   6.7049729e-05   0.00014891618   5.5745039e-05
    0.031462883       1.0023075    0.0015573205   3.5339352e-21               0               0               0   0.00024611323   4.3460276e-05   0.00013568232   7.9686955e-05
    0.033314791       1.0026111    0.0015612824  -9.3113063e-22               0               0               0   0.00024484137   3.1973418e-05   0.00012998637   0.00010677139
    0.035228536       1.0027912    0.0015634736  -4.4650668e-21               0               0               0   0.00024351275   2.5400515e-05   0.00012734572   0.00013526703
    0.037206184       1.0029085     0.001564696   -1.393826e-21               0               0               0   0.00024214552   2.1186765e-05   0.00012612954   0.00016450143
    0.039249867         1.00299    0.0015653374  -1.4456188e-20               0               0               0   0.00024073926   1.8268316e-05   0.00012565664   0.00019412623
     0.04136179       1.0030491     0.001565605  -2.6065702e-20               0               0               0   0.00023928704   1.6132166e-05   0.00012560569   0.00022392917
    0.043544233       1.0030932    0.0015656099   -1.300334e-20               0               0               0   0.00023778414   1.4502427e-05   0.00012580776   0.00025376127
     0.04579955       1.0031269    0.0015654167               0               0               0               0   0.00023622864   1.3218132e-05   0.00012616466   0.00028351832
    0.048130175       1.0031531    0.0015650665  -1.0600843e-20               0               0               0    0.0002346196   1.2179339e-05   0.00012661896   0.00031314303
    0.050538621       1.0031736     0.001564588   -2.002855e-20               0               0               0   0.00023295585   1.1320882e-05   0.00012713439   0.00034260939
    0.053027488       1.0031897    0.0015640021  -9.4277064e-21               0               0               0   0.00023123599   1.0598535e-05   0.00012768737   0.00037191418
    0.055599461       1.0032023    0.0015633248  -8.5691782e-21               0               0               0   0.00022945874   9.9812554e-06   0.00012826211   0.00040104709
    0.058257315        1.003212    0.0015625697  -2.5504419e-20               0               0               0   0.00022762333     9.44661e-06   0.00012884777   0.00042997079
    0.061003917       1.0032194    0.0015617472  -1.9508768e-20               0               0               0   0.00022572911   8.9779876e-06    0.0001294368   0.00045865873
    0.063842231       1.0032249    0.0015608656   5.6192617e-21               0               0               0   0.00022377596   8.5628467e-06   0.00013002384   0.00048710824
     0.06677532       1.0032289    0.0015599303    1.860254e-20               0               0               0   0.00022176504   8.1915421e-06   0.00013060508   0.00051530125
    0.069806347       1.0032315    0.0015589421   1.8325931e-20               0               0               0   0.00021969764   7.8565113e-06   0.00013117782   0.00054320298
    0.072938584        1.003233    0.0015579001   1.0532965e-20               0               0               0   0.00021757351   7.5517153e-06   0.00013174026   0.00057078975
    0.076175409       1.0032336    0.0015567995   2.6167853e-21               0               0               0   0.00021538933   7.2722429e-06   0.00013229127     0.000597983
    0.079520315       1.0032335    0.0015556281               0               0               0               0   0.00021313747   7.0140708e-06   0.00013283022   0.00062474365
    0.082976911       1.0032326    0.0015543757   3.7105647e-21               0               0               0   0.00021081018   6.7739842e-06   0.00013335662   0.00065139736
    0.086548926       1.0032313    0.0015530411  -1.3765698e-21               0               0               0   0.00020840967   6.5494652e-06    0.0001338699   0.00067828827
    0.090240215       1.0032295    0.0015516095  -1.5130419e-21               0               0               0   0.00020594997   6.3384752e-06   0.00013436958    0.0007055203
     0.09405476       1.0032276    0.0015500704   1.4744227e-20               0               0               0   0.00020345212   6.1393007e-06   0.00013485537   0.00073310567
