/*--------------------------------*- C++ -*----------------------------------*\
  =========                 |
  \\      /  F ield         | OpenFOAM: The Open Source CFD Toolbox
   \\    /   O peration     | Website:  https://openfoam.org
    \\  /    A nd           | Version:  12
     \\/     M anipulation  |
\*---------------------------------------------------------------------------*/
FoamFile
{
    format      ascii;
    class       volVectorField;
    location    "800";
    object      U;
}
// * * * * * * * * * * * * * * * * * * * * * * * * * * * * * * * * * * * * * //

dimensions      [0 1 -1 0 0 0 0];

internalField   nonuniform List<vector> 
471
(
(0.99852067 0.0007754065 0)
(0.99848652 0.00086420988 0)
(0.99845936 0.00096059077 0)
(0.99844009 0.0010630219 0)
(0.99842951 0.0011706668 0)
(0.99842818 0.0012828747 0)
(0.99843687 0.001398831 0)
(0.99845642 0.0015174786 0)
(0.99848758 0.0016375166 0)
(0.99853089 0.0017573687 0)
(0.99858659 0.0018752379 0)
(0.99865449 0.0019892365 0)
(0.99873399 0.0020975294 0)
(0.99882405 0.0021984751 0)
(0.99892339 0.0022907427 0)
(0.99903049 0.0023733651 0)
(0.99914382 0.0024457484 0)
(0.99926191 0.0025076382 0)
(0.99855813 0.0007920514 0)
(0.9985262 0.00087747521 0)
(0.99850061 0.00097024678 0)
(0.99848243 0.0010690363 0)
(0.99847255 0.0011730013 0)
(0.99847156 0.0012814478 0)
(0.99848017 0.0013935636 0)
(0.99849919 0.0015083251 0)
(0.99852931 0.0016244898 0)
(0.99857105 0.0017405765 0)
(0.99862462 0.0018549066 0)
(0.9986899 0.0019657124 0)
(0.99876634 0.0020712626 0)
(0.99885304 0.0021699881 0)
(0.99894881 0.002260589 0)
(0.99905228 0.0023420895 0)
(0.99916202 0.0024138528 0)
(0.99927663 0.0024755538 0)
(0.99859537 0.00080807121 0)
(0.9985656 0.00089031016 0)
(0.99854162 0.00097962158 0)
(0.99852458 0.0010748529 0)
(0.99851544 0.0011751879 0)
(0.9985148 0.0012799155 0)
(0.99852336 0.0013882343 0)
(0.99854186 0.001499158 0)
(0.99857098 0.0016115023 0)
(0.99861119 0.0017238747 0)
(0.99866271 0.0018347067 0)
(0.99872544 0.0019423425 0)
(0.99879892 0.0020451497 0)
(0.99888235 0.0021416304 0)
(0.99897466 0.0022305179 0)
(0.99907459 0.0023108337 0)
(0.99918081 0.0023819046 0)
(0.999292 0.0024433437 0)
(0.99863239 0.00082345383 0)
(0.99860474 0.00090267825 0)
(0.99858238 0.00098867125 0)
(0.99856651 0.0010804362 0)
(0.99855814 0.0011772026 0)
(0.99855788 0.0012782638 0)
(0.9985664 0.0013828372 0)
(0.99858441 0.0014899765 0)
(0.99861255 0.0015985562 0)
(0.99865128 0.0017072673 0)
(0.99870081 0.0018146432 0)
(0.99876108 0.0019191335 0)
(0.99883169 0.0020191993 0)
(0.99891194 0.0021134123 0)
(0.99900087 0.0022005421 0)
(0.99909733 0.0022796119 0)
(0.99920009 0.0023499194 0)
(0.9993079 0.0024110242 0)
(0.99866923 0.00083818928 0)
(0.99864362 0.00091454901 0)
(0.99862288 0.00099735735 0)
(0.9986082 0.0010857529 0)
(0.99860062 0.0011790219 0)
(0.99860075 0.0012764781 0)
(0.99860925 0.0013773647 0)
(0.9986268 0.0014807785 0)
(0.998654 0.0015856529 0)
(0.99869129 0.0016907575 0)
(0.9987389 0.0017947214 0)
(0.99879678 0.0018960925 0)
(0.99886461 0.0019934211 0)
(0.99894177 0.0020853467 0)
(0.9990274 0.0021706771 0)
(0.99912046 0.0022484421 0)
(0.9992198 0.002317917 0)
(0.99932426 0.0023786155 0)
(0.99870589 0.00085226932 0)
(0.99868225 0.00092589707 0)
(0.9986631 0.0010056466 0)
(0.99864963 0.0010907726 0)
(0.99864285 0.0011806231 0)
(0.99864339 0.0012745434 0)
(0.99865189 0.0013718086 0)
(0.998669 0.0014715608 0)
(0.9986953 0.0015727922 0)
(0.9987312 0.0016743479 0)
(0.99877694 0.0017749458 0)
(0.99883252 0.0018732266 0)
(0.99889765 0.0019678252 0)
(0.99897181 0.0020574471 0)
(0.99905421 0.0021409401 0)
(0.99914392 0.0022173446 0)
(0.99923989 0.00228592 0)
(0.99934103 0.0023461415 0)
(0.99874238 0.00086568731 0)
(0.99872064 0.00093670145 0)
(0.99870305 0.0010135102 0)
(0.99869078 0.0010954679 0)
(0.9986848 0.0011819845 0)
(0.99868577 0.0012724444 0)
(0.99869428 0.0013661595 0)
(0.99871098 0.0014623188 0)
(0.99873641 0.0015599731 0)
(0.99877098 0.0016580397 0)
(0.99881492 0.0017553202 0)
(0.99886827 0.0018505424 0)
(0.99893079 0.0019424214 0)
(0.99900202 0.0020297272 0)
(0.99908127 0.0021113485 0)
(0.99916771 0.0021863407 0)
(0.99926035 0.0022539526 0)
(0.9993582 0.002313628 0)
(0.9987787 0.00087843804 0)
(0.99875878 0.0009469449 0)
(0.99874271 0.0010209238 0)
(0.99873162 0.001099814 0)
(0.99872645 0.0011830856 0)
(0.99872785 0.001270166 0)
(0.99873639 0.0013604074 0)
(0.9987527 0.0014530469 0)
(0.9987773 0.0015471934 0)
(0.99881059 0.0016418335 0)
(0.9988528 0.0017358475 0)
(0.99890399 0.0018280454 0)
(0.99896398 0.0019172188 0)
(0.99903237 0.0020022 0)
(0.99910856 0.0020819198 0)
(0.99919178 0.0021554517 0)
(0.99928115 0.0022220394 0)
(0.99937573 0.0022811021 0)
(0.99881486 0.00089051757 0)
(0.99879667 0.00095661346 0)
(0.99878208 0.0010278667 0)
(0.99877214 0.0011037894 0)
(0.99876778 0.0011839074 0)
(0.9987696 0.0012676934 0)
(0.99877819 0.001354542 0)
(0.99879414 0.0014437388 0)
(0.99881795 0.0015344499 0)
(0.99885 0.0016257286 0)
(0.99889056 0.0017165297 0)
(0.99893967 0.0018057406 0)
(0.99899721 0.0018922256 0)
(0.99906285 0.0019748779 0)
(0.99913604 0.0020526707 0)
(0.99921612 0.0021246988 0)
(0.99930226 0.0021902055 0)
(0.99939361 0.0022485912 0)
(0.99885085 0.00090192318 0)
(0.99883432 0.000965696 0)
(0.99882114 0.0010343218 0)
(0.99881232 0.0011073748 0)
(0.99880875 0.0011844325 0)
(0.99881101 0.0012650125 0)
(0.99881966 0.0013485528 0)
(0.99883527 0.0014343873 0)
(0.99885832 0.0015217385 0)
(0.9988892 0.0016097234 0)
(0.99892815 0.0016973677 0)
(0.99897527 0.0017836318 0)
(0.99903044 0.0018674494 0)
(0.99909341 0.0019477725 0)
(0.99916369 0.0020236173 0)
(0.99924069 0.0020941024 0)
(0.99932367 0.0021584752 0)
(0.99941183 0.0022161231 0)
(0.99888666 0.00091265328 0)
(0.99887171 0.00097418383 0)
(0.99885988 0.0010402749 0)
(0.99885216 0.0011105538 0)
(0.99884936 0.0011846451 0)
(0.99885205 0.0012621098 0)
(0.99886077 0.0013424291 0)
(0.99887605 0.001424985 0)
(0.99889839 0.0015090543 0)
(0.99892814 0.0015938156 0)
(0.99896556 0.0016783617 0)
(0.99901075 0.0017617221 0)
(0.99906365 0.0018428966 0)
(0.99912402 0.0019208945 0)
(0.99919148 0.0019947749 0)
(0.99926547 0.0020636824 0)
(0.99934535 0.0021268728 0)
(0.99943036 0.0021837251 0)
(0.99892229 0.00092270729 0)
(0.99890883 0.00098207049 0)
(0.99889831 0.0010457145 0)
(0.99889163 0.0011133126 0)
(0.99888958 0.0011845312 0)
(0.99889269 0.0012589727 0)
(0.99890148 0.0013361607 0)
(0.99891648 0.0014155238 0)
(0.99893813 0.0014963918 0)
(0.99896681 0.001578002 0)
(0.99900275 0.0016595108 0)
(0.99904609 0.0017400136 0)
(0.99909679 0.001818573 0)
(0.99915467 0.0018942536 0)
(0.99921938 0.0019661577 0)
(0.99929044 0.0020334579 0)
(0.99936727 0.0020954214 0)
(0.99944918 0.0021514241 0)
(0.99895773 0.00093208564 0)
(0.99894568 0.00098935141 0)
(0.99893639 0.0010506318 0)
(0.99893072 0.0011156395 0)
(0.99892939 0.0011840784 0)
(0.99893291 0.0012555895 0)
(0.99894179 0.0013297373 0)
(0.99895651 0.0014059956 0)
(0.99897752 0.0014837448 0)
(0.99900516 0.0015622785 0)
(0.9990397 0.0016408136 0)
(0.99908126 0.0017185076 0)
(0.99912985 0.0017944833 0)
(0.99918531 0.0018678587 0)
(0.99924736 0.0019377793 0)
(0.99931557 0.002003447 0)
(0.99938941 0.0020641439 0)
(0.99946827 0.0021192466 0)
(0.99899295 0.00094078964 0)
(0.99898224 0.00099602376 0)
(0.99897413 0.00105502 0)
(0.99896941 0.001117525 0)
(0.99896878 0.001183276 0)
(0.9989727 0.0012519498 0)
(0.99898166 0.0013231496 0)
(0.99899613 0.0013963922 0)
(0.99901652 0.0014711069 0)
(0.99904319 0.0015466406 0)
(0.99907637 0.0016222677 0)
(0.99911623 0.0016972045 0)
(0.99916278 0.0017706312 0)
(0.99921591 0.0018417177 0)
(0.99927538 0.0019096521 0)
(0.99934082 0.0019736668 0)
(0.99941175 0.0020330617 0)
(0.99948761 0.0020872182 0)
(0.99902796 0.0009488215 0)
(0.99901851 0.0010020862 0)
(0.99901151 0.0010588742 0)
(0.9990077 0.0011189615 0)
(0.99900773 0.001182115 0)
(0.99901204 0.0012480441 0)
(0.99902108 0.0013163883 0)
(0.9990353 0.0013867057 0)
(0.99905511 0.0014584714 0)
(0.99908084 0.0015310834 0)
(0.99911275 0.00160387 0)
(0.99915097 0.0016761039 0)
(0.99919556 0.0017470197 0)
(0.99924645 0.0018158375 0)
(0.99930342 0.0018817873 0)
(0.99936616 0.0019441335 0)
(0.99943425 0.0020021956 0)
(0.99950717 0.0020553635 0)
(0.99906272 0.00095618421 0)
(0.99905446 0.0010075389 0)
(0.99904852 0.0010621914 0)
(0.99904557 0.0011199435 0)
(0.99904622 0.0011805879 0)
(0.9990509 0.0012438641 0)
(0.99906002 0.0013094452 0)
(0.99907402 0.0013769281 0)
(0.99909328 0.0014458315 0)
(0.99911812 0.0015156011 0)
(0.99914878 0.0015856171 0)
(0.99918545 0.0016552047 0)
(0.99922816 0.0017236508 0)
(0.99927688 0.0017902238 0)
(0.99933144 0.0018541952 0)
(0.99939157 0.0019148618 0)
(0.99945689 0.0019715652 0)
(0.99952694 0.0020237063 0)
(0.99909723 0.00096288155 0)
(0.99909009 0.0010123831 0)
(0.99908513 0.0010649701 0)
(0.99908299 0.0011204668 0)
(0.99908424 0.0011786888 0)
(0.99908927 0.0012394027 0)
(0.99909847 0.0013023128 0)
(0.99911225 0.001367052 0)
(0.99913098 0.0014331801 0)
(0.99915497 0.0015001882 0)
(0.99918447 0.0015675047 0)
(0.99921963 0.001634505 0)
(0.99926055 0.0017005257 0)
(0.99930718 0.0017648816 0)
(0.99935941 0.001826885 0)
(0.99941701 0.0018858657 0)
(0.99947963 0.0019411887 0)
(0.99954688 0.0019922692 0)
(0.99918032 0.0002241083 0)
(0.99898281 0.00031298729 0)
(0.99880806 0.0004255668 0)
(0.99867008 0.00054978154 0)
(0.99857545 0.00067421681 0)
(0.99999959 1.0251274e-05 -1.7255302e-21)
(0.99991541 3.5593504e-05 0)
(0.99976421 6.8087281e-05 0)
(0.99958508 0.00010985641 0)
(0.99938734 0.0001651068 0)
(0.99918664 0.00023932051 0)
(0.99899433 0.00033254567 0)
(0.99882668 0.0004479177 0)
(0.99869678 0.00057261336 0)
(0.99860895 0.00069428131 0)
(0.99999956 1.0999718e-05 -3.6020978e-21)
(0.99991556 3.8160374e-05 0)
(0.99976486 7.2957594e-05 0)
(0.99958674 0.00011758303 0)
(0.99939095 0.00017639753 0)
(0.99919349 0.00025469756 0)
(0.99900657 0.00035204677 0)
(0.99884605 0.00046983819 0)
(0.99872392 0.00059461777 0)
(0.99864245 0.00071353579 0)
(0.99999952 1.1772197e-05 0)
(0.99991573 4.0804098e-05 0)
(0.99976558 7.7964931e-05 0)
(0.99958856 0.00012550063 0)
(0.99939487 0.000187903 0)
(0.99920088 0.00027021705 0)
(0.99901951 0.00037145312 0)
(0.99886614 0.00049130018 0)
(0.99875147 0.00061580934 0)
(0.99867595 0.00073199435 0)
(0.99999949 1.256934e-05 0)
(0.99991592 4.3526104e-05 0)
(0.99976638 8.3110592e-05 0)
(0.99959055 0.00013360766 0)
(0.99939913 0.00019961324 0)
(0.99920881 0.00028585513 0)
(0.99903316 0.00039072761 0)
(0.99888692 0.00051227711 0)
(0.9987794 0.00063620061 0)
(0.99870946 0.00074966856 0)
(0.99999945 1.3391772e-05 0)
(0.99991612 4.6327743e-05 0)
(0.99976725 8.8395591e-05 0)
(0.99959272 0.00014190186 0)
(0.99940374 0.00021151702 0)
(0.9992173 0.00030158665 0)
(0.9990475 0.00040983362 0)
(0.99890834 0.00053274397 0)
(0.99880768 0.00065580228 0)
(0.99874298 0.00076656801 0)
(0.9999994 1.4240114e-05 0)
(0.99991635 4.921028e-05 0)
(0.9997682 9.382063e-05 0)
(0.99959509 0.00015038023 0)
(0.9994087 0.00022360178 0)
(0.99922636 0.00031738521 0)
(0.99906251 0.00042873518 0)
(0.99893037 0.00055267734 0)
(0.99883629 0.00067462329 0)
(0.99877651 0.00078270075 0)
(0.99999936 1.5114982e-05 0)
(0.9999166 5.2174878e-05 0)
(0.99976924 9.9386067e-05 0)
(0.99959765 0.00015903895 0)
(0.99941404 0.00023585364 0)
(0.99923598 0.00033322327 0)
(0.99907819 0.00044739704 0)
(0.99895297 0.00057205535 0)
(0.99886518 0.00069267107 0)
(0.99881004 0.00079807368 0)
(0.9999993 1.601698e-05 0)
(0.99991687 5.5222586e-05 0)
(0.99977037 0.00010509187 0)
(0.99960043 0.00016787336 0)
(0.99941975 0.00024825739 0)
(0.99924618 0.00034907225 0)
(0.99909452 0.00046578483 0)
(0.9989761 0.0005908577 0)
(0.99889434 0.00070995171 0)
(0.99884356 0.00081269282 0)
(0.99999925 1.6946701e-05 0)
(0.99991717 5.8354321e-05 0)
(0.99977159 0.00011093761 0)
(0.99960342 0.00017687788 0)
(0.99942586 0.00026079648 0)
(0.99925694 0.00036490265 0)
(0.99911148 0.00048386513 0)
(0.99899973 0.00060906565 0)
(0.99892373 0.00072647018 0)
(0.99887706 0.00082656358 0)
(0.99999919 1.7904721e-05 -4.8751636e-21)
(0.9999175 6.1570851e-05 0)
(0.99977292 0.00011692237 0)
(0.99960665 0.00018604599 0)
(0.99943237 0.00027345304 0)
(0.99926828 0.00038068421 0)
(0.99912904 0.00050160562 0)
(0.99902383 0.00062666198 0)
(0.99895332 0.00074223056 0)
(0.99891053 0.00083969094 0)
(0.99999913 1.8891593e-05 0)
(0.99991785 6.4872779e-05 0)
(0.99977435 0.00012304477 0)
(0.99961011 0.00019537018 0)
(0.99943928 0.00028620794 0)
(0.99928018 0.00039638601 0)
(0.99914719 0.00051897514 0)
(0.99904835 0.00064363095 0)
(0.99898309 0.00075723626 0)
(0.99894394 0.00085207964 0)
(0.99999906 1.9907849e-05 0)
(0.99991824 6.8260519e-05 0)
(0.9997759 0.00012930288 0)
(0.99961382 0.00020484191 0)
(0.99944662 0.00029904075 0)
(0.99929264 0.00041197665 0)
(0.9991659 0.00053594379 0)
(0.99907326 0.00065995831 0)
(0.999013 0.00077149025 0)
(0.99897729 0.00086373428 0)
(0.99999899 2.0953986e-05 0)
(0.99991866 7.173428e-05 0)
(0.99977757 0.00013569418 0)
(0.99961779 0.00021445158 0)
(0.99945437 0.00031192985 0)
(0.99930565 0.00042742442 0)
(0.99918513 0.00055248302 0)
(0.99909852 0.00067563126 0)
(0.99904303 0.00078499522 0)
(0.99901055 0.00087465949 0)
(0.99999891 2.2030471e-05 5.5133867e-21)
(0.99991911 7.5294043e-05 0)
(0.99977936 0.00014221558 0)
(0.99962202 0.0002241885 0)
(0.99946255 0.00032485249 0)
(0.99931921 0.00044269741 0)
(0.99920487 0.00056856567 0)
(0.9991241 0.00069063836 0)
(0.99907313 0.00079775379 0)
(0.99904371 0.00088486002 0)
(0.99999882 2.3137726e-05 0)
(0.9999196 7.8939539e-05 0)
(0.99978128 0.00014886331 0)
(0.99962652 0.00023404084 0)
(0.99947116 0.00033778481 0)
(0.99933328 0.00045776375 0)
(0.99922508 0.00058416609 0)
(0.99914995 0.0007049696 0)
(0.99910329 0.00080976867 0)
(0.99907674 0.00089434083 0)
(0.99999873 2.4276131e-05 -2.9079232e-21)
(0.99992013 8.2670229e-05 0)
(0.99978333 0.00015563292 0)
(0.9996313 0.0002439957 0)
(0.9994802 0.00035070198 0)
(0.99934787 0.00047259173 0)
(0.99924573 0.00059926016 0)
(0.99917605 0.00071861628 0)
(0.99913347 0.00082104276 0)
(0.99910962 0.00090310714 0)
)
;

boundaryField
{
    inlet
    {
        type            fixedValue;
        value           uniform (1 0 0);
    }
    top
    {
        type            zeroGradient;
    }
    outlet
    {
        type            zeroGradient;
    }
    slipsurface
    {
        type            slip;
    }
    bottom
    {
        type            fixedValue;
        value           nonuniform List<vector> 0();
    }
    frontandback
    {
        type            empty;
    }
    procBoundary6to2
    {
        type            processor;
        value           nonuniform List<vector> 
28
(
(0.99913146 0.00096891808 0)
(0.99912537 0.0010166213 0)
(0.99912134 0.0010672103 0)
(0.99911997 0.0011205289 0)
(0.99912178 0.0011764132 0)
(0.99912713 0.0012346539 0)
(0.99913641 0.0012949841 0)
(0.99914998 0.0013570703 0)
(0.99916821 0.0014205107 0)
(0.99919139 0.0014848387 0)
(0.99921976 0.0015495283 0)
(0.9992535 0.0016140024 0)
(0.99929268 0.0016776447 0)
(0.99933732 0.0017398148 0)
(0.99938731 0.0017998648 0)
(0.99944245 0.0018571577 0)
(0.99950246 0.0019110835 0)
(0.99956696 0.0019610736 0)
(0.99999864 2.544601e-05 0)
(0.9999207 8.6485279e-05 0)
(0.99978552 0.00016251925 0)
(0.99963636 0.000254039 0)
(0.99948967 0.00036357828 0)
(0.99936295 0.00048715 0)
(0.99926679 0.00061382532 0)
(0.99920234 0.00073157102 0)
(0.99916363 0.00083157933 0)
(0.99914232 0.00091116458 0)
)
;
    }
    procBoundary6to4
    {
        type            processor;
        value           nonuniform List<vector> 
17
(
(0.99938345 0.0025590117 0)
(0.99939487 0.0025270935 0)
(0.99940696 0.002494982 0)
(0.99941961 0.0024626935 0)
(0.99943274 0.002430248 0)
(0.99944629 0.0023976692 0)
(0.99946024 0.0023649833 0)
(0.99947457 0.0023322183 0)
(0.99948927 0.0022994033 0)
(0.99950432 0.0022665676 0)
(0.99951971 0.0022337408 0)
(0.99953543 0.0022009524 0)
(0.99955145 0.0021682315 0)
(0.99956776 0.0021356065 0)
(0.99958435 0.0021031055 0)
(0.99960118 0.0020707555 0)
(0.99961824 0.0020385825 0)
)
;
    }
    procBoundary6to7
    {
        type            processor;
        value           nonuniform List<vector> 
29
(
(0.99848294 0.00075815096 0)
(0.99844654 0.00085055756 0)
(0.99841787 0.00095070342 0)
(0.99839759 0.0010568481 0)
(0.99838636 0.0011682084 0)
(0.99838472 0.001284209 0)
(0.9983935 0.0014040414 0)
(0.99841359 0.0015266181 0)
(0.99844582 0.00165058 0)
(0.99849076 0.0017742479 0)
(0.99854866 0.0018956966 0)
(0.99861928 0.0020129109 0)
(0.99870194 0.0021239456 0)
(0.9987955 0.0022270855 0)
(0.99889852 0.0023209721 0)
(0.99900936 0.0024046516 0)
(0.99912637 0.0024775808 0)
(0.999248 0.0025395849 0)
(0.99917451 0.00020908192 0)
(0.998972 0.0002934093 0)
(0.99879024 0.00040281511 0)
(0.99864385 0.00052610567 0)
(0.99854194 0.00065332488 0)
(0.99999962 9.5262389e-06 0)
(0.99991528 3.3102004e-05 0)
(0.99976362 6.3352443e-05 0)
(0.99958358 0.00010232165 0)
(0.99938403 0.00015403949 0)
(0.99938403 0.00015403949 0)
)
;
    }
}


// ************************************************************************* //
