/*--------------------------------*- C++ -*----------------------------------*\
  =========                 |
  \\      /  F ield         | OpenFOAM: The Open Source CFD Toolbox
   \\    /   O peration     | Website:  https://openfoam.org
    \\  /    A nd           | Version:  12
     \\/     M anipulation  |
\*---------------------------------------------------------------------------*/
FoamFile
{
    format      ascii;
    class       volScalarField;
    location    "700";
    object      nuTilda;
}
// * * * * * * * * * * * * * * * * * * * * * * * * * * * * * * * * * * * * * //

dimensions      [0 2 -1 0 0 0 0];

internalField   nonuniform List<scalar> 
816
(
1.270669e-05
1.3036197e-05
1.3358513e-05
1.3673966e-05
1.398286e-05
1.428548e-05
1.4582099e-05
1.4872986e-05
1.5158391e-05
1.5438543e-05
1.5713655e-05
1.5983937e-05
1.6249592e-05
1.6510808e-05
1.6767753e-05
1.7020585e-05
1.7269461e-05
1.7514534e-05
1.7755941e-05
1.7993803e-05
1.8228232e-05
1.8459345e-05
1.8687253e-05
1.8912048e-05
1.9133809e-05
1.935261e-05
1.9568533e-05
1.2558493e-05
1.2946825e-05
1.3327219e-05
1.3700019e-05
1.4065545e-05
1.4424102e-05
1.4775995e-05
1.5121522e-05
1.5460959e-05
1.5794559e-05
1.6122563e-05
1.6445213e-05
1.676274e-05
1.707536e-05
1.7383264e-05
1.7686637e-05
1.7985667e-05
1.8280535e-05
1.85714e-05
1.8858406e-05
1.9141691e-05
1.9421399e-05
1.9697667e-05
1.9970607e-05
2.0240318e-05
2.05069e-05
2.0770459e-05
1.2103046e-05
1.2557941e-05
1.3004273e-05
1.3442364e-05
1.387252e-05
1.4295053e-05
1.4710284e-05
1.511853e-05
1.552008e-05
1.5915202e-05
1.6304162e-05
1.6687232e-05
1.7064674e-05
1.7436723e-05
1.7803593e-05
1.8165501e-05
1.8522665e-05
1.8875297e-05
1.9223579e-05
1.9567679e-05
1.9907765e-05
2.0244013e-05
2.0576586e-05
2.0905622e-05
2.1231243e-05
2.1553579e-05
2.1872765e-05
1.1267523e-05
1.179639e-05
1.2316453e-05
1.2827914e-05
1.3330999e-05
1.3825983e-05
1.4313173e-05
1.4792867e-05
1.5265335e-05
1.5730839e-05
1.618966e-05
1.6642093e-05
1.7088416e-05
1.7528873e-05
1.7963698e-05
1.8393136e-05
1.881744e-05
1.9236846e-05
1.9651557e-05
2.0061767e-05
2.0467678e-05
2.0869501e-05
2.1267428e-05
2.1661619e-05
2.2052224e-05
2.243941e-05
2.2823347e-05
9.9747104e-06
1.0582828e-05
1.118291e-05
1.1774794e-05
1.2358468e-05
1.2934074e-05
1.3501815e-05
1.4061873e-05
1.4614416e-05
1.5159656e-05
1.5697865e-05
1.6229332e-05
1.6754315e-05
1.727304e-05
1.7785744e-05
1.8292701e-05
1.8794189e-05
1.9290457e-05
1.9781717e-05
2.0268185e-05
2.0750104e-05
2.1227721e-05
2.1701249e-05
2.217087e-05
2.2636768e-05
2.3099152e-05
2.355823e-05
8.1563427e-06
8.8419558e-06
9.5229938e-06
1.0198232e-05
1.0867072e-05
1.1529262e-05
1.2184604e-05
1.2832885e-05
1.3473993e-05
1.4107999e-05
1.4735101e-05
1.5355494e-05
1.5969319e-05
1.6576721e-05
1.7177917e-05
1.7773195e-05
1.8362827e-05
1.8947034e-05
1.9526016e-05
2.010001e-05
2.0669297e-05
2.1234149e-05
2.1794788e-05
2.2351408e-05
2.2904232e-05
2.3453518e-05
2.3999509e-05
5.7997871e-06
6.5371207e-06
7.2818184e-06
8.0295382e-06
8.7780229e-06
9.5253972e-06
1.0269816e-05
1.1009815e-05
1.1744615e-05
1.2473975e-05
1.3197794e-05
1.3915874e-05
1.4627996e-05
1.5334103e-05
1.6034357e-05
1.6728994e-05
1.7418186e-05
1.8102032e-05
1.8780674e-05
1.9454364e-05
2.012341e-05
2.0788071e-05
2.1448533e-05
2.2104992e-05
2.2757716e-05
2.3407014e-05
2.4053146e-05
3.2618459e-06
3.8563465e-06
4.5400086e-06
5.2866287e-06
6.072359e-06
6.8786477e-06
7.694416e-06
8.5144351e-06
9.3366713e-06
1.015981e-05
1.0982169e-05
1.1801997e-05
1.2618121e-05
1.3430145e-05
1.423808e-05
1.5041866e-05
1.5841245e-05
1.663599e-05
1.742613e-05
1.8211925e-05
1.8993639e-05
1.9771395e-05
2.0545261e-05
2.1315417e-05
2.2082188e-05
2.2845906e-05
2.36068e-05
2.4365036e-05
2.5120854e-05
1.975805e-06
2.1315103e-06
2.3732033e-06
2.7375415e-06
3.2278179e-06
3.8395935e-06
4.5624371e-06
5.3670072e-06
6.2255386e-06
7.114278e-06
8.0170803e-06
8.9260525e-06
9.8386383e-06
1.0754216e-05
1.1671763e-05
1.258946e-05
1.3505565e-05
1.4419206e-05
1.533036e-05
1.6239212e-05
1.714565e-05
1.8049321e-05
1.8950033e-05
1.9847971e-05
2.0743512e-05
2.16369e-05
2.2528192e-05
2.3417472e-05
2.430504e-05
1.9587562e-06
2.0904344e-06
2.3031897e-06
2.6266964e-06
3.098946e-06
3.7121896e-06
4.4592363e-06
5.3192602e-06
6.2578912e-06
7.2440923e-06
8.2538788e-06
9.2734365e-06
1.0297825e-05
1.1326756e-05
1.236052e-05
1.3397949e-05
1.4436899e-05
1.5475694e-05
1.6513913e-05
1.7551946e-05
1.8590042e-05
1.962791e-05
2.0665117e-05
2.1701649e-05
2.2737947e-05
1.8352225e-06
1.8402348e-06
1.8534881e-06
1.8809777e-06
1.9356515e-06
2.0376999e-06
2.2115047e-06
2.4871811e-06
2.905616e-06
3.4981363e-06
4.2531657e-06
5.1586095e-06
6.1804624e-06
7.278613e-06
8.4183893e-06
9.5758355e-06
1.0740086e-05
1.1909576e-05
1.3086152e-05
1.4270431e-05
1.5460579e-05
1.6654038e-05
1.7849526e-05
1.9047369e-05
2.0248308e-05
1.8605512e-06
1.8565749e-06
1.8534534e-06
1.8504234e-06
1.8506611e-06
1.8530304e-06
1.8608525e-06
1.8787181e-06
1.9155573e-06
1.9875785e-06
2.119784e-06
2.3440322e-06
2.6972944e-06
3.2382295e-06
3.9831191e-06
4.9176501e-06
6.0214414e-06
7.2448727e-06
8.5402165e-06
9.8692511e-06
1.1209782e-05
1.2555736e-05
1.39099e-05
1.527572e-05
1.6652906e-05
1.8905358e-06
1.8869908e-06
1.8832785e-06
1.8794371e-06
1.8756668e-06
1.8720572e-06
1.868739e-06
1.8662265e-06
1.8643277e-06
1.8651417e-06
1.8688178e-06
1.8794493e-06
1.9023294e-06
1.9487621e-06
2.0428537e-06
2.2161436e-06
2.5111078e-06
2.9751249e-06
3.6942169e-06
4.6512546e-06
5.8309902e-06
7.1941005e-06
8.6754338e-06
1.0217184e-05
1.1780227e-05
1.9136209e-06
1.9109093e-06
1.9081166e-06
1.9052373e-06
1.9022601e-06
1.8991839e-06
1.8959932e-06
1.8926663e-06
1.8892632e-06
1.8859268e-06
1.8827288e-06
1.8799353e-06
1.8779056e-06
1.8768794e-06
1.8782132e-06
1.8834266e-06
1.8973846e-06
1.9277338e-06
1.9887272e-06
2.118401e-06
2.3594939e-06
2.7684051e-06
3.4229107e-06
4.4002738e-06
5.67095e-06
1.9317633e-06
1.9296474e-06
1.9274764e-06
1.9252473e-06
1.9229564e-06
1.9205992e-06
1.9181709e-06
1.9156625e-06
1.9130691e-06
1.9103779e-06
1.9075996e-06
1.904646e-06
1.9015787e-06
1.8985029e-06
1.8955013e-06
1.8926118e-06
1.8903266e-06
1.8880436e-06
1.888292e-06
1.8906113e-06
1.8985228e-06
1.9185295e-06
1.9617922e-06
2.0565598e-06
2.2548943e-06
1.9356258e-06
1.9336804e-06
1.9316774e-06
1.9296124e-06
1.9274818e-06
1.9252782e-06
1.9229928e-06
1.92062e-06
1.918152e-06
1.9155826e-06
1.9128737e-06
1.9100393e-06
1.9072107e-06
1.904444e-06
1.9018895e-06
1.8999543e-06
1.8985672e-06
1.8995471e-06
1.9040063e-06
1.9494732e-06
1.9479583e-06
1.9463988e-06
1.9447925e-06
1.9431367e-06
1.9414289e-06
1.9396661e-06
1.9378449e-06
1.9359607e-06
1.9340094e-06
1.9319826e-06
1.9298755e-06
1.9276745e-06
1.9253826e-06
1.9229379e-06
1.9203598e-06
1.9177158e-06
1.9150952e-06
1.9125257e-06
1.9603816e-06
1.9592043e-06
1.9579925e-06
1.9567443e-06
1.955458e-06
1.9541314e-06
1.9527623e-06
1.9513484e-06
1.9498873e-06
1.9483761e-06
1.9468119e-06
1.9451916e-06
1.943511e-06
1.9417659e-06
1.9399497e-06
1.9380535e-06
1.9360709e-06
1.933991e-06
1.9318043e-06
1.9689627e-06
1.9680474e-06
1.9671055e-06
1.9661356e-06
1.9651362e-06
1.9641058e-06
1.9630425e-06
1.9619447e-06
1.9608103e-06
1.9596373e-06
1.9584234e-06
1.9571663e-06
1.9558632e-06
1.9545114e-06
1.9531079e-06
1.9516494e-06
1.9501319e-06
1.9485507e-06
1.9469008e-06
1.9757246e-06
1.9750126e-06
1.97428e-06
1.9735257e-06
1.9727487e-06
1.9719476e-06
1.9711213e-06
1.9702683e-06
1.9693871e-06
1.968476e-06
1.9675335e-06
1.9665575e-06
1.9655461e-06
1.964497e-06
1.963408e-06
1.9622765e-06
1.9610997e-06
1.9598747e-06
1.9585981e-06
1.9810665e-06
1.9805121e-06
1.9799418e-06
1.9793548e-06
1.9787502e-06
1.978127e-06
1.9774843e-06
1.9768209e-06
1.9761358e-06
1.9754276e-06
1.9746951e-06
1.9739368e-06
1.9731512e-06
1.9723365e-06
1.9714909e-06
1.9706126e-06
1.9696993e-06
1.9687487e-06
1.9677583e-06
1.9852997e-06
1.9848678e-06
1.9844236e-06
1.9839664e-06
1.9834956e-06
1.9830104e-06
1.9825101e-06
1.9819938e-06
1.9814607e-06
1.9809098e-06
1.9803401e-06
1.9797504e-06
1.9791395e-06
1.9785063e-06
1.9778492e-06
1.9771668e-06
1.9764573e-06
1.9757191e-06
1.9749502e-06
1.9886712e-06
1.9883345e-06
1.9879882e-06
1.9876318e-06
1.9872649e-06
1.9868869e-06
1.9864971e-06
1.986095e-06
1.9856798e-06
1.9852508e-06
1.9848073e-06
1.9843483e-06
1.983873e-06
1.9833803e-06
1.9828691e-06
1.9823384e-06
1.9817868e-06
1.981213e-06
1.9806154e-06
1.9913725e-06
1.9911098e-06
1.9908397e-06
1.9905617e-06
1.9902756e-06
1.9899808e-06
1.989677e-06
1.9893635e-06
1.9890399e-06
1.9887057e-06
1.9883601e-06
1.9880026e-06
1.9876324e-06
1.9872487e-06
1.9868508e-06
1.9864377e-06
1.9860084e-06
1.9855619e-06
1.9850971e-06
1.9935538e-06
1.9933487e-06
1.9931378e-06
1.9929209e-06
1.9926976e-06
1.9924676e-06
1.9922305e-06
1.991986e-06
1.9917337e-06
1.991473e-06
1.9912036e-06
1.9909249e-06
1.9906363e-06
1.9903373e-06
1.9900273e-06
1.9897055e-06
1.9893712e-06
1.9890235e-06
1.9886616e-06
1.9953207e-06
1.9951605e-06
1.9949959e-06
1.9948265e-06
1.9946522e-06
1.9944727e-06
1.9942877e-06
1.9940969e-06
1.9939e-06
1.9936967e-06
1.9934866e-06
1.9932692e-06
1.9930443e-06
1.9928112e-06
1.9925695e-06
1.9923187e-06
1.9920582e-06
1.9917874e-06
1.9915055e-06
1.996713e-06
1.996588e-06
1.9964596e-06
1.9963276e-06
1.9961916e-06
1.9960517e-06
1.9959075e-06
1.9957588e-06
1.9956053e-06
1.9954469e-06
1.9952831e-06
1.9951138e-06
1.9949386e-06
1.994757e-06
1.9945688e-06
1.9943736e-06
1.9941708e-06
1.9939599e-06
1.9937406e-06
1.9977648e-06
1.9976674e-06
1.9975672e-06
1.9974643e-06
1.9973583e-06
1.9972493e-06
1.9971369e-06
1.997021e-06
1.9969015e-06
1.996778e-06
1.9966505e-06
1.9965186e-06
1.9963822e-06
1.9962409e-06
1.9960944e-06
1.9959424e-06
1.9957846e-06
1.9956205e-06
1.9954499e-06
1.9986542e-06
1.9985777e-06
1.9984992e-06
1.9984185e-06
1.9983355e-06
1.99825e-06
1.9981619e-06
1.9980711e-06
1.9979775e-06
1.9978808e-06
1.9977809e-06
1.9976777e-06
1.9975709e-06
1.9974603e-06
1.9973457e-06
1.9972268e-06
1.9971033e-06
1.9969751e-06
1.9968416e-06
1.9995181e-06
1.9994581e-06
1.9993965e-06
1.9993331e-06
1.999268e-06
1.9992009e-06
1.9991318e-06
1.9990607e-06
1.9989872e-06
1.9989115e-06
1.9988332e-06
1.9987523e-06
1.9986686e-06
1.998582e-06
1.9984922e-06
1.9983991e-06
1.9983025e-06
1.9982021e-06
1.9980976e-06
2.0003257e-06
2.0002791e-06
2.0002313e-06
2.0001822e-06
2.0001316e-06
2.0000796e-06
2.0000261e-06
1.9999709e-06
1.999914e-06
1.9998553e-06
1.9997946e-06
1.999732e-06
1.9996671e-06
1.9996001e-06
1.9995305e-06
1.9994585e-06
1.9993837e-06
1.999306e-06
1.9992252e-06
2.0010601e-06
2.0010242e-06
2.0009873e-06
2.0009494e-06
2.0009104e-06
2.0008703e-06
2.000829e-06
2.0007865e-06
2.0007426e-06
2.0006974e-06
2.0006507e-06
2.0006025e-06
2.0005526e-06
2.000501e-06
2.0004475e-06
2.0003921e-06
2.0003346e-06
2.0002749e-06
2.0002128e-06
2.0016774e-06
2.0016479e-06
2.0016175e-06
2.0015862e-06
2.001554e-06
2.0015208e-06
2.0014865e-06
2.0014512e-06
2.0014146e-06
2.0013769e-06
2.0013378e-06
2.0012974e-06
2.0012555e-06
2.001212e-06
2.0011668e-06
2.0011199e-06
2.0027854e-06
2.0027763e-06
2.0027669e-06
2.0027573e-06
2.0027473e-06
2.0027371e-06
2.0027265e-06
2.0027156e-06
2.0027043e-06
2.0026926e-06
2.0026805e-06
2.002668e-06
2.002655e-06
2.0026415e-06
2.0026274e-06
2.0026127e-06
2.0033594e-06
2.0033571e-06
2.0033548e-06
2.0033525e-06
2.0033501e-06
2.0033478e-06
2.0033453e-06
2.0033429e-06
2.0033404e-06
2.0033378e-06
2.0033352e-06
2.0033325e-06
2.0033298e-06
2.0033271e-06
2.0033242e-06
2.0033213e-06
2.0037856e-06
2.0037858e-06
2.003786e-06
2.0037863e-06
2.0037866e-06
2.0037869e-06
2.0037874e-06
2.0037878e-06
2.0037884e-06
2.003789e-06
2.0037897e-06
2.0037904e-06
2.0037913e-06
2.0037922e-06
2.0037932e-06
2.0037943e-06
2.0041579e-06
2.0041594e-06
2.0041611e-06
2.0041628e-06
2.0041646e-06
2.0041665e-06
2.0041686e-06
2.0041707e-06
2.004173e-06
2.0041754e-06
2.004178e-06
2.0041807e-06
2.0041835e-06
2.0041865e-06
2.0041897e-06
2.0041931e-06
2.0044813e-06
2.0044838e-06
2.0044863e-06
2.004489e-06
2.0044918e-06
2.0044947e-06
2.0044978e-06
2.004501e-06
2.0045045e-06
2.004508e-06
2.0045118e-06
2.0045158e-06
2.0045199e-06
2.0045243e-06
2.0045289e-06
2.0045338e-06
)
;

boundaryField
{
    bottom
    {
        type            fixedValue;
        value           nonuniform List<scalar> 0();
    }
    back
    {
        type            empty;
    }
    front
    {
        type            empty;
    }
    inlet
    {
        type            zeroGradient;
    }
    outlet
    {
        type            zeroGradient;
    }
    top
    {
        type            zeroGradient;
    }
    slipsurface
    {
        type            slip;
    }
    procBoundary14to0
    {
        type            processor;
        value           nonuniform List<scalar> 
33
(
1.8189777e-06
1.8271007e-06
1.8463671e-06
1.8835968e-06
1.8835968e-06
1.8340388e-06
1.86475e-06
1.8939823e-06
1.9162611e-06
1.9338264e-06
1.9462374e-06
1.9445834e-06
1.9428864e-06
1.9411443e-06
1.9393551e-06
1.9375164e-06
1.9375164e-06
1.9509456e-06
1.9615261e-06
1.9698526e-06
1.9764171e-06
1.9816057e-06
1.9857199e-06
1.9889989e-06
1.9916282e-06
1.9937534e-06
1.9954766e-06
1.9968346e-06
1.9978596e-06
1.9987286e-06
1.9995765e-06
2.000371e-06
2.0010951e-06
)
;
    }
    procBoundary14to1
    {
        type            processor;
        value           nonuniform List<scalar> 9(2.0017614e-06 2.0017342e-06 2.0017062e-06 2.0017062e-06 2.0027942e-06 2.0033616e-06 2.0037855e-06 2.0041564e-06 2.004479e-06);
    }
    procBoundary14to7
    {
        type            processor;
        value           nonuniform List<scalar> 9(1.2369646e-05 1.2161859e-05 1.1639248e-05 1.0729644e-05 9.3587981e-06 7.4679679e-06 5.0786296e-06 2.7750571e-06 1.883705e-06);
    }
    procBoundary14to9
    {
        type            processor;
        value           nonuniform List<scalar> 
27
(
1.2611994e-05
1.2890036e-05
1.3161647e-05
1.3427123e-05
1.368674e-05
1.3940754e-05
1.4189408e-05
1.4432937e-05
1.4671562e-05
1.4905485e-05
1.5134893e-05
1.5359965e-05
1.5580876e-05
1.5797789e-05
1.6010847e-05
1.6220185e-05
1.6425934e-05
1.6628222e-05
1.6827165e-05
1.7022861e-05
1.7215402e-05
1.7404883e-05
1.7591393e-05
1.7775005e-05
1.795578e-05
1.8133775e-05
1.830905e-05
)
;
    }
    procBoundary14to13
    {
        type            processor;
        value           nonuniform List<scalar> 
16
(
2.0047474e-06
2.0047504e-06
2.0047536e-06
2.0047569e-06
2.0047604e-06
2.004764e-06
2.0047678e-06
2.0047717e-06
2.0047759e-06
2.0047803e-06
2.0047849e-06
2.0047897e-06
2.0047947e-06
2.0048e-06
2.0048056e-06
2.0048115e-06
)
;
    }
    procBoundary14to15
    {
        type            processor;
        value           nonuniform List<scalar> 
40
(
1.9781646e-05
2.1031086e-05
2.2188918e-05
2.320418e-05
2.4014173e-05
2.4542398e-05
2.4696309e-05
2.4696309e-05
2.5336706e-05
2.5874596e-05
2.5191318e-05
2.3774452e-05
2.1452364e-05
1.8038377e-05
1.3349425e-05
7.2033114e-06
2.6247514e-06
1.9177179e-06
1.9104411e-06
1.9294731e-06
1.9451736e-06
1.9572663e-06
1.9667253e-06
1.9741484e-06
1.9799924e-06
1.9846126e-06
1.9882845e-06
1.9912118e-06
1.993512e-06
1.9952721e-06
1.9967027e-06
1.9979889e-06
1.9991411e-06
2.0001482e-06
2.0010711e-06
2.0025975e-06
2.0033183e-06
2.0037955e-06
2.0041967e-06
2.0045389e-06
)
;
    }
}


// ************************************************************************* //
