/*--------------------------------*- C++ -*----------------------------------*\
  =========                 |
  \\      /  F ield         | OpenFOAM: The Open Source CFD Toolbox
   \\    /   O peration     | Website:  https://openfoam.org
    \\  /    A nd           | Version:  12
     \\/     M anipulation  |
\*---------------------------------------------------------------------------*/
FoamFile
{
    format      ascii;
    class       volScalarField;
    location    "1100";
    object      k;
}
// * * * * * * * * * * * * * * * * * * * * * * * * * * * * * * * * * * * * * //

dimensions      [0 2 -2 0 0 0 0];

internalField   nonuniform List<scalar> 
1767
(
0.00013861596
0.00013838312
0.00013814285
0.00013789489
0.00013763902
0.00013737496
0.00013710246
0.00013682126
0.00013653107
0.0001362316
0.00013592257
0.00013560367
0.0001352746
0.00013493503
0.00013458465
0.00013422311
0.00013385007
0.00013346519
0.00013306811
0.00013265846
0.00013223587
0.00013179996
0.00013135034
0.00013088662
0.0001304084
0.00012991528
0.00012940685
0.00012888269
0.00012834239
0.00012778554
0.0001272117
0.00012662047
0.00012601143
0.00012538416
0.00012473824
0.00012407328
0.00012338888
0.00012268463
0.00012196018
0.00012121514
0.00012044918
0.00011966195
0.00011885314
0.00011802247
0.00011716967
0.00011629449
0.00011539674
0.00011447623
0.00011353281
0.00011256642
0.00011157687
0.0001105647
0.00010952737
0.00010847652
0.00010736013
0.00010640964
0.00010459489
0.00013889325
0.00013866633
0.00013843217
0.00013819052
0.00013794115
0.00013768382
0.00013741827
0.00013714423
0.00013686144
0.00013656961
0.00013626846
0.0001359577
0.00013563703
0.00013530612
0.00013496467
0.00013461235
0.00013424882
0.00013387374
0.00013348676
0.00013308752
0.00013267566
0.00013225079
0.00013181255
0.00013136054
0.00013089436
0.00013041363
0.00012991793
0.00012940686
0.00012888
0.00012833693
0.00012777725
0.00012720053
0.00012660634
0.00012599428
0.00012536393
0.00012471488
0.00012404672
0.00012335906
0.0001226515
0.00012192367
0.00012117521
0.00012040578
0.00011961503
0.00011880266
0.00011796838
0.00011711193
0.00011623308
0.00011533162
0.00011440737
0.00011346024
0.00011248999
0.00011149715
0.00011047914
0.00010944751
0.00010835104
0.00010741728
0.00010563332
0.00013916323
0.00013894206
0.00013871384
0.00013847833
0.0001382353
0.00013798451
0.00013772572
0.00013745866
0.00013718307
0.00013689868
0.00013660521
0.00013630237
0.00013598987
0.00013566741
0.00013533467
0.00013499133
0.00013463706
0.00013427154
0.00013389442
0.00013350533
0.00013310393
0.00013268985
0.00013226272
0.00013182214
0.00013136774
0.00013089912
0.00013041588
0.00012991762
0.00012940392
0.00012887437
0.00012832857
0.00012776608
0.00012718649
0.00012658938
0.00012597433
0.00012534094
0.00012468879
0.00012401748
0.0001233266
0.00012261579
0.00012188465
0.00012113284
0.00012036
0.0001195658
0.00011874995
0.00011791216
0.00011705217
0.00011616974
0.00011526469
0.00011433686
0.00011338601
0.0001124126
0.00011141407
0.00011040176
0.00010932531
0.00010840843
0.00010665569
0.00013942618
0.00013921062
0.00013898817
0.00013875864
0.00013852178
0.00013827736
0.00013802514
0.00013776487
0.0001374963
0.00013721915
0.00013693316
0.00013663804
0.00013633351
0.00013601926
0.00013569501
0.00013536043
0.0001350152
0.00013465899
0.00013429148
0.0001339123
0.00013352112
0.00013311757
0.00013270128
0.00013227188
0.00013182899
0.00013137221
0.00013090116
0.00013041543
0.00012991461
0.00012939831
0.0001288661
0.00012831757
0.00012775231
0.00012716989
0.00012656989
0.0001259519
0.00012531551
0.00012466031
0.0001239859
0.00012329188
0.00012257787
0.0001218435
0.0001210884
0.00012031224
0.00011951469
0.00011869546
0.00011785425
0.00011699082
0.00011610494
0.00011519644
0.00011426503
0.00011331116
0.00011233225
0.00011133938
0.00011028312
0.00010938319
0.00010766201
0.0001396824
0.00013947228
0.00013925547
0.00013903175
0.00013880089
0.00013856268
0.00013831686
0.00013806321
0.00013780147
0.00013753137
0.00013725266
0.00013696506
0.0001366683
0.00013636207
0.00013604608
0.00013572004
0.00013538362
0.0001350365
0.00013467836
0.00013430886
0.00013392764
0.00013353437
0.00013312867
0.00013271019
0.00013227854
0.00013183334
0.0001313742
0.00013090074
0.00013041254
0.0001299092
0.00012939032
0.00012885548
0.00012830427
0.00012773627
0.00012715105
0.00012654822
0.00012592734
0.00012528801
0.00012462982
0.00012395237
0.00012325527
0.00012253814
0.00012180061
0.00012104232
0.00012026293
0.00011946213
0.00011863961
0.00011779511
0.00011692836
0.00011603917
0.00011512724
0.00011419295
0.00011323375
0.00011226047
0.00011122457
0.00011034167
0.00010865227
0.00013993216
0.00013972735
0.00013951602
0.00013929796
0.00013907295
0.00013884078
0.00013860121
0.000138354
0.00013809891
0.00013783569
0.00013756407
0.0001372838
0.0001369946
0.00013669619
0.00013638826
0.00013607054
0.00013574271
0.00013540446
0.00013505546
0.00013469539
0.00013432391
0.00013394067
0.00013354532
0.0001331375
0.00013271684
0.00013228295
0.00013183547
0.000131374
0.00013089815
0.00013040752
0.00012990169
0.00012938027
0.00012884284
0.00012828899
0.00012771829
0.00012713034
0.00012652472
0.000125901
0.0001252588
0.00012459769
0.00012391728
0.00012321718
0.00012249701
0.00012175641
0.00012099503
0.00012021252
0.00011940857
0.00011858289
0.00011773521
0.0001168653
0.00011597283
0.00011505815
0.00011411872
0.00011316512
0.00011214972
0.00011128399
0.00010962654
0.00014017573
0.00013997609
0.00013977011
0.00013955757
0.00013933826
0.00013911197
0.00013887848
0.00013863755
0.00013838895
0.00013813243
0.00013786773
0.00013759461
0.00013731278
0.00013702198
0.00013672192
0.00013641232
0.00013609287
0.00013576326
0.00013542319
0.00013507233
0.00013471035
0.0001343369
0.00013395166
0.00013355425
0.00013314432
0.0001327215
0.00013228542
0.00013183569
0.00013137192
0.00013089371
0.00013040068
0.00012989241
0.00012936849
0.00012882852
0.00012827207
0.00012769874
0.00012710811
0.00012649976
0.00012587329
0.00012522828
0.00012456432
0.00012388104
0.00012317803
0.00012245493
0.00012171136
0.00012094699
0.00012016147
0.0001193545
0.00011852579
0.00011767508
0.00011680204
0.00011590696
0.00011498733
0.00011405348
0.00011305869
0.00011221025
0.00011058489
0.0001404134
0.0001402188
0.00014001802
0.00013981086
0.00013959711
0.00013937656
0.000139149
0.00013891419
0.00013867191
0.00013842192
0.00013816397
0.00013789781
0.00013762318
0.00013733981
0.00013704742
0.00013674573
0.00013643446
0.00013611329
0.00013578193
0.00013544006
0.00013508735
0.00013472348
0.0001343481
0.00013396087
0.00013356143
0.00013314943
0.00013272449
0.00013228623
0.00013183429
0.00013136825
0.00013088774
0.00013039236
0.00012988169
0.00012935533
0.00012881287
0.0001282539
0.000127678
0.00012708475
0.00012647376
0.0001258446
0.00012519686
0.00012453016
0.00012384409
0.00012313828
0.00012241234
0.00012166592
0.00012089868
0.00012011028
0.00011930042
0.00011846883
0.00011761514
0.00011673963
0.0001158398
0.00011492572
0.0001139516
0.00011312055
0.00011152744
0.00014064543
0.00014045575
0.00014026005
0.00014005813
0.0001398498
0.00013963484
0.00013941306
0.00013918422
0.00013894811
0.00013870449
0.00013845312
0.00013819376
0.00013792614
0.00013765002
0.00013736512
0.00013707116
0.00013676786
0.00013645493
0.00013613208
0.00013579898
0.00013545533
0.0001351008
0.00013473506
0.00013435777
0.00013396859
0.00013356716
0.00013315312
0.0001327261
0.00013228572
0.0001318316
0.00013136335
0.00013088059
0.0001303829
0.00012986989
0.00012934116
0.00012879628
0.00012823484
0.00012765645
0.00012706067
0.00012644711
0.00012581536
0.000125165
0.00012449564
0.0001238069
0.00012309839
0.00012236974
0.00012162059
0.00012085061
0.00012005946
0.00011924687
0.00011841245
0.00011755644
0.00011667636
0.00011578206
0.00011482865
0.00011401501
0.00011245434
0.00014087208
0.00014068719
0.00014049644
0.00014029964
0.0001400966
0.00013988711
0.00013967096
0.00013944795
0.00013921786
0.00013898045
0.00013873551
0.00013848277
0.00013822201
0.00013795296
0.00013767536
0.00013738895
0.00013709344
0.00013678856
0.000136474
0.00013614948
0.00013581467
0.00013546927
0.00013511296
0.00013474539
0.00013436623
0.00013397514
0.00013357176
0.00013315572
0.00013272666
0.00013228421
0.00013182797
0.00013135757
0.00013087261
0.00013037269
0.00012985741
0.00012932636
0.00012877914
0.00012821533
0.00012763452
0.0001270363
0.00012642027
0.00012578602
0.00012513314
0.00012446124
0.00012376994
0.00012305885
0.00012232761
0.00012157587
0.00012080329
0.00012000956
0.0001191943
0.00011835769
0.00011749732
0.00011662275
0.00011569006
0.00011489382
0.00011336576
0.0001410936
0.0001409134
0.00014072748
0.00014053568
0.00014033779
0.00014013363
0.00013992299
0.00013970567
0.00013948146
0.00013925012
0.00013901144
0.00013876518
0.00013851111
0.00013824897
0.0001379785
0.00013769946
0.00013741156
0.00013711453
0.00013680809
0.00013649194
0.00013616578
0.0001358293
0.00013548219
0.00013512413
0.00013475477
0.00013437379
0.00013398083
0.00013357554
0.00013315756
0.00013272653
0.00013228205
0.00013182377
0.00013135127
0.00013086418
0.0001303621
0.00012984462
0.00012931135
0.00012876186
0.00012819576
0.00012761264
0.00012701208
0.00012639368
0.00012575704
0.00012510175
0.00012442743
0.0001237337
0.00012302016
0.00012228648
0.00012153229
0.00012075728
0.00011996103
0.00011914373
0.00011830296
0.00011744806
0.00011653606
0.00011575721
0.00011426187
0.00014131025
0.00014113462
0.00014095343
0.0001407665
0.00014057366
0.0001403747
0.00014016944
0.00013995768
0.0001397392
0.00013951379
0.00013928124
0.00013904131
0.00013879376
0.00013853837
0.00013827488
0.00013800303
0.00013772257
0.00013743322
0.0001371347
0.00013682674
0.00013650903
0.00013618127
0.00013584316
0.00013549439
0.00013513462
0.00013476353
0.00013438077
0.000133986
0.00013357887
0.00013315901
0.00013272605
0.00013227963
0.00013181935
0.00013134484
0.00013085571
0.00013035154
0.00012983195
0.00012929654
0.00012874489
0.0001281766
0.00012759126
0.00012698847
0.00012636781
0.0001257289
0.00012507134
0.00012439473
0.00012369869
0.00012298286
0.00012224687
0.0001214904
0.00012071303
0.00011991489
0.00011909362
0.00011825831
0.00011736694
0.00011660546
0.00011514287
0.00014152227
0.00014135111
0.00014117454
0.00014099238
0.00014080446
0.00014061059
0.00014041059
0.00014020425
0.00013999138
0.00013977177
0.0001395452
0.00013931145
0.00013907029
0.0001388215
0.00013856482
0.00013830001
0.00013802681
0.00013774497
0.0001374542
0.00013715424
0.00013684479
0.00013652556
0.00013619626
0.00013585657
0.00013550618
0.00013514477
0.00013477199
0.00013438752
0.000133991
0.00013358208
0.00013316041
0.00013272561
0.00013227731
0.00013181513
0.00013133869
0.00013084758
0.00013034143
0.00012981983
0.00012928237
0.00012872866
0.00012815828
0.00012757084
0.00012696594
0.00012634315
0.0001257021
0.00012504239
0.00012436363
0.00012366544
0.00012294746
0.00012220935
0.00012145067
0.00012067156
0.00011986965
0.00011905382
0.00011818298
0.00011743886
0.00011600899
0.0001417299
0.00014156311
0.00014139105
0.00014121355
0.00014103045
0.00014084156
0.0001406467
0.00014044567
0.00014023828
0.00014002434
0.00013980362
0.00013957591
0.000139341
0.00013909866
0.00013884864
0.00013859071
0.00013832463
0.00013805012
0.00013776693
0.0001374748
0.00013717343
0.00013686255
0.00013654186
0.00013621107
0.00013586985
0.00013551791
0.0001351549
0.00013478051
0.00013439438
0.00013399619
0.00013358557
0.00013316215
0.00013272559
0.0001322755
0.0001318115
0.00013133321
0.00013084024
0.00013033219
0.00012980867
0.00012926929
0.00012871362
0.00012814129
0.00012755187
0.00012694497
0.0001263202
0.00012567714
0.00012501543
0.00012433467
0.00012363448
0.00012291453
0.00012217437
0.0001214141
0.00012063142
0.00011983494
0.00011898452
0.00011825768
0.00011686048
0.00014193336
0.00014177085
0.00014160321
0.00014143028
0.00014125189
0.00014106786
0.00014087803
0.0001406822
0.00014048018
0.00014027178
0.00014005678
0.000139835
0.0001396062
0.00013937016
0.00013912666
0.00013887547
0.00013861634
0.00013834901
0.00013807324
0.00013778877
0.00013749531
0.0001371926
0.00013688034
0.00013655825
0.00013622602
0.00013588334
0.0001355299
0.00013516538
0.00013478943
0.00013440174
0.00013400194
0.00013358969
0.00013316463
0.00013272638
0.00013227459
0.00013180887
0.00013132883
0.00013083409
0.00013032427
0.00012979895
0.00012925775
0.00012870026
0.00012812608
0.00012753482
0.00012692607
0.00012629944
0.00012565454
0.00012499097
0.00012430837
0.00012360637
0.00012288453
0.00012214293
0.00012137929
0.00012060201
0.00011977187
0.00011906225
0.0001176976
0.00014213289
0.00014197457
0.00014181125
0.00014164279
0.00014146901
0.00014128976
0.00014110485
0.0001409141
0.00014071734
0.00014051436
0.00014030497
0.00014008898
0.00013986616
0.0001396363
0.00013939919
0.00013915458
0.00013890226
0.00013864197
0.00013837346
0.00013809648
0.00013781077
0.00013751605
0.00013721205
0.00013689848
0.00013657504
0.00013624144
0.00013589737
0.00013554252
0.00013517655
0.00013479914
0.00013440995
0.00013400864
0.00013359485
0.00013316822
0.0001327284
0.000132275
0.00013180766
0.00013132599
0.0001308296
0.0001303181
0.00012979111
0.00012924821
0.00012868903
0.00012811315
0.00012752018
0.00012690973
0.0001262814
0.0001256348
0.00012496954
0.00012428528
0.00012358155
0.00012285842
0.00012211365
0.0001213554
0.00012054541
0.00011985288
0.00011852062
0.0001423287
0.00014217448
0.0001420154
0.00014185131
0.00014168206
0.00014150748
0.00014132739
0.00014114163
0.00014095001
0.00014075235
0.00014054846
0.00014033813
0.00014012117
0.00013989737
0.0001396665
0.00013942836
0.0001391827
0.00013892929
0.0001386679
0.00013839827
0.00013812014
0.00013783325
0.00013753733
0.00013723211
0.00013691729
0.00013659258
0.00013625769
0.00013591231
0.00013555611
0.00013518878
0.00013480999
0.0001344194
0.00013401666
0.00013360143
0.00013317334
0.00013273204
0.00013227715
0.0001318083
0.00013132511
0.00013082719
0.00013031415
0.0001297856
0.00012924116
0.00012868041
0.00012810298
0.00012750845
0.00012689645
0.00012626657
0.00012561843
0.00012495168
0.00012426585
0.00012356098
0.00012283489
0.00012209549
0.00012130546
0.00012062991
0.00011932981
0.00014252099
0.0001423708
0.00014221587
0.00014205608
0.00014189126
0.00014172126
0.0001415459
0.00014136502
0.00014117845
0.000140986
0.00014078749
0.00014058272
0.00014037151
0.00014015363
0.00013992889
0.00013969707
0.00013945795
0.00013921129
0.00013895687
0.00013869443
0.00013842373
0.00013814452
0.00013785652
0.00013755948
0.0001372531
0.00013693711
0.00013661121
0.00013627511
0.00013592849
0.00013557104
0.00013520244
0.00013482236
0.00013443046
0.0001340264
0.00013360983
0.00013318039
0.00013273773
0.00013228146
0.00013181122
0.00013132663
0.0001308273
0.00013031286
0.0001297829
0.00012923704
0.00012867488
0.00012809604
0.00012750012
0.00012688672
0.00012625547
0.00012560599
0.00012493782
0.000124251
0.00012354338
0.00012282263
0.00012205239
0.00012139368
0.00012012542
0.00014270997
0.00014256372
0.00014241288
0.0001422573
0.00014209683
0.00014193131
0.0001417606
0.00014158451
0.00014140289
0.00014121555
0.00014102231
0.000140823
0.00014061741
0.00014040535
0.00014018662
0.000139961
0.00013972828
0.00013948824
0.00013924065
0.00013898527
0.00013872185
0.00013845016
0.00013816993
0.0001378809
0.0001375828
0.00013727535
0.00013695827
0.00013663127
0.00013629404
0.00013594628
0.00013558767
0.0001352179
0.00013483663
0.00013444353
0.00013403825
0.00013362046
0.00013318978
0.00013274586
0.00013228834
0.00013181684
0.00013133098
0.00013083039
0.00013031467
0.00012978345
0.00012923633
0.00012867291
0.00012809282
0.00012749566
0.00012688104
0.0001262486
0.00012559787
0.00012492887
0.0001242395
0.0001235372
0.00012278656
0.00012214449
0.00012090769
0.00014289583
0.00014275345
0.00014260661
0.00014245517
0.00014229896
0.00014213786
0.0001419717
0.00014180031
0.00014162354
0.00014144122
0.00014125316
0.0001410592
0.00014085913
0.00014065278
0.00014043994
0.0001402204
0.00013999397
0.00013976041
0.00013951952
0.00013927105
0.00013901478
0.00013875047
0.00013847785
0.00013819668
0.0001379067
0.00013760763
0.0001372992
0.00013698111
0.00013665309
0.00013631483
0.00013596603
0.00013560636
0.00013523552
0.00013485317
0.00013445897
0.0001340526
0.00013363369
0.0001332019
0.00013275686
0.00013229821
0.00013182559
0.0001313386
0.00013083688
0.00013032004
0.0001297877
0.00012923947
0.00012867496
0.00012809379
0.00012749556
0.00012687991
0.00012624638
0.00012559497
0.00012492361
0.00012423954
0.00012350829
0.00012288261
0.00012167701
0.00014307873
0.00014294016
0.00014279726
0.00014264987
0.00014249786
0.00014234109
0.00014217939
0.00014201263
0.00014184063
0.00014166323
0.00014148026
0.00014129154
0.0001410969
0.00014089614
0.00014068908
0.00014047552
0.00014025525
0.00014002806
0.00013979374
0.00013955206
0.0001393028
0.00013904572
0.00013878057
0.00013850712
0.00013822509
0.00013793424
0.00013763429
0.00013732496
0.00013700597
0.00013667703
0.00013633784
0.00013598809
0.00013562748
0.00013525567
0.00013487236
0.00013447719
0.00013406983
0.00013364994
0.00013321717
0.00013277114
0.00013231151
0.00013183789
0.00013134993
0.00013084723
0.00013032943
0.00012979613
0.00012924695
0.00012868151
0.00012809943
0.00012750033
0.00012688376
0.00012624969
0.00012559612
0.00012493006
0.00012421796
0.00012360834
0.00012243397
0.00014358799
0.00014346002
0.00014332804
0.00014319194
0.00014305159
0.00014290685
0.00014275759
0.00014260365
0.0001424449
0.00014228118
0.00014211234
0.00014193822
0.00014175864
0.00014157344
0.00014138245
0.00014118547
0.00014098233
0.00014077283
0.00014055677
0.00014033395
0.00014010416
0.00013986718
0.00013962279
0.00013937076
0.00013911085
0.00013884283
0.00013856644
0.00013828144
0.00013798755
0.00013768451
0.00013737204
0.00013704986
0.00013671767
0.00013637519
0.00013602211
0.00013565811
0.00013528289
0.0001348961
0.00013449743
0.00013408653
0.00013366307
0.00013322668
0.00013277702
0.00013231372
0.00013183643
0.00013134476
0.00013083835
0.00013031682
0.00012977978
0.00012922689
0.00012865768
0.0001280721
0.00012746827
0.00012685257
0.00012619419
0.00012562955
0.00012454313
0.00014428255
0.00014416894
0.00014405179
0.00014393101
0.00014380647
0.00014367806
0.00014354566
0.00014340913
0.00014326837
0.00014312322
0.00014297356
0.00014281924
0.00014266012
0.00014249605
0.00014232688
0.00014215245
0.00014197259
0.00014178713
0.00014159591
0.00014139875
0.00014119545
0.00014098584
0.00014076972
0.00014054688
0.00014031713
0.00014008024
0.00013983602
0.00013958422
0.00013932462
0.00013905699
0.00013878108
0.00013849664
0.00013820342
0.00013790115
0.00013758958
0.00013726841
0.00013693738
0.00013659618
0.00013624454
0.00013588213
0.00013550867
0.00013512382
0.00013472727
0.00013431869
0.00013389776
0.00013346412
0.00013301743
0.00013255735
0.00013208351
0.00013159557
0.00013109309
0.00013057601
0.00013004264
0.0001294985
0.00012891661
0.00012841683
0.00012745599
0.00014488387
0.00014478265
0.00014467831
0.00014457075
0.00014445988
0.00014434558
0.00014422776
0.0001441063
0.00014398109
0.00014385202
0.00014371897
0.00014358182
0.00014344044
0.0001432947
0.00014314446
0.00014298959
0.00014282995
0.00014266539
0.00014249577
0.00014232092
0.00014214069
0.00014195491
0.00014176342
0.00014156604
0.0001413626
0.00014115291
0.00014093679
0.00014071404
0.00014048446
0.00014024786
0.00014000401
0.0001397527
0.00013949372
0.00013922684
0.00013895182
0.00013866843
0.00013837642
0.00013807554
0.00013776554
0.00013744614
0.00013711709
0.0001367781
0.0001364289
0.0001360692
0.0001356987
0.0001353171
0.0001349241
0.00013451938
0.00013410263
0.00013367353
0.0001332317
0.00013277706
0.00013230813
0.00013182967
0.00013131818
0.00013087819
0.00013003407
0.00014533704
0.00014524513
0.00014515041
0.00014505279
0.0001449522
0.00014484853
0.0001447417
0.00014463161
0.00014451815
0.00014440124
0.00014428075
0.00014415659
0.00014402865
0.0001438968
0.00014376094
0.00014362094
0.00014347667
0.00014332802
0.00014317485
0.00014301702
0.0001428544
0.00014268685
0.00014251421
0.00014233634
0.00014215308
0.00014196428
0.00014176977
0.00014156939
0.00014136296
0.00014115031
0.00014093126
0.00014070562
0.0001404732
0.00014023381
0.00013998724
0.0001397333
0.00013947177
0.00013920244
0.00013892508
0.00013863948
0.00013834539
0.00013804259
0.00013773084
0.00013740988
0.00013707946
0.00013673932
0.00013638921
0.00013602885
0.00013565797
0.0001352763
0.0001348835
0.0001344795
0.00013406303
0.00013363821
0.00013318456
0.00013279374
0.0001320464
0.00014561123
0.00014552493
0.00014543603
0.00014534443
0.00014525007
0.00014515285
0.00014505269
0.00014494952
0.00014484322
0.00014473372
0.00014462091
0.00014450471
0.000144385
0.00014426169
0.00014413467
0.00014400383
0.00014386906
0.00014373025
0.00014358727
0.00014344001
0.00014328834
0.00014313213
0.00014297127
0.0001428056
0.000142635
0.00014245932
0.00014227842
0.00014209216
0.00014190037
0.00014170291
0.00014149962
0.00014129033
0.00014107488
0.00014085309
0.00014062481
0.00014038983
0.00014014799
0.00013989909
0.00013964295
0.00013937938
0.00013910816
0.0001388291
0.000138542
0.00013824663
0.00013794279
0.00013763025
0.00013730879
0.00013697818
0.00013663819
0.00013628859
0.00013592909
0.00013555963
0.00013517911
0.00013479122
0.0001343776
0.00013402093
0.00013334135
0.00014572568
0.00014564172
0.00014555525
0.00014546617
0.00014537443
0.00014527993
0.00014518259
0.00014508234
0.00014497909
0.00014487274
0.00014476322
0.00014465042
0.00014453424
0.00014441461
0.0001442914
0.00014416453
0.00014403388
0.00014389934
0.00014376082
0.00014361818
0.00014347132
0.00014332012
0.00014316446
0.0001430042
0.00014283923
0.00014266941
0.0001424946
0.00014231468
0.0001421295
0.00014193892
0.00014174279
0.00014154096
0.00014133329
0.0001411196
0.00014089975
0.00014067358
0.00014044091
0.00014020158
0.00013995541
0.00013970224
0.00013944188
0.00013917414
0.00013889886
0.00013861582
0.00013832486
0.00013802576
0.00013771834
0.00013740239
0.00013707771
0.0001367441
0.0001364013
0.00013604929
0.00013568705
0.00013531805
0.00013492506
0.00013458606
0.00013394195
0.00014575549
0.00014567214
0.00014558629
0.00014549786
0.0001454068
0.00014531301
0.00014521641
0.00014511693
0.00014501447
0.00014490896
0.0001448003
0.0001446884
0.00014457318
0.00014445452
0.00014433234
0.00014420653
0.00014407699
0.00014394361
0.00014380629
0.00014366491
0.00014351936
0.00014336953
0.00014321529
0.00014305652
0.0001428931
0.0001427249
0.00014255179
0.00014237364
0.0001421903
0.00014200165
0.00014180754
0.00014160782
0.00014140235
0.00014119097
0.00014097354
0.00014074989
0.00014051987
0.00014028331
0.00014004005
0.00013978992
0.00013953275
0.00013926836
0.00013899658
0.00013871723
0.00013843013
0.00013813509
0.00013783193
0.00013752046
0.00013720047
0.0001368718
0.00013653421
0.00013618766
0.00013583118
0.00013546817
0.00013508179
0.00013474847
0.00013411592
0.00014576376
0.00014568056
0.00014559488
0.00014550663
0.00014541574
0.00014532213
0.00014522573
0.00014512645
0.0001450242
0.0001449189
0.00014481047
0.0001446988
0.00014458382
0.00014446541
0.00014434349
0.00014421795
0.0001440887
0.00014395561
0.0001438186
0.00014367754
0.00014353232
0.00014338284
0.00014322896
0.00014307056
0.00014290753
0.00014273974
0.00014256705
0.00014238934
0.00014220646
0.00014201828
0.00014182466
0.00014162546
0.00014142053
0.00014120971
0.00014099286
0.00014076982
0.00014054043
0.00014030453
0.00014006196
0.00013981255
0.00013955613
0.00013929252
0.00013902157
0.00013874307
0.00013845687
0.00013816276
0.00013786058
0.00013755013
0.00013723123
0.00013690368
0.00013656727
0.00013622196
0.00013586678
0.00013550513
0.00013512024
0.00013478817
0.00013415823
0.00014576875
0.00014568565
0.00014560006
0.00014551191
0.00014542112
0.00014532762
0.00014523133
0.00014513216
0.00014503003
0.00014492485
0.00014481654
0.000144705
0.00014459015
0.00014447188
0.0001443501
0.00014422471
0.00014409561
0.00014396268
0.00014382583
0.00014368494
0.0001435399
0.00014339059
0.00014323689
0.00014307869
0.00014291586
0.00014274827
0.0001425758
0.00014239831
0.00014221566
0.00014202772
0.00014183435
0.0001416354
0.00014143073
0.00014122018
0.00014100361
0.00014078086
0.00014055178
0.00014031619
0.00014007394
0.00013982487
0.00013956879
0.00013930555
0.00013903496
0.00013875684
0.00013847103
0.00013817734
0.00013787558
0.00013756557
0.00013724711
0.00013692003
0.0001365841
0.00013623929
0.00013588463
0.00013552351
0.00013513919
0.00013480761
0.00013417865
0.00014577468
0.00014569169
0.00014560621
0.00014551817
0.0001454275
0.00014533413
0.00014523796
0.00014513892
0.00014503692
0.00014493188
0.00014482372
0.00014471233
0.00014459763
0.00014447952
0.0001443579
0.00014423268
0.00014410375
0.000143971
0.00014383433
0.00014369364
0.00014354879
0.00014339969
0.0001432462
0.00014308822
0.00014292562
0.00014275826
0.00014258603
0.00014240878
0.00014222639
0.00014203871
0.00014184562
0.00014164695
0.00014144257
0.00014123232
0.00014101606
0.00014079363
0.00014056487
0.00014032962
0.00014008772
0.000139839
0.00013958329
0.00013932043
0.00013905023
0.00013877252
0.00013848713
0.00013819386
0.00013789254
0.00013758298
0.000137265
0.0001369384
0.00013660296
0.00013625866
0.00013590453
0.00013554394
0.00013516021
0.00013482909
0.00013420112
)
;

boundaryField
{
    inlet
    {
        type            fixedValue;
        value           nonuniform List<scalar> 0();
    }
    top
    {
        type            zeroGradient;
    }
    outlet
    {
        type            zeroGradient;
    }
    slipsurface
    {
        type            slip;
    }
    bottom
    {
        type            kqRWallFunction;
        value           nonuniform List<scalar> 0();
    }
    frontandback
    {
        type            empty;
    }
    procBoundary6to0
    {
        type            processor;
        value           nonuniform List<scalar> 
31
(
0.00013884159
0.00013911316
0.00013937757
0.0001396351
0.00013988603
0.00014013065
0.00014036922
0.00014060201
0.00014082928
0.00014105128
0.00014126828
0.0001414805
0.00014168819
0.00014189159
0.00014209091
0.00014228639
0.00014247822
0.00014266662
0.00014285177
0.00014303387
0.00014321308
0.00014371209
0.00014439274
0.00014498206
0.00014542622
0.00014569499
0.00014580719
0.00014583642
0.00014584454
0.00014584944
0.00014585527
)
;
    }
    procBoundary6to7
    {
        type            processor;
        value           nonuniform List<scalar> 
57
(
0.00013833104
0.00013809213
0.00013784557
0.00013759114
0.00013732856
0.0001370576
0.00013677797
0.0001364894
0.0001361916
0.00013588429
0.00013556716
0.00013523991
0.00013490221
0.00013455375
0.0001341942
0.0001338232
0.00013344041
0.00013304548
0.00013263804
0.00013221772
0.00013178414
0.00013133691
0.00013087565
0.00013039995
0.00012990941
0.00012940363
0.00012888218
0.00012834466
0.00012779065
0.00012721973
0.00012663147
0.00012602547
0.00012540131
0.00012475856
0.00012409684
0.00012341573
0.00012271485
0.00012199381
0.00012125225
0.00012048982
0.00011970618
0.00011890102
0.00011807404
0.00011722496
0.00011635356
0.00011545961
0.00011454294
0.00011360339
0.00011264086
0.0001116553
0.00011064655
0.00010961518
0.00010855862
0.00010748864
0.00010635247
0.00010538543
0.00010354043
)
;
    }
}


// ************************************************************************* //
