/*--------------------------------*- C++ -*----------------------------------*\
  =========                 |
  \\      /  F ield         | OpenFOAM: The Open Source CFD Toolbox
   \\    /   O peration     | Website:  https://openfoam.org
    \\  /    A nd           | Version:  12
     \\/     M anipulation  |
\*---------------------------------------------------------------------------*/
FoamFile
{
    format      ascii;
    class       volScalarField;
    location    "700";
    object      k;
}
// * * * * * * * * * * * * * * * * * * * * * * * * * * * * * * * * * * * * * //

dimensions      [0 2 -2 0 0 0 0];

internalField   nonuniform List<scalar> 
466
(
0.0001893003
0.00027291614
0.00039840335
0.00057465437
0.00081452361
0.001130987
0.0015339133
0.0020265035
0.0026021208
0.0032424788
0.0039175159
0.0045907193
0.0052250394
0.005788844
0.0062601908
0.0066281942
0.0068932922
0.00014388191
0.00014767211
0.00015356861
0.00016200784
0.0001739298
0.00019078379
0.00021451428
0.00024748095
0.00029203829
0.00035001249
0.0004229511
0.00051035515
0.00060926349
0.00071500056
0.00082235463
0.00092661484
0.0010249455
0.00014237423
0.00014282669
0.00014353876
0.00014446199
0.0001455858
0.00014692028
0.0001484824
0.00015028424
0.00015232357
0.00015458015
0.00015704184
0.00015969193
0.00016246395
0.00016523764
0.00016784326
0.00017008263
0.0001717688
0.00014220893
0.00014226064
0.00014238537
0.00014255832
0.00014276129
0.00014298234
0.00014321001
0.00014342977
0.00014362425
0.00014377265
0.00014385201
0.00014383715
0.00014370181
0.0001434139
0.00014293892
0.00014224176
0.00014128847
0.00014220237
0.00014216046
0.00014215066
0.00014216002
0.00014218061
0.00014220457
0.0001422244
0.00014223216
0.00014221943
0.00014217702
0.00014209503
0.00014196308
0.00014177095
0.0001415076
0.00014116332
0.0001407262
0.00014018445
0.0001422361
0.00014216741
0.00014211025
0.00014206381
0.00014202419
0.00014198672
0.00014194677
0.00014189968
0.00014184066
0.00014176472
0.00014166661
0.00014154104
0.00014138253
0.00014118565
0.0001409437
0.00014065195
0.00014030593
0.00014228472
0.00014220849
0.00014213443
0.00014206466
0.00014199875
0.00014193466
0.00014186966
0.00014180085
0.00014172522
0.00014163964
0.00014154085
0.00014142543
0.00014129004
0.00014113131
0.00014094553
0.00014072924
0.00014047933
0.00014234248
0.00014226479
0.00014218549
0.0001421064
0.00014202836
0.00014195103
0.0001418732
0.00014179323
0.00014170924
0.00014161915
0.00014152079
0.00014141185
0.00014128998
0.00014115284
0.00014099794
0.00014082284
0.00014062517
0.00014240831
0.00014233079
0.00014225052
0.00014216845
0.00014208546
0.0001420018
0.00014191721
0.00014183096
0.00014174198
0.00014164899
0.00014155053
0.00014144501
0.00014133073
0.00014120598
0.00014106895
0.00014091782
0.00014075078
0.00014248191
0.00014240494
0.00014232501
0.00014224259
0.00014215819
0.00014207211
0.0001419844
0.00014189485
0.00014180298
0.00014170806
0.00014160917
0.00014150525
0.00014139511
0.00014127749
0.00014115105
0.00014101439
0.00014086611
0.00014256293
0.00014248658
0.00014240738
0.00014232553
0.00014224129
0.00014215481
0.00014206619
0.00014197537
0.00014188217
0.00014178623
0.00014168702
0.00014158388
0.000141476
0.00014136249
0.00014124238
0.00014111461
0.00014097809
0.00014265085
0.00014257522
0.00014249685
0.00014241588
0.0001423324
0.00014224647
0.00014215811
0.0001420673
0.00014197393
0.00014187783
0.00014177871
0.00014167616
0.00014156967
0.00014145866
0.00014134242
0.00014122019
0.00014109115
0.00014274512
0.00014267029
0.00014259284
0.00014251285
0.00014243036
0.00014234538
0.00014225786
0.00014216775
0.00014207497
0.00014197939
0.00014188083
0.00014177904
0.0001416737
0.00014156441
0.00014145073
0.0001413321
0.00014120794
0.00014284517
0.00014277122
0.00014269475
0.00014261581
0.00014253443
0.00014245056
0.00014236413
0.00014227509
0.00014218332
0.00014208871
0.00014199112
0.00014189036
0.00014178622
0.00014167843
0.00014156669
0.00014145063
0.00014132983
0.00014295041
0.00014287742
0.00014280199
0.00014272417
0.00014264395
0.00014256128
0.00014247608
0.00014238827
0.00014229774
0.00014220437
0.00014210803
0.00014200856
0.00014190578
0.0001417995
0.0001416895
0.00014157553
0.00014145729
0.00014306025
0.00014298829
0.00014291396
0.00014283731
0.00014275831
0.00014267691
0.00014259301
0.00014250654
0.00014241737
0.0001423254
0.00014223048
0.00014213247
0.00014203121
0.00014192654
0.00014181827
0.00014170623
0.0001415902
0.00014146994
0.00014317412
0.00014310326
0.00014303009
0.00014295466
0.00014287693
0.00014279684
0.0001427143
0.00014262923
0.00014254151
0.00014245102
0.00014235763
0.0001422612
0.00014216158
0.00014205862
0.00014195215
0.00014184203
0.00014172809
0.00014161014
0.00014888446
0.0001469481
0.00014553505
0.00014450834
0.00014376459
0.00014322783
0.00014283889
0.00014257006
0.00014232669
0.00014240576
0.00014888473
0.00014694886
0.00014553617
0.00014450972
0.00014376617
0.00014322952
0.00014284088
0.00014257011
0.00014234904
0.00014225542
0.00014888638
0.00014695343
0.00014554291
0.00014451805
0.00014377567
0.00014323982
0.00014285212
0.00014257931
0.00014237394
0.00014222646
0.00014888939
0.00014696176
0.00014555518
0.00014453322
0.00014379298
0.0001432586
0.0001428724
0.00014259836
0.00014240062
0.00014224964
0.00014889373
0.00014697375
0.00014557287
0.00014455509
0.00014381792
0.0001432857
0.00014290144
0.00014262722
0.00014243242
0.00014228803
0.00014889937
0.00014698932
0.00014559581
0.00014458346
0.00014385027
0.00014332088
0.00014293897
0.00014266549
0.00014247182
0.00014233182
0.00014890626
0.00014700833
0.00014562383
0.0001446181
0.00014388976
0.00014336385
0.00014298466
0.00014271264
0.00014251971
0.00014238182
0.00014891435
0.00014703064
0.0001456567
0.00014465874
0.00014393609
0.00014341427
0.00014303819
0.00014276814
0.00014257612
0.00014243925
0.00014892358
0.00014705608
0.00014569418
0.00014470507
0.00014398891
0.00014347177
0.00014309916
0.00014283149
0.0001426407
0.00014250456
0.00014893388
0.00014708447
0.00014573601
0.00014475678
0.00014404785
0.00014353595
0.00014316717
0.00014290219
0.00014271294
0.0001425776
0.0001489452
0.00014711564
0.00014578191
0.00014481351
0.00014411252
0.00014360636
0.00014324177
0.00014297975
0.00014279229
0.00014265794
0.00014895745
0.00014714938
0.00014583159
0.00014487491
0.00014418248
0.00014368255
0.00014332247
0.00014306365
0.00014287823
0.00014274506
0.00014897057
0.00014718548
0.00014588474
0.00014494059
0.00014425732
0.00014376405
0.00014340879
0.00014315339
0.00014297019
0.0001428384
0.00014898447
0.00014722374
0.00014594105
0.00014501016
0.0001443366
0.00014385037
0.00014350021
0.00014324843
0.00014306764
0.00014293739
0.00014899908
0.00014726395
0.00014600021
0.00014508325
0.00014441987
0.00014394104
0.00014359622
0.00014334825
0.00014317002
0.00014304145
0.00014901433
0.00014730589
0.00014606192
0.00014515947
0.00014450669
0.00014403556
0.00014369631
0.00014345231
0.00014327677
0.00014315003
0.00014903013
0.00014734936
0.00014612585
0.00014523843
0.00014459663
0.00014413347
0.00014379998
0.00014356008
0.00014338737
0.00014326255
0.00014904642
0.00014739414
0.00014619172
0.00014531976
0.00014468925
)
;

boundaryField
{
    inlet
    {
        type            fixedValue;
        value           uniform 0.00015;
    }
    top
    {
        type            zeroGradient;
    }
    outlet
    {
        type            zeroGradient;
    }
    slipsurface
    {
        type            slip;
    }
    bottom
    {
        type            kqRWallFunction;
        value           nonuniform List<scalar> 
17
(
0.0001893003
0.00027291614
0.00039840335
0.00057465437
0.00081452361
0.001130987
0.0015339133
0.0020265035
0.0026021208
0.0032424788
0.0039175159
0.0045907193
0.0052250394
0.005788844
0.0062601908
0.0066281942
0.0068932922
)
;
    }
    frontandback
    {
        type            empty;
    }
    procBoundary7to5
    {
        type            processor;
        value           nonuniform List<scalar> 
18
(
0.0070575956
0.0011155324
0.00017275403
0.00014005988
0.00013952008
0.00013989934
0.00014019248
0.00014040261
0.00014056604
0.00014070479
0.0001408317
0.00014095442
0.00014107758
0.00014120381
0.00014133446
0.00014133446
0.00014134519
0.00014148798
)
;
    }
    procBoundary7to6
    {
        type            processor;
        value           nonuniform List<scalar> 
29
(
0.00014329148
0.00014322176
0.00014314979
0.00014307562
0.00014299921
0.00014292048
0.00014283935
0.00014275572
0.0001426695
0.00014258056
0.00014248877
0.000142394
0.00014229611
0.00014219493
0.00014209035
0.00014198219
0.00014187033
0.0001417546
0.00014423431
0.00014390674
0.00014367107
0.00014350129
0.00014337849
0.00014906312
0.00014744006
0.00014625922
0.00014540311
0.00014423431
0.00014478417
)
;
    }
}


// ************************************************************************* //
