/*--------------------------------*- C++ -*----------------------------------*\
  =========                 |
  \\      /  F ield         | OpenFOAM: The Open Source CFD Toolbox
   \\    /   O peration     | Website:  https://openfoam.org
    \\  /    A nd           | Version:  12
     \\/     M anipulation  |
\*---------------------------------------------------------------------------*/
FoamFile
{
    format      ascii;
    class       surfaceScalarField;
    location    "2000";
    object      phi;
}
// * * * * * * * * * * * * * * * * * * * * * * * * * * * * * * * * * * * * * //

dimensions      [0 3 -1 0 0 0 0];

internalField   nonuniform List<scalar> 
1558
(
1.6186321e-08
7.7319387e-11
1.6109977e-08
7.6344538e-11
1.6034532e-08
7.5444425e-11
1.5959933e-08
7.4598847e-11
1.5886136e-08
7.3797056e-11
1.5813076e-08
7.3059804e-11
1.5740677e-08
7.2399142e-11
1.5668896e-08
7.178122e-11
1.5597684e-08
7.1212123e-11
1.5526979e-08
7.0705188e-11
1.545674e-08
7.0239022e-11
1.538693e-08
6.9809696e-11
1.5317478e-08
6.9452311e-11
1.5248335e-08
6.91428e-11
1.5179481e-08
6.8853631e-11
1.5110877e-08
6.8604719e-11
1.5042469e-08
6.8407447e-11
1.4974203e-08
6.82662e-11
1.490604e-08
6.8163159e-11
1.4837965e-08
6.8074802e-11
1.4769936e-08
6.8029348e-11
1.4701866e-08
6.8069898e-11
1.4633703e-08
6.8162837e-11
1.4565446e-08
6.8256781e-11
1.449706e-08
6.8386288e-11
1.4428421e-08
6.8638988e-11
1.4359457e-08
6.8964141e-11
1.4290196e-08
6.9260542e-11
1.4220614e-08
6.9582108e-11
7.0007573e-11
4.9527276e-08
3.139034e-10
4.9293675e-08
3.0994479e-10
4.9062832e-08
3.0628735e-10
4.8834579e-08
3.0285267e-10
4.8608774e-08
2.9960167e-10
4.8385222e-08
2.9661152e-10
4.8163696e-08
2.9392525e-10
4.7944062e-08
2.9141489e-10
4.7726169e-08
2.8910609e-10
4.7509823e-08
2.8705094e-10
4.7294904e-08
2.851576e-10
4.7081301e-08
2.8341254e-10
4.6868794e-08
2.8196016e-10
4.665723e-08
2.8070649e-10
4.6446549e-08
2.7953486e-10
4.6236632e-08
2.7852136e-10
4.602732e-08
2.7771926e-10
4.5818439e-08
2.7714684e-10
4.5609872e-08
2.7673054e-10
4.5401576e-08
2.7637138e-10
4.519342e-08
2.7618525e-10
4.498514e-08
2.763492e-10
4.4776575e-08
2.7672863e-10
4.456772e-08
2.771111e-10
4.4358472e-08
2.7763493e-10
4.4148451e-08
2.7865983e-10
4.3937433e-08
2.7998152e-10
4.3725508e-08
2.811861e-10
4.35126e-08
2.8249016e-10
2.8421648e-10
8.5831119e-08
7.2390196e-10
8.5426292e-08
7.1477178e-10
8.5026248e-08
7.0633175e-10
8.4630692e-08
6.9840829e-10
8.4239376e-08
6.9091793e-10
8.385196e-08
6.8402703e-10
8.3468059e-08
6.7782589e-10
8.3087441e-08
6.7203343e-10
8.2709835e-08
6.66712e-10
8.2334909e-08
6.6197735e-10
8.1962456e-08
6.5761004e-10
8.1592287e-08
6.5358199e-10
8.1224016e-08
6.5023047e-10
8.0857379e-08
6.4734416e-10
8.0492268e-08
6.4464598e-10
8.0128485e-08
6.4230425e-10
7.9765752e-08
6.4045218e-10
7.9403765e-08
6.3913396e-10
7.9042318e-08
6.3817727e-10
7.8681341e-08
6.3734843e-10
7.832061e-08
6.3691644e-10
7.7959665e-08
6.3729358e-10
7.7598222e-08
6.3817206e-10
7.7236277e-08
6.3905589e-10
7.6873651e-08
6.4026085e-10
7.6509688e-08
6.4262272e-10
7.6143996e-08
6.456734e-10
7.5776729e-08
6.4845337e-10
7.5407761e-08
6.5145848e-10
7.5036539e-08
6.5543799e-10
6.5796854e-10
1.2726803e-07
1.331807e-09
1.2666779e-07
1.3150086e-09
1.2607465e-07
1.2994718e-09
1.2548817e-07
1.284891e-09
1.2490797e-07
1.2711222e-09
1.2433354e-07
1.2584526e-09
1.2376433e-07
1.2470346e-09
1.2319999e-07
1.2363723e-09
1.2264012e-07
1.2265876e-09
1.2208421e-07
1.2178851e-09
1.2153197e-07
1.2098493e-09
1.2098312e-07
1.2024323e-09
1.2043709e-07
1.1962634e-09
1.1989347e-07
1.1909615e-09
1.1935211e-07
1.1860038e-09
1.1881273e-07
1.181689e-09
1.182749e-07
1.1782776e-09
1.1773818e-07
1.175856e-09
1.1720226e-07
1.1741017e-09
1.1666703e-07
1.1725763e-09
1.1613217e-07
1.1717771e-09
1.1559699e-07
1.1724699e-09
1.1506107e-07
1.1740921e-09
1.1452441e-07
1.1757213e-09
1.1398673e-07
1.1779336e-09
1.1344708e-07
1.1822764e-09
1.1290486e-07
1.1878936e-09
1.123603e-07
1.1930118e-09
1.1181322e-07
1.1985373e-09
1.112628e-07
1.2058563e-09
1.2123766e-09
1.7630786e-07
2.1737898e-09
1.754765e-07
2.1463726e-09
1.7465497e-07
2.1210002e-09
1.7384266e-07
2.0971979e-09
1.7303904e-07
2.0747449e-09
1.7224341e-07
2.05408e-09
1.7145502e-07
2.035431e-09
1.7067337e-07
2.0180202e-09
1.6989789e-07
2.0020603e-09
1.6912791e-07
1.9878707e-09
1.68363e-07
1.9747548e-09
1.676028e-07
1.96264e-09
1.6684649e-07
1.9525683e-09
1.6609352e-07
1.9439293e-09
1.6534368e-07
1.9358486e-09
1.6459657e-07
1.9287976e-09
1.6385162e-07
1.9232242e-09
1.631082e-07
1.919279e-09
1.6236588e-07
1.9164263e-09
1.6162451e-07
1.9139376e-09
1.6088366e-07
1.9126273e-09
1.6014238e-07
1.9137581e-09
1.5940005e-07
1.9164169e-09
1.5865669e-07
1.919083e-09
1.5791194e-07
1.9226881e-09
1.5716444e-07
1.9297742e-09
1.5641338e-07
1.9389521e-09
1.5565908e-07
1.9473137e-09
1.5490129e-07
1.9563291e-09
1.5413887e-07
1.9682736e-09
1.980325e-09
2.3584959e-07
3.2994274e-09
2.3473814e-07
3.257824e-09
2.3363984e-07
3.2193014e-09
2.3255386e-07
3.1831774e-09
2.3147947e-07
3.1491377e-09
2.3041574e-07
3.1178019e-09
2.2936169e-07
3.0894848e-09
2.2831666e-07
3.0630533e-09
2.2727986e-07
3.0388531e-09
2.2625039e-07
3.0173454e-09
2.252277e-07
2.9974452e-09
2.2421129e-07
2.9790497e-09
2.2320009e-07
2.9637653e-09
2.2219334e-07
2.9506821e-09
2.2119075e-07
2.9384409e-09
2.2019181e-07
2.9277323e-09
2.1919577e-07
2.9192707e-09
2.1820174e-07
2.9133007e-09
2.1720918e-07
2.9089935e-09
2.1621789e-07
2.9052238e-09
2.1522729e-07
2.9032323e-09
2.1423609e-07
2.9049553e-09
2.1324349e-07
2.9090144e-09
2.122495e-07
2.9130779e-09
2.1125364e-07
2.9185478e-09
2.102541e-07
2.9293067e-09
2.092498e-07
2.9432585e-09
2.0824114e-07
2.9559685e-09
2.0722782e-07
2.9696547e-09
2.062083e-07
2.9877891e-09
3.0072484e-09
3.0934388e-07
4.7733941e-09
3.0788845e-07
4.7132521e-09
3.0645022e-07
4.657531e-09
3.050281e-07
4.6053028e-09
3.0362109e-07
4.5561427e-09
3.0222801e-07
4.5108782e-09
3.0084758e-07
4.4699196e-09
2.9947894e-07
4.4316969e-09
2.9812104e-07
4.3967454e-09
2.9677269e-07
4.3656963e-09
2.954332e-07
4.33694e-09
2.9410191e-07
4.3103374e-09
2.9277742e-07
4.2882514e-09
2.9145872e-07
4.2693888e-09
2.9014542e-07
4.2517355e-09
2.888369e-07
4.2362551e-09
2.8753214e-07
4.2240309e-09
2.8623e-07
4.2154421e-09
2.8492973e-07
4.2092657e-09
2.8363111e-07
4.2038446e-09
2.8233336e-07
4.2009801e-09
2.8103481e-07
4.2035044e-09
2.7973439e-07
4.2094339e-09
2.7843211e-07
4.2153596e-09
2.7712736e-07
4.2232922e-09
2.7581778e-07
4.2388854e-09
2.7450192e-07
4.2591258e-09
2.7318032e-07
4.2775653e-09
2.7185258e-07
4.2973932e-09
2.7051671e-07
4.3236613e-09
4.3528599e-09
4.0087246e-07
6.6761024e-09
3.9899357e-07
6.5921396e-09
3.971368e-07
6.5143049e-09
3.9530071e-07
6.4413862e-09
3.9348403e-07
6.3728303e-09
3.9168521e-07
6.3096964e-09
3.8990263e-07
6.2524957e-09
3.881352e-07
6.1991301e-09
3.8638154e-07
6.1504006e-09
3.846401e-07
6.1071372e-09
3.8291001e-07
6.0670321e-09
3.8119044e-07
6.0299044e-09
3.7947958e-07
5.9991158e-09
3.7777608e-07
5.9728906e-09
3.7607947e-07
5.9483429e-09
3.7438896e-07
5.9267705e-09
3.7270323e-07
5.9097593e-09
3.7102079e-07
5.8978773e-09
3.6934068e-07
5.8893786e-09
3.6766262e-07
5.8819042e-09
3.6598562e-07
5.8779828e-09
3.643075e-07
5.8816212e-09
3.6262687e-07
5.8900591e-09
3.6094376e-07
5.8984775e-09
3.5925739e-07
5.9096635e-09
3.5756469e-07
5.9315797e-09
3.5586378e-07
5.9600375e-09
3.5415537e-07
5.9859702e-09
3.5243896e-07
6.0138115e-09
3.5071195e-07
6.0506705e-09
6.0925488e-09
5.1511315e-07
9.1015126e-09
5.1271783e-07
8.9874594e-09
5.1035046e-07
8.8816791e-09
5.0800921e-07
8.7826377e-09
5.056924e-07
8.689634e-09
5.0339812e-07
8.6039788e-09
5.0112433e-07
8.526287e-09
4.9886963e-07
8.4538321e-09
4.9663225e-07
8.3877767e-09
4.9441021e-07
8.3291795e-09
4.9220242e-07
8.2748192e-09
4.9000786e-07
8.2244686e-09
4.8782419e-07
8.1827896e-09
4.8564967e-07
8.147405e-09
4.8348373e-07
8.1142858e-09
4.8132536e-07
8.0851357e-09
4.7917291e-07
8.0622134e-09
4.7702444e-07
8.0463457e-09
4.7487872e-07
8.0351029e-09
4.7273541e-07
8.0252125e-09
4.7059326e-07
8.0201357e-09
4.6844948e-07
8.0254002e-09
4.6630227e-07
8.0372614e-09
4.6415167e-07
8.0490766e-09
4.6199672e-07
8.0646133e-09
4.598335e-07
8.0948082e-09
4.5765955e-07
8.1339844e-09
4.5547581e-07
8.1697096e-09
4.5328163e-07
8.2079944e-09
4.510737e-07
8.2585956e-09
8.3169043e-09
6.5710587e-07
1.215049e-08
6.5409416e-07
1.1999174e-08
6.5111704e-07
1.185879e-08
6.4817224e-07
1.1727439e-08
6.4525763e-07
1.1604248e-08
6.4237081e-07
1.1490797e-08
6.3950929e-07
1.1387811e-08
6.366713e-07
1.1291823e-08
6.338546e-07
1.120447e-08
6.3105671e-07
1.1127073e-08
6.2827629e-07
1.105524e-08
6.2551206e-07
1.0988695e-08
6.2276109e-07
1.0933762e-08
6.2002117e-07
1.0887322e-08
6.1729158e-07
1.0843875e-08
6.145711e-07
1.0805616e-08
6.1185763e-07
1.0775684e-08
6.0914873e-07
1.0755251e-08
6.0644282e-07
1.0741009e-08
6.0373952e-07
1.0728516e-08
6.0103724e-07
1.0722414e-08
5.9833247e-07
1.0730171e-08
5.9562292e-07
1.0746809e-08
5.9290863e-07
1.0763363e-08
5.9018842e-07
1.0784824e-08
5.8745732e-07
1.0825909e-08
5.8471223e-07
1.0879078e-08
5.8195431e-07
1.0927631e-08
5.7918275e-07
1.0979553e-08
5.7639338e-07
1.1047967e-08
1.1127507e-08
8.3182882e-07
1.5921181e-08
8.2810328e-07
1.5724717e-08
8.2441963e-07
1.5542438e-08
8.2077504e-07
1.5372029e-08
8.1716689e-07
1.5212399e-08
8.1359227e-07
1.5065423e-08
8.1004811e-07
1.4931962e-08
8.0653226e-07
1.4807677e-08
8.0304193e-07
1.46948e-08
7.9957405e-07
1.459495e-08
7.9612701e-07
1.450228e-08
7.9269925e-07
1.4416463e-08
7.8928711e-07
1.4345902e-08
7.8588786e-07
1.4286569e-08
7.8250062e-07
1.4231116e-08
7.791239e-07
1.4182334e-08
7.7575509e-07
1.4144488e-08
7.7239116e-07
1.4119185e-08
7.6903016e-07
1.4102013e-08
7.656716e-07
1.4087075e-08
7.6231354e-07
1.4080478e-08
7.5895159e-07
1.4092117e-08
7.5558291e-07
1.4115493e-08
7.5220753e-07
1.4138739e-08
7.48824e-07
1.4168358e-08
7.4542612e-07
1.4223784e-08
7.4201002e-07
1.4295181e-08
7.3857712e-07
1.4360525e-08
7.3512643e-07
1.4430247e-08
7.3165273e-07
1.4521669e-08
1.4628507e-08
1.0438308e-06
2.0503142e-08
1.0393025e-06
2.0253042e-08
1.0348238e-06
2.0021069e-08
1.0303915e-06
1.9804406e-08
1.0260022e-06
1.9601674e-08
1.0216525e-06
1.9415085e-08
1.0173388e-06
1.9245695e-08
1.0130583e-06
1.908814e-08
1.0088078e-06
1.8945348e-08
1.0045835e-06
1.8819284e-08
1.0003834e-06
1.8702353e-08
9.9620566e-07
1.859418e-08
9.9204587e-07
1.8505696e-08
9.8790067e-07
1.8431762e-08
9.8376901e-07
1.8362777e-08
9.7964908e-07
1.8302267e-08
9.7553769e-07
1.8255877e-08
9.7143113e-07
1.8225745e-08
9.6732703e-07
1.8206109e-08
9.6322481e-07
1.8189301e-08
9.5912206e-07
1.8183221e-08
9.5501345e-07
1.8200727e-08
9.5089548e-07
1.8233471e-08
9.4676817e-07
1.8266045e-08
9.4262974e-07
1.8306793e-08
9.384726e-07
1.8380921e-08
9.3429198e-07
1.8475799e-08
9.3008961e-07
1.8562896e-08
9.2586423e-07
1.8655622e-08
9.2160945e-07
1.8776449e-08
1.891798e-08
1.2972931e-06
2.5981851e-08
1.2918772e-06
2.5668886e-08
1.2865195e-06
2.5378793e-08
1.2812158e-06
2.510813e-08
1.2759624e-06
2.4855099e-08
1.2707551e-06
2.4622324e-08
1.2655896e-06
2.4411172e-08
1.2604627e-06
2.4215069e-08
1.2553704e-06
2.4037703e-08
1.2503082e-06
2.3881441e-08
1.2452739e-06
2.3736665e-08
1.2402651e-06
2.3602959e-08
1.2352766e-06
2.3494236e-08
1.2303043e-06
2.3404016e-08
1.2253471e-06
2.332002e-08
1.2204027e-06
2.3246688e-08
1.2154672e-06
2.3191317e-08
1.2105363e-06
2.3156639e-08
1.2056071e-06
2.3135289e-08
1.2006789e-06
2.3117509e-08
1.1957488e-06
2.3113348e-08
1.1908103e-06
2.3139195e-08
1.1858593e-06
2.318449e-08
1.1808958e-06
2.32296e-08
1.1759175e-06
2.3285085e-08
1.1709153e-06
2.3383069e-08
1.1658836e-06
2.3507567e-08
1.1608242e-06
2.3622254e-08
1.1557357e-06
2.3744124e-08
1.1506103e-06
2.3901825e-08
2.4086634e-08
1.5965815e-06
3.2451257e-08
1.5901852e-06
3.2065112e-08
1.5838565e-06
3.1707539e-08
1.5775903e-06
3.1374281e-08
1.5713825e-06
3.1062922e-08
1.5652282e-06
3.0776604e-08
1.5591222e-06
3.0517212e-08
1.5530605e-06
3.0276728e-08
1.5470386e-06
3.0059604e-08
1.5410514e-06
2.9868683e-08
1.535096e-06
2.9692073e-08
1.5291696e-06
2.9529334e-08
1.523266e-06
2.9397822e-08
1.5173806e-06
2.9289426e-08
1.5115119e-06
2.918876e-08
1.5056571e-06
2.9101422e-08
1.4998118e-06
2.9036618e-08
1.4939708e-06
2.8997717e-08
1.4881306e-06
2.8975478e-08
1.4822903e-06
2.8957748e-08
1.4764466e-06
2.8957105e-08
1.4705917e-06
2.8994063e-08
1.4647208e-06
2.9055444e-08
1.4588337e-06
2.9116671e-08
1.4529278e-06
2.9190954e-08
1.4469923e-06
2.9318548e-08
1.4410204e-06
2.9479492e-08
1.4350144e-06
2.9628282e-08
1.4289723e-06
2.9786172e-08
1.4228851e-06
2.9989094e-08
3.0226745e-08
1.9469159e-06
4.0026041e-08
1.9394261e-06
3.9554912e-08
1.9320144e-06
3.9119189e-08
1.9246752e-06
3.8713552e-08
1.9174034e-06
3.833467e-08
1.9101937e-06
3.7986345e-08
1.9030396e-06
3.767128e-08
1.8959366e-06
3.7379753e-08
1.8888793e-06
3.7116898e-08
1.8818618e-06
3.6886115e-08
1.8748809e-06
3.6673029e-08
1.867933e-06
3.6477212e-08
1.8610109e-06
3.6319913e-08
1.8541093e-06
3.6191037e-08
1.8472264e-06
3.6071657e-08
1.840359e-06
3.5968846e-08
1.8335016e-06
3.5893978e-08
1.8266483e-06
3.5851045e-08
1.8197951e-06
3.5828655e-08
1.8129409e-06
3.581196e-08
1.8060815e-06
3.5816492e-08
1.7992081e-06
3.5867497e-08
1.7923148e-06
3.594872e-08
1.7854016e-06
3.6029896e-08
1.7784652e-06
3.6127372e-08
1.7714929e-06
3.6290837e-08
1.7644767e-06
3.6495643e-08
1.7574194e-06
3.6685624e-08
1.7503185e-06
3.6887059e-08
1.7431632e-06
3.7144348e-08
3.7445316e-08
2.3553436e-06
4.8860632e-08
2.3466078e-06
4.8290741e-08
2.3379625e-06
4.776449e-08
2.3294009e-06
4.7275149e-08
2.3209175e-06
4.6818021e-08
2.3125061e-06
4.6397753e-08
2.304159e-06
4.6018341e-08
2.2958708e-06
4.566804e-08
2.2876352e-06
4.535246e-08
2.2794457e-06
4.5075638e-08
2.2712981e-06
4.4820583e-08
2.2631884e-06
4.4586947e-08
2.255108e-06
4.4400301e-08
2.2470509e-06
4.4248112e-08
2.2390151e-06
4.4107475e-08
2.2309966e-06
4.3987375e-08
2.2229889e-06
4.3901604e-08
2.2149853e-06
4.3854684e-08
2.2069812e-06
4.3832777e-08
2.1989751e-06
4.3818081e-08
2.190962e-06
4.3829548e-08
2.1829317e-06
4.3897783e-08
2.1748775e-06
4.4002919e-08
2.1667992e-06
4.410822e-08
2.1586928e-06
4.4233761e-08
2.1505436e-06
4.4440071e-08
2.1423423e-06
4.4696969e-08
2.1340919e-06
4.4936013e-08
2.1257895e-06
4.5189407e-08
2.1174226e-06
4.5511296e-08
4.5887276e-08
2.8303733e-06
5.913939e-08
2.8202095e-06
5.8454576e-08
2.8101506e-06
5.7823356e-08
2.8001886e-06
5.7237147e-08
2.7903174e-06
5.6689227e-08
2.7805299e-06
5.6185316e-08
2.7708168e-06
5.573138e-08
2.7611715e-06
5.531331e-08
2.7515872e-06
5.4936802e-08
2.7420562e-06
5.4606593e-08
2.7325738e-06
5.4303051e-08
2.7231347e-06
5.402603e-08
2.7137292e-06
5.3805818e-08
2.7043504e-06
5.3626853e-08
2.6949961e-06
5.3461815e-08
2.6856613e-06
5.3322197e-08
2.6763384e-06
5.3224448e-08
2.6670197e-06
5.3173418e-08
2.6577e-06
5.3152508e-08
2.6483773e-06
5.3140747e-08
2.6390458e-06
5.316105e-08
2.6296936e-06
5.3250002e-08
2.620313e-06
5.3383495e-08
2.6109037e-06
5.3517518e-08
2.6014609e-06
5.3676577e-08
2.5919674e-06
5.3933578e-08
2.5824126e-06
5.425179e-08
2.5727999e-06
5.4548707e-08
2.5631257e-06
5.4863544e-08
2.5533754e-06
5.5261577e-08
5.5725736e-08
3.3811813e-06
7.1063156e-08
3.3693914e-06
7.0244523e-08
3.3577232e-06
6.9491501e-08
3.3461673e-06
6.8793136e-08
3.3347167e-06
6.8139806e-08
3.3233635e-06
6.7538518e-08
3.3120967e-06
6.6998121e-08
3.3009083e-06
6.6501787e-08
3.2897903e-06
6.6054742e-08
3.2787345e-06
6.5662439e-08
3.2677349e-06
6.5302665e-08
3.2567852e-06
6.4975683e-08
3.2458741e-06
6.4716874e-08
3.2349941e-06
6.4506901e-08
3.2241423e-06
6.4313573e-08
3.2133129e-06
6.4151649e-08
3.2024968e-06
6.4040491e-08
3.1916853e-06
6.3984963e-08
3.1808725e-06
6.3965341e-08
3.1700559e-06
6.3957325e-08
3.1592285e-06
6.3988412e-08
3.1483767e-06
6.4101802e-08
3.1374918e-06
6.4268407e-08
3.1265732e-06
6.4436095e-08
3.1156152e-06
6.4634649e-08
3.1045977e-06
6.4951039e-08
3.0935087e-06
6.5340752e-08
3.0823522e-06
6.5705253e-08
3.0711237e-06
6.6092067e-08
3.0598062e-06
6.6579094e-08
6.7146072e-08
4.0181846e-06
8.4865543e-08
4.0045381e-06
8.3890944e-08
3.9910332e-06
8.2996418e-08
3.9776583e-06
8.2168089e-08
3.9644058e-06
8.1392289e-08
3.9512668e-06
8.0677491e-08
3.9382284e-06
8.0036574e-08
3.9252805e-06
7.9449694e-08
3.9124144e-06
7.8920848e-08
3.8996207e-06
7.8456124e-08
3.8868924e-06
7.8030901e-08
3.874222e-06
7.7646163e-08
3.8615961e-06
7.7342753e-08
3.8490064e-06
7.7096626e-08
3.8364497e-06
7.6870213e-08
3.8239189e-06
7.6682504e-08
3.8114033e-06
7.6556067e-08
3.7988929e-06
7.6495319e-08
3.7863813e-06
7.6476985e-08
3.7738653e-06
7.6473341e-08
3.7613365e-06
7.6517184e-08
3.7487793e-06
7.6658982e-08
3.736184e-06
7.6863752e-08
3.7235497e-06
7.7070385e-08
3.7108693e-06
7.7314993e-08
3.69812e-06
7.7700408e-08
3.6852879e-06
7.8172863e-08
3.6723775e-06
7.8615653e-08
3.6593834e-06
7.9086159e-08
3.6462859e-06
7.9676515e-08
8.036263e-08
4.753477e-06
1.0082137e-07
4.7377032e-06
9.9664776e-08
4.722094e-06
9.8605595e-08
4.7066357e-06
9.7626475e-08
4.6913197e-06
9.6708258e-08
4.6761362e-06
9.5860956e-08
4.6610699e-06
9.510291e-08
4.6461085e-06
9.4411048e-08
4.6312422e-06
9.3787169e-08
4.6164606e-06
9.323778e-08
4.6017553e-06
9.2736111e-08
4.5871172e-06
9.2284346e-08
4.5725307e-06
9.1929162e-08
4.5579867e-06
9.1640641e-08
4.5434817e-06
9.1375262e-08
4.5290068e-06
9.1157433e-08
4.5145495e-06
9.1013295e-08
4.5000986e-06
9.09462e-08
4.4856468e-06
9.0928797e-08
4.4711903e-06
9.0929906e-08
4.456719e-06
9.0988479e-08
4.442215e-06
9.1162923e-08
4.4276675e-06
9.1411279e-08
4.4130753e-06
9.1662552e-08
4.3984299e-06
9.1960422e-08
4.3837049e-06
9.2425371e-08
4.3688851e-06
9.2992748e-08
4.3539751e-06
9.3525611e-08
4.3389684e-06
9.4092882e-08
4.3238423e-06
9.4802612e-08
9.5626118e-08
5.6011953e-06
1.1925507e-07
5.5829742e-06
1.178859e-07
5.564945e-06
1.1663482e-07
5.547091e-06
1.154805e-07
5.5294027e-06
1.1439653e-07
5.5118692e-06
1.1339441e-07
5.4944725e-06
1.1249961e-07
5.4771978e-06
1.1168575e-07
5.4600337e-06
1.1095129e-07
5.4429687e-06
1.1030277e-07
5.4259933e-06
1.0971157e-07
5.4090959e-06
1.0918174e-07
5.3922588e-06
1.0876621e-07
5.3754717e-06
1.084278e-07
5.3587306e-06
1.0811632e-07
5.342025e-06
1.0786302e-07
5.3253402e-06
1.0769809e-07
5.3086634e-06
1.0762305e-07
5.2919863e-06
1.0760583e-07
5.2753045e-06
1.0761178e-07
5.2586059e-06
1.0768704e-07
5.2418701e-06
1.0789869e-07
5.2250849e-06
1.0819656e-07
5.2082487e-06
1.084987e-07
5.1913513e-06
1.088578e-07
5.1743638e-06
1.0941288e-07
5.1572692e-06
1.1008734e-07
5.1400717e-06
1.1072314e-07
5.1227628e-06
1.1140181e-07
5.1053165e-06
1.1224894e-07
1.1323034e-07
6.5781192e-06
1.4055243e-07
6.55707e-06
1.3893515e-07
6.5362445e-06
1.374603e-07
6.5156228e-06
1.3610217e-07
6.495194e-06
1.3482533e-07
6.4749459e-06
1.3364249e-07
6.4548576e-06
1.3258796e-07
6.4349112e-06
1.3163209e-07
6.4150936e-06
1.3076891e-07
6.395392e-06
1.3000441e-07
6.3757952e-06
1.2930839e-07
6.3562895e-06
1.2868742e-07
6.3368543e-06
1.282014e-07
6.3174778e-06
1.2780431e-07
6.2981558e-06
1.2743836e-07
6.2788756e-06
1.2714315e-07
6.2596201e-06
1.2695357e-07
6.2403746e-06
1.2686859e-07
6.2211299e-06
1.2685054e-07
6.2018804e-06
1.2686124e-07
6.1826123e-06
1.2695518e-07
6.1633019e-06
1.2720908e-07
6.1439353e-06
1.2756318e-07
6.1245108e-06
1.2792322e-07
6.1050161e-06
1.2835248e-07
6.0854236e-06
1.2900536e-07
6.0657155e-06
1.2979544e-07
6.0458908e-06
1.3054789e-07
6.0259381e-06
1.3135442e-07
6.0058277e-06
1.3235934e-07
1.3352181e-07
7.7289116e-06
1.6726681e-07
7.7043012e-06
1.6516276e-07
7.6799805e-06
1.6325592e-07
7.6559208e-06
1.6151994e-07
7.6320985e-06
1.599245e-07
7.6085006e-06
1.5842317e-07
7.5851137e-06
1.5702947e-07
7.5619133e-06
1.5578828e-07
7.5388786e-06
1.5466685e-07
7.5159938e-06
1.5365368e-07
7.4932446e-06
1.5275362e-07
7.4706182e-06
1.5193481e-07
7.4480984e-06
1.5120725e-07
7.4256611e-06
1.506387e-07
7.4032927e-06
1.5017262e-07
7.3809887e-06
1.4974238e-07
7.3587344e-06
1.4939751e-07
7.3365094e-06
1.4917855e-07
7.3142969e-06
1.4908111e-07
7.2920865e-06
1.4906094e-07
7.2698717e-06
1.4907604e-07
7.2476361e-06
1.4919069e-07
7.2253528e-06
1.4949246e-07
7.2030055e-06
1.4991039e-07
7.1805925e-06
1.5033627e-07
7.1580992e-06
1.5084574e-07
7.1354984e-06
1.5160618e-07
7.1127709e-06
1.5252297e-07
7.0899108e-06
1.5340798e-07
7.0669041e-06
1.5436117e-07
7.0437162e-06
1.5554719e-07
1.5691739e-07
9.0310885e-06
1.9607712e-07
9.0026481e-06
1.9360313e-07
8.974546e-06
1.9135797e-07
8.9467493e-06
1.8931673e-07
8.9192293e-06
1.8744447e-07
8.8919709e-06
1.8568156e-07
8.8649588e-06
1.8404156e-07
8.8381652e-06
1.8258185e-07
8.8115651e-06
1.8126696e-07
8.78514e-06
1.800788e-07
8.7588736e-06
1.7902003e-07
8.7327513e-06
1.7805711e-07
8.706754e-06
1.7720454e-07
8.6808536e-06
1.765391e-07
8.6550345e-06
1.7599172e-07
8.6292915e-06
1.754854e-07
8.6036076e-06
1.7508144e-07
8.577959e-06
1.7482716e-07
8.5523261e-06
1.74714e-07
8.5266972e-06
1.7468982e-07
8.5010647e-06
1.7470852e-07
8.4754096e-06
1.7484582e-07
8.4497005e-06
1.7520155e-07
8.4239192e-06
1.7569171e-07
8.3980633e-06
1.7619218e-07
8.3721159e-06
1.7679306e-07
8.3460454e-06
1.7767671e-07
8.3198299e-06
1.7873851e-07
8.2934628e-06
1.7977503e-07
8.2669277e-06
1.8089633e-07
8.2401847e-06
1.8229016e-07
1.8389871e-07
1.0531793e-05
2.2938035e-07
1.0498922e-05
2.2647469e-07
1.0466446e-05
2.2383366e-07
1.0434328e-05
2.2143492e-07
1.0402533e-05
2.1923915e-07
1.0371044e-05
2.17171e-07
1.0339842e-05
2.1524291e-07
1.0308897e-05
2.1352687e-07
1.0278179e-05
2.1198544e-07
1.0247665e-05
2.1059271e-07
1.0217337e-05
2.0934785e-07
1.0187179e-05
2.0821543e-07
1.0157168e-05
2.0721582e-07
1.012727e-05
2.0643628e-07
1.0097469e-05
2.0579285e-07
1.0067758e-05
2.0519623e-07
1.0038118e-05
2.0472163e-07
1.0008521e-05
2.0442462e-07
9.9789432e-06
2.0429151e-07
9.9493724e-06
2.0426063e-07
9.9197995e-06
2.0428145e-07
9.8902022e-06
2.044431e-07
9.8605444e-06
2.0485935e-07
9.8308051e-06
2.0543096e-07
9.8009817e-06
2.0601564e-07
9.7710544e-06
2.0672034e-07
9.7409863e-06
2.0774478e-07
9.7107526e-06
2.0897221e-07
9.680346e-06
2.101816e-07
9.6497471e-06
2.1149527e-07
9.61891e-06
2.1312724e-07
2.15009e-07
1.2260718e-05
1.2222715e-05
1.2185176e-05
1.2148057e-05
1.2111317e-05
1.2074934e-05
1.2038888e-05
1.2003143e-05
1.1967665e-05
1.1932426e-05
1.1897405e-05
1.1862585e-05
1.1827938e-05
1.1793425e-05
1.1759027e-05
1.1724736e-05
1.169053e-05
1.1656376e-05
1.1622247e-05
1.1588129e-05
1.1554011e-05
1.1519868e-05
1.1485657e-05
1.1451354e-05
1.1416957e-05
1.1382443e-05
1.1347767e-05
1.1312904e-05
1.1277843e-05
1.1242562e-05
1.1207009e-05
)
;

boundaryField
{
    bottom
    {
        type            calculated;
        value           uniform 0;
    }
    back
    {
        type            empty;
    }
    front
    {
        type            empty;
    }
    inlet
    {
        type            calculated;
        value           nonuniform List<scalar> 0();
    }
    outlet
    {
        type            calculated;
        value           nonuniform List<scalar> 0();
    }
    top
    {
        type            calculated;
        value           nonuniform List<scalar> 0();
    }
    slipsurface
    {
        type            calculated;
        value           nonuniform List<scalar> 0();
    }
    procBoundary8to0
    {
        type            processor;
        value           nonuniform List<scalar> 
23
(
-1.626364e-08
-4.976386e-08
-8.6241117e-08
-1.2787594e-07
-1.7714984e-07
-2.3697523e-07
-3.1081785e-07
-4.0277517e-07
-5.1753856e-07
-6.6015485e-07
-8.3559951e-07
-1.0484128e-06
-1.3027718e-06
-1.6030509e-06
-1.9544907e-06
-2.3641782e-06
-2.8406521e-06
-3.3931051e-06
-4.031987e-06
-4.7694329e-06
-5.619629e-06
-6.5994166e-06
-1.4233929e-07
)
;
    }
    procBoundary8to1
    {
        type            processor;
        value           nonuniform List<scalar> 4(-7.7538393e-06 -9.0598988e-06 -1.0565096e-05 -1.2299225e-05);
    }
    procBoundary8to9
    {
        type            processor;
        value           nonuniform List<scalar> 
32
(
2.678874e-07
2.6447742e-07
2.6137268e-07
2.5855476e-07
2.5597965e-07
2.5355429e-07
2.5128884e-07
2.4927156e-07
2.4746409e-07
2.4583174e-07
2.4436838e-07
2.4303615e-07
2.4186301e-07
2.4094861e-07
2.4019136e-07
2.394874e-07
2.3892818e-07
2.3857918e-07
2.3842049e-07
2.3837907e-07
2.3839949e-07
2.3858661e-07
2.3907024e-07
2.3973318e-07
2.4041252e-07
2.4123451e-07
2.4241929e-07
2.4383589e-07
2.4524199e-07
2.4677674e-07
2.4868152e-07
2.5087459e-07
)
;
    }
    procBoundary8to10
    {
        type            processor;
        value           nonuniform List<scalar> 
25
(
1.4150606e-08
4.3298391e-08
-2.8448932e-10
7.4662629e-08
1.107084e-07
1.5337092e-07
2.0518138e-07
2.691711e-07
3.4897226e-07
4.4884935e-07
5.7358278e-07
7.2815173e-07
9.1731998e-07
1.1454417e-06
1.416745e-06
1.7359447e-06
2.1089806e-06
2.543537e-06
3.0483858e-06
3.6330694e-06
4.3085788e-06
5.0877122e-06
5.9855363e-06
7.0203206e-06
8.2132034e-06
)
;
    }
    procBoundary8to11
    {
        type            processor;
        value           nonuniform List<scalar> 2(9.5877997e-06 1.1171143e-05);
    }
}


// ************************************************************************* //
