/*--------------------------------*- C++ -*----------------------------------*\
  =========                 |
  \\      /  F ield         | OpenFOAM: The Open Source CFD Toolbox
   \\    /   O peration     | Website:  https://openfoam.org
    \\  /    A nd           | Version:  12
     \\/     M anipulation  |
\*---------------------------------------------------------------------------*/
FoamFile
{
    format      ascii;
    class       volScalarField;
    location    "1900";
    object      p;
}
// * * * * * * * * * * * * * * * * * * * * * * * * * * * * * * * * * * * * * //

dimensions      [0 2 -2 0 0 0 0];

internalField   nonuniform List<scalar> 
822
(
0.0035605269
0.0035320766
0.0034908248
0.0034399665
0.003382408
0.003320792
0.0032570948
0.003192616
0.003128262
0.003064687
0.0030023051
0.0029413372
0.0028818861
0.0028239788
0.0027675853
0.0027126359
0.0026590365
0.003472473
0.0034821724
0.0034754105
0.003454491
0.0034220661
0.0033805284
0.0033321115
0.0032789106
0.0032226639
0.0031646599
0.003105849
0.0030469473
0.0029884647
0.0029307326
0.0028739539
0.0028182431
0.002763648
0.0027101659
0.0026577595
0.0026063674
0.0025559116
0.002506303
0.002457446
0.0024092406
0.0023615849
0.0023143758
0.0022675097
0.0022208833
0.0021743919
0.0021279309
0.0020813955
0.0020346778
0.0019876684
0.0019402565
0.0018923243
0.0033908148
0.0033986341
0.0033942083
0.0033784649
0.0033528973
0.0033191088
0.0032787054
0.0032332586
0.0031841805
0.0031326268
0.0030795101
0.0030255509
0.0029713017
0.0029171639
0.0028634166
0.0028102471
0.0027577714
0.0027060495
0.0026550989
0.002604906
0.0025554337
0.002506628
0.0024584225
0.0024107421
0.0023635058
0.0023166278
0.002270019
0.0022235881
0.0021772409
0.0021308812
0.002084411
0.002037729
0.0019907305
0.0019433084
0.0018953495
0.0033163823
0.003321483
0.0033176605
0.0033051101
0.0032845328
0.0032568749
0.0032231946
0.003184594
0.0031421371
0.0030967715
0.003049301
0.0030003946
0.0029505965
0.0029003339
0.0028499301
0.0027996236
0.0027495837
0.0026999228
0.0026507079
0.0026019701
0.0025537123
0.0025059156
0.0024585445
0.0024115501
0.0023648741
0.0023184499
0.0022722049
0.0022260616
0.0021799377
0.0021337471
0.0020874
0.0020408025
0.0019938562
0.0019464588
0.0018985019
0.0032482861
0.0032503749
0.003246049
0.0032351704
0.0032179663
0.0031949083
0.0031666192
0.0031338094
0.0030972191
0.003057561
0.0030154845
0.0029715622
0.0029262865
0.0028800685
0.0028332412
0.0027860677
0.0027387505
0.0026914399
0.002644242
0.002597226
0.0025504309
0.0025038712
0.0024575409
0.0024114182
0.002365468
0.0023196442
0.0022738922
0.0022281497
0.0021823479
0.0021364123
0.0020902626
0.0020438135
0.0019969741
0.0019496479
0.0019017322
0.0031856445
0.0031847638
0.003179308
0.0031690249
0.003153896
0.003134092
0.0031099239
0.0030818012
0.0030501924
0.0030155871
0.002978465
0.0029392761
0.0028984297
0.0028562874
0.0028131597
0.0027693069
0.002724942
0.0026802349
0.0026353167
0.0025902848
0.0025452067
0.0025001252
0.0024550614
0.0024100183
0.0023649836
0.0023199321
0.0022748275
0.0022296239
0.0021842668
0.0021386942
0.0020928373
0.0020466201
0.0019999601
0.0019527682
0.001904948
0.0031275906
0.0031239988
0.0031171502
0.0031067851
0.003092781
0.0030751422
0.0030539809
0.0030294956
0.0030019483
0.002971641
0.0029388948
0.0029040319
0.0028673633
0.0028291798
0.002789745
0.0027492923
0.0027080234
0.0026661085
0.002623688
0.0025808737
0.0025377521
0.0024943864
0.0024508191
0.0024070742
0.0023631601
0.0023190707
0.0022747874
0.0022302807
0.0021855111
0.0021404298
0.0020949797
0.0020490956
0.0020027043
0.0019557249
0.0019080685
0.0030729922
0.0030670644
0.0030588087
0.0030480006
0.0030344908
0.0030182072
0.0029991504
0.0029773858
0.0029530326
0.0029262517
0.0028972329
0.002866183
0.0028333157
0.0027988426
0.0027629673
0.0027258794
0.0026877515
0.0026487373
0.0026089701
0.0025685628
0.0025276085
0.0024861811
0.0024443367
0.0024021146
0.0023595389
0.0023166197
0.0022733542
0.0022297277
0.0021857148
0.00214128
0.0020963782
0.0020509553
0.0020049481
0.0019582846
0.0019108839
0.0030213992
0.0030135392
0.0030039993
0.0029926007
0.0029792032
0.0029637103
0.0029460697
0.0029262724
0.0029043488
0.0028803638
0.0028544101
0.0028266018
0.0027970676
0.0027659448
0.0027333735
0.0026994923
0.0026644341
0.0026283231
0.0025912729
0.0025533846
0.0025147461
0.0024754317
0.0024355019
0.0023950035
0.0023539703
0.0023124234
0.002270372
0.0022278137
0.0021847353
0.0021411131
0.0020969135
0.0020520929
0.0020065984
0.0019603671
0.0019133266
0.0029710734
0.0029617361
0.0029511616
0.0029392144
0.0029257774
0.0029107559
0.0028940803
0.002875707
0.0028556181
0.0028338201
0.0028103416
0.0027852301
0.0027585489
0.0027303729
0.0027007857
0.0026698754
0.0026377321
0.0026044448
0.002570099
0.0025347748
0.0024985453
0.0024614754
0.0024236212
0.0023850287
0.0023457344
0.0023057642
0.0022651341
0.0022238498
0.002181907
0.0021392914
0.0020959788
0.0020519351
0.0020071166
0.0019614694
0.0019149293
0.0029224026
0.00291199
0.00290064
0.0028882527
0.0028747359
0.002860008
0.0028440002
0.0028266578
0.0028079413
0.0027878264
0.0027663041
0.0027433792
0.0027190695
0.0026934038
0.0026664204
0.0026381645
0.0026086866
0.0025780402
0.0025462804
0.0025134613
0.0024796351
0.0024448507
0.0024091518
0.0023725768
0.0023351574
0.0022969181
0.0022578758
0.002218039
0.002177408
0.0021359742
0.00209372
0.0020506184
0.0020066331
0.0019617178
0.0019158158
0.0028727145
0.0028616343
0.0028498174
0.002837191
0.0028236847
0.0028092324
0.0027937739
0.0027772556
0.0027596319
0.0027408658
0.0027209292
0.0026998032
0.0026774777
0.0026539511
0.0026292292
0.0026033249
0.0025762566
0.0025480472
0.0025187231
0.0024883127
0.0024568453
0.0024243497
0.0023908535
0.0023563817
0.0023209558
0.0022845931
0.0022473056
0.0022090996
0.0021699749
0.0021299243
0.0020889328
0.0020469774
0.0020040263
0.0019600387
0.0019149636
0.0028240386
0.0028126154
0.0028005877
0.0027879025
0.0027745068
0.0027603489
0.0027453789
0.0027295496
0.0027128172
0.0026951422
0.0026764895
0.0026568292
0.0026361364
0.0026143917
0.002591581
0.002567695
0.0025427291
0.0025166827
0.0024895589
0.0024613636
0.0024321047
0.0024017914
0.0023704334
0.0023380398
0.0023046186
0.0022701759
0.0022347146
0.0021982341
0.0021607291
0.0021221895
0.0020825987
0.0020419339
0.0020001646
0.0019572522
0.0019131489
0.0027718556
0.0027603996
0.0027484285
0.0027359031
0.0027227833
0.0027090286
0.0026945987
0.0026794538
0.0026635551
0.0026468651
0.0026293483
0.0026109713
0.0025917033
0.0025715161
0.0025503845
0.0025282862
0.0025052018
0.002481115
0.0024560117
0.0024298805
0.0024027119
0.0023744979
0.0023452318
0.0023149071
0.0022835175
0.0022510557
0.0022175133
0.0021828795
0.0021471409
0.0021102803
0.0020722762
0.0020331018
0.0019927243
0.0019511041
0.0019081934
0.002721707
0.0027104074
0.0026986531
0.0026864141
0.0026736593
0.0026603566
0.0026464735
0.0026319768
0.0026168329
0.0026010083
0.00258447
0.0025671851
0.0025491215
0.0025302481
0.0025105349
0.002489953
0.002468475
0.0024460748
0.0024227278
0.0023984105
0.0023731009
0.002346778
0.0023194215
0.0022910117
0.0022615292
0.002230954
0.0021992657
0.0021664426
0.0021324609
0.0020972945
0.002060914
0.002023286
0.0019843722
0.0019441288
0.001902505
0.0026648446
0.002653915
0.0026425758
0.0026308033
0.0026185724
0.002605857
0.0025926302
0.002578864
0.0025645295
0.0025495973
0.0025340373
0.0025178189
0.0025009111
0.0024832829
0.0024649029
0.0024457399
0.0024257627
0.0024049404
0.0023832423
0.0023606378
0.0023370968
0.0023125892
0.0022870852
0.0022605548
0.002232968
0.0022042941
0.002174502
0.0021435591
0.0021114316
0.0020780834
0.0020434761
0.0020075676
0.0019703122
0.0019316591
0.0018915518
0.0026140729
0.0026035369
0.0025926245
0.0025813157
0.0025695896
0.0025574242
0.0025447963
0.0025316818
0.0025180556
0.0025038916
0.0024891626
0.0024738406
0.0024578965
0.0024413005
0.0024240221
0.0024060297
0.0023872913
0.002367774
0.0023474445
0.0023262685
0.0023042116
0.0022812383
0.0022573126
0.0022323979
0.0022064565
0.00217945
0.0021513386
0.0021220813
0.0020916351
0.0020599552
0.0020269942
0.0019927015
0.0019570229
0.0019198998
0.0018812683
0.0025512663
0.0025412951
0.0025309773
0.0025202954
0.0025092312
0.0024977654
0.0024858777
0.0024735468
0.0024607503
0.0024474645
0.0024336649
0.0024193256
0.0024044197
0.002388919
0.0023727942
0.0023560147
0.0023385489
0.0023203636
0.0023014249
0.0022816971
0.0022611436
0.0022397262
0.0022174057
0.0021941411
0.0021698902
0.0021446088
0.0021182514
0.0020907702
0.0020621153
0.0020322343
0.0020010722
0.0019685705
0.001934667
0.0018992949
0.0018623824
0.0025040064
0.0024944235
0.0024845151
0.0024742656
0.0024636585
0.0024526765
0.002441301
0.0024295128
0.0024172913
0.0024046152
0.0023914615
0.0023778065
0.002363625
0.0023488905
0.0023335752
0.00231765
0.0023010841
0.0022838456
0.0022659006
0.0022472139
0.0022277485
0.0022074658
0.0021863251
0.0021642842
0.0021412985
0.0021173216
0.0020923045
0.002066196
0.0020389417
0.0020104847
0.0019807641
0.0019497156
0.0019172704
0.0018833547
0.0018478893
0.0024343654
0.0024254125
0.0024161574
0.0024065856
0.002396682
0.0023864305
0.0023758142
0.0023648152
0.0023534144
0.0023415919
0.0023293265
0.0023165957
0.0023033758
0.0022896419
0.0022753674
0.0022605243
0.0022450832
0.0022290128
0.0022122801
0.0021948504
0.0021766869
0.0021577508
0.0021380011
0.0021173947
0.0020958858
0.0020734262
0.0020499652
0.002025449
0.0019998213
0.0019730228
0.0019449903
0.0019156562
0.0018849475
0.0018527854
0.0018190848
0.0023998445
0.0023910171
0.0023818976
0.0023724724
0.0023627272
0.002352647
0.0023422157
0.0023314166
0.0023202317
0.0023086422
0.0022966282
0.0022841687
0.0022712414
0.0022578227
0.0022438878
0.0022294105
0.002214363
0.0021987161
0.0021824388
0.0021654987
0.0021478612
0.0021294901
0.0021103472
0.0020903916
0.0020695818
0.002047876
0.0020252244
0.0020015724
0.0019768632
0.0019510362
0.0019240255
0.0018957586
0.0018661576
0.0018351388
0.0018026116
0.0023223102
0.002314146
0.0023057088
0.0022969859
0.0022879637
0.0022786278
0.0022689628
0.0022589528
0.0022485805
0.0022378279
0.0022266755
0.0022151031
0.0022030888
0.0021906097
0.002177641
0.0021641568
0.0021501293
0.0021355287
0.0021203235
0.0021044799
0.0020879618
0.0020707303
0.0020527436
0.0020339567
0.00201432
0.0019937775
0.0019722774
0.0019497866
0.001926279
0.0019017315
0.0018761029
0.0018493113
0.0018212642
0.0017918708
0.0017610356
0.0023008722
0.0022927443
0.0022843457
0.0022756636
0.0022666848
0.0022573948
0.0022477785
0.00223782
0.0022275025
0.0022168081
0.0022057178
0.0021942117
0.0021822684
0.0021698656
0.0021569795
0.0021435847
0.0021296548
0.0021151614
0.0021000749
0.0020843638
0.0020679951
0.0020509342
0.0020331445
0.0020145889
0.0019952268
0.0019750137
0.0019539112
0.0019318844
0.0019089045
0.00188494
0.001859927
0.0018337801
0.0018064114
0.0017777307
0.00174764
0.0021882709
0.0021808205
0.0021731243
0.0021651709
0.0021569483
0.0021484436
0.0021396434
0.0021305334
0.0021210986
0.0021113233
0.0021011906
0.0020906831
0.002079782
0.0020684678
0.0020567198
0.0020445163
0.0020318346
0.0020186506
0.0020049392
0.0019906744
0.0019758289
0.0019603745
0.0019442822
0.0019275223
0.0019100649
0.0018918816
0.0018729357
0.0018531687
0.0018325171
0.0018109078
0.001788248
0.0017644588
0.0017394624
0.0017131699
0.0016854802
)
;

boundaryField
{
    bottom
    {
        type            zeroGradient;
    }
    back
    {
        type            empty;
    }
    front
    {
        type            empty;
    }
    inlet
    {
        type            zeroGradient;
    }
    outlet
    {
        type            fixedValue;
        value           nonuniform List<scalar> 0();
    }
    top
    {
        type            zeroGradient;
    }
    slipsurface
    {
        type            slip;
    }
    procBoundary1to0
    {
        type            processor;
        value           nonuniform List<scalar> 
34
(
0.003648418
0.0036098842
0.0035578999
0.0034963166
0.0034287495
0.0033583673
0.0032872153
0.0032164547
0.0031468751
0.0030790156
0.0030131431
0.0029493376
0.0028875879
0.0028278261
0.0027699405
0.0027137938
0.0026592379
0.0026066789
0.0026066789
0.0025554451
0.0025052133
0.0024558608
0.0024072651
0.0023593061
0.0023118654
0.0022648269
0.0022180772
0.0021715028
0.0021249919
0.0020784347
0.0020317174
0.0019847268
0.0019373496
0.0018894635
)
;
    }
    procBoundary1to2
    {
        type            processor;
        value           nonuniform List<scalar> 
23
(
0.0018437515
0.0018467361
0.0018498714
0.0018531175
0.0018563955
0.0018596373
0.0018626556
0.0018653944
0.0018674217
0.0018688599
0.0018687397
0.0018677974
0.0018639359
0.0018594424
0.001849927
0.0018410583
0.0018238516
0.0018107887
0.0017837538
0.0017684779
0.0017286535
0.001716031
0.001656283
)
;
    }
    procBoundary1to6
    {
        type            processor;
        value           nonuniform List<scalar> 3(0.0035620833 0.0035720585 0.0035720585);
    }
    procBoundary1to7
    {
        type            processor;
        value           nonuniform List<scalar> 
23
(
0.0034457876
0.0033710562
0.0033029342
0.0032403687
0.0031824485
0.0031283151
0.0030768819
0.0030277892
0.0029793231
0.0029319832
0.002883132
0.0028349098
0.0027828346
0.0027325806
0.0026753875
0.0026242513
0.0025609073
0.0025132786
0.0024430295
0.0024083925
0.0023302136
0.0023087415
0.0021954864
)
;
    }
}


// ************************************************************************* //
