/*--------------------------------*- C++ -*----------------------------------*\
  =========                 |
  \\      /  F ield         | OpenFOAM: The Open Source CFD Toolbox
   \\    /   O peration     | Website:  https://openfoam.org
    \\  /    A nd           | Version:  12
     \\/     M anipulation  |
\*---------------------------------------------------------------------------*/
FoamFile
{
    format      ascii;
    class       surfaceScalarField;
    location    "900";
    object      phi;
}
// * * * * * * * * * * * * * * * * * * * * * * * * * * * * * * * * * * * * * //

dimensions      [0 3 -1 0 0 0 0];

internalField   nonuniform List<scalar> 
1561
(
2.0046355e-06
1.865683e-11
2.0045763e-06
5.9156074e-11
2.0044829e-06
9.3415798e-11
2.0043686e-06
1.1432155e-10
2.0042375e-06
1.3110275e-10
2.0040909e-06
1.4657658e-10
2.0039297e-06
1.6124721e-10
2.0037541e-06
1.7559893e-10
2.0035638e-06
1.902807e-10
2.0033579e-06
2.0589034e-10
2.0031349e-06
2.22977e-10
2.0028927e-06
2.4218431e-10
2.0026284e-06
2.6436552e-10
2.0023375e-06
2.9082671e-10
2.0020143e-06
3.2327004e-10
2.001649e-06
3.65268e-10
2.0012294e-06
4.1965769e-10
2.000727e-06
5.0233538e-10
2.0001208e-06
6.0623503e-10
1.9992724e-06
8.4834951e-10
1.9982106e-06
1.0618571e-09
1.9951428e-06
3.0677699e-09
1.9926664e-06
2.4763939e-09
1.0227926e-06
9.6987383e-07
3.917832e-08
9.8361426e-07
2.5391304e-08
1.3787016e-08
2.5072376e-08
3.1892759e-10
2.4835914e-08
2.3646277e-10
2.4261591e-08
5.7432285e-10
2.3637216e-08
6.243747e-10
2.3075584e-08
5.6163217e-10
2.2590298e-08
4.8528624e-10
2.2166734e-08
4.2356339e-10
2.1791408e-08
3.7532683e-10
3.3646506e-10
2.0345091e-06
3.759187e-11
2.0344491e-06
1.1920292e-10
2.0343542e-06
1.8825585e-10
2.0342382e-06
2.3040863e-10
2.034105e-06
2.642485e-10
2.0339561e-06
2.9544812e-10
2.0337924e-06
3.2502361e-10
2.033614e-06
3.5395208e-10
2.0334207e-06
3.8354222e-10
2.0332116e-06
4.1499931e-10
2.0329852e-06
4.4943043e-10
2.0327392e-06
4.8813289e-10
2.0324708e-06
5.3282633e-10
2.0321755e-06
5.861427e-10
2.0318472e-06
6.5151201e-10
2.0314764e-06
7.3613264e-10
2.0310503e-06
8.4572148e-10
2.0305403e-06
1.0123065e-09
2.0299249e-06
1.2216547e-09
2.0290638e-06
1.7094663e-09
2.0279859e-06
2.1397191e-09
2.024873e-06
6.1807186e-09
2.0223555e-06
4.9938461e-09
1.0892212e-06
1.9030082e-06
1.1736399e-07
1.9554715e-06
7.7694995e-08
5.345601e-08
7.671978e-08
1.2941433e-09
7.5994095e-08
9.6214714e-10
7.4234957e-08
2.3334614e-09
7.2324197e-08
2.5351349e-09
7.0606358e-08
2.2794705e-09
6.9121742e-08
1.9699022e-09
6.7825732e-08
1.7195736e-09
6.6677325e-08
1.5237339e-09
1.3659314e-09
2.0947016e-06
5.7087181e-11
2.0946398e-06
1.8103645e-10
2.0945421e-06
2.8593797e-10
2.0944225e-06
3.4999967e-10
2.0942853e-06
4.0143375e-10
2.0941319e-06
4.4884869e-10
2.0939631e-06
4.9378781e-10
2.0937793e-06
5.3773701e-10
2.0935802e-06
5.8268547e-10
2.0933647e-06
6.3046479e-10
2.0931314e-06
6.8275713e-10
2.092878e-06
7.4153341e-10
2.0926014e-06
8.0940569e-10
2.0922972e-06
8.9037151e-10
2.0919591e-06
9.8964017e-10
2.0915771e-06
1.1181436e-09
2.0911382e-06
1.284564e-09
2.090613e-06
1.537539e-09
2.0899792e-06
1.855455e-09
2.0890924e-06
2.5962374e-09
2.0879825e-06
3.2496387e-09
2.0847775e-06
9.3856919e-09
2.082185e-06
7.586326e-09
1.1727867e-06
2.8124065e-06
1.9996982e-07
2.9282884e-06
1.346528e-07
1.1877303e-07
1.3295961e-07
2.9873397e-09
1.3169846e-07
2.2232982e-09
1.2864753e-07
5.384382e-09
1.2533559e-07
5.8470818e-09
1.2235948e-07
5.2555741e-09
1.1978712e-07
4.5422631e-09
1.1754123e-07
3.9654621e-09
1.1555112e-07
3.5138493e-09
3.1498886e-09
2.1861099e-06
7.7433299e-11
2.1860453e-06
2.4557975e-10
2.1859433e-06
3.8792389e-10
2.1858185e-06
4.7488875e-10
2.1856752e-06
5.447204e-10
2.1855149e-06
6.0908634e-10
2.1853386e-06
6.7008015e-10
2.1851467e-06
7.2972029e-10
2.1849386e-06
7.9070754e-10
2.1847136e-06
8.555282e-10
2.1844699e-06
9.2646538e-10
2.1842052e-06
1.0061936e-09
2.1839164e-06
1.0982568e-09
2.1835986e-06
1.2080783e-09
2.1832456e-06
1.3427246e-09
2.1828467e-06
1.5170248e-09
2.1823885e-06
1.7427556e-09
2.1818401e-06
2.0858905e-09
2.1811785e-06
2.5171115e-09
2.1802528e-06
3.5219066e-09
2.1790943e-06
4.408188e-09
2.1757496e-06
1.2730389e-08
2.1730432e-06
1.0292729e-08
1.2768289e-06
3.7086208e-06
2.9161874e-07
3.9134985e-06
1.9966711e-07
2.1072466e-07
1.9715222e-07
5.5022351e-09
1.9527363e-07
4.101884e-09
1.9074674e-07
9.9112734e-09
1.8583541e-07
1.0758413e-08
1.8142437e-07
9.6666157e-09
1.7761134e-07
8.3552931e-09
1.7428174e-07
7.2950609e-09
1.7133128e-07
6.4643087e-09
5.7946601e-09
2.3100962e-06
9.8933396e-11
2.310028e-06
3.1379689e-10
2.3099201e-06
4.9574166e-10
2.3097881e-06
6.0695324e-10
2.3096365e-06
6.9626765e-10
2.309467e-06
7.7857903e-10
2.3092806e-06
8.5656239e-10
2.3090775e-06
9.3280079e-10
2.3088574e-06
1.0107486e-09
2.3086194e-06
1.0935852e-09
2.3083616e-06
1.1842295e-09
2.3080817e-06
1.2861004e-09
2.3077762e-06
1.4037273e-09
2.3074403e-06
1.5440405e-09
2.3070669e-06
1.7160697e-09
2.3066452e-06
1.9387626e-09
2.3061608e-06
2.2271665e-09
2.3055811e-06
2.6655744e-09
2.3048817e-06
3.2165258e-09
2.3039033e-06
4.5003076e-09
2.3026788e-06
5.6326751e-09
2.2991446e-06
1.626457e-08
2.2962836e-06
1.3153716e-08
1.404958e-06
4.5999463e-06
3.9720955e-07
4.921247e-06
2.7660736e-07
3.3132684e-07
2.7310709e-07
9.0025059e-09
2.704832e-07
6.7257738e-09
2.6420924e-07
1.6185234e-08
2.574076e-07
1.7560055e-08
2.5130202e-07
1.5772198e-08
2.4602353e-07
1.3633782e-08
2.4141346e-07
1.1905128e-08
2.3732819e-07
1.0549577e-08
9.4566532e-09
2.4685082e-06
1.2190787e-10
2.4684353e-06
3.867074e-10
2.46832e-06
6.1100893e-10
2.4681788e-06
7.4818281e-10
2.4680167e-06
8.5836573e-10
2.4678354e-06
9.5989267e-10
2.4676359e-06
1.0560597e-09
2.4674186e-06
1.1500554e-09
2.4671832e-06
1.2461413e-09
2.4669286e-06
1.3482388e-09
2.4666529e-06
1.4599475e-09
2.4663535e-06
1.5854825e-09
2.4660268e-06
1.7304268e-09
2.4656675e-06
1.903322e-09
2.4652683e-06
2.1152961e-09
2.4648173e-06
2.3896984e-09
2.4642994e-06
2.7450715e-09
2.4636797e-06
3.2852847e-09
2.4629321e-06
3.9641763e-09
2.4618863e-06
5.5460733e-09
2.4605776e-06
6.9414056e-09
2.4568014e-06
2.0040791e-08
2.4537427e-06
1.6212344e-08
1.561191e-06
5.4924981e-06
5.2214084e-07
5.9602972e-06
3.6998709e-07
4.8348059e-07
3.6523918e-07
1.3750416e-08
3.6167868e-07
1.0286275e-08
3.532892e-07
2.457471e-08
3.4420418e-07
2.6645077e-08
3.3605307e-07
2.3923305e-08
3.2900487e-07
2.0681978e-08
3.228478e-07
1.8062202e-08
3.1739121e-07
1.600617e-08
1.4348046e-08
2.6637066e-06
1.4669907e-10
2.6636279e-06
4.6540163e-10
2.6635034e-06
7.3545767e-10
2.6633509e-06
9.0071038e-10
2.6631758e-06
1.033472e-09
2.6629799e-06
1.1557818e-09
2.6627644e-06
1.2716057e-09
2.6625296e-06
1.3847881e-09
2.6622753e-06
1.500464e-09
2.6620002e-06
1.6233571e-09
2.6617023e-06
1.7578029e-09
2.661379e-06
1.9088766e-09
2.6610261e-06
2.0832995e-09
2.6606381e-06
2.2913521e-09
2.6602069e-06
2.5464279e-09
2.65972e-06
2.8766263e-09
2.6591608e-06
3.3042619e-09
2.6584918e-06
3.9543292e-09
2.6576847e-06
4.7712771e-09
2.6565559e-06
6.6748557e-09
2.6551433e-06
8.3539588e-09
2.6510689e-06
2.4115162e-08
2.6477665e-06
1.9514788e-08
1.7500622e-06
6.3902024e-06
6.7249752e-07
7.0378618e-06
4.8509921e-07
6.708789e-07
4.7864605e-07
2.0203575e-08
4.7386212e-07
1.5070203e-08
4.6288559e-07
3.5551244e-08
4.5102006e-07
3.8510606e-08
4.4037902e-07
3.4564348e-08
4.3117502e-07
2.9885972e-08
4.231321e-07
2.6105123e-08
4.1600306e-07
2.3135212e-08
2.0739369e-08
2.8986003e-06
1.7367638e-10
2.8985146e-06
5.5105719e-10
2.8983791e-06
8.7096078e-10
2.898213e-06
1.0668454e-09
2.8980222e-06
1.2242499e-09
2.8978088e-06
1.3692336e-09
2.8975739e-06
1.5064911e-09
2.8973181e-06
1.6405831e-09
2.897041e-06
1.777598e-09
2.8967412e-06
1.9231348e-09
2.8964166e-06
2.0823313e-09
2.8960643e-06
2.2612e-09
2.8956799e-06
2.4677019e-09
2.8952573e-06
2.7140111e-09
2.8947877e-06
3.0159869e-09
2.8942574e-06
3.4068986e-09
2.8936485e-06
3.9131663e-09
2.8929201e-06
4.6827727e-09
2.8920414e-06
5.64995e-09
2.8908127e-06
7.9035633e-09
2.8892752e-06
9.8914851e-09
2.8848422e-06
2.8548168e-08
2.8812458e-06
2.3111111e-08
1.9767138e-06
7.2947345e-06
8.5518204e-07
8.1593936e-06
6.2803374e-07
8.980272e-07
6.189997e-07
2.9237612e-08
6.12555e-07
2.1514905e-08
5.9842411e-07
4.9682136e-08
5.8319436e-07
5.3740348e-08
5.6954071e-07
4.8218004e-08
5.5772519e-07
4.1701494e-08
5.4739533e-07
3.6434974e-08
5.3823649e-07
3.2294053e-08
2.8952466e-08
3.1766897e-06
2.0324178e-10
3.1765958e-06
6.449567e-10
3.1764472e-06
1.0195608e-09
3.176265e-06
1.2491103e-09
3.1760556e-06
1.4336117e-09
3.1758213e-06
1.6035168e-09
3.1755635e-06
1.7643175e-09
3.1752827e-06
1.9213634e-09
3.1749785e-06
2.0817912e-09
3.1746495e-06
2.2521617e-09
3.1742933e-06
2.4384939e-09
3.1739067e-06
2.6478295e-09
3.1734849e-06
2.8894891e-09
3.1730212e-06
3.1777237e-09
3.1725061e-06
3.5310957e-09
3.1719245e-06
3.9885417e-09
3.1712566e-06
4.5809816e-09
3.1704578e-06
5.4815916e-09
3.1694944e-06
6.6134101e-09
3.1681473e-06
9.2506165e-09
3.1664618e-06
1.1577027e-08
3.1616044e-06
3.3405529e-08
3.1576594e-06
2.7056147e-08
2.2469579e-06
8.2054359e-06
1.0779481e-06
9.3284035e-06
8.0551425e-07
1.170461e-06
7.9218521e-07
4.2566654e-08
7.8339104e-07
3.0309078e-08
7.654648e-07
6.7608374e-08
7.4624374e-07
7.2961408e-08
7.290159e-07
6.5445848e-08
7.1409725e-07
5.6620141e-08
7.0104661e-07
4.9485615e-08
6.8947031e-07
4.3870349e-08
3.9337603e-08
3.5021191e-06
2.3583575e-10
3.5020156e-06
7.4850718e-10
3.5018516e-06
1.1835015e-09
3.5016505e-06
1.4502802e-09
3.5014193e-06
1.6647652e-09
3.5011606e-06
1.8622341e-09
3.5008758e-06
2.0490564e-09
3.5005658e-06
2.2314553e-09
3.5002298e-06
2.4177276e-09
3.4998665e-06
2.6154976e-09
3.4994732e-06
2.8317584e-09
3.4990464e-06
3.0746882e-09
3.4985807e-06
3.3551085e-09
3.4980689e-06
3.6895612e-09
3.4975004e-06
4.0995903e-09
3.4968586e-06
4.6303813e-09
3.4961217e-06
5.3178162e-09
3.4952405e-06
6.3628444e-09
3.4941777e-06
7.6761692e-09
3.4926921e-06
1.0736227e-08
3.4908333e-06
1.3435872e-08
3.4854797e-06
3.875913e-08
3.4811252e-06
3.1410562e-08
2.5672973e-06
9.1192638e-06
1.3493482e-06
1.0546353e-05
1.0246354e-06
1.4951737e-06
1.0038235e-06
6.3378625e-08
9.9158371e-07
4.2548832e-08
9.6915998e-07
9.0032104e-08
9.4532333e-07
9.6798062e-08
9.2396704e-07
8.6802139e-08
9.0546017e-07
7.5127014e-08
8.8926119e-07
6.5684592e-08
8.7488549e-07
5.8246045e-08
5.2240341e-08
3.8797381e-06
2.7194388e-10
3.8796233e-06
8.6326126e-10
3.8794415e-06
1.3652625e-09
3.8792184e-06
1.6734272e-09
3.8789619e-06
1.9212663e-09
3.8786747e-06
2.1493824e-09
3.8783587e-06
2.3651149e-09
3.8780145e-06
2.5756601e-09
3.8776416e-06
2.7906048e-09
3.8772383e-06
3.0187559e-09
3.8768019e-06
3.2681885e-09
3.8763283e-06
3.5483425e-09
3.8758117e-06
3.8717044e-09
3.8752439e-06
4.2573558e-09
3.8746133e-06
4.7301456e-09
3.8739015e-06
5.3421833e-09
3.8730845e-06
6.1348494e-09
3.8721075e-06
7.339859e-09
3.8709294e-06
8.8542596e-09
3.8692829e-06
1.2382702e-08
3.8672228e-06
1.5495939e-08
3.861294e-06
4.4688006e-08
3.8564624e-06
3.6242074e-08
2.9448867e-06
1.003084e-05
1.6786804e-06
1.1812559e-05
1.2928251e-06
1.8810291e-06
1.2591449e-06
9.7058755e-08
1.2417532e-06
5.9940601e-08
1.2140244e-06
1.1776089e-07
1.1849464e-06
1.2587606e-07
1.158921e-06
1.1282757e-07
1.1363582e-06
9.7689807e-08
1.1166037e-06
8.5439105e-08
1.0990683e-06
7.5781437e-08
6.7984613e-08
4.3151739e-06
3.1210405e-10
4.3150462e-06
9.9094069e-10
4.3148439e-06
1.5675974e-09
4.3145954e-06
1.9219689e-09
4.3143095e-06
2.2070763e-09
4.3139895e-06
2.4694182e-09
4.3136372e-06
2.7174096e-09
4.3132535e-06
2.9593345e-09
4.3128379e-06
3.2062315e-09
4.3123885e-06
3.4681975e-09
4.3119021e-06
3.7545451e-09
4.3113743e-06
4.0761106e-09
4.3107988e-06
4.4472351e-09
4.3101663e-06
4.8898275e-09
4.3094641e-06
5.4324145e-09
4.3086714e-06
6.1348082e-09
4.3077618e-06
7.044507e-09
4.3066742e-06
8.4274403e-09
4.305363e-06
1.0165482e-08
4.3035309e-06
1.4214784e-08
4.3012386e-06
1.7788205e-08
4.2946472e-06
5.12794e-08
4.2892625e-06
4.1626843e-08
3.3877562e-06
1.0932346e-05
2.076371e-06
1.3123944e-05
1.6183234e-06
2.3390767e-06
1.5635653e-06
1.5181692e-07
1.5384727e-06
8.5033224e-08
1.5044049e-06
1.5182869e-07
1.4693772e-06
1.6090372e-07
1.4380945e-06
1.4411021e-07
1.4109778e-06
1.2480659e-07
1.387243e-06
1.0917389e-07
1.3661791e-06
9.6845344e-08
8.6896953e-08
4.8149157e-06
3.5691441e-10
4.8147732e-06
1.1334622e-09
4.8145472e-06
1.7935769e-09
4.8142694e-06
2.1997233e-09
4.8139499e-06
2.5266275e-09
4.813592e-06
2.8273325e-09
4.8131979e-06
3.1114489e-09
4.8127688e-06
3.3884814e-09
4.8123039e-06
3.671075e-09
4.8118013e-06
3.9708357e-09
4.8112575e-06
4.2983986e-09
4.8106674e-06
4.6661832e-09
4.810024e-06
5.0906035e-09
4.8093171e-06
5.5967258e-09
4.8085323e-06
6.2171835e-09
4.8076468e-06
7.0203851e-09
4.8066306e-06
8.0606582e-09
4.805416e-06
9.6421014e-09
4.8039518e-06
1.1629683e-08
4.8019065e-06
1.6260024e-08
4.7993475e-06
2.034719e-08
4.7919971e-06
5.8629869e-08
4.7859727e-06
4.765121e-08
3.904649e-06
1.1813669e-05
2.554464e-06
1.4474129e-05
2.011776e-06
2.8817647e-06
1.9240917e-06
2.3950121e-07
1.8872394e-06
1.2188546e-07
1.8453844e-06
1.9368369e-07
1.803497e-06
2.0279114e-07
1.7662263e-06
1.8138094e-07
1.7339461e-06
1.5708674e-07
1.7057187e-06
1.3740127e-07
1.6806878e-06
1.2187628e-07
1.0936043e-07
5.3864107e-06
4.0704234e-10
5.3862512e-06
1.2929666e-09
5.3859981e-06
2.0466353e-09
5.3856869e-06
2.5109695e-09
5.3853286e-06
2.884895e-09
5.3849272e-06
3.2287337e-09
5.3844853e-06
3.5534262e-09
5.3840039e-06
3.8698511e-09
5.3834825e-06
4.1924711e-09
5.3829188e-06
4.5345548e-09
5.3823089e-06
4.9082564e-09
5.3816473e-06
5.3277604e-09
5.3809261e-06
5.8118039e-09
5.3801339e-06
6.3889896e-09
5.3792545e-06
7.0965578e-09
5.3782624e-06
8.0125062e-09
5.3771242e-06
9.1988354e-09
5.375764e-06
1.1002322e-08
5.3741246e-06
1.3269061e-08
5.3718354e-06
1.8549192e-08
5.3689711e-06
2.3211486e-08
5.3607546e-06
6.6846427e-08
5.353992e-06
5.4413837e-08
4.5049404e-06
1.2662721e-05
3.1261861e-06
1.5852883e-05
2.4862811e-06
3.5216697e-06
2.3505494e-06
3.7523288e-07
2.2960854e-06
1.7634949e-07
2.244178e-06
2.4559107e-07
2.1940558e-06
2.5291334e-07
2.1497125e-06
2.2572423e-07
2.1113685e-06
1.9543077e-07
2.0778944e-06
1.7087529e-07
2.0482544e-06
1.5151633e-07
1.3593327e-07
6.0381755e-06
4.6323425e-10
6.0379966e-06
1.4718506e-09
6.0377126e-06
2.330624e-09
6.0373631e-06
2.8605153e-09
6.0369605e-06
3.2874787e-09
6.0365093e-06
3.6799413e-09
6.0360124e-06
4.0503245e-09
6.0354712e-06
4.4110562e-09
6.034885e-06
4.7786485e-09
6.0342513e-06
5.1682437e-09
6.0335659e-06
5.593706e-09
6.0328224e-06
6.0712053e-09
6.0320121e-06
6.6220884e-09
6.0311222e-06
7.2789266e-09
6.0301347e-06
8.0841077e-09
6.0290207e-06
9.1264445e-09
6.0277431e-06
1.0476481e-08
6.0262166e-06
1.2528838e-08
6.0243771e-06
1.5108512e-08
6.0218096e-06
2.111674e-08
6.0185967e-06
2.642436e-08
6.0093954e-06
7.6047678e-08
6.0017809e-06
6.2028386e-08
5.1985346e-06
1.3465967e-05
3.8054491e-06
1.7245969e-05
3.0564358e-06
4.2706829e-06
2.8546276e-06
5.7704112e-07
2.7750975e-06
2.5587962e-07
2.7099969e-06
3.1069166e-07
2.6498221e-06
3.1308812e-07
2.5970162e-06
2.7853015e-07
2.5514631e-06
2.4098389e-07
2.5117872e-06
2.1055114e-07
2.4767281e-06
1.8657546e-07
1.6731693e-07
6.7799229e-06
5.2632677e-10
6.779722e-06
1.672803e-09
6.7794027e-06
2.6498696e-09
6.7790095e-06
3.2537736e-09
6.7785562e-06
3.7406942e-09
6.7780481e-06
4.188091e-09
6.7774884e-06
4.6100342e-09
6.7768787e-06
5.020701e-09
6.7762185e-06
5.4389192e-09
6.7755048e-06
5.8819463e-09
6.7747329e-06
6.3655768e-09
6.7738959e-06
6.9082177e-09
6.7729838e-06
7.5341527e-09
6.7719823e-06
8.2804151e-09
6.7708712e-06
9.1951892e-09
6.7696183e-06
1.03794e-08
6.7681815e-06
1.1913225e-08
6.7664654e-06
1.4244965e-08
6.7643979e-06
1.7176015e-08
6.7615133e-06
2.4001311e-08
6.7579033e-06
3.0034437e-08
6.7475861e-06
8.6364862e-08
6.7389876e-06
7.0626916e-08
5.9957482e-06
1.4209207e-05
4.6065865e-06
1.8635131e-05
3.7383439e-06
5.1389255e-06
3.4494252e-06
8.6595984e-07
3.3353482e-06
3.6995662e-07
3.2530323e-06
3.9300754e-07
3.1806182e-06
3.8550228e-07
3.1177568e-06
3.4139146e-07
3.0637027e-06
2.9503805e-07
3.0167537e-06
2.5750012e-07
2.9753722e-06
2.2795694e-07
2.0428923e-07
7.6227066e-06
5.9725908e-10
7.6224805e-06
1.898845e-09
7.6221212e-06
3.0092403e-09
7.6216781e-06
3.6968468e-09
7.6211671e-06
4.2516749e-09
7.6205939e-06
4.7612533e-09
7.6199625e-06
5.2414854e-09
7.6192747e-06
5.708527e-09
7.6185298e-06
6.1838256e-09
7.6177247e-06
6.6870318e-09
7.6168541e-06
7.2361224e-09
7.6159103e-06
7.8520292e-09
7.6148821e-06
8.5623469e-09
7.6137534e-06
9.4091322e-09
7.6125015e-06
1.0447093e-08
7.6110901e-06
1.1790773e-08
7.6094722e-06
1.3531193e-08
7.6075402e-06
1.6176959e-08
7.6052131e-06
1.9503068e-08
7.6019681e-06
2.7246303e-08
7.5979061e-06
3.4096461e-08
7.5863283e-06
9.7942681e-08
7.576591e-06
8.0364181e-08
6.9072157e-06
1.4878582e-05
5.5425539e-06
1.9999793e-05
4.5488484e-06
6.132631e-06
4.1510045e-06
1.2638038e-06
3.9899478e-06
5.3101337e-07
3.8850077e-06
4.9794763e-07
3.7975031e-06
4.7300683e-07
3.7226006e-06
4.1629396e-07
3.6584619e-06
3.5917678e-07
3.6029344e-06
3.1302766e-07
3.5541348e-06
2.7675649e-07
2.4778955e-07
8.579086e-06
6.7708699e-10
8.5788315e-06
2.1533747e-09
8.5784265e-06
3.4142181e-09
8.5779267e-06
4.1966215e-09
8.5773499e-06
4.8284856e-09
8.5767026e-06
5.4085642e-09
8.5759893e-06
5.9547966e-09
8.5752122e-06
6.485576e-09
8.5743707e-06
7.0253184e-09
8.5734614e-06
7.5963858e-09
8.5724783e-06
8.2192254e-09
8.5714127e-06
8.9176236e-09
8.5702521e-06
9.7229117e-09
8.5689784e-06
1.0682809e-08
8.5675662e-06
1.1859373e-08
8.5659744e-06
1.3382478e-08
8.5641503e-06
1.535536e-08
8.5619728e-06
1.8354429e-08
8.5593507e-06
2.212517e-08
8.5556965e-06
3.0900497e-08
8.5511208e-06
3.8672165e-08
8.5381238e-06
1.1093968e-07
8.5270656e-06
9.1422355e-08
7.9438472e-06
1.54618e-05
6.6250473e-06
2.1318592e-05
5.5050768e-06
7.2526014e-06
4.9780527e-06
1.7908279e-06
4.7547929e-06
7.5427323e-07
4.619929e-06
6.3281146e-07
4.5135317e-06
5.7940417e-07
4.4240575e-06
5.0576815e-07
4.3478597e-06
4.353746e-07
4.2821388e-06
3.787486e-07
4.2245726e-06
3.3432265e-07
2.9896885e-07
9.6633133e-06
7.6699867e-10
9.6630265e-06
2.4402178e-09
9.6625697e-06
3.8709807e-09
9.6620054e-06
4.7608728e-09
9.6613537e-06
5.480249e-09
9.6606219e-06
6.1403734e-09
9.6598152e-06
6.7614398e-09
9.6589364e-06
7.3643729e-09
9.6579848e-06
7.9769553e-09
9.6569566e-06
8.6246241e-09
9.6558452e-06
9.3306278e-09
9.6546408e-06
1.0121983e-08
9.6533295e-06
1.1034244e-08
9.6518907e-06
1.2121518e-08
9.650296e-06
1.3454153e-08
9.6484992e-06
1.5179288e-08
9.6464406e-06
1.7413939e-08
9.6439842e-06
2.0810787e-08
9.641027e-06
2.5082368e-08
9.6369088e-06
3.5018748e-08
9.6317497e-06
4.3831264e-08
9.6171616e-06
1.2552777e-07
9.604567e-06
1.0401696e-07
9.11686e-06
1.5949507e-05
7.864241e-06
2.2571211e-05
6.6250238e-06
8.4918185e-06
5.9529966e-06
2.4628551e-06
5.6491876e-06
1.0580822e-06
5.4746348e-06
8.0736425e-07
5.3442271e-06
7.0981193e-07
5.2369171e-06
6.1307815e-07
5.146179e-06
5.2611267e-07
5.0682573e-06
4.566703e-07
5.0002581e-06
4.0232183e-07
3.5924247e-07
1.0891546e-05
8.683323e-10
1.0891223e-05
2.7636839e-09
1.0890707e-05
4.3864915e-09
1.089007e-05
5.3983812e-09
1.0889332e-05
6.2172859e-09
1.0888504e-05
6.968406e-09
1.0887591e-05
7.6744247e-09
1.0886597e-05
8.359129e-09
1.088552e-05
9.0541218e-09
1.0884356e-05
9.788332e-09
1.0883098e-05
1.0588187e-08
1.0881736e-05
1.1484365e-08
1.0880253e-05
1.2517194e-08
1.0878626e-05
1.3747996e-08
1.0876824e-05
1.5256472e-08
1.0874794e-05
1.7209223e-08
1.0872469e-05
1.973882e-08
1.0869696e-05
2.3583757e-08
1.0866359e-05
2.8419867e-08
1.0861715e-05
3.966274e-08
1.0855894e-05
4.9652568e-08
1.0839531e-05
1.418901e-07
1.0825143e-05
1.1840536e-07
1.0437848e-05
1.6336802e-05
9.2710137e-06
2.3738046e-05
7.9298901e-06
9.8329421e-06
7.1023768e-06
3.2903684e-06
6.6964555e-06
1.4640035e-06
6.4693667e-06
1.0344531e-06
6.3080692e-06
8.7110937e-07
6.178669e-06
7.4247836e-07
6.0702507e-06
6.3453102e-07
5.9776234e-06
5.4929753e-07
5.8971263e-06
4.8281892e-07
4.3035542e-07
1.2282088e-05
9.8259643e-10
1.2281723e-05
3.1286297e-09
1.2281141e-05
4.9686e-09
1.228042e-05
6.1190604e-09
1.2279586e-05
7.0512693e-09
1.2278648e-05
7.9059423e-09
1.2277614e-05
8.7085012e-09
1.2276487e-05
9.4859664e-09
1.2275267e-05
1.0274277e-08
1.2273949e-05
1.110633e-08
1.2272525e-05
1.2012164e-08
1.2270983e-05
1.3026608e-08
1.2269305e-05
1.4195396e-08
1.2267465e-05
1.5587998e-08
1.2265427e-05
1.7294681e-08
1.2263132e-05
1.9503984e-08
1.2260505e-05
2.2366057e-08
1.2257372e-05
2.6715944e-08
1.2253604e-05
3.218871e-08
1.2248365e-05
4.4901819e-08
1.2241792e-05
5.6225268e-08
1.2223466e-05
1.6021599e-07
1.2206974e-05
1.3489698e-07
1.191875e-05
1.6625026e-05
1.0861668e-05
2.4795128e-05
9.4487984e-06
1.1245812e-05
8.4570255e-06
4.2821412e-06
7.9246782e-06
1.9963508e-06
7.6284693e-06
1.3306621e-06
7.4271039e-06
1.0724748e-06
7.2700078e-06
8.9957437e-07
7.1398992e-06
7.6463962e-07
7.029424e-06
6.5977273e-07
6.93386e-06
5.7838301e-07
5.1446707e-07
1.385566e-05
1.1114926e-09
1.3855248e-05
3.5405301e-09
1.3854591e-05
5.6261531e-09
1.3853776e-05
6.9340993e-09
1.3852832e-05
7.9953939e-09
1.385177e-05
8.9680142e-09
1.3850598e-05
9.8803822e-09
1.384932e-05
1.0763165e-08
1.3847937e-05
1.1657224e-08
1.3846444e-05
1.2599964e-08
1.384483e-05
1.3625534e-08
1.3843084e-05
1.4773472e-08
1.3841183e-05
1.6095633e-08
1.3839101e-05
1.7670701e-08
1.3836794e-05
1.9600878e-08
1.3834199e-05
2.2099441e-08
1.3831229e-05
2.5336419e-08
1.3827689e-05
3.0255461e-08
1.3823431e-05
3.6446541e-08
1.3817519e-05
5.0813897e-08
1.3810094e-05
6.3650388e-08
1.3789619e-05
1.8069062e-07
1.377065e-05
1.5386666e-07
1.357141e-05
1.265249e-05
1.1213773e-05
1.005229e-05
9.3675389e-06
8.9812963e-06
8.7277097e-06
8.5354634e-06
8.3784925e-06
8.2461992e-06
8.1323543e-06
1.5635714e-05
1.2569415e-09
1.5635249e-05
4.0055583e-09
1.5634506e-05
6.3691189e-09
1.5633584e-05
7.8561177e-09
1.5632515e-05
9.0645612e-09
1.5631311e-05
1.0171619e-08
1.5629982e-05
1.1208985e-08
1.5628534e-05
1.2211431e-08
1.5626966e-05
1.3225402e-08
1.5625273e-05
1.4293431e-08
1.5623444e-05
1.5454339e-08
1.5621464e-05
1.6753014e-08
1.5619312e-05
1.8248247e-08
1.5616953e-05
2.0029139e-08
1.5614343e-05
2.2211386e-08
1.5611406e-05
2.5036158e-08
1.5608046e-05
2.8695986e-08
1.5604045e-05
1.5599233e-05
1.5592561e-05
1.5584169e-05
1.5561384e-05
1.7648775e-05
1.764825e-05
1.7647411e-05
1.7646367e-05
1.7645156e-05
1.7643792e-05
1.7642285e-05
1.7640642e-05
1.7638864e-05
1.7636943e-05
1.7634869e-05
1.7632625e-05
1.7630186e-05
1.7627514e-05
1.7624558e-05
1.7621235e-05
)
;

boundaryField
{
    bottom
    {
        type            calculated;
        value           uniform 0;
    }
    back
    {
        type            empty;
    }
    front
    {
        type            empty;
    }
    inlet
    {
        type            calculated;
        value           nonuniform List<scalar> 
24
(
-2.0046541e-06
-2.0345281e-06
-2.0947211e-06
-2.1861302e-06
-2.3101177e-06
-2.4685312e-06
-2.6637314e-06
-2.8986273e-06
-3.1767193e-06
-3.5021517e-06
-3.8797742e-06
-4.3152141e-06
-4.8149605e-06
-5.3864608e-06
-6.0382317e-06
-6.779986e-06
-7.6227775e-06
-8.5791658e-06
-9.6634032e-06
-1.0891647e-05
-1.2282202e-05
-1.3855789e-05
-1.5635859e-05
-1.7648939e-05
)
;
    }
    outlet
    {
        type            calculated;
        value           nonuniform List<scalar> 0();
    }
    top
    {
        type            calculated;
        value           nonuniform List<scalar> 0();
    }
    slipsurface
    {
        type            calculated;
        value           uniform 0;
    }
    procBoundary2to0
    {
        type            processor;
        value           nonuniform List<scalar> 
22
(
2.1454942e-08
6.5647859e-08
1.1376716e-07
1.6868651e-07
2.336662e-07
3.1249981e-07
4.0961174e-07
5.300234e-07
6.7908517e-07
8.6198275e-07
1.083324e-06
1.3472667e-06
1.6582243e-06
2.0216816e-06
2.4453444e-06
2.9383999e-06
3.5106345e-06
4.1733933e-06
4.9399845e-06
5.8260134e-06
6.8497483e-06
8.0325594e-06
)
;
    }
    procBoundary2to3
    {
        type            processor;
        value           nonuniform List<scalar> 
37
(
1.6824267e-05
2.5714047e-05
1.268453e-05
5.4436239e-06
2.6811019e-06
1.7169045e-06
1.3260623e-06
1.0918199e-06
9.2161088e-07
7.9206587e-07
6.9222784e-07
6.1426284e-07
3.4257239e-08
4.1259454e-08
5.7486869e-08
7.2042908e-08
2.0347565e-07
1.5539476e-05
1.7577555e-07
1.4135061e-09
4.5314783e-09
7.2063081e-09
8.8988036e-09
1.0274357e-08
1.1535782e-08
1.2715228e-08
1.3852866e-08
1.5002868e-08
1.6213327e-08
1.7526839e-08
1.8996243e-08
2.0687127e-08
2.270039e-08
2.5167353e-08
2.8360362e-08
1.7617434e-05
3.2497213e-08
)
;
    }
}


// ************************************************************************* //
