/*--------------------------------*- C++ -*----------------------------------*\
  =========                 |
  \\      /  F ield         | OpenFOAM: The Open Source CFD Toolbox
   \\    /   O peration     | Website:  https://openfoam.org
    \\  /    A nd           | Version:  12
     \\/     M anipulation  |
\*---------------------------------------------------------------------------*/
FoamFile
{
    format      ascii;
    class       surfaceScalarField;
    location    "1400";
    object      phi;
}
// * * * * * * * * * * * * * * * * * * * * * * * * * * * * * * * * * * * * * //

dimensions      [0 3 -1 0 0 0 0];

internalField   nonuniform List<scalar> 
3436
(
0.00070306567
6.6164173e-06
-0.000702995
0.00070315098
7.2160443e-06
0.00070324526
7.7747903e-06
0.00070334212
8.2757416e-06
0.00070343685
8.7177957e-06
0.00070352733
9.111842e-06
0.0007036128
9.4695539e-06
0.0007036927
9.7981033e-06
0.00070376684
1.0103383e-05
0.00070383559
1.0392465e-05
0.00070389956
1.067172e-05
1.0945235e-05
0.00072286395
6.5468852e-06
-0.00072279442
0.00072294773
7.1322701e-06
0.00072304058
7.6819336e-06
0.00072313658
8.1797455e-06
0.00072323114
8.6232356e-06
0.00072332199
9.0209962e-06
0.00072340819
9.3833533e-06
0.00072348913
9.7171617e-06
0.00072356454
1.0027974e-05
0.00072363468
1.0322324e-05
0.00072370009
1.0606314e-05
0.00072376125
1.0884072e-05
0.00072381861
1.1158324e-05
0.0007238726
1.1431302e-05
0.00072392362
1.1704906e-05
0.00072397202
1.1980619e-05
0.00072401809
1.2259462e-05
0.00072406207
1.2542224e-05
0.0007241042
1.2829627e-05
0.00072414464
1.3122304e-05
0.00072418358
1.3420815e-05
1.372567e-05
0.00074321967
6.4784634e-06
-0.00074315125
0.00074330195
7.0499865e-06
0.00074339339
7.5904938e-06
0.00074348848
8.0846555e-06
0.00074358279
8.5289228e-06
0.00074367392
8.9298665e-06
0.00074376079
9.2964833e-06
0.00074384272
9.635232e-06
0.00074391936
9.9513347e-06
0.00074399087
1.0250815e-05
0.0007440577
1.0539481e-05
0.00074412032
1.0821456e-05
0.00074417914
1.1099508e-05
0.00074423456
1.1375877e-05
0.00074428698
1.1652489e-05
0.00074433673
1.1930864e-05
0.00074438411
1.2212079e-05
0.00074442937
1.2496965e-05
0.00074447272
1.2786276e-05
0.00074451436
1.3080668e-05
0.00074455445
1.3380727e-05
0.00074459314
1.3686982e-05
0.00074463056
1.3999945e-05
0.00074466685
1.4320048e-05
0.0007447021
1.46477e-05
0.00074473642
1.4983335e-05
0.00074476991
1.5327317e-05
0.00074480263
1.5679992e-05
0.00074483468
1.60417e-05
0.00074486611
1.6412766e-05
0.00074489698
1.6793512e-05
0.00074492734
1.7184254e-05
0.00074495724
1.7585315e-05
0.00074498672
1.7997022e-05
0.0007450158
1.8419728e-05
0.0007450445
1.8853863e-05
0.00074507283
1.9300083e-05
0.00074510083
1.975929e-05
2.0232654e-05
0.00076414853
6.4111221e-06
-0.00076408119
0.00076422936
6.9691539e-06
0.0007643194
7.5004584e-06
0.00076441354
7.990512e-06
0.00076450753
8.4349324e-06
0.00076459887
8.8385282e-06
0.00076468635
9.2090088e-06
0.00076476921
9.5523715e-06
0.00076484703
9.8735107e-06
0.00076491988
1.0177968e-05
0.00076498813
1.0471233e-05
0.00076505219
1.0757389e-05
0.00076511247
1.1039235e-05
0.00076516933
1.1319011e-05
0.00076522316
1.1598658e-05
0.0007652743
1.1879733e-05
0.00076532302
1.2163359e-05
0.00076536957
1.245041e-05
0.00076541418
1.2741667e-05
0.00076545704
1.3037814e-05
0.0007654983
1.3339458e-05
0.00076553814
1.3647146e-05
0.00076557668
1.3961402e-05
0.00076561406
1.4282675e-05
0.00076565037
1.4611388e-05
0.00076568572
1.4947979e-05
0.00076572022
1.5292824e-05
0.00076575393
1.5646279e-05
0.00076578694
1.6008693e-05
0.00076581931
1.6380396e-05
0.0007658511
1.6761719e-05
0.00076588237
1.7152985e-05
0.00076591316
1.7554523e-05
0.00076594351
1.7966668e-05
0.00076597346
1.8389785e-05
0.00076600301
1.8824312e-05
0.00076603219
1.9270904e-05
0.00076606102
1.9730461e-05
2.0204144e-05
0.00078566666
6.3448322e-06
-0.00078560037
0.00078574608
6.8897335e-06
0.00078583473
7.411813e-06
0.00078592789
7.8973498e-06
0.00078602148
8.3413356e-06
0.00078611296
8.7470564e-06
0.00078620097
9.120996e-06
0.0007862847
9.4686394e-06
0.00078636366
9.7945492e-06
0.00078643782
1.0103812e-05
0.00078650747
1.0401585e-05
0.00078657298
1.0691877e-05
0.00078663472
1.0977499e-05
0.00078669304
1.126069e-05
0.0007867483
1.1543396e-05
0.00078680083
1.1827203e-05
0.00078685091
1.2113277e-05
0.00078689879
1.2402531e-05
0.00078694468
1.2695773e-05
0.00078698878
1.2993712e-05
0.00078703126
1.3296977e-05
0.00078707228
1.3606132e-05
0.00078711197
1.3921715e-05
0.00078715045
1.4244189e-05
0.00078718785
1.457399e-05
0.00078722426
1.4911565e-05
0.00078725979
1.5257298e-05
0.00078729451
1.5611557e-05
0.00078732851
1.5974697e-05
0.00078736185
1.6347057e-05
0.00078739459
1.6728976e-05
0.00078742679
1.7120782e-05
0.0007874585
1.7522812e-05
0.00078748976
1.793541e-05
0.0007875206
1.835895e-05
0.00078755103
1.879388e-05
0.00078758108
1.9240855e-05
0.00078761077
1.970077e-05
2.0174777e-05
0.00080779067
6.2795649e-06
-0.0008077254
0.00080786871
6.8116873e-06
0.00080795599
7.3245415e-06
0.00080804814
7.8051985e-06
0.00080814127
8.248199e-06
0.0008082328
8.6555255e-06
0.00080832129
9.0325125e-06
0.00080840583
9.3840963e-06
0.00080848588
9.7145009e-06
0.00080856131
1.0028382e-05
0.00080863234
1.0330557e-05
0.00080869929
1.0624926e-05
0.00080876249
1.0914299e-05
0.00080882227
1.1200905e-05
0.00080887898
1.1486688e-05
0.00080893293
1.1773255e-05
0.0008089844
1.206181e-05
0.00080903363
1.2353302e-05
0.00080908083
1.2648566e-05
0.00080912621
1.2948334e-05
0.00080916993
1.3253255e-05
0.00080921215
1.3563912e-05
0.00080925301
1.3880853e-05
0.00080929265
1.4204558e-05
0.00080933116
1.4535477e-05
0.00080936866
1.4874062e-05
0.00080940525
1.5220709e-05
0.00080944101
1.5575795e-05
0.00080947602
1.5939683e-05
0.00080951036
1.6312722e-05
0.00080954408
1.6695254e-05
0.00080957725
1.7087618e-05
0.0008096099
1.7490156e-05
0.00080964209
1.7903221e-05
0.00080967384
1.8327196e-05
0.00080970518
1.8762541e-05
0.00080973613
1.9209908e-05
0.00080976671
1.9670188e-05
2.0144524e-05
0.00083053756
6.2152921e-06
-0.00083047329
0.00083061427
6.7349776e-06
0.00083070019
7.238626e-06
0.0008307913
7.7140829e-06
0.00083088392
8.1555844e-06
0.00083097544
8.5640089e-06
0.00083106432
8.943627e-06
0.00083114961
9.2988048e-06
0.0008312307
9.6334187e-06
0.00083130736
9.9517159e-06
0.00083137975
1.0258171e-05
0.00083144812
1.0556549e-05
0.00083151279
1.0849636e-05
0.00083157404
1.1139648e-05
0.00083163221
1.142852e-05
0.0008316876
1.1717869e-05
0.00083174047
1.2008935e-05
0.00083179108
1.2302699e-05
0.00083183962
1.2600019e-05
0.00083188631
1.2901651e-05
0.0008319313
1.3208262e-05
0.00083197476
1.3520454e-05
0.00083201683
1.3838786e-05
0.00083205763
1.4163754e-05
0.00083209729
1.4495819e-05
0.00083213591
1.4835441e-05
0.00083217359
1.5183028e-05
0.00083221042
1.5538965e-05
0.00083224648
1.5903623e-05
0.00083228184
1.627736e-05
0.00083231657
1.6660525e-05
0.00083235073
1.7053464e-05
0.00083238436
1.7456526e-05
0.0008324175
1.7870073e-05
0.0008324502
1.8294497e-05
0.00083248248
1.8730267e-05
0.00083251435
1.9178037e-05
0.00083254585
1.963869e-05
2.011336e-05
0.00085392492
6.1519857e-06
-0.00085386162
0.00085400033
6.6595678e-06
0.00085408491
7.1540472e-06
0.00085417497
7.6240233e-06
0.00085426701
8.0635493e-06
0.00085435844
8.4725781e-06
0.00085444766
8.8544086e-06
0.00085453363
9.2128285e-06
0.00085461569
9.5513581e-06
0.00085469355
9.8738561e-06
0.00085476727
1.0184455e-05
0.00085483706
1.0486758e-05
0.00085490318
1.0783513e-05
0.00085496592
1.1076915e-05
0.00085502556
1.1368879e-05
0.0008550824
1.1661028e-05
0.0008551367
1.195463e-05
0.00085518871
1.2250695e-05
0.00085523862
1.2550105e-05
0.00085528664
1.2853634e-05
0.00085533293
1.3161969e-05
0.00085537766
1.3475729e-05
0.00085542096
1.3795483e-05
0.00085546297
1.4121743e-05
0.0008555038
1.4454984e-05
0.00085554357
1.4795671e-05
0.00085558238
1.5144223e-05
0.00085562031
1.5501035e-05
0.00085565745
1.5866486e-05
0.00085569386
1.6240941e-05
0.00085572963
1.6624759e-05
0.0008557648
1.701829e-05
0.00085579944
1.7421894e-05
0.00085583357
1.7835938e-05
0.00085586725
1.8260824e-05
0.00085590048
1.8697031e-05
0.00085593331
1.9145212e-05
0.00085596575
1.9606247e-05
2.0081256e-05
0.00087797074
6.0896186e-06
-0.00087790837
0.00087804488
6.5854216e-06
0.00087812814
7.0707846e-06
0.00087821713
7.5350358e-06
0.00087830854
7.9721459e-06
0.00087839981
8.3813025e-06
0.00087848929
8.7649268e-06
0.00087857589
9.1262325e-06
0.00087865887
9.4683767e-06
0.00087873788
9.794847e-06
0.0008788129
1.0109438e-05
0.00087888408
1.0415571e-05
0.00087895166
1.0715938e-05
0.00087901587
1.1012702e-05
0.000879077
1.1307754e-05
0.00087913531
1.1602716e-05
0.00087919106
1.1898875e-05
0.00087924449
1.2197269e-05
0.0008792958
1.2498797e-05
0.00087934518
1.2804255e-05
0.0008793928
1.3114347e-05
0.00087943882
1.3429705e-05
0.00087948339
1.3750914e-05
0.00087952664
1.4078497e-05
0.00087956868
1.4412941e-05
0.00087960963
1.475472e-05
0.00087964959
1.5104264e-05
0.00087968865
1.5461974e-05
0.0008797269
1.5828241e-05
0.0008797644
1.6203436e-05
0.00087980123
1.6587925e-05
0.00087983746
1.6982068e-05
0.00087987312
1.7386229e-05
0.00087990827
1.7800785e-05
0.00087994295
1.8226148e-05
0.00087997718
1.8662803e-05
0.00088001099
1.9111406e-05
0.0008800444
1.957283e-05
2.0048184e-05
0.00090269356
6.0281637e-06
-0.0009026321
0.00090276648
6.5125036e-06
0.00090284844
6.9888167e-06
0.00090293635
7.4471325e-06
0.00090302707
7.8814221e-06
0.00090311812
8.2902489e-06
0.0009032078
8.6752511e-06
0.00090329495
9.0390826e-06
0.00090337879
9.3845339e-06
0.0009034589
9.7147365e-06
0.00090353519
1.0033153e-05
0.00090360775
1.034301e-05
0.00090367677
1.0646921e-05
0.00090374246
1.094701e-05
0.00090380507
1.1245139e-05
0.00090386487
1.1542918e-05
0.0009039221
1.1841651e-05
0.00090397697
1.2142396e-05
0.00090402969
1.2446071e-05
0.00090408046
1.2753487e-05
0.00090412944
1.3065366e-05
0.0009041768
1.3382354e-05
0.00090422266
1.3705047e-05
0.00090426718
1.4033982e-05
0.00090431046
1.4369659e-05
0.00090435262
1.4712558e-05
0.00090439377
1.5063117e-05
0.00090443399
1.5421752e-05
0.00090447338
1.5788857e-05
0.000904512
1.6164813e-05
0.00090454993
1.6549994e-05
0.00090458723
1.6944766e-05
0.00090462396
1.7349501e-05
0.00090466016
1.7764585e-05
0.00090469587
1.8190437e-05
0.00090473112
1.8627554e-05
0.00090476594
1.9076588e-05
0.00090480036
1.9538409e-05
2.0014114e-05
0.00092811243
5.9675945e-06
-0.00092805186
0.00092818415
6.4407789e-06
0.00092826485
6.9081207e-06
0.00092835166
7.3603221e-06
0.00092844166
7.791421e-06
0.00092853243
8.199481e-06
0.00092862223
8.5854501e-06
0.00092870987
8.9514455e-06
0.00092879451
9.299891e-06
0.00092887567
9.6335753e-06
0.00092895319
9.9556384e-06
0.0009290271
1.0269098e-05
0.00092909755
1.0576474e-05
0.00092916471
1.0879843e-05
0.00092922882
1.1181028e-05
0.00092929012
1.1481623e-05
0.00092934883
1.178294e-05
0.00092940517
1.2086055e-05
0.00092945934
1.2391901e-05
0.00092951152
1.2701303e-05
0.00092956189
1.3014997e-05
0.0009296106
1.3333644e-05
0.0009296578
1.3657851e-05
0.00092970361
1.3988168e-05
0.00092974817
1.4325105e-05
0.00092979157
1.466915e-05
0.00092983394
1.5020753e-05
0.00092987536
1.5380335e-05
0.00092991591
1.5748301e-05
0.00092995568
1.612504e-05
0.00092999475
1.6510932e-05
0.00093003316
1.6906352e-05
0.00093007098
1.7311679e-05
0.00093010826
1.7727307e-05
0.00093014503
1.8153663e-05
0.00093018134
1.8591252e-05
0.0009302172
1.9040729e-05
0.00093025265
1.9502954e-05
1.9979015e-05
0.00095424696
5.9078852e-06
-0.00095418725
0.00095431752
6.3702133e-06
0.00095439697
6.8286733e-06
0.00095448268
7.2746099e-06
0.00095457192
7.7021812e-06
0.00095466235
8.1090596e-06
0.0009547522
8.4955917e-06
0.00095484026
8.8633884e-06
0.00095492564
9.2145105e-06
0.0009550078
9.5514167e-06
0.0009550865
9.8769341e-06
0.00095516174
1.0193863e-05
0.0009552336
1.0504614e-05
0.00095530224
1.0811206e-05
0.00095536785
1.1115419e-05
0.00095543065
1.1418821e-05
0.00095549086
1.1722728e-05
0.00095554869
1.2028227e-05
0.00095560433
1.2336264e-05
0.00095565795
1.2647676e-05
0.00095570974
1.2963212e-05
0.00095575984
1.3283547e-05
0.00095580839
1.3609296e-05
0.00095585554
1.3941023e-05
0.00095590139
1.4279247e-05
0.00095594608
1.4624465e-05
0.00095598969
1.4977136e-05
0.00095603234
1.5337691e-05
0.0009560741
1.5706541e-05
0.00095611505
1.6084085e-05
0.00095615528
1.6470708e-05
0.00095619484
1.6866795e-05
0.00095623378
1.7272731e-05
0.00095627217
1.7688918e-05
0.00095631004
1.8115793e-05
0.00095634743
1.8553866e-05
0.00095638436
1.9003795e-05
0.00095642088
1.9466434e-05
1.9942856e-05
0.00098111728
5.84901e-06
-0.0009810584
0.00098118672
6.3007731e-06
0.00098126494
6.7504505e-06
0.00098134955
7.1899982e-06
0.000981438
7.6137368e-06
0.00098152801
8.0190416e-06
0.00098161786
8.4057421e-06
0.00098170627
8.7749785e-06
0.00098179233
9.1284563e-06
0.00098187543
9.4683164e-06
0.00098195528
9.7970837e-06
0.00098203181
1.0117335e-05
0.00098210506
1.043136e-05
0.00098217516
1.0741109e-05
0.00098224226
1.1048311e-05
0.00098230658
1.1354505e-05
0.00098236831
1.1661e-05
0.00098242764
1.1968893e-05
0.00098248477
1.2279137e-05
0.00098253987
1.2592581e-05
0.00098259309
1.2909984e-05
0.00098264461
1.3232031e-05
0.00098269455
1.3559351e-05
0.00098274306
1.3892514e-05
0.00098279026
1.4232053e-05
0.00098283625
1.4578471e-05
0.00098288115
1.4932235e-05
0.00098292506
1.5293786e-05
0.00098296805
1.5663544e-05
0.00098301023
1.6041913e-05
0.00098305165
1.6429289e-05
0.00098309238
1.6826061e-05
0.00098313249
1.7232624e-05
0.00098317202
1.7649386e-05
0.00098321102
1.8076794e-05
0.00098324952
1.8515364e-05
0.00098328756
1.8965756e-05
0.00098332518
1.9428816e-05
1.9905605e-05
0.0010087441
5.7909439e-06
-0.001008686
0.0010088124
6.2324255e-06
0.0010088894
6.6734275e-06
0.001008973
7.1064865e-06
0.0010090606
7.5261177e-06
0.0010091501
7.9294806e-06
0.0010092399
8.3159662e-06
0.0010093286
8.686283e-06
0.0010094153
9.0417933e-06
0.0010094993
9.3843321e-06
0.0010095802
9.7161339e-06
0.001009658
1.003955e-05
0.0010097326
1.0356736e-05
0.0010098042
1.0669564e-05
0.0010098728
1.0979707e-05
0.0010099386
1.1288669e-05
0.0010100019
1.1597745e-05
0.0010100627
1.1908035e-05
0.0010101213
1.22205e-05
0.0010101779
1.2535993e-05
0.0010102326
1.2855284e-05
0.0010102856
1.317907e-05
0.001010337
1.3507984e-05
0.0010103869
1.3842611e-05
0.0010104354
1.418349e-05
0.0010104828
1.4531133e-05
0.001010529
1.4886016e-05
0.0010105742
1.5248587e-05
0.0010106185
1.5619275e-05
0.0010106619
1.5998492e-05
0.0010107045
1.638664e-05
0.0010107465
1.6784117e-05
0.0010107878
1.7191324e-05
0.0010108285
1.7608678e-05
0.0010108686
1.8036633e-05
0.0010109083
1.8475713e-05
0.0010109475
1.8926577e-05
0.0010109862
1.9390067e-05
1.9867228e-05
0.0010371487
5.7336621e-06
-0.0010370914
0.0010372159
6.165138e-06
0.0010372918
6.5975791e-06
0.0010373742
7.0240716e-06
0.001037461
7.4393497e-06
0.00103755
7.8404262e-06
0.0010376397
8.2263264e-06
0.0010377286
8.5973683e-06
0.0010378158
8.9545868e-06
0.0010379006
9.2995236e-06
0.0010379826
9.6341342e-06
0.0010380616
9.960545e-06
0.0010381376
1.0280767e-05
0.0010382106
1.0596586e-05
0.0010382806
1.0909614e-05
0.001038348
1.122131e-05
0.0010384128
1.1532953e-05
0.0010384752
1.184564e-05
0.0010385354
1.2160332e-05
0.0010385935
1.2477889e-05
0.0010386497
1.2799088e-05
0.0010387041
1.3124632e-05
0.0010387569
1.3455166e-05
0.0010388082
1.3791281e-05
0.0010388582
1.4133525e-05
0.0010389069
1.4482418e-05
0.0010389545
1.4838444e-05
0.001039001
1.520206e-05
0.0010390466
1.5573701e-05
0.0010390913
1.5953787e-05
0.0010391352
1.6342728e-05
0.0010391784
1.6740928e-05
0.0010392209
1.7148798e-05
0.0010392628
1.756676e-05
0.0010393042
1.7995276e-05
0.001039345
1.8434878e-05
0.0010393854
1.8886226e-05
0.0010394253
1.9350153e-05
1.9827693e-05
0.0010663529
5.6771404e-06
-0.0010662964
0.0010664192
6.0988789e-06
0.0010664939
6.5228798e-06
0.0010665752
6.9427482e-06
0.0010666611
7.3534547e-06
0.0010667496
7.7519245e-06
0.001066839
8.136883e-06
0.0010669281
8.5083005e-06
0.0010670158
8.8669028e-06
0.0010671014
9.213952e-06
0.0010671844
9.5511367e-06
0.0010672645
9.8803604e-06
0.0010673418
1.0203483e-05
0.0010674162
1.0522195e-05
0.0010674878
1.0838041e-05
0.0010675567
1.1152431e-05
0.001067623
1.1466618e-05
0.001067687
1.1781693e-05
0.0010677487
1.2098615e-05
0.0010678083
1.2418247e-05
0.001067866
1.2741369e-05
0.001067922
1.3068692e-05
0.0010679763
1.3400867e-05
0.0010680291
1.3738492e-05
0.0010680805
1.4082126e-05
0.0010681306
1.4432293e-05
0.0010681795
1.4789486e-05
0.0010682274
1.515417e-05
0.0010682743
1.5526786e-05
0.0010683204
1.5907763e-05
0.0010683656
1.6297517e-05
0.00106841
1.669646e-05
0.0010684538
1.7105009e-05
0.001068497
1.7523595e-05
0.0010685396
1.7952688e-05
0.0010685816
1.8392825e-05
0.0010686232
1.8844666e-05
0.0010686643
1.9309039e-05
1.9786963e-05
0.0010963794
5.6213548e-06
-0.0010963236
0.0010964446
6.0336171e-06
0.0010965182
6.4493035e-06
0.0010965984
6.8625086e-06
0.0010966834
7.2684509e-06
0.0010967714
7.6640174e-06
0.0010968605
8.0476936e-06
0.0010969497
8.419144e-06
0.0010970378
8.7788073e-06
0.0010971241
9.1276798e-06
0.001097208
9.4671958e-06
0.0010972893
9.7990404e-06
0.0010973679
1.0124917e-05
0.0010974437
1.0446413e-05
0.0010975167
1.0764999e-05
0.0010975871
1.1082033e-05
0.001097655
1.1398735e-05
0.0010977205
1.1716184e-05
0.0010977838
1.2035334e-05
0.001097845
1.2357045e-05
0.0010979043
1.2682103e-05
0.0010979617
1.3011221e-05
0.0010980175
1.3345057e-05
0.0010980718
1.3684215e-05
0.0010981247
1.402926e-05
0.0010981762
1.4380725e-05
0.0010982266
1.4739108e-05
0.0010982759
1.5104881e-05
0.0010983242
1.5478495e-05
0.0010983716
1.5860383e-05
0.0010984181
1.6250971e-05
0.0010984639
1.6650676e-05
0.001098509
1.7059922e-05
0.0010985534
1.747915e-05
0.0010985973
1.7908834e-05
0.0010986406
1.8349518e-05
0.0010986834
1.8801863e-05
0.0010987258
1.926669e-05
1.9745003e-05
0.0011272511
5.566282e-06
-0.001127196
0.0011273154
5.9693218e-06
0.0011273879
6.3768242e-06
0.0011274671
6.7833433e-06
0.0011275512
7.184353e-06
0.0011276384
7.5767431e-06
0.0011277273
7.9588127e-06
0.0011278165
8.3299622e-06
0.0011279049
8.690366e-06
0.0011279918
9.0407704e-06
0.0011280767
9.3823683e-06
0.0011281591
9.7166319e-06
0.0011282389
1.0045104e-05
0.001128316
1.0369266e-05
0.0011283905
1.0690505e-05
0.0011284624
1.1010122e-05
0.0011285319
1.1329303e-05
0.001128599
1.1649104e-05
0.0011286638
1.1970473e-05
0.0011287266
1.2294266e-05
0.0011287874
1.2621268e-05
0.0011288465
1.2952194e-05
0.0011289038
1.3287707e-05
0.0011289596
1.3628417e-05
0.001129014
1.3974895e-05
0.001129067
1.4327679e-05
0.0011291188
1.4687274e-05
0.0011291696
1.5054159e-05
0.0011292193
1.5428792e-05
0.001129268
1.5811613e-05
0.001129316
1.6203054e-05
0.0011293631
1.660354e-05
0.0011294095
1.7013502e-05
0.0011294553
1.7433386e-05
0.0011295004
1.7863675e-05
0.001129545
1.8304919e-05
0.0011295891
1.8757779e-05
0.0011296327
1.9223068e-05
1.9701776e-05
0.001158992
5.5118989e-06
-0.0011589376
0.0011590553
5.9059632e-06
0.0011591267
6.3054152e-06
0.0011592048
6.7052411e-06
0.001159288
7.1011723e-06
0.0011593746
7.490136e-06
0.0011594632
7.870292e-06
0.0011595523
8.2408165e-06
0.001159641
8.6016444e-06
0.0011597285
8.953288e-06
0.0011598142
9.2967125e-06
0.0011598976
9.6331843e-06
0.0011599786
9.9640855e-06
0.0011600571
1.0290781e-05
0.001160133
1.0614577e-05
0.0011602065
1.0936709e-05
0.0011602774
1.1258321e-05
0.0011603461
1.1580448e-05
0.0011604125
1.1904021e-05
0.0011604769
1.2229892e-05
0.0011605393
1.2558841e-05
0.0011606
1.2891585e-05
0.0011606589
1.322879e-05
0.0011607162
1.3571069e-05
0.0011607721
1.3918998e-05
0.0011608267
1.4273122e-05
0.00116088
1.463395e-05
0.0011609322
1.5001969e-05
0.0011609833
1.5377641e-05
0.0011610335
1.5761416e-05
0.0011610829
1.6153729e-05
0.0011611314
1.6555014e-05
0.0011611792
1.6965709e-05
0.0011612263
1.7386266e-05
0.0011612728
1.7817176e-05
0.0011613187
1.8258992e-05
0.0011613641
1.8712376e-05
0.0011614091
1.9178135e-05
1.9657245e-05
0.0011916264
5.4581828e-06
-0.0011915727
0.0011916888
5.8435116e-06
0.0011917592
6.2350501e-06
0.0011918363
6.6281889e-06
0.0011919185
7.0189172e-06
0.0011920044
7.4042268e-06
0.0011920925
7.78218e-06
0.0011921816
8.1517663e-06
0.0011922705
8.5127068e-06
0.0011923585
8.8652972e-06
0.0011924449
9.2102886e-06
0.0011925294
9.5487495e-06
0.0011926116
9.8819018e-06
0.0011926913
1.0210992e-05
0.0011927687
1.0537237e-05
0.0011928436
1.0861806e-05
0.0011929161
1.1185795e-05
0.0011929863
1.151021e-05
0.0011930544
1.1835967e-05
0.0011931204
1.2163906e-05
0.0011931844
1.2494802e-05
0.0011932466
1.2829371e-05
0.0011933072
1.3168278e-05
0.0011933661
1.3512141e-05
0.0011934235
1.3861539e-05
0.0011934796
1.421702e-05
0.0011935345
1.4579102e-05
0.0011935882
1.4948274e-05
0.0011936408
1.5325007e-05
0.0011936925
1.5709754e-05
0.0011937433
1.6102959e-05
0.0011937932
1.6505062e-05
0.0011938424
1.6916507e-05
0.0011938909
1.7337753e-05
0.0011939388
1.7769298e-05
0.0011939861
1.8211699e-05
0.0011940329
1.8665617e-05
0.0011940791
1.9131854e-05
1.9611369e-05
0.0012251795
5.4051115e-06
-0.0012251264
0.0012252411
5.7819381e-06
0.0012253104
6.1657021e-06
0.0012253865
6.5521724e-06
0.0012254678
6.937593e-06
0.001225553
7.3190422e-06
0.0012256406
7.6945215e-06
0.0012257295
8.0628687e-06
0.0012258186
8.4236167e-06
0.001225907
8.7768628e-06
0.0012259942
9.1231578e-06
0.0012260795
9.4633819e-06
0.0012261628
9.7985987e-06
0.0012262439
1.0129933e-05
0.0012263226
1.0458511e-05
0.001226399
1.0785428e-05
0.0012264731
1.1111731e-05
0.0012265449
1.1438392e-05
0.0012266146
1.1766304e-05
0.0012266822
1.2096296e-05
0.0012267478
1.2429133e-05
0.0012268117
1.2765528e-05
0.0012268738
1.3106145e-05
0.0012269343
1.3451603e-05
0.0012269934
1.3802485e-05
0.0012270511
1.4159342e-05
0.0012271075
1.4522695e-05
0.0012271627
1.4893039e-05
0.0012272169
1.5270851e-05
0.00122727
1.565659e-05
0.0012273223
1.6050706e-05
0.0012273737
1.6453645e-05
0.0012274244
1.6865857e-05
0.0012274743
1.7287808e-05
0.0012275236
1.7720001e-05
0.0012275723
1.8162998e-05
0.0012276205
1.8617461e-05
0.0012276681
1.9084184e-05
1.9564111e-05
0.0012596772
5.3526629e-06
-0.0012596247
0.0012597379
5.7212142e-06
0.0012598063
6.0973444e-06
0.0012598813
6.4771759e-06
0.0012599617
6.8572024e-06
0.0012600461
7.2346059e-06
0.0012601333
7.6073584e-06
0.0012602219
7.9741785e-06
0.0012603111
8.3344361e-06
0.0012603999
8.688049e-06
0.0012604877
9.0353823e-06
0.001260574
9.3771377e-06
0.0012606583
9.7142239e-06
0.0012607406
1.0047644e-05
0.0012608207
1.0378426e-05
0.0012608985
1.0707594e-05
0.0012609741
1.1036139e-05
0.0012610475
1.1364993e-05
0.0012611188
1.1695027e-05
0.0012611881
1.202705e-05
0.0012612554
1.2361817e-05
0.0012613209
1.2700036e-05
0.0012613846
1.3042367e-05
0.0012614468
1.3389429e-05
0.0012615075
1.3741807e-05
0.0012615668
1.4100054e-05
0.0012616248
1.4464694e-05
0.0012616816
1.4836229e-05
0.0012617373
1.5215138e-05
0.001261792
1.5601887e-05
0.0012618458
1.5996932e-05
0.0012618987
1.6400724e-05
0.0012619508
1.6813719e-05
0.0012620023
1.723639e-05
0.001262053
1.7669246e-05
0.0012621032
1.8112852e-05
0.0012621528
1.8567869e-05
0.0012622019
1.9035084e-05
1.9515429e-05
0.001295146
5.3008155e-06
-0.0012950942
0.0012952059
5.6613121e-06
0.0012952733
6.0299505e-06
0.0012953473
6.4031827e-06
0.0012954268
6.7777454e-06
0.0012955104
7.1509379e-06
0.0012955971
7.5207288e-06
0.0012956855
7.8857473e-06
0.0012957747
8.2452255e-06
0.0012958638
8.59892e-06
0.0012959522
8.9470252e-06
0.0012960393
9.2900749e-06
0.0012961247
9.6288278e-06
0.0012962081
9.9641639e-06
0.0012962895
1.0297015e-05
0.0012963688
1.0628328e-05
0.0012964459
1.0959032e-05
0.0012965209
1.129002e-05
0.0012965938
1.1622132e-05
0.0012966647
1.1956158e-05
0.0012967337
1.229284e-05
0.0012968008
1.2632875e-05
0.0012968663
1.2976919e-05
0.0012969301
1.3325591e-05
0.0012969924
1.3679474e-05
0.0012970534
1.4039123e-05
0.001297113
1.4405066e-05
0.0012971714
1.4777807e-05
0.0012972287
1.515783e-05
0.001297285
1.5545607e-05
0.0012973403
1.5941597e-05
0.0012973948
1.6346259e-05
0.0012974485
1.6760054e-05
0.0012975014
1.718346e-05
0.0012975537
1.7616992e-05
0.0012976053
1.8061218e-05
0.0012976564
1.8516799e-05
0.0012977069
1.8984514e-05
1.946528e-05
0.0013316133
5.2495481e-06
-0.001331562
0.0013316724
5.6022041e-06
0.0013317389
5.9634934e-06
0.0013318119
6.3301747e-06
0.0013318904
6.6992198e-06
0.0013319733
7.0680547e-06
0.0013320593
7.4346674e-06
0.0013321475
7.7976244e-06
0.0013322366
8.1560434e-06
0.001332326
8.5095388e-06
0.0013324149
8.8581497e-06
0.0013325027
9.2022528e-06
0.0013325891
9.542463e-06
0.0013326737
9.8795386e-06
0.0013327564
1.0214313e-05
0.0013328371
1.0547653e-05
0.0013329157
1.0880427e-05
0.0013329922
1.1213481e-05
0.0013330667
1.1547621e-05
0.0013331393
1.1883615e-05
0.0013332099
1.2222189e-05
0.0013332788
1.2564027e-05
0.0013333459
1.2909781e-05
0.0013334115
1.3260064e-05
0.0013334755
1.3615458e-05
0.0013335381
1.3976519e-05
0.0013335994
1.4343777e-05
0.0013336594
1.4717738e-05
0.0013337184
1.5098891e-05
0.0013337763
1.5487711e-05
0.0013338332
1.5884664e-05
0.0013338892
1.6290211e-05
0.0013339445
1.6704821e-05
0.001333999
1.7128977e-05
0.0013340528
1.7563197e-05
0.0013341059
1.8008055e-05
0.0013341585
1.8464209e-05
0.0013342106
1.8932431e-05
1.9413624e-05
0.0013691071
5.1988397e-06
-0.0013690564
0.0013691655
5.5438635e-06
0.001369231
5.8979466e-06
0.0013693031
6.2581331e-06
0.0013693807
6.6216212e-06
0.0013694628
6.9859699e-06
0.0013695482
7.3492057e-06
0.001369636
7.7098558e-06
0.0013697251
8.066946e-06
0.0013698147
8.4199676e-06
0.001369904
8.7688191e-06
0.0013699925
9.113732e-06
0.0013700798
9.455184e-06
0.0013701655
9.7938146e-06
0.0013702495
1.0130358e-05
0.0013703315
1.04656e-05
0.0013704116
1.0800344e-05
0.0013704897
1.1135385e-05
0.0013705658
1.1471496e-05
0.00137064
1.1809417e-05
0.0013707124
1.2149853e-05
0.0013707829
1.2493478e-05
0.0013708518
1.2840931e-05
0.001370919
1.3192822e-05
0.0013709847
1.3549731e-05
0.001371049
1.3912211e-05
0.001371112
1.4280794e-05
0.0013711738
1.4655988e-05
0.0013712344
1.5038284e-05
0.0013712939
1.5428162e-05
0.0013713525
1.5826092e-05
0.0013714102
1.623254e-05
0.001371467
1.6647979e-05
0.0013715231
1.7072898e-05
0.0013715785
1.750782e-05
0.0013716332
1.795332e-05
0.0013716874
1.8410056e-05
0.001371741
1.8878792e-05
1.9360416e-05
0.0014076564
5.1486696e-06
-0.0014076063
0.001407714
5.4862636e-06
0.0014077787
5.8332834e-06
0.0014078498
6.1870383e-06
0.0014079265
6.5449431e-06
0.0014080077
6.9046942e-06
0.0014080926
7.2643716e-06
0.0014081799
7.6224843e-06
0.0014082689
7.9779875e-06
0.0014083586
8.3302671e-06
0.0014084483
8.6790965e-06
0.0014085375
9.0245738e-06
0.0014086256
9.3670475e-06
0.0014087124
9.7070412e-06
0.0014087976
1.0045191e-05
0.001408881
1.03822e-05
0.0014089625
1.0718805e-05
0.0014090421
1.1055749e-05
0.0014091199
1.1393764e-05
0.0014091957
1.1733562e-05
0.0014092697
1.2075826e-05
0.001409342
1.2421212e-05
0.0014094126
1.2770351e-05
0.0014094816
1.3123844e-05
0.001409549
1.3482266e-05
0.0014096151
1.3846169e-05
0.0014096798
1.4216084e-05
0.0014097433
1.4592521e-05
0.0014098056
1.4975973e-05
0.0014098668
1.5366922e-05
0.0014099271
1.5765843e-05
0.0014099864
1.6173205e-05
0.0014100449
1.6589487e-05
0.0014101026
1.7015183e-05
0.0014101596
1.7450818e-05
0.001410216
1.7896971e-05
0.0014102717
1.8354296e-05
0.001410327
1.8823552e-05
1.9305612e-05
0.0014472908
5.0990174e-06
-0.0014472412
0.0014473477
5.4293782e-06
0.0014474115
5.7694773e-06
0.0014474817
6.1168699e-06
0.0014475575
6.4691773e-06
0.0014476379
6.8242352e-06
0.0014477221
7.1801897e-06
0.001447809
7.5355498e-06
0.0014478978
7.8892191e-06
0.0014479876
8.2404963e-06
0.0014480776
8.5890443e-06
0.0014481674
8.9348401e-06
0.0014482563
9.2781112e-06
0.0014483441
9.6192701e-06
0.0014484304
9.9588555e-06
0.0014485151
1.0297488e-05
0.0014485981
1.0635837e-05
0.0014486792
1.0974589e-05
0.0014487586
1.1314434e-05
0.0014488361
1.1656052e-05
0.0014489118
1.2000101e-05
0.0014489858
1.234722e-05
0.0014490581
1.2698024e-05
0.0014491289
1.3053107e-05
0.0014491981
1.3413037e-05
0.0014492659
1.3778365e-05
0.0014493324
1.4149616e-05
0.0014493976
1.4527303e-05
0.0014494616
1.491192e-05
0.0014495246
1.5303952e-05
0.0014495866
1.5703876e-05
0.0014496476
1.6112166e-05
0.0014497078
1.6529304e-05
0.0014497672
1.6955788e-05
0.0014498259
1.7392147e-05
0.0014498839
1.7838962e-05
0.0014499413
1.8296885e-05
0.0014499982
1.8766666e-05
1.9249165e-05
0.0014880409
5.0498623e-06
-0.0014879918
0.0014880971
5.373182e-06
0.0014881601
5.706502e-06
0.0014882294
6.0476069e-06
0.0014883042
6.3943139e-06
0.0014883839
6.7445982e-06
0.0014884674
7.0966816e-06
0.0014885539
7.4490889e-06
0.0014886424
7.8006899e-06
0.0014887322
8.1507124e-06
0.0014888225
8.4987241e-06
0.0014889127
8.844593e-06
0.0014890024
9.1884345e-06
0.0014890911
9.530555e-06
0.0014891786
9.8713984e-06
0.0014892646
1.0211503e-05
0.0014893489
1.0551469e-05
0.0014894316
1.0891925e-05
0.0014895125
1.1233518e-05
0.0014895917
1.1576891e-05
0.0014896691
1.1922677e-05
0.0014897448
1.2271491e-05
0.0014898189
1.2623936e-05
0.0014898914
1.2980592e-05
0.0014899624
1.3342022e-05
0.001490032
1.370877e-05
0.0014901003
1.4081359e-05
0.0014901673
1.4460301e-05
0.0014902331
1.4846091e-05
0.0014902979
1.5239215e-05
0.0014903616
1.5640153e-05
0.0014904244
1.6049381e-05
0.0014904863
1.6467387e-05
0.0014905474
1.689467e-05
0.0014906078
1.7331764e-05
0.0014906675
1.7779249e-05
0.0014907266
1.8237777e-05
0.0014907852
1.8708089e-05
1.9191031e-05
0.0015299381
5.0011839e-06
-0.0015298894
0.0015299936
5.3176492e-06
0.0015300558
5.6443312e-06
0.0015301242
5.9792276e-06
0.0015301981
6.3203413e-06
0.001530277
6.6657855e-06
0.0015303598
7.0138653e-06
0.0015304457
7.3631346e-06
0.001530534
7.7124453e-06
0.0015306237
8.0609703e-06
0.0015307142
8.4081963e-06
0.0015308049
8.7538944e-06
0.0015308953
9.0980774e-06
0.0015309849
9.4409512e-06
0.0015310734
9.7828684e-06
0.0015311607
1.0124286e-05
0.0015312464
1.0465734e-05
0.0015313305
1.0807783e-05
0.001531413
1.1151032e-05
0.0015314938
1.1496089e-05
0.0015315729
1.1843554e-05
0.0015316504
1.2194021e-05
0.0015317263
1.2548074e-05
0.0015318006
1.2906283e-05
0.0015318734
1.3269198e-05
0.0015319448
1.3637358e-05
0.0015320149
1.4011283e-05
0.0015320837
1.4391482e-05
0.0015321514
1.477845e-05
0.0015322179
1.5172673e-05
0.0015322834
1.5574633e-05
0.001532348
1.598481e-05
0.0015324117
1.6403694e-05
0.0015324746
1.6831786e-05
0.0015325367
1.7269624e-05
0.0015325982
1.7717788e-05
0.001532659
1.8176926e-05
0.0015327193
1.8647774e-05
1.9131161e-05
0.0015730146
4.9529617e-06
-0.0015729664
0.0015730695
5.2627558e-06
0.0015731309
5.5829392e-06
0.0015731984
5.9117105e-06
0.0015732715
6.2472469e-06
0.0015733495
6.5877975e-06
0.0015734316
6.9317563e-06
0.001573517
7.2777172e-06
0.0015736049
7.6245287e-06
0.0015736946
7.9713229e-06
0.0015737852
8.31752e-06
0.0015738763
8.6628059e-06
0.0015739673
9.0071005e-06
0.0015740577
9.3505159e-06
0.0015741473
9.6933167e-06
0.0015742357
1.0035881e-05
0.0015743228
1.0378668e-05
0.0015744083
0.0015744924
0.0015745748
0.0015746556
0.0015747349
0.0015748125
0.0015748886
0.0015749633
0.0015750365
0.0015751084
0.0015751791
0.0015752486
0.001575317
0.0015753843
0.0015754507
0.0015755163
0.0015755809
0.0015756449
0.0015757081
0.0015757708
0.0015758329
0.0016173036
-0.0016172558
0.0016173579
0.0016174185
0.0016174852
0.0016175574
0.0016176346
0.001617716
0.0016178008
0.0016178884
0.0016179779
0.0016180686
0.0016181601
0.0016182516
0.0016183428
0.0016184333
0.0016185229
0.00070402332
7.5174752e-07
0.00070399877
9.421028e-07
0.00070395248
1.7216632e-06
0.000703892
2.2362259e-06
0.00070382077
2.6620012e-06
0.00070374012
3.0569105e-06
0.00070365111
3.4330094e-06
0.00070355488
3.8028116e-06
0.00070345285
4.1769602e-06
0.00070334708
4.5597514e-06
0.00070324067
4.9483793e-06
0.00070313815
5.3317012e-06
0.00070304551
5.6877883e-06
0.00070296958
5.9838274e-06
0.00070291663
6.1800691e-06
0.00070289036
6.2396643e-06
0.00070289047
6.1413011e-06
0.00070291258
5.8882599e-06
0.0007029498
5.507718e-06
5.0433131e-06
0.00072382918
7.7510339e-07
0.00072380382
9.6746276e-07
0.00072375632
1.7691691e-06
0.00072369429
2.2982566e-06
0.00072362126
2.7350305e-06
0.00072353865
3.1395164e-06
0.00072344762
3.5240409e-06
0.0007233494
3.9010283e-06
0.00072324555
4.2808118e-06
0.0007231383
4.666999e-06
0.00072303099
5.0556941e-06
0.00072292836
5.4343337e-06
0.00072283652
5.7796278e-06
0.00072276226
6.0580892e-06
0.0007227115
6.2308227e-06
0.00072268745
6.2637169e-06
0.00072268927
6.1394784e-06
0.0007227123
5.8652315e-06
0.00072274965
5.4703683e-06
4.9985423e-06
0.00074419223
7.9899451e-07
0.00074416602
9.9367598e-07
0.00074411727
1.8179143e-06
0.00074405365
2.3618731e-06
0.00074397879
2.8098913e-06
0.00074389421
3.2241004e-06
0.00074380114
3.6171121e-06
0.00074370093
4.0012393e-06
0.00074359527
4.3864656e-06
0.00074348661
4.7756665e-06
0.00074337848
5.1638241e-06
0.00074327584
5.5369672e-06
0.00074318493
5.8705421e-06
0.00074311242
6.1305937e-06
0.00074306391
6.2793348e-06
0.00074304206
6.2855671e-06
0.00074304555
6.135988e-06
0.00074306945
5.8413312e-06
0.00074310691
5.4329107e-06
4.9542046e-06
0.00076512815
8.2342062e-07
0.00076510105
1.0207819e-06
0.00076505104
1.8679264e-06
0.0007649858
2.4271063e-06
0.00076490908
2.8866168e-06
0.00076482249
3.3106906e-06
0.00076472736
3.71224e-06
0.00076462515
4.1034437e-06
0.00076451773
4.493895e-06
0.0007644077
4.8856949e-06
0.00076429885
5.2726758e-06
0.00076419633
5.6394832e-06
0.00076410646
5.9604108e-06
0.0007640358
6.2012499e-06
0.00076398957
6.3255687e-06
0.0007639699
6.3052333e-06
0.00076397501
6.1308784e-06
0.00076399974
5.8166045e-06
0.00076403728
5.3953675e-06
4.9102977e-06
0.00078665306
8.4838031e-07
0.00078662502
1.0488224e-06
0.00078657371
1.9192327e-06
0.00078650683
2.4939868e-06
0.00078642821
2.9652395e-06
0.00078633959
3.3993133e-06
0.00078624239
3.8094388e-06
0.0007861382
4.2076369e-06
0.00078602902
4.6030683e-06
0.0007859177
4.9970191e-06
0.00078580822
5.3821505e-06
0.00078570595
5.74176e-06
0.00078561724
6.0491138e-06
0.00078554852
6.269971e-06
0.0007855046
6.369493e-06
0.00078548709
6.3227374e-06
0.00078549377
6.1241984e-06
0.00078551928
5.7910956e-06
0.00078555689
5.3577596e-06
4.8668186e-06
0.00080878355
8.7387082e-07
0.00080875453
1.0778417e-06
0.0008087019
1.9718608e-06
0.00080863334
2.562545e-06
0.00080855279
3.0457915e-06
0.00080846211
3.4899939e-06
0.00080836283
3.9087203e-06
0.00080825666
4.3138102e-06
0.00080814578
4.7139486e-06
0.00080803323
5.1095681e-06
0.00080792323
5.492144e-06
0.00080782132
5.8436727e-06
0.0008077339
6.1365318e-06
0.0008076672
6.3366743e-06
0.00080762561
6.4110819e-06
0.00080761024
6.338105e-06
0.00080761844
6.1159975e-06
0.00080764469
5.7648471e-06
0.00080768235
5.3201062e-06
4.8237635e-06
0.00083153661
8.9988794e-07
0.00083150657
1.1078872e-06
0.00083145259
2.025838e-06
0.00083138232
2.6328111e-06
0.00083129981
3.1283041e-06
0.00083120705
3.5827555e-06
0.00083110568
4.0100935e-06
0.00083099754
4.4219508e-06
0.00083088499
4.8264935e-06
0.00083077129
5.2232645e-06
0.00083066089
5.6025464e-06
0.00083055947
5.945094e-06
0.00083047346
6.2225471e-06
0.00083040885
6.4012821e-06
0.00083036962
6.4503147e-06
0.00083035636
6.3513648e-06
0.00083036603
6.1063254e-06
0.00083039297
5.7379003e-06
0.00083043066
5.282425e-06
4.7811281e-06
0.00085492981
9.2642583e-07
0.00085489869
1.1390089e-06
0.00085484334
2.0811912e-06
0.00085477133
2.7048146e-06
0.00085468683
3.2128077e-06
0.00085459197
3.6776196e-06
0.0008544885
4.1135641e-06
0.0008543784
4.5320414e-06
0.00085426424
4.9406548e-06
0.00085414948
5.3380251e-06
0.00085403879
5.7132432e-06
0.00085393799
6.0458943e-06
0.00085385349
6.3070435e-06
0.00085379105
6.4637213e-06
0.00085375419
6.4871762e-06
0.00085374301
6.3625485e-06
0.0008537541
6.0952318e-06
0.0008537817
5.7102948e-06
0.0008538194
5.2447322e-06
4.7389074e-06
0.00087898112
9.5347688e-07
0.00087894887
1.1712604e-06
0.00087889211
2.137947e-06
0.00087881834
2.7785847e-06
0.00087873182
3.2993316e-06
0.00087863483
3.7746057e-06
0.00087852926
4.2191343e-06
0.00087841724
4.6440597e-06
0.00087830152
5.0563783e-06
0.00087818578
5.45376e-06
0.00087807491
5.8241147e-06
0.00087797487
6.1459421e-06
0.000877892
6.3899074e-06
0.0008778318
6.5239243e-06
0.00087779732
6.5216563e-06
0.00087778818
6.3716906e-06
0.00087780064
6.0827663e-06
0.00087782887
5.6820686e-06
0.00087786656
5.2070428e-06
4.697096e-06
0.00090370908
9.8103147e-07
0.00090367564
1.2046988e-06
0.00090361745
2.1961315e-06
0.00090354189
2.85415e-06
0.00090345331
3.3879042e-06
0.00090335419
3.8737306e-06
0.00090324652
4.3268028e-06
0.0009031326
4.7579783e-06
0.00090301538
5.1736036e-06
0.00090289876
5.5703733e-06
0.00090278784
5.9350364e-06
0.00090268868
6.245105e-06
0.00090260756
6.4710277e-06
0.00090254965
6.5818287e-06
0.00090251756
6.55375e-06
0.00090251042
6.378828e-06
0.00090252421
6.0689781e-06
0.00090255302
5.6532582e-06
0.0009025907
5.1693702e-06
4.6556879e-06
0.0009291327
1.0090778e-06
0.00092909802
1.2393852e-06
0.00092903838
2.2557696e-06
0.00092896099
2.9315383e-06
0.00092887034
3.4785523e-06
0.00092876906
3.9750088e-06
0.0009286593
4.4365641e-06
0.00092854352
4.8737646e-06
0.00092842486
5.2922638e-06
0.00092830747
5.6877628e-06
0.00092819662
6.0458797e-06
0.00092809848
6.3432495e-06
0.00092801921
6.5502966e-06
0.00092796366
6.6373775e-06
0.00092793395
6.5834572e-06
0.00092792878
6.3839995e-06
0.00092794385
6.0539158e-06
0.00092797321
5.6238983e-06
0.00092801085
5.1317266e-06
4.6146766e-06
0.0009552716
1.0376016e-06
0.0009552356
1.2753848e-06
0.00095517448
2.3168856e-06
0.00095509524
3.0107767e-06
0.00095500249
3.5713013e-06
0.00095489905
4.0784517e-06
0.00095478721
4.5484086e-06
0.00095466959
4.9913802e-06
0.00095454957
5.4122857e-06
0.00095443151
5.8058198e-06
0.00095432088
6.1565117e-06
0.00095422389
6.4402418e-06
0.00095414657
6.6276099e-06
0.00095409343
6.6905195e-06
0.00095406611
6.6107823e-06
0.00095406286
6.3872461e-06
0.00095407915
6.0376276e-06
0.00095410902
5.594022e-06
0.00095414663
5.094123e-06
4.5740553e-06
0.00098214587
1.066586e-06
0.00098210848
1.3127679e-06
0.00098204587
2.3795021e-06
0.00098196475
3.0918915e-06
0.00098186988
3.6661747e-06
0.00098176426
4.1840676e-06
0.00098165035
4.6623219e-06
0.00098153095
5.1107806e-06
0.00098140964
5.533589e-06
0.00098129103
5.9244298e-06
0.00098118075
6.2667959e-06
0.00098108504
6.5359486e-06
0.00098100979
6.7028675e-06
0.0009809591
6.7412091e-06
0.00098093414
6.6357344e-06
0.00098093278
6.3886102e-06
0.00098095025
6.0201605e-06
0.00098098061
5.5636606e-06
0.00098101816
5.056569e-06
4.5338167e-06
0.0010097762
1.0960111e-06
0.0010097373
1.3516097e-06
0.0010096732
2.4436404e-06
0.0010095902
3.1749079e-06
0.0010094932
3.7631945e-06
0.0010093854
4.2918615e-06
0.0010092694
4.7782848e-06
0.0010091483
5.2319153e-06
0.0010090258
5.6560869e-06
0.0010089067
6.0434721e-06
0.0010087969
6.3765924e-06
0.0010087027
6.6302369e-06
0.0010086295
6.7759734e-06
0.0010085813
6.7894064e-06
0.0010085588
6.6583267e-06
0.0010085592
6.3881355e-06
0.0010085778
6.0015607e-06
0.0010086086
5.5328439e-06
0.0010086461
5.0190732e-06
4.4939534e-06
0.0010381838
1.1258539e-06
0.0010381435
1.3919914e-06
0.0010380778
2.5093193e-06
0.0010379928
3.2598503e-06
0.0010378937
3.8623801e-06
0.0010377837
4.4018345e-06
0.0010376657
4.896273e-06
0.0010375429
5.3547272e-06
0.0010374193
5.7796854e-06
0.0010372999
6.1628202e-06
0.0010371908
6.4857586e-06
0.001037098
6.7229753e-06
0.0010370272
6.8468366e-06
0.0010369815
6.8350773e-06
0.0010369613
6.6785764e-06
0.0010369635
6.3858669e-06
0.0010369832
5.9818734e-06
0.0010370145
5.5016e-06
0.0010370519
4.9816431e-06
4.4544573e-06
0.0010673907
1.1560877e-06
0.0010673487
1.4340002e-06
0.0010672815
2.5765554e-06
0.0010671946
3.3467419e-06
0.0010670932
3.963749e-06
0.0010669811
4.5139836e-06
0.0010668611
5.0162565e-06
0.0010667367
5.4791525e-06
0.0010666121
5.9042835e-06
0.0010664925
6.2823418e-06
0.0010663841
6.5941493e-06
0.0010662931
6.8140341e-06
0.0010662245
6.915371e-06
0.0010661814
6.8781933e-06
0.0010661635
6.6965046e-06
0.0010661675
6.38185e-06
0.0010661883
5.9611424e-06
0.0010662199
5.4699553e-06
0.0010662573
4.944285e-06
4.4153204e-06
0.0010974193
1.186682e-06
0.0010973756
1.4777306e-06
0.0010973068
2.6453623e-06
0.0010972179
3.4356047e-06
0.0010971143
4.0673157e-06
0.001097
4.6283017e-06
0.0010968781
5.1381994e-06
0.0010967521
5.6051204e-06
0.0010966266
6.0297733e-06
0.0010965071
6.4018995e-06
0.0010963996
6.7016175e-06
0.0010963103
6.9032858e-06
0.0010962442
6.9814958e-06
0.0010962037
6.9187317e-06
0.001096188
6.7121355e-06
0.0010961938
6.376131e-06
0.0010962155
5.9394102e-06
0.0010962475
5.4379346e-06
0.0010962848
4.9070045e-06
4.3765342e-06
0.0011282927
1.2176021e-06
0.0011282471
1.5232846e-06
0.0011281767
2.7157497e-06
0.0011280859
3.5264597e-06
0.0011279801
4.173092e-06
0.0011278636
4.7447764e-06
0.0011277398
5.2620598e-06
0.0011276123
5.7325528e-06
0.0011274861
6.1560398e-06
0.0011273666
6.5213505e-06
0.0011272602
6.8080147e-06
0.0011271729
6.9906056e-06
0.0011271093
7.0451358e-06
0.0011270713
6.956675e-06
0.001127058
6.7254969e-06
0.0011270653
6.3687565e-06
0.001127088
5.9167183e-06
0.0011271204
5.4055613e-06
0.0011271576
4.869806e-06
4.33809e-06
0.0011600347
1.2488085e-06
0.0011599872
1.5707729e-06
0.0011599152
2.7877232e-06
0.0011598223
3.6193268e-06
0.0011597143
4.2810867e-06
0.0011595957
4.8633908e-06
0.00115947
5.3877892e-06
0.0011593412
5.8613644e-06
0.0011592143
6.2829608e-06
0.0011590951
6.6405476e-06
0.0011589899
6.9131916e-06
0.0011589046
7.0758723e-06
0.0011588435
7.1062215e-06
0.0011588082
6.9920113e-06
0.0011587971
6.7366191e-06
0.0011588061
6.359773e-06
0.0011588297
5.8931063e-06
0.0011588624
5.372857e-06
0.0011588995
4.8326931e-06
4.2999792e-06
0.0011926696
1.2802568e-06
0.0011926201
1.6203154e-06
0.0011925465
2.8612829e-06
0.0011924516
3.7142249e-06
0.0011923414
4.3913049e-06
0.0011922207
4.9841221e-06
0.0011920931
5.5153323e-06
0.0011919631
5.9914623e-06
0.0011918356
6.4104075e-06
0.0011917168
6.7593388e-06
0.001191613
7.0169985e-06
0.0011915299
7.1589682e-06
0.0011914714
7.1646891e-06
0.0011914387
7.0247339e-06
0.0011914298
6.7455352e-06
0.0011914403
6.3492271e-06
0.0011914648
5.8686126e-06
0.0011914979
5.3398419e-06
0.0011915349
4.7956685e-06
4.2621925e-06
0.0012262228
1.311897e-06
0.0012261711
1.6720425e-06
0.0012260959
2.9364229e-06
0.001225999
3.8111718e-06
0.0012258865
4.5037478e-06
0.0012257637
5.1069419e-06
0.0012256344
5.6446269e-06
0.0012255031
6.1227459e-06
0.0012253753
6.5382441e-06
0.0012252571
6.8775685e-06
0.0012251548
7.1192861e-06
0.001225074
7.2397797e-06
0.0012250182
7.2204811e-06
0.0012249881
7.054841e-06
0.0012249813
6.7522806e-06
0.0012249934
6.3371652e-06
0.0012250187
5.8432741e-06
0.001225052
5.3065347e-06
0.001225089
4.7587343e-06
4.2247209e-06
0.0012607199
1.3436735e-06
0.0012606659
1.7260963e-06
0.0012605892
3.0131297e-06
0.0012604901
3.9101849e-06
0.0012603755
4.6184126e-06
0.0012602506
5.2318153e-06
0.0012601196
5.7756032e-06
0.0012599873
6.2551068e-06
0.0012598592
6.6663281e-06
0.0012597417
6.9950775e-06
0.0012596411
7.2199058e-06
0.0012595626
7.318198e-06
0.0012595096
7.2735459e-06
0.0012594821
7.0823356e-06
0.0012594775
6.7568925e-06
0.001259491
6.323633e-06
0.0012595172
5.817126e-06
0.0012595507
5.2729528e-06
0.0012595876
4.7218914e-06
4.1875551e-06
0.0012961876
1.3755239e-06
0.0012961311
1.7826316e-06
0.0012960528
3.0913811e-06
0.0012959517
4.011281e-06
0.0012958349
4.7352916e-06
0.001295708
5.3587012e-06
0.0012955754
5.9081839e-06
0.0012954421
6.3884289e-06
0.0012953139
6.794511e-06
0.0012951973
7.1117035e-06
0.0012950985
7.3187103e-06
0.0012950225
7.3941192e-06
0.0012949722
7.3238379e-06
0.0012949474
7.1072254e-06
0.0012949448
6.7594101e-06
0.0012949598
6.3086757e-06
0.0012949867
5.7902019e-06
0.0012950206
5.2391122e-06
0.0012950573
4.6851405e-06
4.1506855e-06
0.0013326531
1.4073793e-06
0.001332594
1.8418172e-06
0.0013325142
3.1711446e-06
0.001332411
4.1144771e-06
0.0013322919
4.8543722e-06
0.0013321631
5.487551e-06
0.001332029
6.0422841e-06
0.0013318948
6.522588e-06
0.0013317667
6.9226378e-06
0.0013316511
7.2272819e-06
0.0013315543
7.4155545e-06
0.0013314809
7.4674446e-06
0.0013314335
7.3713178e-06
0.0013314112
7.1295222e-06
0.0013314107
6.7598739e-06
0.001331427
6.2923378e-06
0.0013314547
5.762534e-06
0.0013314888
5.2050274e-06
0.0013315254
4.6484812e-06
4.1141026e-06
0.0013701446
1.4391636e-06
0.0013700826
1.9038375e-06
0.0013700014
3.2523752e-06
0.0013698961
4.2197911e-06
0.0013697748
4.9756356e-06
0.001369644
5.6183093e-06
0.0013695085
6.1778104e-06
0.0013693736
6.657452e-06
0.0013692457
7.0505478e-06
0.0013691314
7.341646e-06
0.0013690366
7.5102956e-06
0.001368966
7.5380812e-06
0.0013689214
7.4159521e-06
0.0013689016
7.149242e-06
0.0013689032
6.7583255e-06
0.0013689209
6.2746629e-06
0.0013689492
5.7341528e-06
0.0013689836
5.1707118e-06
0.0013690201
4.611913e-06
4.0777966e-06
0.0014086909
1.4707932e-06
0.0014086258
1.968894e-06
0.0014085432
3.3350134e-06
0.0014084357
4.3272423e-06
0.0014083123
5.0990568e-06
0.0014081797
5.7509127e-06
0.0014080429
6.3146615e-06
0.0014079074
6.7928813e-06
0.0014077799
7.178075e-06
0.0014076669
7.454628e-06
0.0014075744
7.602794e-06
0.0014075066
7.605942e-06
0.0014074648
7.4577134e-06
0.0014074476
7.1664042e-06
0.0014074512
6.7548075e-06
0.0014074701
6.2556934e-06
0.0014074992
5.705087e-06
0.0014075337
5.1361775e-06
0.0014075702
4.5754341e-06
4.041758e-06
0.0014483216
1.5021767e-06
0.0014482533
2.0372068e-06
0.0014481694
3.4189827e-06
0.0014480597
4.4368528e-06
0.0014479342
5.2246034e-06
0.0014477998
5.8852899e-06
0.0014476618
6.4527276e-06
0.0014475259
6.9287282e-06
0.0014473989
7.3050483e-06
0.0014472875
7.5660593e-06
0.0014471974
7.6929139e-06
0.0014471324
7.6709461e-06
0.0014470935
7.4965801e-06
0.0014470789
7.1810323e-06
0.0014470843
6.7493634e-06
0.0014471046
6.2354708e-06
0.0014471343
5.6753642e-06
0.001447169
5.1014355e-06
0.0014472054
4.5390429e-06
4.0059765e-06
0.0014890674
1.5332151e-06
0.0014889956
2.1090164e-06
0.0014889104
3.5041862e-06
0.0014887986
4.548649e-06
0.001488671
5.3522342e-06
0.0014885349
6.0213619e-06
0.0014883957
6.5918904e-06
0.0014882596
7.0648375e-06
0.0014881334
7.4312919e-06
0.0014880237
7.6757709e-06
0.001487936
7.780523e-06
0.001487874
7.7330184e-06
0.001487838
7.5325363e-06
0.0014878259
7.1931522e-06
0.0014878332
6.7420367e-06
0.0014878547
6.2140352e-06
0.001487885
5.6450099e-06
0.00148792
5.0664953e-06
0.0014879563
4.5027365e-06
3.9704428e-06
0.0015309595
1.5638017e-06
0.0015308839
2.1845849e-06
0.0015307976
3.5905037e-06
0.0015306836
4.6626635e-06
0.0015305539
5.4818984e-06
0.0015304162
6.1590411e-06
0.0015302761
6.7320233e-06
0.0015301399
7.201047e-06
0.0015300146
7.5566265e-06
0.0015299067
7.783595e-06
0.0015298218
7.8654943e-06
0.0015297627
7.7920911e-06
0.0015297297
7.5655717e-06
0.00152972
7.2027935e-06
0.0015297292
6.7328717e-06
0.0015297518
6.1914258e-06
0.0015297828
5.6140485e-06
0.0015298179
5.0313661e-06
0.0015298541
4.4665125e-06
3.935146e-06
0.0015740302
1.5938233e-06
0.0015739506
2.2641972e-06
0.0015738633
3.6777872e-06
0.001573747
4.7789382e-06
0.0015736154
5.6135329e-06
0.0015734762
6.2982306e-06
0.0015733353
6.8729903e-06
0.0015731991
7.3371866e-06
0.0015730749
7.6808686e-06
0.0015729691
7.8893643e-06
0.0015728869
7.9477054e-06
0.0015728309
7.848102e-06
0.0015728008
7.5956809e-06
0.0015727936
7.2099877e-06
0.0015728045
6.7219124e-06
0.0015728283
6.1676801e-06
0.0015728598
5.5825027e-06
0.0015728951
4.9960556e-06
0.0015729313
4.4303679e-06
3.9000758e-06
0.0016183127
0.0016182288
0.0016181407
0.0016180221
0.0016178886
0.001617748
0.0016176063
0.0016174704
0.0016173475
0.0016172439
0.0016171646
0.0016171117
0.0016170845
0.0016170797
0.0016170924
0.0016171173
0.0016171494
0.0016171849
0.0016172209
)
;

boundaryField
{
    inlet
    {
        type            calculated;
        value           nonuniform List<scalar> 
31
(
-0.00070404614
-0.00072385254
-0.00074421612
-0.00076515258
-0.00078667802
-0.00080880904
-0.00083156263
-0.00085495635
-0.00087900817
-0.00090373663
-0.00092916075
-0.00095530012
-0.00098217485
-0.0010098056
-0.0010382137
-0.001067421
-0.0010974499
-0.0011283236
-0.0011600659
-0.0011927011
-0.0012262544
-0.0012607517
-0.0012962195
-0.001332685
-0.0013701764
-0.0014087225
-0.001448353
-0.0014890984
-0.0015309901
-0.0015740602
-0.0016183421
)
;
    }
    top
    {
        type            calculated;
        value           nonuniform List<scalar> 0();
    }
    outlet
    {
        type            calculated;
        value           nonuniform List<scalar> 0();
    }
    slipsurface
    {
        type            calculated;
        value           nonuniform List<scalar> 0();
    }
    bottom
    {
        type            calculated;
        value           nonuniform List<scalar> 0();
    }
    frontandback
    {
        type            empty;
    }
    procBoundary9to8
    {
        type            processor;
        value           nonuniform List<scalar> 
60
(
1.072219e-05
1.1066994e-05
1.1413654e-05
1.1762736e-05
1.2114805e-05
1.2470429e-05
1.2830163e-05
1.3194544e-05
1.3564105e-05
1.393936e-05
1.4320815e-05
1.4708963e-05
1.5104289e-05
1.5507278e-05
1.5918413e-05
1.6338181e-05
1.6767092e-05
1.7205681e-05
1.765453e-05
1.8114285e-05
1.8585672e-05
1.9069509e-05
4.9051735e-06
5.2084782e-06
5.5223006e-06
5.8450329e-06
6.1750166e-06
6.5106328e-06
6.8503676e-06
7.192864e-06
7.5369796e-06
7.8818207e-06
8.226753e-06
8.5713887e-06
8.9155648e-06
9.2593076e-06
9.6027966e-06
9.9463319e-06
0.0016186112
1.0290306e-05
1.6231611e-06
2.3481598e-06
3.7658545e-06
4.8975272e-06
5.7470651e-06
6.4388257e-06
7.0146487e-06
7.4730791e-06
7.8038321e-06
7.9929143e-06
8.0270388e-06
7.9009942e-06
7.6228633e-06
7.2147675e-06
6.7092022e-06
6.1428339e-06
5.5503935e-06
4.9605698e-06
4.3942978e-06
3.8652239e-06
)
;
    }
    procBoundary9to10
    {
        type            processor;
        value           nonuniform List<scalar> 
28
(
0.00074512851
0.00076608952
0.00078764014
0.00080979696
0.00083257701
0.00085599785
0.00088007747
0.00090483443
0.00093028775
0.00095645704
0.00098336243
0.0010110246
0.0010394648
0.001068705
0.0010987677
0.001129676
0.0011614536
0.001194125
0.0012277154
0.0012622505
0.0012977571
0.0013342622
0.0013717942
0.0014103818
0.0014500546
0.0014908433
0.0015327792
0.0015758945
)
;
    }
    procBoundary9to12
    {
        type            processor;
        value           nonuniform List<scalar> 
29
(
0.00070395928
-1.1215685e-05
-1.1485292e-05
-1.1755926e-05
-1.2029017e-05
-1.2305531e-05
-1.2586212e-05
-1.287175e-05
-1.3162749e-05
-1.3459751e-05
-1.376325e-05
0.00072422116
-1.403737e-05
-1.4356332e-05
-1.4682953e-05
-1.5017659e-05
-1.5360802e-05
-1.5712721e-05
-1.6073746e-05
-1.6444195e-05
-1.6824382e-05
-1.7214618e-05
-1.7615216e-05
-1.8026499e-05
-1.8448808e-05
-1.8882561e-05
-1.9328418e-05
-1.9787283e-05
-2.0260338e-05
)
;
    }
    procBoundary9to13
    {
        type            processor;
        value           nonuniform List<scalar> 
32
(
-6.6870898e-06
-7.3013501e-06
-7.8690743e-06
-8.3725972e-06
-8.8125237e-06
-9.2023288e-06
-9.5550218e-06
-9.8780018e-06
-1.017752e-05
-1.0461218e-05
-1.0735691e-05
-1.1004953e-05
-7.2892722e-07
-9.1756096e-07
-1.6753682e-06
-2.1757479e-06
-2.590768e-06
-2.9762542e-06
-3.3439975e-06
-3.7065863e-06
-4.0749321e-06
-4.4539764e-06
-4.8419665e-06
-5.229185e-06
-5.5951448e-06
-5.9079037e-06
-6.127116e-06
-6.2133961e-06
-6.1414091e-06
-5.9103695e-06
-5.544936e-06
-5.0885186e-06
)
;
    }
}


// ************************************************************************* //
