/*--------------------------------*- C++ -*----------------------------------*\
  =========                 |
  \\      /  F ield         | OpenFOAM: The Open Source CFD Toolbox
   \\    /   O peration     | Website:  https://openfoam.org
    \\  /    A nd           | Version:  12
     \\/     M anipulation  |
\*---------------------------------------------------------------------------*/
FoamFile
{
    format      ascii;
    class       volVectorField;
    location    "300";
    object      U;
}
// * * * * * * * * * * * * * * * * * * * * * * * * * * * * * * * * * * * * * //

dimensions      [0 1 -1 0 0 0 0];

internalField   nonuniform List<vector> 
187
(
(0.631795213875 6.93835295055e-10 5.74982239082e-15)
(0.5615813167 4.91923118055e-10 4.76689702205e-15)
(0.495164201066 3.53602414588e-10 3.89136070853e-15)
(0.432483459489 2.49276681628e-10 3.12701246182e-15)
(0.373449617835 1.71677760612e-10 2.63981072668e-15)
(0.317951303955 1.14679340511e-10 2.2224946914e-15)
(0.265861139885 7.3572171773e-11 1.86141911805e-15)
(0.217040563236 4.47042752974e-11 1.40867465877e-15)
(0.171343750968 2.51542850496e-11 1.00114916123e-15)
(0.128620792176 1.25654951128e-11 7.43123372547e-16)
(0.0887202335444 5.07825280591e-12 5.07588697124e-16)
(0.0514911021012 1.30188832746e-12 2.91787718293e-16)
(0.0167844930647 -9.32423719805e-14 9.38578987406e-17)
(0.783655748487 1.00427011976e-09 4.68687235269e-15)
(0.705828550809 9.43731743246e-10 3.96787322936e-15)
(0.631795212739 8.60054733263e-10 3.30398111778e-15)
(0.56158131521 7.64458461002e-10 2.68393209061e-15)
(0.495164200063 6.5640837688e-10 2.10903792289e-15)
(0.432483458823 5.42697232764e-10 1.57594714737e-15)
(0.373449617412 4.32492097314e-10 1.43595178436e-15)
(0.317951303709 3.31400177375e-10 1.28323266078e-15)
(0.265861139765 2.42607521255e-10 1.25679650243e-15)
(0.217040563205 1.67807094242e-10 9.38286747349e-16)
(0.171343750993 1.07596715616e-10 7.52555678369e-16)
(0.12862079223 6.17144847298e-11 5.6568666696e-16)
(0.0887202336054 2.93821844888e-11 3.88265681331e-16)
(0.0514911021501 9.67649267159e-12 2.23545290402e-16)
(0.0167844930851 5.78763989164e-13 7.1929681511e-17)
(0.783655749602 1.37065562862e-09 8.24601314208e-15)
(0.705828554162 1.27707451751e-09 7.36001707588e-15)
(0.631795218699 1.15881899081e-09 6.70992631477e-15)
(0.561581323083 1.01249812509e-09 5.74000548565e-15)
(0.495164209222 8.54690932774e-10 4.9314406182e-15)
(0.432483468702 6.98058738168e-10 4.24722761671e-15)
(0.373449627497 5.5079787453e-10 3.66250366013e-15)
(0.317951313545 4.1822463422e-10 3.1576664232e-15)
(0.26586114896 3.03514835882e-10 2.71846960878e-15)
(0.217040571431 2.08149466437e-10 2.19914107668e-15)
(0.17134375799 1.32292440788e-10 1.73647251348e-15)
(0.128620797808 7.51356883902e-11 1.31862462288e-15)
(0.0887202376376 3.53232888276e-11 9.29316869859e-16)
(0.0514911045754 1.14030918951e-11 5.4068896857e-16)
(0.0167844939013 5.53220116068e-13 1.7471558511e-16)
(0.783655749882 2.14643360549e-10 6.9876149667e-15)
(0.70582855529 2.28738206061e-10 6.0912921394e-15)
(0.631795220635 2.13395954409e-10 5.2439828595e-15)
(0.561581325613 1.89556645736e-10 4.44481417145e-15)
(0.495164212129 1.61093256174e-10 3.68825902835e-15)
(0.432483471785 1.31580057241e-10 3.16141864528e-15)
(0.373449630584 1.03402530972e-10 2.63776209423e-15)
(0.317951316493 7.80074700076e-11 2.29690033417e-15)
(0.265861151657 5.61759411054e-11 2.09157873176e-15)
(0.217040573794 3.82148038917e-11 1.60932345729e-15)
(0.17134375996 2.41001092778e-11 1.27471775915e-15)
(0.128620799349 1.35914923972e-11 9.52275979609e-16)
(0.0887202387329 6.35266323642e-12 6.51511512764e-16)
(0.0514911052237 2.05023247725e-12 3.74436420268e-16)
(0.016784494116 9.3573205644e-14 1.20348589433e-16)
(0.783655749041 -1.93930166967e-10 6.42246296372e-15)
(0.705828554491 -1.65604918429e-10 5.48442030298e-15)
(0.631795219889 -1.37749322372e-10 4.90603969411e-15)
(0.561581324918 -1.13057305918e-10 4.35031298426e-15)
(0.495164211481 -9.10332787464e-11 3.6006808893e-15)
(0.432483471185 -7.15865960199e-11 2.70675748166e-15)
(0.373449630034 -5.47441390129e-11 2.49803233548e-15)
(0.317951315997 -4.04723878788e-11 2.11830450775e-15)
(0.265861151221 -2.86782995432e-11 1.61984572154e-15)
(0.217040573421 -1.92266008876e-11 1.34347932027e-15)
(0.171343759656 -1.19429544177e-11 9.49547952431e-16)
(0.128620799116 -6.61470361934e-12 7.05306679119e-16)
(0.0887202385713 -3.01378418512e-12 4.82301548289e-16)
(0.0514911051307 -9.44755310286e-13 2.77518425164e-16)
(0.0167844940866 -1.17794428734e-14 8.93324710937e-17)
(0.783655748389 -2.79012691441e-10 4.19893276569e-15)
(0.705828553706 -2.52238810248e-10 3.6491326676e-15)
(0.631795219006 -2.1567457407e-10 3.11690941424e-15)
(0.561581323972 -1.80205681157e-10 2.60225603783e-15)
(0.495164210507 -1.46988892123e-10 2.12836693466e-15)
(0.432483470218 -1.16809167954e-10 1.73165636281e-15)
(0.373449629104 -9.00942917688e-11 1.51641840822e-15)
(0.317951315132 -6.70779992692e-11 1.36016118896e-15)
(0.265861150443 -4.7824864402e-11 1.23054937336e-15)
(0.217040572749 -3.22568638839e-11 9.83643959906e-16)
(0.171343759103 -2.01699380613e-11 7.62460967227e-16)
(0.128620798688 -1.12632910473e-11 5.63445718422e-16)
(0.0887202382716 -5.19285223611e-12 3.83385202313e-16)
(0.0514911049565 -1.632821815e-12 2.19776116774e-16)
(0.0167844940304 -5.7175522905e-14 7.05504351169e-17)
(0.783655747416 -3.17505513502e-10 6.95114812573e-15)
(0.70582855254 -2.68474515625e-10 6.17922773672e-15)
(0.631795217694 -2.29719998079e-10 5.52773134351e-15)
(0.561581322565 -1.91642712241e-10 4.8149817842e-15)
(0.495164209056 -1.56277103942e-10 4.16659408403e-15)
(0.43248346877 -1.24224549454e-10 3.59990407007e-15)
(0.373449627707 -9.58556139948e-11 3.10825020776e-15)
(0.317951313826 -7.13984269e-11 2.68592168953e-15)
(0.265861149262 -5.09231844245e-11 2.18253914903e-15)
(0.217040571723 -3.43538387471e-11 1.8776672272e-15)
(0.171343758252 -2.14795001749e-11 1.48553861046e-15)
(0.128620798026 -1.19884344176e-11 1.13526297204e-15)
(0.0887202378035 -5.51559771608e-12 8.64255630068e-16)
(0.0514911046818 -1.74043537686e-12 4.69740875938e-16)
(0.0167844939404 -3.87751397945e-14 1.51621585312e-16)
(0.783655746657 -3.07004858655e-10 6.74473361913e-15)
(0.705828551614 -2.8510457534e-10 5.89213770643e-15)
(0.631795216646 -2.44255139919e-10 5.1612592411e-15)
(0.561581321439 -2.03633088407e-10 4.50389715556e-15)
(0.495164207896 -1.654287786e-10 3.90796351831e-15)
(0.432483467618 -1.30988270936e-10 3.36988913808e-15)
(0.373449626599 -1.00766252578e-10 2.88738091147e-15)
(0.317951312795 -7.48972431325e-11 2.45897371073e-15)
(0.265861148335 -5.33608477387e-11 2.08115215319e-15)
(0.217040570921 -3.60045263909e-11 1.61164278668e-15)
(0.17134375759 -2.25555096178e-11 1.12627402685e-15)
(0.128620797513 -1.26506675131e-11 8.78790197656e-16)
(0.0887202374428 -5.88678493379e-12 5.96160372416e-16)
(0.0514911044709 -1.86692388911e-12 3.41095902118e-16)
(0.0167844938719 -1.24114946208e-13 1.09359779535e-16)
(0.783655745439 -2.95108542902e-10 7.10492848748e-15)
(0.70582855022 -2.6793764061e-10 6.23647132909e-15)
(0.631795215127 -2.27513759036e-10 5.51286881506e-15)
(0.561581319847 -1.88272479771e-10 4.65135831392e-15)
(0.495164206284 -1.52324564332e-10 3.88843194171e-15)
(0.432483466034 -1.20114184209e-10 3.20490497922e-15)
(0.373449625088 -9.19473211993e-11 2.76694713102e-15)
(0.317951311396 -6.79826841482e-11 2.37017977326e-15)
(0.265861147082 -4.81797797444e-11 2.00838300252e-15)
(0.217040569838 -3.23368386635e-11 1.61644108363e-15)
(0.171343756696 -2.01438083129e-11 1.25798287464e-15)
(0.128620796819 -1.12176123317e-11 9.31189155302e-16)
(0.0887202369529 -5.15863125804e-12 6.33887491753e-16)
(0.0514911041827 -1.6404500325e-12 3.63335440055e-16)
(0.0167844937776 -2.8056660785e-14 1.16605195018e-16)
(0.783655744596 -3.08591475292e-10 6.93432326499e-15)
(0.705828549264 -2.70567976484e-10 6.1795099156e-15)
(0.6317952141 -2.30330127015e-10 5.50681393204e-15)
(0.561581318788 -1.92227848989e-10 4.66264938078e-15)
(0.495164205228 -1.55887527132e-10 3.90488115743e-15)
(0.432483465014 -1.22863280815e-10 3.2229811942e-15)
(0.37344962413 -9.39636163713e-11 2.78656859441e-15)
(0.317951310523 -6.94473315956e-11 2.39119794692e-15)
(0.26586114631 -4.9244977922e-11 2.03155228013e-15)
(0.217040569179 -3.31095440919e-11 1.6373617353e-15)
(0.171343756158 -2.06933202563e-11 1.27708877363e-15)
(0.128620796405 -1.1591302201e-11 9.47523773572e-16)
(0.0887202366629 -5.39109357172e-12 6.46260551988e-16)
(0.0514911040133 -1.70391667815e-12 3.70933832673e-16)
(0.0167844937218 -1.16229215746e-13 1.19156765979e-16)
(0.783655743133 -2.64840120331e-10 6.63450564243e-15)
(0.705828547663 -2.35096203227e-10 5.92534625435e-15)
(0.631795212411 -2.01514085573e-10 5.28901594679e-15)
(0.561581317062 -1.67200888802e-10 4.47438979183e-15)
(0.495164203512 -1.34913332121e-10 3.74130072922e-15)
(0.432483463353 -1.05906725131e-10 3.08017387704e-15)
(0.373449622564 -8.06865349492e-11 2.66226522716e-15)
(0.317951309086 -5.94190166722e-11 2.28424635138e-15)
(0.265861145031 -4.19991773773e-11 1.94161107016e-15)
(0.217040568081 -2.81655452215e-11 1.56274038184e-15)
(0.171343755254 -1.757617378e-11 1.21796385411e-15)
(0.128620795704 -9.84901868808e-12 9.03712202104e-16)
(0.0887202361682 -4.60378994781e-12 6.16728025868e-16)
(0.0514911037226 -1.47994004071e-12 3.5422249605e-16)
(0.016784493625 -1.322300013e-13 1.13860054884e-16)
(0.783655742489 -2.77006070413e-10 6.25489663317e-15)
(0.705828546955 -2.22125289846e-10 5.5910211631e-15)
(0.631795211673 -1.83348363669e-10 4.99817847246e-15)
(0.561581316322 -1.49310698026e-10 4.22479112078e-15)
(0.495164202795 -1.19142518646e-10 3.52924291643e-15)
(0.432483462677 -9.25835241594e-11 2.90176770413e-15)
(0.373449621945 -6.98014158805e-11 2.51357352695e-15)
(0.317951308535 -5.08523769287e-11 2.16161088917e-15)
(0.265861144553 -3.55812596935e-11 1.84180426843e-15)
(0.217040567681 -2.36365444831e-11 1.48331693976e-15)
(0.171343754933 -1.46231838449e-11 1.15650300886e-15)
(0.128620795462 -8.12434381445e-12 8.5818915187e-16)
(0.0887202360012 -3.74314012879e-12 5.8559757488e-16)
(0.0514911036271 -1.17304248239e-12 3.36281415175e-16)
(0.0167844935929 -6.56296619575e-14 1.08072743893e-16)
(0.783655740998 -2.81636452377e-10 5.71940154981e-15)
(0.705828545379 -2.32652171846e-10 5.03447057915e-15)
(0.631795210056 -1.98512302114e-10 4.68218355304e-15)
(0.561581314709 -1.68385443888e-10 3.7923463765e-15)
(0.495164201228 -1.42714473677e-10 3.2312711461e-15)
(0.432483461193 -1.20338654075e-10 2.73089184368e-15)
(0.373449620576 -1.00478698322e-10 2.33912454455e-15)
(0.317951307307 -8.34357354538e-11 2.00560203771e-15)
(0.265861143489 -6.26533541216e-11 1.70997340253e-15)
)
;

boundaryField
{
    top
    {
        type            fixedValue;
        value           uniform (0 0 0);
    }
    inlet
    {
        type            fixedValue;
        value           nonuniform List<vector> 0();
    }
    outlet
    {
        type            zeroGradient;
    }
    front
    {
        type            wedge;
    }
    back
    {
        type            wedge;
    }
    procBoundary8to9
    {
        type            processor;
        value           nonuniform List<vector> 
15
(
(0.217040566782 -3.49409103924e-11 1.37601614472e-15)
(0.171343754208 -1.61540103336e-11 1.07233274977e-15)
(0.128620794903 -8.60703192803e-12 7.9543244121e-16)
(0.0887202356086 -3.95742113814e-12 5.425992035e-16)
(0.0514911033979 -1.28907557516e-12 3.11509132289e-16)
(0.0167844935162 -1.39890022503e-13 1.00090853782e-16)
(0.705828544977 1.3885677997e-10 4.88199219391e-15)
(0.631795209702 1.14609833031e-10 4.38752292917e-15)
(0.561581314475 9.4249233143e-11 3.70645876906e-15)
(0.495164201038 7.59486781252e-11 3.08965496517e-15)
(0.432483460992 5.96623450552e-11 2.51366822964e-15)
(0.373449620333 4.55573661333e-11 2.19190773916e-15)
(0.317951307014 3.36587288819e-11 1.88503377646e-15)
(0.217040566782 -3.49409103924e-11 1.37601614472e-15)
(0.265861143162 2.39009741994e-11 1.60583791492e-15)
)
;
    }
    procBoundary8to10
    {
        type            processor;
        value           nonuniform List<vector> 
13
(
(0.865190360397 1.05403656705e-09 5.44723468289e-15)
(0.865190359736 1.42109245361e-09 9.4755224292e-15)
(0.865190359296 1.90873432615e-10 7.9367265423e-15)
(0.865190358443 -2.22155934952e-10 8.17575169913e-15)
(0.865190357955 -3.25169098987e-10 4.75061650452e-15)
(0.865190357219 -3.4045202406e-10 7.95674687054e-15)
(0.865190356662 -3.32340815804e-10 7.87190700053e-15)
(0.865190355674 -2.98088328209e-10 7.36420956465e-15)
(0.865190354982 -3.39690295252e-10 7.78137995722e-15)
(0.865190353707 -2.97373645782e-10 7.4247384708e-15)
(0.865190353165 -3.46363711688e-10 6.99871283308e-15)
(0.865190351803 -3.4694875443e-10 6.51243186135e-15)
(0.783655740468 1.59603819446e-10 5.45119803633e-15)
)
;
    }
    procBoundary8to15
    {
        type            processor;
        value           nonuniform List<vector> 
16
(
(0.631795198525 3.12313137793e-10 5.93760076474e-15)
(0.561581303264 1.78045946862e-10 5.04711197856e-15)
(0.495164190135 8.69538428854e-11 4.20820423208e-15)
(0.432483450677 3.1008548398e-11 3.3864314102e-15)
(0.373449610825 -8.89333884304e-13 3.03101471957e-15)
(0.317951298477 -1.66474952402e-11 2.65999112119e-15)
(0.265861135702 -2.19145120364e-11 2.310338838e-15)
(0.217040560139 -2.08602288022e-11 1.85609319354e-15)
(0.171343748768 -1.65384466038e-11 1.44357653397e-15)
(0.128620790706 -1.10966868302e-11 1.06887316457e-15)
(0.088720232654 -6.00136939447e-12 7.28092819238e-16)
(0.0514911016558 -2.24778975404e-12 4.17573224579e-16)
(0.0167844929484 -1.99088924409e-13 1.34068426609e-16)
(0.783655745884 1.26538309797e-09 7.41598061387e-15)
(0.705828550568 9.74255366623e-10 6.2764131823e-15)
(0.705828550568 9.74255366623e-10 6.2764131823e-15)
)
;
    }
}


// ************************************************************************* //
