/*--------------------------------*- C++ -*----------------------------------*\
  =========                 |
  \\      /  F ield         | OpenFOAM: The Open Source CFD Toolbox
   \\    /   O peration     | Website:  https://openfoam.org
    \\  /    A nd           | Version:  12
     \\/     M anipulation  |
\*---------------------------------------------------------------------------*/
FoamFile
{
    format      ascii;
    class       volScalarField;
    location    "1400";
    object      p;
}
// * * * * * * * * * * * * * * * * * * * * * * * * * * * * * * * * * * * * * //

dimensions      [0 2 -2 0 0 0 0];

internalField   nonuniform List<scalar> 
1769
(
0.0025664958
0.0025344281
0.0025024188
0.0024699789
0.0024368263
0.0024025578
0.0023668077
0.0023295819
0.0022910772
0.0022514198
0.0022106903
0.0021690546
0.0021267377
0.0020838767
0.0020405756
0.0019969386
0.0019530629
0.0019089953
0.0018648428
0.0018206347
0.0017763488
0.0017320783
0.0016877995
0.0016434815
0.0015992244
0.0015549668
0.0015108874
0.0014668852
0.0014227508
0.0013786803
0.0013346596
0.0012906812
0.0012467472
0.0012028295
0.0011588846
0.0011149271
0.001070979
0.0010270288
0.00098305875
0.00093905877
0.00089502155
0.0008509395
0.00080680638
0.00076261848
0.00071837536
0.00067408089
0.00062974497
0.00058538607
0.0005410338
0.00049673543
0.00045255707
0.00040861073
0.00036501495
0.00032211697
0.00027989879
0.00024026068
0.0001996891
0.00017214266
-7.4863417e-05
0.00026158027
-0.00044591362
0.0025665918
0.0025345192
0.0025025056
0.0024700618
0.0024369059
0.0024026341
0.002366881
0.0023296522
0.0022911445
0.0022514841
0.0022107517
0.0021691131
0.0021267934
0.0020839298
0.0020406259
0.0019969863
0.0019531081
0.0019090381
0.0018648834
0.0018206731
0.0017763851
0.0017321127
0.0016878319
0.0016435121
0.0015992534
0.0015549942
0.0015109133
0.0014669096
0.0014227739
0.0013787021
0.0013346801
0.0012907006
0.0012467656
0.0012028468
0.001158901
0.0011149426
0.0010709936
0.0010270426
0.00098307182
0.00093907113
0.00089503323
0.00085095056
0.00080681683
0.00076262837
0.00071838471
0.00067408974
0.00062975335
0.00058539399
0.0005410413
0.00049674253
0.0004525638
0.0004086171
0.00036502099
0.0003221227
0.00027990422
0.00024026585
0.00019969394
0.00017215422
-7.4573196e-05
0.00026224858
-0.00044555639
0.0025666917
0.0025346141
0.002502596
0.0024701483
0.0024369887
0.0024027136
0.0023669573
0.0023297253
0.0022912146
0.0022515511
0.0022108156
0.0021691741
0.0021268515
0.0020839849
0.0020406783
0.0019970359
0.0019531551
0.0019090827
0.0018649256
0.001820713
0.0017764228
0.0017321483
0.0016878657
0.001643544
0.0015992835
0.0015550227
0.0015109401
0.0014669349
0.0014227978
0.0013787247
0.0013347015
0.0012907208
0.0012467846
0.0012028648
0.001158918
0.0011149587
0.0010710088
0.001027057
0.00098308538
0.00093908395
0.00089504535
0.00085096201
0.00080682767
0.00076263862
0.00071839441
0.00067409891
0.00062976203
0.00058540221
0.00054104907
0.00049674989
0.00045257077
0.0004086237
0.00036502724
0.00032212863
0.00027990984
0.0002402712
0.00019969895
0.00017216617
-7.4279291e-05
0.00026292754
-0.00044519318
0.0025667959
0.0025347129
0.0025026901
0.0024702383
0.002437075
0.0024027964
0.0023670367
0.0023298015
0.0022912875
0.0022516208
0.0022108822
0.0021692375
0.0021269118
0.0020840423
0.0020407327
0.0019970876
0.0019532041
0.001909129
0.0018649694
0.0018207545
0.0017764621
0.0017321854
0.0016879007
0.0016435771
0.0015993147
0.0015550522
0.001510968
0.0014669612
0.0014228227
0.0013787482
0.0013347236
0.0012907417
0.0012468044
0.0012028835
0.0011589356
0.0011149753
0.0010710245
0.0010270718
0.00098309942
0.00093909723
0.0008950579
0.00085097388
0.00080683889
0.00076264923
0.00071840444
0.00067410841
0.00062977101
0.00058541071
0.00054105712
0.00049675751
0.00045257798
0.00040863054
0.00036503371
0.00032213476
0.00027991565
0.00024027674
0.00019970413
0.00017217852
-7.3981255e-05
0.0002636165
-0.00044482415
0.0025669042
0.0025348158
0.0025027881
0.0024703319
0.0024371648
0.0024028826
0.0023671194
0.0023298807
0.0022913634
0.0022516934
0.0022109514
0.0021693035
0.0021269746
0.002084102
0.0020407893
0.0019971412
0.0019532549
0.0019091771
0.001865015
0.0018207976
0.0017765028
0.0017322239
0.0016879371
0.0016436115
0.0015993472
0.0015550828
0.0015109969
0.0014669885
0.0014228485
0.0013787725
0.0013347466
0.0012907634
0.0012468248
0.0012029028
0.0011589539
0.0011149926
0.0010710408
0.0010270872
0.00098311397
0.00093911098
0.0008950709
0.00085098617
0.00080685051
0.00076266022
0.00071841484
0.00067411823
0.00062978031
0.00058541951
0.00054106545
0.00049676539
0.00045258545
0.0004086376
0.0003650404
0.0003221411
0.00027992166
0.00024028246
0.00019970949
0.00017219128
-7.3678629e-05
0.00026431508
-0.00044444942
0.0025670169
0.0025349228
0.00250289
0.0024704294
0.0024372582
0.0024029722
0.0023672054
0.0023299631
0.0022914423
0.0022517688
0.0022110234
0.0021693721
0.0021270399
0.002084164
0.0020408482
0.001997197
0.0019533077
0.0019092271
0.0018650623
0.0018208423
0.0017765451
0.0017322639
0.0016879748
0.0016436471
0.0015993808
0.0015551146
0.0015110269
0.0014670168
0.0014228752
0.0013787977
0.0013347704
0.0012907859
0.0012468461
0.0012029229
0.0011589728
0.0011150104
0.0010710577
0.0010271032
0.00098312904
0.00093912521
0.00089508435
0.00085099889
0.00080686253
0.00076267159
0.00071842559
0.0006741284
0.00062978993
0.00058542861
0.00054107406
0.00049677354
0.00045259316
0.00040864491
0.00036504732
0.00032214766
0.00027992788
0.00024028838
0.00019971502
0.00017220444
-7.3370914e-05
0.00026502319
-0.00044406909
0.0025671342
0.002535034
0.002502996
0.0024705307
0.0024373553
0.0024030654
0.0023672947
0.0023300488
0.0022915243
0.0022518471
0.0022110981
0.0021694433
0.0021271077
0.0020842284
0.0020409093
0.0019972549
0.0019533625
0.001909279
0.0018651114
0.0018208887
0.001776589
0.0017323054
0.001688014
0.0016436841
0.0015994157
0.0015551475
0.001511058
0.0014670462
0.0014229029
0.0013788239
0.0013347951
0.0012908092
0.001246868
0.0012029436
0.0011589924
0.001115029
0.0010710752
0.0010271197
0.00098314463
0.00093913995
0.00089509828
0.00085101205
0.00080687497
0.00076268335
0.00071843671
0.00067413892
0.00062979987
0.00058543802
0.00054108296
0.00049678197
0.00045260114
0.00040865246
0.00036505447
0.00032215444
0.00027993429
0.00024029449
0.00019972074
0.00017221803
-7.3057552e-05
0.00026574083
-0.00044368321
0.0025672561
0.0025351497
0.0025031062
0.0024706361
0.0024374563
0.0024031622
0.0023673876
0.0023301378
0.0022916095
0.0022519285
0.0022111758
0.0021695173
0.002127178
0.0020842953
0.0020409727
0.001997315
0.0019534195
0.0019093329
0.0018651623
0.0018209369
0.0017766345
0.0017323484
0.0016880546
0.0016437224
0.0015994519
0.0015551817
0.0015110902
0.0014670766
0.0014229316
0.0013788509
0.0013348206
0.0012908333
0.0012468908
0.0012029651
0.0011590127
0.0011150481
0.0010710933
0.0010271368
0.00098316077
0.00093915519
0.00089511268
0.00085102566
0.00080688784
0.00076269551
0.0007184482
0.00067414979
0.00062981015
0.00058544774
0.00054109216
0.00049679067
0.00045260937
0.00040866026
0.00036506186
0.00032216144
0.00027994092
0.0002403008
0.00019972665
0.00017223204
-7.2737911e-05
0.00026646805
-0.00044329184
0.0025673828
0.00253527
0.0025032208
0.0024707456
0.0024375612
0.0024032628
0.0023674841
0.0023302303
0.0022916979
0.0022520131
0.0022112564
0.0021695941
0.0021272511
0.0020843647
0.0020410385
0.0019973774
0.0019534785
0.0019093888
0.0018652152
0.0018209868
0.0017766817
0.0017323929
0.0016880967
0.0016437621
0.0015994894
0.001555217
0.0015111236
0.0014671081
0.0014229613
0.001378879
0.0013348471
0.0012908583
0.0012469144
0.0012029873
0.0011590337
0.0011150679
0.001071112
0.0010271544
0.00098317745
0.00093917095
0.00089512757
0.00085103973
0.00080690113
0.00076270808
0.00071846009
0.00067416102
0.00062982078
0.00058545779
0.00054110167
0.00049679967
0.00045261789
0.00040866831
0.00036506948
0.00032216866
0.00027994777
0.00024030732
0.00019973275
0.00017224649
-7.2411264e-05
0.00026720494
-0.000442895
0.0025675144
0.0025353949
0.0025033398
0.0024708593
0.0024376701
0.0024033673
0.0023675843
0.0023303263
0.0022917898
0.0022521008
0.0022113402
0.0021696738
0.002127327
0.0020844367
0.0020411068
0.0019974421
0.0019535398
0.0019094467
0.00186527
0.0018210386
0.0017767306
0.0017324391
0.0016881403
0.0016438033
0.0015995282
0.0015552537
0.0015111582
0.0014671407
0.001422992
0.001378908
0.0013348745
0.0012908841
0.0012469387
0.0012030103
0.0011590554
0.0011150884
0.0010711313
0.0010271727
0.00098319471
0.00093918725
0.00089514297
0.00085105428
0.00080691488
0.00076272107
0.00071847237
0.00067417263
0.00062983175
0.00058546817
0.00054111148
0.00049680896
0.00045262667
0.00040867663
0.00036507736
0.00032217612
0.00027995484
0.00024031405
0.00019973904
0.00017226138
-7.2076772e-05
0.00026795163
-0.00044249269
0.002567651
0.0025355246
0.0025034633
0.0024709773
0.0024377832
0.0024034757
0.0023676883
0.0023304259
0.0022918851
0.0022521919
0.002211427
0.0021697565
0.0021274056
0.0020845114
0.0020411777
0.0019975092
0.0019536033
0.0019095068
0.0018653268
0.0018210923
0.0017767813
0.001732487
0.0016881855
0.001643846
0.0015995685
0.0015552916
0.001511194
0.0014671745
0.0014230239
0.0013789381
0.0013349028
0.0012909108
0.001246964
0.0012030341
0.0011590778
0.0011151096
0.0010711513
0.0010271916
0.00098321255
0.00093920409
0.00089515888
0.00085106931
0.00080692908
0.00076273449
0.00071848505
0.00067418462
0.00062984309
0.00058547889
0.00054112162
0.00049681855
0.00045263575
0.00040868522
0.00036508549
0.00032218383
0.00027996213
0.00024032099
0.00019974554
0.00017227672
-7.1733465e-05
0.00026870829
-0.0004420849
0.002567793
0.0025356593
0.0025035916
0.0024710999
0.0024379006
0.0024035883
0.0023677962
0.0023305293
0.002291984
0.0022522864
0.0022115171
0.0021698423
0.0021274872
0.0020845889
0.0020412512
0.0019975788
0.0019536691
0.0019095691
0.0018653857
0.001821148
0.0017768339
0.0017325366
0.0016882323
0.0016438901
0.0015996101
0.0015553309
0.0015112311
0.0014672094
0.0014230569
0.0013789691
0.0013349321
0.0012909385
0.0012469901
0.0012030588
0.0011591011
0.0011151315
0.001071172
0.0010272111
0.00098323098
0.0009392215
0.00089517532
0.00085108484
0.00080694375
0.00076274835
0.00071849815
0.000674197
0.00062985479
0.00058548995
0.00054113209
0.00049682844
0.00045264511
0.00040869408
0.00036509387
0.00032219177
0.00027996965
0.00024032815
0.00019975224
0.00017229253
-7.1380674e-05
0.00026947513
-0.00044167161
0.0025679403
0.0025357991
0.0025037247
0.0024712271
0.0024380224
0.0024037051
0.0023679082
0.0023306366
0.0022920866
0.0022523844
0.0022116106
0.0021699313
0.0021275718
0.0020846692
0.0020413273
0.0019976509
0.0019537374
0.0019096336
0.0018654467
0.0018212056
0.0017768883
0.001732588
0.0016882808
0.0016439359
0.0015996533
0.0015553716
0.0015112694
0.0014672456
0.001423091
0.0013790013
0.0013349625
0.0012909671
0.0012470171
0.0012030842
0.0011591251
0.0011151542
0.0010711934
0.0010272313
0.00098325004
0.00093923949
0.00089519231
0.00085110088
0.00080695891
0.00076276267
0.00071851168
0.00067420979
0.00062986688
0.00058550138
0.00054114289
0.00049683866
0.00045265477
0.00040870322
0.00036510253
0.00032219997
0.00027997741
0.00024033553
0.00019975915
0.00017230882
-7.1018478e-05
0.00027025237
-0.00044125278
0.0025680932
0.0025359442
0.0025038629
0.0024713591
0.0024381488
0.0024038262
0.0023680243
0.0023307478
0.002292193
0.002252486
0.0022117074
0.0021700235
0.0021276595
0.0020847525
0.0020414063
0.0019977257
0.0019538081
0.0019097005
0.0018655099
0.0018212653
0.0017769447
0.0017326412
0.001688331
0.0016439832
0.0015996979
0.0015554137
0.0015113091
0.0014672831
0.0014231263
0.0013790346
0.0013349939
0.0012909967
0.001247045
0.0012031105
0.0011591499
0.0011151776
0.0010712155
0.0010272522
0.00098326972
0.00093925807
0.00089520985
0.00085111745
0.00080697456
0.00076277745
0.00071852565
0.00067422299
0.00062987935
0.00058551317
0.00054115403
0.0004968492
0.00045266475
0.00040871266
0.00036511145
0.00032220842
0.00027998542
0.00024034315
0.00019976628
0.00017232558
-7.0647256e-05
0.00027104023
-0.00044082837
0.0025682518
0.0025360947
0.0025040062
0.002471496
0.0024382798
0.0024039518
0.0023681447
0.0023308631
0.0022923033
0.0022525913
0.0022118079
0.0021701191
0.0021277504
0.0020848388
0.0020414881
0.0019978031
0.0019538814
0.0019097698
0.0018655754
0.0018213272
0.0017770031
0.0017326963
0.001688383
0.0016440322
0.0015997441
0.0015554573
0.0015113502
0.0014673218
0.0014231628
0.001379069
0.0013350263
0.0012910273
0.0012470738
0.0012031377
0.0011591756
0.0011152018
0.0010712384
0.0010272737
0.00098329006
0.00093927727
0.00089522798
0.00085113456
0.00080699072
0.00076279272
0.00071854007
0.00067423661
0.00062989222
0.00058552533
0.00054116554
0.00049686008
0.00045267503
0.00040872239
0.00036512066
0.00032221714
0.00027999367
0.00024035101
0.00019977363
0.00017234285
-7.0267269e-05
0.0002718389
-0.00044039832
0.0025684163
0.0025362508
0.0025041548
0.0024716379
0.0024384157
0.002404082
0.0023682695
0.0023309826
0.0022924176
0.0022527005
0.0022119119
0.0021702182
0.0021278446
0.0020849282
0.0020415728
0.0019978834
0.0019539573
0.0019098416
0.0018656432
0.0018213912
0.0017770635
0.0017327534
0.0016884368
0.001644083
0.001599792
0.0015555024
0.0015113927
0.0014673618
0.0014232005
0.0013791046
0.0013350599
0.0012910589
0.0012471036
0.0012031659
0.0011592021
0.0011152268
0.001071262
0.001027296
0.00098331106
0.00093929709
0.00089524669
0.00085115223
0.0008070074
0.00076280847
0.00071855495
0.00067425067
0.00062990551
0.00058553789
0.0005411774
0.0004968713
0.00045268564
0.00040873242
0.00036513015
0.00032222613
0.00028000218
0.0002403591
0.00019978121
0.00017236062
-6.9878706e-05
0.00027264856
-0.00043996258
0.0025685869
0.0025364127
0.0025043089
0.002471785
0.0024385565
0.002404217
0.0023683988
0.0023311064
0.002292536
0.0022528136
0.0022120197
0.0021703208
0.0021279421
0.0020850208
0.0020416606
0.0019979665
0.0019540359
0.0019099159
0.0018657134
0.0018214575
0.0017771261
0.0017328124
0.0016884925
0.0016441355
0.0015998414
0.001555549
0.0015114367
0.0014674033
0.0014232396
0.0013791414
0.0013350945
0.0012910916
0.0012471345
0.0012031949
0.0011592295
0.0011152527
0.0010712863
0.001027319
0.00098333275
0.00093931756
0.00089526601
0.00085117047
0.00080702462
0.00076282473
0.00071857031
0.00067426518
0.00062991921
0.00058555084
0.00054118965
0.00049688287
0.00045269658
0.00040874277
0.00036513994
0.0003222354
0.00028001096
0.00024036745
0.00019978902
0.00017237891
-6.9481689e-05
0.00027346941
-0.00043952108
0.0025687638
0.0025365805
0.0025044686
0.0024719375
0.0024387025
0.0024043568
0.0023685327
0.0023312347
0.0022926587
0.0022529307
0.0022121314
0.0021704271
0.0021280431
0.0020851167
0.0020417515
0.0019980525
0.0019541173
0.0019099928
0.0018657861
0.0018215261
0.0017771908
0.0017328735
0.0016885501
0.0016441898
0.0015998926
0.0015555973
0.0015114822
0.0014674461
0.00142328
0.0013791794
0.0013351304
0.0012911254
0.0012471663
0.001203225
0.0011592578
0.0011152794
0.0010713115
0.0010273427
0.00098335516
0.0009393387
0.00089528596
0.0008511893
0.0008070424
0.00076284152
0.00071858616
0.00067428015
0.00062993336
0.0005855642
0.00054120227
0.0004968948
0.00045270787
0.00040875344
0.00036515004
0.00032224496
0.00028002
0.00024037605
0.00019979708
0.00017239773
-6.9076289e-05
0.00027430161
-0.00043907374
0.0025689471
0.0025367545
0.0025046342
0.0024720955
0.0024388537
0.0024045016
0.0023686715
0.0023313675
0.0022927857
0.002253052
0.002212247
0.0021705372
0.0021281477
0.002085216
0.0020418456
0.0019981416
0.0019542016
0.0019100724
0.0018658613
0.0018215971
0.0017772579
0.0017329367
0.0016886097
0.001644246
0.0015999456
0.0015556472
0.0015115292
0.0014674904
0.0014233217
0.0013792188
0.0013351675
0.0012911603
0.0012471992
0.001203256
0.0011592871
0.001115307
0.0010713375
0.0010273672
0.00098337829
0.00093936053
0.00089530655
0.00085120874
0.00080706074
0.00076285884
0.00071860251
0.00067429559
0.00062994794
0.00058557798
0.0005412153
0.00049690711
0.0004527195
0.00040876445
0.00036516045
0.00032225481
0.00028002932
0.00024038492
0.00019980538
0.0001724171
-6.8662535e-05
0.00027514535
-0.00043862051
0.0025691371
0.0025369347
0.0025048057
0.0024722592
0.0024390102
0.0024046516
0.0023688152
0.0023315051
0.0022929173
0.0022531776
0.0022123667
0.0021706511
0.002128256
0.0020853188
0.0020419431
0.0019982339
0.0019542888
0.0019101549
0.0018659391
0.0018216706
0.0017773272
0.0017330021
0.0016886714
0.0016443041
0.0016000004
0.0015556988
0.0015115778
0.0014675363
0.0014233649
0.0013792594
0.0013352058
0.0012911964
0.0012472332
0.001203288
0.0011593173
0.0011153354
0.0010713644
0.0010273926
0.00098340218
0.00093938306
0.00089532781
0.0008512288
0.00080707968
0.00076287671
0.00071861939
0.00067431153
0.00062996299
0.0005855922
0.00054122873
0.00049691981
0.0004527315
0.00040877579
0.00036517117
0.00032226497
0.00028003893
0.00024039406
0.00019981393
0.00017243702
-6.8240419e-05
0.0002760008
-0.00043816129
0.002569334
0.0025371215
0.0025049833
0.0024724287
0.0024391724
0.0024048069
0.0023689639
0.0023316474
0.0022930534
0.0022533076
0.0022124907
0.002170769
0.0021283681
0.0020854252
0.002042044
0.0019983293
0.0019543791
0.0019102402
0.0018660197
0.0018217467
0.001777399
0.0017330698
0.0016887352
0.0016443642
0.001600057
0.0015557522
0.0015116281
0.0014675836
0.0014234095
0.0013793015
0.0013352454
0.0012912337
0.0012472684
0.0012033212
0.0011593485
0.0011153649
0.0010713921
0.0010274187
0.00098342684
0.00093940632
0.00089534976
0.0008512495
0.00080709922
0.00076289515
0.0007186368
0.00067432796
0.00062997852
0.00058560686
0.00054124258
0.0004969329
0.00045274387
0.00040878748
0.00036518223
0.00032227544
0.00028004884
0.00024040348
0.00019982275
0.00017245753
-6.7809903e-05
0.00027686813
-0.00043769602
0.0025695379
0.0025373149
0.0025051673
0.0024726043
0.0024393403
0.0024049676
0.0023691179
0.0023317948
0.0022931944
0.0022534421
0.0022126189
0.0021708911
0.0021284842
0.0020855353
0.0020421483
0.0019984281
0.0019544725
0.0019103285
0.0018661031
0.0018218254
0.0017774732
0.0017331398
0.0016888012
0.0016444264
0.0016001156
0.0015558074
0.0015116801
0.0014676326
0.0014234556
0.0013793449
0.0013352863
0.0012912723
0.0012473047
0.0012033554
0.0011593807
0.0011153953
0.0010714208
0.0010274457
0.0009834523
0.00093943033
0.00089537241
0.00085127087
0.00080711938
0.00076291418
0.00071865476
0.00067434492
0.00062999453
0.00058562198
0.00054125686
0.00049694639
0.00045275663
0.00040879954
0.00036519363
0.00032228622
0.00028005904
0.00024041318
0.00019983183
0.00017247862
-6.7370925e-05
0.00027774754
-0.00043722461
0.0025697491
0.0025375152
0.0025053578
0.002472786
0.002439514
0.002405134
0.0023692772
0.0023319473
0.0022933402
0.0022535813
0.0022127516
0.0021710174
0.0021286042
0.0020856493
0.0020422564
0.0019985304
0.0019545692
0.0019104198
0.0018661894
0.0018219068
0.00177755
0.0017332123
0.0016888694
0.0016444907
0.0016001762
0.0015558645
0.0015117339
0.0014676832
0.0014235033
0.0013793898
0.0013353286
0.0012913121
0.0012473422
0.0012033907
0.0011594141
0.0011154266
0.0010714503
0.0010274736
0.00098347859
0.00093945512
0.00089539579
0.00085129292
0.00080714019
0.00076293381
0.00071867329
0.00067436241
0.00063001104
0.00058563757
0.00054127159
0.00049696031
0.00045276978
0.00040881197
0.00036520538
0.00032229734
0.00028006956
0.00024042318
0.0001998412
0.00017250031
-6.6923401e-05
0.0002786392
-0.00043674697
0.0025699678
0.0025377226
0.002505555
0.0024729741
0.0024396938
0.0024053061
0.002369442
0.0023321051
0.002293491
0.0022537254
0.0022128889
0.0021711481
0.0021287284
0.0020857672
0.0020423681
0.0019986361
0.0019546692
0.0019105143
0.0018662786
0.001821991
0.0017776295
0.0017332872
0.0016889401
0.0016445573
0.0016002389
0.0015559235
0.0015117895
0.0014677356
0.0014235526
0.0013794362
0.0013353723
0.0012913533
0.001247381
0.0012034273
0.0011594485
0.0011154591
0.0010714809
0.0010275024
0.00098350573
0.00093948071
0.00089541992
0.00085131568
0.00080716166
0.00076295407
0.00071869241
0.00067438046
0.00063002807
0.00058565366
0.00054128678
0.00049697465
0.00045278333
0.00040882478
0.00036521749
0.00032230881
0.0002800804
0.00024043349
0.00019985085
0.00017252263
-6.6467229e-05
0.00027954329
-0.00043626302
0.0025701941
0.0025379372
0.0025057591
0.0024731687
0.0024398798
0.0024054842
0.0023696125
0.0023322682
0.002293647
0.0022538743
0.0022130309
0.0021712833
0.0021288569
0.0020858891
0.0020424837
0.0019987456
0.0019547727
0.0019106121
0.0018663709
0.0018220782
0.0017777117
0.0017333646
0.0016890131
0.0016446261
0.0016003037
0.0015559845
0.0015118469
0.0014677897
0.0014236035
0.0013794842
0.0013354175
0.0012913958
0.0012474211
0.001203465
0.001159484
0.0011154925
0.0010715124
0.0010275321
0.00098353375
0.00093950712
0.00089544482
0.00085133917
0.00080718381
0.00076297497
0.00071871213
0.00067439907
0.00063004564
0.00058567024
0.00054130244
0.00049698945
0.00045279731
0.00040883799
0.00036522998
0.00032232062
0.00028009157
0.00024044411
0.00019986079
0.00017254559
-6.6002293e-05
0.00028046
-0.00043577268
0.0025704283
0.0025381593
0.0025059703
0.00247337
0.0024400722
0.0024056683
0.0023697888
0.002332437
0.0022938084
0.0022540284
0.0022131778
0.002171423
0.0021289897
0.0020860153
0.0020426033
0.0019988588
0.0019548797
0.0019107132
0.0018664664
0.0018221683
0.0017777967
0.0017334448
0.0016890886
0.0016446972
0.0016003707
0.0015560476
0.0015119063
0.0014678456
0.0014236562
0.0013795338
0.0013354641
0.0012914398
0.0012474624
0.0012035039
0.0011595207
0.0011155271
0.001071545
0.0010275628
0.00098356267
0.00093953439
0.00089547053
0.00085136342
0.00080720668
0.00076299654
0.00071873248
0.00067441827
0.00063006376
0.00058568735
0.00054131859
0.0004970047
0.00045281172
0.0004088516
0.00036524285
0.00032233279
0.00028010308
0.00024045505
0.00019987104
0.0001725692
-6.5528462e-05
0.00028138952
-0.00043527586
0.0025706707
0.0025383892
0.0025061887
0.0024735782
0.0024402712
0.0024058587
0.0023699711
0.0023326114
0.0022939752
0.0022541877
0.0022133297
0.0021715676
0.0021291272
0.0020861457
0.002042727
0.0019989758
0.0019549904
0.0019108178
0.0018665652
0.0018222615
0.0017778846
0.0017335277
0.0016891667
0.0016447708
0.00160044
0.0015561128
0.0015119678
0.0014679035
0.0014237106
0.001379585
0.0013355124
0.0012914852
0.0012475052
0.0012035442
0.0011595586
0.0011155628
0.0010715786
0.0010275945
0.00098359254
0.00093956254
0.00089549707
0.00085138843
0.00080723027
0.00076301879
0.00071875347
0.00067443807
0.00063008245
0.00058570499
0.00054133525
0.00049702043
0.00045282657
0.00040886564
0.00036525611
0.00032234534
0.00028011495
0.00024046632
0.0001998816
0.00017259348
-6.504559e-05
0.00028233203
-0.00043477247
0.0025709214
0.0025386269
0.0025064147
0.0024737936
0.0024404769
0.0024060555
0.0023701595
0.0023327918
0.0022941476
0.0022543523
0.0022134866
0.0021717171
0.0021292692
0.0020862806
0.0020428549
0.0019990969
0.0019551049
0.001910926
0.0018666673
0.0018223579
0.0017779755
0.0017336134
0.0016892474
0.0016448468
0.0016005116
0.0015561803
0.0015120313
0.0014679632
0.0014237669
0.001379638
0.0013355622
0.0012915321
0.0012475494
0.0012035858
0.0011595978
0.0011155997
0.0010716134
0.0010276272
0.00098362337
0.0009395916
0.00089552445
0.00085141425
0.00080725461
0.00076304175
0.00071877512
0.0006744585
0.00063010173
0.00058572319
0.00054135242
0.00049703665
0.00045284189
0.00040888011
0.00036526978
0.00032235827
0.00028012717
0.00024047794
0.00019989248
0.00017261846
-6.4553525e-05
0.00028328773
-0.00043426243
0.0025711807
0.0025388727
0.0025066483
0.0024740162
0.0024406896
0.002406259
0.0023703542
0.0023329781
0.0022943258
0.0022545225
0.0022136489
0.0021718715
0.0021294161
0.0020864201
0.0020429871
0.0019992221
0.0019552233
0.0019110379
0.001866773
0.0018224576
0.0017780695
0.001733702
0.001689331
0.0016449255
0.0016005857
0.00155625
0.0015120969
0.001468025
0.001423825
0.0013796927
0.0013356137
0.0012915806
0.001247595
0.0012036288
0.0011596382
0.0011156378
0.0010716493
0.001027661
0.00098365521
0.00093962159
0.00089555273
0.0008514409
0.00080727974
0.00076306544
0.00071879747
0.00067447958
0.00063012162
0.00058574195
0.00054137014
0.00049705337
0.00045285768
0.00040889503
0.00036528388
0.0003223716
0.00028013977
0.00024048991
0.0001999037
0.00017264415
-6.4052101e-05
0.00028425682
-0.00043374565
)
;

boundaryField
{
    inlet
    {
        type            zeroGradient;
    }
    top
    {
        type            zeroGradient;
    }
    outlet
    {
        type            fixedValue;
        value           uniform 0;
    }
    slipsurface
    {
        type            slip;
    }
    bottom
    {
        type            zeroGradient;
    }
    frontandback
    {
        type            empty;
    }
    procBoundary0to1
    {
        type            processor;
        value           nonuniform List<scalar> 
61
(
0.0025664037
0.0025343408
0.0025023356
0.0024698993
0.00243675
0.0024024846
0.0023667375
0.0023295145
0.0022910127
0.0022513581
0.0022106313
0.0021689984
0.0021266841
0.0020838258
0.0020405272
0.0019968927
0.0019530194
0.0019089541
0.0018648038
0.0018205978
0.0017763138
0.0017320453
0.0016877683
0.001643452
0.0015991965
0.0015549405
0.0015108626
0.0014668616
0.0014227286
0.0013786594
0.0013346397
0.0012906625
0.0012467295
0.0012028128
0.0011588688
0.0011149122
0.0010709649
0.0010270155
0.00098304615
0.00093904686
0.00089501028
0.00085092885
0.0008067963
0.00076260895
0.00071836633
0.00067407235
0.00062973689
0.00058537842
0.00054102655
0.00049672857
0.00045255057
0.00040860457
0.00036500912
0.00032211144
0.00027989355
0.00024025569
0.00019968443
0.00017213148
-7.515013e-05
0.00026092335
-0.00044626466
)
;
    }
    procBoundary0to2
    {
        type            processor;
        value           nonuniform List<scalar> 
61
(
0.0025714488
0.0025391269
0.0025068898
0.0024742463
0.0024409093
0.0024064692
0.0023705554
0.0023331707
0.0022945099
0.0022546984
0.0022138166
0.0021720312
0.0021295679
0.0020865643
0.0020431238
0.0019993516
0.0019553457
0.0019111536
0.0018668822
0.0018225607
0.0017781667
0.0017337936
0.0016894173
0.0016450068
0.0016006622
0.0015563221
0.0015121648
0.0014680889
0.0014238851
0.0013797493
0.001335667
0.0012916307
0.0012476422
0.0012036732
0.00115968
0.0011156771
0.0010716863
0.0010276959
0.00098368808
0.00093965257
0.00089558191
0.00085146841
0.00080730567
0.00076308989
0.00071882052
0.00067450133
0.00063014213
0.00058576131
0.0005413884
0.00049707061
0.00045287396
0.0004089104
0.00036529841
0.00032238534
0.00028015276
0.00024050225
0.00019991526
0.00017267057
-6.3541142e-05
0.0002852395
-0.00043322204
)
;
    }
    procBoundary0to6
    {
        type            processor;
        value           uniform 0.0025990617;
    }
    procBoundary0to7
    {
        type            processor;
        value           nonuniform List<scalar> 
28
(
0.0025991632
0.0025992689
0.0025993789
0.0025994935
0.0025996126
0.0025997366
0.0025998654
0.0025999993
0.0026001384
0.0026002829
0.0026004329
0.0026005886
0.0026007502
0.0026009178
0.0026010917
0.002601272
0.002601459
0.0026016528
0.0026018536
0.0026020617
0.0026022772
0.0026025004
0.0026027315
0.0026029707
0.0026032183
0.0026034744
0.0026037394
0.0026040134
)
;
    }
}


// ************************************************************************* //
