/*--------------------------------*- C++ -*----------------------------------*\
  =========                 |
  \\      /  F ield         | OpenFOAM: The Open Source CFD Toolbox
   \\    /   O peration     | Website:  https://openfoam.org
    \\  /    A nd           | Version:  12
     \\/     M anipulation  |
\*---------------------------------------------------------------------------*/
FoamFile
{
    format      ascii;
    class       surfaceScalarField;
    location    "2000";
    object      phi;
}
// * * * * * * * * * * * * * * * * * * * * * * * * * * * * * * * * * * * * * //

dimensions      [0 3 -1 0 0 0 0];

internalField   nonuniform List<scalar> 
890
(
0.0024507606
2.3501506e-05
0.002450861
2.4169528e-05
0.0024509628
2.4843655e-05
0.0024510651
2.552228e-05
0.0024511673
2.6204908e-05
0.002451269
2.6892085e-05
0.0024513699
2.7585245e-05
0.0024514697
2.8286317e-05
0.0024515685
2.8997311e-05
0.0024516663
2.9720055e-05
0.0024517634
3.0456278e-05
0.0024518597
3.1207523e-05
0.0024519555
3.1974922e-05
0.002452051
3.2759194e-05
0.0024521461
3.3561029e-05
0.0024522411
3.4381223e-05
0.0024523359
3.522049e-05
0.0024524307
3.6079496e-05
0.0024525255
3.6959073e-05
0.0024526205
3.786019e-05
0.0024527156
3.8783626e-05
0.0024528109
3.9730207e-05
0.0024529065
4.0700922e-05
0.0024530025
4.169659e-05
0.002453099
4.2718016e-05
0.0024531959
4.376612e-05
0.0024532934
4.4841707e-05
4.5945578e-05
0.0025325857
2.3400241e-05
0.0025326891
2.4066149e-05
0.0025327939
2.4738918e-05
0.0025328992
2.5416907e-05
0.0025330046
2.6099532e-05
0.0025331095
2.6787199e-05
0.0025332136
2.7481168e-05
0.0025333167
2.8183202e-05
0.0025334188
2.8895181e-05
0.00253352
2.9618858e-05
0.0025336204
3.0355903e-05
0.0025337201
3.1107815e-05
0.0025338193
3.1875724e-05
0.0025339181
3.2660388e-05
0.0025340166
3.3462514e-05
0.0025341149
3.4282904e-05
0.0025342131
3.5122281e-05
0.0025343113
3.5981326e-05
0.0025344095
3.6860871e-05
0.0025345078
3.776187e-05
0.0025346063
3.8685115e-05
0.0025347051
3.9631436e-05
0.0025348042
4.0601812e-05
0.0025349037
4.1597074e-05
0.0025350037
4.2618034e-05
0.0025351042
4.366561e-05
0.0025352053
4.474062e-05
4.5843875e-05
0.0026171423
2.3295906e-05
0.0026172487
2.3959709e-05
0.0026173565
2.4631092e-05
0.0026174651
2.5308392e-05
0.0026175736
2.5990948e-05
0.0026176818
2.6679036e-05
0.0026177892
2.7373752e-05
0.0026178957
2.8076698e-05
0.0026180013
2.8789628e-05
0.0026181059
2.9514216e-05
0.0026182098
3.0252069e-05
0.0026183129
3.1004642e-05
0.0026184156
3.1773063e-05
0.0026185179
3.2558117e-05
0.0026186198
3.3360535e-05
0.0026187216
3.4181117e-05
0.0026188233
3.5020598e-05
0.002618925
3.5879675e-05
0.0026190267
3.6759175e-05
0.0026191285
3.7660043e-05
0.0026192305
3.858308e-05
0.0026193328
3.952912e-05
0.0026194355
4.0499135e-05
0.0026195386
4.1493964e-05
0.0026196422
4.2514427e-05
0.0026197464
4.3561443e-05
0.0026198512
4.4635838e-05
4.5738435e-05
0.0027045214
2.3188392e-05
0.002704631
2.3850106e-05
0.002704742
2.4520079e-05
0.0027048537
2.5196642e-05
0.0027049656
2.5879064e-05
0.0027050771
2.6567504e-05
0.002705188
2.7262905e-05
0.002705298
2.7966711e-05
0.002705407
2.8680554e-05
0.0027055152
2.9406027e-05
0.0027056226
3.0144671e-05
0.0027057294
3.0897899e-05
0.0027058356
3.1666829e-05
0.0027059414
3.2452274e-05
0.002706047
3.3254981e-05
0.0027061524
3.4075752e-05
0.0027062576
3.4915332e-05
0.0027063629
3.5774432e-05
0.0027064682
3.6653877e-05
0.0027065736
3.75546e-05
0.0027066793
3.8477412e-05
0.0027067852
3.9423153e-05
0.0027068916
4.0392785e-05
0.0027069984
4.1387155e-05
0.0027071057
4.2407093e-05
0.0027072137
4.3453515e-05
0.0027073222
4.4527261e-05
4.562916e-05
0.0027948171
2.3077587e-05
0.00279493
2.3737234e-05
0.0027950443
2.4405781e-05
0.0027951594
2.5081562e-05
0.0027952747
2.5763787e-05
0.0027953897
2.6452511e-05
0.002795504
2.714853e-05
0.0027956176
2.7853143e-05
0.0027957303
2.8567858e-05
0.0027958421
2.9294186e-05
0.0027959532
3.0033604e-05
0.0027960636
3.0787477e-05
0.0027961735
3.1556913e-05
0.0027962831
3.2342747e-05
0.0027963923
3.3145739e-05
0.0027965014
3.3966695e-05
0.0027966103
3.4806369e-05
0.0027967193
3.5665482e-05
0.0027968283
3.6544861e-05
0.0027969375
3.7445426e-05
0.0027970469
3.8367998e-05
0.0027971566
3.931342e-05
0.0027972668
4.0282647e-05
0.0027973774
4.1276535e-05
0.0027974885
4.2295919e-05
0.0027976003
4.3341718e-05
0.0027977128
4.441478e-05
4.5515943e-05
0.0028881269
2.2963374e-05
0.0028882432
2.3620986e-05
0.0028883609
2.4288095e-05
0.0028884794
2.4963052e-05
0.0028885982
2.5645021e-05
0.0028887167
2.6333959e-05
0.0028888347
2.703053e-05
0.002888952
2.7735893e-05
0.0028890684
2.8451437e-05
0.002889184
2.9178588e-05
0.0028892988
2.9918757e-05
0.002889413
3.0673263e-05
0.0028895268
3.14432e-05
0.0028896401
3.2229417e-05
0.0028897531
3.3032691e-05
0.002889866
3.3853827e-05
0.0028899788
3.4693587e-05
0.0028900916
3.5552705e-05
0.0028902044
3.6432005e-05
0.0028903174
3.73324e-05
0.0028904307
3.8254716e-05
0.0028905443
3.9199801e-05
0.0028906584
4.0168603e-05
0.0028907729
4.1161984e-05
0.0028908881
4.2180788e-05
0.0028910039
4.3225934e-05
0.0028911204
4.4298278e-05
4.5398668e-05
0.0029845513
2.2845632e-05
0.0029846711
2.3501246e-05
0.0029847923
2.4166912e-05
0.0029849143
2.4841007e-05
0.0029850367
2.5522662e-05
0.0029851589
2.6211747e-05
0.0029852806
2.6908804e-05
0.0029854016
2.7614858e-05
0.0029855219
2.8331183e-05
0.0029856413
2.9059122e-05
0.0029857601
2.9800018e-05
0.0029858782
3.0555141e-05
0.0029859958
3.132557e-05
0.0029861131
3.2112165e-05
0.0029862301
3.2915714e-05
0.0029863469
3.3737024e-05
0.0029864636
3.4576863e-05
0.0029865803
3.5435976e-05
0.0029866971
3.6315185e-05
0.0029868141
3.7215395e-05
0.0029869314
3.813744e-05
0.0029870491
3.9082169e-05
0.0029871671
4.0050525e-05
0.0029872857
4.1043376e-05
0.002987405
4.2061574e-05
0.0029875249
4.3106037e-05
0.0029876455
4.4177631e-05
4.5277214e-05
0.0030841942
2.2724237e-05
0.0030843175
2.3377897e-05
0.0030844423
2.404212e-05
0.003084568
2.4715321e-05
0.0030846941
2.5396606e-05
0.0030848201
2.6085771e-05
0.0030849456
2.6783246e-05
0.0030850705
2.748993e-05
0.0030851947
2.8206988e-05
0.0030853182
2.8935675e-05
0.0030854409
2.9677269e-05
0.0030855631
3.0432992e-05
0.0030856847
3.1203902e-05
0.003085806
3.1990867e-05
0.0030859271
3.2794683e-05
0.0030860479
3.3616158e-05
0.0030861687
3.4456067e-05
0.0030862895
3.5315164e-05
0.0030864105
3.619427e-05
0.0030865316
3.7094281e-05
0.003086653
3.8016037e-05
0.0030867748
3.8960392e-05
0.003086897
3.992828e-05
0.0030870198
4.0920578e-05
0.0030871432
4.1938143e-05
0.0030872674
4.2981895e-05
0.0030873923
4.4052708e-05
4.5151448e-05
0.0031871629
2.2599061e-05
0.00318729
2.3250817e-05
0.0031874185
2.3913603e-05
0.0031875479
2.4585881e-05
0.0031876778
2.5266743e-05
0.0031878076
2.5955923e-05
0.0031879371
2.6653747e-05
0.0031880661
2.7360999e-05
0.0031881943
2.8078736e-05
0.0031883219
2.8808131e-05
0.0031884487
2.9550392e-05
0.003188575
3.0306693e-05
0.0031887009
3.1078069e-05
0.0031888264
3.1865393e-05
0.0031889516
3.2669467e-05
0.0031890766
3.3491098e-05
0.0031892016
3.4331067e-05
0.0031893267
3.5190135e-05
0.0031894518
3.6069123e-05
0.0031895772
3.696892e-05
0.0031897028
3.7890371e-05
0.0031898289
3.8834331e-05
0.0031899554
3.9801731e-05
0.0031900826
4.0793451e-05
0.0031902104
4.1810358e-05
0.0031903389
4.2853369e-05
0.0031904682
4.3923368e-05
4.5021231e-05
0.0032935684
2.2469974e-05
0.0032936993
2.3119881e-05
0.0032938317
2.3781239e-05
0.003293965
2.445257e-05
0.0032940988
2.513296e-05
0.0032942326
2.5822089e-05
0.0032943662
2.6520194e-05
0.0032944992
2.7227949e-05
0.0032946317
2.7946311e-05
0.0032947634
2.8676368e-05
0.0032948945
2.9419262e-05
0.0032950251
3.0176116e-05
0.0032951552
3.0947942e-05
0.003295285
3.1735612e-05
0.0032954146
3.2539931e-05
0.003295544
3.3361707e-05
0.0032956733
3.4201723e-05
0.0032958027
3.5060748e-05
0.0032959322
3.5939604e-05
0.003296062
3.683917e-05
0.003296192
3.7760297e-05
0.0032963225
3.8703842e-05
0.0032964535
3.9670731e-05
0.0032965851
4.0661851e-05
0.0032967174
4.1678071e-05
0.0032968505
4.2720313e-05
0.0032969844
4.3789468e-05
4.4886419e-05
0.0034035253
2.2336843e-05
0.0034036603
2.2984959e-05
0.0034037966
2.3644906e-05
0.0034039339
2.4315268e-05
0.0034040717
2.4995138e-05
0.0034042097
2.5684154e-05
0.0034043474
2.6382471e-05
0.0034044847
2.7090664e-05
0.0034046214
2.7809591e-05
0.0034047575
2.8540262e-05
0.003404893
2.9283751e-05
0.003405028
3.004113e-05
0.0034051625
3.0813386e-05
0.0034052968
3.1601385e-05
0.0034054308
3.2405935e-05
0.0034055646
3.3227842e-05
0.0034056985
3.4067892e-05
0.0034058323
3.492686e-05
0.0034059664
3.5805565e-05
0.0034061007
3.6704884e-05
0.0034062353
3.7625667e-05
0.0034063704
3.8568776e-05
0.003406506
3.9535132e-05
0.0034066422
4.0525625e-05
0.0034067791
4.1541132e-05
0.0034069169
4.2582575e-05
0.0034070555
4.3650853e-05
4.4746857e-05
0.0035171522
2.2199533e-05
0.0035172913
2.2845921e-05
0.0035174317
2.3504475e-05
0.0035175731
2.417385e-05
0.0035177151
2.4853157e-05
0.0035178572
2.5541998e-05
0.0035179993
2.6240456e-05
0.0035181409
2.6949019e-05
0.003518282
2.7668452e-05
0.0035184226
2.8399685e-05
0.0035185626
2.9143727e-05
0.0035187022
2.9901601e-05
0.0035188413
3.0674262e-05
0.0035189801
3.1462572e-05
0.0035191187
3.2267335e-05
0.0035192572
3.3089358e-05
0.0035193957
3.3929426e-05
0.0035195342
3.4788319e-05
0.0035196729
3.5666857e-05
0.0035198119
3.6565908e-05
0.0035199512
3.7486327e-05
0.003520091
3.8428977e-05
0.0035202314
3.9394775e-05
0.0035203724
4.0384616e-05
0.0035205141
4.1399382e-05
0.0035206567
4.2439996e-05
0.0035208002
4.3507363e-05
4.4602386e-05
0.0036345714
2.2057908e-05
0.0036347147
2.2702632e-05
0.0036348594
2.3359815e-05
0.003635005
2.402819e-05
0.0036351513
2.470689e-05
0.0036352978
2.5395494e-05
0.0036354442
2.6094026e-05
0.0036355904
2.6802889e-05
0.0036357361
2.7522765e-05
0.0036358812
2.8254505e-05
0.0036360259
2.8999055e-05
0.0036361701
2.9757387e-05
0.003636314
3.0530427e-05
0.0036364575
3.1319025e-05
0.0036366009
3.2123983e-05
0.0036367441
3.2946102e-05
0.0036368874
3.3786171e-05
0.0036370307
3.4644971e-05
0.0036371743
3.5523321e-05
0.0036373181
3.6422085e-05
0.0036374623
3.7342117e-05
0.003637607
3.8284285e-05
0.0036377523
3.92495e-05
0.0036378982
4.0238661e-05
0.0036380449
4.1252656e-05
0.0036381925
4.229241e-05
0.0036383411
4.3358834e-05
4.4452839e-05
0.0037559096
2.1911834e-05
0.0037560572
2.2554958e-05
0.0037562062
2.3210794e-05
0.0037563563
2.3878156e-05
0.003756507
2.455621e-05
0.0037566579
2.5244518e-05
0.0037568089
2.5943053e-05
0.0037569597
2.6652145e-05
0.00375711
2.7372396e-05
0.0037572599
2.8104586e-05
0.0037574094
2.8849595e-05
0.0037575584
2.9608347e-05
0.0037577071
3.0381734e-05
0.0037578556
3.1170594e-05
0.0037580038
3.1975724e-05
0.003758152
3.279792e-05
0.0037583002
3.3637968e-05
0.0037584485
3.4496655e-05
0.0037585971
3.5374795e-05
0.0037587459
3.6273249e-05
0.0037588951
3.7192872e-05
0.0037590449
3.8134531e-05
0.0037591952
3.9099137e-05
0.0037593463
4.008759e-05
0.0037594982
4.1100784e-05
0.003759651
4.2139645e-05
0.0037598047
4.3205093e-05
4.4298043e-05
0.0038812973
2.1761176e-05
0.0038814495
2.2402764e-05
0.003881603
2.3057278e-05
0.0038817576
2.3723617e-05
0.0038819128
2.4400984e-05
0.0038820684
2.5088937e-05
0.003882224
2.5787405e-05
0.0038823795
2.6496654e-05
0.0038825347
2.7217212e-05
0.0038826895
2.7949789e-05
0.0038828439
2.8695205e-05
0.0038829979
2.9454332e-05
0.0038831516
3.0228032e-05
0.0038833051
3.1017125e-05
0.0038834584
3.18224e-05
0.0038836117
3.2644649e-05
0.003883765
3.3484655e-05
0.0038839184
3.4343204e-05
0.0038840721
3.5221112e-05
0.0038842261
3.6119231e-05
0.0038843806
3.703842e-05
0.0038845356
3.7979544e-05
0.0038846912
3.8943513e-05
0.0038848476
3.9931229e-05
0.0038850047
4.094359e-05
0.0038851629
4.1981525e-05
0.003885322
4.304596e-05
4.4137818e-05
0.0040108699
2.1605802e-05
0.0040110267
2.2245916e-05
0.0040111848
2.2899132e-05
0.004011344
2.3564439e-05
0.0040115039
2.4241082e-05
0.0040116642
2.492862e-05
0.0040118247
2.5626951e-05
0.0040119851
2.6336281e-05
0.0040121452
2.7057074e-05
0.004012305
2.7789973e-05
0.0040124645
2.8535738e-05
0.0040126236
2.9295193e-05
0.0040127825
3.0069166e-05
0.0040129412
3.0858458e-05
0.0040130997
0.0040132582
0.0040134168
0.0040135756
0.0040137346
0.004013894
0.0040140538
0.0040142142
0.0040143753
3.8782447e-05
0.0040145371
3.9769394e-05
0.0040146998
4.078089e-05
0.0040148635
4.1817866e-05
0.0040150282
4.2881251e-05
4.3971978e-05
0.0044837673
0.0044839422
0.0044841184
0.0044842957
0.0044844739
0.0044846525
0.0044848314
0.0044850104
0.0044851891
0.0044853675
0.0044855457
0.0044857236
0.0044859012
0.0044876838
0.004487865
0.0044880471
0.0044882304
0.0044884148
)
;

boundaryField
{
    inlet
    {
        type            calculated;
        value           nonuniform List<scalar> 0();
    }
    top
    {
        type            calculated;
        value           nonuniform List<scalar> 0();
    }
    outlet
    {
        type            calculated;
        value           nonuniform List<scalar> 0();
    }
    slipsurface
    {
        type            calculated;
        value           nonuniform List<scalar> 0();
    }
    bottom
    {
        type            calculated;
        value           nonuniform List<scalar> 0();
    }
    frontandback
    {
        type            empty;
    }
    procBoundary11to0
    {
        type            processor;
        value           nonuniform List<scalar> 
16
(
-0.0025324845
-0.0026170379
-0.0027044138
-0.0027947063
-0.0028880127
-0.0029844336
-0.0030840728
-0.0031870377
-0.0032934393
-0.0034033922
-0.0035170149
-0.0036344298
-0.0037557635
-0.0038811467
-0.0040107145
-0.004483594
)
;
    }
    procBoundary11to4
    {
        type            processor;
        value           uniform -0.0024506623;
    }
    procBoundary11to8
    {
        type            processor;
        value           nonuniform List<scalar> 
17
(
0.0024533915
0.002535307
0.0026199566
0.0027074315
0.002797826
0.0028912376
0.002987767
0.0030875181
0.0031905984
0.0032971192
0.0034071951
0.0035209447
0.0036384906
0.0037599595
0.0038854822
0.004015194
0.0044886005
)
;
    }
    procBoundary11to9
    {
        type            processor;
        value           uniform 4.3786279e-05;
    }
    procBoundary11to10
    {
        type            processor;
        value           nonuniform List<scalar> 
29
(
3.166385e-05
3.2486124e-05
3.3326062e-05
3.4184449e-05
3.5062098e-05
3.5959857e-05
3.6878583e-05
3.7819145e-05
2.1432495e-05
2.207108e-05
2.2722921e-05
2.3387102e-05
2.406292e-05
2.4749945e-05
2.5448046e-05
2.6157379e-05
2.6878341e-05
2.7611508e-05
2.8357581e-05
2.9117331e-05
2.9891549e-05
0.0044860786
3.0681014e-05
-0.0044875034
3.8602108e-05
3.9588189e-05
4.0598712e-05
4.1634609e-05
4.2696818e-05
)
;
    }
    procBoundary11to13
    {
        type            processor;
        value           uniform -4.604363e-05;
    }
    procBoundary11to14
    {
        type            processor;
        value           nonuniform List<scalar> 
27
(
-2.3599805e-05
-2.4269943e-05
-2.4945394e-05
-2.5624598e-05
-2.6307164e-05
-2.6993783e-05
-2.7686071e-05
-2.8386136e-05
-2.9096113e-05
-2.9817902e-05
-3.0553293e-05
-3.1303869e-05
-3.207076e-05
-3.2854642e-05
-3.3656183e-05
-3.447618e-05
-3.5315332e-05
-3.6174288e-05
-3.7053885e-05
-3.7955106e-05
-3.8878715e-05
-3.9825534e-05
-4.0796563e-05
-4.179261e-05
-4.281447e-05
-4.3863065e-05
-4.4939187e-05
)
;
    }
}


// ************************************************************************* //
