/*--------------------------------*- C++ -*----------------------------------*\
  =========                 |
  \\      /  F ield         | OpenFOAM: The Open Source CFD Toolbox
   \\    /   O peration     | Website:  https://openfoam.org
    \\  /    A nd           | Version:  12
     \\/     M anipulation  |
\*---------------------------------------------------------------------------*/
FoamFile
{
    format      ascii;
    class       surfaceScalarField;
    location    "1900";
    object      phi;
}
// * * * * * * * * * * * * * * * * * * * * * * * * * * * * * * * * * * * * * //

dimensions      [0 3 -1 0 0 0 0];

internalField   nonuniform List<scalar> 
3468
(
1.553109e-05
1.2691505e-06
1.5477956e-05
1.2118209e-06
1.5427169e-05
1.1582306e-06
1.5378576e-05
1.1080497e-06
1.5332038e-05
1.0609836e-06
1.5287428e-05
1.0167676e-06
1.5244629e-05
9.751678e-07
1.5203536e-05
9.3597883e-07
1.5164051e-05
8.9898903e-07
1.5126084e-05
8.640217e-07
1.5089552e-05
8.3095422e-07
1.5054378e-05
7.9965281e-07
1.502049e-05
7.6998161e-07
1.4987823e-05
7.4182203e-07
1.4956316e-05
7.1506613e-07
1.492591e-05
6.8961929e-07
1.4896554e-05
6.653969e-07
1.4868197e-05
6.4232206e-07
1.4840792e-05
6.2032382e-07
1.4814297e-05
5.9933633e-07
1.478867e-05
5.7929871e-07
1.4763872e-05
5.6015475e-07
1.4739868e-05
5.4185242e-07
1.4716623e-05
5.2434373e-07
1.4694106e-05
5.0758421e-07
1.4672286e-05
4.9153261e-07
1.4651134e-05
4.7615043e-07
1.4630623e-05
4.6140207e-07
1.4610728e-05
4.4725476e-07
1.4591425e-05
4.3367785e-07
1.457269e-05
4.2064262e-07
1.4554501e-05
4.0812197e-07
1.4536839e-05
3.9609028e-07
1.4519682e-05
3.8452449e-07
1.4503012e-05
3.7340024e-07
1.4486811e-05
3.6269859e-07
1.4471063e-05
3.5240301e-07
1.445575e-05
3.424919e-07
1.4440857e-05
3.3294713e-07
1.4426369e-05
3.237533e-07
1.4412273e-05
3.148956e-07
1.4398553e-05
3.0635961e-07
1.4385197e-05
2.9813171e-07
1.4372193e-05
2.9019936e-07
1.4359528e-05
2.8255049e-07
1.4347191e-05
2.7517448e-07
1.433517e-05
2.680604e-07
1.4323454e-05
2.6120117e-07
1.4312033e-05
2.5458461e-07
1.4300897e-05
2.4821291e-07
1.4290035e-05
2.4206335e-07
1.4279436e-05
2.3617289e-07
1.4269092e-05
2.3046313e-07
1.4258987e-05
2.2512417e-07
1.424912e-05
2.1980353e-07
1.4239447e-05
2.1548065e-07
1.4229995e-05
2.1047306e-07
1.4220646e-05
2.0818952e-07
1.4211874e-05
1.9525406e-07
1.4201086e-05
2.401192e-07
1.5341291e-07
1.6112232e-05
1.3270312e-06
1.6056968e-05
1.2670842e-06
1.6004147e-05
1.2110519e-06
1.5953608e-05
1.1585884e-06
1.5905207e-05
1.1093847e-06
1.5858811e-05
1.0631634e-06
1.58143e-05
1.0196794e-06
1.5771561e-05
9.7871745e-07
1.5730494e-05
9.4005603e-07
1.5691006e-05
9.0351005e-07
1.5653009e-05
8.6895077e-07
1.5616424e-05
8.3623805e-07
1.5581176e-05
8.0522976e-07
1.5547196e-05
7.7580178e-07
1.5514421e-05
7.4784119e-07
1.5482791e-05
7.2124896e-07
1.5452252e-05
6.959365e-07
1.542275e-05
6.7182331e-07
1.5394239e-05
6.4883512e-07
1.5366672e-05
6.2690307e-07
1.5340008e-05
6.0596343e-07
1.5314205e-05
5.8595743e-07
1.5289227e-05
5.6683065e-07
1.5265038e-05
5.4853288e-07
1.5241604e-05
5.3101763e-07
1.5218895e-05
5.1424175e-07
1.519688e-05
4.98165e-07
1.5175532e-05
4.8275019e-07
1.5154824e-05
4.6796303e-07
1.513473e-05
4.5377149e-07
1.5115227e-05
4.4014555e-07
1.5096293e-05
4.2705689e-07
1.5077904e-05
4.1447876e-07
1.5060041e-05
4.0238706e-07
1.5042685e-05
3.9075636e-07
1.5025817e-05
3.795669e-07
1.5009419e-05
3.6880137e-07
1.4993473e-05
3.5843723e-07
1.4977965e-05
3.484556e-07
1.4962878e-05
3.388404e-07
1.4948197e-05
3.2957616e-07
1.4933909e-05
3.2064786e-07
1.4919999e-05
3.1204127e-07
1.4906455e-05
3.0374333e-07
1.4893264e-05
2.9574147e-07
1.4880414e-05
2.880246e-07
1.4867893e-05
2.8058136e-07
1.485569e-05
2.7340437e-07
1.4843794e-05
2.6648094e-07
1.4832193e-05
2.598134e-07
1.4820879e-05
2.5337806e-07
1.4809838e-05
2.4721362e-07
1.4799063e-05
2.412381e-07
1.4788537e-05
2.3565053e-07
1.4778258e-05
2.3008218e-07
1.4768181e-05
2.2555788e-07
1.4758333e-05
2.2032026e-07
1.4748595e-05
2.1792844e-07
1.4739456e-05
2.0439282e-07
1.4728216e-05
2.5135853e-07
1.6059086e-07
1.6713527e-05
1.3872402e-06
1.6656043e-05
1.3245682e-06
1.6601101e-05
1.2659942e-06
1.6548534e-05
1.2111554e-06
1.6498191e-05
1.1597277e-06
1.6449934e-05
1.1114203e-06
1.6403637e-05
1.0659765e-06
1.6359184e-05
1.0231706e-06
1.6316469e-05
9.8277097e-07
1.6275395e-05
9.4458364e-07
1.6235872e-05
9.0847345e-07
1.6197817e-05
8.7429366e-07
1.6161151e-05
8.4189553e-07
1.6125804e-05
8.1114919e-07
1.6091708e-05
7.8193656e-07
1.6058803e-05
7.5415398e-07
1.6027031e-05
7.2770872e-07
1.5996338e-05
7.0251651e-07
1.5966673e-05
6.7849964e-07
1.593799e-05
6.5558607e-07
1.5910244e-05
6.3370915e-07
1.5883395e-05
6.1280741e-07
1.5857401e-05
5.9282393e-07
1.5832228e-05
5.7370622e-07
1.580784e-05
5.5540565e-07
1.5784204e-05
5.3787714e-07
1.5761291e-05
5.2107862e-07
1.573907e-05
5.049712e-07
1.5717514e-05
4.8951907e-07
1.5696597e-05
4.7468875e-07
1.5676293e-05
4.6044884e-07
1.565658e-05
4.4676979e-07
1.5637435e-05
4.3362365e-07
1.5618837e-05
4.2098524e-07
1.5600766e-05
4.0882803e-07
1.5583201e-05
3.9713138e-07
1.5566125e-05
3.858772e-07
1.5549521e-05
3.7504199e-07
1.553337e-05
3.6460606e-07
1.5517658e-05
3.5455262e-07
1.5502369e-05
3.4486553e-07
1.5487487e-05
3.3552914e-07
1.5473e-05
3.2652861e-07
1.5458893e-05
3.1785032e-07
1.5445153e-05
3.0948117e-07
1.5431768e-05
3.0140962e-07
1.5418726e-05
2.9362383e-07
1.5406014e-05
2.8611613e-07
1.5393622e-05
2.788733e-07
1.5381537e-05
2.7189784e-07
1.536975e-05
2.6516499e-07
1.5358249e-05
2.5871532e-07
1.5347023e-05
2.5246314e-07
1.5336057e-05
2.4661672e-07
1.5325349e-05
2.4079047e-07
1.531485e-05
2.3605639e-07
1.5304591e-05
2.305795e-07
1.5294445e-05
2.2807482e-07
1.5284923e-05
2.1391424e-07
1.5273213e-05
2.6306891e-07
1.680698e-07
1.7335667e-05
1.449878e-06
1.7275867e-05
1.3843685e-06
1.7218712e-05
1.3231484e-06
1.7164031e-05
1.2658373e-06
1.7111663e-05
1.2120951e-06
1.7061466e-05
1.1616172e-06
1.7013308e-05
1.1141345e-06
1.6967068e-05
1.0694107e-06
1.6922636e-05
1.0272033e-06
1.687991e-05
9.8730916e-07
1.6838797e-05
9.4958641e-07
1.679921e-05
9.1388134e-07
1.6761067e-05
8.8003837e-07
1.6724294e-05
8.4792161e-07
1.6688823e-05
8.1740757e-07
1.665459e-05
7.8838779e-07
1.6621533e-05
7.6076521e-07
1.6589598e-05
7.3445163e-07
1.6558732e-05
7.0936572e-07
1.6528886e-05
6.8543215e-07
1.6500014e-05
6.6258122e-07
1.6472073e-05
6.4074863e-07
1.6445022e-05
6.198749e-07
1.6418823e-05
5.9990512e-07
1.639344e-05
5.8078847e-07
1.6368839e-05
5.624778e-07
1.6344989e-05
5.4492918e-07
1.6321858e-05
5.2810196e-07
1.6299418e-05
5.1195872e-07
1.6277643e-05
4.9646447e-07
1.6256505e-05
4.8158641e-07
1.6235981e-05
4.6729366e-07
1.6216048e-05
4.5355705e-07
1.6196683e-05
4.4035029e-07
1.6177865e-05
4.2764569e-07
1.6159575e-05
4.1542171e-07
1.6141792e-05
4.0365943e-07
1.61245e-05
3.9233435e-07
1.610768e-05
3.8142595e-07
1.6091316e-05
3.7091672e-07
1.6075392e-05
3.6078982e-07
1.6059892e-05
3.5102891e-07
1.6044802e-05
3.4161855e-07
1.6030108e-05
3.3254454e-07
1.6015796e-05
3.2379322e-07
1.6001853e-05
3.153526e-07
1.5988266e-05
3.0721032e-07
1.5975024e-05
2.9935844e-07
1.5962114e-05
2.9178316e-07
1.5949525e-05
2.8448716e-07
1.5937245e-05
2.7744461e-07
1.5925263e-05
2.7069799e-07
1.5913568e-05
2.6415776e-07
1.5902143e-05
2.5804183e-07
1.5890986e-05
2.5194705e-07
1.5880048e-05
2.469945e-07
1.5869359e-05
2.4126871e-07
1.5858787e-05
2.3864638e-07
1.5848867e-05
2.2383496e-07
1.5836665e-05
2.7527089e-07
1.7586291e-07
1.7979364e-05
1.5150501e-06
1.7917148e-05
1.446585e-06
1.7857686e-05
1.3826096e-06
1.7800799e-05
1.3227245e-06
1.7746321e-05
1.2665733e-06
1.7694102e-05
1.2138367e-06
1.7644003e-05
1.1642326e-06
1.7595901e-05
1.1175134e-06
1.7549678e-05
1.0734256e-06
1.7505231e-05
1.0317564e-06
1.7462461e-05
9.9235667e-07
1.7421277e-05
9.5506561e-07
1.7381595e-05
9.1972041e-07
1.7343337e-05
8.8617892e-07
1.7306433e-05
8.5431201e-07
1.7270815e-05
8.240062e-07
1.723642e-05
7.951599e-07
1.7203191e-05
7.6768079e-07
1.7171073e-05
7.4148381e-07
1.7140015e-05
7.1649016e-07
1.7109969e-05
6.9262696e-07
1.708089e-05
6.6982699e-07
1.7052737e-05
6.4802806e-07
1.702547e-05
6.2717277e-07
1.699905e-05
6.0720798e-07
1.6973444e-05
5.8808444e-07
1.6948616e-05
5.6975623e-07
1.6924538e-05
5.5218091e-07
1.6901177e-05
5.3531935e-07
1.6878506e-05
5.19135e-07
1.6856499e-05
5.0359361e-07
1.683513e-05
4.8866292e-07
1.6814374e-05
4.7431248e-07
1.679421e-05
4.6051484e-07
1.6774614e-05
4.4724112e-07
1.6755567e-05
4.3446883e-07
1.6737049e-05
4.2217822e-07
1.6719039e-05
4.103437e-07
1.6701521e-05
3.9894394e-07
1.6684477e-05
3.8796064e-07
1.6667891e-05
3.7737624e-07
1.6651746e-05
3.6717373e-07
1.6636028e-05
3.57337e-07
1.6620721e-05
3.4785126e-07
1.6605812e-05
3.3870229e-07
1.6591287e-05
3.298776e-07
1.6577133e-05
3.2136433e-07
1.6563337e-05
3.1315421e-07
1.6549887e-05
3.0523289e-07
1.6536771e-05
2.9760322e-07
1.6523978e-05
2.9023826e-07
1.6511493e-05
2.8318248e-07
1.6499309e-05
2.7634235e-07
1.6487405e-05
2.6994577e-07
1.647578e-05
2.6357141e-07
1.6464383e-05
2.5839132e-07
1.6453246e-05
2.524066e-07
1.644223e-05
2.4966165e-07
1.6431893e-05
2.3417239e-07
1.6419178e-05
2.8798594e-07
1.8398394e-07
1.8645356e-05
1.5828672e-06
1.8580618e-05
1.5113229e-06
1.851875e-05
1.4444775e-06
1.8459562e-05
1.3819122e-06
1.8402883e-05
1.323253e-06
1.8348554e-05
1.2681652e-06
1.8296433e-05
1.2163533e-06
1.8246389e-05
1.167558e-06
1.81983e-05
1.1215138e-06
1.8152059e-05
1.0779981e-06
1.8107561e-05
1.0368543e-06
1.8064713e-05
9.9791387e-07
1.8023427e-05
9.6100656e-07
1.7983622e-05
9.2598369e-07
1.7945224e-05
8.9271023e-07
1.7908162e-05
8.6106748e-07
1.7872373e-05
8.3094908e-07
1.7837796e-05
8.0225844e-07
1.7804373e-05
7.7490658e-07
1.7772052e-05
7.4881109e-07
1.7740783e-05
7.2389578e-07
1.771052e-05
7.0009036e-07
1.7681218e-05
6.7732984e-07
1.7652836e-05
6.555542e-07
1.7625336e-05
6.3470792e-07
1.7598681e-05
6.1473952e-07
1.7572837e-05
5.9560104e-07
1.7547769e-05
5.7724814e-07
1.7523449e-05
5.5963994e-07
1.7499846e-05
5.4273826e-07
1.7476932e-05
5.2650732e-07
1.7454681e-05
5.1091346e-07
1.7433069e-05
4.9592488e-07
1.7412071e-05
4.8151292e-07
1.7391664e-05
4.6764745e-07
1.7371828e-05
4.5430504e-07
1.7352541e-05
4.4146501e-07
1.7333784e-05
4.291007e-07
1.7315539e-05
4.171899e-07
1.7297786e-05
4.0571351e-07
1.7280509e-05
3.9465323e-07
1.7263691e-05
3.8399132e-07
1.7247317e-05
3.73711e-07
1.7231371e-05
3.6379687e-07
1.721584e-05
3.5423412e-07
1.7200708e-05
3.4500974e-07
1.7185961e-05
3.3611035e-07
1.7171588e-05
3.2752737e-07
1.7157575e-05
3.1924585e-07
1.714391e-05
3.1126883e-07
1.713058e-05
3.0356822e-07
1.7117572e-05
2.9619056e-07
1.7104876e-05
2.8903817e-07
1.7092472e-05
2.8234937e-07
1.708036e-05
2.7568389e-07
1.7068484e-05
2.7026679e-07
1.7056878e-05
2.640127e-07
1.70454e-05
2.6113994e-07
1.7034628e-05
2.4494466e-07
1.7021377e-05
3.0123649e-07
1.9244727e-07
1.9334403e-05
1.6534454e-06
1.9267034e-05
1.5786923e-06
1.9202654e-05
1.508857e-06
1.9141066e-05
1.4435e-06
1.908209e-05
1.3822291e-06
1.9025562e-05
1.3246935e-06
1.8971332e-05
1.2705835e-06
1.8919263e-05
1.2196273e-06
1.8869229e-05
1.1715475e-06
1.8821116e-05
1.1261108e-06
1.8774818e-05
1.0831526e-06
1.8730235e-05
1.0424966e-06
1.8687277e-05
1.0039647e-06
1.864586e-05
9.6740129e-07
1.8605905e-05
9.3266529e-07
1.856734e-05
8.9963246e-07
1.8530097e-05
8.6819153e-07
1.8494114e-05
8.3824141e-07
1.8459332e-05
8.09689e-07
1.8425695e-05
7.8244815e-07
1.8393151e-05
7.5643921e-07
1.8361653e-05
7.3158869e-07
1.8331154e-05
7.0782867e-07
1.8301612e-05
6.8509641e-07
1.8272986e-05
6.6333389e-07
1.8245238e-05
6.4248733e-07
1.8218332e-05
6.2250662e-07
1.8192235e-05
6.0334546e-07
1.8166914e-05
5.8496114e-07
1.8142338e-05
5.6731378e-07
1.811848e-05
5.5036603e-07
1.809531e-05
5.3408272e-07
1.8072805e-05
5.1843068e-07
1.8050938e-05
5.0338e-07
1.8029686e-05
4.8889925e-07
1.8009027e-05
4.7496399e-07
1.7988939e-05
4.6155262e-07
1.7969403e-05
4.4863733e-07
1.7950397e-05
4.3619501e-07
1.7931905e-05
4.2420573e-07
1.7913908e-05
4.1265041e-07
1.7896389e-05
4.0151057e-07
1.7879331e-05
3.9076874e-07
1.7862719e-05
3.8040887e-07
1.7846538e-05
3.7041553e-07
1.7830772e-05
3.6077521e-07
1.7815409e-05
3.5147397e-07
1.7800433e-05
3.4250289e-07
1.7785832e-05
3.3384643e-07
1.7771593e-05
3.2550781e-07
1.7757704e-05
3.1745775e-07
1.774415e-05
3.0974496e-07
1.773092e-05
3.0226742e-07
1.7717995e-05
2.9527433e-07
1.7705374e-05
2.8830571e-07
1.7692999e-05
2.8264174e-07
1.7680904e-05
2.7610741e-07
1.7668942e-05
2.7310143e-07
1.7657716e-05
2.5617074e-07
1.7643907e-05
3.1504592e-07
2.012679e-07
2.0197814e-05
1.9007726e-06
2.0120753e-05
1.8106887e-06
2.0047292e-05
1.7269069e-06
1.9977175e-05
1.6488088e-06
1.9910174e-05
1.5758578e-06
1.9846082e-05
1.5075923e-06
1.978471e-05
1.4436011e-06
1.9725887e-05
1.3835164e-06
1.9669457e-05
1.3270137e-06
1.9615276e-05
1.2738083e-06
1.9563214e-05
1.2236098e-06
1.951315e-05
1.176174e-06
1.9464975e-05
1.1313282e-06
1.9418584e-05
1.0888875e-06
1.9373883e-05
1.0486656e-06
1.9330784e-05
1.0105e-06
1.9289206e-05
9.7424303e-07
1.9249074e-05
9.3976473e-07
1.9210317e-05
9.0694865e-07
1.9172869e-05
8.7568901e-07
1.913667e-05
8.4588846e-07
1.9101661e-05
8.1745689e-07
1.9067789e-05
7.9031104e-07
1.9035004e-05
7.6437411e-07
1.9003258e-05
7.3957509e-07
1.8972506e-05
7.1584842e-07
1.8942706e-05
6.9313348e-07
1.8913819e-05
6.7137407e-07
1.8885808e-05
6.5051786e-07
1.8858637e-05
6.3051649e-07
1.8832273e-05
6.1132536e-07
1.8806684e-05
5.9290281e-07
1.878184e-05
5.7520984e-07
1.8757713e-05
5.5820974e-07
1.8734276e-05
5.418679e-07
1.8711503e-05
5.261531e-07
1.8689369e-05
5.1103256e-07
1.8667852e-05
4.9648082e-07
1.864693e-05
4.8247527e-07
1.862658e-05
4.6898694e-07
1.8606783e-05
4.5599177e-07
1.858752e-05
4.4346899e-07
1.8568772e-05
4.3139871e-07
1.8550521e-05
4.1976165e-07
1.853275e-05
4.0853964e-07
1.8515443e-05
3.9771596e-07
1.8498584e-05
3.8727455e-07
1.8482158e-05
3.7720135e-07
1.846615e-05
3.6748187e-07
1.8450546e-05
3.5810682e-07
1.8435332e-05
3.4906005e-07
1.8420495e-05
3.4034499e-07
1.8406022e-05
3.3193111e-07
1.8391897e-05
3.2386937e-07
1.8378111e-05
3.1605328e-07
1.8364642e-05
3.087433e-07
1.8351489e-05
3.0145903e-07
1.8338593e-05
2.9553789e-07
1.8325988e-05
2.88712e-07
1.8313523e-05
2.8556716e-07
1.8301823e-05
2.678704e-07
1.828743e-05
3.2943868e-07
2.1046149e-07
2.0941534e-05
1.9850487e-06
2.0861307e-05
1.8909158e-06
2.0784834e-05
1.8033799e-06
2.0711849e-05
1.7217941e-06
2.0642111e-05
1.6455951e-06
2.0575405e-05
1.5742987e-06
2.0511533e-05
1.5074733e-06
2.0450316e-05
1.4447335e-06
2.039159e-05
1.3857391e-06
2.0335207e-05
1.3301917e-06
2.0281029e-05
1.2777878e-06
2.0228931e-05
1.2282715e-06
2.0178798e-05
1.1814612e-06
2.0130522e-05
1.1371635e-06
2.0084004e-05
1.0951836e-06
2.0039153e-05
1.0553513e-06
1.9995884e-05
1.0175123e-06
1.9954118e-05
9.8153067e-07
1.9913782e-05
9.4728454e-07
1.9874808e-05
9.1466322e-07
1.9837131e-05
8.8356487e-07
1.9800693e-05
8.5389529e-07
1.9765436e-05
8.2556743e-07
1.973131e-05
7.9850102e-07
1.9698263e-05
7.7262184e-07
1.966625e-05
7.478614e-07
1.9635227e-05
7.2415634e-07
1.9605153e-05
7.0144795e-07
1.9575989e-05
6.7968158e-07
1.9547699e-05
6.5880674e-07
1.9520248e-05
6.3877683e-07
1.9493602e-05
6.1954836e-07
1.9467731e-05
6.010806e-07
1.9442606e-05
5.8333525e-07
1.9418198e-05
5.6627618e-07
1.939448e-05
5.4987082e-07
1.9371427e-05
5.3408498e-07
1.9349016e-05
5.1889213e-07
1.9327223e-05
5.0426864e-07
1.9306025e-05
4.9018431e-07
1.9285403e-05
4.766141e-07
1.9265336e-05
4.6353637e-07
1.9245804e-05
4.5093035e-07
1.922679e-05
4.3877601e-07
1.9208275e-05
4.2705438e-07
1.9190243e-05
4.1574808e-07
1.9172677e-05
4.0484039e-07
1.9155562e-05
3.9431668e-07
1.9138882e-05
3.8416187e-07
1.9122622e-05
3.7436634e-07
1.9106769e-05
3.6491326e-07
1.9091308e-05
3.5580629e-07
1.9076225e-05
3.4701362e-07
1.9061506e-05
3.3858853e-07
1.9047139e-05
3.3041992e-07
1.9033103e-05
3.2277994e-07
1.9019395e-05
3.1516696e-07
1.9005955e-05
3.0897792e-07
1.8992818e-05
3.0184868e-07
1.8979826e-05
2.985591e-07
1.8967632e-05
2.8006427e-07
1.8952631e-05
3.4444024e-07
2.2004441e-07
2.1711025e-05
2.0728108e-06
2.1627489e-05
1.974452e-06
2.1547869e-05
1.8829994e-06
2.1471888e-05
1.7977757e-06
2.1399293e-05
1.7181902e-06
2.1329857e-05
1.6437343e-06
2.1263375e-05
1.5739553e-06
2.1199659e-05
1.5084491e-06
2.1138539e-05
1.4468592e-06
2.1079858e-05
1.3888729e-06
2.1023473e-05
1.3341727e-06
2.0969254e-05
1.2824905e-06
2.091708e-05
1.2336356e-06
2.0866838e-05
1.1874054e-06
2.0818425e-05
1.1435961e-06
2.0771747e-05
1.1020297e-06
2.0726714e-05
1.062545e-06
2.0683245e-05
1.0249997e-06
2.0641264e-05
9.8926619e-07
2.0600698e-05
9.5522875e-07
2.0561482e-05
9.227808e-07
2.0523554e-05
8.9182388e-07
2.0486854e-05
8.6226697e-07
2.0451329e-05
8.3402618e-07
2.0416927e-05
8.0702396e-07
2.03836e-05
7.8118871e-07
2.0351302e-05
7.5645425e-07
2.031999e-05
7.3275925e-07
2.0289625e-05
7.1004662e-07
2.0260168e-05
6.8826365e-07
2.0231584e-05
6.6736168e-07
2.0203837e-05
6.4729529e-07
2.0176895e-05
6.2802196e-07
2.0150729e-05
6.095017e-07
2.0125308e-05
5.9169685e-07
2.0100606e-05
5.745734e-07
2.0076595e-05
5.5809571e-07
2.0053251e-05
5.4223612e-07
2.0030549e-05
5.2696995e-07
2.0008468e-05
5.1226571e-07
1.9986985e-05
4.9809736e-07
1.9966079e-05
4.8444233e-07
1.994573e-05
4.7127898e-07
1.992592e-05
4.5858643e-07
1.9906629e-05
4.4634495e-07
1.9887841e-05
4.3453645e-07
1.9869538e-05
4.231435e-07
1.9851704e-05
4.1215092e-07
1.9834322e-05
4.0154301e-07
1.9817379e-05
3.9130978e-07
1.9800858e-05
3.8143373e-07
1.9784746e-05
3.7191874e-07
1.9769028e-05
3.6273168e-07
1.9753688e-05
3.5392826e-07
1.9738716e-05
3.4539255e-07
1.9724087e-05
3.374089e-07
1.97098e-05
3.2945363e-07
1.9695792e-05
3.2298549e-07
1.96821e-05
3.1554062e-07
1.9668559e-05
3.1210019e-07
1.965585e-05
2.9277389e-07
1.9640213e-05
3.6007724e-07
2.3003374e-07
2.2507168e-05
2.1642183e-06
2.2420172e-05
2.0614478e-06
2.2337265e-05
1.9659072e-06
2.2258152e-05
1.876888e-06
2.2182573e-05
1.7937701e-06
2.2110287e-05
1.7160198e-06
2.204108e-05
1.643162e-06
2.1974757e-05
1.5747728e-06
2.1911137e-05
1.5104787e-06
2.1850058e-05
1.4499518e-06
2.1791371e-05
1.39286e-06
2.1734939e-05
1.3389226e-06
2.1680636e-05
1.2879392e-06
2.1628344e-05
1.2396974e-06
2.1577955e-05
1.1939842e-06
2.1529372e-05
1.1506134e-06
2.14825e-05
1.1094163e-06
2.1437256e-05
1.0702442e-06
2.1393559e-05
1.0329636e-06
2.1351334e-05
9.9745317e-07
2.1310513e-05
9.6360159e-07
2.1271031e-05
9.3130585e-07
2.1232827e-05
9.0047084e-07
2.1195845e-05
8.7100886e-07
2.116003e-05
8.4283887e-07
2.1125333e-05
8.1588605e-07
2.1091706e-05
7.9008125e-07
2.1059104e-05
7.6536041e-07
2.1027487e-05
7.4166392e-07
2.0996814e-05
7.1893673e-07
2.0967048e-05
6.9712802e-07
2.0938153e-05
6.7619038e-07
2.0910095e-05
6.5607941e-07
2.0882843e-05
6.3675339e-07
2.0856367e-05
6.1817302e-07
2.0830638e-05
6.0030281e-07
2.0805628e-05
5.8310561e-07
2.0781311e-05
5.6655261e-07
2.0757663e-05
5.50618e-07
2.073466e-05
5.3526896e-07
2.0712279e-05
5.2047842e-07
2.0690499e-05
5.0622282e-07
2.0669298e-05
4.9247964e-07
2.0648657e-05
4.7922713e-07
2.0628557e-05
4.6644474e-07
2.060898e-05
4.5411362e-07
2.0589908e-05
4.4221569e-07
2.0571324e-05
4.3073511e-07
2.0553211e-05
4.1965558e-07
2.0535554e-05
4.0896672e-07
2.0518338e-05
3.9865033e-07
2.0501546e-05
3.8871055e-07
2.0485165e-05
3.7911284e-07
2.0469178e-05
3.6991547e-07
2.0453573e-05
3.6099749e-07
2.0438326e-05
3.5265593e-07
2.0423435e-05
3.4434419e-07
2.0408835e-05
3.3758527e-07
2.0394564e-05
3.29812e-07
2.038045e-05
3.2621433e-07
2.0367202e-05
3.0602173e-07
2.0350902e-05
3.7637743e-07
2.404473e-07
2.3330876e-05
2.2594394e-06
2.3240263e-05
2.1520611e-06
2.3153917e-05
2.0522525e-06
2.3071533e-05
1.9592719e-06
2.2992835e-05
1.8724686e-06
2.2917572e-05
1.7912822e-06
2.2845521e-05
1.7152139e-06
2.2776474e-05
1.6438195e-06
2.2710246e-05
1.5767069e-06
2.2646665e-05
1.5135328e-06
2.2585575e-05
1.4539497e-06
2.2526834e-05
1.3976636e-06
2.2470309e-05
1.3444639e-06
2.2415879e-05
1.2941278e-06
2.236343e-05
1.2464327e-06
2.231286e-05
1.2011839e-06
2.2264071e-05
1.1582049e-06
2.2216975e-05
1.1173401e-06
2.2171489e-05
1.0784498e-06
2.2127535e-05
1.0414071e-06
2.2085041e-05
1.0060955e-06
2.204394e-05
9.7240723e-07
2.2004168e-05
9.4024293e-07
2.1965666e-05
9.0951092e-07
2.1928378e-05
8.8012652e-07
2.1892252e-05
8.5201154e-07
2.185724e-05
8.2509374e-07
2.1823294e-05
7.9930618e-07
2.1790371e-05
7.7458663e-07
2.1758431e-05
7.508776e-07
2.1727433e-05
7.2812604e-07
2.169734e-05
7.0628243e-07
2.1668119e-05
6.8530043e-07
2.1639736e-05
6.6513649e-07
2.161216e-05
6.4574964e-07
2.158536e-05
6.2710283e-07
2.1559308e-05
6.0915733e-07
2.1533977e-05
5.9188312e-07
2.1509342e-05
5.7525327e-07
2.1485378e-05
5.5923351e-07
2.146206e-05
5.4379573e-07
2.1439368e-05
5.2891535e-07
2.1417279e-05
5.1456892e-07
2.1395772e-05
5.0073377e-07
2.1374828e-05
4.8738852e-07
2.1354428e-05
4.7451357e-07
2.1334554e-05
4.6209007e-07
2.1315187e-05
4.5010158e-07
2.1296312e-05
4.3853115e-07
2.127791e-05
4.2736799e-07
2.1259968e-05
4.1659319e-07
2.1242467e-05
4.0621113e-07
2.1225394e-05
3.9618585e-07
2.1208731e-05
3.8657825e-07
2.1192467e-05
3.7726219e-07
2.1176575e-05
3.6854786e-07
2.1161054e-05
3.598649e-07
2.1145836e-05
3.5280301e-07
2.113096e-05
3.4468804e-07
2.1116248e-05
3.4092649e-07
2.1102438e-05
3.1983123e-07
2.1085446e-05
3.933698e-07
2.5130372e-07
2.4183089e-05
2.3586509e-06
2.4088692e-05
2.2464587e-06
2.3998752e-05
2.1421925e-06
2.3912948e-05
2.045076e-06
2.383099e-05
1.9544263e-06
2.3752617e-05
1.8696547e-06
2.3677593e-05
1.7902378e-06
2.3605703e-05
1.7157096e-06
2.3536751e-05
1.645659e-06
2.3470558e-05
1.5797259e-06
2.3406961e-05
1.517547e-06
2.334581e-05
1.4588141e-06
2.3286968e-05
1.4033059e-06
2.3230307e-05
1.3507891e-06
2.3175709e-05
1.3010305e-06
2.3123067e-05
1.2538266e-06
2.3072279e-05
1.208993e-06
2.3023252e-05
1.1663666e-06
2.29759e-05
1.1258014e-06
2.2930143e-05
1.0871644e-06
2.2885905e-05
1.0503338e-06
2.2843115e-05
1.0151969e-06
2.2801708e-05
9.8164993e-07
2.2761622e-05
9.4959695e-07
2.2722799e-05
9.1894949e-07
2.2685185e-05
8.8962585e-07
2.2648728e-05
8.6155054e-07
2.2613381e-05
8.3465366e-07
2.2579097e-05
8.0887019e-07
2.2545835e-05
7.8414014e-07
2.2513553e-05
7.6040808e-07
2.2482213e-05
7.3762232e-07
2.2451779e-05
7.157345e-07
2.2422216e-05
6.9469918e-07
2.2393492e-05
6.7447358e-07
2.2365576e-05
6.5501909e-07
2.2338438e-05
6.362953e-07
2.231205e-05
6.1827097e-07
2.2286385e-05
6.0091794e-07
2.2261418e-05
5.8420048e-07
2.2237125e-05
5.6808937e-07
2.2213481e-05
5.5255901e-07
2.2190465e-05
5.3758492e-07
2.2168055e-05
5.2314354e-07
2.2146231e-05
5.092126e-07
2.2124973e-05
4.9577169e-07
2.2104262e-05
4.8280121e-07
2.2084079e-05
4.7028408e-07
2.2064408e-05
4.5820265e-07
2.204523e-05
4.4654574e-07
2.202653e-05
4.352937e-07
2.200829e-05
4.2445115e-07
2.1990495e-05
4.1398066e-07
2.1973127e-05
4.0394588e-07
2.1956174e-05
3.9421527e-07
2.1939609e-05
3.8511271e-07
2.1923431e-05
3.7604314e-07
2.1907568e-05
3.6866558e-07
2.1892061e-05
3.6019504e-07
2.1876725e-05
3.5626269e-07
2.186233e-05
3.3422684e-07
2.1844615e-05
4.1108458e-07
2.626224e-07
2.5064784e-05
2.4620395e-06
2.4966426e-05
2.3448161e-06
2.4872726e-05
2.2358927e-06
2.4783345e-05
2.1344565e-06
2.4697981e-05
2.039791e-06
2.4616358e-05
1.9512776e-06
2.4538229e-05
1.8683669e-06
2.4463368e-05
1.7905699e-06
2.4391572e-05
1.7174555e-06
2.4322652e-05
1.6486462e-06
2.4256437e-05
1.5837617e-06
2.4192772e-05
1.5224793e-06
2.4131511e-05
1.4645663e-06
2.4072522e-05
1.4097779e-06
2.4015682e-05
1.3578705e-06
2.3960878e-05
1.308631e-06
2.3908004e-05
1.2618666e-06
2.3856964e-05
1.2174066e-06
2.3807668e-05
1.1750981e-06
2.376003e-05
1.1348021e-06
2.3713973e-05
1.0963909e-06
2.3669423e-05
1.059747e-06
2.3626311e-05
1.0247615e-06
2.3584574e-05
9.9133437e-07
2.354415e-05
9.593731e-07
2.3504984e-05
9.2879229e-07
2.3467021e-05
8.9951307e-07
2.3430212e-05
8.7146242e-07
2.339451e-05
8.4457246e-07
2.335987e-05
8.1878052e-07
2.3326249e-05
7.9402875e-07
2.3293608e-05
7.7026316e-07
2.326191e-05
7.4743327e-07
2.3231117e-05
7.2549166e-07
2.3201197e-05
7.0439374e-07
2.3172117e-05
6.8409919e-07
2.3143846e-05
6.6456588e-07
2.3116356e-05
6.4576129e-07
2.3089618e-05
6.27656e-07
2.3063606e-05
6.1021275e-07
2.3038294e-05
5.9340115e-07
2.3013658e-05
5.7719454e-07
2.2989676e-05
5.6156741e-07
2.2966324e-05
5.4649522e-07
2.2943582e-05
5.319548e-07
2.2921429e-05
5.179249e-07
2.2899845e-05
5.0438514e-07
2.2878811e-05
4.9131777e-07
2.2858309e-05
4.7870443e-07
2.2838322e-05
4.6653352e-07
2.2818831e-05
4.5478461e-07
2.2799819e-05
4.4346261e-07
2.2781271e-05
4.3252854e-07
2.2763168e-05
4.2204891e-07
2.2745497e-05
4.1188658e-07
2.272823e-05
4.0237967e-07
2.2711366e-05
3.9290747e-07
2.269483e-05
3.8520099e-07
2.2678665e-05
3.7636046e-07
2.2662677e-05
3.7225009e-07
2.264767e-05
3.4923406e-07
2.2629201e-05
4.2955331e-07
2.7442363e-07
2.5976968e-05
2.5698022e-06
2.5874466e-05
2.4473183e-06
2.5776832e-05
2.3335273e-06
2.568371e-05
2.2275781e-06
2.5594782e-05
2.1287185e-06
2.5509762e-05
2.0362984e-06
2.5428387e-05
1.9497411e-06
2.5350424e-05
1.8685335e-06
2.5275656e-05
1.7922233e-06
2.5203888e-05
1.7204145e-06
2.513494e-05
1.6527094e-06
2.506865e-05
1.5887697e-06
2.5004865e-05
1.5283507e-06
2.4943447e-05
1.4711959e-06
2.4884268e-05
1.4170501e-06
2.4827208e-05
1.3656906e-06
2.4772159e-05
1.3169156e-06
2.4719019e-05
1.2705467e-06
2.4667693e-05
1.2264236e-06
2.4618095e-05
1.1844008e-06
2.4570141e-05
1.1443449e-06
2.4523755e-05
1.1061326e-06
2.4478866e-05
1.0696504e-06
2.4435407e-05
1.0347936e-06
2.4393314e-05
1.0014656e-06
2.435253e-05
9.6957695e-07
2.4312997e-05
9.3904542e-07
2.4274665e-05
9.0979467e-07
2.4237484e-05
8.817538e-07
2.4201407e-05
8.5485738e-07
2.4166391e-05
8.29045e-07
2.4132394e-05
8.0426029e-07
2.4099376e-05
7.8045057e-07
2.4067302e-05
7.5756634e-07
2.4036134e-05
7.3556108e-07
2.4005841e-05
7.1439274e-07
2.3976389e-05
6.9401738e-07
2.3947749e-05
6.7440116e-07
2.3919892e-05
6.5551333e-07
2.389279e-05
6.3731501e-07
2.3866416e-05
6.1977466e-07
2.3840746e-05
6.0286445e-07
2.3815756e-05
5.8655783e-07
2.3791422e-05
5.7082924e-07
2.3767722e-05
5.5565456e-07
2.3744635e-05
5.410117e-07
2.3722141e-05
5.2687944e-07
2.3700219e-05
5.1323933e-07
2.3678852e-05
5.0007229e-07
2.3658019e-05
4.8736629e-07
2.3637703e-05
4.7510008e-07
2.3617887e-05
4.6327887e-07
2.3598554e-05
4.5186208e-07
2.3579683e-05
4.4091919e-07
2.3561263e-05
4.3030727e-07
2.3543263e-05
4.2037921e-07
2.3525683e-05
4.1048767e-07
2.3508445e-05
4.0243845e-07
2.3491593e-05
3.932129e-07
2.3474926e-05
3.8891701e-07
2.3459281e-05
3.6487948e-07
2.3440025e-05
4.4880891e-07
2.8672856e-07
2.6920684e-05
2.6821467e-06
2.6813842e-05
2.5541605e-06
2.6712089e-05
2.4352802e-06
2.6615053e-05
2.3246142e-06
2.6522399e-05
2.2213725e-06
2.6433825e-05
2.1248723e-06
2.6349059e-05
2.0345077e-06
2.6267852e-05
1.9497404e-06
2.618998e-05
1.8700954e-06
2.6115236e-05
1.7951578e-06
2.6043435e-05
1.7245112e-06
2.5974403e-05
1.6578012e-06
2.5907984e-05
1.5947701e-06
2.5844031e-05
1.5351491e-06
2.5782409e-05
1.4786712e-06
2.5722997e-05
1.4251034e-06
2.5665678e-05
1.3742345e-06
2.5610347e-05
1.3258778e-06
2.5556905e-05
1.2798653e-06
2.5505261e-05
1.236045e-06
2.5455329e-05
1.1942769e-06
2.5407029e-05
1.1544325e-06
2.5360287e-05
1.1163927e-06
2.5315032e-05
1.0800483e-06
2.5271199e-05
1.0452981e-06
2.5228728e-05
1.0120489e-06
2.5187559e-05
9.802145e-07
2.5147638e-05
9.4971529e-07
2.5108914e-05
9.2047719e-07
2.507134e-05
8.9243188e-07
2.5034869e-05
8.6551626e-07
2.4999458e-05
8.3967149e-07
2.4965066e-05
8.1484256e-07
2.4931654e-05
7.9097783e-07
2.4899186e-05
7.6802876e-07
2.4867628e-05
7.459515e-07
2.4836945e-05
7.247002e-07
2.4807106e-05
7.0423966e-07
2.4778082e-05
6.8453775e-07
2.4749843e-05
6.6555389e-07
2.4722362e-05
6.4725532e-07
2.4695614e-05
6.2961305e-07
2.4669572e-05
6.1259939e-07
2.4644214e-05
5.9618775e-07
2.4619515e-05
5.8035302e-07
2.4595455e-05
5.6507221e-07
2.4572011e-05
5.5032326e-07
2.4549163e-05
5.3608699e-07
2.4526892e-05
5.2234356e-07
2.4505178e-05
5.090805e-07
2.4484002e-05
4.9627571e-07
2.4463346e-05
4.8393471e-07
2.4443193e-05
4.7201527e-07
2.4423522e-05
4.6058995e-07
2.440432e-05
4.495098e-07
2.4385556e-05
4.3914308e-07
2.4367229e-05
4.2881481e-07
2.4349259e-05
4.2040843e-07
2.4331689e-05
4.1078222e-07
2.4314314e-05
4.0629299e-07
2.4298002e-05
3.8119085e-07
2.4277925e-05
4.6888568e-07
2.9955927e-07
2.7897012e-05
2.7992921e-06
2.7785624e-05
2.6655487e-06
2.7679559e-05
2.5413451e-06
2.7578426e-05
2.4257473e-06
2.7481873e-05
2.3179257e-06
2.7389583e-05
2.2171626e-06
2.7301269e-05
2.1228216e-06
2.7216672e-05
2.0343375e-06
2.7135555e-05
1.951212e-06
2.7057703e-05
1.8730095e-06
2.698292e-05
1.7992944e-06
2.6911026e-05
1.7296952e-06
2.6841855e-05
1.6639408e-06
2.6775255e-05
1.6017491e-06
2.6711086e-05
1.5428408e-06
2.6649217e-05
1.486972e-06
2.658953e-05
1.4339218e-06
2.6531913e-05
1.3834946e-06
2.6476264e-05
1.3355147e-06
2.6422486e-05
1.2898227e-06
2.6370491e-05
1.2462723e-06
2.6320194e-05
1.2047288e-06
2.6271519e-05
1.1650679e-06
2.6224392e-05
1.1271752e-06
2.6178745e-05
1.0909451e-06
2.6134514e-05
1.0562801e-06
2.6091638e-05
1.0230902e-06
2.6050062e-05
9.9129204e-07
2.600973e-05
9.6080839e-07
2.5970594e-05
9.3156785e-07
2.5932606e-05
9.0350454e-07
2.5895721e-05
8.7655701e-07
2.5859895e-05
8.5066782e-07
2.582509e-05
8.2578311e-07
2.5791267e-05
8.0185224e-07
2.5758389e-05
7.7882944e-07
2.5726422e-05
7.5666689e-07
2.5695334e-05
7.3532798e-07
2.5665092e-05
7.1477913e-07
2.5635668e-05
6.9497797e-07
2.5607033e-05
6.758905e-07
2.557916e-05
6.5748651e-07
2.5552022e-05
6.3973713e-07
2.5525595e-05
6.2261469e-07
2.5499855e-05
6.0609304e-07
2.5474779e-05
5.9014828e-07
2.5450345e-05
5.7475745e-07
2.5426531e-05
5.5990062e-07
2.5403317e-05
5.4555717e-07
2.5380684e-05
5.3171416e-07
2.5358611e-05
5.1834862e-07
2.5337079e-05
5.0546639e-07
2.5316071e-05
4.9302354e-07
2.5295565e-05
4.8109581e-07
2.5275547e-05
4.6952802e-07
2.5255985e-05
4.587044e-07
2.5236879e-05
4.4792128e-07
2.5218145e-05
4.3914269e-07
2.5199827e-05
4.2909954e-07
2.5181712e-05
4.2440882e-07
2.5164705e-05
3.9819707e-07
2.5143772e-05
4.8981944e-07
3.129388e-07
2.8907067e-05
2.9214702e-06
2.8790915e-05
2.7817001e-06
2.8680334e-05
2.6519264e-06
2.8574911e-05
2.5311703e-06
2.8474277e-05
2.4185601e-06
2.8378098e-05
2.3133415e-06
2.8286074e-05
2.2148459e-06
2.8197931e-05
2.1224799e-06
2.8113423e-05
2.0357201e-06
2.8032323e-05
1.9541097e-06
2.7954425e-05
1.8771927e-06
2.787954e-05
1.8045795e-06
2.7807496e-05
1.7359849e-06
2.7738133e-05
1.6711128e-06
2.7671303e-05
1.609671e-06
2.7606871e-05
1.551404e-06
2.7544711e-05
1.4960808e-06
2.7484709e-05
1.4434967e-06
2.7426757e-05
1.3934675e-06
2.7370753e-05
1.3458263e-06
2.7316605e-05
1.3004199e-06
2.7264227e-05
1.2571074e-06
2.7213536e-05
1.2157589e-06
2.7164456e-05
1.1762547e-06
2.7116917e-05
1.1384844e-06
2.7070851e-05
1.1023459e-06
2.7026196e-05
1.0677454e-06
2.6982892e-05
1.0345957e-06
2.6940885e-05
1.002816e-06
2.6900121e-05
9.7233191e-07
2.6860551e-05
9.4307452e-07
2.6822128e-05
9.149797e-07
2.6784808e-05
8.8798748e-07
2.674855e-05
8.6204163e-07
2.6713313e-05
8.3708933e-07
2.6679059e-05
8.1308283e-07
2.6645754e-05
7.8997223e-07
2.6613362e-05
7.6771947e-07
2.6581852e-05
7.4628945e-07
2.6551192e-05
7.2563792e-07
2.6521353e-05
7.057296e-07
2.6492307e-05
6.8653299e-07
2.6464026e-05
6.6801801e-07
2.6436485e-05
6.5015586e-07
2.6409658e-05
6.3291931e-07
2.6383523e-05
6.1628351e-07
2.6358056e-05
6.0022457e-07
2.6333235e-05
5.8472177e-07
2.6309038e-05
5.697537e-07
2.6285446e-05
5.5530689e-07
2.6262437e-05
5.4135752e-07
2.6239991e-05
5.2791173e-07
2.6218091e-05
5.1492382e-07
2.6196714e-05
5.0247287e-07
2.6175845e-05
4.9039723e-07
2.6155451e-05
4.790977e-07
2.6135532e-05
4.6784085e-07
2.6116e-05
4.5867435e-07
2.6096902e-05
4.4819729e-07
2.6078015e-05
4.4329662e-07
2.6060283e-05
4.1592831e-07
2.6038455e-05
5.1164751e-07
3.2689118e-07
2.9952007e-05
3.0489254e-06
2.9830862e-05
2.9028443e-06
2.9715549e-05
2.76724e-06
2.9605633e-05
2.6410863e-06
2.9500726e-05
2.5234674e-06
2.9400477e-05
2.4135903e-06
2.930457e-05
2.3107524e-06
2.921272e-05
2.2143303e-06
2.9124665e-05
2.1237746e-06
2.9040169e-05
2.0386058e-06
2.8959015e-05
1.9583465e-06
2.8881007e-05
1.8825881e-06
2.8805961e-05
1.8110305e-06
2.8733711e-05
1.7433629e-06
2.8664103e-05
1.6792792e-06
2.8596995e-05
1.6185121e-06
2.8532256e-05
1.56082e-06
2.8469764e-05
1.5059882e-06
2.8409408e-05
1.453824e-06
2.8351082e-05
1.4041523e-06
2.8294689e-05
1.3568129e-06
2.8240138e-05
1.3116584e-06
2.8187344e-05
1.2685527e-06
2.8136228e-05
1.2273708e-06
2.8086715e-05
1.187997e-06
2.8038736e-05
1.150325e-06
2.7992225e-05
1.1142563e-06
2.7947121e-05
1.0797e-06
2.7903365e-05
1.0465717e-06
2.7860903e-05
1.0147936e-06
2.7819684e-05
9.8429374e-07
2.7779659e-05
9.5500518e-07
2.7740781e-05
9.2686528e-07
2.7703007e-05
8.9981538e-07
2.7666296e-05
8.7380035e-07
2.7630609e-05
8.4877037e-07
2.7595907e-05
8.2467337e-07
2.7562157e-05
8.0146979e-07
2.7529324e-05
7.7912293e-07
2.7497375e-05
7.5758657e-07
2.746628e-05
7.3682411e-07
2.7436011e-05
7.1680269e-07
2.7406538e-05
6.97491e-07
2.7377835e-05
6.7885902e-07
2.7349875e-05
6.6087843e-07
2.7322636e-05
6.4352337e-07
2.7296091e-05
6.26769e-07
2.7270219e-05
6.1059377e-07
2.7244997e-05
5.9497542e-07
2.7220404e-05
5.799e-07
2.7196419e-05
5.6534274e-07
2.7173021e-05
5.5131014e-07
2.715019e-05
5.3775464e-07
2.7127904e-05
5.2475879e-07
2.7106147e-05
5.1215424e-07
2.7084886e-05
5.0035897e-07
2.7064118e-05
4.8860872e-07
2.7043754e-05
4.7903796e-07
2.7023842e-05
4.6810933e-07
2.7004149e-05
4.6298987e-07
2.6985661e-05
4.34416e-07
2.69629e-05
5.3440882e-07
3.4144148e-07
3.1033024e-05
3.1819163e-06
3.0906645e-05
3.0292236e-06
3.0786371e-05
2.8875137e-06
3.0671748e-05
2.7557099e-06
3.0562365e-05
2.63285e-06
3.0457855e-05
2.5181002e-06
3.0357885e-05
2.410722e-06
3.0262155e-05
2.3100605e-06
3.0170391e-05
2.2155385e-06
3.0082344e-05
2.1266528e-06
2.9997787e-05
2.0429035e-06
2.9916513e-05
1.963862e-06
2.9838331e-05
1.8892123e-06
2.9763066e-05
1.818628e-06
2.9690557e-05
1.7517888e-06
2.9620654e-05
1.6884148e-06
2.9553221e-05
1.6282528e-06
2.9488131e-05
1.5710783e-06
2.9425266e-05
1.5166891e-06
2.9364516e-05
1.4649019e-06
2.930578e-05
1.4155489e-06
2.9248963e-05
1.3684757e-06
2.9193976e-05
1.3235401e-06
2.9140735e-05
1.2806112e-06
2.9089164e-05
1.2395681e-06
2.903919e-05
1.2002995e-06
2.8990744e-05
1.1627025e-06
2.8943761e-05
1.1266822e-06
2.8898183e-05
1.0921503e-06
2.8853951e-05
1.0590255e-06
2.8811012e-05
1.0272327e-06
2.8769315e-05
9.9670188e-07
2.8728813e-05
9.6736776e-07
2.8689459e-05
9.3916904e-07
2.8651211e-05
9.1204821e-07
2.8614028e-05
8.8595327e-07
2.8577872e-05
8.6082989e-07
2.8542705e-05
8.3663696e-07
2.8508492e-05
8.1333609e-07
2.8475199e-05
7.9087899e-07
2.8442796e-05
7.6922769e-07
2.841125e-05
7.4834795e-07
2.8380534e-05
7.2820712e-07
2.8350619e-05
7.0877394e-07
2.8321479e-05
6.9001897e-07
2.8293087e-05
6.7191525e-07
2.8265419e-05
6.5443698e-07
2.8238451e-05
6.3756176e-07
2.821216e-05
6.2126644e-07
2.8186523e-05
6.0553655e-07
2.816152e-05
5.9034635e-07
2.8137127e-05
5.757027e-07
2.8113326e-05
5.6155613e-07
2.8090092e-05
5.4799281e-07
2.8067408e-05
5.3483738e-07
2.8045242e-05
5.2252575e-07
2.8023589e-05
5.1026159e-07
2.8002357e-05
5.002695e-07
2.7981596e-05
4.888709e-07
2.7961062e-05
4.8352348e-07
2.7941785e-05
4.5369291e-07
2.791805e-05
5.5814396e-07
3.5661586e-07
3.2151359e-05
3.320716e-06
3.2019489e-05
3.1610941e-06
3.1894015e-05
3.0129879e-06
3.1774457e-05
2.8752674e-06
3.1660386e-05
2.7469214e-06
3.1551413e-05
2.627073e-06
3.1447189e-05
2.5149456e-06
3.1347399e-05
2.4098514e-06
3.1251754e-05
2.3111835e-06
3.1159992e-05
2.2184141e-06
3.1071877e-05
2.1310192e-06
3.0987189e-05
2.0485494e-06
3.090573e-05
1.9706718e-06
3.0827314e-05
1.8970436e-06
3.0751774e-05
1.8273294e-06
3.0678952e-05
1.761236e-06
3.0608707e-05
1.6984985e-06
3.0540904e-05
1.6388814e-06
3.047542e-05
1.5821729e-06
3.0412141e-05
1.5281809e-06
3.035096e-05
1.4767298e-06
3.0291778e-05
1.4276578e-06
3.0234502e-05
1.3808161e-06
3.0179045e-05
1.3360677e-06
3.0125327e-05
1.2932862e-06
3.0073271e-05
1.2523552e-06
3.0022807e-05
1.2131672e-06
2.9973866e-05
1.1756228e-06
2.9926387e-05
1.1396298e-06
2.9880309e-05
1.1051034e-06
2.9835576e-05
1.0719649e-06
2.9792137e-05
1.0401413e-06
2.974994e-05
1.0095643e-06
2.9708939e-05
9.801701e-07
2.9669089e-05
9.5189855e-07
2.9630347e-05
9.2469541e-07
2.9592673e-05
8.9850396e-07
2.9556028e-05
8.732815e-07
2.9520377e-05
8.4898788e-07
2.9485683e-05
8.2557262e-07
2.9451914e-05
8.0299633e-07
2.9419039e-05
7.8122333e-07
2.9387026e-05
7.6021957e-07
2.9355848e-05
7.3995253e-07
2.9325475e-05
7.2039154e-07
2.9295882e-05
7.0150856e-07
2.9267042e-05
6.8327674e-07
2.9238931e-05
6.6567281e-07
2.9211525e-05
6.4867271e-07
2.91848e-05
6.3226141e-07
2.9158734e-05
6.1641218e-07
2.9133305e-05
6.0113223e-07
2.9108491e-05
5.8637015e-07
2.9084268e-05
5.7221581e-07
2.9060618e-05
5.5848666e-07
2.9037507e-05
5.4563715e-07
2.9014931e-05
5.3283774e-07
2.8992794e-05
5.224065e-07
2.8971146e-05
5.1051879e-07
2.8949736e-05
5.0493384e-07
2.8929635e-05
4.7379319e-07
2.8904884e-05
5.8289526e-07
3.7244159e-07
3.3308295e-05
3.4656133e-06
3.3170662e-05
3.2987266e-06
3.3039733e-05
3.1439169e-06
3.2915002e-05
2.9999981e-06
3.2796017e-05
2.865907e-06
3.2682369e-05
2.7407213e-06
3.257369e-05
2.6236244e-06
3.2469648e-05
2.5138934e-06
3.2369941e-05
2.4108905e-06
3.2274294e-05
2.3140613e-06
3.2182456e-05
2.2228571e-06
3.2094199e-05
2.1368061e-06
3.2009313e-05
2.0555576e-06
3.1927605e-05
1.9787517e-06
3.1848898e-05
1.9060368e-06
3.1773028e-05
1.8371061e-06
3.1699844e-05
1.7716818e-06
3.1629208e-05
1.7095174e-06
3.156099e-05
1.6503907e-06
3.1495071e-05
1.5941005e-06
3.1431338e-05
1.5404626e-06
3.1369688e-05
1.4893078e-06
3.1310024e-05
1.4404801e-06
3.1252255e-05
1.3938364e-06
3.1196297e-05
1.3492443e-06
3.114207e-05
1.3065821e-06
3.10895e-05
1.2657373e-06
3.1038517e-05
1.2266061e-06
3.0989055e-05
1.189092e-06
3.0941052e-05
1.1531064e-06
3.0894449e-05
1.1185671e-06
3.0849193e-05
1.0853979e-06
3.080523e-05
1.0535275e-06
3.0762511e-05
1.022889e-06
3.0720989e-05
9.9341983e-07
3.0680621e-05
9.6506338e-07
3.0641365e-05
9.3776038e-07
3.060318e-05
9.1146651e-07
3.0566028e-05
8.8613977e-07
3.0529873e-05
8.6172732e-07
3.0494681e-05
8.3818838e-07
3.0460419e-05
8.1548572e-07
3.0427055e-05
7.9358384e-07
3.0394558e-05
7.7244888e-07
3.0362901e-05
7.5204891e-07
3.0332055e-05
7.3235478e-07
3.0301993e-05
7.1333854e-07
3.027269e-05
6.9497599e-07
3.024412e-05
6.7724213e-07
3.021626e-05
6.6012136e-07
3.0189087e-05
6.4358591e-07
3.0162576e-05
6.2764338e-07
3.0136705e-05
6.1224031e-07
3.0111451e-05
5.9747044e-07
3.0086794e-05
5.8314374e-07
3.0062697e-05
5.6973394e-07
3.0039158e-05
5.5637704e-07
3.0016076e-05
5.4548807e-07
2.9993503e-05
5.3309129e-07
2.9971178e-05
5.2725888e-07
2.9950219e-05
4.9475245e-07
2.9924408e-05
6.0870684e-07
3.8894715e-07
3.4505156e-05
3.6169136e-06
3.4361476e-05
3.442407e-06
3.4224824e-05
3.2805693e-06
3.4094667e-05
3.1301545e-06
3.3970529e-05
2.9900447e-06
3.3851981e-05
2.8592697e-06
3.3738635e-05
2.7369708e-06
3.363014e-05
2.6223877e-06
3.3526181e-05
2.51485e-06
3.3426467e-05
2.4137755e-06
3.3330734e-05
2.3185894e-06
3.3238744e-05
2.2287961e-06
3.3150276e-05
2.1440264e-06
3.3065125e-05
2.0639019e-06
3.2983108e-05
1.9880542e-06
3.2904052e-05
1.9161619e-06
3.28278e-05
1.8479341e-06
3.2754205e-05
1.7831123e-06
3.2683132e-05
1.7214636e-06
3.2614456e-05
1.6627769e-06
3.2548059e-05
1.6068593e-06
3.2483833e-05
1.5535335e-06
3.2421677e-05
1.5026363e-06
3.2361496e-05
1.4540178e-06
3.2303201e-05
1.4075395e-06
3.2246709e-05
1.363074e-06
3.2191942e-05
1.3205038e-06
3.2138828e-05
1.27972e-06
3.2087298e-05
1.2406221e-06
3.2037287e-05
1.2031173e-06
3.1988735e-05
1.1671197e-06
3.1941583e-05
1.1325497e-06
3.1895778e-05
1.0993328e-06
3.1851268e-05
1.0673992e-06
3.1808004e-05
1.0366835e-06
3.1765941e-05
1.0071267e-06
3.1725034e-05
9.786668e-07
3.1685243e-05
9.5125784e-07
3.1646527e-05
9.2485585e-07
3.1608848e-05
8.9940555e-07
3.1572172e-05
8.7486468e-07
3.1536463e-05
8.5119441e-07
3.150169e-05
8.2835773e-07
3.1467819e-05
8.0631938e-07
3.1434822e-05
7.8504612e-07
3.1402669e-05
7.6450759e-07
3.1371333e-05
7.4467475e-07
3.1340786e-05
7.2552242e-07
3.1311004e-05
7.0702462e-07
3.128196e-05
6.8916515e-07
3.1253631e-05
6.7191517e-07
3.1225992e-05
6.5528267e-07
3.119902e-05
6.3921206e-07
3.1172689e-05
6.2380112e-07
3.1146981e-05
6.0885207e-07
3.1121856e-05
5.9485862e-07
3.1097312e-05
5.8092105e-07
3.1073245e-05
5.6955498e-07
3.1049708e-05
5.5662836e-07
3.1026429e-05
5.5053814e-07
3.1004574e-05
5.1660779e-07
3.0977656e-05
6.3562468e-07
4.0616219e-07
3.574332e-05
3.7749399e-06
3.5593289e-05
3.592438e-06
3.5450629e-05
3.4232291e-06
3.531478e-05
3.2660036e-06
3.5185238e-05
3.1195861e-06
3.5061553e-05
2.9829555e-06
3.4943315e-05
2.8552087e-06
3.4830156e-05
2.7355463e-06
3.4721743e-05
2.6232631e-06
3.4617771e-05
2.5177476e-06
3.4517963e-05
2.4183974e-06
3.4422067e-05
2.3246921e-06
3.4329851e-05
2.2362426e-06
3.4241101e-05
2.1526512e-06
3.4155624e-05
2.0735316e-06
3.4073239e-05
1.9985472e-06
3.399378e-05
1.9273931e-06
3.3917094e-05
1.8597983e-06
3.3843039e-05
1.7955184e-06
3.3771484e-05
1.7343322e-06
3.3702306e-05
1.6760373e-06
3.3635391e-05
1.6204482e-06
3.3570633e-05
1.5673938e-06
3.3507934e-05
1.5167171e-06
3.34472e-05
1.4682734e-06
3.3388345e-05
1.4219292e-06
3.3331287e-05
1.3775615e-06
3.3275951e-05
1.3350566e-06
3.3222264e-05
1.2943092e-06
3.3170159e-05
1.2552224e-06
3.3119572e-05
1.2177064e-06
3.3070444e-05
1.181678e-06
3.3022717e-05
1.1470592e-06
3.2976339e-05
1.1137774e-06
3.2931258e-05
1.0817642e-06
3.2887427e-05
1.0509579e-06
3.28448e-05
1.0212938e-06
3.2803334e-05
9.9272414e-07
3.2762987e-05
9.6520299e-07
3.272372e-05
9.3867242e-07
3.2685496e-05
9.1308869e-07
3.2648279e-05
8.8841125e-07
3.2612035e-05
8.6460153e-07
3.2576732e-05
8.4162282e-07
3.2542337e-05
8.1944048e-07
3.2508822e-05
7.9802294e-07
3.2476157e-05
7.7733997e-07
3.2444314e-05
7.5736541e-07
3.2413266e-05
7.3807222e-07
3.2382988e-05
7.1944359e-07
3.2353453e-05
7.0144958e-07
3.2324638e-05
6.8409857e-07
3.2296517e-05
6.6733279e-07
3.2269064e-05
6.5125417e-07
3.2242259e-05
6.3565691e-07
3.2216062e-05
6.2105548e-07
3.219047e-05
6.065131e-07
3.2165375e-05
5.946497e-07
3.2140832e-05
5.8117162e-07
3.2116557e-05
5.7481281e-07
3.2093767e-05
5.3939787e-07
3.2065695e-05
6.6369674e-07
4.2411768e-07
3.702421e-05
3.9400337e-06
3.6867509e-05
3.7491395e-06
3.6718541e-05
3.5721965e-06
3.6576717e-05
3.4078277e-06
3.6441507e-05
3.2547967e-06
3.6312433e-05
3.1120292e-06
3.6189067e-05
2.9785749e-06
3.607102e-05
2.8535931e-06
3.5957941e-05
2.7363418e-06
3.584951e-05
2.6261788e-06
3.5745435e-05
2.5224725e-06
3.5645451e-05
2.4246761e-06
3.5549314e-05
2.3323798e-06
3.54568e-05
2.245165e-06
3.5367704e-05
2.1626271e-06
3.5281838e-05
2.0844131e-06
3.5199028e-05
2.0102035e-06
3.5119112e-05
1.939714e-06
3.5041942e-05
1.8726883e-06
3.496738e-05
1.8088943e-06
3.4895298e-05
1.7481198e-06
3.4825576e-05
1.6901703e-06
3.4758103e-05
1.6348667e-06
3.4692775e-05
1.5820446e-06
3.4629496e-05
1.5315524e-06
3.4568175e-05
1.4832504e-06
3.4508727e-05
1.4370099e-06
3.4451071e-05
1.392712e-06
3.4395134e-05
1.3502465e-06
3.4340844e-05
1.309512e-06
3.4288136e-05
1.2704147e-06
3.4236946e-05
1.2328676e-06
3.4187216e-05
1.1967893e-06
3.413889e-05
1.1621038e-06
3.4091914e-05
1.1287397e-06
3.404624e-05
1.0966326e-06
3.4001819e-05
1.0657149e-06
3.3958606e-05
1.0359371e-06
3.3916558e-05
1.0072509e-06
3.3875634e-05
9.7959585e-07
3.3835796e-05
9.5292656e-07
3.3797007e-05
9.2720072e-07
3.375923e-05
9.0237811e-07
3.3722433e-05
8.7842049e-07
3.3686581e-05
8.552918e-07
3.3651645e-05
8.3295916e-07
3.3617594e-05
8.1139113e-07
3.3584399e-05
7.905605e-07
3.3552032e-05
7.7043916e-07
3.3520466e-05
7.5100966e-07
3.3489675e-05
7.3224087e-07
3.3459631e-05
7.1414163e-07
3.3430312e-05
6.9665186e-07
3.3401689e-05
6.7987785e-07
3.337374e-05
6.6360545e-07
3.3346425e-05
6.4837067e-07
3.331974e-05
6.3319834e-07
3.3293573e-05
6.2081652e-07
3.326798e-05
6.0676444e-07
3.3242667e-05
6.0012585e-07
3.3218902e-05
5.6316298e-07
3.3189626e-05
6.9297297e-07
4.4284589e-07
3.8349302e-05
4.1125565e-06
3.8185592e-05
3.9128498e-06
3.8029999e-05
3.7277891e-06
3.7881902e-05
3.5559252e-06
3.7740741e-05
3.3959575e-06
3.7606015e-05
3.2467556e-06
3.747727e-05
3.1073194e-06
3.7354099e-05
2.9767644e-06
3.7236131e-05
2.85431e-06
3.7123028e-05
2.7392814e-06
3.7014485e-05
2.6310162e-06
3.6910221e-05
2.5289399e-06
3.680998e-05
2.4326204e-06
3.6713528e-05
2.3416176e-06
3.6620648e-05
2.2555071e-06
3.6531142e-05
2.1739187e-06
3.6444828e-05
2.0965176e-06
3.6361537e-05
2.0230054e-06
3.6281112e-05
1.9531133e-06
3.6203408e-05
1.8865976e-06
3.6128292e-05
1.8232359e-06
3.6055638e-05
1.7628242e-06
3.598533e-05
1.7051749e-06
3.5917259e-05
1.6501157e-06
3.5851324e-05
1.5974879e-06
3.5787429e-05
1.5471454e-06
3.5725485e-05
1.4989532e-06
3.566541e-05
1.4527869e-06
3.5607126e-05
1.4085314e-06
3.5550557e-05
1.3660805e-06
3.5495636e-05
1.3253362e-06
3.5442296e-05
1.2862074e-06
3.5390476e-05
1.2486091e-06
3.5340118e-05
1.2124619e-06
3.5291166e-05
1.1776912e-06
3.5243569e-05
1.1442298e-06
3.5197277e-05
1.1120069e-06
3.5152243e-05
1.0809713e-06
3.5108421e-05
1.0510724e-06
3.506577e-05
1.0222467e-06
3.502425e-05
9.9444731e-07
3.498382e-05
9.6763006e-07
3.4944445e-05
9.4175301e-07
3.490609e-05
9.167763e-07
3.4868719e-05
8.9266239e-07
3.4832301e-05
8.6937705e-07
3.4796805e-05
8.4688755e-07
3.47622e-05
8.251656e-07
3.4728457e-05
8.0418197e-07
3.4695548e-05
7.8391853e-07
3.4663446e-05
7.6434296e-07
3.4632123e-05
7.454645e-07
3.4601554e-05
7.2722074e-07
3.4571709e-05
7.0972245e-07
3.4542568e-05
6.9274685e-07
3.4514086e-05
6.7685229e-07
3.4486261e-05
6.6102381e-07
3.4458976e-05
6.4810156e-07
3.4432288e-05
6.3345201e-07
3.4405892e-05
6.2652199e-07
3.438111e-05
5.8794509e-07
3.4350578e-05
7.2350545e-07
4.6238048e-07
3.9720127e-05
3.954905e-05
3.9386496e-05
3.923181e-05
3.7106115e-06
3.9084402e-05
3.5433654e-06
3.8943743e-05
3.3874145e-06
3.8809356e-05
3.2417061e-06
3.8680811e-05
3.1053099e-06
3.8557717e-05
2.977404e-06
3.8439719e-05
2.8572793e-06
3.8326494e-05
2.7442412e-06
3.8217748e-05
2.6376856e-06
3.8113212e-05
2.5371571e-06
3.8012637e-05
2.4421924e-06
3.7915797e-05
2.3523465e-06
3.7822485e-05
2.2672312e-06
3.7732507e-05
2.1864953e-06
3.7645687e-05
2.1098258e-06
3.756186e-05
2.0369403e-06
3.7480874e-05
1.9675832e-06
3.7402589e-05
1.9015212e-06
3.7326873e-05
1.8385403e-06
3.7253604e-05
1.7784439e-06
3.7182668e-05
1.7210515e-06
3.7113959e-05
1.6661968e-06
3.7047378e-05
1.6137267e-06
3.6982831e-05
1.5635001e-06
3.6920231e-05
1.5153867e-06
3.6859496e-05
1.4692658e-06
3.680055e-05
1.4250266e-06
3.674332e-05
1.3825664e-06
3.6687737e-05
1.3417901e-06
3.6633738e-05
1.3026087e-06
3.6581261e-05
1.2649392e-06
3.6530248e-05
1.2287038e-06
3.6480646e-05
1.1938321e-06
3.6432403e-05
1.1602502e-06
3.6385469e-05
1.1279049e-06
3.6339798e-05
1.0967434e-06
3.6295346e-05
1.0666988e-06
3.625207e-05
1.0377229e-06
3.6209931e-05
1.0097694e-06
3.6168889e-05
9.8279456e-07
3.6128909e-05
9.5675687e-07
3.6089954e-05
9.3161722e-07
3.6051991e-05
9.0733998e-07
3.6014987e-05
8.8389107e-07
3.5978912e-05
8.6124106e-07
3.5943734e-05
8.3935956e-07
3.5909425e-05
8.1822774e-07
3.5875956e-05
7.9781201e-07
3.5843299e-05
7.7812207e-07
3.5811426e-05
7.5909306e-07
3.5780308e-05
7.4084038e-07
3.5749923e-05
7.2313236e-07
3.5720225e-05
7.0655047e-07
3.569121e-05
6.9003854e-07
3.5662759e-05
6.765529e-07
3.5634929e-05
6.6128144e-07
3.5607403e-05
6.5404787e-07
3.558156e-05
6.1378796e-07
3.5549717e-05
7.5534845e-07
4.8275652e-07
4.0627964e-05
4.0473996e-05
3.6973344e-06
4.0327108e-05
3.5343017e-06
4.01868e-05
3.3820144e-06
4.0052617e-05
3.2394934e-06
3.9924147e-05
3.1058733e-06
3.9801017e-05
2.9804092e-06
3.9682887e-05
2.862372e-06
3.9569446e-05
2.7511264e-06
3.946041e-05
2.6461926e-06
3.935552e-05
2.5470828e-06
3.9254537e-05
2.4533298e-06
3.9157241e-05
2.3645267e-06
3.9063431e-05
2.2803051e-06
3.8972921e-05
2.2003363e-06
3.8885537e-05
2.1243239e-06
3.8801121e-05
2.0519995e-06
3.8719524e-05
1.9831182e-06
3.8640609e-05
1.9174555e-06
3.8564247e-05
1.8548055e-06
3.849032e-05
1.7949789e-06
3.8418715e-05
1.7378014e-06
3.8349329e-05
1.6831127e-06
3.8282064e-05
1.6307648e-06
3.821683e-05
1.5806215e-06
3.8153539e-05
1.5325565e-06
3.8092112e-05
1.4864536e-06
3.8032473e-05
1.4422055e-06
3.797455e-05
1.3997126e-06
3.7918277e-05
1.358882e-06
3.7863589e-05
1.3196269e-06
3.7810427e-05
1.2818659e-06
3.7758734e-05
1.2455255e-06
3.7708456e-05
1.2105283e-06
3.7659541e-05
3.7611942e-05
3.7565611e-05
3.7520505e-05
3.7476583e-05
3.7433803e-05
3.7392129e-05
3.7351522e-05
3.7311948e-05
3.7273373e-05
3.7235764e-05
3.719909e-05
3.7163321e-05
3.7128426e-05
3.7094377e-05
3.7061145e-05
3.7028699e-05
3.6997016e-05
3.6966049e-05
3.6935794e-05
3.6906126e-05
3.6877106e-05
3.6848402e-05
3.6821453e-05
3.6788243e-05
4.1911088e-05
4.175766e-05
4.1611135e-05
4.1471034e-05
4.1336926e-05
4.1208414e-05
4.1085141e-05
4.096678e-05
4.0853031e-05
4.0743621e-05
4.06383e-05
4.0536836e-05
4.0439017e-05
4.0344646e-05
4.0253543e-05
4.0165541e-05
4.0080483e-05
3.9998224e-05
3.9918632e-05
3.984158e-05
3.9766951e-05
3.9694637e-05
3.9624535e-05
3.9556549e-05
3.9490591e-05
3.9426575e-05
3.9364423e-05
3.9304059e-05
3.9245413e-05
3.918842e-05
3.9133016e-05
3.9079141e-05
)
;

boundaryField
{
    inlet
    {
        type            calculated;
        value           nonuniform List<scalar> 0();
    }
    top
    {
        type            calculated;
        value           nonuniform List<scalar> 0();
    }
    outlet
    {
        type            calculated;
        value           nonuniform List<scalar> 
28
(
1.4194197e-05
1.4721039e-05
1.5265734e-05
1.5828872e-05
1.6411057e-05
1.7012914e-05
1.7635086e-05
1.8278237e-05
1.8943048e-05
1.9630223e-05
2.0340488e-05
2.107459e-05
2.1833296e-05
2.26174e-05
2.342772e-05
2.4265095e-05
2.5130392e-05
2.6024503e-05
2.694835e-05
2.7902876e-05
2.8889058e-05
2.9907902e-05
3.0960441e-05
3.204774e-05
3.3170898e-05
3.4331043e-05
3.5529341e-05
3.6766988e-05
)
;
    }
    slipsurface
    {
        type            calculated;
        value           nonuniform List<scalar> 0();
    }
    bottom
    {
        type            calculated;
        value           nonuniform List<scalar> 0();
    }
    frontandback
    {
        type            empty;
    }
    procBoundary4to1
    {
        type            processor;
        value           nonuniform List<scalar> 9(-1.5586738e-05 -1.6170112e-05 -1.6773736e-05 -1.7398305e-05 -1.8044536e-05 -1.8713173e-05 -1.8198311e-06 -1.9404981e-05 -1.7336281e-06);
    }
    procBoundary4to3
    {
        type            processor;
        value           nonuniform List<scalar> 
61
(
-1.2135022e-06
-1.1586875e-06
-1.1074437e-06
-1.0594566e-06
-1.0144453e-06
-9.7215736e-07
-9.3236942e-07
-8.9488552e-07
-8.5950354e-07
-8.2605475e-07
-7.9442244e-07
-7.6447881e-07
-7.3609413e-07
-7.0915504e-07
-6.8355838e-07
-6.5921379e-07
-6.3604046e-07
-6.1396494e-07
-5.9291941e-07
-5.7284101e-07
-5.5367153e-07
-5.3535723e-07
-5.1784838e-07
-5.010991e-07
-4.850669e-07
-4.6971233e-07
-4.5499855e-07
-4.4089153e-07
-4.2735993e-07
-4.1437443e-07
-4.0190756e-07
-3.8993339e-07
-3.7842741e-07
-3.6736755e-07
-3.5673045e-07
-3.4649802e-07
-3.3665443e-07
-3.2717899e-07
-3.1805432e-07
-3.0926566e-07
-3.0079882e-07
-2.9264e-07
-2.8477613e-07
-2.7719518e-07
-2.6988558e-07
-2.6283714e-07
-2.5603937e-07
-2.4948548e-07
-2.4316376e-07
-2.3707627e-07
-2.3120127e-07
-2.25574e-07
-2.201195e-07
-2.1501929e-07
-2.0993663e-07
-2.0580719e-07
-2.0102071e-07
-1.9884103e-07
-1.8648208e-07
-2.2933117e-07
-1.4652313e-07
)
;
    }
    procBoundary4to5
    {
        type            processor;
        value           nonuniform List<scalar> 
55
(
1.1768193e-06
1.144343e-06
1.1130294e-06
1.0828284e-06
1.0536919e-06
1.025574e-06
9.9843169e-07
9.7222406e-07
9.4691403e-07
9.2246616e-07
8.9884981e-07
8.7603337e-07
8.5399726e-07
8.3270661e-07
8.1217155e-07
7.923247e-07
7.7328629e-07
7.5481537e-07
7.3751747e-07
7.2029362e-07
7.062207e-07
6.9030187e-07
6.8275215e-07
6.4073685e-07
7.885588e-07
5.0401101e-07
3.1089208e-06
2.9856456e-06
2.8694876e-06
2.7599412e-06
2.6564925e-06
2.5586514e-06
2.4659909e-06
2.3781244e-06
2.2947067e-06
2.2154266e-06
2.1400022e-06
2.0681763e-06
1.9997137e-06
1.9343981e-06
1.872031e-06
1.81243e-06
1.7554269e-06
1.7008668e-06
1.6486069e-06
1.598515e-06
1.5504695e-06
1.504358e-06
1.4600765e-06
1.4175275e-06
1.3766204e-06
1.3372701e-06
1.2993999e-06
3.9026741e-05
1.2629288e-06
)
;
    }
    procBoundary4to7
    {
        type            processor;
        value           nonuniform List<scalar> 
31
(
-2.0278755e-05
-2.102581e-05
-2.1798787e-05
-2.2598576e-05
-2.3426097e-05
-2.4282301e-05
-2.5168172e-05
-2.6084731e-05
-2.7033029e-05
-2.8014158e-05
-2.9029245e-05
-3.0079462e-05
-3.1166015e-05
-3.2290159e-05
-3.3453192e-05
-3.4656457e-05
-3.5901346e-05
-3.7189304e-05
-3.8521825e-05
-3.9900461e-05
4.2928903e-06
4.0839269e-06
3.8903425e-06
-4.0789573e-05
3.8722204e-06
-4.207195e-05
3.8581965e-06
3.68773e-06
3.5285393e-06
3.3795937e-06
3.2399818e-06
)
;
    }
}


// ************************************************************************* //
