/*--------------------------------*- C++ -*----------------------------------*\
  =========                 |
  \\      /  F ield         | OpenFOAM: The Open Source CFD Toolbox
   \\    /   O peration     | Website:  https://openfoam.org
    \\  /    A nd           | Version:  12
     \\/     M anipulation  |
\*---------------------------------------------------------------------------*/
FoamFile
{
    format      ascii;
    class       volScalarField;
    location    "400";
    object      epsilon;
}
// * * * * * * * * * * * * * * * * * * * * * * * * * * * * * * * * * * * * * //

dimensions      [0 2 -3 0 0 0 0];

internalField   nonuniform List<scalar> 
1762
(
4.900837e-05
4.9028805e-05
4.9047305e-05
4.9063958e-05
4.9078607e-05
4.9091034e-05
4.910102e-05
4.9108353e-05
4.9112831e-05
4.9114259e-05
4.9112456e-05
4.9107244e-05
4.8033644e-05
4.8055487e-05
4.8075451e-05
4.8093654e-05
4.8109966e-05
4.812419e-05
4.8136121e-05
4.814556e-05
4.8152317e-05
4.8156206e-05
4.8157054e-05
4.8154683e-05
4.708082e-05
4.7103932e-05
4.7125233e-05
4.7144855e-05
4.7162688e-05
4.7178553e-05
4.719226e-05
4.7203625e-05
4.7212466e-05
4.7218609e-05
4.7221889e-05
4.722213e-05
4.6149767e-05
4.6174031e-05
4.6196549e-05
4.6217466e-05
4.6236687e-05
4.625405e-05
4.6269381e-05
4.6282505e-05
4.6293253e-05
4.6301459e-05
4.6306967e-05
4.6309607e-05
4.5240338e-05
4.5265647e-05
4.5289272e-05
4.5311367e-05
4.5331853e-05
4.5350582e-05
4.5367394e-05
4.5382125e-05
4.5394616e-05
4.540471e-05
4.5412259e-05
4.5417101e-05
4.4352355e-05
4.4378613e-05
4.4403243e-05
4.4426411e-05
4.4448048e-05
4.4468022e-05
4.4486184e-05
4.4502381e-05
4.4516465e-05
4.4528286e-05
4.4537704e-05
4.4544564e-05
4.3485622e-05
4.3512739e-05
4.3538283e-05
4.3562425e-05
4.358511e-05
4.3606217e-05
4.3625609e-05
4.3643143e-05
4.3658681e-05
4.367208e-05
4.3683209e-05
4.3691918e-05
4.263992e-05
4.2667815e-05
4.2694186e-05
4.2719213e-05
4.2742851e-05
4.2764989e-05
4.2785501e-05
4.2804254e-05
4.2821118e-05
4.283596e-05
4.2848653e-05
4.2859055e-05
4.181501e-05
4.1843608e-05
4.187073e-05
4.189656e-05
4.1921063e-05
4.1944139e-05
4.196567e-05
4.1985534e-05
4.2003608e-05
4.2019767e-05
4.203389e-05
4.2045843e-05
4.1010639e-05
4.1039872e-05
4.1067672e-05
4.1094231e-05
4.111952e-05
4.1143448e-05
4.1165907e-05
4.1186782e-05
4.1205959e-05
4.122332e-05
4.1238751e-05
4.1252123e-05
4.0226536e-05
4.0256341e-05
4.0284756e-05
4.0311975e-05
4.0337977e-05
4.0362679e-05
4.0385981e-05
4.0407778e-05
4.042796e-05
4.0446418e-05
4.0463044e-05
4.0477714e-05
3.9462418e-05
3.9492739e-05
3.9521709e-05
3.9549526e-05
3.9576174e-05
3.9601579e-05
3.9625648e-05
3.9648283e-05
3.9669382e-05
3.9688841e-05
3.9706558e-05
3.9722416e-05
3.8717988e-05
3.8748773e-05
3.8778244e-05
3.8806602e-05
3.8833836e-05
3.8859879e-05
3.8884646e-05
3.8908044e-05
3.8929978e-05
3.895035e-05
3.8969064e-05
3.8986008e-05
3.7992937e-05
3.8024139e-05
3.8054062e-05
3.808291e-05
3.8110676e-05
3.8137298e-05
3.8162699e-05
3.8186791e-05
3.8209486e-05
3.8230691e-05
3.8250317e-05
3.8268255e-05
3.7286944e-05
3.7318522e-05
3.7348854e-05
3.7378144e-05
3.7406392e-05
3.743354e-05
3.7459517e-05
3.7484242e-05
3.750763e-05
3.7529596e-05
3.7550054e-05
3.75689e-05
3.659968e-05
3.6631595e-05
3.6662295e-05
3.6691986e-05
3.672067e-05
3.6748297e-05
3.6774798e-05
3.6800098e-05
3.6824119e-05
3.6846779e-05
3.6867997e-05
3.6887676e-05
3.59308e-05
3.5963019e-05
3.5994051e-05
3.6024105e-05
3.6053186e-05
3.6081247e-05
3.6108225e-05
3.613405e-05
3.6158648e-05
3.6181942e-05
3.6203856e-05
3.6224297e-05
3.527995e-05
3.5312443e-05
3.5343775e-05
3.5374158e-05
3.5403599e-05
3.5432055e-05
3.5459468e-05
3.5485771e-05
3.5510897e-05
3.5534771e-05
3.5557322e-05
3.5578461e-05
3.4646762e-05
3.4679502e-05
3.4711107e-05
3.4741788e-05
3.4771556e-05
3.4800373e-05
3.4828183e-05
3.4854924e-05
3.4880531e-05
3.4904936e-05
3.4928071e-05
3.494985e-05
3.4030855e-05
3.4063818e-05
3.409567e-05
3.4126623e-05
3.415669e-05
3.4185836e-05
3.4214009e-05
3.4241151e-05
3.42672e-05
3.4292092e-05
3.4315763e-05
3.433813e-05
3.3431828e-05
3.3464995e-05
3.3497072e-05
3.3528274e-05
3.3558615e-05
3.3588063e-05
3.3616569e-05
3.3644078e-05
3.3670534e-05
3.3695874e-05
3.3720037e-05
3.3742946e-05
3.2849265e-05
3.2882618e-05
3.2914902e-05
3.2946332e-05
3.2976925e-05
3.3006651e-05
3.3035464e-05
3.3063312e-05
3.3090142e-05
3.3115894e-05
3.3140513e-05
3.3163921e-05
3.2282725e-05
3.2316249e-05
3.2348724e-05
3.2380365e-05
3.2411191e-05
3.2441174e-05
3.2470271e-05
3.2498433e-05
3.2525609e-05
3.2551744e-05
3.2576783e-05
3.2600654e-05
3.1731739e-05
3.1765423e-05
3.1798076e-05
3.1829914e-05
3.1860957e-05
3.1891179e-05
3.192054e-05
3.1948995e-05
3.1976493e-05
3.2002983e-05
3.2028412e-05
3.2052713e-05
3.1195809e-05
3.1229642e-05
3.1262463e-05
3.1294485e-05
3.1325732e-05
3.135618e-05
3.1385789e-05
3.1414516e-05
3.1442315e-05
3.1469137e-05
3.1494932e-05
3.1519633e-05
3.0674394e-05
3.0708371e-05
3.0741351e-05
3.0773549e-05
3.0804989e-05
3.0835649e-05
3.0865492e-05
3.0894477e-05
3.092256e-05
3.0949694e-05
3.0975831e-05
3.1000908e-05
3.0166911e-05
3.0201027e-05
3.023416e-05
3.0266527e-05
3.0298152e-05
3.0329015e-05
3.0359082e-05
3.0388312e-05
3.0416664e-05
3.0444092e-05
3.0470553e-05
3.0495985e-05
2.9672722e-05
2.9706973e-05
2.9740256e-05
2.9772787e-05
2.9804592e-05
2.9835651e-05
2.9865932e-05
2.9895397e-05
2.9924006e-05
2.9951715e-05
2.9978484e-05
3.0004251e-05
2.9191125e-05
2.9225511e-05
2.9258941e-05
2.9291632e-05
2.9323612e-05
2.9354862e-05
2.9385351e-05
2.9415043e-05
2.94439e-05
2.9471879e-05
2.9498942e-05
2.952503e-05
2.8721341e-05
2.8755862e-05
2.8789439e-05
2.882229e-05
2.8854443e-05
2.8885881e-05
2.8916573e-05
2.8946486e-05
2.8975583e-05
2.9003823e-05
2.9031169e-05
2.9057566e-05
2.8262507e-05
2.8297165e-05
2.833089e-05
2.83639e-05
2.8396225e-05
2.8427848e-05
2.845874e-05
2.848887e-05
2.8518201e-05
2.8546696e-05
2.8574317e-05
2.8601013e-05
2.7813659e-05
2.7848455e-05
2.7882328e-05
2.7915498e-05
2.7947995e-05
2.7979802e-05
2.8010893e-05
2.8041236e-05
2.8070798e-05
2.8099541e-05
2.8127428e-05
2.8154417e-05
2.7373716e-05
2.7408652e-05
2.7442676e-05
2.7476006e-05
2.7508674e-05
2.7540665e-05
2.7571953e-05
2.7602507e-05
2.7632295e-05
2.7661283e-05
2.7689425e-05
2.6941469e-05
2.6976547e-05
2.7010722e-05
2.7044213e-05
2.7077052e-05
2.7109225e-05
2.7140708e-05
2.7171471e-05
2.7201481e-05
2.7230708e-05
2.7259106e-05
2.6515566e-05
2.6550785e-05
2.658511e-05
2.661876e-05
2.6651768e-05
2.6684122e-05
2.6715797e-05
2.6746764e-05
2.6776993e-05
2.6806454e-05
2.6835102e-05
2.6094494e-05
2.6129851e-05
2.6164323e-05
2.6198129e-05
2.6231302e-05
2.6263831e-05
2.6295693e-05
2.6326859e-05
2.6357301e-05
2.6386987e-05
2.6415881e-05
2.5676571e-05
2.5712059e-05
2.574667e-05
2.5780624e-05
2.5813955e-05
2.5846652e-05
2.5878692e-05
2.5910049e-05
2.5940694e-05
2.5970592e-05
2.5259934e-05
2.5295541e-05
2.5330279e-05
2.5364368e-05
2.5397844e-05
2.5430696e-05
2.5462901e-05
2.5494435e-05
2.5525269e-05
2.5555372e-05
2.4842534e-05
2.487824e-05
2.4913086e-05
2.4947292e-05
2.4980894e-05
2.5013881e-05
2.5046232e-05
2.5077924e-05
2.5108922e-05
2.4422139e-05
2.4457917e-05
2.4492843e-05
2.4527138e-05
2.4560837e-05
2.4593933e-05
2.4626403e-05
2.4658225e-05
2.4689364e-05
2.3996344e-05
2.4032155e-05
2.4067122e-05
2.4101468e-05
2.4135228e-05
2.4168394e-05
2.4200946e-05
2.423286e-05
2.4264111e-05
2.4294671e-05
2.4324517e-05
2.356259e-05
2.3598382e-05
2.363334e-05
2.3667687e-05
2.3701458e-05
2.3734645e-05
2.3767229e-05
2.3799188e-05
2.3830496e-05
2.386113e-05
2.3891053e-05
2.3118198e-05
2.3153906e-05
2.3188791e-05
2.3223075e-05
2.3256793e-05
2.3289938e-05
2.3322492e-05
2.3354433e-05
2.3385736e-05
2.341638e-05
2.3446326e-05
2.2660423e-05
2.2695965e-05
2.2730695e-05
2.2764836e-05
2.2798421e-05
2.2831446e-05
2.2863891e-05
2.2895736e-05
2.2926958e-05
2.2957534e-05
2.2987429e-05
2.2186501e-05
2.2221777e-05
2.2256255e-05
2.2290155e-05
2.2323511e-05
2.2356319e-05
2.238856e-05
2.2420215e-05
2.2451262e-05
2.2481678e-05
2.2511429e-05
2.1693746e-05
2.1728639e-05
2.1762748e-05
2.179629e-05
2.1829302e-05
2.1861777e-05
2.1893701e-05
2.1925052e-05
2.1955811e-05
2.1985956e-05
2.2015455e-05
5.1058662e-05
5.0839684e-05
5.0573495e-05
5.0308587e-05
5.0061547e-05
4.9838966e-05
4.9643329e-05
4.9475005e-05
4.9333143e-05
4.9216214e-05
4.9122298e-05
4.9049343e-05
4.8995219e-05
4.8957868e-05
4.8935284e-05
4.8925609e-05
4.8927053e-05
4.8938358e-05
4.895702e-05
4.898686e-05
4.9963876e-05
4.9751139e-05
4.9494318e-05
4.9240221e-05
4.90044e-05
4.87928e-05
4.8607517e-05
4.8448702e-05
4.8315403e-05
4.8206062e-05
4.8118781e-05
4.8051553e-05
4.8002312e-05
4.7969071e-05
4.7949902e-05
4.7943027e-05
4.7946741e-05
4.7959865e-05
4.7979987e-05
4.8010927e-05
4.8899462e-05
4.8692622e-05
4.8444594e-05
4.8200605e-05
4.797525e-05
4.7773879e-05
4.759823e-05
4.7448254e-05
4.7322907e-05
4.7220607e-05
4.7139475e-05
4.7077546e-05
4.7032818e-05
4.7003366e-05
4.698734e-05
4.6983038e-05
4.6988832e-05
4.7003616e-05
4.702507e-05
4.7057001e-05
4.7864683e-05
4.7663417e-05
4.7423644e-05
4.718911e-05
4.6973522e-05
4.6781683e-05
4.6615e-05
4.6473242e-05
4.6355281e-05
4.6259513e-05
4.618408e-05
4.6127055e-05
4.6086496e-05
4.606054e-05
4.6047405e-05
4.6045464e-05
4.6053163e-05
4.6069462e-05
4.6092127e-05
4.612495e-05
4.6858816e-05
4.666282e-05
4.6430804e-05
4.6205118e-05
4.5998649e-05
4.5815693e-05
4.5657356e-05
4.552324e-05
4.541214e-05
4.5322434e-05
4.5252281e-05
4.5199796e-05
4.5163087e-05
4.5140353e-05
4.5129879e-05
4.5130104e-05
4.5139546e-05
4.5157227e-05
4.5180992e-05
4.5214616e-05
4.5881155e-05
4.5690145e-05
4.5465417e-05
4.5248016e-05
4.5050063e-05
4.487539e-05
4.4724824e-05
4.4597816e-05
4.4493091e-05
4.440901e-05
4.4343751e-05
4.4295465e-05
4.4262314e-05
4.424255e-05
4.4234523e-05
4.4236735e-05
4.4247771e-05
4.426671e-05
4.4291474e-05
4.4325815e-05
4.4931011e-05
4.4744717e-05
4.4526844e-05
4.4317201e-05
4.4127205e-05
4.3960257e-05
4.3816929e-05
4.3696533e-05
4.3597731e-05
4.3518871e-05
4.3458148e-05
4.3413749e-05
4.3383882e-05
4.3366856e-05
4.3361079e-05
4.3365113e-05
4.3377607e-05
4.3397691e-05
4.3423362e-05
4.3458344e-05
4.4007708e-05
4.3825878e-05
4.3614452e-05
4.3412079e-05
4.322952e-05
4.3069778e-05
4.2933194e-05
4.2818951e-05
4.2725654e-05
4.2651639e-05
4.2595121e-05
4.2554318e-05
4.2527486e-05
4.2512983e-05
4.2509273e-05
4.2514979e-05
4.2528804e-05
4.254993e-05
4.2576421e-05
4.2611975e-05
4.3110588e-05
4.2932983e-05
4.2727623e-05
4.2532065e-05
4.2356458e-05
4.2203443e-05
4.2073143e-05
4.1964625e-05
4.1876446e-05
4.180693e-05
4.1754309e-05
4.1716833e-05
4.1692804e-05
4.1680626e-05
4.1678818e-05
4.1686054e-05
4.1701096e-05
4.172317e-05
4.1750404e-05
4.1786466e-05
4.2239005e-05
4.2065399e-05
4.186575e-05
4.1676582e-05
4.1507478e-05
4.1360741e-05
4.1236298e-05
4.1133112e-05
4.104969e-05
4.0984351e-05
4.0935343e-05
4.0900947e-05
4.0879506e-05
4.0869471e-05
4.086941e-05
4.0878049e-05
4.0894203e-05
4.0917137e-05
4.0945042e-05
4.0981555e-05
4.1392326e-05
4.1222509e-05
4.1028235e-05
4.0845062e-05
4.0682041e-05
4.0541167e-05
4.0422186e-05
4.0323963e-05
4.0244966e-05
4.0183506e-05
4.0137847e-05
4.0106302e-05
4.0087252e-05
4.0079191e-05
4.0080735e-05
4.0090661e-05
4.0107828e-05
4.0131544e-05
4.0160056e-05
4.0196967e-05
4.0569932e-05
4.0403704e-05
4.0214493e-05
4.0036943e-05
3.9879616e-05
3.9744219e-05
3.9630332e-05
3.9536732e-05
3.946185e-05
3.9403992e-05
3.936144e-05
3.9332534e-05
3.9315691e-05
3.930945e-05
3.931247e-05
3.9323573e-05
3.9341666e-05
3.9366091e-05
3.9395151e-05
3.9432415e-05
3.9771216e-05
3.9608387e-05
3.9423947e-05
3.9251675e-05
3.9099678e-05
3.8969397e-05
3.8860263e-05
3.877097e-05
3.8699917e-05
3.8645405e-05
3.8605734e-05
3.857927e-05
3.8564467e-05
3.8559902e-05
3.8564279e-05
3.8576462e-05
3.8595399e-05
3.8620468e-05
3.8650022e-05
3.8687595e-05
3.8995582e-05
3.8835974e-05
3.8656028e-05
3.8488711e-05
3.8341704e-05
3.8216206e-05
3.8111506e-05
3.8026227e-05
3.7958736e-05
3.7907334e-05
3.7870335e-05
3.7846132e-05
3.7833214e-05
3.7830195e-05
3.7835819e-05
3.784899e-05
3.7868699e-05
3.7894351e-05
3.7924351e-05
3.7962195e-05
3.8242444e-05
3.8085888e-05
3.7910176e-05
3.7747511e-05
3.7605179e-05
3.7484152e-05
3.738359e-05
3.7302052e-05
3.7237877e-05
3.7189364e-05
3.7154845e-05
3.7132737e-05
3.712156e-05
3.7119966e-05
3.7126736e-05
3.7140813e-05
3.7161225e-05
3.7187407e-05
3.7217809e-05
3.7255891e-05
3.7511223e-05
3.7357558e-05
3.7185838e-05
3.7027542e-05
3.6889588e-05
3.6772741e-05
3.6676044e-05
3.6597992e-05
3.6536904e-05
3.6491078e-05
3.645886e-05
3.6438691e-05
3.6429125e-05
3.6428845e-05
3.6436669e-05
3.6451577e-05
3.6472631e-05
3.6499294e-05
3.6530059e-05
3.6568348e-05
3.680135e-05
3.6650422e-05
3.6482464e-05
3.6328271e-05
3.6194419e-05
3.6081482e-05
3.5988393e-05
3.5913593e-05
3.5855379e-05
3.5812051e-05
3.5781969e-05
3.5763598e-05
3.575552e-05
3.5756452e-05
3.5765247e-05
3.5780916e-05
3.5802558e-05
3.5829656e-05
3.5860748e-05
3.5899219e-05
3.6112257e-05
3.5963922e-05
3.5799508e-05
3.5649169e-05
3.5519161e-05
3.5409881e-05
3.5320162e-05
3.5248395e-05
3.5192859e-05
3.5151853e-05
3.5123754e-05
3.5107049e-05
3.5100349e-05
3.5102399e-05
3.5112087e-05
3.5128456e-05
3.5150634e-05
3.5178129e-05
3.5209517e-05
3.5248146e-05
3.5443382e-05
3.52975e-05
3.5136425e-05
3.4989706e-05
3.4863301e-05
3.4757441e-05
3.467087e-05
3.4601933e-05
3.4548891e-05
3.4510046e-05
3.448379e-05
3.446863e-05
3.4463203e-05
3.4466288e-05
3.4476799e-05
3.449381e-05
3.4516479e-05
3.4544335e-05
3.4575992e-05
3.4614758e-05
3.4794161e-05
3.4650599e-05
3.449267e-05
3.434935e-05
3.4226321e-05
3.4123661e-05
3.4040031e-05
3.3973734e-05
3.3923016e-05
3.3886183e-05
3.3861638e-05
3.3847911e-05
3.3843665e-05
3.3847705e-05
3.3858975e-05
3.3876578e-05
3.3899698e-05
3.3927882e-05
3.3959783e-05
3.399867e-05
3.4164027e-05
3.4022658e-05
3.386769e-05
3.3727561e-05
3.3607696e-05
3.350803e-05
3.3427149e-05
3.3363315e-05
3.3314764e-05
3.3279803e-05
3.325685e-05
3.3244453e-05
3.3241301e-05
3.3246225e-05
3.3258196e-05
3.3276344e-05
3.3299877e-05
3.3328363e-05
3.3360486e-05
3.3399481e-05
3.3552406e-05
3.3413108e-05
3.3260926e-05
3.3123793e-05
3.3006891e-05
3.2910027e-05
3.2831714e-05
3.277018e-05
3.2723649e-05
3.2690432e-05
3.2668959e-05
3.2657798e-05
3.2655661e-05
3.2661403e-05
3.2674023e-05
3.2692674e-05
3.2716589e-05
3.2745351e-05
3.2777679e-05
3.2816769e-05
3.2958712e-05
3.2821367e-05
3.2671805e-05
3.2537482e-05
3.2423357e-05
3.2329114e-05
3.22532e-05
3.2193814e-05
3.2149167e-05
3.2117574e-05
3.2097479e-05
3.2087468e-05
3.2086273e-05
3.2092774e-05
3.2105995e-05
3.2125112e-05
3.214938e-05
3.2178398e-05
3.2210916e-05
3.2250092e-05
3.2382343e-05
3.2246837e-05
3.2099736e-05
3.1968049e-05
3.1856523e-05
3.1764732e-05
3.1691062e-05
3.1633681e-05
3.1590792e-05
3.1560714e-05
3.1541901e-05
3.1532959e-05
3.153264e-05
3.1539848e-05
3.1553627e-05
3.1573176e-05
3.1597773e-05
3.1627028e-05
3.1659723e-05
3.1698979e-05
3.1822674e-05
3.1688896e-05
3.1544105e-05
3.1414888e-05
3.1305796e-05
3.1216298e-05
3.1144724e-05
3.1089216e-05
3.1047968e-05
3.1019302e-05
3.1001686e-05
3.099374e-05
3.0994237e-05
3.1002102e-05
3.1016401e-05
3.1036354e-05
3.1061257e-05
3.1090735e-05
3.1123596e-05
3.1162928e-05
3.1279046e-05
3.1146892e-05
3.1004266e-05
3.0877362e-05
3.0770547e-05
3.0683194e-05
3.061358e-05
3.0559821e-05
3.0520106e-05
3.0492758e-05
3.0476258e-05
3.0469241e-05
3.0470499e-05
3.0478978e-05
3.0493763e-05
3.0514094e-05
3.0539284e-05
3.0568972e-05
3.0601992e-05
3.0641398e-05
3.0750767e-05
3.0620133e-05
3.0479534e-05
3.0354794e-05
3.0250109e-05
3.0164762e-05
3.009698e-05
3.0044856e-05
3.0006573e-05
2.9980457e-05
2.9964999e-05
2.995885e-05
2.996082e-05
2.9969873e-05
2.9985114e-05
3.0005799e-05
3.0031262e-05
3.006115e-05
3.0094324e-05
3.0133803e-05
3.0237092e-05
3.010788e-05
2.9969176e-05
2.984646e-05
2.9743768e-05
2.9660295e-05
2.9594226e-05
2.9543632e-05
2.9506687e-05
2.9481723e-05
2.946724e-05
2.9461903e-05
2.946454e-05
2.9474131e-05
2.9489802e-05
2.9510823e-05
2.9536545e-05
2.9566624e-05
2.9599949e-05
2.9639504e-05
2.973722e-05
2.9609334e-05
2.9472401e-05
2.9351576e-05
2.9250746e-05
2.9169028e-05
2.9104561e-05
2.9055397e-05
2.9019705e-05
2.8995819e-05
2.8982249e-05
2.8977675e-05
2.8980938e-05
2.8991036e-05
2.9007112e-05
2.9028452e-05
2.9054422e-05
2.9084689e-05
2.9118162e-05
2.9157795e-05
2.9250278e-05
2.9123628e-05
2.8988347e-05
2.886929e-05
2.8770201e-05
2.8690123e-05
2.8627156e-05
2.8579332e-05
2.8544813e-05
2.8521938e-05
2.8509226e-05
2.8505367e-05
2.8509219e-05
2.8519797e-05
2.8536258e-05
2.8557903e-05
2.8584113e-05
2.8614561e-05
2.8648183e-05
2.86879e-05
2.877531e-05
2.864981e-05
2.851607e-05
2.8398665e-05
2.8301205e-05
2.8222663e-05
2.8161102e-05
2.8114533e-05
2.8081115e-05
2.805919e-05
2.8047283e-05
2.8044098e-05
2.8048507e-05
2.8059539e-05
2.8076367e-05
2.8098305e-05
2.8124747e-05
2.8155376e-05
2.8189147e-05
2.8228952e-05
2.8311259e-05
2.818683e-05
2.805453e-05
2.7938669e-05
2.7842735e-05
2.7765634e-05
2.7705391e-05
2.7660002e-05
2.7627619e-05
2.7606587e-05
2.7595439e-05
2.7592891e-05
2.7597827e-05
2.7609291e-05
2.762647e-05
2.764869e-05
2.7675358e-05
2.7706165e-05
2.7740087e-05
2.7779986e-05
2.7856955e-05
2.7733526e-05
2.7602573e-05
2.748816e-05
2.7393659e-05
2.7317912e-05
2.7258909e-05
2.721463e-05
2.7183223e-05
2.7163033e-05
2.7152602e-05
2.7150657e-05
2.7156094e-05
2.716797e-05
2.7185485e-05
2.7207978e-05
2.7234867e-05
2.7265851e-05
2.7299925e-05
2.7339923e-05
2.74111e-05
2.7288608e-05
2.7158921e-05
2.7045872e-05
2.6952721e-05
2.687825e-05
2.6820418e-05
2.6777189e-05
2.6746703e-05
2.672731e-05
2.6717559e-05
2.6716185e-05
2.6722099e-05
2.6734368e-05
2.6752206e-05
2.6774963e-05
2.6802068e-05
2.6833226e-05
2.6867454e-05
2.6907554e-05
2.6972245e-05
2.6850641e-05
2.6722153e-05
2.6610397e-05
2.6518526e-05
2.6445266e-05
2.6388544e-05
2.6346309e-05
2.6316697e-05
2.6298061e-05
2.6288956e-05
2.6288126e-05
2.6294494e-05
2.630714e-05
2.6325287e-05
2.6348298e-05
2.6375613e-05
2.6406944e-05
2.6441324e-05
2.6481529e-05
2.6538785e-05
2.6418032e-05
2.6290694e-05
2.6180174e-05
2.6089527e-05
2.6017422e-05
2.596176e-05
2.5920473e-05
2.5891696e-05
2.5873781e-05
2.5865291e-05
2.586498e-05
2.5871781e-05
2.5884787e-05
2.5903231e-05
2.5926486e-05
2.5954003e-05
2.59855e-05
2.6020029e-05
2.6060337e-05
2.6108935e-05
2.5989017e-05
2.5862798e-05
2.5753477e-05
2.5664012e-05
2.5593022e-05
2.5538379e-05
2.5498004e-05
2.5470027e-05
2.5452802e-05
2.54449e-05
2.5445086e-05
2.54523e-05
2.5465647e-05
2.5484373e-05
2.5507861e-05
2.553557e-05
2.5567224e-05
2.5601895e-05
2.5642301e-05
2.5680728e-05
2.5561649e-05
2.5436543e-05
2.5328404e-05
2.5240098e-05
2.5170196e-05
2.5116545e-05
2.5077053e-05
2.5049848e-05
2.5033289e-05
2.5025952e-05
2.5026611e-05
2.5034218e-05
2.504789e-05
2.5066881e-05
2.5090585e-05
2.5118472e-05
2.515027e-05
2.5185071e-05
2.5225561e-05
2.5252004e-05
2.5133796e-05
2.5009824e-05
2.4902875e-05
2.4815725e-05
2.4746901e-05
2.4694226e-05
2.46556e-05
2.4629148e-05
2.4613233e-05
2.460644e-05
2.4607551e-05
2.4615531e-05
2.4629506e-05
2.4648742e-05
2.4672642e-05
2.4700687e-05
2.4732611e-05
2.4767523e-05
2.4808077e-05
2.4820415e-05
2.470314e-05
2.4580355e-05
2.4474633e-05
2.438866e-05
2.4320922e-05
2.4269223e-05
2.4231455e-05
2.4205743e-05
2.4190457e-05
2.4184188e-05
2.418573e-05
2.4194061e-05
2.4208315e-05
2.4227772e-05
2.4251843e-05
2.428002e-05
2.4312041e-05
2.4347037e-05
2.4387626e-05
2.4383434e-05
2.4267189e-05
2.4145683e-05
2.4041255e-05
2.3956506e-05
2.3889884e-05
2.3839175e-05
2.3802269e-05
2.3777292e-05
2.3762622e-05
2.3756861e-05
2.3758814e-05
2.3767469e-05
2.3781975e-05
2.3801622e-05
2.3825831e-05
2.3854105e-05
2.3886187e-05
2.392123e-05
2.396181e-05
2.3938379e-05
2.3823301e-05
2.3703207e-05
2.3600178e-05
2.3516728e-05
2.3451272e-05
2.3401586e-05
2.3365556e-05
2.3341318e-05
2.3327256e-05
2.3321986e-05
2.3324326e-05
2.3333277e-05
2.3348002e-05
2.3367801e-05
2.3392107e-05
2.3420433e-05
2.3452528e-05
2.3487567e-05
2.3528084e-05
2.3482447e-05
2.3368719e-05
2.3250218e-05
2.3148732e-05
2.3066688e-05
2.3002472e-05
2.2953855e-05
2.2918729e-05
2.2895238e-05
2.288178e-05
2.2876986e-05
2.2879688e-05
2.2888902e-05
2.2903805e-05
2.2923709e-05
2.2948061e-05
2.2976383e-05
2.3008431e-05
2.3043403e-05
2.3083783e-05
2.3012773e-05
2.290063e-05
2.2783951e-05
2.2684192e-05
2.2603691e-05
2.2540812e-05
2.249333e-05
2.2459145e-05
2.2436418e-05
2.2423563e-05
2.2419228e-05
2.2422264e-05
2.2431702e-05
2.2446734e-05
2.2466689e-05
2.2491022e-05
2.2519271e-05
2.2551196e-05
2.2586023e-05
2.2626177e-05
2.2526496e-05
2.2416228e-05
2.2301654e-05
2.2203846e-05
2.2125055e-05
2.2063635e-05
2.2017368e-05
2.1984175e-05
2.1962235e-05
2.1949984e-05
2.1946091e-05
2.1949426e-05
2.195904e-05
2.1974142e-05
2.1994077e-05
2.2018315e-05
2.2046405e-05
2.2078116e-05
2.21127e-05
2.2152519e-05
2.202089e-05
2.191282e-05
2.1800674e-05
2.170508e-05
2.1628199e-05
2.156838e-05
2.1523426e-05
2.1491283e-05
2.1470156e-05
2.1458508e-05
2.1455032e-05
2.1458624e-05
2.1468357e-05
2.1483458e-05
2.1503291e-05
2.1527341e-05
2.1555172e-05
2.1586559e-05
2.1620786e-05
2.166014e-05
2.0590961e-05
2.0489256e-05
2.0384102e-05
2.0294838e-05
2.0223374e-05
2.0168061e-05
2.0126764e-05
2.0097509e-05
2.0078586e-05
2.0068538e-05
2.0066136e-05
2.0070347e-05
2.0080307e-05
2.0095303e-05
2.0114746e-05
2.0138163e-05
2.0165159e-05
2.0195528e-05
2.0228644e-05
2.0266571e-05
1.9153984e-05
1.9053978e-05
1.8951014e-05
1.8864017e-05
1.879471e-05
1.8741355e-05
1.8701777e-05
1.8673992e-05
1.8656303e-05
1.8647275e-05
1.8645711e-05
1.8650607e-05
1.8661132e-05
1.8676598e-05
1.8696443e-05
1.8720218e-05
1.874755e-05
1.8778244e-05
1.8811738e-05
1.8849956e-05
1.8418543e-05
1.8315197e-05
1.8209051e-05
1.8119606e-05
1.8048559e-05
1.7994043e-05
1.7953767e-05
1.7925659e-05
1.7907952e-05
1.7899166e-05
1.7898065e-05
1.7903621e-05
1.7914983e-05
1.7931448e-05
1.7952442e-05
1.7977511e-05
1.8006279e-05
1.8038547e-05
1.807377e-05
1.8113861e-05
1.8173331e-05
1.8067463e-05
1.7958776e-05
1.7867238e-05
1.7794574e-05
1.7738857e-05
1.7697736e-05
1.7669083e-05
1.765109e-05
1.7642241e-05
1.7641271e-05
1.764713e-05
1.7658946e-05
1.7676e-05
1.7697708e-05
1.7723601e-05
1.7753299e-05
1.7786596e-05
1.7822945e-05
1.7864273e-05
1.8099071e-05
1.7992849e-05
1.7883786e-05
1.779192e-05
1.771898e-05
1.7663039e-05
1.762174e-05
1.7592953e-05
1.7574866e-05
1.7565961e-05
1.7564972e-05
1.7570845e-05
1.7582705e-05
1.7599833e-05
1.7621639e-05
1.7647656e-05
1.7677502e-05
1.7710968e-05
1.7747511e-05
1.7789047e-05
1.8057012e-05
1.795104e-05
1.7842221e-05
1.775054e-05
1.7677729e-05
1.7621869e-05
1.7580611e-05
1.7551836e-05
1.7533738e-05
1.7524806e-05
1.7523777e-05
1.7529601e-05
1.7541407e-05
1.7558475e-05
1.758022e-05
1.7606174e-05
1.7635955e-05
1.7669357e-05
1.770584e-05
1.7747304e-05
1.8021175e-05
1.7915519e-05
1.7807016e-05
1.7715592e-05
1.7642972e-05
1.7587247e-05
1.7546078e-05
1.7517353e-05
1.7499277e-05
1.7490341e-05
1.748929e-05
1.7495077e-05
1.7506832e-05
1.752384e-05
1.7545516e-05
1.7571394e-05
1.7601095e-05
1.7634412e-05
1.7670809e-05
1.7712173e-05
1.7987369e-05
1.7882028e-05
1.7773847e-05
1.7682688e-05
1.7610271e-05
1.7554696e-05
1.7513633e-05
1.7484978e-05
1.7466939e-05
1.7458017e-05
1.7456958e-05
1.746272e-05
1.7474436e-05
1.7491393e-05
1.7513009e-05
1.7538818e-05
1.7568442e-05
1.7601677e-05
1.7637989e-05
1.7679253e-05
1.7955676e-05
1.7850651e-05
1.774279e-05
1.7651897e-05
1.7579689e-05
1.7524272e-05
1.7483325e-05
1.7454748e-05
1.7436759e-05
1.7427859e-05
1.7426802e-05
1.7432547e-05
1.7444231e-05
1.7461143e-05
1.7482701e-05
1.7508443e-05
1.7537993e-05
1.7571144e-05
1.7607368e-05
1.7648529e-05
1.7923404e-05
1.7818703e-05
1.7711176e-05
1.7620562e-05
1.7548576e-05
1.7493313e-05
1.7452529e-05
1.7423863e-05
1.7406623e-05
1.7394897e-05
1.7396168e-05
1.7401875e-05
1.7413525e-05
1.7430394e-05
1.7451899e-05
1.7477579e-05
1.7507057e-05
1.7540131e-05
1.7576274e-05
1.7617338e-05
2.0299014e-05
2.0332687e-05
2.0365637e-05
2.0398057e-05
2.0429982e-05
2.0461407e-05
2.0492316e-05
2.0522694e-05
2.0552521e-05
2.0581779e-05
2.061044e-05
1.8882693e-05
1.8916682e-05
1.8949953e-05
1.8982704e-05
1.9014968e-05
1.9046743e-05
1.9078016e-05
1.910877e-05
1.913899e-05
1.9168657e-05
1.9197748e-05
1.814823e-05
1.8183915e-05
1.8218851e-05
1.8253245e-05
1.8287133e-05
1.8320514e-05
1.8353375e-05
1.83857e-05
1.8417473e-05
1.8448677e-05
1.8479288e-05
1.7899704e-05
1.7936485e-05
1.7972487e-05
1.8007926e-05
1.8042839e-05
1.8077224e-05
1.811107e-05
1.814436e-05
1.817708e-05
1.8209211e-05
1.8240731e-05
1.7824652e-05
1.7861609e-05
1.7897778e-05
1.7933376e-05
1.7968443e-05
1.8002975e-05
1.8036962e-05
1.8070387e-05
1.8103235e-05
1.813549e-05
1.8167127e-05
1.7782846e-05
1.7819732e-05
1.7855831e-05
1.7891358e-05
1.7926352e-05
1.796081e-05
1.7994722e-05
1.8028072e-05
1.8060844e-05
1.8093022e-05
1.8124582e-05
1.7747627e-05
1.778442e-05
1.7820426e-05
1.7855861e-05
1.7890762e-05
1.7925129e-05
1.7958949e-05
1.7992207e-05
1.8024887e-05
1.8056974e-05
1.8088443e-05
1.771462e-05
1.7751323e-05
1.7787239e-05
1.7822583e-05
1.7857396e-05
1.7891673e-05
1.7925405e-05
1.7958575e-05
1.7991168e-05
1.8023168e-05
1.8054551e-05
1.7683808e-05
1.7720418e-05
1.7756242e-05
1.7791496e-05
1.7826218e-05
1.7860407e-05
1.789405e-05
1.7927133e-05
1.795964e-05
1.7991555e-05
1.8022853e-05
1.7652534e-05
1.7689056e-05
1.7724794e-05
1.7759962e-05
1.77946e-05
1.7828704e-05
1.7862264e-05
1.7895265e-05
1.792769e-05
1.7959524e-05
1.7990743e-05
)
;

boundaryField
{
    inlet
    {
        type            zeroGradient;
    }
    top
    {
        type            zeroGradient;
    }
    outlet
    {
        type            zeroGradient;
    }
    slipsurface
    {
        type            slip;
    }
    bottom
    {
        type            epsilonWallFunction;
        value           nonuniform List<scalar> 0();
    }
    frontandback
    {
        type            empty;
    }
    procBoundary1to0
    {
        type            processor;
        value           nonuniform List<scalar> 
61
(
4.9098434e-05
4.8148968e-05
4.7219236e-05
4.6309295e-05
4.5419157e-05
4.4548793e-05
4.3698141e-05
4.2867107e-05
4.2055571e-05
4.1263386e-05
4.0490384e-05
3.9736374e-05
3.9001147e-05
3.8284473e-05
3.7586109e-05
3.6905792e-05
3.6243244e-05
3.559817e-05
3.497026e-05
3.4359184e-05
3.3764592e-05
3.3186115e-05
3.2623354e-05
3.2075884e-05
3.1543242e-05
3.1024928e-05
3.0520391e-05
3.0029024e-05
2.9550151e-05
2.908302e-05
2.862678e-05
2.8180442e-05
2.7716726e-05
2.7716726e-05
2.7286686e-05
2.6862943e-05
2.6443933e-05
2.5999742e-05
2.5999742e-05
2.5584699e-05
2.5139237e-05
2.5139237e-05
2.4719836e-05
2.4719836e-05
2.4749547e-05
2.4353602e-05
2.3920276e-05
2.3475594e-05
2.3016662e-05
2.2540535e-05
2.2044328e-05
2.0638521e-05
1.9226278e-05
1.8509322e-05
1.8271656e-05
1.8198165e-05
1.8155542e-05
1.8119311e-05
1.8085334e-05
1.8053554e-05
1.8021364e-05
)
;
    }
    procBoundary1to3
    {
        type            processor;
        value           nonuniform List<scalar> 
32
(
5.00051e-05
5.0024006e-05
5.0040903e-05
5.0055855e-05
5.006868e-05
5.007914e-05
5.0086997e-05
5.0092028e-05
5.0094017e-05
5.0092763e-05
5.0088073e-05
5.0079765e-05
5.2184558e-05
5.1958951e-05
5.1682769e-05
5.1406297e-05
5.1147231e-05
5.0912864e-05
5.0706103e-05
5.0527554e-05
5.0376477e-05
5.0251373e-05
5.0150304e-05
5.0071167e-05
5.0011764e-05
4.9969963e-05
4.9943673e-05
4.9930952e-05
4.9929919e-05
4.9939236e-05
4.9956293e-05
4.9984914e-05
)
;
    }
}


// ************************************************************************* //
