/*--------------------------------*- C++ -*----------------------------------*\
  =========                 |
  \\      /  F ield         | OpenFOAM: The Open Source CFD Toolbox
   \\    /   O peration     | Website:  https://openfoam.org
    \\  /    A nd           | Version:  12
     \\/     M anipulation  |
\*---------------------------------------------------------------------------*/
FoamFile
{
    format      ascii;
    class       volScalarField;
    location    "1500";
    object      nut;
}
// * * * * * * * * * * * * * * * * * * * * * * * * * * * * * * * * * * * * * //

dimensions      [0 2 -1 0 0 0 0];

internalField   nonuniform List<scalar> 
467
(
0.00013247254
0.00012769375
0.00012276934
0.00011769587
0.00011246518
0.0001070778
0.00010152438
9.580553e-05
0.00020383343
0.00020049472
0.00019709902
0.00019364559
0.00019013263
0.00018655721
0.00018291539
0.00017920241
0.0001754126
0.00017153948
0.0001675762
0.00016351517
0.00015934873
0.00015506824
0.00015066558
0.00014613281
0.00014146033
0.00013664093
0.00013166592
0.00012653003
0.00012122433
0.0001157434
0.00011008929
0.00010424036
9.8241406e-05
9.2058571e-05
8.5722527e-05
0.00021742473
0.0002143841
0.00021127318
0.0002080929
0.00020484326
0.00020152328
0.00019813101
0.00019466363
0.00019111738
0.00018748763
0.00018376907
0.00017995564
0.00017604077
0.00017201713
0.00016787707
0.00016361289
0.0001592158
0.00015467762
0.00014998943
0.00014514358
0.00014013103
0.00013494299
0.00012957559
0.0001240138
0.00011826846
0.00011232097
0.00010618862
0.00022957301
0.00022686192
0.00022406891
0.0002211957
0.00021824334
0.00021521211
0.00021210152
0.00020891024
0.00020563614
0.00020227622
0.00019882674
0.00019528315
0.00019164026
0.0001878921
0.00018403213
0.0001800534
0.00017594816
0.00017170848
0.00016732581
0.00016279185
0.00015809764
0.00015323353
0.00014819244
0.00014296168
0.00013753934
0.00013191378
0.00012608426
0.00024036355
0.00023799501
0.00023553637
0.0002329893
0.00023035511
0.00022763465
0.00022482819
0.00022193537
0.00021895519
0.00021588588
0.00021272501
0.00020946938
0.00020611509
0.00020265753
0.00019909137
0.00019541075
0.00019160903
0.00018767912
0.00018361323
0.00017940336
0.00017504098
0.00017051666
0.00016582203
0.0001609458
0.00015588082
0.00015061657
0.00014514614
0.00024993249
0.00024790162
0.00024577685
0.00024355922
0.00024124965
0.00023884888
0.00023635732
0.000233775
0.00023110147
0.00022833574
0.00022547626
0.00022252085
0.00021946667
0.00021631025
0.00021304742
0.00020967339
0.00020618268
0.0002025692
0.00019882617
0.00019494631
0.00019092181
0.00018674399
0.00018240433
0.00017789262
0.00017319992
0.00016831596
0.00016323146
0.00025845154
0.00025673787
0.00025493114
0.00025303136
0.00025103865
0.00024895313
0.00024677485
0.00024450369
0.00024213925
0.00023968084
0.00023712731
0.0002344771
0.00023172809
0.00022887764
0.00022592251
0.00022285886
0.00021968223
0.00021638751
0.00021296895
0.00020942019
0.00020573429
0.00020190352
0.00019791981
0.000193774
0.00018945695
0.00018495874
0.00018026946
0.00026611193
0.00026468305
0.00026316615
0.0002615601
0.00025986399
0.00025807707
0.00025619867
0.00025422814
0.00025216475
0.00025000763
0.00024775568
0.00024540751
0.00024296139
0.00024041513
0.00023776613
0.00023501125
0.00023214682
0.00022916861
0.00022607176
0.00022285082
0.00021949975
0.00021601179
0.00021237964
0.00020859514
0.00020464968
0.00020053398
0.0001962383
0.00027310922
0.00027192516
0.00027066139
0.00026931574
0.00026788629
0.00026637135
0.00026476939
0.00026307904
0.00026129897
0.00025942786
0.00025746431
0.00025540681
0.00025325362
0.00025100274
0.00024865185
0.00024619825
0.00024363879
0.00024096989
0.0002381874
0.00023528667
0.00023226245
0.00022910888
0.00022581952
0.00022238716
0.00021880399
0.00021506154
0.00021115071
0.00027963051
0.0002786481
0.00027759638
0.00027647237
0.00027527335
0.00027399678
0.00027264037
0.00027120195
0.00026967953
0.0002680712
0.00026637508
0.00026458928
0.00026271183
0.00026074064
0.00025867341
0.00025650759
0.00025424033
0.00025186842
0.00024938823
0.00024679568
0.00024408619
0.00024125466
0.0002382954
0.00023520211
0.00023196783
0.00022858494
0.00022504517
0.00028584473
0.00028502151
0.00028414019
0.00028319737
0.00028218977
0.0002811143
0.00027996803
0.00027874818
0.00027745214
0.00027607738
0.00027462152
0.00027308221
0.0002714571
0.00026974382
0.00026793992
0.00026604278
0.00026404962
0.00026195739
0.00025976275
0.00025746201
0.00025505106
0.00025252538
0.00024987992
0.00024710912
0.00024420682
0.00024116622
0.00023797991
0.00029189676
0.00029119392
0.00029044393
0.00028964329
0.00028878854
0.00028787632
0.00028690331
0.00028586636
0.00028476237
0.00028358839
0.00028234155
0.00028101907
0.00027961822
0.00027813628
0.00027657053
0.00027491819
0.00027317636
0.00027134201
0.00026941189
0.00026738251
0.00026525008
0.00026301046
0.00026065909
0.000258191
0.00025560067
0.00025288206
0.00025002853
0.00029790488
0.00029728916
0.00029663616
0.00029594258
0.00029520508
0.00029442028
0.00029358483
0.00029269539
0.00029174868
0.00029074146
0.00028967056
0.0002885329
0.00028732541
0.00028604508
0.00028468892
0.00028325392
0.00028173702
0.00028013509
0.00027844487
0.00027666293
0.00027478563
0.00027280907
0.00027072905
0.00026854098
0.0002662399
0.00026382036
0.00026127639
0.00030396133
0.00030340584
0.00030282138
0.00030220506
0.00030155384
0.00030086463
0.00030013423
0.0002993594
0.00029853688
0.0002976634
0.00029673568
0.00029575049
0.00029470459
0.00029359479
0.00029241788
0.00029117068
0.00028984997
0.00028845251
0.00028697495
0.00028541386
0.00028376567
0.00028202659
0.00028019264
0.00027825953
0.00027622267
0.00027407709
0.00027181737
0.00031013492
0.00030961912
0.0003090809
0.00030851788
0.00030792752
0.00030730709
0.00030665377
0.00030596462
0.00030523658
0.00030446654
0.00030365135
0.00030278779
0.00030187265
0.00030090266
0.00029987457
0.0002987851
0.00029763096
0.0002964088
0.00029511525
0.00029374683
0.00029229998
0.00029077102
0.00028915606
0.00028745105
0.00028565164
0.00028375323
0.00028175084
0.00031647494
0.00031598391
0.00031547536
0.00031494742
0.00031439806
0.00031382504
0.00031322599
0.00031259834
0.00031193945
0.0003112465
0.0003105166
0.00030974676
0.00030893392
0.00030807494
0.00030716663
0.00030620577
0.00030518908
0.00030411323
0.00030297483
0.00030177044
0.00030049654
0.00029914947
0.00029772549
0.00029622067
0.00029463088
0.00029295178
0.00029117875
0.00032301538
0.00032253885
0.00032204828
0.00032154227
0.00032101923
0.00032047741
0.00031991488
0.00031932958
0.00031871927
0.00031808156
0.00031741393
0.00031671373
0.00031597819
0.00031520443
0.00031438948
0.00031353028
0.00031262369
0.00031166651
0.00031065546
0.00030958717
0.0003084582
0.00030726501
0.00030600395
0.00030467124
0.00030326294
0.00030177493
0.00030020287
0.00032977903
0.00032931034
0.00032882997
0.00032833685
0.00032782979
0.00032730745
0.00032676836
0.00032621089
0.00032563325
0.00032503351
0.00032440958
0.00032375919
0.00032307996
0.00032236937
0.00032162476
0.00032084336
0.00032002229
0.00031915855
0.00031824907
0.00031729066
0.00031628004
0.00031521384
0.00031408856
0.00031290059
0.00031164618
0.00031032141
0.00030892224
)
;

boundaryField
{
    inlet
    {
        type            calculated;
        value           nonuniform List<scalar> 0();
    }
    top
    {
        type            calculated;
        value           nonuniform List<scalar> 0();
    }
    outlet
    {
        type            calculated;
        value           nonuniform List<scalar> 0();
    }
    slipsurface
    {
        type            slip;
    }
    bottom
    {
        type            nutkWallFunction;
        Cmu             0.09;
        kappa           0.41;
        E               9.8;
        value           nonuniform List<scalar> 0();
    }
    frontandback
    {
        type            empty;
    }
    procBoundary6to2
    {
        type            processor;
        value           nonuniform List<scalar> 
27
(
0.00033678129
0.00033631635
0.0003358412
0.00033535503
0.00033485698
0.00033434605
0.00033382116
0.00033328105
0.00033272437
0.00033214958
0.00033155502
0.00033093885
0.0003302991
0.00032963364
0.0003289402
0.00032821635
0.00032745955
0.00032666713
0.00032583629
0.0003249641
0.00032404753
0.00032308343
0.00032206854
0.00032099944
0.00031987263
0.00031868442
0.000317431
)
;
    }
    procBoundary6to5
    {
        type            processor;
        value           nonuniform List<scalar> 
17
(
7.9249787e-05
9.9862514e-05
0.00012004243
0.00013946046
0.00015793628
0.00017537857
0.00019175233
0.00020706178
0.00022133959
0.0002346398
0.00024703284
0.00025860151
0.00026943766
0.00027963911
0.00028930681
0.00029854207
0.00030744408
)
;
    }
    procBoundary6to7
    {
        type            processor;
        value           nonuniform List<scalar> 
29
(
0.00011341566
0.00010842331
0.00010328292
9.8001079e-05
9.25681e-05
8.6995952e-05
8.1277684e-05
7.5439937e-05
0.00018877783
0.00018518911
0.00018155604
0.00017787548
0.0001741432
0.00017035382
0.00016650107
0.00016257818
0.00015857743
0.00015449066
0.00015030984
0.00014602615
0.00014163143
0.00013711597
0.00013711597
8.9939201e-05
8.9939201e-05
8.3911524e-05
7.776304e-05
7.1500781e-05
6.5164586e-05
)
;
    }
    procBoundary6to8
    {
        type            processor;
        value           nonuniform List<scalar> 
17
(
0.00020711475
0.0002203932
0.0002321999
0.00024264003
0.00025186843
0.00026007235
0.00026745423
0.00027421608
0.00028054681
0.0002866134
0.00029255599
0.00029848657
0.00030449062
0.00031063056
0.00031695015
0.00032347907
0.00033023693
)
;
    }
}


// ************************************************************************* //
