/*--------------------------------*- C++ -*----------------------------------*\
  =========                 |
  \\      /  F ield         | OpenFOAM: The Open Source CFD Toolbox
   \\    /   O peration     | Website:  https://openfoam.org
    \\  /    A nd           | Version:  12
     \\/     M anipulation  |
\*---------------------------------------------------------------------------*/
FoamFile
{
    format      ascii;
    class       volScalarField;
    location    "1800";
    object      p;
}
// * * * * * * * * * * * * * * * * * * * * * * * * * * * * * * * * * * * * * //

dimensions      [0 2 -2 0 0 0 0];

internalField   nonuniform List<scalar> 
808
(
0.002671715
0.0026463659
0.0026205324
0.0025949287
0.0025701994
0.0025451564
0.0025188048
0.0024925618
0.0024668031
0.0024411075
0.0024144509
0.0023871768
0.0023598385
0.0023331087
0.0023059087
0.0022771905
0.0022483024
0.0022195609
0.0021906291
0.0021605413
0.0021295194
0.0020982001
0.0020670169
0.0020348286
0.0020009625
0.0019665046
0.0019320247
0.001896494
0.0018589944
0.0018204747
0.0026717167
0.0026463676
0.002620534
0.0025949303
0.0025702009
0.0025451578
0.0025188062
0.0024925631
0.0024668044
0.0024411088
0.0024144521
0.002387178
0.0023598396
0.0023331097
0.0023059097
0.0022771915
0.0022483033
0.0022195618
0.00219063
0.0021605422
0.0021295203
0.0020982009
0.0020670177
0.0020348294
0.0020009632
0.0019665053
0.0019320253
0.0018964947
0.001858995
0.0018204753
0.0026717188
0.0026463696
0.002620536
0.0025949321
0.0025702027
0.0025451595
0.0025188078
0.0024925647
0.0024668059
0.0024411103
0.0024144535
0.0023871794
0.0023598409
0.002333111
0.002305911
0.0022771927
0.0022483045
0.0022195629
0.002190631
0.0021605432
0.0021295212
0.0020982019
0.0020670186
0.0020348302
0.0020009641
0.0019665061
0.0019320261
0.0018964954
0.0018589957
0.001820476
0.0017816029
0.0026717208
0.0026463715
0.0026205379
0.0025949339
0.0025702044
0.0025451612
0.0025188095
0.0024925663
0.0024668075
0.0024411117
0.002414455
0.0023871808
0.0023598422
0.0023331123
0.0023059122
0.0022771939
0.0022483056
0.002219564
0.0021906321
0.0021605442
0.0021295222
0.0020982028
0.0020670195
0.0020348311
0.0020009649
0.001966507
0.0019320269
0.0018964962
0.0018589964
0.0018204767
0.0017816036
0.0026717229
0.0026463735
0.0026205398
0.0025949358
0.0025702062
0.002545163
0.0025188112
0.0024925679
0.002466809
0.0024411132
0.0024144564
0.0023871822
0.0023598436
0.0023331136
0.0023059135
0.0022771951
0.0022483068
0.0022195651
0.0021906332
0.0021605452
0.0021295232
0.0020982038
0.0020670205
0.002034832
0.0020009658
0.0019665078
0.0019320277
0.0018964969
0.0018589972
0.0018204774
0.0017816043
0.0026717251
0.0026463757
0.0026205419
0.0025949378
0.0025702082
0.0025451648
0.0025188129
0.0024925696
0.0024668107
0.0024411148
0.0024144579
0.0023871837
0.002359845
0.002333115
0.0023059148
0.0022771964
0.002248308
0.0022195663
0.0021906343
0.0021605464
0.0021295243
0.0020982048
0.0020670215
0.002034833
0.0020009667
0.0019665087
0.0019320285
0.0018964978
0.0018589979
0.0018204781
0.001781605
0.0026717276
0.002646378
0.0026205441
0.00259494
0.0025702103
0.0025451669
0.0025188149
0.0024925715
0.0024668125
0.0024411166
0.0024144596
0.0023871853
0.0023598466
0.0023331165
0.0023059162
0.0022771978
0.0022483094
0.0022195676
0.0021906356
0.0021605476
0.0021295255
0.0020982059
0.0020670225
0.002034834
0.0020009677
0.0019665096
0.0019320295
0.0018964986
0.0018589988
0.0018204789
0.0017816058
0.0026717303
0.0026463807
0.0026205467
0.0025949425
0.0025702126
0.0025451691
0.0025188171
0.0024925736
0.0024668145
0.0024411186
0.0024144615
0.0023871871
0.0023598484
0.0023331182
0.0023059179
0.0022771994
0.0022483109
0.0022195691
0.002190637
0.0021605489
0.0021295268
0.0020982072
0.0020670237
0.0020348352
0.0020009688
0.0019665107
0.0019320305
0.0018964996
0.0018589997
0.0018204798
0.0017816067
0.0026717336
0.0026463838
0.0026205497
0.0025949454
0.0025702154
0.0025451718
0.0025188197
0.0024925761
0.0024668169
0.0024411209
0.0024144638
0.0023871893
0.0023598504
0.0023331202
0.0023059198
0.0022772012
0.0022483127
0.0022195708
0.0021906386
0.0021605505
0.0021295283
0.0020982087
0.0020670251
0.0020348365
0.0020009701
0.0019665119
0.0019320317
0.0018965008
0.0018590009
0.0018204809
0.0017816077
0.0026717376
0.0026463877
0.0026205534
0.002594949
0.0025702189
0.0025451752
0.0025188229
0.0024925792
0.0024668199
0.0024411237
0.0024144665
0.0023871919
0.002359853
0.0023331226
0.0023059222
0.0022772035
0.0022483149
0.0022195729
0.0021906407
0.0021605524
0.0021295301
0.0020982105
0.0020670269
0.0020348382
0.0020009717
0.0019665135
0.0019320331
0.0018965022
0.0018590022
0.0018204822
0.0017816089
0.0026717429
0.0026463928
0.0026205583
0.0025949536
0.0025702234
0.0025451795
0.002518827
0.0024925832
0.0024668237
0.0024411274
0.0024144701
0.0023871953
0.0023598562
0.0023331258
0.0023059252
0.0022772064
0.0022483177
0.0022195756
0.0021906432
0.0021605549
0.0021295325
0.0020982127
0.0020670291
0.0020348403
0.0020009737
0.0019665154
0.001932035
0.001896504
0.0018590039
0.0018204838
0.0017816105
0.0026717499
0.0026463995
0.0026205647
0.0025949598
0.0025702293
0.0025451852
0.0025188325
0.0024925885
0.0024668288
0.0024411323
0.0024144747
0.0023871998
0.0023598606
0.00233313
0.0023059292
0.0022772103
0.0022483214
0.0022195792
0.0021906467
0.0021605582
0.0021295357
0.0020982158
0.002067032
0.0020348431
0.0020009764
0.001966518
0.0019320375
0.0018965063
0.0018590061
0.001820486
0.0017816125
0.0026717591
0.0026464084
0.0026205733
0.002594968
0.0025702372
0.0025451928
0.0025188398
0.0024925955
0.0024668356
0.0024411388
0.002414481
0.0023872058
0.0023598664
0.0023331355
0.0023059345
0.0022772154
0.0022483263
0.0022195839
0.0021906512
0.0021605626
0.0021295399
0.0020982198
0.0020670358
0.0020348468
0.0020009799
0.0019665214
0.0019320407
0.0018965094
0.0018590091
0.0018204888
0.0017816153
0.0026717713
0.0026464201
0.0026205845
0.0025949788
0.0025702476
0.0025452028
0.0025188494
0.0024926047
0.0024668444
0.0024411473
0.0024144892
0.0023872137
0.002359874
0.0023331428
0.0023059416
0.0022772221
0.0022483328
0.0022195901
0.0021906572
0.0021605683
0.0021295454
0.0020982251
0.0020670409
0.0020348516
0.0020009846
0.0019665259
0.001932045
0.0018965136
0.0018590131
0.0018204926
0.0017816189
0.0026717868
0.0026464349
0.0026205988
0.0025949926
0.0025702608
0.0025452155
0.0025188617
0.0024926165
0.0024668558
0.0024411582
0.0024144997
0.0023872238
0.0023598837
0.0023331522
0.0023059505
0.0022772308
0.0022483411
0.0022195981
0.0021906649
0.0021605757
0.0021295525
0.0020982319
0.0020670475
0.0020348579
0.0020009907
0.0019665316
0.0019320506
0.0018965189
0.0018590182
0.0018204975
0.0017816236
0.002671806
0.0026464534
0.0026206166
0.0025950097
0.0025702773
0.0025452313
0.0025188769
0.0024926312
0.0024668699
0.0024411719
0.0024145128
0.0023872364
0.0023598958
0.0023331639
0.0023059618
0.0022772416
0.0022483515
0.0022196082
0.0021906746
0.002160585
0.0021295614
0.0020982405
0.0020670557
0.0020348659
0.0020009983
0.001966539
0.0019320576
0.0018965256
0.0018590246
0.0018205037
0.0017816295
0.0026718301
0.0026464765
0.0026206389
0.0025950311
0.0025702979
0.0025452511
0.002518896
0.0024926496
0.0024668876
0.0024411888
0.0024145292
0.0023872522
0.002359911
0.0023331785
0.0023059759
0.0022772551
0.0022483645
0.0022196207
0.0021906866
0.0021605966
0.0021295725
0.0020982512
0.002067066
0.0020348757
0.0020010077
0.001966548
0.0019320663
0.001896534
0.0018590326
0.0018205113
0.0017816368
0.0026718601
0.0026465054
0.0026206666
0.0025950578
0.0025703235
0.0025452758
0.0025189197
0.0024926724
0.0024669096
0.00244121
0.0024145495
0.0023872718
0.0023599298
0.0023331966
0.0023059933
0.0022772719
0.0022483807
0.0022196362
0.0021907015
0.0021606109
0.0021295863
0.0020982644
0.0020670787
0.0020348879
0.0020010194
0.0019665593
0.0019320771
0.0018965443
0.0018590425
0.0018205208
0.0017816459
0.0026718973
0.0026465412
0.002620701
0.0025950909
0.0025703554
0.0025453064
0.0025189492
0.0024927008
0.0024669369
0.0024412363
0.0024145748
0.0023872961
0.0023599533
0.0023332191
0.002306015
0.0022772928
0.0022484008
0.0022196555
0.0021907201
0.0021606288
0.0021296035
0.0020982809
0.0020670945
0.0020349031
0.002001034
0.0019665733
0.0019320905
0.0018965572
0.0018590549
0.0018205326
0.0017816572
0.0026719431
0.0026465852
0.0026207434
0.0025951316
0.0025703946
0.0025453441
0.0025189854
0.0024927357
0.0024669705
0.0024412686
0.0024146059
0.002387326
0.0023599821
0.0023332469
0.0023060417
0.0022773185
0.0022484255
0.0022196793
0.0021907429
0.0021606507
0.0021296246
0.0020983012
0.0020671141
0.0020349218
0.002001052
0.0019665905
0.0019321071
0.0018965731
0.0018590701
0.0018205472
0.0017816711
0.0026719986
0.0026466385
0.0026207946
0.002595181
0.0025704421
0.0025453898
0.0025190294
0.002492778
0.0024670112
0.0024413078
0.0024146437
0.0023873624
0.0023600171
0.0023332806
0.0023060741
0.0022773497
0.0022484555
0.0022197082
0.0021907708
0.0021606775
0.0021296503
0.0020983259
0.0020671378
0.0020349447
0.0020010739
0.0019666116
0.0019321273
0.0018965924
0.0018590886
0.0018205649
0.0017816881
0.0026720644
0.0026467018
0.0026208555
0.0025952396
0.0025704984
0.002545444
0.0025190816
0.0024928283
0.0024670596
0.0024413545
0.0024146886
0.0023874056
0.0023600588
0.0023333207
0.0023061127
0.0022773869
0.0022484913
0.0022197427
0.0021908039
0.0021607094
0.002129681
0.0020983554
0.0020671662
0.0020349719
0.0020011
0.0019666366
0.0019321513
0.0018966154
0.0018591106
0.0018205861
0.0017817084
0.002696699
0.0026721416
0.002646776
0.0026209269
0.0025953083
0.0025705646
0.0025455076
0.0025191429
0.0024928873
0.0024671164
0.0024414091
0.0024147412
0.0023874563
0.0023601076
0.0023333678
0.002306158
0.0022774304
0.0022485333
0.002219783
0.0021908428
0.0021607467
0.0021297169
0.00209839
0.0020671994
0.0020350038
0.0020011307
0.001966666
0.0019321795
0.0018966424
0.0018591365
0.0018206109
0.0017817322
0.0026967933
0.0026722323
0.0026468631
0.0026210107
0.002595389
0.0025706422
0.0025455823
0.0025192148
0.0024929565
0.0024671831
0.0024414733
0.002414803
0.0023875159
0.0023601649
0.002333423
0.0023062111
0.0022774816
0.0022485825
0.0022198304
0.0021908883
0.0021607906
0.0021297591
0.0020984305
0.0020672384
0.0020350412
0.0020011666
0.0019667005
0.0019322126
0.0018966742
0.001859167
0.00182064
0.0017817601
0.0026969046
0.0026723392
0.0026469659
0.0026211096
0.0025954841
0.0025707337
0.0025456704
0.0025192995
0.0024930381
0.0024672617
0.002441549
0.0024148759
0.002387586
0.0023602325
0.002333488
0.0023062738
0.0022775418
0.0022486405
0.0022198863
0.0021909421
0.0021608422
0.0021298087
0.0020984783
0.0020672843
0.0020350854
0.002001209
0.0019667412
0.0019322516
0.0018967116
0.0018592028
0.0018206744
0.001781793
0.0026970354
0.0026724649
0.0026470867
0.0026212258
0.002595596
0.0025708414
0.0025457739
0.0025193991
0.0024931341
0.0024673541
0.0024416379
0.0024149615
0.0023876684
0.0023603119
0.0023335645
0.0023063474
0.0022776127
0.0022487087
0.0022199519
0.0021910052
0.002160903
0.0021298671
0.0020985344
0.0020673383
0.0020351372
0.0020012588
0.001966789
0.0019322975
0.0018967556
0.001859245
0.0018207148
0.0017818318
)
;

boundaryField
{
    bottom
    {
        type            zeroGradient;
    }
    back
    {
        type            empty;
    }
    front
    {
        type            empty;
    }
    inlet
    {
        type            zeroGradient;
    }
    outlet
    {
        type            fixedValue;
        value           nonuniform List<scalar> 0();
    }
    top
    {
        type            zeroGradient;
    }
    slipsurface
    {
        type            slip;
    }
    procBoundary8to0
    {
        type            processor;
        value           nonuniform List<scalar> 
23
(
0.0026962549
0.0026962567
0.0026962588
0.0026962609
0.0026962631
0.0026962654
0.002696268
0.0026962708
0.0026962742
0.0026962784
0.0026962839
0.0026962912
0.0026963008
0.0026963135
0.0026963296
0.0026963496
0.0026963747
0.0026964059
0.0026964447
0.0026964924
0.0026965501
0.0026966187
0.0026966187
)
;
    }
    procBoundary8to1
    {
        type            processor;
        value           nonuniform List<scalar> 4(0.0027216246 0.0027217228 0.0027218385 0.0027219747);
    }
    procBoundary8to9
    {
        type            processor;
        value           nonuniform List<scalar> 
32
(
0.0026971889
0.0026726123
0.0026472283
0.002621362
0.002595727
0.0025709675
0.0025458953
0.0025195159
0.0024932465
0.0024674624
0.0024417422
0.0024150618
0.0023877651
0.002360405
0.0023336541
0.0023064336
0.0022776957
0.0022487886
0.0022200288
0.0021910792
0.0021609741
0.0021299356
0.0020986003
0.0020674015
0.002035198
0.0020013171
0.001966845
0.0019323513
0.0018968072
0.0018592944
0.0018207622
0.0017818771
)
;
    }
    procBoundary8to10
    {
        type            processor;
        value           nonuniform List<scalar> 
25
(
0.0017816017
0.0017816023
0.0017816023
0.0017413232
0.0017413238
0.0017413245
0.0017413251
0.0017413259
0.0017413267
0.0017413277
0.0017413289
0.0017413304
0.0017413323
0.0017413349
0.0017413384
0.0017413429
0.0017413485
0.0017413555
0.0017413642
0.001741375
0.0017413883
0.0017414046
0.0017414239
0.0017414467
0.0017414734
)
;
    }
    procBoundary8to11
    {
        type            processor;
        value           nonuniform List<scalar> 2(0.001741505 0.001741542);
    }
}


// ************************************************************************* //
