/*--------------------------------*- C++ -*----------------------------------*\
  =========                 |
  \\      /  F ield         | OpenFOAM: The Open Source CFD Toolbox
   \\    /   O peration     | Website:  https://openfoam.org
    \\  /    A nd           | Version:  12
     \\/     M anipulation  |
\*---------------------------------------------------------------------------*/
FoamFile
{
    format      ascii;
    class       surfaceScalarField;
    location    "1500";
    object      phi;
}
// * * * * * * * * * * * * * * * * * * * * * * * * * * * * * * * * * * * * * //

dimensions      [0 3 -1 0 0 0 0];

internalField   nonuniform List<scalar> 
886
(
0.00078250762
8.8480686e-06
-0.00079135569
0.00077194556
1.0562061e-05
0.00076079494
1.1150618e-05
0.0007496034
1.1191542e-05
0.00073861957
1.0983831e-05
0.00072802523
1.059434e-05
0.00071785024
1.0174985e-05
0.0007080355
9.8147394e-06
0.0006985143
9.521207e-06
0.00068916924
9.3450575e-06
0.00067988912
9.2801192e-06
0.00067061786
9.2712641e-06
0.00066134437
9.2734825e-06
0.00065208165
9.2627275e-06
0.00064285625
9.2253927e-06
0.0006337147
9.1415495e-06
8.9732965e-06
0.00082550448
8.0470691e-06
-0.00082470348
0.000826003
1.0063538e-05
0.00082623479
1.091883e-05
0.00082611963
1.1306698e-05
0.00082532006
1.1783408e-05
0.00082380485
1.2109551e-05
0.00082164977
1.2330065e-05
0.00081890918
1.2555322e-05
0.00081566849
1.2761899e-05
0.00081203272
1.2980827e-05
0.00080811773
1.3195113e-05
0.00080397836
1.3410631e-05
0.00079963604
1.3615809e-05
0.00079509853
1.3800232e-05
0.0007903649
1.3959023e-05
0.00078542941
1.4077041e-05
1.4140189e-05
0.00085293063
7.6018074e-06
-0.00085248537
0.00085335887
9.6352945e-06
0.00085371999
1.0557711e-05
0.00085400889
1.1017793e-05
0.00085429842
1.1493879e-05
0.0008545288
1.1879174e-05
0.00085465644
1.2202421e-05
0.00085468221
1.2529559e-05
0.00085460905
1.2835055e-05
0.0008544261
1.3163774e-05
0.00085412532
1.3495897e-05
0.00085370098
1.3834976e-05
0.00085313973
1.4177055e-05
0.00085243038
1.4509582e-05
0.00085155838
1.4831026e-05
0.00085050506
1.5130362e-05
1.5404587e-05
0.00088146395
7.2577726e-06
-0.00088111991
0.00088189509
9.204153e-06
0.00088225609
1.0196716e-05
0.00088254823
1.0725643e-05
0.00088281763
1.1224483e-05
0.00088303339
1.166341e-05
0.0008832162
1.2019613e-05
0.00088337723
1.2368531e-05
0.00088351399
1.2698292e-05
0.00088364801
1.3029754e-05
0.00088377767
1.3366237e-05
0.00088388903
1.372362e-05
0.00088398108
1.4085007e-05
0.00088405381
1.4436843e-05
0.00088410417
1.4780666e-05
0.00088412737
1.5107165e-05
1.5413774e-05
0.00091100783
6.970074e-06
-0.00091072013
0.00091140919
8.802785e-06
0.00091175287
9.8530445e-06
0.00091203214
1.0446372e-05
0.00091228605
1.0970573e-05
0.00091250317
1.1446288e-05
0.00091268699
1.1835793e-05
0.00091285463
1.2200892e-05
0.00091300502
1.2547904e-05
0.00091314459
1.2890185e-05
0.00091327286
1.3237962e-05
0.00091339727
1.3599207e-05
0.00091351748
1.3964798e-05
0.00091363212
1.4322203e-05
0.00091374251
1.4670282e-05
0.00091384802
1.5001652e-05
1.5315308e-05
0.00094154208
6.731379e-06
-0.00094130338
0.00094190318
8.4416863e-06
0.00094223161
9.5246122e-06
0.00094250545
1.0172533e-05
0.00094275579
1.0720232e-05
0.00094297844
1.1223637e-05
0.00094316817
1.1646067e-05
0.00094333975
1.2029315e-05
0.00094349377
1.2393882e-05
0.00094363451
1.2749447e-05
0.00094376398
1.310849e-05
0.00094388883
1.3474349e-05
0.00094400994
1.3843693e-05
0.00094412667
1.4205477e-05
0.00094424037
1.4556574e-05
0.00094435034
1.4891684e-05
1.5209725e-05
0.00097309726
6.532446e-06
-0.00097289833
0.00097342064
8.1183082e-06
0.00097373507
9.2101867e-06
0.00097400395
9.9036529e-06
0.00097424923
1.0474946e-05
0.00097447151
1.1001357e-05
0.0009746643
1.1453285e-05
0.00097483756
1.1856049e-05
0.00097499509
1.2236351e-05
0.00097513903
1.2605513e-05
0.00097527311
1.2974409e-05
0.00097540149
1.3345971e-05
0.00097552618
1.3718997e-05
0.00097564644
1.4085215e-05
0.00097576327
1.4439746e-05
0.00097587588
1.4779072e-05
1.5101924e-05
0.0010057076
6.3640645e-06
-0.0010055392
0.0010059966
7.8293135e-06
0.0010062948
8.9119379e-06
0.001006557
9.6415276e-06
0.0010067964
1.0235513e-05
0.0010070172
1.0780576e-05
0.001007213
1.1257447e-05
0.0010073895
1.167959e-05
0.0010075509
1.2074882e-05
0.0010076993
1.2457124e-05
0.0010078382
1.2835513e-05
0.0010079704
1.3213806e-05
0.0010080983
1.3591061e-05
0.0010082219
1.3961673e-05
0.0010083416
1.4320036e-05
0.0010084569
1.4663747e-05
1.4991384e-05
0.0010394071
6.2191092e-06
-0.0010392621
0.001039665
7.5714426e-06
0.0010399455
8.6314411e-06
0.0010402001
9.3869235e-06
0.0010404342
1.0001367e-05
0.0010406532
1.0561619e-05
0.0010408513
1.1059308e-05
0.0010410306
1.1500271e-05
0.0010411953
1.1910239e-05
0.0010413474
1.2304986e-05
0.00104149
1.2692974e-05
0.0010416257
1.3078094e-05
0.0010417566
1.3460129e-05
0.0010418834
1.3834855e-05
0.0010420061
1.4197337e-05
0.0010421245
1.4545406e-05
1.4877741e-05
0.0010742313
6.0923634e-06
-0.0010741045
0.0010744615
7.3411557e-06
0.0010747238
8.3692038e-06
0.0010749702
9.1405065e-06
0.0010751992
9.7723866e-06
0.0010754156
1.0345215e-05
0.0010756148
1.0860085e-05
0.0010757964
1.1318631e-05
0.0010759639
1.1742774e-05
0.0010761195
1.2149356e-05
0.0010762658
1.2546728e-05
0.0010764051
1.2938738e-05
0.0010765395
1.3325754e-05
0.0010766697
1.3704701e-05
0.0010767955
1.4071484e-05
0.001076917
1.4423977e-05
1.4761016e-05
0.0011102171
5.9799733e-06
-0.0011101047
0.0011104233
7.1349183e-06
0.0011106675
8.1250835e-06
0.0011109049
8.903052e-06
0.0011111286
9.5487425e-06
0.0011113419
1.0131906e-05
0.0011115413
1.0660673e-05
0.0011117249
1.1135037e-05
0.001111895
1.1572673e-05
0.0011120539
1.199045e-05
0.0011122037
1.2396918e-05
0.0011123466
1.2795853e-05
0.0011124843
1.3188047e-05
0.0011126176
1.3571394e-05
0.0011127465
1.3942569e-05
0.0011128709
1.4299538e-05
1.464127e-05
0.0011474032
5.8790317e-06
-0.0011473022
0.0011475886
6.9494494e-06
0.0011478153
7.8984658e-06
0.0011480431
8.6752179e-06
0.0011482612
9.3306719e-06
0.001148471
9.9220392e-06
0.0011486699
1.0461811e-05
0.0011488549
1.0949978e-05
0.0011490274
1.1400255e-05
0.0011491892
1.18286e-05
0.0011493423
1.2243795e-05
0.0011494886
1.2649596e-05
0.0011496295
1.3047091e-05
0.001149766
1.3434952e-05
0.001149898
1.3810555e-05
0.0011500255
1.4172033e-05
1.4518443e-05
0.0011858295
5.787313e-06
-0.0011857377
0.0011859971
6.7818266e-06
0.0011862071
7.688395e-06
0.0011864249
8.4574489e-06
0.0011866371
9.1184662e-06
0.0011868433
9.7159058e-06
0.0011870409
1.0264155e-05
0.0011872269
1.0764015e-05
0.0011874013
1.1225871e-05
0.0011875657
1.1664111e-05
0.001187722
1.2087585e-05
0.0011878714
1.2500103e-05
0.0011880156
1.2902946e-05
0.0011881551
1.3295397e-05
0.0011882902
1.3675458e-05
0.0011884208
1.404147e-05
1.4392551e-05
0.0012255374
5.7030958e-06
-0.0012254532
0.0012256897
6.6295063e-06
0.0012258844
7.4937051e-06
0.0012260919
8.2499612e-06
0.0012262979
8.9124402e-06
0.0012265
9.5137743e-06
0.0012266959
1.0068258e-05
0.0012268823
1.0577699e-05
0.0012270582
1.1049891e-05
0.0012272251
1.1497285e-05
0.0012273841
1.1928537e-05
0.0012275367
1.2347542e-05
0.0012276839
1.2755715e-05
0.0012278265
1.3152795e-05
0.0012279646
1.3537322e-05
0.0012280982
1.3907871e-05
1.4263605e-05
0.0012665699
5.6250345e-06
-0.0012664918
0.0012667091
6.4903046e-06
0.0012668896
7.3131295e-06
0.0012670868
8.0527545e-06
0.0012672864
8.7128863e-06
0.0012674843
9.3158956e-06
0.001267678
9.8745815e-06
0.0012678641
1.0391562e-05
0.0012680413
1.0872711e-05
0.0012682101
1.1328438e-05
0.0012683717
1.1766918e-05
0.0012685272
1.2192108e-05
0.0012686774
1.260552e-05
0.0012688229
1.300722e-05
0.0012689641
1.3396196e-05
0.0012691007
1.3771258e-05
1.4131618e-05
0.0013089712
5.5520651e-06
-0.0013088983
0.0013090992
6.3623605e-06
0.0013092669
7.1453834e-06
0.001309454
7.8656407e-06
0.0013096469
8.5200377e-06
0.0013098403
9.1225062e-06
0.0013100313
9.6835137e-06
0.0013102168
1.0206101e-05
0.0013103948
1.0694749e-05
0.0013105653
1.11579e-05
0.0013107292
1.1603008e-05
0.0013108873
1.2034014e-05
0.0013110403
1.2452503e-05
0.0013111888
1.2858763e-05
0.0013113328
1.3252141e-05
0.0013114724
1.3631671e-05
0.0013116074
1.399662e-05
1.434651e-05
0.0013527873
-0.0013527186
0.0013529056
0.0013530618
0.0013532391
0.0013534251
0.0013536138
0.0013538019
0.0013539863
0.0013541646
0.0013543365
0.0013545024
0.0013546629
0.0013548186
0.0013549698
0.0013551167
0.0013552592
0.0013553972
0.00080125076
7.8833375e-08
0.00080115491
9.5846435e-08
0.00080098252
1.7239116e-07
0.0008007581
2.2442728e-07
0.00080049121
2.6688907e-07
0.00080015808
3.3313124e-07
0.00079977865
3.7942541e-07
0.00079916642
6.1222939e-07
0.00079809002
1.076403e-06
6.7343297e-06
0.00082800215
1.6351007e-07
0.00082790533
1.926632e-07
0.00082772686
3.5086796e-07
0.00082749546
4.5582252e-07
0.00082721759
5.4476134e-07
0.00082688126
6.6946418e-07
0.00082646419
7.9649008e-07
0.00082588165
1.1947753e-06
0.00082473131
2.2267423e-06
6.7621568e-06
0.00085564978
2.5124563e-07
0.00085554996
2.9247823e-07
0.00085536556
5.3526957e-07
0.00085512662
6.9476272e-07
0.00085483944
8.3194394e-07
0.00085449277
1.0161323e-06
0.00085406062
1.2286428e-06
0.00085345271
1.8026843e-06
0.00085256252
3.1169273e-06
6.8393145e-06
0.0008842206
3.4212772e-07
0.00088411768
3.9539924e-07
0.00088392718
7.2576712e-07
0.00088368053
9.4141515e-07
0.00088338381
1.128665e-06
0.00088302705
1.372888e-06
0.00088258016
1.6755322e-06
0.00088197641
2.4064417e-06
0.00088123197
3.8613632e-06
6.9513699e-06
0.00091374545
4.362413e-07
0.00091363931
5.0153998e-07
0.00091344256
9.2251892e-07
0.00091318797
1.1960063e-06
0.00091288173
1.4349068e-06
0.00091251455
1.7400634e-06
0.00091205633
2.1337583e-06
0.00091146917
2.9935958e-06
0.00091082516
4.5053783e-06
7.0564003e-06
0.0009442562
5.3367217e-07
0.00094414672
6.1101628e-07
0.00094394355
1.1256898e-06
0.00094368082
1.4587355e-06
0.00094336504
1.7506869e-06
0.00094298755
2.1175556e-06
0.00094252128
2.6000288e-06
0.00094195552
3.5593544e-06
0.0009413919
5.0689975e-06
7.1449137e-06
0.00097578575
6.3450695e-07
0.00097567282
7.2394547e-07
0.00097546305
1.3354522e-06
0.00097519202
1.7297686e-06
0.00097486665
2.0760547e-06
0.00097447932
2.5048937e-06
0.00097400801
3.0713333e-06
0.00097346483
4.1025389e-06
0.00097297088
5.5629468e-06
7.2174594e-06
0.0010083681
7.388321e-07
0.0010082516
8.4044929e-07
0.0010080351
1.5519775e-06
0.0010077556
2.0092626e-06
0.0010074207
2.4110093e-06
0.0010070241
2.9014415e-06
0.0010065503
3.5451522e-06
0.0010060309
4.6218992e-06
0.0010055979
5.9959673e-06
7.2761456e-06
0.0010420385
8.4673363e-07
0.0010419183
9.6065368e-07
0.0010416948
1.7754354e-06
0.0010414067
2.2973607e-06
0.0010410623
2.7554921e-06
0.0010406572
3.3064731e-06
0.0010401833
4.019122e-06
0.0010396887
5.1164773e-06
0.0010393088
6.3758501e-06
7.3227972e-06
0.0010768332
9.5829665e-07
0.0010767092
1.0846889e-06
0.0010764786
2.0059941e-06
0.0010761818
2.5941887e-06
0.0010758279
3.1093905e-06
0.0010754152
3.7191629e-06
0.0010749433
4.4910363e-06
0.001074474
5.5857322e-06
0.0010741405
6.7093365e-06
7.3588205e-06
0.0011127898
1.0736049e-06
0.0011126618
1.2126896e-06
0.0011124239
2.243818e-06
0.0011121183
2.899852e-06
0.0011117551
3.4725334e-06
0.0011113357
4.1385936e-06
0.0011108679
4.958868e-06
0.0011104241
6.0294557e-06
0.0011101313
7.0021936e-06
7.3854026e-06
0.001149947
1.1927404e-06
0.0011498149
1.3447953e-06
0.0011495696
2.4890675e-06
0.0011492551
3.2144328e-06
0.0011488829
3.8446883e-06
0.0011484577
4.5637703e-06
0.0011479958
5.4207686e-06
0.0011475776
6.4477032e-06
0.0011473204
7.2593695e-06
7.4035899e-06
0.001188345
1.3157823e-06
0.0011882087
1.4811501e-06
0.0011879558
2.7418972e-06
0.0011876323
3.5379869e-06
0.0011872514
4.2255594e-06
0.0011868215
4.9936335e-06
0.0011863672
5.8750636e-06
0.0011859742
6.8407473e-06
0.0011857484
7.4851188e-06
7.4143053e-06
0.0012280252
1.442807e-06
0.0012278845
1.6219032e-06
0.0012276239
3.0024544e-06
0.0012272914
3.8705402e-06
0.0012269021
4.6147858e-06
0.0012264687
5.4270712e-06
0.0012260235
6.3202479e-06
0.0012256552
7.2090374e-06
0.0012254572
7.6831019e-06
7.4183642e-06
0.0012690304
1.5738864e-06
0.0012688851
1.7672092e-06
0.0012686167
3.2708777e-06
0.0012682752
4.2120852e-06
0.001267878
5.0119409e-06
0.0012674422
5.8629313e-06
0.0012670074
6.7549818e-06
0.0012666633
7.5531637e-06
0.0012664899
7.8564705e-06
7.4164888e-06
0.001311405
1.7090877e-06
0.0013112549
1.9172279e-06
0.0013109785
3.5472951e-06
0.001310628
4.5625783e-06
0.0013102234
5.4165327e-06
0.0013097863
6.3000339e-06
0.0013093632
7.178085e-06
0.0013090426
7.8738252e-06
0.0013088911
8.007942e-06
7.4093199e-06
0.0013551945
1.8484722e-06
0.0013550396
2.0721248e-06
0.001354755
3.8318221e-06
0.0013543957
4.9219359e-06
0.0013539842
5.8280037e-06
0.0013535471
0.0013531366
0.0013528386
0.0013527067
0.0014004462
0.0014002863
0.0013999936
0.0013996255
)
;

boundaryField
{
    inlet
    {
        type            calculated;
        value           nonuniform List<scalar> 
18
(
-0.00080132959
-0.00082808683
-0.00085573751
-0.00088431148
-0.00091383957
-0.00094435363
-0.00097588658
-0.0010084725
-0.0010421464
-0.0010769448
-0.0011129051
-0.0011500661
-0.0011884681
-0.0012281522
-0.0012691615
-0.0013115402
-0.0013553338
-0.0014005899
)
;
    }
    top
    {
        type            calculated;
        value           nonuniform List<scalar> 0();
    }
    outlet
    {
        type            calculated;
        value           nonuniform List<scalar> 0();
    }
    slipsurface
    {
        type            calculated;
        value           uniform 0;
    }
    bottom
    {
        type            calculated;
        value           uniform 0;
    }
    frontandback
    {
        type            empty;
    }
    procBoundary7to5
    {
        type            processor;
        value           nonuniform List<scalar> 
18
(
0.00062474141
0.00078026252
0.00084924066
0.00088411818
0.00091394649
0.00094445592
0.00097598369
0.0010085674
0.0010422381
0.0010770337
0.0011129907
0.0011501483
0.0011885467
0.0012282272
0.0012692327
-1.4476842e-05
0.0013117378
0.0013555305
)
;
    }
    procBoundary7to6
    {
        type            processor;
        value           nonuniform List<scalar> 
29
(
5.4833384e-06
6.2440956e-06
6.9892184e-06
7.6882818e-06
8.3340476e-06
8.9338232e-06
9.4953873e-06
1.0021769e-05
1.0516424e-05
1.0986013e-05
1.1437093e-05
1.1873488e-05
1.2296824e-05
1.2707534e-05
1.3105236e-05
1.3489165e-05
1.3858648e-05
1.421318e-05
6.7371812e-06
7.5885277e-06
8.1718017e-06
8.1398631e-06
7.3974237e-06
1.9920932e-06
2.2320769e-06
4.1245644e-06
5.2900323e-06
0.0013992077
6.2457361e-06
)
;
    }
}


// ************************************************************************* //
